0.896, -1.813e-5, 9.359e-6, 2.749e-5, -1.878e-6, -1.724e-6, -2.033e-6, -1.745e-5, 8.974e-6, 2.642e-5, -1.697e-6, -1.549e-6, -1.846e-6, -1.688e-5, 8.753e-6, 2.563e-5, -1.845e-6, -1.693e-6, -1.997e-6, -1.812e-5, 9.108e-6, 2.723e-5, -2.054e-6, -1.891e-6, -2.217e-6
0.892, -1.544e-5, 6.876e-6, 2.232e-5, -2.571e-6, -2.414e-6, -2.728e-6, -1.482e-5, 6.595e-6, 2.141e-5, -2.362e-6, -2.211e-6, -2.512e-6, -1.436e-5, 6.367e-6, 2.072e-5, -2.494e-6, -2.349e-6, -2.640e-6, -1.534e-5, 6.563e-6, 2.190e-5, -2.768e-6, -2.616e-6, -2.921e-6
0.888, -1.332e-5, 5.369e-6, 1.869e-5, -3.152e-6, -3.039e-6, -3.265e-6, -1.276e-5, 5.148e-6, 1.791e-5, -2.922e-6, -2.812e-6, -3.031e-6, -1.237e-5, 4.948e-6, 1.732e-5, -3.022e-6, -2.920e-6, -3.124e-6, -1.317e-5, 5.070e-6, 1.824e-5, -3.324e-6, -3.225e-6, -3.423e-6
0.884, -1.168e-5, 4.300e-6, 1.598e-5, -3.547e-6, -3.483e-6, -3.611e-6, -1.117e-5, 4.126e-6, 1.530e-5, -3.304e-6, -3.241e-6, -3.367e-6, -1.082e-5, 3.953e-6, 1.478e-5, -3.365e-6, -3.305e-6, -3.424e-6, -1.148e-5, 4.039e-6, 1.552e-5, -3.671e-6, -3.617e-6, -3.724e-6
0.880, -1.037e-5, 3.490e-6, 1.386e-5, -3.777e-6, -3.747e-6, -3.806e-6, -9.895e-6, 3.361e-6, 1.326e-5, -3.526e-6, -3.493e-6, -3.559e-6, -9.600e-6, 3.202e-6, 1.280e-5, -3.549e-6, -3.525e-6, -3.573e-6, -1.017e-5, 3.257e-6, 1.342e-5, -3.844e-6, -3.830e-6, -3.858e-6
0.876, -9.323e-6, 2.844e-6, 1.217e-5, -3.882e-6, -3.878e-6, -3.885e-6, -8.884e-6, 2.745e-6, 1.163e-5, -3.627e-6, -3.619e-6, -3.634e-6, -8.608e-6, 2.610e-6, 1.122e-5, -3.624e-6, -3.618e-6, -3.630e-6, -9.102e-6, 2.644e-6, 1.175e-5, -3.906e-6, -3.914e-6, -3.899e-6
0.872, -8.450e-6, 2.317e-6, 1.077e-5, -3.898e-6, -3.910e-6, -3.886e-6, -8.047e-6, 2.244e-6, 1.029e-5, -3.642e-6, -3.652e-6, -3.631e-6, -7.798e-6, 2.120e-6, 9.918e-6, -3.620e-6, -3.633e-6, -3.606e-6, -8.233e-6, 2.140e-6, 1.037e-5, -3.888e-6, -3.912e-6, -3.864e-6
0.868, -7.721e-6, 1.872e-6, 9.593e-6, -3.857e-6, -3.881e-6, -3.832e-6, -7.359e-6, 1.816e-6, 9.175e-6, -3.601e-6, -3.626e-6, -3.576e-6, -7.122e-6, 1.713e-6, 8.835e-6, -3.565e-6, -3.588e-6, -3.543e-6, -7.503e-6, 1.725e-6, 9.228e-6, -3.817e-6, -3.848e-6, -3.785e-6
0.864, -7.110e-6, 1.495e-6, 8.605e-6, -3.773e-6, -3.806e-6, -3.739e-6, -6.770e-6, 1.456e-6, 8.226e-6, -3.521e-6, -3.550e-6, -3.493e-6, -6.551e-6, 1.362e-6, 7.913e-6, -3.478e-6, -3.508e-6, -3.448e-6, -6.893e-6, 1.368e-6, 8.260e-6, -3.711e-6, -3.751e-6, -3.672e-6
0.860, -6.584e-6, 1.167e-6, 7.751e-6, -3.662e-6, -3.697e-6, -3.627e-6, -6.278e-6, 1.140e-6, 7.418e-6, -3.414e-6, -3.450e-6, -3.378e-6, -6.067e-6, 1.057e-6, 7.124e-6, -3.367e-6, -3.403e-6, -3.331e-6, -6.373e-6, 1.054e-6, 7.428e-6, -3.590e-6, -3.630e-6, -3.549e-6
0.856, -6.142e-6, 8.737e-7, 7.015e-6, -3.535e-6, -3.577e-6, -3.493e-6, -5.848e-6, 8.668e-7, 6.715e-6, -3.296e-6, -3.334e-6, -3.258e-6, -5.644e-6, 7.930e-7, 6.437e-6, -3.246e-6, -3.281e-6, -3.211e-6, -5.929e-6, 7.788e-7, 6.708e-6, -3.450e-6, -3.495e-6, -3.406e-6
0.852, -5.744e-6, 6.229e-7, 6.367e-6, -3.399e-6, -3.444e-6, -3.354e-6, -5.466e-6, 6.273e-7, 6.094e-6, -3.166e-6, -3.205e-6, -3.128e-6, -5.275e-6, 5.639e-7, 5.839e-6, -3.112e-6, -3.146e-6, -3.077e-6, -5.535e-6, 5.429e-7, 6.078e-6, -3.309e-6, -3.353e-6, -3.266e-6
0.848, -5.384e-6, 4.012e-7, 5.785e-6, -3.258e-6, -3.302e-6, -3.213e-6, -5.127e-6, 4.172e-7, 5.544e-6, -3.035e-6, -3.077e-6, -2.993e-6, -4.953e-6, 3.540e-7, 5.307e-6, -2.979e-6, -3.017e-6, -2.942e-6, -5.187e-6, 3.324e-7, 5.519e-6, -3.163e-6, -3.207e-6, -3.119e-6
0.844, -5.065e-6, 2.134e-7, 5.279e-6, -3.112e-6, -3.153e-6, -3.071e-6, -4.822e-6, 2.309e-7, 5.053e-6, -2.903e-6, -2.944e-6, -2.861e-6, -4.662e-6, 1.727e-7, 4.835e-6, -2.847e-6, -2.887e-6, -2.807e-6, -4.880e-6, 1.485e-7, 5.028e-6, -3.015e-6, -3.057e-6, -2.973e-6
0.840, -4.773e-6, 4.217e-8, 4.815e-6, -2.968e-6, -3.009e-6, -2.927e-6, -4.540e-6, 7.319e-8, 4.613e-6, -2.766e-6, -2.803e-6, -2.729e-6, -4.386e-6, 2.535e-8, 4.411e-6, -2.712e-6, -2.750e-6, -2.675e-6, -4.594e-6, -1.120e-8, 4.582e-6, -2.874e-6, -2.918e-6, -2.831e-6
0.836, -4.499e-6, -1.000e-7, 4.399e-6, -2.826e-6, -2.867e-6, -2.785e-6, -4.280e-6, -6.436e-8, 4.215e-6, -2.636e-6, -2.676e-6, -2.596e-6, -4.138e-6, -1.134e-7, 4.025e-6, -2.583e-6, -2.620e-6, -2.546e-6, -4.327e-6, -1.467e-7, 4.180e-6, -2.732e-6, -2.774e-6, -2.690e-6
0.832, -4.238e-6, -2.221e-7, 4.016e-6, -2.687e-6, -2.728e-6, -2.647e-6, -4.030e-6, -1.807e-7, 3.849e-6, -2.510e-6, -2.546e-6, -2.473e-6, -3.905e-6, -2.290e-7, 3.676e-6, -2.458e-6, -2.496e-6, -2.420e-6, -4.079e-6, -2.658e-7, 3.813e-6, -2.598e-6, -2.637e-6, -2.559e-6
0.828, -3.999e-6, -3.291e-7, 3.670e-6, -2.553e-6, -2.593e-6, -2.512e-6, -3.800e-6, -2.818e-7, 3.518e-6, -2.384e-6, -2.421e-6, -2.347e-6, -3.683e-6, -3.220e-7, 3.361e-6, -2.333e-6, -2.367e-6, -2.299e-6, -3.846e-6, -3.614e-7, 3.484e-6, -2.464e-6, -2.503e-6, -2.425e-6
0.824, -3.762e-6, -4.111e-7, 3.351e-6, -2.422e-6, -2.460e-6, -2.385e-6, -3.568e-6, -3.591e-7, 3.209e-6, -2.264e-6, -2.298e-6, -2.230e-6, -3.471e-6, -4.054e-7, 3.065e-6, -2.215e-6, -2.247e-6, -2.182e-6, -3.616e-6, -4.413e-7, 3.175e-6, -2.338e-6, -2.373e-6, -2.303e-6
0.820, -3.542e-6, -4.839e-7, 3.058e-6, -2.295e-6, -2.333e-6, -2.257e-6, -3.353e-6, -4.245e-7, 2.928e-6, -2.146e-6, -2.179e-6, -2.112e-6, -3.264e-6, -4.688e-7, 2.795e-6, -2.103e-6, -2.134e-6, -2.071e-6, -3.405e-6, -5.114e-7, 2.894e-6, -2.216e-6, -2.251e-6, -2.182e-6
0.816, -3.321e-6, -5.358e-7, 2.785e-6, -2.177e-6, -2.214e-6, -2.141e-6, -3.143e-6, -4.777e-7, 2.665e-6, -2.036e-6, -2.067e-6, -2.005e-6, -3.078e-6, -5.288e-7, 2.549e-6, -1.992e-6, -2.022e-6, -1.962e-6, -3.200e-6, -5.625e-7, 2.638e-6, -2.097e-6, -2.131e-6, -2.063e-6
0.812, -3.124e-6, -5.855e-7, 2.539e-6, -2.061e-6, -2.094e-6, -2.027e-6, -2.949e-6, -5.210e-7, 2.428e-6, -1.928e-6, -1.959e-6, -1.897e-6, -2.892e-6, -5.704e-7, 2.321e-6, -1.889e-6, -1.917e-6, -1.860e-6, -3.006e-6, -6.064e-7, 2.400e-6, -1.988e-6, -2.022e-6, -1.955e-6
0.808, -2.923e-6, -6.179e-7, 2.305e-6, -1.953e-6, -1.984e-6, -1.922e-6, -2.758e-6, -5.518e-7, 2.206e-6, -1.828e-6, -1.857e-6, -1.798e-6, -2.723e-6, -6.033e-7, 2.119e-6, -1.787e-6, -1.816e-6, -1.758e-6, -2.815e-6, -6.368e-7, 2.178e-6, -1.885e-6, -1.916e-6, -1.855e-6
0.804, -2.739e-6, -6.422e-7, 2.097e-6, -1.847e-6, -1.877e-6, -1.817e-6, -2.582e-6, -5.736e-7, 2.009e-6, -1.729e-6, -1.758e-6, -1.699e-6, -2.557e-6, -6.295e-7, 1.927e-6, -1.693e-6, -1.717e-6, -1.668e-6, -2.638e-6, -6.621e-7, 1.976e-6, -1.785e-6, -1.811e-6, -1.759e-6
0.800, -2.565e-6, -6.556e-7, 1.910e-6, -1.748e-6, -1.777e-6, -1.719e-6, -2.422e-6, -5.944e-7, 1.828e-6, -1.640e-6, -1.668e-6, -1.612e-6, -2.395e-6, -6.499e-7, 1.745e-6, -1.603e-6, -1.626e-6, -1.580e-6, -2.470e-6, -6.762e-7, 1.793e-6, -1.683e-6, -1.709e-6, -1.657e-6
0.796, -2.408e-6, -6.716e-7, 1.736e-6, -1.651e-6, -1.680e-6, -1.623e-6, -2.258e-6, -6.003e-7, 1.658e-6, -1.552e-6, -1.577e-6, -1.526e-6, -2.251e-6, -6.652e-7, 1.586e-6, -1.518e-6, -1.540e-6, -1.495e-6, -2.321e-6, -6.923e-7, 1.628e-6, -1.593e-6, -1.619e-6, -1.567e-6
0.792, -2.256e-6, -6.795e-7, 1.576e-6, -1.564e-6, -1.592e-6, -1.537e-6, -2.112e-6, -6.097e-7, 1.502e-6, -1.468e-6, -1.489e-6, -1.446e-6, -2.110e-6, -6.702e-7, 1.440e-6, -1.433e-6, -1.453e-6, -1.412e-6, -2.170e-6, -6.940e-7, 1.476e-6, -1.508e-6, -1.536e-6, -1.481e-6
0.788, -2.115e-6, -6.829e-7, 1.432e-6, -1.475e-6, -1.500e-6, -1.450e-6, -1.974e-6, -6.074e-7, 1.366e-6, -1.389e-6, -1.411e-6, -1.368e-6, -1.985e-6, -6.754e-7, 1.309e-6, -1.361e-6, -1.380e-6, -1.342e-6, -2.040e-6, -7.038e-7, 1.336e-6, -1.426e-6, -1.451e-6, -1.402e-6
0.784, -1.978e-6, -6.816e-7, 1.296e-6, -1.397e-6, -1.421e-6, -1.374e-6, -1.855e-6, -6.146e-7, 1.240e-6, -1.318e-6, -1.339e-6, -1.298e-6, -1.874e-6, -6.846e-7, 1.190e-6, -1.285e-6, -1.306e-6, -1.264e-6, -1.918e-6, -7.070e-7, 1.211e-6, -1.350e-6, -1.373e-6, -1.328e-6
0.780, -1.864e-6, -6.850e-7, 1.179e-6, -1.322e-6, -1.344e-6, -1.301e-6, -1.740e-6, -6.130e-7, 1.127e-6, -1.244e-6, -1.268e-6, -1.220e-6, -1.768e-6, -6.848e-7, 1.083e-6, -1.220e-6, -1.237e-6, -1.203e-6, -1.800e-6, -7.072e-7, 1.093e-6, -1.279e-6, -1.298e-6, -1.261e-6
0.776, -1.756e-6, -6.832e-7, 1.073e-6, -1.252e-6, -1.273e-6, -1.230e-6, -1.642e-6, -6.114e-7, 1.030e-6, -1.180e-6, -1.200e-6, -1.160e-6, -1.670e-6, -6.865e-7, 9.833e-7, -1.156e-6, -1.174e-6, -1.138e-6, -1.697e-6, -7.061e-7, 9.912e-7, -1.212e-6, -1.232e-6, -1.192e-6
0.772, -1.654e-6, -6.746e-7, 9.798e-7, -1.184e-6, -1.204e-6, -1.164e-6, -1.543e-6, -6.039e-7, 9.395e-7, -1.119e-6, -1.136e-6, -1.102e-6, -1.578e-6, -6.863e-7, 8.913e-7, -1.097e-6, -1.113e-6, -1.080e-6, -1.601e-6, -7.047e-7, 8.966e-7, -1.145e-6, -1.164e-6, -1.126e-6
0.768, -1.566e-6, -6.748e-7, 8.913e-7, -1.124e-6, -1.145e-6, -1.103e-6, -1.457e-6, -6.019e-7, 8.547e-7, -1.060e-6, -1.080e-6, -1.040e-6, -1.495e-6, -6.823e-7, 8.125e-7, -1.037e-6, -1.052e-6, -1.021e-6, -1.513e-6, -6.978e-7, 8.150e-7, -1.088e-6, -1.105e-6, -1.072e-6
0.764, -1.484e-6, -6.677e-7, 8.161e-7, -1.063e-6, -1.081e-6, -1.045e-6, -1.374e-6, -5.926e-7, 7.818e-7, -1.007e-6, -1.023e-6, -9.922e-7, -1.411e-6, -6.762e-7, 7.351e-7, -9.848e-7, -9.975e-7, -9.721e-7, -1.434e-6, -6.942e-7, 7.394e-7, -1.031e-6, -1.049e-6, -1.013e-6
0.760, -1.410e-6, -6.655e-7, 7.442e-7, -1.011e-6, -1.029e-6, -9.926e-7, -1.303e-6, -5.879e-7, 7.155e-7, -9.554e-7, -9.682e-7, -9.426e-7, -1.339e-6, -6.687e-7, 6.698e-7, -9.347e-7, -9.453e-7, -9.240e-7, -1.358e-6, -6.889e-7, 6.690e-7, -9.788e-7, -9.950e-7, -9.627e-7
0.756, -1.334e-6, -6.542e-7, 6.802e-7, -9.598e-7, -9.760e-7, -9.435e-7, -1.242e-6, -5.862e-7, 6.562e-7, -9.083e-7, -9.251e-7, -8.916e-7, -1.287e-6, -6.702e-7, 6.172e-7, -8.872e-7, -9.004e-7, -8.740e-7, -1.283e-6, -6.769e-7, 6.064e-7, -9.313e-7, -9.460e-7, -9.166e-7
0.752, -1.270e-6, -6.452e-7, 6.245e-7, -9.119e-7, -9.275e-7, -8.963e-7, -1.177e-6, -5.760e-7, 6.014e-7, -8.656e-7, -8.803e-7, -8.509e-7, -1.225e-6, -6.650e-7, 5.602e-7, -8.424e-7, -8.535e-7, -8.313e-7, -1.218e-6, -6.674e-7, 5.503e-7, -8.841e-7, -8.979e-7, -8.704e-7
0.748, -1.213e-6, -6.389e-7, 5.746e-7, -8.667e-7, -8.788e-7, -8.545e-7, -1.123e-6, -5.682e-7, 5.544e-7, -8.231e-7, -8.372e-7, -8.090e-7, -1.167e-6, -6.536e-7, 5.135e-7, -8.017e-7, -8.122e-7, -7.911e-7, -1.163e-6, -6.621e-7, 5.007e-7, -8.398e-7, -8.523e-7, -8.274e-7
0.744, -1.163e-6, -6.321e-7, 5.304e-7, -8.265e-7, -8.393e-7, -8.138e-7, -1.066e-6, -5.569e-7, 5.091e-7, -7.848e-7, -7.942e-7, -7.753e-7, -1.114e-6, -6.444e-7, 4.697e-7, -7.617e-7, -7.727e-7, -7.507e-7, -1.115e-6, -6.548e-7, 4.599e-7, -8.010e-7, -8.160e-7, -7.859e-7
0.740, -1.106e-6, -6.174e-7, 4.886e-7, -7.864e-7, -7.979e-7, -7.750e-7, -1.019e-6, -5.480e-7, 4.712e-7, -7.499e-7, -7.595e-7, -7.403e-7, -1.071e-6, -6.397e-7, 4.317e-7, -7.297e-7, -7.396e-7, -7.199e-7, -1.058e-6, -6.436e-7, 4.140e-7, -7.644e-7, -7.762e-7, -7.525e-7
0.736, -1.062e-6, -6.138e-7, 4.482e-7, -7.522e-7, -7.650e-7, -7.394e-7, -9.808e-7, -5.402e-7, 4.406e-7, -7.121e-7, -7.233e-7, -7.010e-7, -1.030e-6, -6.292e-7, 4.006e-7, -6.920e-7, -7.005e-7, -6.835e-7, -1.017e-6, -6.375e-7, 3.797e-7, -7.307e-7, -7.425e-7, -7.189e-7
0.732, -1.016e-6, -5.972e-7, 4.183e-7, -7.172e-7, -7.278e-7, -7.067e-7, -9.459e-7, -5.336e-7, 4.124e-7, -6.802e-7, -6.909e-7, -6.694e-7, -9.937e-7, -6.250e-7, 3.687e-7, -6.647e-7, -6.728e-7, -6.567e-7, -9.710e-7, -6.257e-7, 3.453e-7, -6.968e-7, -7.066e-7, -6.869e-7
0.728, -9.821e-7, -5.910e-7, 3.911e-7, -6.875e-7, -7.000e-7, -6.750e-7, -9.039e-7, -5.221e-7, 3.817e-7, -6.521e-7, -6.608e-7, -6.435e-7, -9.577e-7, -6.148e-7, 3.430e-7, -6.335e-7, -6.401e-7, -6.268e-7, -9.418e-7, -6.202e-7, 3.217e-7, -6.643e-7, -6.759e-7, -6.527e-7
0.724, -9.483e-7, -5.814e-7, 3.669e-7, -6.561e-7, -6.664e-7, -6.458e-7, -8.728e-7, -5.133e-7, 3.595e-7, -6.244e-7, -6.334e-7, -6.154e-7, -9.238e-7, -6.062e-7, 3.175e-7, -6.075e-7, -6.157e-7, -5.993e-7, -9.051e-7, -6.086e-7, 2.966e-7, -6.372e-7, -6.475e-7, -6.269e-7
0.720, -9.123e-7, -5.652e-7, 3.471e-7, -6.250e-7, -6.364e-7, -6.135e-7, -8.472e-7, -5.037e-7, 3.435e-7, -6.004e-7, -6.105e-7, -5.904e-7, -8.909e-7, -6.005e-7, 2.905e-7, -5.850e-7, -5.900e-7, -5.800e-7, -8.651e-7, -5.990e-7, 2.661e-7, -6.101e-7, -6.170e-7, -6.033e-7
0.716, -8.867e-7, -5.616e-7, 3.251e-7, -6.031e-7, -6.115e-7, -5.947e-7, -8.145e-7, -4.917e-7, 3.228e-7, -5.760e-7, -5.838e-7, -5.682e-7, -8.657e-7, -5.896e-7, 2.760e-7, -5.599e-7, -5.669e-7, -5.529e-7, -8.367e-7, -5.878e-7, 2.489e-7, -5.869e-7, -5.931e-7, -5.807e-7
0.712, -8.619e-7, -5.531e-7, 3.088e-7, -5.795e-7, -5.870e-7, -5.721e-7, -7.821e-7, -4.813e-7, 3.008e-7, -5.533e-7, -5.584e-7, -5.481e-7, -8.374e-7, -5.794e-7, 2.579e-7, -5.367e-7, -5.421e-7, -5.312e-7, -8.178e-7, -5.799e-7, 2.379e-7, -5.653e-7, -5.735e-7, -5.572e-7
0.708, -8.293e-7, -5.422e-7, 2.871e-7, -5.575e-7, -5.653e-7, -5.497e-7, -7.651e-7, -4.767e-7, 2.883e-7, -5.352e-7, -5.420e-7, -5.285e-7, -8.193e-7, -5.714e-7, 2.478e-7, -5.165e-7, -5.223e-7, -5.106e-7, -7.902e-7, -5.683e-7, 2.219e-7, -5.418e-7, -5.495e-7, -5.341e-7
0.704, -8.089e-7, -5.312e-7, 2.778e-7, -5.385e-7, -5.461e-7, -5.308e-7, -7.458e-7, -4.684e-7, 2.774e-7, -5.132e-7, -5.195e-7, -5.069e-7, -7.871e-7, -5.582e-7, 2.289e-7, -4.961e-7, -4.998e-7, -4.925e-7, -7.612e-7, -5.546e-7, 2.066e-7, -5.222e-7, -5.291e-7, -5.153e-7
0.700, -7.826e-7, -5.203e-7, 2.623e-7, -5.179e-7, -5.241e-7, -5.117e-7, -7.170e-7, -4.541e-7, 2.629e-7, -4.964e-7, -5.005e-7, -4.922e-7, -7.719e-7, -5.487e-7, 2.233e-7, -4.746e-7, -4.787e-7, -4.705e-7, -7.435e-7, -5.457e-7, 1.978e-7, -5.011e-7, -5.079e-7, -4.942e-7
0.696, -7.638e-7, -5.080e-7, 2.557e-7, -4.976e-7, -5.064e-7, -4.888e-7, -7.046e-7, -4.468e-7, 2.578e-7, -4.790e-7, -4.849e-7, -4.730e-7, -7.526e-7, -5.410e-7, 2.116e-7, -4.617e-7, -4.651e-7, -4.583e-7, -7.196e-7, -5.344e-7, 1.852e-7, -4.836e-7, -4.890e-7, -4.781e-7
0.692, -7.459e-7, -4.977e-7, 2.482e-7, -4.791e-7, -4.876e-7, -4.705e-7, -6.848e-7, -4.332e-7, 2.516e-7, -4.587e-7, -4.664e-7, -4.510e-7, -7.369e-7, -5.297e-7, 2.072e-7, -4.458e-7, -4.486e-7, -4.429e-7, -6.973e-7, -5.223e-7, 1.750e-7, -4.670e-7, -4.727e-7, -4.613e-7
0.688, -7.248e-7, -4.863e-7, 2.385e-7, -4.643e-7, -4.712e-7, -4.574e-7, -6.656e-7, -4.257e-7, 2.399e-7, -4.483e-7, -4.540e-7, -4.425e-7, -7.174e-7, -5.208e-7, 1.965e-7, -4.303e-7, -4.337e-7, -4.269e-7, -6.825e-7, -5.108e-7, 1.717e-7, -4.470e-7, -4.533e-7, -4.406e-7
0.684, -7.060e-7, -4.757e-7, 2.303e-7, -4.510e-7, -4.561e-7, -4.459e-7, -6.544e-7, -4.183e-7, 2.361e-7, -4.312e-7, -4.372e-7, -4.251e-7, -7.009e-7, -5.072e-7, 1.937e-7, -4.136e-7, -4.178e-7, -4.094e-7, -6.594e-7, -4.964e-7, 1.630e-7, -4.368e-7, -4.430e-7, -4.307e-7
0.680, -6.907e-7, -4.673e-7, 2.234e-7, -4.372e-7, -4.446e-7, -4.299e-7, -6.397e-7, -4.088e-7, 2.308e-7, -4.185e-7, -4.234e-7, -4.136e-7, -6.833e-7, -4.973e-7, 1.860e-7, -4.018e-7, -4.038e-7, -3.999e-7, -6.416e-7, -4.821e-7, 1.595e-7, -4.199e-7, -4.245e-7, -4.153e-7
0.676, -6.714e-7, -4.520e-7, 2.194e-7, -4.220e-7, -4.251e-7, -4.189e-7, -6.215e-7, -3.981e-7, 2.235e-7, -4.077e-7, -4.110e-7, -4.044e-7, -6.680e-7, -4.863e-7, 1.817e-7, -3.876e-7, -3.899e-7, -3.853e-7, -6.245e-7, -4.712e-7, 1.533e-7, -4.066e-7, -4.106e-7, -4.025e-7
0.672, -6.601e-7, -4.426e-7, 2.174e-7, -4.092e-7, -4.141e-7, -4.043e-7, -6.128e-7, -3.905e-7, 2.224e-7, -3.933e-7, -4.007e-7, -3.859e-7, -6.570e-7, -4.781e-7, 1.789e-7, -3.756e-7, -3.803e-7, -3.709e-7, -6.139e-7, -4.623e-7, 1.517e-7, -3.921e-7, -3.958e-7, -3.884e-7
0.668, -6.397e-7, -4.281e-7, 2.117e-7, -3.970e-7, -4.008e-7, -3.932e-7, -5.959e-7, -3.786e-7, 2.172e-7, -3.822e-7, -3.875e-7, -3.769e-7, -6.453e-7, -4.681e-7, 1.772e-7, -3.627e-7, -3.666e-7, -3.588e-7, -5.959e-7, -4.472e-7, 1.487e-7, -3.803e-7, -3.834e-7, -3.772e-7
0.664, -6.317e-7, -4.233e-7, 2.084e-7, -3.847e-7, -3.912e-7, -3.781e-7, -5.828e-7, -3.685e-7, 2.143e-7, -3.721e-7, -3.758e-7, -3.685e-7, -6.316e-7, -4.593e-7, 1.723e-7, -3.536e-7, -3.557e-7, -3.515e-7, -5.871e-7, -4.421e-7, 1.450e-7, -3.715e-7, -3.764e-7, -3.666e-7
0.660, -6.201e-7, -4.130e-7, 2.071e-7, -3.718e-7, -3.752e-7, -3.684e-7, -5.678e-7, -3.542e-7, 2.136e-7, -3.587e-7, -3.615e-7, -3.560e-7, -6.181e-7, -4.489e-7, 1.692e-7, -3.449e-7, -3.478e-7, -3.419e-7, -5.778e-7, -4.354e-7, 1.425e-7, -3.597e-7, -3.668e-7, -3.526e-7
0.656, -6.077e-7, -4.038e-7, 2.039e-7, -3.613e-7, -3.677e-7, -3.548e-7, -5.637e-7, -3.513e-7, 2.124e-7, -3.508e-7, -3.551e-7, -3.466e-7, -6.073e-7, -4.413e-7, 1.660e-7, -3.354e-7, -3.364e-7, -3.345e-7, -5.580e-7, -4.208e-7, 1.372e-7, -3.485e-7, -3.524e-7, -3.445e-7
0.652, -5.879e-7, -3.884e-7, 1.994e-7, -3.507e-7, -3.543e-7, -3.471e-7, -5.544e-7, -3.429e-7, 2.116e-7, -3.412e-7, -3.459e-7, -3.364e-7, -5.992e-7, -4.333e-7, 1.659e-7, -3.258e-7, -3.303e-7, -3.212e-7, -5.515e-7, -4.125e-7, 1.390e-7, -3.391e-7, -3.415e-7, -3.366e-7
0.648, -5.845e-7, -3.792e-7, 2.054e-7, -3.396e-7, -3.445e-7, -3.348e-7, -5.438e-7, -3.339e-7, 2.099e-7, -3.336e-7, -3.380e-7, -3.291e-7, -5.899e-7, -4.288e-7, 1.611e-7, -3.181e-7, -3.211e-7, -3.152e-7, -5.378e-7, -4.032e-7, 1.346e-7, -3.264e-7, -3.303e-7, -3.225e-7
0.644, -5.725e-7, -3.743e-7, 1.982e-7, -3.326e-7, -3.367e-7, -3.286e-7, -5.336e-7, -3.259e-7, 2.077e-7, -3.219e-7, -3.275e-7, -3.163e-7, -5.795e-7, -4.161e-7, 1.634e-7, -3.048e-7, -3.078e-7, -3.019e-7, -5.296e-7, -3.933e-7, 1.363e-7, -3.182e-7, -3.200e-7, -3.164e-7
0.640, -5.632e-7, -3.685e-7, 1.947e-7, -3.270e-7, -3.318e-7, -3.223e-7, -5.227e-7, -3.187e-7, 2.040e-7, -3.151e-7, -3.186e-7, -3.116e-7, -5.691e-7, -4.050e-7, 1.642e-7, -2.961e-7, -2.971e-7, -2.951e-7, -5.232e-7, -3.861e-7, 1.371e-7, -3.110e-7, -3.145e-7, -3.076e-7
0.636, -5.594e-7, -3.614e-7, 1.980e-7, -3.161e-7, -3.192e-7, -3.130e-7, -5.177e-7, -3.120e-7, 2.057e-7, -3.057e-7, -3.124e-7, -2.990e-7, -5.595e-7, -3.987e-7, 1.608e-7, -2.912e-7, -2.925e-7, -2.899e-7, -5.086e-7, -3.768e-7, 1.318e-7, -3.036e-7, -3.047e-7, -3.025e-7
0.632, -5.473e-7, -3.506e-7, 1.967e-7, -3.060e-7, -3.112e-7, -3.009e-7, -5.166e-7, -3.060e-7, 2.106e-7, -2.995e-7, -3.051e-7, -2.939e-7, -5.540e-7, -3.945e-7, 1.596e-7, -2.859e-7, -2.871e-7, -2.846e-7, -4.992e-7, -3.718e-7, 1.273e-7, -2.973e-7, -2.983e-7, -2.962e-7
0.628, -5.434e-7, -3.455e-7, 1.980e-7, -2.993e-7, -3.067e-7, -2.918e-7, -5.052e-7, -2.966e-7, 2.086e-7, -2.902e-7, -2.948e-7, -2.855e-7, -5.412e-7, -3.835e-7, 1.577e-7, -2.768e-7, -2.766e-7, -2.770e-7, -4.966e-7, -3.659e-7, 1.307e-7, -2.870e-7, -2.916e-7, -2.824e-7
0.624, -5.349e-7, -3.386e-7, 1.963e-7, -2.924e-7, -2.971e-7, -2.878e-7, -4.982e-7, -2.934e-7, 2.048e-7, -2.848e-7, -2.900e-7, -2.795e-7, -5.369e-7, -3.785e-7, 1.584e-7, -2.707e-7, -2.707e-7, -2.706e-7, -4.876e-7, -3.573e-7, 1.302e-7, -2.802e-7, -2.828e-7, -2.775e-7
0.620, -5.254e-7, -3.305e-7, 1.949e-7, -2.873e-7, -2.942e-7, -2.804e-7, -4.917e-7, -2.894e-7, 2.022e-7, -2.791e-7, -2.832e-7, -2.749e-7, -5.293e-7, -3.726e-7, 1.567e-7, -2.595e-7, -2.595e-7, -2.595e-7, -4.800e-7, -3.499e-7, 1.301e-7, -2.743e-7, -2.750e-7, -2.736e-7
0.616, -5.226e-7, -3.259e-7, 1.967e-7, -2.801e-7, -2.840e-7, -2.762e-7, -4.830e-7, -2.810e-7, 2.019e-7, -2.736e-7, -2.757e-7, -2.715e-7, -5.203e-7, -3.659e-7, 1.544e-7, -2.559e-7, -2.565e-7, -2.554e-7, -4.778e-7, -3.440e-7, 1.338e-7, -2.646e-7, -2.686e-7, -2.607e-7
0.612, -5.108e-7, -3.175e-7, 1.933e-7, -2.708e-7, -2.766e-7, -2.649e-7, -4.787e-7, -2.738e-7, 2.049e-7, -2.650e-7, -2.667e-7, -2.634e-7, -5.190e-7, -3.608e-7, 1.582e-7, -2.505e-7, -2.496e-7, -2.513e-7, -4.667e-7, -3.404e-7, 1.264e-7, -2.605e-7, -2.637e-7, -2.574e-7
0.608, -5.088e-7, -3.136e-7, 1.951e-7, -2.659e-7, -2.681e-7, -2.637e-7, -4.720e-7, -2.698e-7, 2.022e-7, -2.576e-7, -2.611e-7, -2.542e-7, -5.114e-7, -3.542e-7, 1.573e-7, -2.445e-7, -2.447e-7, -2.443e-7, -4.652e-7, -3.352e-7, 1.300e-7, -2.568e-7, -2.594e-7, -2.541e-7
0.604, -5.053e-7, -3.094e-7, 1.959e-7, -2.628e-7, -2.677e-7, -2.580e-7, -4.683e-7, -2.642e-7, 2.041e-7, -2.527e-7, -2.564e-7, -2.490e-7, -5.031e-7, -3.486e-7, 1.545e-7, -2.385e-7, -2.380e-7, -2.389e-7, -4.588e-7, -3.301e-7, 1.287e-7, -2.495e-7, -2.513e-7, -2.478e-7
0.600, -4.955e-7, -3.004e-7, 1.951e-7, -2.532e-7, -2.570e-7, -2.494e-7, -4.632e-7, -2.603e-7, 2.029e-7, -2.475e-7, -2.496e-7, -2.455e-7, -5.017e-7, -3.446e-7, 1.571e-7, -2.342e-7, -2.366e-7, -2.318e-7, -4.590e-7, -3.278e-7, 1.312e-7, -2.431e-7, -2.466e-7, -2.396e-7
0.596, -4.922e-7, -2.979e-7, 1.943e-7, -2.476e-7, -2.509e-7, -2.444e-7, -4.585e-7, -2.545e-7, 2.040e-7, -2.426e-7, -2.470e-7, -2.382e-7, -4.993e-7, -3.433e-7, 1.560e-7, -2.319e-7, -2.321e-7, -2.317e-7, -4.448e-7, -3.183e-7, 1.265e-7, -2.392e-7, -2.388e-7, -2.396e-7
0.592, -4.881e-7, -2.943e-7, 1.938e-7, -2.437e-7, -2.469e-7, -2.405e-7, -4.572e-7, -2.535e-7, 2.037e-7, -2.386e-7, -2.423e-7, -2.348e-7, -4.956e-7, -3.389e-7, 1.567e-7, -2.238e-7, -2.251e-7, -2.225e-7, -4.383e-7, -3.107e-7, 1.276e-7, -2.331e-7, -2.331e-7, -2.331e-7
0.588, -4.856e-7, -2.899e-7, 1.957e-7, -2.376e-7, -2.411e-7, -2.341e-7, -4.517e-7, -2.450e-7, 2.067e-7, -2.328e-7, -2.348e-7, -2.309e-7, -4.883e-7, -3.319e-7, 1.565e-7, -2.201e-7, -2.216e-7, -2.187e-7, -4.416e-7, -3.122e-7, 1.294e-7, -2.277e-7, -2.317e-7, -2.237e-7
0.584, -4.879e-7, -2.930e-7, 1.950e-7, -2.358e-7, -2.414e-7, -2.302e-7, -4.482e-7, -2.435e-7, 2.047e-7, -2.264e-7, -2.276e-7, -2.252e-7, -4.818e-7, -3.235e-7, 1.582e-7, -2.118e-7, -2.119e-7, -2.118e-7, -4.365e-7, -3.071e-7, 1.294e-7, -2.265e-7, -2.319e-7, -2.211e-7
0.580, -4.787e-7, -2.802e-7, 1.986e-7, -2.300e-7, -2.323e-7, -2.277e-7, -4.477e-7, -2.410e-7, 2.066e-7, -2.231e-7, -2.241e-7, -2.221e-7, -4.807e-7, -3.263e-7, 1.544e-7, -2.113e-7, -2.120e-7, -2.107e-7, -4.363e-7, -3.074e-7, 1.289e-7, -2.199e-7, -2.247e-7, -2.151e-7
0.576, -4.731e-7, -2.767e-7, 1.964e-7, -2.236e-7, -2.261e-7, -2.212e-7, -4.468e-7, -2.382e-7, 2.086e-7, -2.174e-7, -2.231e-7, -2.118e-7, -4.783e-7, -3.199e-7, 1.585e-7, -2.049e-7, -2.063e-7, -2.036e-7, -4.264e-7, -2.981e-7, 1.284e-7, -2.157e-7, -2.170e-7, -2.145e-7
0.572, -4.762e-7, -2.743e-7, 2.020e-7, -2.170e-7, -2.216e-7, -2.125e-7, -4.437e-7, -2.356e-7, 2.081e-7, -2.137e-7, -2.162e-7, -2.112e-7, -4.797e-7, -3.217e-7, 1.579e-7, -2.024e-7, -2.011e-7, -2.037e-7, -4.172e-7, -2.904e-7, 1.268e-7, -2.085e-7, -2.100e-7, -2.069e-7
0.568, -4.676e-7, -2.699e-7, 1.977e-7, -2.152e-7, -2.189e-7, -2.115e-7, -4.416e-7, -2.340e-7, 2.076e-7, -2.112e-7, -2.141e-7, -2.084e-7, -4.768e-7, -3.159e-7, 1.609e-7, -1.991e-7, -1.995e-7, -1.987e-7, -4.215e-7, -2.909e-7, 1.306e-7, -2.062e-7, -2.090e-7, -2.034e-7
0.564, -4.676e-7, -2.660e-7, 2.016e-7, -2.111e-7, -2.156e-7, -2.066e-7, -4.416e-7, -2.312e-7, 2.104e-7, -2.059e-7, -2.084e-7, -2.035e-7, -4.731e-7, -3.121e-7, 1.610e-7, -1.948e-7, -1.947e-7, -1.949e-7, -4.165e-7, -2.869e-7, 1.296e-7, -2.017e-7, -2.040e-7, -1.995e-7
0.560, -4.656e-7, -2.628e-7, 2.028e-7, -2.068e-7, -2.121e-7, -2.015e-7, -4.421e-7, -2.295e-7, 2.126e-7, -2.031e-7, -2.060e-7, -2.003e-7, -4.683e-7, -3.075e-7, 1.608e-7, -1.902e-7, -1.875e-7, -1.929e-7, -4.139e-7, -2.827e-7, 1.312e-7, -1.965e-7, -1.980e-7, -1.950e-7
0.556, -4.633e-7, -2.591e-7, 2.041e-7, -2.029e-7, -2.076e-7, -1.981e-7, -4.397e-7, -2.270e-7, 2.127e-7, -1.995e-7, -2.029e-7, -1.960e-7, -4.670e-7, -3.065e-7, 1.605e-7, -1.855e-7, -1.838e-7, -1.871e-7, -4.129e-7, -2.805e-7, 1.324e-7, -1.942e-7, -1.976e-7, -1.908e-7
0.552, -4.636e-7, -2.608e-7, 2.028e-7, -2.005e-7, -2.055e-7, -1.956e-7, -4.391e-7, -2.256e-7, 2.135e-7, -1.951e-7, -1.975e-7, -1.927e-7, -4.690e-7, -3.039e-7, 1.652e-7, -1.821e-7, -1.799e-7, -1.842e-7, -4.113e-7, -2.776e-7, 1.338e-7, -1.909e-7, -1.925e-7, -1.893e-7
0.548, -4.621e-7, -2.569e-7, 2.052e-7, -1.969e-7, -1.992e-7, -1.945e-7, -4.335e-7, -2.219e-7, 2.116e-7, -1.918e-7, -1.942e-7, -1.894e-7, -4.697e-7, -3.051e-7, 1.647e-7, -1.794e-7, -1.804e-7, -1.785e-7, -4.181e-7, -2.798e-7, 1.383e-7, -1.878e-7, -1.908e-7, -1.849e-7
0.544, -4.553e-7, -2.501e-7, 2.051e-7, -1.914e-7, -1.942e-7, -1.886e-7, -4.339e-7, -2.204e-7, 2.135e-7, -1.896e-7, -1.947e-7, -1.845e-7, -4.738e-7, -3.051e-7, 1.687e-7, -1.756e-7, -1.748e-7, -1.763e-7, -4.139e-7, -2.747e-7, 1.392e-7, -1.831e-7, -1.841e-7, -1.820e-7
0.540, -4.591e-7, -2.521e-7, 2.069e-7, -1.888e-7, -1.924e-7, -1.852e-7, -4.347e-7, -2.185e-7, 2.163e-7, -1.849e-7, -1.878e-7, -1.819e-7, -4.647e-7, -2.998e-7, 1.649e-7, -1.743e-7, -1.733e-7, -1.753e-7, -4.107e-7, -2.731e-7, 1.375e-7, -1.817e-7, -1.841e-7, -1.793e-7
0.536, -4.599e-7, -2.525e-7, 2.074e-7, -1.861e-7, -1.889e-7, -1.833e-7, -4.352e-7, -2.170e-7, 2.182e-7, -1.790e-7, -1.833e-7, -1.746e-7, -4.732e-7, -2.997e-7, 1.735e-7, -1.698e-7, -1.710e-7, -1.686e-7, -4.133e-7, -2.732e-7, 1.401e-7, -1.779e-7, -1.794e-7, -1.765e-7
0.532, -4.614e-7, -2.512e-7, 2.102e-7, -1.844e-7, -1.878e-7, -1.810e-7, -4.319e-7, -2.161e-7, 2.158e-7, -1.799e-7, -1.830e-7, -1.769e-7, -4.689e-7, -2.985e-7, 1.705e-7, -1.667e-7, -1.684e-7, -1.650e-7, -4.131e-7, -2.697e-7, 1.434e-7, -1.735e-7, -1.774e-7, -1.696e-7
0.528, -4.570e-7, -2.464e-7, 2.106e-7, -1.770e-7, -1.794e-7, -1.746e-7, -4.318e-7, -2.140e-7, 2.178e-7, -1.760e-7, -1.798e-7, -1.722e-7, -4.716e-7, -2.984e-7, 1.731e-7, -1.654e-7, -1.651e-7, -1.656e-7, -4.092e-7, -2.682e-7, 1.410e-7, -1.704e-7, -1.715e-7, -1.693e-7
0.524, -4.606e-7, -2.459e-7, 2.147e-7, -1.756e-7, -1.786e-7, -1.725e-7, -4.333e-7, -2.131e-7, 2.202e-7, -1.763e-7, -1.767e-7, -1.758e-7, -4.641e-7, -2.961e-7, 1.679e-7, -1.624e-7, -1.631e-7, -1.618e-7, -4.104e-7, -2.638e-7, 1.466e-7, -1.648e-7, -1.685e-7, -1.612e-7
0.520, -4.594e-7, -2.448e-7, 2.146e-7, -1.722e-7, -1.757e-7, -1.688e-7, -4.342e-7, -2.107e-7, 2.234e-7, -1.696e-7, -1.714e-7, -1.679e-7, -4.648e-7, -2.927e-7, 1.721e-7, -1.587e-7, -1.580e-7, -1.594e-7, -4.094e-7, -2.672e-7, 1.422e-7, -1.642e-7, -1.659e-7, -1.625e-7
0.516, -4.581e-7, -2.432e-7, 2.149e-7, -1.706e-7, -1.749e-7, -1.664e-7, -4.379e-7, -2.156e-7, 2.223e-7, -1.676e-7, -1.705e-7, -1.647e-7, -4.682e-7, -2.920e-7, 1.762e-7, -1.549e-7, -1.541e-7, -1.558e-7, -4.090e-7, -2.617e-7, 1.472e-7, -1.588e-7, -1.599e-7, -1.576e-7
0.512, -4.636e-7, -2.438e-7, 2.198e-7, -1.653e-7, -1.693e-7, -1.614e-7, -4.302e-7, -2.067e-7, 2.234e-7, -1.645e-7, -1.645e-7, -1.644e-7, -4.656e-7, -2.901e-7, 1.755e-7, -1.522e-7, -1.526e-7, -1.517e-7, -4.128e-7, -2.619e-7, 1.509e-7, -1.572e-7, -1.629e-7, -1.516e-7
0.508, -4.572e-7, -2.407e-7, 2.165e-7, -1.645e-7, -1.670e-7, -1.621e-7, -4.337e-7, -2.099e-7, 2.238e-7, -1.622e-7, -1.658e-7, -1.586e-7, -4.682e-7, -2.912e-7, 1.770e-7, -1.518e-7, -1.513e-7, -1.522e-7, -4.081e-7, -2.589e-7, 1.492e-7, -1.554e-7, -1.562e-7, -1.546e-7
0.504, -4.600e-7, -2.403e-7, 2.197e-7, -1.598e-7, -1.634e-7, -1.562e-7, -4.376e-7, -2.095e-7, 2.281e-7, -1.623e-7, -1.655e-7, -1.592e-7, -4.680e-7, -2.882e-7, 1.798e-7, -1.477e-7, -1.474e-7, -1.479e-7, -4.072e-7, -2.580e-7, 1.492e-7, -1.512e-7, -1.539e-7, -1.485e-7
0.500, -4.610e-7, -2.394e-7, 2.215e-7, -1.609e-7, -1.649e-7, -1.569e-7, -4.308e-7, -2.068e-7, 2.240e-7, -1.584e-7, -1.603e-7, -1.565e-7, -4.680e-7, -2.861e-7, 1.819e-7, -1.437e-7, -1.421e-7, -1.453e-7, -4.103e-7, -2.568e-7, 1.535e-7, -1.490e-7, -1.491e-7, -1.489e-7
0.496, -4.640e-7, -2.389e-7, 2.250e-7, -1.546e-7, -1.569e-7, -1.524e-7, -4.275e-7, -1.999e-7, 2.277e-7, -1.532e-7, -1.547e-7, -1.517e-7, -4.673e-7, -2.876e-7, 1.797e-7, -1.433e-7, -1.426e-7, -1.441e-7, -4.150e-7, -2.602e-7, 1.548e-7, -1.493e-7, -1.551e-7, -1.434e-7
0.492, -4.562e-7, -2.324e-7, 2.237e-7, -1.532e-7, -1.546e-7, -1.518e-7, -4.346e-7, -2.058e-7, 2.288e-7, -1.525e-7, -1.568e-7, -1.482e-7, -4.738e-7, -2.902e-7, 1.836e-7, -1.413e-7, -1.413e-7, -1.413e-7, -4.121e-7, -2.536e-7, 1.585e-7, -1.433e-7, -1.468e-7, -1.398e-7
0.488, -4.580e-7, -2.359e-7, 2.222e-7, -1.529e-7, -1.554e-7, -1.503e-7, -4.326e-7, -2.040e-7, 2.286e-7, -1.502e-7, -1.511e-7, -1.492e-7, -4.684e-7, -2.825e-7, 1.858e-7, -1.366e-7, -1.380e-7, -1.352e-7, -4.157e-7, -2.569e-7, 1.588e-7, -1.424e-7, -1.460e-7, -1.388e-7
0.484, -4.572e-7, -2.335e-7, 2.237e-7, -1.492e-7, -1.516e-7, -1.467e-7, -4.290e-7, -2.006e-7, 2.284e-7, -1.461e-7, -1.487e-7, -1.434e-7, -4.722e-7, -2.838e-7, 1.884e-7, -1.362e-7, -1.381e-7, -1.342e-7, -4.162e-7, -2.578e-7, 1.585e-7, -1.419e-7, -1.439e-7, -1.398e-7
0.480, -4.526e-7, -2.309e-7, 2.216e-7, -1.462e-7, -1.500e-7, -1.424e-7, -4.302e-7, -2.006e-7, 2.297e-7, -1.459e-7, -1.497e-7, -1.422e-7, -4.746e-7, -2.846e-7, 1.900e-7, -1.339e-7, -1.346e-7, -1.331e-7, -4.127e-7, -2.517e-7, 1.610e-7, -1.387e-7, -1.381e-7, -1.394e-7
0.476, -4.541e-7, -2.296e-7, 2.246e-7, -1.445e-7, -1.495e-7, -1.395e-7, -4.339e-7, -1.984e-7, 2.356e-7, -1.429e-7, -1.459e-7, -1.398e-7, -4.751e-7, -2.857e-7, 1.894e-7, -1.319e-7, -1.299e-7, -1.339e-7, -4.070e-7, -2.505e-7, 1.566e-7, -1.371e-7, -1.378e-7, -1.364e-7
0.472, -4.529e-7, -2.237e-7, 2.292e-7, -1.405e-7, -1.442e-7, -1.369e-7, -4.281e-7, -1.956e-7, 2.325e-7, -1.418e-7, -1.445e-7, -1.391e-7, -4.753e-7, -2.860e-7, 1.893e-7, -1.306e-7, -1.302e-7, -1.309e-7, -4.132e-7, -2.517e-7, 1.615e-7, -1.318e-7, -1.336e-7, -1.300e-7
0.468, -4.537e-7, -2.263e-7, 2.274e-7, -1.419e-7, -1.466e-7, -1.372e-7, -4.299e-7, -1.971e-7, 2.327e-7, -1.392e-7, -1.420e-7, -1.364e-7, -4.659e-7, -2.783e-7, 1.876e-7, -1.267e-7, -1.259e-7, -1.275e-7, -4.145e-7, -2.497e-7, 1.649e-7, -1.316e-7, -1.337e-7, -1.295e-7
0.464, -4.449e-7, -2.192e-7, 2.257e-7, -1.403e-7, -1.426e-7, -1.380e-7, -4.281e-7, -1.945e-7, 2.336e-7, -1.384e-7, -1.422e-7, -1.347e-7, -4.716e-7, -2.800e-7, 1.916e-7, -1.244e-7, -1.233e-7, -1.255e-7, -4.086e-7, -2.473e-7, 1.613e-7, -1.313e-7, -1.310e-7, -1.317e-7
0.460, -4.524e-7, -2.236e-7, 2.288e-7, -1.356e-7, -1.380e-7, -1.331e-7, -4.274e-7, -1.929e-7, 2.345e-7, -1.365e-7, -1.393e-7, -1.337e-7, -4.727e-7, -2.826e-7, 1.901e-7, -1.240e-7, -1.251e-7, -1.229e-7, -4.155e-7, -2.488e-7, 1.667e-7, -1.275e-7, -1.294e-7, -1.256e-7
0.456, -4.483e-7, -2.191e-7, 2.293e-7, -1.335e-7, -1.374e-7, -1.295e-7, -4.259e-7, -1.914e-7, 2.344e-7, -1.326e-7, -1.351e-7, -1.301e-7, -4.725e-7, -2.788e-7, 1.937e-7, -1.217e-7, -1.208e-7, -1.226e-7, -4.119e-7, -2.489e-7, 1.630e-7, -1.253e-7, -1.255e-7, -1.251e-7
0.452, -4.435e-7, -2.163e-7, 2.272e-7, -1.339e-7, -1.365e-7, -1.312e-7, -4.271e-7, -1.913e-7, 2.358e-7, -1.308e-7, -1.352e-7, -1.263e-7, -4.717e-7, -2.780e-7, 1.937e-7, -1.202e-7, -1.208e-7, -1.196e-7, -4.125e-7, -2.489e-7, 1.636e-7, -1.252e-7, -1.259e-7, -1.244e-7
0.448, -4.466e-7, -2.159e-7, 2.307e-7, -1.323e-7, -1.385e-7, -1.260e-7, -4.229e-7, -1.894e-7, 2.335e-7, -1.288e-7, -1.311e-7, -1.265e-7, -4.703e-7, -2.741e-7, 1.962e-7, -1.159e-7, -1.169e-7, -1.150e-7, -4.114e-7, -2.458e-7, 1.656e-7, -1.226e-7, -1.249e-7, -1.204e-7
0.444, -4.390e-7, -2.144e-7, 2.246e-7, -1.296e-7, -1.322e-7, -1.270e-7, -4.224e-7, -1.851e-7, 2.373e-7, -1.247e-7, -1.283e-7, -1.210e-7, -4.700e-7, -2.753e-7, 1.947e-7, -1.155e-7, -1.164e-7, -1.146e-7, -4.131e-7, -2.457e-7, 1.674e-7, -1.235e-7, -1.235e-7, -1.235e-7
0.440, -4.422e-7, -2.135e-7, 2.288e-7, -1.251e-7, -1.263e-7, -1.239e-7, -4.186e-7, -1.825e-7, 2.361e-7, -1.242e-7, -1.248e-7, -1.237e-7, -4.664e-7, -2.729e-7, 1.935e-7, -1.170e-7, -1.188e-7, -1.153e-7, -4.117e-7, -2.453e-7, 1.665e-7, -1.197e-7, -1.257e-7, -1.136e-7
0.436, -4.407e-7, -2.102e-7, 2.305e-7, -1.275e-7, -1.306e-7, -1.244e-7, -4.207e-7, -1.861e-7, 2.346e-7, -1.286e-7, -1.323e-7, -1.249e-7, -4.657e-7, -2.717e-7, 1.940e-7, -1.128e-7, -1.121e-7, -1.135e-7, -4.081e-7, -2.393e-7, 1.688e-7, -1.135e-7, -1.163e-7, -1.108e-7
0.432, -4.404e-7, -2.117e-7, 2.287e-7, -1.253e-7, -1.281e-7, -1.224e-7, -4.140e-7, -1.821e-7, 2.319e-7, -1.242e-7, -1.269e-7, -1.216e-7, -4.659e-7, -2.716e-7, 1.943e-7, -1.117e-7, -1.130e-7, -1.103e-7, -4.127e-7, -2.420e-7, 1.708e-7, -1.167e-7, -1.204e-7, -1.130e-7
0.428, -4.420e-7, -2.092e-7, 2.328e-7, -1.227e-7, -1.271e-7, -1.183e-7, -4.166e-7, -1.828e-7, 2.338e-7, -1.223e-7, -1.248e-7, -1.198e-7, -4.637e-7, -2.699e-7, 1.938e-7, -1.090e-7, -1.097e-7, -1.083e-7, -4.104e-7, -2.380e-7, 1.724e-7, -1.130e-7, -1.149e-7, -1.112e-7
0.424, -4.298e-7, -2.042e-7, 2.255e-7, -1.211e-7, -1.254e-7, -1.168e-7, -4.168e-7, -1.788e-7, 2.380e-7, -1.182e-7, -1.219e-7, -1.144e-7, -4.638e-7, -2.662e-7, 1.976e-7, -1.055e-7, -1.061e-7, -1.049e-7, -4.047e-7, -2.367e-7, 1.680e-7, -1.140e-7, -1.159e-7, -1.121e-7
0.420, -4.387e-7, -2.095e-7, 2.292e-7, -1.214e-7, -1.263e-7, -1.166e-7, -4.172e-7, -1.802e-7, 2.370e-7, -1.174e-7, -1.212e-7, -1.135e-7, -4.610e-7, -2.654e-7, 1.956e-7, -1.074e-7, -1.065e-7, -1.083e-7, -4.044e-7, -2.367e-7, 1.677e-7, -1.124e-7, -1.135e-7, -1.113e-7
0.416, -4.314e-7, -2.007e-7, 2.307e-7, -1.184e-7, -1.216e-7, -1.152e-7, -4.119e-7, -1.775e-7, 2.344e-7, -1.194e-7, -1.216e-7, -1.173e-7, -4.597e-7, -2.655e-7, 1.942e-7, -1.040e-7, -1.049e-7, -1.031e-7, -4.014e-7, -2.317e-7, 1.697e-7, -1.069e-7, -1.092e-7, -1.045e-7
0.412, -4.305e-7, -2.035e-7, 2.270e-7, -1.202e-7, -1.238e-7, -1.166e-7, -4.119e-7, -1.774e-7, 2.345e-7, -1.152e-7, -1.178e-7, -1.126e-7, -4.563e-7, -2.614e-7, 1.949e-7, -1.024e-7, -9.972e-8, -1.051e-7, -3.973e-7, -2.314e-7, 1.659e-7, -1.088e-7, -1.100e-7, -1.075e-7
0.408, -4.277e-7, -1.997e-7, 2.280e-7, -1.143e-7, -1.176e-7, -1.110e-7, -4.102e-7, -1.733e-7, 2.370e-7, -1.129e-7, -1.147e-7, -1.110e-7, -4.563e-7, -2.614e-7, 1.949e-7, -1.017e-7, -1.018e-7, -1.016e-7, -3.953e-7, -2.291e-7, 1.662e-7, -1.072e-7, -1.061e-7, -1.084e-7
0.404, -4.294e-7, -2.003e-7, 2.291e-7, -1.129e-7, -1.147e-7, -1.112e-7, -4.119e-7, -1.754e-7, 2.365e-7, -1.136e-7, -1.185e-7, -1.087e-7, -4.553e-7, -2.637e-7, 1.917e-7, -1.027e-7, -1.047e-7, -1.008e-7, -3.980e-7, -2.298e-7, 1.682e-7, -1.046e-7, -1.065e-7, -1.028e-7
0.400, -4.331e-7, -2.035e-7, 2.296e-7, -1.151e-7, -1.199e-7, -1.102e-7, -4.117e-7, -1.734e-7, 2.383e-7, -1.099e-7, -1.129e-7, -1.069e-7, -4.518e-7, -2.578e-7, 1.940e-7, -9.955e-8, -9.753e-8, -1.016e-7, -3.953e-7, -2.302e-7, 1.651e-7, -1.042e-7, -1.054e-7, -1.030e-7
0.396, -4.265e-7, -1.984e-7, 2.280e-7, -1.105e-7, -1.149e-7, -1.061e-7, -4.105e-7, -1.735e-7, 2.371e-7, -1.104e-7, -1.112e-7, -1.095e-7, -4.544e-7, -2.596e-7, 1.948e-7, -9.757e-8, -9.796e-8, -9.718e-8, -3.992e-7, -2.293e-7, 1.699e-7, -1.033e-7, -1.059e-7, -1.008e-7
0.392, -4.242e-7, -1.964e-7, 2.277e-7, -1.082e-7, -1.115e-7, -1.049e-7, -4.094e-7, -1.699e-7, 2.394e-7, -1.058e-7, -1.109e-7, -1.007e-7, -4.542e-7, -2.587e-7, 1.955e-7, -9.958e-8, -9.864e-8, -1.005e-7, -3.940e-7, -2.306e-7, 1.634e-7, -1.034e-7, -1.045e-7, -1.022e-7
0.388, -4.202e-7, -1.951e-7, 2.251e-7, -1.105e-7, -1.136e-7, -1.073e-7, -4.095e-7, -1.736e-7, 2.359e-7, -1.090e-7, -1.135e-7, -1.045e-7, -4.580e-7, -2.632e-7, 1.948e-7, -9.561e-8, -9.545e-8, -9.577e-8, -3.919e-7, -2.255e-7, 1.664e-7, -9.951e-8, -1.010e-7, -9.801e-8
0.384, -4.241e-7, -1.925e-7, 2.316e-7, -1.045e-7, -1.076e-7, -1.014e-7, -4.107e-7, -1.710e-7, 2.397e-7, -1.084e-7, -1.107e-7, -1.061e-7, -4.495e-7, -2.609e-7, 1.886e-7, -9.806e-8, -9.635e-8, -9.978e-8, -3.909e-7, -2.274e-7, 1.635e-7, -9.776e-8, -1.019e-7, -9.363e-8
0.380, -4.254e-7, -1.972e-7, 2.282e-7, -1.064e-7, -1.121e-7, -1.006e-7, -4.188e-7, -1.754e-7, 2.434e-7, -1.050e-7, -1.083e-7, -1.017e-7, -4.554e-7, -2.625e-7, 1.928e-7, -9.597e-8, -9.499e-8, -9.695e-8, -3.862e-7, -2.253e-7, 1.609e-7, -9.952e-8, -9.974e-8, -9.929e-8
0.376, -4.294e-7, -1.993e-7, 2.301e-7, -1.058e-7, -1.103e-7, -1.014e-7, -4.169e-7, -1.745e-7, 2.424e-7, -1.063e-7, -1.090e-7, -1.037e-7, -4.516e-7, -2.610e-7, 1.907e-7, -9.475e-8, -9.420e-8, -9.529e-8, -3.939e-7, -2.259e-7, 1.681e-7, -9.597e-8, -9.863e-8, -9.332e-8
0.372, -4.253e-7, -2.000e-7, 2.253e-7, -1.052e-7, -1.075e-7, -1.029e-7, -4.180e-7, -1.764e-7, 2.416e-7, -1.037e-7, -1.084e-7, -9.908e-8, -4.573e-7, -2.615e-7, 1.958e-7, -9.239e-8, -9.136e-8, -9.341e-8, -3.889e-7, -2.277e-7, 1.613e-7, -9.675e-8, -9.655e-8, -9.696e-8
0.368, -4.282e-7, -1.971e-7, 2.311e-7, -1.018e-7, -1.040e-7, -9.961e-8, -4.146e-7, -1.746e-7, 2.401e-7, -1.022e-7, -1.053e-7, -9.916e-8, -4.544e-7, -2.653e-7, 1.891e-7, -9.410e-8, -9.385e-8, -9.436e-8, -3.900e-7, -2.264e-7, 1.635e-7, -9.405e-8, -9.585e-8, -9.225e-8
0.364, -4.317e-7, -2.003e-7, 2.314e-7, -1.025e-7, -1.057e-7, -9.943e-8, -4.167e-7, -1.766e-7, 2.401e-7, -1.014e-7, -1.031e-7, -9.976e-8, -4.582e-7, -2.652e-7, 1.930e-7, -9.023e-8, -8.947e-8, -9.099e-8, -3.933e-7, -2.284e-7, 1.649e-7, -9.468e-8, -9.680e-8, -9.255e-8
0.360, -4.355e-7, -2.018e-7, 2.336e-7, -1.017e-7, -1.043e-7, -9.900e-8, -4.216e-7, -1.811e-7, 2.405e-7, -1.026e-7, -1.069e-7, -9.833e-8, -4.597e-7, -2.674e-7, 1.923e-7, -9.015e-8, -8.846e-8, -9.184e-8, -3.910e-7, -2.264e-7, 1.647e-7, -9.165e-8, -9.089e-8, -9.242e-8
0.356, -4.368e-7, -2.037e-7, 2.332e-7, -1.033e-7, -1.058e-7, -1.009e-7, -4.179e-7, -1.795e-7, 2.383e-7, -1.028e-7, -1.039e-7, -1.017e-7, -4.609e-7, -2.681e-7, 1.927e-7, -8.636e-8, -8.639e-8, -8.633e-8, -4.009e-7, -2.290e-7, 1.719e-7, -8.993e-8, -9.218e-8, -8.769e-8
0.352, -4.377e-7, -2.037e-7, 2.340e-7, -1.004e-7, -1.010e-7, -9.984e-8, -4.266e-7, -1.824e-7, 2.442e-7, -1.013e-7, -1.058e-7, -9.686e-8, -4.674e-7, -2.717e-7, 1.957e-7, -8.813e-8, -8.883e-8, -8.743e-8, -3.990e-7, -2.323e-7, 1.667e-7, -8.995e-8, -9.000e-8, -8.989e-8
0.348, -4.410e-7, -2.050e-7, 2.360e-7, -9.734e-8, -1.005e-7, -9.416e-8, -4.315e-7, -1.836e-7, 2.479e-7, -9.858e-8, -1.019e-7, -9.526e-8, -4.689e-7, -2.751e-7, 1.938e-7, -8.643e-8, -8.477e-8, -8.809e-8, -3.986e-7, -2.341e-7, 1.645e-7, -8.857e-8, -8.857e-8, -8.857e-8
0.344, -4.508e-7, -2.119e-7, 2.389e-7, -9.817e-8, -1.016e-7, -9.475e-8, -4.342e-7, -1.876e-7, 2.466e-7, -9.807e-8, -1.015e-7, -9.460e-8, -4.695e-7, -2.764e-7, 1.930e-7, -8.530e-8, -8.484e-8, -8.577e-8, -4.041e-7, -2.352e-7, 1.689e-7, -8.815e-8, -8.942e-8, -8.688e-8
0.340, -4.534e-7, -2.146e-7, 2.388e-7, -9.951e-8, -1.032e-7, -9.579e-8, -4.339e-7, -1.907e-7, 2.432e-7, -9.997e-8, -1.011e-7, -9.880e-8, -4.747e-7, -2.765e-7, 1.981e-7, -8.487e-8, -8.380e-8, -8.594e-8, -4.084e-7, -2.389e-7, 1.694e-7, -8.654e-8, -8.724e-8, -8.585e-8
0.336, -4.495e-7, -2.124e-7, 2.372e-7, -9.653e-8, -9.944e-8, -9.362e-8, -4.394e-7, -1.911e-7, 2.483e-7, -9.664e-8, -9.873e-8, -9.455e-8, -4.842e-7, -2.842e-7, 2.000e-7, -8.209e-8, -8.227e-8, -8.191e-8, -4.114e-7, -2.417e-7, 1.698e-7, -8.663e-8, -8.828e-8, -8.497e-8
0.332, -4.583e-7, -2.184e-7, 2.399e-7, -9.597e-8, -9.925e-8, -9.268e-8, -4.459e-7, -1.949e-7, 2.510e-7, -9.510e-8, -9.828e-8, -9.192e-8, -4.863e-7, -2.853e-7, 2.011e-7, -8.216e-8, -8.219e-8, -8.212e-8, -4.121e-7, -2.429e-7, 1.692e-7, -8.520e-8, -8.536e-8, -8.504e-8
0.328, -4.607e-7, -2.204e-7, 2.403e-7, -9.590e-8, -9.680e-8, -9.499e-8, -4.447e-7, -1.956e-7, 2.491e-7, -9.720e-8, -9.987e-8, -9.452e-8, -4.937e-7, -2.920e-7, 2.017e-7, -8.275e-8, -8.154e-8, -8.396e-8, -4.247e-7, -2.495e-7, 1.752e-7, -8.500e-8, -8.787e-8, -8.212e-8
0.324, -4.663e-7, -2.234e-7, 2.429e-7, -9.436e-8, -9.724e-8, -9.148e-8, -4.536e-7, -1.993e-7, 2.543e-7, -9.500e-8, -9.967e-8, -9.034e-8, -5.004e-7, -2.947e-7, 2.058e-7, -8.383e-8, -8.470e-8, -8.295e-8, -4.262e-7, -2.530e-7, 1.732e-7, -8.325e-8, -8.322e-8, -8.328e-8
0.320, -4.739e-7, -2.297e-7, 2.442e-7, -9.444e-8, -9.988e-8, -8.900e-8, -4.586e-7, -2.039e-7, 2.546e-7, -9.418e-8, -9.597e-8, -9.239e-8, -5.006e-7, -2.950e-7, 2.056e-7, -7.968e-8, -7.817e-8, -8.119e-8, -4.324e-7, -2.548e-7, 1.776e-7, -8.237e-8, -8.404e-8, -8.070e-8
0.316, -4.765e-7, -2.313e-7, 2.452e-7, -9.453e-8, -9.532e-8, -9.374e-8, -4.598e-7, -2.058e-7, 2.540e-7, -9.289e-8, -9.528e-8, -9.050e-8, -5.096e-7, -2.982e-7, 2.114e-7, -7.786e-8, -7.715e-8, -7.857e-8, -4.399e-7, -2.615e-7, 1.785e-7, -8.471e-8, -8.776e-8, -8.167e-8
0.312, -4.828e-7, -2.328e-7, 2.500e-7, -9.157e-8, -9.360e-8, -8.954e-8, -4.625e-7, -2.063e-7, 2.562e-7, -9.447e-8, -9.583e-8, -9.311e-8, -5.085e-7, -3.028e-7, 2.057e-7, -8.019e-8, -7.773e-8, -8.266e-8, -4.447e-7, -2.635e-7, 1.812e-7, -8.149e-8, -8.332e-8, -7.967e-8
0.308, -4.899e-7, -2.394e-7, 2.505e-7, -9.447e-8, -9.880e-8, -9.014e-8, -4.733e-7, -2.117e-7, 2.616e-7, -9.402e-8, -9.736e-8, -9.067e-8, -5.172e-7, -3.064e-7, 2.107e-7, -7.846e-8, -7.771e-8, -7.922e-8, -4.488e-7, -2.677e-7, 1.811e-7, -7.999e-8, -8.111e-8, -7.886e-8
0.304, -4.914e-7, -2.426e-7, 2.488e-7, -9.262e-8, -9.642e-8, -8.883e-8, -4.771e-7, -2.170e-7, 2.601e-7, -9.491e-8, -9.830e-8, -9.152e-8, -5.269e-7, -3.122e-7, 2.148e-7, -7.683e-8, -7.698e-8, -7.667e-8, -4.514e-7, -2.678e-7, 1.836e-7, -7.858e-8, -7.830e-8, -7.886e-8
0.300, -4.950e-7, -2.424e-7, 2.525e-7, -9.262e-8, -9.457e-8, -9.068e-8, -4.767e-7, -2.163e-7, 2.605e-7, -9.207e-8, -9.461e-8, -8.954e-8, -5.300e-7, -3.152e-7, 2.148e-7, -7.723e-8, -7.711e-8, -7.735e-8, -4.545e-7, -2.702e-7, 1.843e-7, -7.823e-8, -7.790e-8, -7.856e-8
0.296, -5.070e-7, -2.505e-7, 2.564e-7, -9.148e-8, -9.513e-8, -8.783e-8, -4.810e-7, -2.184e-7, 2.626e-7, -9.116e-8, -9.445e-8, -8.787e-8, -5.331e-7, -3.159e-7, 2.173e-7, -7.494e-8, -7.419e-8, -7.568e-8, -4.632e-7, -2.766e-7, 1.867e-7, -7.954e-8, -8.180e-8, -7.729e-8
0.292, -5.080e-7, -2.497e-7, 2.583e-7, -8.987e-8, -9.318e-8, -8.656e-8, -4.895e-7, -2.270e-7, 2.625e-7, -9.265e-8, -9.586e-8, -8.944e-8, -5.350e-7, -3.186e-7, 2.164e-7, -7.512e-8, -7.356e-8, -7.668e-8, -4.680e-7, -2.786e-7, 1.895e-7, -7.666e-8, -7.643e-8, -7.688e-8
0.288, -5.193e-7, -2.558e-7, 2.635e-7, -9.087e-8, -9.719e-8, -8.455e-8, -4.990e-7, -2.304e-7, 2.685e-7, -9.011e-8, -9.301e-8, -8.722e-8, -5.376e-7, -3.205e-7, 2.170e-7, -7.501e-8, -7.292e-8, -7.709e-8, -4.705e-7, -2.807e-7, 1.899e-7, -7.554e-8, -7.855e-8, -7.254e-8
0.284, -5.242e-7, -2.586e-7, 2.656e-7, -8.848e-8, -9.249e-8, -8.447e-8, -4.975e-7, -2.295e-7, 2.679e-7, -8.819e-8, -8.980e-8, -8.658e-8, -5.412e-7, -3.229e-7, 2.183e-7, -7.342e-8, -7.189e-8, -7.494e-8, -4.766e-7, -2.873e-7, 1.893e-7, -7.605e-8, -7.802e-8, -7.407e-8
0.280, -5.266e-7, -2.644e-7, 2.622e-7, -9.009e-8, -9.409e-8, -8.609e-8, -5.116e-7, -2.392e-7, 2.724e-7, -8.955e-8, -9.217e-8, -8.693e-8, -5.471e-7, -3.269e-7, 2.201e-7, -7.279e-8, -7.060e-8, -7.498e-8, -4.801e-7, -2.881e-7, 1.920e-7, -7.705e-8, -7.849e-8, -7.561e-8
0.276, -5.356e-7, -2.683e-7, 2.673e-7, -8.902e-8, -9.313e-8, -8.490e-8, -5.152e-7, -2.442e-7, 2.710e-7, -9.309e-8, -9.661e-8, -8.957e-8, -5.559e-7, -3.361e-7, 2.198e-7, -7.318e-8, -7.183e-8, -7.454e-8, -4.875e-7, -2.905e-7, 1.970e-7, -7.185e-8, -7.353e-8, -7.017e-8
0.272, -5.399e-7, -2.726e-7, 2.673e-7, -9.061e-8, -9.339e-8, -8.783e-8, -5.186e-7, -2.470e-7, 2.716e-7, -9.014e-8, -9.298e-8, -8.730e-8, -5.601e-7, -3.376e-7, 2.225e-7, -7.293e-8, -6.919e-8, -7.667e-8, -4.914e-7, -2.973e-7, 1.942e-7, -7.554e-8, -7.743e-8, -7.365e-8
0.268, -5.534e-7, -2.818e-7, 2.716e-7, -8.839e-8, -9.305e-8, -8.372e-8, -5.301e-7, -2.537e-7, 2.763e-7, -9.084e-8, -9.232e-8, -8.936e-8, -5.608e-7, -3.424e-7, 2.184e-7, -7.202e-8, -6.884e-8, -7.521e-8, -4.998e-7, -3.017e-7, 1.981e-7, -7.366e-8, -7.532e-8, -7.200e-8
0.264, -5.561e-7, -2.855e-7, 2.706e-7, -8.458e-8, -8.696e-8, -8.221e-8, -5.389e-7, -2.596e-7, 2.793e-7, -8.883e-8, -9.190e-8, -8.576e-8, -5.797e-7, -3.528e-7, 2.269e-7, -7.316e-8, -7.217e-8, -7.415e-8, -5.104e-7, -3.113e-7, 1.991e-7, -7.478e-8, -7.682e-8, -7.273e-8
0.260, -5.713e-7, -2.944e-7, 2.769e-7, -8.721e-8, -9.223e-8, -8.219e-8, -5.558e-7, -2.715e-7, 2.843e-7, -8.888e-8, -9.289e-8, -8.487e-8, -5.846e-7, -3.596e-7, 2.250e-7, -7.147e-8, -6.934e-8, -7.360e-8, -5.123e-7, -3.129e-7, 1.994e-7, -7.152e-8, -7.251e-8, -7.054e-8
0.256, -5.877e-7, -3.071e-7, 2.807e-7, -8.377e-8, -8.646e-8, -8.108e-8, -5.607e-7, -2.755e-7, 2.852e-7, -8.718e-8, -8.893e-8, -8.544e-8, -5.923e-7, -3.662e-7, 2.261e-7, -7.223e-8, -7.062e-8, -7.383e-8, -5.339e-7, -3.298e-7, 2.041e-7, -7.218e-8, -7.572e-8, -6.865e-8
0.252, -6.028e-7, -3.188e-7, 2.839e-7, -8.652e-8, -9.035e-8, -8.270e-8, -5.823e-7, -2.920e-7, 2.902e-7, -8.805e-8, -8.934e-8, -8.676e-8, -6.045e-7, -3.761e-7, 2.284e-7, -6.887e-8, -6.793e-8, -6.980e-8, -5.444e-7, -3.361e-7, 2.084e-7, -7.126e-8, -7.491e-8, -6.761e-8
0.248, -6.283e-7, -3.389e-7, 2.894e-7, -8.520e-8, -8.938e-8, -8.103e-8, -6.064e-7, -3.075e-7, 2.990e-7, -8.766e-8, -9.206e-8, -8.326e-8, -6.191e-7, -3.858e-7, 2.333e-7, -7.039e-8, -6.752e-8, -7.327e-8, -5.595e-7, -3.509e-7, 2.086e-7, -7.229e-8, -7.605e-8, -6.854e-8
0.244, -6.472e-7, -3.537e-7, 2.936e-7, -8.694e-8, -9.070e-8, -8.317e-8, -6.288e-7, -3.258e-7, 3.030e-7, -8.730e-8, -9.095e-8, -8.365e-8, -6.412e-7, -3.998e-7, 2.414e-7, -6.754e-8, -6.541e-8, -6.968e-8, -5.795e-7, -3.651e-7, 2.144e-7, -7.085e-8, -7.114e-8, -7.057e-8
0.240, -6.794e-7, -3.755e-7, 3.039e-7, -8.922e-8, -9.160e-8, -8.684e-8, -6.548e-7, -3.482e-7, 3.066e-7, -8.905e-8, -9.101e-8, -8.709e-8, -6.597e-7, -4.170e-7, 2.426e-7, -6.583e-8, -6.460e-8, -6.707e-8, -6.015e-7, -3.812e-7, 2.203e-7, -6.925e-8, -6.948e-8, -6.901e-8
0.236, -7.137e-7, -4.011e-7, 3.126e-7, -8.501e-8, -8.864e-8, -8.137e-8, -6.952e-7, -3.733e-7, 3.220e-7, -8.822e-8, -9.063e-8, -8.580e-8, -6.909e-7, -4.391e-7, 2.517e-7, -6.791e-8, -6.808e-8, -6.775e-8, -6.315e-7, -4.020e-7, 2.295e-7, -6.915e-8, -7.119e-8, -6.710e-8
0.232, -7.524e-7, -4.299e-7, 3.225e-7, -8.389e-8, -8.573e-8, -8.204e-8, -7.334e-7, -4.025e-7, 3.309e-7, -8.850e-8, -8.854e-8, -8.847e-8, -7.202e-7, -4.624e-7, 2.578e-7, -6.843e-8, -7.005e-8, -6.681e-8, -6.640e-7, -4.287e-7, 2.353e-7, -7.099e-8, -7.390e-8, -6.808e-8
0.228, -8.101e-7, -4.684e-7, 3.417e-7, -8.883e-8, -9.427e-8, -8.339e-8, -7.905e-7, -4.441e-7, 3.463e-7, -9.024e-8, -9.392e-8, -8.656e-8, -7.551e-7, -4.874e-7, 2.676e-7, -6.553e-8, -6.360e-8, -6.746e-8, -6.966e-7, -4.486e-7, 2.480e-7, -6.732e-8, -6.992e-8, -6.472e-8
0.224, -8.696e-7, -5.107e-7, 3.589e-7, -8.649e-8, -9.090e-8, -8.208e-8, -8.564e-7, -4.913e-7, 3.651e-7, -8.981e-8, -9.450e-8, -8.512e-8, -7.958e-7, -5.166e-7, 2.792e-7, -6.478e-8, -6.385e-8, -6.570e-8, -7.386e-7, -4.787e-7, 2.598e-7, -6.853e-8, -7.077e-8, -6.628e-8
0.220, -9.410e-7, -5.593e-7, 3.817e-7, -8.587e-8, -8.902e-8, -8.272e-8, -9.253e-7, -5.361e-7, 3.891e-7, -8.802e-8, -9.027e-8, -8.578e-8, -8.477e-7, -5.529e-7, 2.948e-7, -6.546e-8, -6.754e-8, -6.339e-8, -7.883e-7, -5.160e-7, 2.723e-7, -6.747e-8, -7.239e-8, -6.255e-8
0.216, -1.024e-6, -6.179e-7, 4.058e-7, -8.851e-8, -9.436e-8, -8.266e-8, -1.023e-6, -6.055e-7, 4.173e-7, -8.734e-8, -9.247e-8, -8.221e-8, -8.982e-7, -5.869e-7, 3.113e-7, -6.498e-8, -6.464e-8, -6.533e-8, -8.322e-7, -5.460e-7, 2.862e-7, -6.951e-8, -7.127e-8, -6.775e-8
0.212, -1.127e-6, -6.846e-7, 4.427e-7, -8.518e-8, -9.136e-8, -7.901e-8, -1.126e-6, -6.738e-7, 4.525e-7, -8.856e-8, -9.014e-8, -8.699e-8, -9.567e-7, -6.285e-7, 3.283e-7, -6.429e-8, -6.466e-8, -6.392e-8, -8.949e-7, -5.844e-7, 3.105e-7, -6.633e-8, -7.072e-8, -6.193e-8
0.208, -1.246e-6, -7.647e-7, 4.810e-7, -8.413e-8, -9.007e-8, -7.819e-8, -1.251e-6, -7.585e-7, 4.922e-7, -9.023e-8, -9.338e-8, -8.708e-8, -1.027e-6, -6.752e-7, 3.515e-7, -6.432e-8, -6.544e-8, -6.319e-8, -9.583e-7, -6.281e-7, 3.302e-7, -6.605e-8, -7.166e-8, -6.044e-8
0.204, -1.376e-6, -8.482e-7, 5.277e-7, -8.447e-8, -9.387e-8, -7.507e-8, -1.403e-6, -8.573e-7, 5.454e-7, -8.694e-8, -9.001e-8, -8.386e-8, -1.104e-6, -7.274e-7, 3.770e-7, -6.307e-8, -6.112e-8, -6.501e-8, -1.024e-6, -6.698e-7, 3.540e-7, -6.374e-8, -6.944e-8, -5.804e-8
0.200, -1.528e-6, -9.503e-7, 5.778e-7, -8.480e-8, -9.136e-8, -7.823e-8, -1.569e-6, -9.660e-7, 6.033e-7, -8.799e-8, -9.626e-8, -7.973e-8, -1.199e-6, -7.850e-7, 4.142e-7, -6.495e-8, -6.791e-8, -6.199e-8, -1.100e-6, -7.199e-7, 3.799e-7, -6.458e-8, -6.726e-8, -6.189e-8
0.196, -1.702e-6, -1.061e-6, 6.413e-7, -8.483e-8, -9.468e-8, -7.498e-8, -1.760e-6, -1.089e-6, 6.712e-7, -8.775e-8, -9.238e-8, -8.312e-8, -1.288e-6, -8.443e-7, 4.435e-7, -6.347e-8, -6.384e-8, -6.310e-8, -1.182e-6, -7.724e-7, 4.099e-7, -6.556e-8, -7.096e-8, -6.015e-8
0.192, -1.889e-6, -1.176e-6, 7.131e-7, -8.432e-8, -9.179e-8, -7.685e-8, -1.967e-6, -1.218e-6, 7.486e-7, -8.841e-8, -9.394e-8, -8.289e-8, -1.395e-6, -9.104e-7, 4.842e-7, -6.197e-8, -6.627e-8, -5.767e-8, -1.275e-6, -8.277e-7, 4.474e-7, -6.384e-8, -6.987e-8, -5.781e-8
0.188, -2.097e-6, -1.308e-6, 7.896e-7, -8.497e-8, -9.431e-8, -7.562e-8, -2.199e-6, -1.363e-6, 8.355e-7, -8.764e-8, -9.335e-8, -8.193e-8, -1.504e-6, -9.748e-7, 5.294e-7, -6.067e-8, -6.296e-8, -5.838e-8, -1.366e-6, -8.823e-7, 4.838e-7, -6.300e-8, -6.796e-8, -5.805e-8
0.184, -2.322e-6, -1.444e-6, 8.784e-7, -8.212e-8, -9.135e-8, -7.290e-8, -2.450e-6, -1.521e-6, 9.296e-7, -8.816e-8, -9.592e-8, -8.040e-8, -1.619e-6, -1.044e-6, 5.749e-7, -6.254e-8, -6.554e-8, -5.953e-8, -1.463e-6, -9.386e-7, 5.242e-7, -6.199e-8, -6.857e-8, -5.542e-8
0.180, -2.551e-6, -1.584e-6, 9.676e-7, -8.356e-8, -9.333e-8, -7.378e-8, -2.715e-6, -1.679e-6, 1.036e-6, -8.578e-8, -9.458e-8, -7.699e-8, -1.740e-6, -1.113e-6, 6.264e-7, -6.240e-8, -6.531e-8, -5.949e-8, -1.559e-6, -9.943e-7, 5.651e-7, -6.488e-8, -7.141e-8, -5.834e-8
0.176, -2.788e-6, -1.724e-6, 1.064e-6, -8.073e-8, -8.918e-8, -7.229e-8, -2.983e-6, -1.841e-6, 1.143e-6, -8.618e-8, -9.588e-8, -7.649e-8, -1.859e-6, -1.181e-6, 6.779e-7, -6.264e-8, -6.754e-8, -5.774e-8, -1.656e-6, -1.046e-6, 6.101e-7, -6.342e-8, -6.904e-8, -5.780e-8
0.172, -3.020e-6, -1.860e-6, 1.161e-6, -8.118e-8, -9.166e-8, -7.070e-8, -3.249e-6, -1.997e-6, 1.252e-6, -8.567e-8, -9.484e-8, -7.650e-8, -1.972e-6, -1.243e-6, 7.293e-7, -6.180e-8, -6.874e-8, -5.486e-8, -1.752e-6, -1.097e-6, 6.549e-7, -6.330e-8, -7.089e-8, -5.571e-8
0.168, -3.250e-6, -1.992e-6, 1.259e-6, -8.058e-8, -9.255e-8, -6.862e-8, -3.512e-6, -2.149e-6, 1.362e-6, -8.642e-8, -9.682e-8, -7.603e-8, -2.071e-6, -1.296e-6, 7.751e-7, -5.852e-8, -6.342e-8, -5.363e-8, -1.829e-6, -1.135e-6, 6.937e-7, -6.241e-8, -7.029e-8, -5.452e-8
0.164, -3.445e-6, -2.097e-6, 1.348e-6, -7.855e-8, -9.156e-8, -6.555e-8, -3.746e-6, -2.281e-6, 1.466e-6, -8.525e-8, -9.879e-8, -7.172e-8, -2.166e-6, -1.344e-6, 8.215e-7, -6.303e-8, -6.906e-8, -5.701e-8, -1.893e-6, -1.166e-6, 7.266e-7, -6.128e-8, -6.936e-8, -5.320e-8
0.160, -3.620e-6, -2.195e-6, 1.425e-6, -7.919e-8, -9.232e-8, -6.606e-8, -3.949e-6, -2.392e-6, 1.557e-6, -7.970e-8, -9.230e-8, -6.709e-8, -2.237e-6, -1.372e-6, 8.657e-7, -6.060e-8, -6.698e-8, -5.422e-8, -1.944e-6, -1.189e-6, 7.552e-7, -6.413e-8, -7.168e-8, -5.659e-8
0.156, -3.753e-6, -2.261e-6, 1.492e-6, -7.731e-8, -8.994e-8, -6.467e-8, -4.111e-6, -2.476e-6, 1.635e-6, -8.052e-8, -9.466e-8, -6.638e-8, -2.287e-6, -1.392e-6, 8.950e-7, -5.872e-8, -6.703e-8, -5.042e-8, -1.975e-6, -1.196e-6, 7.796e-7, -6.077e-8, -6.759e-8, -5.394e-8
0.152, -3.841e-6, -2.301e-6, 1.541e-6, -7.717e-8, -9.117e-8, -6.317e-8, -4.216e-6, -2.527e-6, 1.689e-6, -7.986e-8, -9.481e-8, -6.492e-8, -2.306e-6, -1.391e-6, 9.151e-7, -5.746e-8, -6.543e-8, -4.949e-8, -1.985e-6, -1.189e-6, 7.958e-7, -6.001e-8, -6.502e-8, -5.501e-8
0.148, -3.875e-6, -2.304e-6, 1.571e-6, -7.232e-8, -8.579e-8, -5.885e-8, -4.261e-6, -2.537e-6, 1.724e-6, -7.919e-8, -9.319e-8, -6.518e-8, -2.296e-6, -1.375e-6, 9.209e-7, -5.821e-8, -6.530e-8, -5.112e-8, -1.973e-6, -1.171e-6, 8.017e-7, -5.858e-8, -6.652e-8, -5.064e-8
0.144, -3.856e-6, -2.277e-6, 1.579e-6, -7.296e-8, -8.773e-8, -5.818e-8, -4.248e-6, -2.510e-6, 1.737e-6, -7.687e-8, -9.045e-8, -6.329e-8, -2.255e-6, -1.338e-6, 9.169e-7, -5.554e-8, -6.129e-8, -4.980e-8, -1.934e-6, -1.138e-6, 7.961e-7, -5.862e-8, -6.828e-8, -4.896e-8
0.140, -3.775e-6, -2.212e-6, 1.563e-6, -7.359e-8, -8.883e-8, -5.835e-8, -4.164e-6, -2.442e-6, 1.722e-6, -7.530e-8, -8.778e-8, -6.283e-8, -2.190e-6, -1.291e-6, 8.993e-7, -5.603e-8, -6.289e-8, -4.918e-8, -1.869e-6, -1.093e-6, 7.761e-7, -5.644e-8, -6.277e-8, -5.010e-8
0.136, -3.640e-6, -2.115e-6, 1.525e-6, -6.745e-8, -8.254e-8, -5.236e-8, -4.016e-6, -2.332e-6, 1.683e-6, -7.210e-8, -8.533e-8, -5.886e-8, -2.091e-6, -1.224e-6, 8.672e-7, -5.374e-8, -5.869e-8, -4.878e-8, -1.785e-6, -1.037e-6, 7.475e-7, -5.748e-8, -6.615e-8, -4.882e-8
0.132, -3.452e-6, -1.990e-6, 1.462e-6, -6.953e-8, -8.460e-8, -5.446e-8, -3.805e-6, -2.189e-6, 1.616e-6, -7.290e-8, -8.535e-8, -6.046e-8, -1.974e-6, -1.149e-6, 8.256e-7, -5.235e-8, -5.657e-8, -4.813e-8, -1.681e-6, -9.705e-7, 7.110e-7, -5.490e-8, -6.277e-8, -4.703e-8
0.128, -3.223e-6, -1.836e-6, 1.387e-6, -6.588e-8, -8.220e-8, -4.955e-8, -3.552e-6, -2.017e-6, 1.535e-6, -7.072e-8, -8.399e-8, -5.745e-8, -1.841e-6, -1.069e-6, 7.718e-7, -5.384e-8, -5.681e-8, -5.087e-8, -1.566e-6, -9.013e-7, 6.650e-7, -5.201e-8, -5.914e-8, -4.489e-8
0.124, -2.955e-6, -1.670e-6, 1.285e-6, -6.563e-8, -7.641e-8, -5.485e-8, -3.246e-6, -1.821e-6, 1.425e-6, -6.755e-8, -7.826e-8, -5.685e-8, -1.693e-6, -9.781e-7, 7.151e-7, -5.061e-8, -5.631e-8, -4.491e-8, -1.448e-6, -8.304e-7, 6.176e-7, -5.381e-8, -6.035e-8, -4.728e-8
0.120, -2.673e-6, -1.494e-6, 1.179e-6, -6.268e-8, -7.289e-8, -5.247e-8, -2.922e-6, -1.618e-6, 1.304e-6, -6.528e-8, -7.476e-8, -5.579e-8, -1.538e-6, -8.884e-7, 6.499e-7, -5.209e-8, -5.887e-8, -4.532e-8, -1.321e-6, -7.589e-7, 5.618e-7, -5.410e-8, -6.167e-8, -4.654e-8
0.116, -2.379e-6, -1.315e-6, 1.064e-6, -5.941e-8, -7.239e-8, -4.643e-8, -2.594e-6, -1.417e-6, 1.177e-6, -6.335e-8, -7.373e-8, -5.296e-8, -1.388e-6, -8.055e-7, 5.823e-7, -5.139e-8, -5.258e-8, -5.020e-8, -1.185e-6, -6.839e-7, 5.006e-7, -5.127e-8, -5.400e-8, -4.854e-8
0.112, -2.084e-6, -1.147e-6, 9.377e-7, -5.866e-8, -6.596e-8, -5.135e-8, -2.253e-6, -1.216e-6, 1.037e-6, -5.939e-8, -7.049e-8, -4.829e-8, -1.242e-6, -7.216e-7, 5.202e-7, -5.001e-8, -5.538e-8, -4.465e-8, -1.071e-6, -6.222e-7, 4.485e-7, -5.272e-8, -5.565e-8, -4.979e-8
0.108, -1.811e-6, -9.935e-7, 8.171e-7, -5.941e-8, -6.490e-8, -5.392e-8, -1.945e-6, -1.041e-6, 9.041e-7, -6.026e-8, -6.811e-8, -5.240e-8, -1.103e-6, -6.490e-7, 4.535e-7, -4.974e-8, -5.357e-8, -4.592e-8, -9.585e-7, -5.639e-7, 3.946e-7, -5.266e-8, -5.492e-8, -5.040e-8
0.104, -1.569e-6, -8.605e-7, 7.082e-7, -5.764e-8, -6.852e-8, -4.677e-8, -1.662e-6, -8.870e-7, 7.745e-7, -5.765e-8, -6.679e-8, -4.851e-8, -9.774e-7, -5.843e-7, 3.931e-7, -4.677e-8, -4.832e-8, -4.522e-8, -8.538e-7, -5.108e-7, 3.430e-7, -5.176e-8, -5.415e-8, -4.937e-8
0.100, -1.345e-6, -7.428e-7, 6.021e-7, -5.525e-8, -6.134e-8, -4.915e-8, -1.407e-6, -7.498e-7, 6.573e-7, -5.411e-8, -5.898e-8, -4.924e-8, -8.652e-7, -5.296e-7, 3.356e-7, -4.614e-8, -4.687e-8, -4.541e-8, -7.661e-7, -4.694e-7, 2.968e-7, -5.042e-8, -5.447e-8, -4.637e-8
0.096, -1.156e-6, -6.504e-7, 5.052e-7, -5.425e-8, -6.076e-8, -4.773e-8, -1.196e-6, -6.470e-7, 5.492e-7, -5.612e-8, -6.331e-8, -4.892e-8, -7.758e-7, -4.877e-7, 2.882e-7, -4.432e-8, -4.465e-8, -4.398e-8, -6.900e-7, -4.320e-7, 2.579e-7, -4.882e-8, -5.108e-8, -4.656e-8
0.092, -9.989e-7, -5.721e-7, 4.267e-7, -5.205e-8, -5.789e-8, -4.622e-8, -1.014e-6, -5.595e-7, 4.548e-7, -5.313e-8, -5.672e-8, -4.953e-8, -6.929e-7, -4.502e-7, 2.427e-7, -4.547e-8, -4.399e-8, -4.695e-8, -6.250e-7, -4.051e-7, 2.199e-7, -4.812e-8, -5.019e-8, -4.605e-8
0.088, -8.629e-7, -5.080e-7, 3.549e-7, -5.104e-8, -5.631e-8, -4.576e-8, -8.676e-7, -4.920e-7, 3.757e-7, -5.319e-8, -5.739e-8, -4.900e-8, -6.320e-7, -4.252e-7, 2.067e-7, -4.542e-8, -4.568e-8, -4.515e-8, -5.743e-7, -3.831e-7, 1.913e-7, -4.897e-8, -5.085e-8, -4.709e-8
0.084, -7.571e-7, -4.643e-7, 2.928e-7, -5.227e-8, -5.616e-8, -4.837e-8, -7.435e-7, -4.371e-7, 3.064e-7, -5.113e-8, -5.443e-8, -4.783e-8, -5.838e-7, -4.037e-7, 1.801e-7, -4.332e-8, -4.398e-8, -4.266e-8, -5.345e-7, -3.664e-7, 1.681e-7, -4.827e-8, -4.976e-8, -4.678e-8
0.080, -6.691e-7, -4.239e-7, 2.452e-7, -4.540e-8, -4.995e-8, -4.084e-8, -6.508e-7, -3.962e-7, 2.546e-7, -5.044e-8, -5.525e-8, -4.563e-8, -5.373e-7, -3.849e-7, 1.524e-7, -4.604e-8, -4.401e-8, -4.807e-8, -4.966e-7, -3.526e-7, 1.440e-7, -4.662e-8, -4.772e-8, -4.551e-8
0.076, -6.053e-7, -3.987e-7, 2.066e-7, -4.883e-8, -5.227e-8, -4.538e-8, -5.823e-7, -3.734e-7, 2.088e-7, -5.049e-8, -5.265e-8, -4.832e-8, -4.985e-7, -3.692e-7, 1.293e-7, -4.413e-8, -4.226e-8, -4.601e-8, -4.732e-7, -3.408e-7, 1.324e-7, -4.705e-8, -4.798e-8, -4.613e-8
0.072, -5.529e-7, -3.779e-7, 1.750e-7, -4.672e-8, -4.961e-8, -4.384e-8, -5.205e-7, -3.455e-7, 1.749e-7, -4.769e-8, -4.911e-8, -4.628e-8, -4.776e-7, -3.584e-7, 1.192e-7, -4.364e-8, -4.185e-8, -4.543e-8, -4.545e-7, -3.371e-7, 1.174e-7, -4.936e-8, -5.111e-8, -4.761e-8
0.068, -5.100e-7, -3.591e-7, 1.509e-7, -4.551e-8, -4.506e-8, -4.597e-8, -4.762e-7, -3.291e-7, 1.470e-7, -4.887e-8, -4.930e-8, -4.845e-8, -4.549e-7, -3.502e-7, 1.047e-7, -4.155e-8, -4.015e-8, -4.295e-8, -4.377e-7, -3.280e-7, 1.097e-7, -4.572e-8, -4.693e-8, -4.451e-8
0.064, -4.831e-7, -3.511e-7, 1.319e-7, -4.737e-8, -5.061e-8, -4.414e-8, -4.454e-7, -3.198e-7, 1.256e-7, -4.967e-8, -5.100e-8, -4.833e-8, -4.434e-7, -3.444e-7, 9.896e-8, -3.894e-8, -3.712e-8, -4.076e-8, -4.277e-7, -3.239e-7, 1.038e-7, -4.563e-8, -4.700e-8, -4.426e-8
0.060, -4.608e-7, -3.429e-7, 1.179e-7, -4.521e-8, -4.767e-8, -4.274e-8, -4.239e-7, -3.097e-7, 1.141e-7, -4.579e-8, -4.849e-8, -4.309e-8, -4.313e-7, -3.416e-7, 8.975e-8, -3.978e-8, -3.747e-8, -4.210e-8, -4.135e-7, -3.195e-7, 9.399e-8, -4.697e-8, -4.650e-8, -4.744e-8
0.056, -4.392e-7, -3.324e-7, 1.068e-7, -4.358e-8, -4.605e-8, -4.110e-8, -4.060e-7, -3.020e-7, 1.041e-7, -4.687e-8, -5.049e-8, -4.326e-8, -4.247e-7, -3.405e-7, 8.416e-8, -4.082e-8, -3.886e-8, -4.277e-8, -4.060e-7, -3.181e-7, 8.789e-8, -4.585e-8, -4.637e-8, -4.532e-8
0.052, -4.373e-7, -3.353e-7, 1.020e-7, -4.698e-8, -4.969e-8, -4.426e-8, -3.935e-7, -3.016e-7, 9.187e-8, -4.575e-8, -4.704e-8, -4.446e-8, -4.167e-7, -3.363e-7, 8.040e-8, -3.778e-8, -3.591e-8, -3.964e-8, -4.019e-7, -3.143e-7, 8.758e-8, -4.382e-8, -4.557e-8, -4.207e-8
0.048, -4.137e-7, -3.242e-7, 8.944e-8, -4.348e-8, -4.348e-8, -4.348e-8, -3.828e-7, -2.966e-7, 8.620e-8, -4.462e-8, -4.684e-8, -4.240e-8, -4.174e-7, -3.393e-7, 7.806e-8, -3.870e-8, -3.631e-8, -4.109e-8, -3.987e-7, -3.141e-7, 8.459e-8, -4.543e-8, -4.519e-8, -4.567e-8
0.044, -4.174e-7, -3.229e-7, 9.452e-8, -4.418e-8, -4.712e-8, -4.123e-8, -3.757e-7, -2.935e-7, 8.222e-8, -4.637e-8, -4.922e-8, -4.352e-8, -4.098e-7, -3.387e-7, 7.116e-8, -3.875e-8, -3.603e-8, -4.147e-8, -3.977e-7, -3.150e-7, 8.269e-8, -4.137e-8, -4.243e-8, -4.030e-8
0.040, -4.110e-7, -3.232e-7, 8.779e-8, -4.244e-8, -4.400e-8, -4.087e-8, -3.711e-7, -2.909e-7, 8.027e-8, -4.344e-8, -4.210e-8, -4.477e-8, -4.065e-7, -3.338e-7, 7.266e-8, -3.735e-8, -3.367e-8, -4.104e-8, -3.989e-7, -3.175e-7, 8.134e-8, -4.460e-8, -4.654e-8, -4.265e-8
0.036, -4.047e-7, -3.193e-7, 8.539e-8, -4.215e-8, -4.381e-8, -4.049e-8, -3.690e-7, -2.924e-7, 7.654e-8, -4.377e-8, -4.525e-8, -4.228e-8, -4.099e-7, -3.382e-7, 7.167e-8, -3.757e-8, -3.562e-8, -3.952e-8, -3.926e-7, -3.165e-7, 7.609e-8, -4.095e-8, -3.947e-8, -4.243e-8
0.032, -4.061e-7, -3.223e-7, 8.381e-8, -4.082e-8, -4.207e-8, -3.956e-8, -3.637e-7, -2.898e-7, 7.384e-8, -4.029e-8, -4.171e-8, -3.887e-8, -4.061e-7, -3.357e-7, 7.039e-8, -3.942e-8, -3.827e-8, -4.058e-8, -3.988e-7, -3.186e-7, 8.028e-8, -4.364e-8, -4.456e-8, -4.271e-8
0.028, -4.061e-7, -3.224e-7, 8.370e-8, -3.915e-8, -4.045e-8, -3.784e-8, -3.674e-7, -2.912e-7, 7.621e-8, -4.355e-8, -4.787e-8, -3.922e-8, -4.099e-7, -3.429e-7, 6.706e-8, -3.906e-8, -3.659e-8, -4.154e-8, -3.973e-7, -3.225e-7, 7.489e-8, -4.242e-8, -4.283e-8, -4.201e-8
0.024, -4.103e-7, -3.270e-7, 8.330e-8, -4.022e-8, -4.228e-8, -3.817e-8, -3.591e-7, -2.885e-7, 7.068e-8, -4.081e-8, -4.088e-8, -4.075e-8, -4.092e-7, -3.416e-7, 6.756e-8, -3.958e-8, -3.779e-8, -4.136e-8, -4.002e-7, -3.246e-7, 7.568e-8, -4.218e-8, -4.616e-8, -3.821e-8
0.020, -4.084e-7, -3.287e-7, 7.964e-8, -4.115e-8, -4.296e-8, -3.934e-8, -3.627e-7, -2.935e-7, 6.918e-8, -4.231e-8, -4.315e-8, -4.146e-8, -4.067e-7, -3.405e-7, 6.616e-8, -3.683e-8, -3.390e-8, -3.976e-8, -4.021e-7, -3.264e-7, 7.571e-8, -4.175e-8, -4.422e-8, -3.928e-8
0.016, -4.112e-7, -3.322e-7, 7.904e-8, -4.240e-8, -4.410e-8, -4.070e-8, -3.647e-7, -2.963e-7, 6.832e-8, -4.250e-8, -4.255e-8, -4.245e-8, -4.041e-7, -3.428e-7, 6.125e-8, -3.530e-8, -3.184e-8, -3.876e-8, -4.003e-7, -3.247e-7, 7.565e-8, -3.973e-8, -4.195e-8, -3.752e-8
0.012, -4.086e-7, -3.321e-7, 7.647e-8, -3.847e-8, -3.977e-8, -3.717e-8, -3.660e-7, -2.999e-7, 6.609e-8, -4.151e-8, -4.375e-8, -3.928e-8, -4.134e-7, -3.475e-7, 6.584e-8, -3.574e-8, -3.328e-8, -3.819e-8, -4.017e-7, -3.288e-7, 7.291e-8, -4.120e-8, -4.070e-8, -4.170e-8
0.008, -4.136e-7, -3.359e-7, 7.774e-8, -4.008e-8, -4.246e-8, -3.770e-8, -3.641e-7, -2.963e-7, 6.782e-8, -3.911e-8, -4.086e-8, -3.735e-8, -4.134e-7, -3.489e-7, 6.450e-8, -3.457e-8, -3.189e-8, -3.725e-8, -4.060e-7, -3.340e-7, 7.200e-8, -4.176e-8, -4.332e-8, -4.020e-8
0.004, -4.153e-7, -3.391e-7, 7.622e-8, -3.914e-8, -4.274e-8, -3.553e-8, -3.713e-7, -3.049e-7, 6.638e-8, -4.010e-8, -4.357e-8, -3.662e-8, -4.181e-7, -3.545e-7, 6.354e-8, -3.645e-8, -3.439e-8, -3.851e-8, -4.044e-7, -3.364e-7, 6.804e-8, -3.994e-8, -3.941e-8, -4.048e-8
0.000, -4.180e-7, -3.442e-7, 7.385e-8, -3.739e-8, -4.013e-8, -3.465e-8, -3.764e-7, -3.095e-7, 6.682e-8, -4.046e-8, -4.267e-8, -3.824e-8, -4.180e-7, -3.582e-7, 5.977e-8, -3.642e-8, -3.305e-8, -3.979e-8, -4.064e-7, -3.401e-7, 6.632e-8, -3.921e-8, -3.841e-8, -4.002e-8
