0.002	1.135e-6	-1.821e-7	1.357e-6	-2.080e-7	1.077e-6	-1.698e-7	1.076e-6	-1.693e-7
0.003	1.031e-6	-9.444e-8	1.239e-6	-1.206e-7	9.871e-7	-9.529e-8	9.704e-7	-7.956e-8
0.004	9.810e-7	-5.681e-8	1.182e-6	-8.474e-8	9.164e-7	-6.382e-8	9.106e-7	-5.074e-8
0.005	9.309e-7	-3.910e-8	1.121e-6	-7.642e-8	9.002e-7	-4.971e-8	8.930e-7	-3.784e-8
0.006	8.992e-7	-3.903e-8	1.097e-6	-2.967e-7	8.686e-7	-3.240e-8	8.512e-7	-3.004e-8
0.007	8.908e-7	-2.226e-8	1.073e-6	-3.108e-7	8.320e-7	-3.678e-8	8.357e-7	-3.222e-8
0.008	8.596e-7	-2.315e-8	1.049e-6	-1.171e-7	8.355e-7	-2.217e-8	8.233e-7	-1.716e-8
0.009	8.587e-7	-1.934e-8	1.039e-6	-6.268e-7	8.089e-7	-1.675e-8	8.019e-7	-1.768e-8
0.010	8.468e-7	-9.907e-9	1.017e-6	-1.079e-6	8.001e-7	-2.012e-8	8.057e-7	-1.535e-8
0.011	8.405e-7	-1.159e-8	1.015e-6	-1.117e-6	7.985e-7	-1.801e-8	7.933e-7	-1.404e-8
0.012	8.266e-7	-1.263e-8	9.993e-7	-1.295e-6	7.930e-7	-1.472e-8	7.921e-7	-6.265e-9
0.013	8.177e-7	-9.189e-9	9.932e-7	-1.165e-6	7.777e-7	-1.145e-8	7.732e-7	-1.454e-8
0.014	8.095e-7	-8.248e-9	9.768e-7	-1.162e-6	7.669e-7	-9.889e-9	7.772e-7	-3.170e-9
0.015	7.996e-7	-7.827e-9	9.706e-7	-1.134e-6	7.735e-7	-1.298e-8	7.683e-7	-4.408e-9
0.016	8.059e-7	-3.419e-9	9.700e-7	-1.207e-6	7.600e-7	-9.444e-9	7.431e-7	-1.080e-8
0.017	7.778e-7	-5.449e-9	9.784e-7	-1.138e-6	7.533e-7	-8.998e-9	7.473e-7	1.436e-9
0.018	7.813e-7	-1.025e-8	9.477e-7	-1.037e-6	7.578e-7	-2.956e-9	7.510e-7	3.986e-9
0.019	7.885e-7	-5.202e-9	9.429e-7	-9.317e-7	7.444e-7	-8.131e-9	7.589e-7	9.651e-10
0.020	7.768e-7	-2.494e-10	9.611e-7	-8.280e-7	7.401e-7	-1.090e-8	7.340e-7	2.426e-9
0.021	7.680e-7	-5.449e-9	9.420e-7	-7.632e-7	7.352e-7	-3.674e-9	7.469e-7	3.417e-9
0.022	7.768e-7	-3.444e-9	9.353e-7	-7.313e-7	7.286e-7	-1.223e-9	7.390e-7	-5.919e-9
0.023	7.598e-7	-5.177e-9	9.318e-7	-8.448e-7	7.443e-7	-4.912e-9	7.413e-7	-2.180e-9
0.024	7.665e-7	4.133e-9	9.393e-7	-7.638e-7	7.351e-7	-4.466e-9	7.363e-7	-5.003e-9
0.025	7.763e-7	-9.733e-9	9.349e-7	-6.577e-7	7.263e-7	1.145e-10	7.172e-7	3.213e-10
0.026	7.679e-7	2.400e-9	9.192e-7	-5.390e-7	7.298e-7	-2.263e-9	7.339e-7	2.302e-9
0.027	7.533e-7	-3.691e-9	9.292e-7	-5.069e-7	7.346e-7	-2.436e-9	7.216e-7	-2.254e-9
0.028	7.479e-7	1.781e-9	9.365e-7	-4.802e-7	7.287e-7	-7.859e-9	7.135e-7	4.630e-9
0.029	7.498e-7	-1.091e-9	9.270e-7	-3.766e-7	7.309e-7	-6.225e-9	7.250e-7	-3.344e-9
0.030	7.552e-7	3.696e-10	9.245e-7	-2.853e-7	7.162e-7	-8.527e-9	7.115e-7	7.354e-9
0.031	7.516e-7	2.970e-9	9.401e-7	-2.199e-7	7.222e-7	-6.002e-9	6.999e-7	2.476e-9
0.032	7.493e-7	3.688e-9	9.160e-7	-1.822e-7	7.268e-7	-3.228e-9	7.215e-7	2.500e-9
0.033	7.719e-7	-2.032e-9	9.179e-7	-1.654e-7	7.050e-7	1.229e-9	7.064e-7	3.788e-9
0.034	7.614e-7	2.846e-9	9.238e-7	-1.449e-7	7.050e-7	8.974e-11	7.126e-7	1.535e-9
0.035	7.442e-7	-1.785e-9	9.179e-7	-1.159e-7	7.161e-7	-2.981e-9	7.059e-7	1.156e-8
0.036	7.414e-7	-3.369e-9	9.174e-7	-9.078e-8	7.151e-7	2.888e-9	7.211e-7	-3.225e-10
0.037	7.446e-7	-5.961e-10	9.218e-7	-8.627e-8	7.211e-7	1.303e-9	7.052e-7	4.580e-9
0.038	7.619e-7	1.682e-9	9.152e-7	-7.033e-8	7.145e-7	-5.927e-9	7.134e-7	1.163e-9
0.039	7.505e-7	8.649e-10	9.073e-7	-5.960e-8	7.146e-7	2.417e-9	7.153e-7	5.051e-9
0.040	7.465e-7	-2.206e-9	9.163e-7	-5.118e-8	7.121e-7	1.353e-9	7.117e-7	1.411e-9
0.041	7.543e-7	-4.781e-9	9.264e-7	-4.410e-8	7.108e-7	-4.055e-10	6.971e-7	2.773e-9
0.042	7.418e-7	8.046e-9	9.198e-7	-4.081e-8	7.069e-7	-9.320e-9	7.081e-7	6.041e-9
0.043	7.533e-7	-1.801e-12	9.093e-7	-3.749e-8	7.109e-7	-3.312e-10	7.069e-7	-6.397e-13
0.044	7.483e-7	1.954e-9	9.189e-7	-3.467e-8	7.195e-7	9.564e-10	6.993e-7	3.218e-9
0.045	7.397e-7	1.905e-9	9.070e-7	-3.175e-8	7.219e-7	-5.209e-9	7.020e-7	5.175e-9
0.046	7.361e-7	1.682e-9	9.258e-7	-2.605e-8	7.290e-7	-2.981e-9	6.880e-7	3.837e-9
0.047	7.348e-7	2.458e-10	9.196e-7	-3.011e-8	7.218e-7	-9.307e-12	7.023e-7	7.725e-9
0.048	7.405e-7	-2.726e-9	9.025e-7	-2.189e-8	7.235e-7	1.402e-9	7.052e-7	-5.206e-10
0.049	7.391e-7	6.915e-10	9.149e-7	-2.701e-9	7.231e-7	8.078e-10	7.003e-7	1.479e-10
0.050	7.351e-7	4.653e-9	9.207e-7	-6.291e-9	7.135e-7	4.022e-11	7.011e-7	2.476e-9
0.051	7.545e-7	-3.369e-9	9.140e-7	-8.470e-9	7.080e-7	4.612e-10	7.172e-7	4.283e-9
0.052	7.304e-7	6.139e-9	9.138e-7	-7.331e-9	7.271e-7	-2.535e-9	6.985e-7	3.738e-9
0.053	7.429e-7	1.114e-8	9.093e-7	-4.657e-9	7.175e-7	-5.284e-9	7.073e-7	-8.426e-10
0.054	7.359e-7	4.010e-9	9.121e-7	-6.984e-9	7.292e-7	-2.560e-9	7.177e-7	6.809e-9
0.055	7.303e-7	3.201e-10	9.175e-7	-5.796e-9	7.295e-7	-8.265e-10	7.128e-7	5.497e-9
0.056	7.449e-7	-5.846e-9	9.175e-7	-3.171e-9	7.110e-7	6.181e-9	7.125e-7	-2.540e-11
0.057	7.473e-7	5.099e-9	9.208e-7	-6.861e-9	7.187e-7	1.996e-9	7.137e-7	6.512e-9
0.058	7.458e-7	-1.141e-9	9.129e-7	-1.784e-9	7.169e-7	1.303e-9	7.119e-7	2.748e-9
0.059	7.417e-7	-1.735e-9	9.108e-7	-3.295e-9	7.174e-7	5.017e-9	7.134e-7	3.986e-9
0.060	7.347e-7	6.709e-9	9.225e-7	-2.651e-9	7.259e-7	-4.640e-9	7.165e-7	-2.235e-10
0.061	7.471e-7	3.737e-9	9.090e-7	-2.577e-9	7.035e-7	3.556e-9	7.184e-7	7.279e-9
0.062	7.328e-7	6.263e-9	9.180e-7	-4.533e-9	7.265e-7	3.928e-9	7.094e-7	7.775e-9
0.063	7.550e-7	3.886e-9	9.176e-7	-8.371e-9	7.166e-7	-3.823e-9	7.101e-7	1.562e-8
0.064	7.562e-7	4.703e-9	9.300e-7	-7.381e-9	7.165e-7	6.429e-9	7.121e-7	7.279e-9
0.065	7.452e-7	5.149e-9	9.238e-7	-9.906e-9	7.258e-7	4.572e-9	7.043e-7	1.151e-8
0.066	7.494e-7	6.981e-9	9.416e-7	3.639e-9	7.211e-7	9.564e-10	7.090e-7	1.881e-9
0.067	7.469e-7	-7.609e-11	9.330e-7	-2.626e-9	7.239e-7	5.835e-9	7.122e-7	7.552e-9
0.068	7.527e-7	5.025e-9	9.271e-7	-5.078e-9	7.275e-7	1.179e-9	7.142e-7	6.858e-9
0.069	7.529e-7	3.069e-9	9.140e-7	1.360e-9	7.204e-7	6.553e-9	7.313e-7	2.377e-9
0.070	7.387e-7	7.080e-9	9.332e-7	-1.264e-9	7.366e-7	3.631e-9	7.173e-7	5.051e-9
0.071	7.502e-7	5.347e-9	9.266e-7	-2.899e-9	7.327e-7	2.962e-9	7.214e-7	3.194e-9
0.072	7.450e-7	9.144e-10	9.339e-7	1.088e-9	7.352e-7	3.507e-9	7.239e-7	8.790e-9
0.073	7.494e-7	5.198e-9	9.296e-7	-2.255e-9	7.370e-7	1.699e-9	7.236e-7	1.087e-8
0.074	7.575e-7	4.901e-9	9.473e-7	-5.958e-10	7.234e-7	2.294e-9	7.229e-7	9.558e-9
0.075	7.519e-7	5.817e-9	9.402e-7	-6.118e-9	7.363e-7	6.107e-9	7.223e-7	6.784e-9
0.076	7.514e-7	4.926e-9	9.512e-7	-3.914e-9	7.413e-7	6.355e-9	7.335e-7	8.641e-9
0.077	7.569e-7	-6.217e-9	9.339e-7	-2.824e-9	7.401e-7	9.252e-9	7.436e-7	9.879e-9
0.078	7.669e-7	2.970e-9	9.348e-7	-1.636e-9	7.348e-7	7.023e-9	7.337e-7	5.744e-9
0.079	7.484e-7	-6.456e-10	9.458e-7	-7.579e-9	7.501e-7	9.524e-9	7.251e-7	5.992e-9
0.080	7.592e-7	1.905e-9	9.356e-7	3.292e-9	7.446e-7	2.294e-9	7.425e-7	-2.576e-9
0.081	7.476e-7	3.960e-9	9.431e-7	-3.691e-9	7.532e-7	4.745e-9	7.345e-7	7.527e-9
0.082	7.606e-7	-2.948e-9	9.518e-7	-7.059e-9	7.409e-7	3.235e-9	7.283e-7	7.106e-9
0.083	7.382e-7	3.638e-9	9.448e-7	-2.255e-9	7.684e-7	4.695e-9	7.264e-7	2.302e-9
0.084	7.658e-7	-2.676e-9	9.478e-7	-9.584e-9	7.359e-7	3.111e-9	7.339e-7	1.305e-8
0.085	7.536e-7	6.915e-10	9.363e-7	-4.360e-9	7.534e-7	4.448e-9	7.464e-7	4.655e-9
0.086	7.544e-7	-3.543e-9	9.442e-7	-2.453e-9	7.493e-7	6.652e-9	7.497e-7	3.937e-9
0.087	7.594e-7	3.118e-9	9.481e-7	-9.931e-9	7.526e-7	-1.421e-9	7.404e-7	9.137e-9
0.088	7.553e-7	1.112e-9	9.405e-7	-6.712e-9	7.545e-7	3.631e-9	7.519e-7	4.258e-9
0.089	7.672e-7	1.905e-9	9.575e-7	-4.558e-9	7.550e-7	2.046e-9	7.477e-7	2.723e-9
0.090	7.635e-7	-1.636e-9	9.382e-7	-7.925e-9	7.496e-7	2.665e-9	7.650e-7	7.428e-9
0.091	7.619e-7	6.114e-9	9.588e-7	-8.569e-9	7.692e-7	1.204e-9	7.543e-7	7.552e-9
0.092	7.669e-7	1.583e-9	9.593e-7	-5.152e-9	7.614e-7	1.996e-9	7.530e-7	3.763e-9
0.093	7.778e-7	-1.339e-9	9.599e-7	-2.552e-9	7.609e-7	3.457e-9	7.459e-7	1.411e-9
0.094	7.720e-7	2.177e-9	9.677e-7	-3.047e-9	7.671e-7	-5.457e-9	7.463e-7	3.664e-9
0.095	7.672e-7	-1.751e-10	9.577e-7	-1.082e-8	7.620e-7	1.922e-9	7.524e-7	5.472e-9
0.096	7.834e-7	5.718e-9	9.595e-7	-5.722e-9	7.553e-7	5.141e-9	7.576e-7	8.369e-9
0.097	7.664e-7	3.935e-9	9.806e-7	-2.428e-9	7.647e-7	2.318e-9	7.475e-7	5.175e-9
0.098	7.754e-7	6.015e-9	9.788e-7	-1.289e-9	7.711e-7	-7.522e-10	7.542e-7	6.561e-9
0.099	7.789e-7	-4.970e-10	9.618e-7	-1.066e-9	7.674e-7	4.522e-9	7.665e-7	4.655e-9
0.100	7.691e-7	4.802e-9	9.594e-7	-5.101e-11	7.767e-7	1.179e-9	7.750e-7	8.295e-9
0.101	7.814e-7	6.915e-10	9.769e-7	-9.424e-10	7.624e-7	3.061e-9	7.587e-7	4.209e-9
0.102	7.819e-7	6.659e-9	9.615e-7	-1.050e-8	7.780e-7	3.532e-9	7.766e-7	1.310e-8
0.103	7.826e-7	7.105e-9	9.804e-7	2.178e-9	7.668e-7	4.844e-9	7.645e-7	2.154e-9
0.104	7.771e-7	4.926e-9	9.800e-7	-4.062e-9	7.830e-7	7.583e-10	7.601e-7	8.418e-9
0.105	7.892e-7	7.163e-10	9.707e-7	-9.436e-9	7.632e-7	2.764e-9	7.765e-7	7.626e-9
0.106	7.897e-7	6.932e-9	9.785e-7	-1.322e-8	7.761e-7	4.364e-10	7.632e-7	6.190e-9
0.107	7.827e-7	5.430e-10	9.812e-7	-2.948e-9	7.763e-7	4.695e-9	7.724e-7	5.348e-9
0.108	7.978e-7	2.573e-9	9.865e-7	-5.301e-9	7.764e-7	1.427e-9	7.687e-7	2.079e-9
0.109	7.897e-7	-2.948e-9	9.841e-7	-1.339e-9	7.748e-7	2.145e-9	7.790e-7	4.159e-9
0.110	7.815e-7	4.158e-9	9.736e-7	-5.251e-9	7.913e-7	3.457e-9	7.893e-7	7.973e-9
0.111	8.074e-7	4.554e-9	9.895e-7	-9.312e-9	7.655e-7	1.600e-9	7.732e-7	1.265e-8
0.112	7.906e-7	6.015e-9	9.888e-7	-1.129e-8	7.935e-7	-9.255e-10	7.846e-7	9.285e-9
0.113	7.880e-7	3.985e-9	9.909e-7	-5.821e-9	7.886e-7	-1.396e-9	7.785e-7	5.447e-9
0.114	7.980e-7	-4.360e-9	9.903e-7	-6.205e-10	7.914e-7	3.012e-9	7.889e-7	3.466e-9
0.115	7.874e-7	-8.223e-9	9.975e-7	-1.124e-8	8.023e-7	1.143e-8	7.813e-7	8.716e-9
0.116	7.933e-7	5.471e-9	9.920e-7	-1.339e-9	7.973e-7	-1.693e-9	7.982e-7	1.411e-9
0.117	8.053e-7	1.979e-9	9.984e-7	-4.967e-10	7.885e-7	6.132e-9	7.914e-7	3.020e-9
0.118	8.018e-7	2.458e-10	1.001e-6	1.718e-10	7.846e-7	5.389e-9	7.843e-7	7.917e-10
0.119	8.000e-7	2.499e-9	9.965e-7	-5.845e-9	8.011e-7	3.036e-9	7.972e-7	1.040e-8
0.120	8.028e-7	3.069e-9	1.009e-6	-5.821e-9	7.968e-7	1.476e-9	7.988e-7	3.615e-9
0.121	8.103e-7	3.366e-9	1.008e-6	-1.487e-9	7.952e-7	2.789e-9	7.932e-7	6.462e-9
0.122	8.036e-7	2.375e-9	1.017e-6	1.905e-9	8.070e-7	7.345e-9	7.867e-7	3.070e-9
0.123	8.070e-7	8.170e-9	1.011e-6	3.886e-9	8.081e-7	2.838e-9	8.012e-7	6.140e-9
0.124	8.101e-7	8.566e-9	1.011e-6	-3.843e-8	7.995e-7	2.764e-9	8.055e-7	8.171e-9
0.125	8.017e-7	3.688e-9	1.001e-6	-1.880e-8	8.013e-7	2.541e-9	8.107e-7	2.921e-9
0.126	8.073e-7	6.387e-9	1.012e-6	-1.585e-8	8.195e-7	9.317e-10	8.085e-7	3.441e-9
0.127	8.043e-7	8.739e-9	1.013e-6	-1.627e-8	8.095e-7	6.345e-10	8.207e-7	9.756e-9
0.128	8.085e-7	6.173e-10	1.019e-6	-1.545e-8	8.108e-7	8.410e-9	8.144e-7	1.067e-8
0.129	8.069e-7	9.639e-10	1.034e-6	-3.518e-9	8.122e-7	6.404e-9	7.941e-7	1.119e-8
0.130	8.108e-7	4.381e-9	1.034e-6	-1.313e-8	8.217e-7	1.972e-9	8.108e-7	1.039e-9
0.131	8.272e-7	4.687e-10	1.035e-6	-8.123e-9	8.104e-7	5.934e-9	8.010e-7	2.470e-10
0.132	8.211e-7	4.827e-9	1.040e-6	-1.102e-8	8.186e-7	2.591e-9	8.069e-7	8.220e-9
0.133	8.209e-7	1.286e-9	1.029e-6	-1.305e-8	8.117e-7	4.819e-9	8.145e-7	6.858e-9
0.134	8.161e-7	-1.801e-12	1.029e-6	-1.268e-8	8.209e-7	5.612e-9	8.230e-7	8.716e-9
0.135	8.134e-7	5.570e-9	1.030e-6	-1.417e-8	8.163e-7	-6.036e-10	8.195e-7	9.483e-9
0.136	8.273e-7	7.476e-9	1.030e-6	-1.337e-8	8.281e-7	-6.036e-10	8.293e-7	7.923e-9
0.137	8.253e-7	6.362e-9	1.037e-6	-9.213e-9	8.245e-7	2.269e-9	8.361e-7	7.329e-9
0.138	8.259e-7	2.524e-9	1.034e-6	-7.579e-9	8.305e-7	2.690e-9	8.258e-7	6.586e-9
0.139	8.382e-7	7.303e-9	1.041e-6	-1.013e-8	8.224e-7	3.804e-9	8.285e-7	6.017e-9
0.140	8.255e-7	1.608e-9	1.046e-6	-1.045e-8	8.434e-7	4.497e-9	8.270e-7	7.923e-9
0.141	8.290e-7	6.114e-9	1.051e-6	-3.518e-9	8.502e-7	4.200e-9	8.337e-7	8.171e-9
0.142	8.343e-7	1.065e-8	1.052e-6	-7.034e-9	8.272e-7	7.246e-9	8.289e-7	3.466e-9
0.143	8.278e-7	8.615e-9	1.049e-6	-9.981e-9	8.319e-7	1.848e-9	8.323e-7	9.434e-9
0.144	8.390e-7	2.326e-9	1.053e-6	-4.533e-9	8.348e-7	5.711e-9	8.447e-7	1.169e-8
0.145	8.277e-7	7.377e-9	1.060e-6	-3.443e-9	8.388e-7	7.048e-9	8.324e-7	1.062e-8
0.146	8.364e-7	2.202e-9	1.045e-6	-3.567e-9	8.444e-7	-9.503e-10	8.484e-7	1.241e-8
0.147	8.411e-7	5.941e-9	1.056e-6	-4.508e-9	8.450e-7	2.764e-9	8.450e-7	6.487e-9
0.148	8.406e-7	6.709e-9	1.048e-6	-6.701e-10	8.499e-7	1.105e-9	8.526e-7	6.116e-9
0.149	8.369e-7	3.564e-9	1.061e-6	-1.908e-9	8.537e-7	-9.503e-10	8.346e-7	3.243e-9
0.150	8.363e-7	1.682e-9	1.066e-6	-4.137e-9	8.559e-7	6.305e-9	8.415e-7	5.026e-9
0.151	8.493e-7	9.259e-9	1.059e-6	-3.369e-9	8.503e-7	6.107e-9	8.495e-7	5.447e-9
0.152	8.490e-7	-1.751e-10	1.072e-6	-6.489e-9	8.616e-7	8.435e-9	8.552e-7	6.215e-9
0.153	8.558e-7	4.332e-9	1.067e-6	-3.840e-9	8.479e-7	8.534e-9	8.500e-7	8.740e-9
0.154	8.442e-7	3.366e-9	1.055e-6	-2.491e-10	8.720e-7	6.800e-9	8.574e-7	2.203e-9
0.155	8.563e-7	6.263e-9	1.067e-6	-3.493e-9	8.550e-7	8.979e-9	8.557e-7	9.384e-9
0.156	8.512e-7	3.143e-9	1.081e-6	1.880e-9	8.623e-7	1.304e-8	8.602e-7	8.369e-9
0.157	8.533e-7	6.263e-9	1.088e-6	-6.861e-9	8.624e-7	7.791e-9	8.481e-7	9.558e-9
0.158	8.498e-7	7.204e-9	1.078e-6	-4.062e-9	8.632e-7	5.389e-9	8.641e-7	1.332e-8
0.159	8.540e-7	5.297e-9	1.078e-6	-1.586e-9	8.618e-7	5.215e-9	8.737e-7	5.695e-9
0.160	8.560e-7	7.906e-10	1.085e-6	-5.598e-9	8.640e-7	9.772e-9	8.638e-7	1.518e-8
0.161	8.700e-7	9.482e-9	1.095e-6	-1.008e-8	8.647e-7	3.532e-9	8.676e-7	1.255e-8
0.162	8.584e-7	5.991e-9	1.085e-6	-2.106e-9	8.770e-7	2.318e-9	8.629e-7	9.359e-9
0.163	8.611e-7	9.482e-9	1.083e-6	-2.106e-9	8.743e-7	9.069e-10	8.783e-7	1.010e-8
0.164	8.648e-7	1.220e-10	1.090e-6	-7.009e-9	8.763e-7	8.261e-9	8.664e-7	1.508e-8
0.165	8.693e-7	7.724e-9	1.091e-6	-3.196e-9	8.726e-7	2.937e-9	8.634e-7	7.478e-9
0.166	8.627e-7	2.994e-9	1.093e-6	-2.007e-9	8.714e-7	1.252e-8	8.715e-7	1.248e-8
0.167	8.703e-7	3.713e-9	1.107e-6	4.381e-9	8.750e-7	6.231e-9	8.697e-7	3.466e-9
0.168	8.767e-7	1.097e-8	1.106e-6	-2.205e-9	8.858e-7	5.315e-9	8.779e-7	7.354e-9
0.169	8.709e-7	4.307e-9	1.094e-6	-5.424e-9	8.824e-7	6.850e-9	8.863e-7	9.013e-9
0.170	8.767e-7	3.143e-9	1.104e-6	-4.013e-9	8.892e-7	7.543e-9	8.784e-7	1.528e-8
0.171	8.884e-7	7.600e-9	1.115e-6	8.899e-10	8.885e-7	1.888e-10	8.801e-7	1.191e-8
0.172	8.790e-7	5.322e-9	1.107e-6	3.204e-10	9.038e-7	8.410e-9	8.807e-7	1.572e-8
0.173	8.856e-7	6.733e-9	1.102e-6	-5.573e-9	8.842e-7	1.091e-8	8.973e-7	1.050e-8
0.174	8.690e-7	5.520e-9	1.100e-6	-4.087e-9	8.960e-7	8.063e-9	9.000e-7	7.007e-9
0.175	8.835e-7	-6.456e-10	1.112e-6	-2.453e-9	9.052e-7	1.217e-8	9.036e-7	6.759e-9
0.176	8.909e-7	9.953e-9	1.119e-6	-7.034e-9	9.048e-7	3.160e-9	9.078e-7	1.590e-8
0.177	8.765e-7	8.492e-9	1.124e-6	-2.403e-9	9.072e-7	2.492e-9	8.987e-7	1.166e-8
0.178	8.845e-7	8.393e-9	1.113e-6	-5.746e-9	9.080e-7	5.785e-9	9.024e-7	1.555e-8
0.179	8.799e-7	1.045e-8	1.129e-6	1.955e-9	9.103e-7	6.800e-9	9.009e-7	9.137e-9
0.180	9.003e-7	4.703e-9	1.131e-6	-3.617e-9	9.040e-7	7.419e-9	9.022e-7	1.231e-8
0.181	8.920e-7	-1.735e-9	1.125e-6	8.640e-9	8.993e-7	1.069e-8	9.017e-7	1.262e-9
0.182	8.951e-7	1.250e-8	1.126e-6	-4.038e-9	9.122e-7	5.042e-9	9.140e-7	1.184e-8
0.183	8.950e-7	1.230e-8	1.138e-6	-1.339e-9	9.034e-7	3.532e-9	9.013e-7	7.700e-9
0.184	9.086e-7	4.876e-9	1.121e-6	-5.102e-9	9.137e-7	6.701e-9	9.156e-7	1.228e-8
0.185	9.093e-7	5.545e-9	1.142e-6	-1.487e-9	9.149e-7	5.735e-9	9.138e-7	1.585e-8
0.186	9.049e-7	5.182e-10	1.149e-6	6.065e-9	9.211e-7	9.722e-9	9.099e-7	3.417e-9
0.187	9.078e-7	1.035e-8	1.140e-6	3.762e-9	9.219e-7	6.577e-9	9.096e-7	1.057e-8
0.188	9.055e-7	9.061e-9	1.147e-6	-6.205e-10	9.240e-7	4.547e-9	9.274e-7	8.518e-9
0.189	9.091e-7	3.688e-9	1.167e-6	-3.146e-9	9.238e-7	7.320e-9	9.089e-7	1.414e-8
0.190	9.185e-7	4.827e-9	1.149e-6	-3.493e-9	9.196e-7	5.934e-9	9.200e-7	1.013e-8
0.191	9.101e-7	1.855e-9	1.151e-6	-8.322e-9	9.233e-7	1.215e-8	9.233e-7	1.704e-8
0.192	9.345e-7	1.022e-8	1.155e-6	-6.701e-10	9.317e-7	2.665e-9	9.371e-7	8.617e-9
0.193	9.121e-7	9.259e-9	1.150e-6	-8.929e-10	9.380e-7	8.088e-9	9.323e-7	1.191e-8
0.194	9.212e-7	-9.923e-10	1.166e-6	-3.493e-9	9.280e-7	1.066e-8	9.233e-7	1.486e-8
0.195	9.287e-7	8.516e-9	1.155e-6	-3.889e-9	9.330e-7	1.996e-9	9.467e-7	1.198e-8
0.196	9.081e-7	9.358e-9	1.165e-6	-2.701e-9	9.465e-7	9.103e-9	9.316e-7	1.045e-8
0.197	9.291e-7	5.198e-9	1.153e-6	1.757e-9	9.502e-7	5.438e-9	9.473e-7	6.561e-9
0.198	9.372e-7	5.025e-9	1.175e-6	9.756e-11	9.223e-7	2.244e-9	9.293e-7	3.342e-9
0.199	9.212e-7	4.109e-9	1.167e-6	-1.933e-9	9.557e-7	5.513e-9	9.340e-7	8.418e-9
0.200	9.368e-7	6.065e-9	1.178e-6	-5.944e-9	9.457e-7	2.739e-9	9.395e-7	1.179e-8
0.201	9.309e-7	3.044e-9	1.181e-6	-9.362e-9	9.552e-7	4.473e-9	9.496e-7	1.357e-8
0.202	9.362e-7	1.286e-9	1.195e-6	-5.958e-10	9.542e-7	3.433e-9	9.348e-7	2.575e-9
0.203	9.405e-7	6.288e-9	1.185e-6	-1.661e-9	9.562e-7	5.513e-9	9.519e-7	4.580e-9
0.204	9.332e-7	-2.404e-9	1.183e-6	-3.617e-9	9.551e-7	7.097e-9	9.482e-7	6.561e-9
0.205	9.380e-7	1.334e-8	1.175e-6	-7.939e-10	9.478e-7	1.452e-9	9.626e-7	3.639e-9
0.206	9.411e-7	6.015e-9	1.181e-6	-5.672e-9	9.635e-7	2.294e-9	9.585e-7	9.236e-9
0.207	9.336e-7	1.218e-8	1.188e-6	-1.735e-9	9.765e-7	-1.247e-9	9.583e-7	9.186e-9
0.208	9.449e-7	9.680e-9	1.194e-6	-7.529e-9	9.642e-7	1.353e-9	9.597e-7	4.704e-9
0.209	9.441e-7	6.857e-9	1.199e-6	1.014e-9	9.809e-7	5.909e-9	9.660e-7	1.109e-8
0.210	9.491e-7	-7.199e-10	1.203e-6	1.955e-9	9.656e-7	4.324e-9	9.628e-7	4.778e-9
0.211	9.434e-7	9.334e-9	1.194e-6	-5.463e-10	9.753e-7	-9.998e-10	9.753e-7	1.025e-8
0.212	9.593e-7	6.164e-9	1.205e-6	-2.651e-9	9.733e-7	4.002e-9	9.735e-7	1.070e-8
0.213	9.549e-7	8.591e-9	1.201e-6	-3.146e-9	9.755e-7	1.064e-8	9.820e-7	7.750e-9
0.214	9.622e-7	4.133e-9	1.190e-6	-1.314e-9	9.674e-7	5.909e-9	9.884e-7	1.179e-8
0.215	9.540e-7	9.532e-9	1.204e-6	-5.710e-10	9.844e-7	-2.560e-9	9.915e-7	8.765e-9
0.216	9.679e-7	3.217e-9	1.210e-6	-2.007e-9	9.830e-7	2.195e-9	9.690e-7	6.636e-9
0.217	9.699e-7	6.139e-9	1.208e-6	-1.748e-10	9.911e-7	2.393e-9	9.869e-7	1.082e-8
0.218	9.547e-7	1.027e-8	1.215e-6	-6.365e-9	9.972e-7	1.774e-9	9.909e-7	1.060e-8
0.219	9.681e-7	1.104e-8	1.216e-6	-3.542e-9	9.865e-7	1.922e-9	9.858e-7	8.938e-9
0.220	9.772e-7	2.796e-9	1.228e-6	-2.800e-9	9.870e-7	4.175e-9	9.825e-7	8.493e-9
0.221	9.680e-7	4.530e-9	1.210e-6	-4.720e-10	9.911e-7	2.219e-9	9.938e-7	3.590e-9
0.222	9.847e-7	1.382e-8	1.224e-6	-1.809e-9	9.902e-7	-3.922e-9	1.003e-6	5.893e-9
0.223	9.927e-7	4.307e-9	1.215e-6	-1.215e-9	9.740e-7	5.587e-9	1.008e-6	9.335e-9
0.224	9.783e-7	4.653e-9	1.225e-6	3.267e-9	1.002e-6	5.215e-9	1.001e-6	4.258e-9
0.225	9.914e-7	7.377e-9	1.230e-6	-3.072e-9	9.942e-7	2.615e-9	1.005e-6	1.270e-8
0.226	9.937e-7	5.471e-9	1.240e-6	-3.790e-9	1.001e-6	2.937e-9	1.004e-6	1.159e-8
0.227	9.838e-7	3.292e-9	1.233e-6	3.947e-10	1.011e-6	3.655e-9	1.015e-6	2.624e-9
0.228	9.919e-7	3.093e-9	1.237e-6	-3.790e-9	9.984e-7	3.284e-9	1.010e-6	8.295e-9
0.229	1.002e-6	1.008e-8	1.238e-6	6.423e-10	1.009e-6	1.625e-9	1.012e-6	2.302e-9
0.230	9.972e-7	7.179e-9	1.243e-6	-1.537e-9	1.003e-6	2.690e-9	1.007e-6	7.799e-9
0.231	9.994e-7	8.649e-10	1.261e-6	3.204e-10	1.016e-6	6.033e-9	1.006e-6	9.841e-11
0.232	1.002e-6	1.119e-8	1.243e-6	-3.146e-9	1.015e-6	4.374e-9	1.014e-6	3.813e-9
0.233	1.003e-6	2.895e-9	1.255e-6	-2.243e-10	1.025e-6	4.819e-9	1.021e-6	7.081e-9
0.234	9.905e-7	8.368e-9	1.248e-6	2.722e-9	1.032e-6	2.244e-9	1.024e-6	8.165e-10
0.235	1.011e-6	3.944e-10	1.248e-6	-5.697e-9	1.019e-6	6.701e-9	1.025e-6	9.855e-9
0.236	1.010e-6	7.402e-9	1.258e-6	-4.830e-9	1.026e-6	2.838e-9	1.022e-6	1.431e-8
0.237	1.012e-6	4.703e-9	1.255e-6	-7.207e-9	1.028e-6	7.395e-9	1.031e-6	8.518e-9
0.238	1.014e-6	7.377e-9	1.252e-6	-6.712e-9	1.017e-6	2.368e-9	1.043e-6	7.255e-9
0.239	1.024e-6	1.979e-9	1.267e-6	-7.939e-10	1.028e-6	1.774e-9	1.035e-6	-3.566e-9
0.240	1.029e-6	3.514e-9	1.269e-6	-1.141e-9	1.035e-6	9.317e-10	1.035e-6	1.013e-8
0.241	1.022e-6	7.906e-10	1.274e-6	1.781e-9	1.039e-6	3.111e-9	1.043e-6	2.352e-9
0.242	1.037e-6	1.468e-10	1.271e-6	-7.939e-10	1.033e-6	6.404e-9	1.050e-6	2.674e-9
0.243	1.019e-6	4.629e-9	1.292e-6	-2.626e-9	1.041e-6	8.078e-10	1.030e-6	7.156e-9
0.244	1.034e-6	4.703e-9	1.276e-6	-4.186e-9	1.040e-6	5.116e-9	1.044e-6	9.657e-9
0.245	1.043e-6	9.036e-9	1.282e-6	-1.512e-9	1.031e-6	2.591e-9	1.050e-6	3.689e-9
0.246	1.026e-6	5.892e-9	1.281e-6	2.574e-9	1.048e-6	-6.284e-10	1.041e-6	-3.721e-10
0.247	1.044e-6	1.558e-9	1.278e-6	-1.028e-8	1.043e-6	6.652e-9	1.054e-6	1.176e-8
0.248	1.039e-6	1.732e-9	1.281e-6	-2.329e-9	1.053e-6	3.730e-9	1.056e-6	3.169e-9
0.249	1.040e-6	4.975e-9	1.296e-6	-4.483e-9	1.053e-6	2.343e-9	1.061e-6	1.000e-8
0.250	1.046e-6	-2.305e-9	1.291e-6	-6.563e-9	1.066e-6	4.448e-9	1.068e-6	6.314e-9
0.251	1.052e-6	9.284e-9	1.291e-6	-6.043e-9	1.070e-6	-5.185e-9	1.071e-6	6.140e-9
0.252	1.054e-6	4.554e-9	1.301e-6	-5.845e-9	1.071e-6	4.646e-9	1.068e-6	1.047e-8
0.253	1.063e-6	1.240e-8	1.299e-6	1.471e-10	1.069e-6	-3.055e-9	1.084e-6	6.834e-9
0.254	1.071e-6	6.560e-9	1.307e-6	3.812e-9	1.050e-6	1.179e-9	1.076e-6	3.788e-9
0.255	1.063e-6	6.213e-9	1.315e-6	-2.750e-9	1.077e-6	1.353e-9	1.075e-6	6.834e-9
0.256	1.066e-6	3.737e-9	1.308e-6	-4.731e-9	1.079e-6	2.764e-9	1.080e-6	1.013e-8
0.257	1.057e-6	3.935e-9	1.323e-6	-7.331e-9	1.097e-6	2.343e-9	1.082e-6	1.008e-8
0.258	1.072e-6	3.201e-10	1.308e-6	-9.461e-9	1.084e-6	4.076e-9	1.094e-6	6.264e-9
0.259	1.090e-6	4.233e-9	1.316e-6	-2.403e-9	1.082e-6	6.528e-9	1.092e-6	1.057e-8
0.260	1.093e-6	2.945e-9	1.317e-6	-1.149e-8	1.077e-6	6.097e-10	1.100e-6	9.978e-9
0.261	1.084e-6	2.772e-9	1.324e-6	-5.251e-9	1.096e-6	2.937e-9	1.111e-6	5.125e-9
0.262	1.095e-6	1.212e-9	1.339e-6	1.435e-9	1.093e-6	2.764e-9	1.101e-6	-5.206e-10
0.263	1.097e-6	1.979e-9	1.337e-6	1.435e-9	1.096e-6	1.749e-9	1.090e-6	1.015e-9
0.264	1.096e-6	2.078e-9	1.336e-6	2.722e-9	1.093e-6	1.996e-9	1.103e-6	1.931e-9
0.265	1.094e-6	1.930e-9	1.322e-6	-6.341e-9	1.107e-6	7.939e-9	1.120e-6	8.815e-9
0.266	1.114e-6	-1.364e-9	1.344e-6	-7.059e-9	1.102e-6	3.086e-9	1.111e-6	8.270e-9
0.267	1.104e-6	6.189e-9	1.343e-6	-1.240e-9	1.111e-6	-1.966e-9	1.114e-6	4.729e-9
0.268	1.105e-6	1.979e-9	1.346e-6	-3.022e-9	1.108e-6	2.987e-9	1.126e-6	1.075e-8
0.269	1.114e-6	1.286e-9	1.347e-6	-3.666e-9	1.110e-6	4.795e-9	1.123e-6	4.754e-9
0.270	1.118e-6	3.201e-10	1.350e-6	-4.682e-9	1.125e-6	2.145e-9	1.136e-6	3.664e-9
0.271	1.131e-6	8.417e-9	1.363e-6	-1.082e-8	1.123e-6	5.355e-10	1.122e-6	1.377e-8
0.272	1.134e-6	5.495e-9	1.370e-6	-7.691e-10	1.127e-6	2.269e-9	1.128e-6	4.828e-9
0.273	1.135e-6	5.124e-9	1.362e-6	-6.118e-9	1.127e-6	3.655e-9	1.152e-6	6.140e-9
0.274	1.132e-6	6.733e-9	1.372e-6	-4.335e-9	1.133e-6	-3.080e-9	1.146e-6	5.298e-9
0.275	1.148e-6	4.257e-9	1.376e-6	3.341e-9	1.130e-6	-4.055e-10	1.145e-6	6.184e-10
0.276	1.136e-6	-1.017e-9	1.380e-6	2.252e-9	1.146e-6	5.389e-9	1.152e-6	4.333e-9
0.277	1.137e-6	-1.215e-9	1.381e-6	4.195e-10	1.159e-6	6.800e-9	1.152e-6	2.996e-9
0.278	1.143e-6	4.208e-9	1.384e-6	-1.165e-9	1.161e-6	5.067e-9	1.149e-6	4.135e-9
0.279	1.152e-6	2.053e-9	1.393e-6	-1.501e-10	1.155e-6	-3.674e-9	1.159e-6	-1.907e-9
0.280	1.164e-6	4.158e-9	1.393e-6	-6.613e-9	1.165e-6	2.071e-9	1.165e-6	6.066e-9
0.281	1.168e-6	4.554e-9	1.389e-6	-8.767e-9	1.150e-6	-8.512e-10	1.182e-6	6.338e-9
0.282	1.172e-6	1.509e-9	1.383e-6	-2.527e-9	1.158e-6	3.680e-9	1.175e-6	5.298e-9
0.283	1.156e-6	4.728e-9	1.395e-6	-2.577e-9	1.177e-6	2.368e-9	1.187e-6	6.413e-9
0.284	1.180e-6	5.925e-10	1.404e-6	-3.691e-9	1.165e-6	2.615e-9	1.175e-6	5.942e-9
0.285	1.169e-6	1.335e-9	1.402e-6	8.157e-10	1.170e-6	6.355e-9	1.186e-6	9.403e-10
0.286	1.179e-6	4.133e-9	1.420e-6	-1.190e-9	1.174e-6	-7.463e-9	1.181e-6	6.184e-10
0.287	1.186e-6	5.421e-9	1.411e-6	-2.354e-9	1.179e-6	-1.743e-9	1.186e-6	1.559e-9
0.288	1.196e-6	-7.199e-10	1.423e-6	-2.973e-9	1.178e-6	-6.531e-10	1.194e-6	-3.443e-9
0.289	1.202e-6	-4.211e-9	1.420e-6	-4.310e-9	1.187e-6	9.564e-10	1.202e-6	4.203e-10
0.290	1.202e-6	1.335e-9	1.430e-6	-4.335e-9	1.191e-6	-4.055e-10	1.208e-6	-1.412e-9
0.291	1.202e-6	-4.409e-9	1.441e-6	-9.263e-9	1.205e-6	6.379e-9	1.202e-6	2.055e-9
0.292	1.214e-6	6.436e-9	1.431e-6	-5.920e-9	1.199e-6	-6.284e-10	1.211e-6	-2.978e-10
0.293	1.209e-6	3.201e-10	1.435e-6	-5.350e-9	1.208e-6	-3.823e-9	1.214e-6	-1.511e-9
0.294	1.207e-6	1.963e-10	1.437e-6	-7.901e-9	1.208e-6	-1.594e-9	1.221e-6	5.051e-9
0.295	1.206e-6	6.420e-10	1.451e-6	-1.218e-8	1.219e-6	8.326e-10	1.224e-6	4.258e-9
0.296	1.228e-6	-9.180e-10	1.448e-6	-5.994e-9	1.209e-6	-2.882e-9	1.221e-6	-2.675e-9
0.297	1.215e-6	1.137e-9	1.455e-6	-7.876e-9	1.233e-6	1.545e-11	1.216e-6	4.754e-9
0.298	1.234e-6	2.004e-9	1.465e-6	-1.228e-8	1.220e-6	1.848e-9	1.235e-6	3.689e-9
0.299	1.234e-6	-3.889e-9	1.466e-6	-1.314e-9	1.224e-6	1.155e-9	1.229e-6	-5.016e-11
0.300	1.246e-6	1.038e-9	1.468e-6	-9.114e-9	1.221e-6	-2.238e-9	1.236e-6	4.060e-9
0.301	1.250e-6	2.301e-9	1.462e-6	-7.504e-9	1.224e-6	-2.164e-9	1.239e-6	3.367e-9
0.302	1.255e-6	-7.084e-9	1.460e-6	-6.415e-9	1.222e-6	3.532e-9	1.251e-6	6.679e-10
0.303	1.252e-6	1.335e-9	1.484e-6	-8.222e-9	1.241e-6	-1.579e-10	1.243e-6	8.963e-9
0.304	1.264e-6	-4.385e-9	1.476e-6	-8.619e-9	1.243e-6	5.463e-9	1.259e-6	5.992e-9
0.305	1.266e-6	-5.961e-10	1.479e-6	-5.672e-9	1.247e-6	-2.263e-9	1.255e-6	7.007e-9
0.306	1.262e-6	1.013e-9	1.482e-6	-1.834e-9	1.252e-6	-1.247e-9	1.272e-6	4.407e-9
0.307	1.274e-6	-2.453e-9	1.497e-6	-4.855e-9	1.245e-6	1.080e-9	1.258e-6	1.005e-8
0.308	1.276e-6	2.706e-10	1.497e-6	-7.826e-9	1.260e-6	1.996e-9	1.261e-6	5.026e-9
0.309	1.286e-6	-1.042e-9	1.497e-6	-8.767e-9	1.256e-6	7.583e-10	1.280e-6	6.438e-9
0.310	1.300e-6	-2.354e-9	1.499e-6	2.709e-10	1.253e-6	-1.826e-10	1.283e-6	7.670e-10
0.311	1.290e-6	-2.552e-9	1.511e-6	-5.994e-9	1.266e-6	1.526e-9	1.283e-6	4.110e-9
0.312	1.293e-6	-1.141e-9	1.509e-6	-9.163e-9	1.274e-6	-1.866e-9	1.290e-6	1.386e-9
0.313	1.305e-6	-2.973e-9	1.521e-6	-2.739e-10	1.277e-6	-1.767e-9	1.292e-6	-1.610e-9
0.314	1.304e-6	-4.781e-9	1.517e-6	-4.062e-9	1.281e-6	-2.609e-9	1.288e-6	2.575e-9
0.315	1.310e-6	-6.787e-9	1.528e-6	-8.000e-9	1.296e-6	1.972e-9	1.297e-6	-4.284e-9
0.316	1.321e-6	-9.411e-9	1.525e-6	-1.233e-8	1.293e-6	1.724e-9	1.314e-6	5.893e-9
0.317	1.331e-6	3.201e-10	1.525e-6	-6.043e-9	1.289e-6	-5.556e-9	1.320e-6	-7.256e-9
0.318	1.327e-6	-2.131e-9	1.531e-6	-2.032e-9	1.307e-6	-2.981e-9	1.321e-6	-4.557e-9
0.319	1.348e-6	2.458e-10	1.542e-6	-9.882e-9	1.291e-6	-7.562e-9	1.320e-6	-5.003e-9
0.320	1.334e-6	-9.065e-9	1.547e-6	-1.211e-8	1.311e-6	-4.550e-10	1.318e-6	-1.363e-9
0.321	1.356e-6	-8.025e-9	1.564e-6	-7.975e-9	1.312e-6	6.097e-10	1.328e-6	-6.241e-9
0.322	1.353e-6	-8.371e-9	1.543e-6	-8.198e-9	1.315e-6	-9.750e-10	1.333e-6	-1.635e-9
0.323	1.359e-6	-5.350e-9	1.554e-6	-1.379e-8	1.324e-6	-6.447e-9	1.340e-6	2.327e-9
0.324	1.352e-6	-2.627e-9	1.555e-6	-1.508e-8	1.333e-6	-1.031e-8	1.353e-6	-1.338e-9
0.325	1.372e-6	-6.935e-9	1.570e-6	-1.082e-8	1.327e-6	-8.379e-9	1.349e-6	-2.799e-9
0.326	1.370e-6	-1.201e-8	1.571e-6	-7.504e-9	1.342e-6	-3.278e-9	1.348e-6	-5.919e-9
0.327	1.376e-6	-1.184e-8	1.576e-6	-7.282e-9	1.338e-6	-6.324e-9	1.364e-6	-7.801e-9
0.328	1.395e-6	-1.246e-8	1.584e-6	-8.990e-9	1.340e-6	-2.188e-9	1.359e-6	-3.294e-9
0.329	1.396e-6	-1.013e-8	1.567e-6	-1.506e-8	1.352e-6	-4.244e-9	1.385e-6	-4.408e-9
0.330	1.399e-6	-3.568e-9	1.589e-6	-1.196e-8	1.354e-6	-9.320e-9	1.372e-6	-4.928e-9
0.331	1.396e-6	-8.272e-9	1.589e-6	-1.298e-8	1.365e-6	-9.097e-9	1.386e-6	-4.582e-9
0.332	1.406e-6	-7.183e-9	1.598e-6	-1.466e-8	1.368e-6	-8.131e-9	1.387e-6	-6.043e-9
0.333	1.399e-6	-6.762e-9	1.591e-6	-1.944e-8	1.373e-6	-6.101e-9	1.385e-6	2.996e-9
0.334	1.425e-6	-1.231e-8	1.599e-6	-1.238e-8	1.367e-6	-1.817e-9	1.401e-6	-9.955e-9
0.335	1.423e-6	-1.704e-8	1.609e-6	-1.332e-8	1.387e-6	-4.764e-9	1.403e-6	-1.147e-8
0.336	1.441e-6	-1.171e-8	1.613e-6	-1.694e-8	1.372e-6	-9.246e-9	1.400e-6	-2.724e-9
0.337	1.440e-6	-9.164e-9	1.625e-6	-2.305e-8	1.387e-6	-1.180e-8	1.403e-6	-9.664e-10
0.338	1.433e-6	-1.830e-8	1.624e-6	-1.157e-8	1.397e-6	-9.766e-9	1.410e-6	-8.865e-9
0.339	1.443e-6	-1.439e-8	1.631e-6	-1.357e-8	1.399e-6	-7.487e-9	1.422e-6	-6.563e-9
0.340	1.446e-6	-1.716e-8	1.643e-6	-1.144e-8	1.402e-6	-1.234e-8	1.415e-6	-1.196e-8
0.341	1.457e-6	-1.513e-8	1.629e-6	-1.382e-8	1.405e-6	-1.390e-8	1.435e-6	-1.065e-8
0.342	1.455e-6	-1.793e-8	1.640e-6	-1.813e-8	1.418e-6	-4.887e-9	1.444e-6	-9.286e-9
0.343	1.468e-6	-1.548e-8	1.638e-6	-1.860e-8	1.420e-6	-9.345e-9	1.449e-6	-1.181e-8
0.344	1.481e-6	-1.553e-8	1.665e-6	-1.625e-8	1.429e-6	-1.081e-8	1.443e-6	-1.278e-8
0.345	1.480e-6	-1.892e-8	1.661e-6	-2.169e-8	1.427e-6	-1.482e-8	1.451e-6	-1.137e-8
0.346	1.478e-6	-1.904e-8	1.656e-6	-2.154e-8	1.440e-6	-1.979e-8	1.457e-6	-9.980e-9
0.347	1.501e-6	-2.323e-8	1.664e-6	-2.494e-8	1.435e-6	-1.259e-8	1.457e-6	-8.469e-9
0.348	1.504e-6	-1.704e-8	1.670e-6	-2.486e-8	1.440e-6	-1.724e-8	1.458e-6	-7.801e-9
0.349	1.508e-6	-1.781e-8	1.682e-6	-2.375e-8	1.444e-6	-1.593e-8	1.475e-6	-1.122e-8
0.350	1.517e-6	-2.454e-8	1.687e-6	-2.499e-8	1.455e-6	-1.422e-8	1.480e-6	-1.387e-8
0.351	1.516e-6	-1.469e-8	1.693e-6	-2.479e-8	1.466e-6	-1.960e-8	1.486e-6	-9.856e-9
0.352	1.513e-6	-2.365e-8	1.691e-6	-1.483e-8	1.470e-6	-1.534e-8	1.491e-6	-1.976e-8
0.353	1.534e-6	-2.489e-8	1.684e-6	-2.838e-8	1.471e-6	-1.878e-8	1.499e-6	-1.434e-8
0.354	1.550e-6	-2.868e-8	1.712e-6	-2.305e-8	1.467e-6	-1.286e-8	1.504e-6	-1.642e-8
0.355	1.555e-6	-1.989e-8	1.718e-6	-2.627e-8	1.479e-6	-2.158e-8	1.507e-6	-1.724e-8
0.356	1.560e-6	-2.722e-8	1.714e-6	-2.689e-8	1.478e-6	-2.175e-8	1.511e-6	-1.976e-8
0.357	1.562e-6	-1.932e-8	1.729e-6	-2.689e-8	1.494e-6	-2.408e-8	1.510e-6	-2.031e-8
0.358	1.569e-6	-2.499e-8	1.719e-6	-3.029e-8	1.484e-6	-1.984e-8	1.525e-6	-1.924e-8
0.359	1.583e-6	-2.328e-8	1.734e-6	-2.632e-8	1.490e-6	-2.670e-8	1.537e-6	-2.045e-8
0.360	1.587e-6	-2.509e-8	1.744e-6	-2.541e-8	1.509e-6	-2.405e-8	1.525e-6	-1.912e-8
0.361	1.587e-6	-3.358e-8	1.742e-6	-3.083e-8	1.523e-6	-2.101e-8	1.542e-6	-2.234e-8
0.362	1.606e-6	-2.828e-8	1.741e-6	-3.190e-8	1.529e-6	-2.447e-8	1.564e-6	-2.288e-8
0.363	1.608e-6	-2.605e-8	1.763e-6	-3.274e-8	1.535e-6	-2.626e-8	1.560e-6	-2.127e-8
0.364	1.619e-6	-2.937e-8	1.761e-6	-3.368e-8	1.531e-6	-2.678e-8	1.574e-6	-2.716e-8
0.365	1.634e-6	-2.769e-8	1.776e-6	-3.464e-8	1.536e-6	-3.230e-8	1.575e-6	-2.028e-8
0.366	1.642e-6	-2.840e-8	1.784e-6	-3.152e-8	1.544e-6	-2.512e-8	1.583e-6	-2.627e-8
0.367	1.642e-6	-3.308e-8	1.781e-6	-3.420e-8	1.555e-6	-2.334e-8	1.592e-6	-3.036e-8
0.368	1.654e-6	-3.135e-8	1.799e-6	-3.100e-8	1.569e-6	-2.745e-8	1.594e-6	-2.660e-8
0.369	1.679e-6	-3.826e-8	1.811e-6	-3.474e-8	1.554e-6	-2.455e-8	1.593e-6	-2.506e-8
0.370	1.674e-6	-3.412e-8	1.810e-6	-3.264e-8	1.581e-6	-3.245e-8	1.610e-6	-3.202e-8
0.371	1.670e-6	-3.214e-8	1.813e-6	-3.670e-8	1.600e-6	-2.987e-8	1.629e-6	-3.298e-8
0.372	1.683e-6	-3.256e-8	1.816e-6	-3.875e-8	1.592e-6	-3.440e-8	1.631e-6	-3.078e-8
0.373	1.693e-6	-3.910e-8	1.823e-6	-3.630e-8	1.608e-6	-2.804e-8	1.641e-6	-3.202e-8
0.374	1.723e-6	-4.061e-8	1.834e-6	-4.368e-8	1.608e-6	-2.985e-8	1.651e-6	-3.192e-8
0.375	1.702e-6	-4.351e-8	1.839e-6	-5.052e-8	1.630e-6	-3.069e-8	1.659e-6	-2.288e-8
0.376	1.724e-6	-4.165e-8	1.848e-6	-3.903e-8	1.627e-6	-3.250e-8	1.663e-6	-3.539e-8
0.377	1.729e-6	-4.091e-8	1.857e-6	-4.026e-8	1.644e-6	-3.918e-8	1.683e-6	-3.541e-8
0.378	1.747e-6	-4.059e-8	1.871e-6	-3.965e-8	1.649e-6	-3.710e-8	1.689e-6	-3.754e-8
0.379	1.757e-6	-5.104e-8	1.869e-6	-4.353e-8	1.649e-6	-3.411e-8	1.704e-6	-3.962e-8
0.380	1.754e-6	-4.403e-8	1.886e-6	-3.979e-8	1.665e-6	-3.530e-8	1.700e-6	-3.883e-8
0.381	1.780e-6	-5.114e-8	1.893e-6	-4.452e-8	1.673e-6	-4.054e-8	1.715e-6	-4.195e-8
0.382	1.796e-6	-5.200e-8	1.901e-6	-4.759e-8	1.672e-6	-3.562e-8	1.739e-6	-4.262e-8
0.383	1.790e-6	-4.967e-8	1.915e-6	-4.856e-8	1.703e-6	-4.166e-8	1.732e-6	-4.076e-8
0.384	1.799e-6	-5.421e-8	1.924e-6	-4.130e-8	1.712e-6	-3.980e-8	1.737e-6	-4.613e-8
0.385	1.818e-6	-4.158e-8	1.932e-6	-5.012e-8	1.711e-6	-5.248e-8	1.756e-6	-4.024e-8
0.386	1.829e-6	-5.354e-8	1.946e-6	-5.210e-8	1.728e-6	-4.723e-8	1.760e-6	-4.799e-8
0.387	1.831e-6	-5.535e-8	1.953e-6	-5.302e-8	1.735e-6	-4.470e-8	1.784e-6	-4.472e-8
0.388	1.855e-6	-5.166e-8	1.964e-6	-5.643e-8	1.740e-6	-4.998e-8	1.788e-6	-4.259e-8
0.389	1.858e-6	-5.341e-8	1.971e-6	-5.133e-8	1.766e-6	-5.317e-8	1.807e-6	-4.903e-8
0.390	1.878e-6	-5.666e-8	1.985e-6	-5.322e-8	1.764e-6	-5.075e-8	1.804e-6	-5.104e-8
0.391	1.896e-6	-6.245e-8	1.996e-6	-6.050e-8	1.767e-6	-5.003e-8	1.822e-6	-4.658e-8
0.392	1.903e-6	-6.149e-8	2.001e-6	-6.297e-8	1.792e-6	-5.278e-8	1.837e-6	-4.754e-8
0.393	1.903e-6	-6.211e-8	2.024e-6	-5.985e-8	1.815e-6	-5.359e-8	1.837e-6	-5.490e-8
0.394	1.928e-6	-6.641e-8	2.030e-6	-5.770e-8	1.824e-6	-5.446e-8	1.862e-6	-5.346e-8
0.395	1.946e-6	-6.540e-8	2.042e-6	-5.933e-8	1.830e-6	-5.508e-8	1.876e-6	-5.453e-8
0.396	1.949e-6	-7.097e-8	2.050e-6	-5.856e-8	1.845e-6	-5.466e-8	1.883e-6	-5.782e-8
0.397	1.971e-6	-6.783e-8	2.068e-6	-5.765e-8	1.846e-6	-5.397e-8	1.895e-6	-6.213e-8
0.398	1.981e-6	-6.391e-8	2.080e-6	-6.010e-8	1.864e-6	-6.392e-8	1.921e-6	-6.478e-8
0.399	2.002e-6	-6.634e-8	2.092e-6	-6.626e-8	1.878e-6	-6.211e-8	1.934e-6	-6.077e-8
0.400	2.026e-6	-7.922e-8	2.101e-6	-7.008e-8	1.890e-6	-5.676e-8	1.950e-6	-6.010e-8
0.401	2.023e-6	-7.265e-8	2.116e-6	-6.758e-8	1.910e-6	-6.588e-8	1.951e-6	-6.389e-8
0.402	2.046e-6	-7.060e-8	2.134e-6	-6.579e-8	1.911e-6	-7.236e-8	1.977e-6	-7.278e-8
0.403	2.058e-6	-7.018e-8	2.148e-6	-6.701e-8	1.940e-6	-6.887e-8	1.979e-6	-7.216e-8
0.404	2.092e-6	-7.798e-8	2.169e-6	-7.174e-8	1.944e-6	-7.110e-8	1.993e-6	-6.867e-8
0.405	2.091e-6	-7.889e-8	2.170e-6	-7.379e-8	1.966e-6	-6.709e-8	2.021e-6	-6.980e-8
0.406	2.120e-6	-8.070e-8	2.197e-6	-7.300e-8	1.970e-6	-6.865e-8	2.016e-6	-7.404e-8
0.407	2.129e-6	-7.912e-8	2.199e-6	-6.886e-8	1.992e-6	-7.459e-8	2.049e-6	-7.567e-8
0.408	2.139e-6	-8.679e-8	2.211e-6	-7.964e-8	2.011e-6	-6.697e-8	2.067e-6	-7.483e-8
0.409	2.168e-6	-8.825e-8	2.242e-6	-7.151e-8	2.024e-6	-7.261e-8	2.072e-6	-8.429e-8
0.410	2.176e-6	-8.471e-8	2.244e-6	-7.704e-8	2.039e-6	-8.346e-8	2.096e-6	-8.201e-8
0.411	2.197e-6	-8.957e-8	2.269e-6	-7.830e-8	2.059e-6	-7.749e-8	2.111e-6	-7.674e-8
0.412	2.212e-6	-8.362e-8	2.271e-6	-8.585e-8	2.074e-6	-8.791e-8	2.133e-6	-8.345e-8
0.413	2.240e-6	-8.971e-8	2.301e-6	-8.068e-8	2.084e-6	-8.286e-8	2.149e-6	-8.761e-8
0.414	2.239e-6	-9.298e-8	2.323e-6	-8.340e-8	2.116e-6	-8.180e-8	2.159e-6	-8.511e-8
0.415	2.262e-6	-9.707e-8	2.320e-6	-8.702e-8	2.137e-6	-8.321e-8	2.189e-6	-9.051e-8
0.416	2.293e-6	-9.348e-8	2.336e-6	-8.632e-8	2.141e-6	-8.675e-8	2.215e-6	-9.244e-8
0.417	2.304e-6	-9.922e-8	2.376e-6	-9.266e-8	2.162e-6	-8.128e-8	2.225e-6	-9.085e-8
0.418	2.334e-6	-1.007e-7	2.381e-6	-8.991e-8	2.170e-6	-8.712e-8	2.255e-6	-9.392e-8
0.419	2.349e-6	-1.068e-7	2.396e-6	-9.714e-8	2.201e-6	-9.485e-8	2.276e-6	-9.667e-8
0.420	2.376e-6	-1.090e-7	2.421e-6	-9.640e-8	2.228e-6	-8.866e-8	2.292e-6	-9.853e-8
0.421	2.399e-6	-1.027e-7	2.427e-6	-9.316e-8	2.228e-6	-9.923e-8	2.322e-6	-1.014e-7
0.422	2.418e-6	-1.081e-7	2.448e-6	-1.011e-7	2.265e-6	-1.027e-7	2.340e-6	-9.293e-8
0.423	2.430e-6	-1.106e-7	2.477e-6	-1.058e-7	2.285e-6	-1.020e-7	2.359e-6	-1.004e-7
0.424	2.466e-6	-1.174e-7	2.505e-6	-1.100e-7	2.302e-6	-9.668e-8	2.370e-6	-1.053e-7
0.425	2.475e-6	-1.179e-7	2.529e-6	-1.062e-7	2.332e-6	-1.016e-7	2.394e-6	-1.023e-7
0.426	2.512e-6	-1.120e-7	2.534e-6	-1.018e-7	2.347e-6	-1.037e-7	2.438e-6	-1.093e-7
0.427	2.537e-6	-1.158e-7	2.576e-6	-1.121e-7	2.373e-6	-1.052e-7	2.453e-6	-1.009e-7
0.428	2.567e-6	-1.234e-7	2.585e-6	-1.161e-7	2.396e-6	-1.053e-7	2.484e-6	-1.095e-7
0.429	2.595e-6	-1.282e-7	2.618e-6	-1.090e-7	2.409e-6	-1.102e-7	2.491e-6	-1.120e-7
0.430	2.604e-6	-1.232e-7	2.630e-6	-1.134e-7	2.449e-6	-1.125e-7	2.536e-6	-1.171e-7
0.431	2.631e-6	-1.334e-7	2.650e-6	-1.169e-7	2.476e-6	-1.090e-7	2.551e-6	-1.130e-7
0.432	2.650e-6	-1.288e-7	2.678e-6	-1.220e-7	2.502e-6	-1.213e-7	2.582e-6	-1.172e-7
0.433	2.690e-6	-1.310e-7	2.705e-6	-1.265e-7	2.515e-6	-1.193e-7	2.611e-6	-1.216e-7
0.434	2.722e-6	-1.361e-7	2.742e-6	-1.180e-7	2.541e-6	-1.211e-7	2.628e-6	-1.303e-7
0.435	2.741e-6	-1.424e-7	2.757e-6	-1.266e-7	2.569e-6	-1.186e-7	2.661e-6	-1.212e-7
0.436	2.778e-6	-1.454e-7	2.784e-6	-1.235e-7	2.581e-6	-1.207e-7	2.689e-6	-1.320e-7
0.437	2.796e-6	-1.418e-7	2.812e-6	-1.277e-7	2.627e-6	-1.277e-7	2.718e-6	-1.338e-7
0.438	2.820e-6	-1.509e-7	2.831e-6	-1.268e-7	2.652e-6	-1.332e-7	2.740e-6	-1.406e-7
0.439	2.861e-6	-1.547e-7	2.864e-6	-1.374e-7	2.665e-6	-1.323e-7	2.785e-6	-1.408e-7
0.440	2.876e-6	-1.506e-7	2.892e-6	-1.436e-7	2.701e-6	-1.397e-7	2.793e-6	-1.412e-7
0.441	2.915e-6	-1.532e-7	2.913e-6	-1.459e-7	2.724e-6	-1.410e-7	2.831e-6	-1.438e-7
0.442	2.951e-6	-1.680e-7	2.935e-6	-1.407e-7	2.751e-6	-1.357e-7	2.857e-6	-1.455e-7
0.443	2.969e-6	-1.584e-7	2.987e-6	-1.490e-7	2.796e-6	-1.443e-7	2.881e-6	-1.424e-7
0.444	3.001e-6	-1.594e-7	3.004e-6	-1.559e-7	2.816e-6	-1.491e-7	2.926e-6	-1.505e-7
0.445	3.041e-6	-1.633e-7	3.036e-6	-1.502e-7	2.837e-6	-1.550e-7	2.961e-6	-1.606e-7
0.446	3.068e-6	-1.729e-7	3.046e-6	-1.633e-7	2.879e-6	-1.488e-7	2.986e-6	-1.538e-7
0.447	3.101e-6	-1.732e-7	3.082e-6	-1.535e-7	2.918e-6	-1.552e-7	3.030e-6	-1.623e-7
0.448	3.130e-6	-1.747e-7	3.122e-6	-1.594e-7	2.935e-6	-1.573e-7	3.049e-6	-1.682e-7
0.449	3.159e-6	-1.761e-7	3.154e-6	-1.642e-7	2.973e-6	-1.622e-7	3.082e-6	-1.692e-7
0.450	3.177e-6	-1.866e-7	3.178e-6	-1.629e-7	3.012e-6	-1.633e-7	3.127e-6	-1.762e-7
0.451	3.238e-6	-1.840e-7	3.204e-6	-1.696e-7	3.024e-6	-1.701e-7	3.160e-6	-1.743e-7
0.452	3.259e-6	-1.879e-7	3.249e-6	-1.742e-7	3.062e-6	-1.725e-7	3.189e-6	-1.745e-7
0.453	3.289e-6	-1.885e-7	3.276e-6	-1.761e-7	3.100e-6	-1.762e-7	3.213e-6	-1.829e-7
0.454	3.329e-6	-1.978e-7	3.296e-6	-1.793e-7	3.127e-6	-1.762e-7	3.246e-6	-1.889e-7
0.455	3.360e-6	-1.964e-7	3.340e-6	-1.812e-7	3.166e-6	-1.843e-7	3.287e-6	-1.883e-7
0.456	3.392e-6	-2.044e-7	3.368e-6	-1.816e-7	3.199e-6	-1.855e-7	3.327e-6	-1.938e-7
0.457	3.425e-6	-2.146e-7	3.397e-6	-1.857e-7	3.237e-6	-1.809e-7	3.358e-6	-1.991e-7
0.458	3.468e-6	-2.085e-7	3.427e-6	-1.950e-7	3.259e-6	-1.954e-7	3.403e-6	-2.005e-7
0.459	3.496e-6	-2.171e-7	3.478e-6	-1.950e-7	3.286e-6	-1.921e-7	3.422e-6	-1.983e-7
0.460	3.539e-6	-2.200e-7	3.499e-6	-1.995e-7	3.330e-6	-1.909e-7	3.470e-6	-2.083e-7
0.461	3.575e-6	-2.170e-7	3.535e-6	-2.030e-7	3.357e-6	-2.034e-7	3.494e-6	-2.042e-7
0.462	3.601e-6	-2.292e-7	3.566e-6	-2.055e-7	3.400e-6	-2.012e-7	3.529e-6	-2.094e-7
0.463	3.643e-6	-2.326e-7	3.601e-6	-2.073e-7	3.439e-6	-2.039e-7	3.582e-6	-2.174e-7
0.464	3.671e-6	-2.386e-7	3.623e-6	-2.119e-7	3.466e-6	-2.104e-7	3.614e-6	-2.251e-7
0.465	3.717e-6	-2.382e-7	3.666e-6	-2.157e-7	3.504e-6	-2.151e-7	3.648e-6	-2.236e-7
0.466	3.735e-6	-2.403e-7	3.700e-6	-2.237e-7	3.550e-6	-2.173e-7	3.681e-6	-2.275e-7
0.467	3.771e-6	-2.529e-7	3.732e-6	-2.297e-7	3.569e-6	-2.162e-7	3.720e-6	-2.234e-7
0.468	3.812e-6	-2.466e-7	3.776e-6	-2.302e-7	3.612e-6	-2.288e-7	3.752e-6	-2.405e-7
0.469	3.859e-6	-2.498e-7	3.807e-6	-2.291e-7	3.635e-6	-2.300e-7	3.791e-6	-2.409e-7
0.470	3.898e-6	-2.619e-7	3.835e-6	-2.329e-7	3.676e-6	-2.340e-7	3.825e-6	-2.486e-7
0.471	3.922e-6	-2.695e-7	3.882e-6	-2.394e-7	3.716e-6	-2.337e-7	3.858e-6	-2.515e-7
0.472	3.965e-6	-2.720e-7	3.912e-6	-2.452e-7	3.742e-6	-2.377e-7	3.899e-6	-2.508e-7
0.473	3.993e-6	-2.753e-7	3.935e-6	-2.462e-7	3.778e-6	-2.388e-7	3.939e-6	-2.564e-7
0.474	4.024e-6	-2.788e-7	3.978e-6	-2.497e-7	3.802e-6	-2.467e-7	3.973e-6	-2.650e-7
0.475	4.055e-6	-2.796e-7	4.009e-6	-2.583e-7	3.845e-6	-2.552e-7	4.007e-6	-2.594e-7
0.476	4.096e-6	-2.863e-7	4.051e-6	-2.582e-7	3.887e-6	-2.551e-7	4.034e-6	-2.681e-7
0.477	4.123e-6	-2.877e-7	4.078e-6	-2.593e-7	3.920e-6	-2.588e-7	4.074e-6	-2.771e-7
0.478	4.168e-6	-2.960e-7	4.104e-6	-2.681e-7	3.943e-6	-2.668e-7	4.113e-6	-2.783e-7
0.479	4.194e-6	-2.988e-7	4.128e-6	-2.758e-7	3.976e-6	-2.707e-7	4.157e-6	-2.791e-7
0.480	4.223e-6	-3.040e-7	4.177e-6	-2.760e-7	3.999e-6	-2.789e-7	4.175e-6	-2.856e-7
0.481	4.259e-6	-3.111e-7	4.201e-6	-2.798e-7	4.031e-6	-2.770e-7	4.212e-6	-2.905e-7
0.482	4.303e-6	-3.161e-7	4.231e-6	-2.830e-7	4.060e-6	-2.758e-7	4.255e-6	-2.958e-7
0.483	4.330e-6	-3.216e-7	4.265e-6	-2.820e-7	4.098e-6	-2.826e-7	4.275e-6	-3.026e-7
0.484	4.349e-6	-3.196e-7	4.305e-6	-2.965e-7	4.135e-6	-2.933e-7	4.306e-6	-3.056e-7
0.485	4.392e-6	-3.274e-7	4.332e-6	-2.957e-7	4.148e-6	-2.927e-7	4.334e-6	-3.113e-7
0.486	4.410e-6	-3.348e-7	4.342e-6	-3.063e-7	4.182e-6	-2.986e-7	4.372e-6	-3.136e-7
0.487	4.431e-6	-3.328e-7	4.389e-6	-3.059e-7	4.214e-6	-3.093e-7	4.392e-6	-3.163e-7
0.488	4.471e-6	-3.402e-7	4.419e-6	-3.078e-7	4.240e-6	-3.144e-7	4.423e-6	-3.290e-7
0.489	4.492e-6	-3.442e-7	4.442e-6	-3.211e-7	4.280e-6	-3.131e-7	4.458e-6	-3.239e-7
0.490	4.512e-6	-3.527e-7	4.470e-6	-3.279e-7	4.308e-6	-3.196e-7	4.481e-6	-3.292e-7
0.491	4.550e-6	-3.586e-7	4.504e-6	-3.307e-7	4.329e-6	-3.214e-7	4.513e-6	-3.381e-7
0.492	4.583e-6	-3.539e-7	4.511e-6	-3.292e-7	4.343e-6	-3.283e-7	4.551e-6	-3.483e-7
0.493	4.602e-6	-3.604e-7	4.552e-6	-3.302e-7	4.383e-6	-3.380e-7	4.570e-6	-3.506e-7
0.494	4.625e-6	-3.696e-7	4.558e-6	-3.376e-7	4.410e-6	-3.346e-7	4.601e-6	-3.522e-7
0.495	4.639e-6	-3.726e-7	4.605e-6	-3.457e-7	4.428e-6	-3.441e-7	4.617e-6	-3.610e-7
0.496	4.675e-6	-3.817e-7	4.625e-6	-3.459e-7	4.437e-6	-3.417e-7	4.631e-6	-3.622e-7
0.497	4.706e-6	-3.881e-7	4.654e-6	-3.564e-7	4.460e-6	-3.510e-7	4.653e-6	-3.612e-7
0.498	4.717e-6	-3.904e-7	4.681e-6	-3.541e-7	4.489e-6	-3.541e-7	4.678e-6	-3.753e-7
0.499	4.740e-6	-3.958e-7	4.691e-6	-3.574e-7	4.496e-6	-3.594e-7	4.696e-6	-3.827e-7
0.500	4.753e-6	-4.067e-7	4.712e-6	-3.657e-7	4.523e-6	-3.604e-7	4.718e-6	-3.781e-7
0.501	4.764e-6	-4.032e-7	4.729e-6	-3.708e-7	4.548e-6	-3.618e-7	4.737e-6	-3.811e-7
0.502	4.783e-6	-4.118e-7	4.747e-6	-3.736e-7	4.556e-6	-3.760e-7	4.749e-6	-3.876e-7
0.503	4.797e-6	-4.182e-7	4.760e-6	-3.845e-7	4.572e-6	-3.733e-7	4.770e-6	-3.930e-7
0.504	4.814e-6	-4.208e-7	4.771e-6	-3.826e-7	4.579e-6	-3.754e-7	4.783e-6	-4.007e-7
0.505	4.826e-6	-4.209e-7	4.794e-6	-3.851e-7	4.589e-6	-3.883e-7	4.788e-6	-4.080e-7
0.506	4.826e-6	-4.276e-7	4.799e-6	-3.946e-7	4.606e-6	-3.940e-7	4.813e-6	-4.097e-7
0.507	4.846e-6	-4.257e-7	4.822e-6	-3.923e-7	4.610e-6	-3.959e-7	4.813e-6	-4.141e-7
0.508	4.844e-6	-4.364e-7	4.838e-6	-3.953e-7	4.628e-6	-3.956e-7	4.819e-6	-4.251e-7
0.509	4.845e-6	-4.412e-7	4.839e-6	-4.101e-7	4.648e-6	-4.008e-7	4.833e-6	-4.149e-7
0.510	4.859e-6	-4.443e-7	4.855e-6	-4.038e-7	4.642e-6	-4.046e-7	4.835e-6	-4.292e-7
0.511	4.866e-6	-4.499e-7	4.855e-6	-4.164e-7	4.644e-6	-4.064e-7	4.847e-6	-4.285e-7
0.512	4.872e-6	-4.556e-7	4.864e-6	-4.123e-7	4.648e-6	-4.094e-7	4.838e-6	-4.384e-7
0.513	4.862e-6	-4.620e-7	4.858e-6	-4.140e-7	4.661e-6	-4.141e-7	4.850e-6	-4.419e-7
0.514	4.876e-6	-4.629e-7	4.868e-6	-4.147e-7	4.647e-6	-4.227e-7	4.844e-6	-4.431e-7
0.515	4.877e-6	-4.617e-7	4.860e-6	-4.263e-7	4.655e-6	-4.312e-7	4.852e-6	-4.451e-7
0.516	4.860e-6	-4.718e-7	4.857e-6	-4.272e-7	4.663e-6	-4.291e-7	4.855e-6	-4.560e-7
0.517	4.866e-6	-4.753e-7	4.861e-6	-4.333e-7	4.644e-6	-4.303e-7	4.850e-6	-4.604e-7
0.518	4.861e-6	-4.833e-7	4.866e-6	-4.384e-7	4.645e-6	-4.375e-7	4.839e-6	-4.532e-7
0.519	4.856e-6	-4.848e-7	4.854e-6	-4.381e-7	4.641e-6	-4.432e-7	4.833e-6	-4.641e-7
0.520	4.834e-6	-4.898e-7	4.860e-6	-4.421e-7	4.650e-6	-4.430e-7	4.824e-6	-4.626e-7
0.521	4.840e-6	-4.905e-7	4.855e-6	-4.458e-7	4.632e-6	-4.514e-7	4.814e-6	-4.735e-7
0.522	4.831e-6	-4.943e-7	4.847e-6	-4.548e-7	4.604e-6	-4.496e-7	4.802e-6	-4.706e-7
0.523	4.799e-6	-4.948e-7	4.839e-6	-4.573e-7	4.615e-6	-4.565e-7	4.790e-6	-4.769e-7
0.524	4.803e-6	-4.995e-7	4.825e-6	-4.632e-7	4.585e-6	-4.607e-7	4.786e-6	-4.770e-7
0.525	4.775e-6	-5.047e-7	4.811e-6	-4.650e-7	4.583e-6	-4.625e-7	4.757e-6	-4.760e-7
0.526	4.769e-6	-5.102e-7	4.795e-6	-4.652e-7	4.566e-6	-4.599e-7	4.755e-6	-4.863e-7
0.527	4.749e-6	-5.144e-7	4.780e-6	-4.667e-7	4.545e-6	-4.708e-7	4.734e-6	-4.894e-7
0.528	4.727e-6	-5.095e-7	4.764e-6	-4.719e-7	4.541e-6	-4.742e-7	4.719e-6	-4.926e-7
0.529	4.714e-6	-5.213e-7	4.755e-6	-4.779e-7	4.512e-6	-4.691e-7	4.693e-6	-4.905e-7
0.530	4.684e-6	-5.206e-7	4.746e-6	-4.848e-7	4.510e-6	-4.779e-7	4.669e-6	-4.892e-7
0.531	4.661e-6	-5.244e-7	4.718e-6	-4.855e-7	4.478e-6	-4.771e-7	4.651e-6	-5.000e-7
0.532	4.646e-6	-5.239e-7	4.703e-6	-4.893e-7	4.465e-6	-4.808e-7	4.632e-6	-4.971e-7
0.533	4.618e-6	-5.234e-7	4.689e-6	-4.898e-7	4.434e-6	-4.954e-7	4.602e-6	-5.042e-7
0.534	4.596e-6	-5.331e-7	4.660e-6	-4.862e-7	4.398e-6	-4.863e-7	4.576e-6	-5.097e-7
0.535	4.568e-6	-5.391e-7	4.635e-6	-4.905e-7	4.388e-6	-4.872e-7	4.561e-6	-5.102e-7
0.536	4.544e-6	-5.373e-7	4.598e-6	-5.001e-7	4.362e-6	-4.917e-7	4.526e-6	-5.069e-7
0.537	4.516e-6	-5.397e-7	4.591e-6	-4.981e-7	4.330e-6	-4.924e-7	4.486e-6	-5.110e-7
0.538	4.479e-6	-5.443e-7	4.560e-6	-4.947e-7	4.308e-6	-4.924e-7	4.454e-6	-5.139e-7
0.539	4.448e-6	-5.487e-7	4.523e-6	-5.048e-7	4.275e-6	-4.949e-7	4.425e-6	-5.137e-7
0.540	4.413e-6	-5.469e-7	4.496e-6	-5.030e-7	4.251e-6	-4.975e-7	4.398e-6	-5.145e-7
0.541	4.386e-6	-5.494e-7	4.485e-6	-5.026e-7	4.213e-6	-5.027e-7	4.350e-6	-5.271e-7
0.542	4.351e-6	-5.552e-7	4.447e-6	-5.108e-7	4.181e-6	-5.038e-7	4.333e-6	-5.202e-7
0.543	4.335e-6	-5.527e-7	4.421e-6	-5.054e-7	4.134e-6	-5.053e-7	4.297e-6	-5.268e-7
0.544	4.281e-6	-5.546e-7	4.373e-6	-5.145e-7	4.114e-6	-5.063e-7	4.276e-6	-5.217e-7
0.545	4.263e-6	-5.519e-7	4.341e-6	-5.147e-7	4.071e-6	-5.108e-7	4.233e-6	-5.270e-7
0.546	4.219e-6	-5.568e-7	4.324e-6	-5.168e-7	4.049e-6	-5.133e-7	4.193e-6	-5.257e-7
0.547	4.167e-6	-5.579e-7	4.275e-6	-5.100e-7	4.021e-6	-5.061e-7	4.150e-6	-5.366e-7
0.548	4.140e-6	-5.628e-7	4.260e-6	-5.167e-7	3.974e-6	-5.089e-7	4.108e-6	-5.285e-7
0.549	4.106e-6	-5.636e-7	4.216e-6	-5.195e-7	3.936e-6	-5.096e-7	4.073e-6	-5.308e-7
0.550	4.067e-6	-5.668e-7	4.182e-6	-5.220e-7	3.905e-6	-5.115e-7	4.025e-6	-5.324e-7
0.551	4.027e-6	-5.645e-7	4.157e-6	-5.165e-7	3.869e-6	-5.163e-7	3.998e-6	-5.390e-7
0.552	3.985e-6	-5.658e-7	4.111e-6	-5.201e-7	3.842e-6	-5.116e-7	3.944e-6	-5.297e-7
0.553	3.945e-6	-5.664e-7	4.084e-6	-5.141e-7	3.797e-6	-5.186e-7	3.904e-6	-5.358e-7
0.554	3.904e-6	-5.708e-7	4.042e-6	-5.265e-7	3.757e-6	-5.192e-7	3.872e-6	-5.353e-7
0.555	3.872e-6	-5.623e-7	3.996e-6	-5.153e-7	3.726e-6	-5.241e-7	3.838e-6	-5.410e-7
0.556	3.826e-6	-5.687e-7	3.957e-6	-5.225e-7	3.678e-6	-5.173e-7	3.802e-6	-5.419e-7
0.557	3.776e-6	-5.771e-7	3.919e-6	-5.276e-7	3.646e-6	-5.207e-7	3.745e-6	-5.361e-7
0.558	3.741e-6	-5.765e-7	3.873e-6	-5.194e-7	3.604e-6	-5.164e-7	3.715e-6	-5.402e-7
0.559	3.694e-6	-5.699e-7	3.860e-6	-5.251e-7	3.574e-6	-5.191e-7	3.658e-6	-5.366e-7
0.560	3.664e-6	-5.766e-7	3.805e-6	-5.244e-7	3.525e-6	-5.232e-7	3.624e-6	-5.413e-7
0.561	3.628e-6	-5.728e-7	3.779e-6	-5.327e-7	3.478e-6	-5.209e-7	3.572e-6	-5.335e-7
0.562	3.572e-6	-5.792e-7	3.728e-6	-5.278e-7	3.454e-6	-5.230e-7	3.547e-6	-5.383e-7
0.563	3.532e-6	-5.746e-7	3.692e-6	-5.298e-7	3.411e-6	-5.213e-7	3.492e-6	-5.427e-7
0.564	3.504e-6	-5.778e-7	3.658e-6	-5.279e-7	3.362e-6	-5.174e-7	3.451e-6	-5.410e-7
0.565	3.461e-6	-5.791e-7	3.616e-6	-5.246e-7	3.335e-6	-5.209e-7	3.415e-6	-5.459e-7
0.566	3.422e-6	-5.785e-7	3.573e-6	-5.288e-7	3.280e-6	-5.205e-7	3.367e-6	-5.387e-7
0.567	3.380e-6	-5.804e-7	3.527e-6	-5.320e-7	3.244e-6	-5.222e-7	3.330e-6	-5.421e-7
0.568	3.331e-6	-5.775e-7	3.487e-6	-5.290e-7	3.210e-6	-5.229e-7	3.301e-6	-5.448e-7
0.569	3.291e-6	-5.787e-7	3.450e-6	-5.310e-7	3.170e-6	-5.269e-7	3.247e-6	-5.322e-7
0.570	3.256e-6	-5.774e-7	3.418e-6	-5.292e-7	3.125e-6	-5.238e-7	3.199e-6	-5.430e-7
0.571	3.206e-6	-5.791e-7	3.378e-6	-5.290e-7	3.085e-6	-5.239e-7	3.155e-6	-5.416e-7
0.572	3.163e-6	-5.802e-7	3.337e-6	-5.314e-7	3.042e-6	-5.255e-7	3.130e-6	-5.436e-7
0.573	3.119e-6	-5.798e-7	3.291e-6	-5.291e-7	3.023e-6	-5.181e-7	3.077e-6	-5.414e-7
0.574	3.095e-6	-5.828e-7	3.257e-6	-5.314e-7	2.962e-6	-5.154e-7	3.046e-6	-5.437e-7
0.575	3.043e-6	-5.760e-7	3.223e-6	-5.251e-7	2.958e-6	-5.265e-7	3.003e-6	-5.443e-7
0.576	3.022e-6	-5.798e-7	3.165e-6	-5.292e-7	2.897e-6	-5.235e-7	2.967e-6	-5.362e-7
0.577	2.957e-6	-5.875e-7	3.137e-6	-5.326e-7	2.871e-6	-5.213e-7	2.918e-6	-5.350e-7
0.578	2.924e-6	-5.766e-7	3.106e-6	-5.272e-7	2.825e-6	-5.221e-7	2.877e-6	-5.336e-7
0.579	2.899e-6	-5.849e-7	3.071e-6	-5.308e-7	2.783e-6	-5.190e-7	2.837e-6	-5.353e-7
0.580	2.863e-6	-5.799e-7	3.027e-6	-5.293e-7	2.741e-6	-5.188e-7	2.804e-6	-5.352e-7
0.581	2.841e-6	-5.734e-7	2.994e-6	-5.238e-7	2.705e-6	-5.209e-7	2.760e-6	-5.403e-7
0.582	2.786e-6	-5.832e-7	2.952e-6	-5.256e-7	2.684e-6	-5.171e-7	2.726e-6	-5.333e-7
0.583	2.758e-6	-5.801e-7	2.912e-6	-5.279e-7	2.638e-6	-5.173e-7	2.684e-6	-5.335e-7
0.584	2.713e-6	-5.781e-7	2.874e-6	-5.256e-7	2.605e-6	-5.239e-7	2.663e-6	-5.362e-7
0.585	2.688e-6	-5.787e-7	2.836e-6	-5.265e-7	2.572e-6	-5.189e-7	2.621e-6	-5.308e-7
0.586	2.654e-6	-5.713e-7	2.808e-6	-5.241e-7	2.524e-6	-5.233e-7	2.584e-6	-5.328e-7
0.587	2.603e-6	-5.764e-7	2.771e-6	-5.255e-7	2.501e-6	-5.109e-7	2.551e-6	-5.295e-7
0.588	2.581e-6	-5.717e-7	2.751e-6	-5.219e-7	2.460e-6	-5.179e-7	2.499e-6	-5.271e-7
0.589	2.545e-6	-5.754e-7	2.706e-6	-5.161e-7	2.428e-6	-5.174e-7	2.463e-6	-5.307e-7
0.590	2.507e-6	-5.727e-7	2.675e-6	-5.215e-7	2.401e-6	-5.168e-7	2.441e-6	-5.301e-7
0.591	2.478e-6	-5.795e-7	2.644e-6	-5.201e-7	2.364e-6	-5.156e-7	2.407e-6	-5.283e-7
0.592	2.427e-6	-5.797e-7	2.617e-6	-5.236e-7	2.342e-6	-5.081e-7	2.366e-6	-5.216e-7
0.593	2.400e-6	-5.748e-7	2.577e-6	-5.222e-7	2.316e-6	-5.106e-7	2.340e-6	-5.247e-7
0.594	2.375e-6	-5.726e-7	2.537e-6	-5.166e-7	2.278e-6	-5.101e-7	2.309e-6	-5.268e-7
0.595	2.336e-6	-5.745e-7	2.505e-6	-5.177e-7	2.252e-6	-5.088e-7	2.284e-6	-5.255e-7
0.596	2.308e-6	-5.727e-7	2.491e-6	-5.230e-7	2.218e-6	-5.053e-7	2.242e-6	-5.105e-7
0.597	2.267e-6	-5.736e-7	2.452e-6	-5.239e-7	2.196e-6	-5.087e-7	2.222e-6	-5.188e-7
0.598	2.254e-6	-5.678e-7	2.437e-6	-5.163e-7	2.164e-6	-5.080e-7	2.193e-6	-5.191e-7
0.599	2.229e-6	-5.687e-7	2.396e-6	-5.156e-7	2.121e-6	-5.061e-7	2.162e-6	-5.216e-7
0.600	2.199e-6	-5.705e-7	2.366e-6	-5.143e-7	2.097e-6	-5.077e-7	2.132e-6	-5.165e-7
0.601	2.168e-6	-5.690e-7	2.340e-6	-5.142e-7	2.079e-6	-5.026e-7	2.097e-6	-5.138e-7
0.602	2.148e-6	-5.714e-7	2.309e-6	-5.101e-7	2.046e-6	-4.990e-7	2.074e-6	-5.156e-7
0.603	2.112e-6	-5.679e-7	2.284e-6	-5.115e-7	2.031e-6	-4.976e-7	2.050e-6	-5.111e-7
0.604	2.084e-6	-5.702e-7	2.264e-6	-5.096e-7	1.995e-6	-4.985e-7	2.011e-6	-5.129e-7
0.605	2.053e-6	-5.667e-7	2.229e-6	-5.106e-7	1.973e-6	-4.976e-7	2.002e-6	-5.099e-7
0.606	2.034e-6	-5.697e-7	2.210e-6	-5.095e-7	1.945e-6	-4.955e-7	1.953e-6	-5.060e-7
0.607	2.014e-6	-5.652e-7	2.191e-6	-5.066e-7	1.915e-6	-4.936e-7	1.943e-6	-5.067e-7
0.608	1.996e-6	-5.611e-7	2.145e-6	-5.060e-7	1.888e-6	-5.027e-7	1.926e-6	-5.019e-7
0.609	1.961e-6	-5.643e-7	2.124e-6	-5.043e-7	1.875e-6	-4.937e-7	1.900e-6	-5.044e-7
0.610	1.936e-6	-5.609e-7	2.110e-6	-5.061e-7	1.859e-6	-4.948e-7	1.870e-6	-5.065e-7
0.611	1.921e-6	-5.687e-7	2.085e-6	-5.001e-7	1.819e-6	-4.864e-7	1.845e-6	-5.065e-7
0.612	1.897e-6	-5.636e-7	2.075e-6	-5.001e-7	1.807e-6	-4.921e-7	1.830e-6	-5.060e-7
0.613	1.874e-6	-5.648e-7	2.038e-6	-4.955e-7	1.785e-6	-4.849e-7	1.806e-6	-5.049e-7
0.614	1.833e-6	-5.639e-7	2.024e-6	-5.039e-7	1.776e-6	-4.872e-7	1.786e-6	-5.023e-7
0.615	1.835e-6	-5.597e-7	2.006e-6	-5.032e-7	1.740e-6	-4.866e-7	1.755e-6	-5.017e-7
0.616	1.804e-6	-5.572e-7	1.981e-6	-5.028e-7	1.730e-6	-4.868e-7	1.738e-6	-4.961e-7
0.617	1.786e-6	-5.624e-7	1.964e-6	-4.926e-7	1.700e-6	-4.857e-7	1.712e-6	-4.938e-7
0.618	1.762e-6	-5.618e-7	1.944e-6	-4.973e-7	1.698e-6	-4.805e-7	1.687e-6	-4.925e-7
0.619	1.744e-6	-5.573e-7	1.919e-6	-5.001e-7	1.678e-6	-4.883e-7	1.679e-6	-4.913e-7
0.620	1.720e-6	-5.596e-7	1.894e-6	-4.940e-7	1.663e-6	-4.789e-7	1.661e-6	-4.950e-7
0.621	1.707e-6	-5.543e-7	1.875e-6	-4.989e-7	1.614e-6	-4.797e-7	1.637e-6	-4.899e-7
0.622	1.689e-6	-5.603e-7	1.855e-6	-4.944e-7	1.608e-6	-4.762e-7	1.621e-6	-4.912e-7
0.623	1.661e-6	-5.568e-7	1.839e-6	-4.951e-7	1.592e-6	-4.810e-7	1.599e-6	-4.874e-7
0.624	1.654e-6	-5.553e-7	1.823e-6	-4.947e-7	1.574e-6	-4.721e-7	1.579e-6	-4.869e-7
0.625	1.628e-6	-5.564e-7	1.800e-6	-4.876e-7	1.566e-6	-4.776e-7	1.559e-6	-4.896e-7
0.626	1.620e-6	-5.558e-7	1.788e-6	-4.886e-7	1.537e-6	-4.755e-7	1.558e-6	-4.819e-7
0.627	1.591e-6	-5.504e-7	1.782e-6	-4.847e-7	1.534e-6	-4.757e-7	1.529e-6	-4.857e-7
0.628	1.581e-6	-5.498e-7	1.748e-6	-4.913e-7	1.516e-6	-4.763e-7	1.515e-6	-4.848e-7
0.629	1.562e-6	-5.477e-7	1.742e-6	-4.856e-7	1.504e-6	-4.705e-7	1.503e-6	-4.836e-7
0.630	1.553e-6	-5.530e-7	1.719e-6	-4.923e-7	1.483e-6	-4.721e-7	1.497e-6	-4.774e-7
0.631	1.528e-6	-5.488e-7	1.717e-6	-4.880e-7	1.476e-6	-4.691e-7	1.461e-6	-4.808e-7
0.632	1.518e-6	-5.462e-7	1.691e-6	-4.859e-7	1.448e-6	-4.690e-7	1.461e-6	-4.769e-7
0.633	1.496e-6	-5.449e-7	1.674e-6	-4.861e-7	1.448e-6	-4.677e-7	1.442e-6	-4.800e-7
0.634	1.488e-6	-5.533e-7	1.657e-6	-4.842e-7	1.418e-6	-4.597e-7	1.441e-6	-4.727e-7
0.635	1.467e-6	-5.490e-7	1.636e-6	-4.831e-7	1.407e-6	-4.617e-7	1.421e-6	-4.687e-7
0.636	1.468e-6	-5.439e-7	1.624e-6	-4.850e-7	1.388e-6	-4.652e-7	1.420e-6	-4.735e-7
0.637	1.453e-6	-5.485e-7	1.619e-6	-4.850e-7	1.382e-6	-4.628e-7	1.386e-6	-4.763e-7
0.638	1.430e-6	-5.453e-7	1.601e-6	-4.733e-7	1.379e-6	-4.717e-7	1.384e-6	-4.740e-7
0.639	1.415e-6	-5.456e-7	1.593e-6	-4.774e-7	1.369e-6	-4.659e-7	1.365e-6	-4.685e-7
0.640	1.408e-6	-5.445e-7	1.581e-6	-4.824e-7	1.350e-6	-4.596e-7	1.355e-6	-4.691e-7
0.641	1.394e-6	-5.492e-7	1.565e-6	-4.805e-7	1.329e-6	-4.588e-7	1.338e-6	-4.589e-7
0.642	1.378e-6	-5.431e-7	1.556e-6	-4.752e-7	1.318e-6	-4.601e-7	1.333e-6	-4.691e-7
0.643	1.366e-6	-5.419e-7	1.533e-6	-4.730e-7	1.319e-6	-4.591e-7	1.317e-6	-4.687e-7
0.644	1.357e-6	-5.441e-7	1.530e-6	-4.761e-7	1.300e-6	-4.590e-7	1.309e-6	-4.615e-7
0.645	1.353e-6	-5.444e-7	1.527e-6	-4.713e-7	1.296e-6	-4.524e-7	1.289e-6	-4.725e-7
0.646	1.336e-6	-5.371e-7	1.512e-6	-4.793e-7	1.280e-6	-4.557e-7	1.282e-6	-4.600e-7
0.647	1.329e-6	-5.455e-7	1.496e-6	-4.771e-7	1.264e-6	-4.493e-7	1.271e-6	-4.611e-7
0.648	1.316e-6	-5.383e-7	1.492e-6	-4.728e-7	1.262e-6	-4.521e-7	1.251e-6	-4.564e-7
0.649	1.294e-6	-5.368e-7	1.482e-6	-4.741e-7	1.262e-6	-4.556e-7	1.255e-6	-4.600e-7
0.650	1.297e-6	-5.444e-7	1.462e-6	-4.708e-7	1.238e-6	-4.494e-7	1.245e-6	-4.590e-7
0.651	1.284e-6	-5.406e-7	1.452e-6	-4.708e-7	1.230e-6	-4.473e-7	1.231e-6	-4.540e-7
0.652	1.271e-6	-5.353e-7	1.446e-6	-4.713e-7	1.228e-6	-4.515e-7	1.236e-6	-4.534e-7
0.653	1.258e-6	-5.367e-7	1.429e-6	-4.688e-7	1.223e-6	-4.523e-7	1.218e-6	-4.548e-7
0.654	1.256e-6	-5.336e-7	1.434e-6	-4.695e-7	1.204e-6	-4.441e-7	1.202e-6	-4.565e-7
0.655	1.245e-6	-5.372e-7	1.429e-6	-4.682e-7	1.196e-6	-4.431e-7	1.185e-6	-4.506e-7
0.656	1.241e-6	-5.312e-7	1.402e-6	-4.627e-7	1.187e-6	-4.462e-7	1.202e-6	-4.563e-7
0.657	1.233e-6	-5.323e-7	1.411e-6	-4.626e-7	1.172e-6	-4.438e-7	1.172e-6	-4.478e-7
0.658	1.221e-6	-5.365e-7	1.374e-6	-4.630e-7	1.173e-6	-4.423e-7	1.193e-6	-4.468e-7
0.659	1.205e-6	-5.287e-7	1.378e-6	-4.575e-7	1.162e-6	-4.456e-7	1.169e-6	-4.557e-7
0.660	1.211e-6	-5.311e-7	1.381e-6	-4.644e-7	1.138e-6	-4.418e-7	1.157e-6	-4.435e-7
0.661	1.194e-6	-5.353e-7	1.365e-6	-4.598e-7	1.145e-6	-4.361e-7	1.150e-6	-4.462e-7
0.662	1.193e-6	-5.294e-7	1.351e-6	-4.626e-7	1.143e-6	-4.401e-7	1.140e-6	-4.484e-7
0.663	1.186e-6	-5.363e-7	1.352e-6	-4.557e-7	1.133e-6	-4.291e-7	1.138e-6	-4.527e-7
0.664	1.166e-6	-5.287e-7	1.346e-6	-4.590e-7	1.138e-6	-4.344e-7	1.129e-6	-4.452e-7
0.665	1.169e-6	-5.277e-7	1.335e-6	-4.533e-7	1.117e-6	-4.377e-7	1.122e-6	-4.497e-7
0.666	1.159e-6	-5.251e-7	1.320e-6	-4.578e-7	1.115e-6	-4.324e-7	1.115e-6	-4.421e-7
0.667	1.157e-6	-5.316e-7	1.325e-6	-4.624e-7	1.109e-6	-4.342e-7	1.116e-6	-4.430e-7
0.668	1.150e-6	-5.296e-7	1.310e-6	-4.683e-7	1.101e-6	-4.297e-7	1.101e-6	-4.370e-7
0.669	1.139e-6	-5.243e-7	1.307e-6	-4.576e-7	1.100e-6	-4.363e-7	1.096e-6	-4.401e-7
0.670	1.131e-6	-5.293e-7	1.288e-6	-4.589e-7	1.084e-6	-4.380e-7	1.106e-6	-4.388e-7
0.671	1.126e-6	-5.257e-7	1.308e-6	-4.592e-7	1.090e-6	-4.331e-7	1.084e-6	-4.343e-7
0.672	1.122e-6	-5.239e-7	1.291e-6	-4.559e-7	1.065e-6	-4.383e-7	1.082e-6	-4.336e-7
0.673	1.108e-6	-5.206e-7	1.274e-6	-4.570e-7	1.075e-6	-4.372e-7	1.076e-6	-4.374e-7
0.674	1.104e-6	-5.254e-7	1.289e-6	-4.488e-7	1.066e-6	-4.252e-7	1.058e-6	-4.400e-7
0.675	1.096e-6	-5.228e-7	1.287e-6	-4.504e-7	1.067e-6	-4.284e-7	1.057e-6	-4.417e-7
0.676	1.105e-6	-5.322e-7	1.264e-6	-4.520e-7	1.050e-6	-4.251e-7	1.055e-6	-4.368e-7
0.677	1.080e-6	-5.261e-7	1.258e-6	-4.466e-7	1.067e-6	-4.293e-7	1.064e-6	-4.403e-7
0.678	1.090e-6	-5.261e-7	1.252e-6	-4.527e-7	1.046e-6	-4.283e-7	1.051e-6	-4.358e-7
0.679	1.083e-6	-5.222e-7	1.251e-6	-4.518e-7	1.044e-6	-4.296e-7	1.047e-6	-4.350e-7
0.680	1.085e-6	-5.207e-7	1.254e-6	-4.507e-7	1.031e-6	-4.331e-7	1.040e-6	-4.344e-7
0.681	1.073e-6	-5.166e-7	1.238e-6	-4.487e-7	1.030e-6	-4.314e-7	1.038e-6	-4.311e-7
0.682	1.071e-6	-5.158e-7	1.236e-6	-4.474e-7	1.033e-6	-4.324e-7	1.033e-6	-4.329e-7
0.683	1.067e-6	-5.257e-7	1.245e-6	-4.520e-7	1.026e-6	-4.161e-7	1.029e-6	-4.291e-7
0.684	1.065e-6	-5.249e-7	1.227e-6	-4.469e-7	1.018e-6	-4.210e-7	1.027e-6	-4.289e-7
0.685	1.053e-6	-5.189e-7	1.221e-6	-4.519e-7	1.011e-6	-4.288e-7	1.017e-6	-4.292e-7
0.686	1.034e-6	-5.181e-7	1.225e-6	-4.503e-7	1.024e-6	-4.244e-7	1.007e-6	-4.261e-7
0.687	1.055e-6	-5.186e-7	1.225e-6	-4.468e-7	1.019e-6	-4.245e-7	1.011e-6	-4.314e-7
0.688	1.042e-6	-5.199e-7	1.215e-6	-4.498e-7	1.005e-6	-4.259e-7	1.003e-6	-4.301e-7
0.689	1.028e-6	-5.238e-7	1.205e-6	-4.522e-7	9.997e-7	-4.206e-7	1.011e-6	-4.260e-7
0.690	1.015e-6	-5.166e-7	1.208e-6	-4.462e-7	1.002e-6	-4.179e-7	9.991e-7	-4.256e-7
0.691	1.037e-6	-5.128e-7	1.198e-6	-4.421e-7	9.893e-7	-4.249e-7	9.973e-7	-4.328e-7
0.692	1.007e-6	-5.235e-7	1.207e-6	-4.470e-7	1.000e-6	-4.159e-7	9.831e-7	-4.264e-7
0.693	1.014e-6	-5.176e-7	1.193e-6	-4.463e-7	9.997e-7	-4.183e-7	9.791e-7	-4.280e-7
0.694	1.020e-6	-5.221e-7	1.194e-6	-4.454e-7	9.835e-7	-4.105e-7	9.809e-7	-4.292e-7
0.695	1.019e-6	-5.137e-7	1.190e-6	-4.393e-7	9.808e-7	-4.223e-7	9.870e-7	-4.303e-7
0.696	1.014e-6	-5.119e-7	1.181e-6	-4.506e-7	9.785e-7	-4.252e-7	9.838e-7	-4.222e-7
0.697	1.014e-6	-5.152e-7	1.187e-6	-4.511e-7	9.837e-7	-4.211e-7	9.803e-7	-4.223e-7
0.698	1.012e-6	-5.149e-7	1.177e-6	-4.465e-7	9.682e-7	-4.174e-7	9.796e-7	-4.256e-7
0.699	9.990e-7	-5.131e-7	1.173e-6	-4.446e-7	9.759e-7	-4.170e-7	9.742e-7	-4.246e-7
0.700	1.007e-6	-5.123e-7	1.174e-6	-4.463e-7	9.665e-7	-4.165e-7	9.766e-7	-4.201e-7
0.701	9.949e-7	-5.135e-7	1.172e-6	-4.468e-7	9.700e-7	-4.165e-7	9.720e-7	-4.215e-7
0.702	9.941e-7	-5.051e-7	1.159e-6	-4.459e-7	9.686e-7	-4.200e-7	9.730e-7	-4.197e-7
0.703	9.952e-7	-5.163e-7	1.172e-6	-4.420e-7	9.513e-7	-4.132e-7	9.578e-7	-4.285e-7
0.704	9.881e-7	-5.082e-7	1.167e-6	-4.415e-7	9.486e-7	-4.171e-7	9.598e-7	-4.164e-7
0.705	1.000e-6	-5.064e-7	1.165e-6	-4.460e-7	9.508e-7	-4.204e-7	9.610e-7	-4.191e-7
0.706	9.909e-7	-5.107e-7	1.156e-6	-4.396e-7	9.482e-7	-4.155e-7	9.569e-7	-4.188e-7
0.707	9.893e-7	-5.089e-7	1.156e-6	-4.399e-7	9.421e-7	-4.139e-7	9.590e-7	-4.244e-7
0.708	9.766e-7	-5.061e-7	1.162e-6	-4.379e-7	9.468e-7	-4.190e-7	9.466e-7	-4.212e-7
0.709	9.835e-7	-5.075e-7	1.154e-6	-4.351e-7	9.506e-7	-4.126e-7	9.594e-7	-4.180e-7
0.710	9.799e-7	-5.069e-7	1.159e-6	-4.375e-7	9.543e-7	-4.106e-7	9.493e-7	-4.246e-7
0.711	9.788e-7	-5.084e-7	1.158e-6	-4.325e-7	9.358e-7	-4.156e-7	9.479e-7	-4.162e-7
0.712	9.772e-7	-5.077e-7	1.159e-6	-4.376e-7	9.473e-7	-4.165e-7	9.440e-7	-4.132e-7
0.713	9.742e-7	-5.065e-7	1.148e-6	-4.389e-7	9.422e-7	-4.156e-7	9.478e-7	-4.185e-7
0.714	9.791e-7	-5.086e-7	1.141e-6	-4.334e-7	9.298e-7	-4.167e-7	9.494e-7	-4.195e-7
0.715	9.754e-7	-5.046e-7	1.151e-6	-4.357e-7	9.364e-7	-4.171e-7	9.420e-7	-4.148e-7
0.716	9.600e-7	-5.072e-7	1.144e-6	-4.456e-7	9.519e-7	-4.143e-7	9.412e-7	-4.100e-7
0.717	9.704e-7	-5.039e-7	1.137e-6	-4.356e-7	9.355e-7	-4.182e-7	9.439e-7	-4.160e-7
0.718	9.812e-7	-5.039e-7	1.152e-6	-4.383e-7	9.295e-7	-4.163e-7	9.342e-7	-4.183e-7
0.719	9.716e-7	-5.062e-7	1.126e-6	-4.395e-7	9.314e-7	-4.048e-7	9.489e-7	-4.192e-7
0.720	9.821e-7	-5.068e-7	1.134e-6	-4.382e-7	9.158e-7	-4.098e-7	9.340e-7	-4.165e-7
0.721	9.619e-7	-5.098e-7	1.138e-6	-4.442e-7	9.397e-7	-4.084e-7	9.367e-7	-4.122e-7
0.722	9.729e-7	-5.027e-7	1.142e-6	-4.388e-7	9.320e-7	-4.095e-7	9.324e-7	-4.169e-7
0.723	9.538e-7	-5.076e-7	1.128e-6	-4.308e-7	9.281e-7	-4.164e-7	9.344e-7	-4.213e-7
0.724	9.605e-7	-5.013e-7	1.131e-6	-4.379e-7	9.257e-7	-4.099e-7	9.370e-7	-4.131e-7
0.725	9.572e-7	-5.035e-7	1.137e-6	-4.402e-7	9.091e-7	-4.124e-7	9.293e-7	-4.136e-7
0.726	9.639e-7	-5.028e-7	1.122e-6	-4.408e-7	9.199e-7	-4.125e-7	9.243e-7	-4.084e-7
0.727	9.548e-7	-5.058e-7	1.132e-6	-4.375e-7	9.180e-7	-4.069e-7	9.194e-7	-4.123e-7
0.728	9.527e-7	-5.055e-7	1.125e-6	-4.378e-7	9.235e-7	-4.070e-7	9.250e-7	-4.119e-7
0.729	9.569e-7	-5.066e-7	1.129e-6	-4.330e-7	9.339e-7	-4.035e-7	9.303e-7	-4.217e-7
0.730	9.631e-7	-5.029e-7	1.115e-6	-4.294e-7	9.116e-7	-4.076e-7	9.356e-7	-4.133e-7
0.731	9.513e-7	-4.994e-7	1.120e-6	-4.343e-7	9.224e-7	-4.106e-7	9.242e-7	-4.176e-7
0.732	9.484e-7	-5.061e-7	1.122e-6	-4.345e-7	9.237e-7	-4.067e-7	9.226e-7	-4.139e-7
0.733	9.587e-7	-5.043e-7	1.132e-6	-4.321e-7	9.159e-7	-4.083e-7	9.216e-7	-4.174e-7
0.734	9.596e-7	-5.006e-7	1.127e-6	-4.367e-7	9.152e-7	-4.103e-7	9.210e-7	-4.131e-7
0.735	9.543e-7	-5.025e-7	1.129e-6	-4.351e-7	9.214e-7	-4.069e-7	9.232e-7	-4.087e-7
0.736	9.506e-7	-5.015e-7	1.138e-6	-4.297e-7	9.158e-7	-4.030e-7	9.175e-7	-4.143e-7
0.737	9.558e-7	-5.018e-7	1.125e-6	-4.381e-7	9.136e-7	-4.043e-7	9.225e-7	-4.072e-7
0.738	9.561e-7	-5.081e-7	1.125e-6	-4.345e-7	9.110e-7	-4.030e-7	9.182e-7	-4.117e-7
0.739	9.600e-7	-5.000e-7	1.124e-6	-4.301e-7	9.185e-7	-4.079e-7	9.206e-7	-4.092e-7
0.740	9.595e-7	-4.937e-7	1.124e-6	-4.342e-7	9.061e-7	-4.067e-7	9.233e-7	-4.053e-7
0.741	9.641e-7	-4.946e-7	1.130e-6	-4.351e-7	9.050e-7	-4.112e-7	9.157e-7	-4.162e-7
0.742	9.571e-7	-5.028e-7	1.125e-6	-4.302e-7	9.237e-7	-4.031e-7	9.182e-7	-4.127e-7
0.743	9.484e-7	-5.061e-7	1.141e-6	-4.330e-7	9.158e-7	-4.047e-7	9.169e-7	-4.114e-7
0.744	9.564e-7	-5.014e-7	1.121e-6	-4.373e-7	9.130e-7	-4.046e-7	9.184e-7	-4.087e-7
0.745	9.433e-7	-5.067e-7	1.132e-6	-4.310e-7	9.270e-7	-4.007e-7	9.085e-7	-4.124e-7
0.746	9.433e-7	-5.034e-7	1.136e-6	-4.290e-7	9.276e-7	-4.038e-7	9.159e-7	-4.099e-7
0.747	9.553e-7	-5.007e-7	1.128e-6	-4.327e-7	9.147e-7	-4.011e-7	9.269e-7	-4.073e-7
0.748	9.586e-7	-5.062e-7	1.131e-6	-4.360e-7	9.113e-7	-4.004e-7	9.220e-7	-4.049e-7
0.749	9.506e-7	-5.041e-7	1.132e-6	-4.363e-7	9.196e-7	-4.060e-7	9.121e-7	-4.047e-7
0.750	9.571e-7	-4.995e-7	1.134e-6	-4.373e-7	9.205e-7	-3.999e-7	9.228e-7	-4.003e-7
0.751	9.536e-7	-5.053e-7	1.145e-6	-4.376e-7	9.178e-7	-4.011e-7	9.053e-7	-4.013e-7
0.752	9.609e-7	-4.988e-7	1.120e-6	-4.293e-7	9.170e-7	-4.050e-7	9.283e-7	-4.091e-7
0.753	9.623e-7	-5.017e-7	1.127e-6	-4.344e-7	9.132e-7	-4.039e-7	9.111e-7	-4.048e-7
0.754	9.602e-7	-4.999e-7	1.126e-6	-4.312e-7	9.172e-7	-4.015e-7	9.228e-7	-4.039e-7
0.755	9.554e-7	-5.055e-7	1.123e-6	-4.365e-7	9.150e-7	-3.981e-7	9.234e-7	-4.033e-7
0.756	9.614e-7	-5.096e-7	1.130e-6	-4.367e-7	9.155e-7	-3.989e-7	9.202e-7	-4.016e-7
0.757	9.545e-7	-4.950e-7	1.128e-6	-4.400e-7	9.288e-7	-4.041e-7	9.299e-7	-4.016e-7
0.758	9.556e-7	-5.050e-7	1.129e-6	-4.343e-7	9.256e-7	-3.998e-7	9.274e-7	-4.070e-7
0.759	9.574e-7	-5.013e-7	1.139e-6	-4.378e-7	9.266e-7	-3.990e-7	9.143e-7	-3.991e-7
0.760	9.714e-7	-5.036e-7	1.128e-6	-4.363e-7	9.189e-7	-4.018e-7	9.281e-7	-4.007e-7
0.761	9.593e-7	-5.048e-7	1.136e-6	-4.339e-7	9.250e-7	-4.008e-7	9.155e-7	-3.948e-7
0.762	9.535e-7	-5.013e-7	1.134e-6	-4.402e-7	9.170e-7	-4.039e-7	9.313e-7	-3.975e-7
0.763	9.571e-7	-5.003e-7	1.135e-6	-4.364e-7	9.282e-7	-4.046e-7	9.270e-7	-3.985e-7
0.764	9.596e-7	-5.072e-7	1.133e-6	-4.325e-7	9.201e-7	-3.995e-7	9.315e-7	-4.060e-7
0.765	9.619e-7	-5.107e-7	1.129e-6	-4.282e-7	9.220e-7	-3.921e-7	9.322e-7	-4.048e-7
0.766	9.686e-7	-5.021e-7	1.139e-6	-4.359e-7	9.159e-7	-4.051e-7	9.266e-7	-3.981e-7
0.767	9.649e-7	-5.017e-7	1.132e-6	-4.380e-7	9.223e-7	-4.010e-7	9.319e-7	-3.976e-7
0.768	9.596e-7	-5.054e-7	1.137e-6	-4.300e-7	9.237e-7	-3.985e-7	9.298e-7	-4.033e-7
0.769	9.634e-7	-5.063e-7	1.134e-6	-4.295e-7	9.185e-7	-4.015e-7	9.335e-7	-4.057e-7
0.770	9.654e-7	-5.050e-7	1.138e-6	-4.350e-7	9.217e-7	-4.023e-7	9.317e-7	-3.945e-7
0.771	9.671e-7	-5.066e-7	1.154e-6	-4.383e-7	9.218e-7	-4.002e-7	9.249e-7	-3.987e-7
0.772	9.561e-7	-5.053e-7	1.146e-6	-4.353e-7	9.253e-7	-3.974e-7	9.218e-7	-3.995e-7
0.773	9.760e-7	-5.047e-7	1.136e-6	-4.329e-7	9.104e-7	-3.965e-7	9.315e-7	-4.007e-7
0.774	9.622e-7	-5.034e-7	1.151e-6	-4.328e-7	9.228e-7	-4.010e-7	9.245e-7	-3.989e-7
0.775	9.725e-7	-5.058e-7	1.149e-6	-4.254e-7	9.130e-7	-4.016e-7	9.166e-7	-4.038e-7
0.776	9.660e-7	-5.053e-7	1.135e-6	-4.358e-7	9.267e-7	-3.976e-7	9.340e-7	-4.002e-7
0.777	9.670e-7	-5.062e-7	1.140e-6	-4.345e-7	9.280e-7	-3.943e-7	9.328e-7	-3.988e-7
0.778	9.777e-7	-5.009e-7	1.142e-6	-4.332e-7	9.147e-7	-3.986e-7	9.311e-7	-3.965e-7
0.779	9.737e-7	-4.974e-7	1.145e-6	-4.344e-7	9.179e-7	-4.018e-7	9.255e-7	-3.911e-7
0.780	9.719e-7	-5.052e-7	1.146e-6	-4.301e-7	9.262e-7	-3.990e-7	9.219e-7	-4.008e-7
0.781	9.661e-7	-4.980e-7	1.142e-6	-4.349e-7	9.211e-7	-4.020e-7	9.290e-7	-3.974e-7
0.782	9.791e-7	-5.053e-7	1.144e-6	-4.329e-7	9.133e-7	-3.945e-7	9.343e-7	-4.003e-7
0.783	9.660e-7	-4.986e-7	1.137e-6	-4.357e-7	9.302e-7	-4.008e-7	9.318e-7	-3.928e-7
0.784	9.784e-7	-4.989e-7	1.138e-6	-4.386e-7	9.182e-7	-3.955e-7	9.359e-7	-3.959e-7
0.785	9.760e-7	-5.090e-7	1.139e-6	-4.319e-7	9.245e-7	-3.943e-7	9.393e-7	-3.938e-7
0.786	9.809e-7	-5.015e-7	1.144e-6	-4.344e-7	9.313e-7	-4.009e-7	9.266e-7	-3.942e-7
0.787	9.876e-7	-5.027e-7	1.136e-6	-4.370e-7	9.145e-7	-3.983e-7	9.327e-7	-3.958e-7
0.788	9.703e-7	-5.051e-7	1.132e-6	-4.292e-7	9.280e-7	-3.969e-7	9.406e-7	-4.051e-7
0.789	9.767e-7	-5.040e-7	1.137e-6	-4.329e-7	9.234e-7	-3.947e-7	9.363e-7	-3.960e-7
0.790	9.796e-7	-5.064e-7	1.154e-6	-4.318e-7	9.258e-7	-3.933e-7	9.234e-7	-3.966e-7
0.791	9.767e-7	-5.055e-7	1.141e-6	-4.298e-7	9.178e-7	-3.917e-7	9.327e-7	-3.977e-7
0.792	9.699e-7	-5.043e-7	1.148e-6	-4.268e-7	9.301e-7	-3.962e-7	9.314e-7	-3.977e-7
0.793	9.690e-7	-5.020e-7	1.153e-6	-4.319e-7	9.238e-7	-3.960e-7	9.270e-7	-3.985e-7
0.794	9.705e-7	-5.043e-7	1.135e-6	-4.357e-7	9.291e-7	-3.971e-7	9.316e-7	-3.900e-7
0.795	9.679e-7	-5.032e-7	1.148e-6	-4.373e-7	9.238e-7	-3.977e-7	9.268e-7	-3.986e-7
0.796	9.655e-7	-5.016e-7	1.140e-6	-4.331e-7	9.287e-7	-3.926e-7	9.333e-7	-3.885e-7
0.797	9.677e-7	-5.053e-7	1.132e-6	-4.380e-7	9.285e-7	-3.938e-7	9.330e-7	-3.951e-7
0.798	9.670e-7	-5.060e-7	1.133e-6	-4.330e-7	9.251e-7	-3.925e-7	9.317e-7	-3.930e-7
0.799	9.778e-7	-5.094e-7	1.144e-6	-4.364e-7	9.188e-7	-3.897e-7	9.258e-7	-3.935e-7
0.800	9.677e-7	-5.021e-7	1.147e-6	-4.376e-7	9.385e-7	-3.958e-7	9.091e-7	-3.927e-7
0.801	9.757e-7	-5.034e-7	1.136e-6	-4.302e-7	9.167e-7	-3.959e-7	9.279e-7	-3.995e-7
0.802	9.722e-7	-5.000e-7	1.134e-6	-4.409e-7	9.204e-7	-3.958e-7	9.273e-7	-3.863e-7
0.803	9.585e-7	-5.038e-7	1.136e-6	-4.310e-7	9.250e-7	-3.967e-7	9.260e-7	-3.952e-7
0.804	9.616e-7	-5.021e-7	1.147e-6	-4.325e-7	9.308e-7	-4.006e-7	9.216e-7	-3.909e-7
0.805	9.714e-7	-5.042e-7	1.150e-6	-4.302e-7	9.123e-7	-3.956e-7	9.137e-7	-3.940e-7
0.806	9.782e-7	-5.024e-7	1.132e-6	-4.347e-7	9.097e-7	-3.900e-7	9.303e-7	-3.927e-7
0.807	9.733e-7	-5.038e-7	1.135e-6	-4.328e-7	9.203e-7	-3.943e-7	9.283e-7	-3.938e-7
0.808	9.681e-7	-5.062e-7	1.132e-6	-4.342e-7	9.233e-7	-3.899e-7	9.268e-7	-3.892e-7
0.809	9.654e-7	-5.037e-7	1.136e-6	-4.321e-7	9.229e-7	-3.957e-7	9.274e-7	-3.891e-7
0.810	9.711e-7	-5.039e-7	1.130e-6	-4.356e-7	9.097e-7	-3.901e-7	9.213e-7	-3.892e-7
0.811	9.652e-7	-5.052e-7	1.140e-6	-4.311e-7	9.129e-7	-3.881e-7	9.136e-7	-3.883e-7
0.812	9.611e-7	-5.061e-7	1.122e-6	-4.295e-7	9.183e-7	-3.900e-7	9.268e-7	-3.891e-7
0.813	9.563e-7	-5.038e-7	1.134e-6	-4.299e-7	9.299e-7	-3.923e-7	9.192e-7	-3.884e-7
0.814	9.480e-7	-5.060e-7	1.120e-6	-4.301e-7	9.232e-7	-3.921e-7	9.240e-7	-3.911e-7
0.815	9.604e-7	-5.069e-7	1.128e-6	-4.389e-7	9.212e-7	-3.889e-7	9.178e-7	-3.834e-7
0.816	9.667e-7	-5.025e-7	1.132e-6	-4.297e-7	9.014e-7	-3.919e-7	9.139e-7	-3.858e-7
0.817	9.637e-7	-5.039e-7	1.137e-6	-4.294e-7	9.149e-7	-3.869e-7	9.087e-7	-3.888e-7
0.818	9.663e-7	-5.070e-7	1.121e-6	-4.304e-7	9.075e-7	-3.880e-7	9.357e-7	-3.905e-7
0.819	9.665e-7	-4.989e-7	1.123e-6	-4.334e-7	9.191e-7	-3.896e-7	9.232e-7	-3.887e-7
0.820	9.569e-7	-5.030e-7	1.127e-6	-4.302e-7	9.108e-7	-3.908e-7	9.200e-7	-3.883e-7
0.821	9.625e-7	-5.071e-7	1.134e-6	-4.280e-7	9.081e-7	-3.931e-7	9.114e-7	-3.901e-7
0.822	9.590e-7	-4.998e-7	1.120e-6	-4.314e-7	9.205e-7	-3.936e-7	9.174e-7	-3.854e-7
0.823	9.595e-7	-5.061e-7	1.127e-6	-4.221e-7	9.074e-7	-3.863e-7	9.156e-7	-3.882e-7
0.824	9.648e-7	-5.017e-7	1.124e-6	-4.269e-7	9.084e-7	-3.910e-7	9.151e-7	-3.908e-7
0.825	9.600e-7	-5.055e-7	1.112e-6	-4.296e-7	9.057e-7	-3.888e-7	9.186e-7	-3.917e-7
0.826	9.620e-7	-5.030e-7	1.126e-6	-4.292e-7	9.139e-7	-3.899e-7	9.187e-7	-3.829e-7
0.827	9.684e-7	-5.040e-7	1.134e-6	-4.334e-7	9.060e-7	-3.894e-7	9.024e-7	-3.867e-7
0.828	9.590e-7	-4.980e-7	1.112e-6	-4.291e-7	9.055e-7	-3.951e-7	9.224e-7	-3.892e-7
0.829	9.425e-7	-4.983e-7	1.119e-6	-4.353e-7	9.207e-7	-3.971e-7	9.204e-7	-3.896e-7
0.830	9.578e-7	-4.984e-7	1.134e-6	-4.321e-7	9.096e-7	-3.936e-7	9.076e-7	-3.858e-7
0.831	9.548e-7	-5.002e-7	1.117e-6	-4.294e-7	9.090e-7	-3.908e-7	9.123e-7	-3.905e-7
0.832	9.571e-7	-4.954e-7	1.122e-6	-4.313e-7	9.017e-7	-3.946e-7	9.138e-7	-3.860e-7
0.833	9.557e-7	-5.028e-7	1.121e-6	-4.278e-7	9.120e-7	-3.888e-7	9.192e-7	-3.956e-7
0.834	9.471e-7	-5.026e-7	1.109e-6	-4.332e-7	9.158e-7	-3.895e-7	9.143e-7	-3.879e-7
0.835	9.448e-7	-5.023e-7	1.122e-6	-4.304e-7	9.120e-7	-3.887e-7	9.045e-7	-3.848e-7
0.836	9.532e-7	-5.044e-7	1.128e-6	-4.361e-7	9.062e-7	-3.900e-7	9.072e-7	-3.827e-7
0.837	9.483e-7	-4.987e-7	1.124e-6	-4.366e-7	9.081e-7	-3.898e-7	9.070e-7	-3.849e-7
0.838	9.436e-7	-5.022e-7	1.119e-6	-4.255e-7	9.090e-7	-3.858e-7	9.038e-7	-3.946e-7
0.839	9.315e-7	-5.058e-7	1.120e-6	-4.255e-7	9.139e-7	-3.883e-7	8.939e-7	-3.881e-7
0.840	9.369e-7	-5.043e-7	1.110e-6	-4.320e-7	9.200e-7	-3.900e-7	9.117e-7	-3.870e-7
0.841	9.492e-7	-5.036e-7	1.119e-6	-4.353e-7	9.069e-7	-3.931e-7	9.037e-7	-3.854e-7
0.842	9.489e-7	-5.027e-7	1.114e-6	-4.364e-7	9.009e-7	-3.923e-7	9.080e-7	-3.780e-7
0.843	9.454e-7	-5.025e-7	1.126e-6	-4.317e-7	9.069e-7	-3.892e-7	8.975e-7	-3.868e-7
0.844	9.482e-7	-4.966e-7	1.113e-6	-4.359e-7	9.131e-7	-3.889e-7	9.042e-7	-3.808e-7
0.845	9.424e-7	-5.027e-7	1.121e-6	-4.310e-7	9.029e-7	-3.910e-7	8.983e-7	-3.871e-7
0.846	9.471e-7	-5.041e-7	1.123e-6	-4.296e-7	8.886e-7	-3.862e-7	8.792e-7	-3.828e-7
0.847	9.447e-7	-4.939e-7	1.109e-6	-4.245e-7	9.089e-7	-3.924e-7	8.951e-7	-3.893e-7
0.848	9.296e-7	-5.035e-7	1.113e-6	-4.383e-7	9.067e-7	-3.868e-7	8.981e-7	-3.850e-7
0.849	9.571e-7	-5.004e-7	1.101e-6	-4.321e-7	8.888e-7	-3.882e-7	8.981e-7	-3.904e-7
0.850	9.526e-7	-4.969e-7	1.104e-6	-4.349e-7	8.992e-7	-3.914e-7	9.107e-7	-3.799e-7
0.851	9.482e-7	-5.056e-7	1.104e-6	-4.323e-7	8.966e-7	-3.850e-7	8.998e-7	-3.901e-7
0.852	9.374e-7	-5.011e-7	1.120e-6	-4.310e-7	8.927e-7	-3.903e-7	8.887e-7	-3.911e-7
0.853	9.305e-7	-5.028e-7	1.103e-6	-4.355e-7	8.981e-7	-3.898e-7	8.990e-7	-3.828e-7
0.854	9.291e-7	-5.054e-7	1.095e-6	-4.322e-7	9.134e-7	-3.909e-7	9.052e-7	-3.857e-7
0.855	9.468e-7	-5.036e-7	1.104e-6	-4.410e-7	8.883e-7	-3.877e-7	9.031e-7	-3.799e-7
0.856	9.352e-7	-4.973e-7	1.098e-6	-4.318e-7	8.948e-7	-3.928e-7	8.948e-7	-3.883e-7
0.857	9.318e-7	-4.938e-7	1.114e-6	-4.329e-7	8.975e-7	-3.985e-7	8.875e-7	-3.877e-7
0.858	9.370e-7	-5.051e-7	1.082e-6	-4.344e-7	8.901e-7	-3.868e-7	9.125e-7	-3.902e-7
0.859	9.326e-7	-5.034e-7	1.098e-6	-4.347e-7	8.927e-7	-3.838e-7	8.972e-7	-3.846e-7
0.860	9.380e-7	-5.055e-7	1.092e-6	-4.370e-7	8.913e-7	-3.829e-7	9.081e-7	-3.871e-7
0.861	9.282e-7	-5.044e-7	1.096e-6	-4.374e-7	9.016e-7	-3.839e-7	8.923e-7	-3.813e-7
0.862	9.239e-7	-5.039e-7	1.093e-6	-4.354e-7	8.878e-7	-3.866e-7	9.001e-7	-3.880e-7
0.863	9.362e-7	-4.961e-7	1.103e-6	-4.323e-7	8.820e-7	-3.891e-7	8.934e-7	-3.869e-7
0.864	9.422e-7	-5.039e-7	1.088e-6	-4.266e-7	8.833e-7	-3.871e-7	9.037e-7	-3.930e-7
0.865	9.394e-7	-4.992e-7	1.090e-6	-4.344e-7	8.862e-7	-3.928e-7	9.098e-7	-3.842e-7
0.866	9.306e-7	-5.003e-7	1.088e-6	-4.295e-7	8.935e-7	-3.906e-7	9.016e-7	-3.897e-7
0.867	9.380e-7	-5.024e-7	1.096e-6	-4.323e-7	8.858e-7	-3.890e-7	8.852e-7	-3.848e-7
0.868	9.341e-7	-5.038e-7	1.086e-6	-4.283e-7	8.875e-7	-3.920e-7	8.916e-7	-3.879e-7
0.869	9.435e-7	-5.054e-7	1.078e-6	-4.403e-7	8.795e-7	-3.867e-7	9.034e-7	-3.808e-7
0.870	9.354e-7	-5.057e-7	1.103e-6	-4.406e-7	8.820e-7	-3.862e-7	8.886e-7	-3.776e-7
0.871	9.275e-7	-5.009e-7	1.078e-6	-4.298e-7	8.855e-7	-3.906e-7	9.034e-7	-3.914e-7
0.872	9.344e-7	-5.012e-7	1.090e-6	-4.349e-7	8.787e-7	-3.896e-7	8.932e-7	-3.871e-7
0.873	9.265e-7	-5.055e-7	1.083e-6	-4.271e-7	8.907e-7	-3.876e-7	8.994e-7	-3.857e-7
0.874	9.209e-7	-5.001e-7	1.075e-6	-4.311e-7	8.856e-7	-3.846e-7	8.938e-7	-3.887e-7
0.875	9.322e-7	-4.965e-7	1.091e-6	-4.323e-7	8.848e-7	-3.930e-7	8.879e-7	-3.915e-7
0.876	9.247e-7	-5.007e-7	1.081e-6	-4.361e-7	8.893e-7	-3.885e-7	8.954e-7	-3.857e-7
0.877	9.109e-7	-5.053e-7	1.081e-6	-4.332e-7	8.901e-7	-3.901e-7	8.842e-7	-3.866e-7
0.878	9.130e-7	-5.000e-7	1.083e-6	-4.357e-7	8.874e-7	-3.934e-7	8.843e-7	-3.871e-7
0.879	9.375e-7	-5.009e-7	1.069e-6	-4.379e-7	8.688e-7	-3.900e-7	9.027e-7	-3.845e-7
0.880	9.380e-7	-5.044e-7	1.080e-6	-4.343e-7	8.745e-7	-3.914e-7	8.944e-7	-3.879e-7
0.881	9.299e-7	-5.034e-7	1.075e-6	-4.409e-7	8.794e-7	-3.916e-7	8.871e-7	-3.848e-7
0.882	9.378e-7	-5.036e-7	1.080e-6	-4.418e-7	8.769e-7	-3.954e-7	8.965e-7	-3.871e-7
0.883	9.185e-7	-5.015e-7	1.089e-6	-4.347e-7	8.911e-7	-3.900e-7	8.844e-7	-3.886e-7
0.884	9.147e-7	-5.005e-7	1.073e-6	-4.378e-7	8.856e-7	-3.968e-7	8.971e-7	-3.915e-7
0.885	9.283e-7	-5.030e-7	1.075e-6	-4.376e-7	8.738e-7	-3.933e-7	9.040e-7	-3.898e-7
0.886	9.296e-7	-5.099e-7	1.086e-6	-4.416e-7	8.869e-7	-3.962e-7	9.031e-7	-3.860e-7
0.887	9.178e-7	-5.033e-7	1.092e-6	-4.400e-7	8.984e-7	-3.956e-7	8.929e-7	-3.861e-7
0.888	9.353e-7	-5.012e-7	1.075e-6	-4.419e-7	8.873e-7	-3.983e-7	8.955e-7	-3.906e-7
0.889	9.249e-7	-5.060e-7	1.080e-6	-4.342e-7	8.915e-7	-3.905e-7	8.978e-7	-3.871e-7
0.890	9.343e-7	-5.068e-7	1.084e-6	-4.422e-7	8.868e-7	-3.954e-7	9.034e-7	-3.929e-7
0.891	9.200e-7	-5.103e-7	1.088e-6	-4.444e-7	9.005e-7	-3.872e-7	8.996e-7	-3.884e-7
0.892	9.260e-7	-5.069e-7	1.084e-6	-4.459e-7	8.836e-7	-3.912e-7	8.864e-7	-3.920e-7
0.893	9.228e-7	-5.011e-7	1.079e-6	-4.385e-7	8.936e-7	-4.014e-7	9.021e-7	-3.953e-7
0.894	9.339e-7	-5.113e-7	1.079e-6	-4.426e-7	8.874e-7	-3.887e-7	9.070e-7	-3.949e-7
0.895	9.388e-7	-5.022e-7	1.084e-6	-4.406e-7	8.801e-7	-3.996e-7	8.916e-7	-3.912e-7
0.896	9.261e-7	-5.044e-7	1.090e-6	-4.475e-7	8.888e-7	-4.012e-7	8.932e-7	-3.830e-7
0.897	9.170e-7	-5.057e-7	1.091e-6	-4.415e-7	9.054e-7	-4.032e-7	9.032e-7	-3.912e-7
0.898	9.343e-7	-5.069e-7	1.084e-6	-4.472e-7	8.896e-7	-4.019e-7	9.082e-7	-3.864e-7
0.899	9.248e-7	-5.008e-7	1.087e-6	-4.391e-7	8.973e-7	-4.032e-7	8.879e-7	-3.976e-7
0.900	9.208e-7	-5.027e-7	1.085e-6	-4.413e-7	9.050e-7	-4.033e-7	9.119e-7	-3.980e-7
