0.896, -8.471e-6, 3.097e-5, 3.944e-5, -9.108e-6, 3.127e-5, 4.038e-5, -6.398e-6, 5.963e-5, 6.603e-5, -7.135e-6, 6.533e-5, 7.247e-5, -9.310e-6, 3.850e-5, 4.781e-5, -8.533e-6, 3.362e-5, 4.215e-5, -8.419e-6, 3.614e-5, 4.455e-5, -7.688e-6, 3.183e-5, 3.952e-5
0.892, -8.682e-6, 2.557e-5, 3.425e-5, -9.137e-6, 2.569e-5, 3.483e-5, -7.322e-6, 4.963e-5, 5.695e-5, -8.075e-6, 5.450e-5, 6.258e-5, -1.024e-5, 3.109e-5, 4.133e-5, -8.817e-6, 2.719e-5, 3.601e-5, -9.330e-6, 2.927e-5, 3.860e-5, -7.962e-6, 2.580e-5, 3.376e-5
0.888, -8.244e-6, 2.227e-5, 3.051e-5, -8.597e-6, 2.229e-5, 3.088e-5, -7.294e-6, 4.334e-5, 5.064e-5, -8.005e-6, 4.771e-5, 5.571e-5, -1.009e-5, 2.673e-5, 3.681e-5, -8.461e-6, 2.329e-5, 3.175e-5, -9.181e-6, 2.524e-5, 3.442e-5, -7.643e-6, 2.214e-5, 2.979e-5
0.884, -7.751e-6, 1.983e-5, 2.758e-5, -8.020e-6, 1.982e-5, 2.784e-5, -7.062e-6, 3.880e-5, 4.586e-5, -7.740e-6, 4.278e-5, 5.052e-5, -9.733e-6, 2.364e-5, 3.337e-5, -7.993e-6, 2.052e-5, 2.852e-5, -8.870e-6, 2.237e-5, 3.124e-5, -7.252e-6, 1.953e-5, 2.679e-5
0.880, -7.262e-6, 1.795e-5, 2.521e-5, -7.467e-6, 1.792e-5, 2.539e-5, -6.752e-6, 3.531e-5, 4.206e-5, -7.383e-6, 3.900e-5, 4.638e-5, -9.347e-6, 2.127e-5, 3.062e-5, -7.551e-6, 1.842e-5, 2.597e-5, -8.502e-6, 2.013e-5, 2.863e-5, -6.843e-6, 1.757e-5, 2.441e-5
0.876, -6.806e-6, 1.645e-5, 2.325e-5, -6.958e-6, 1.641e-5, 2.337e-5, -6.456e-6, 3.251e-5, 3.897e-5, -7.037e-6, 3.598e-5, 4.302e-5, -8.935e-6, 1.938e-5, 2.832e-5, -7.124e-6, 1.678e-5, 2.391e-5, -8.160e-6, 1.837e-5, 2.653e-5, -6.460e-6, 1.601e-5, 2.247e-5
0.872, -6.381e-6, 1.523e-5, 2.161e-5, -6.493e-6, 1.517e-5, 2.167e-5, -6.140e-6, 3.023e-5, 3.637e-5, -6.691e-6, 3.351e-5, 4.020e-5, -8.555e-6, 1.785e-5, 2.641e-5, -6.729e-6, 1.544e-5, 2.217e-5, -7.810e-6, 1.693e-5, 2.474e-5, -6.105e-6, 1.475e-5, 2.086e-5
0.868, -5.979e-6, 1.423e-5, 2.021e-5, -6.067e-6, 1.415e-5, 2.022e-5, -5.847e-6, 2.831e-5, 3.416e-5, -6.367e-6, 3.143e-5, 3.780e-5, -8.162e-6, 1.658e-5, 2.474e-5, -6.358e-6, 1.433e-5, 2.069e-5, -7.442e-6, 1.575e-5, 2.319e-5, -5.784e-6, 1.371e-5, 1.949e-5
0.864, -5.616e-6, 1.338e-5, 1.900e-5, -5.682e-6, 1.330e-5, 1.898e-5, -5.565e-6, 2.670e-5, 3.226e-5, -6.039e-6, 2.968e-5, 3.572e-5, -7.810e-6, 1.549e-5, 2.330e-5, -6.026e-6, 1.340e-5, 1.942e-5, -7.129e-6, 1.472e-5, 2.185e-5, -5.476e-6, 1.283e-5, 1.830e-5
0.860, -5.277e-6, 1.267e-5, 1.795e-5, -5.324e-6, 1.257e-5, 1.790e-5, -5.314e-6, 2.530e-5, 3.061e-5, -5.763e-6, 2.817e-5, 3.393e-5, -7.470e-6, 1.456e-5, 2.203e-5, -5.716e-6, 1.260e-5, 1.832e-5, -6.818e-6, 1.386e-5, 2.068e-5, -5.195e-6, 1.207e-5, 1.727e-5
0.856, -4.968e-6, 1.206e-5, 1.703e-5, -4.999e-6, 1.195e-5, 1.695e-5, -5.069e-6, 2.408e-5, 2.915e-5, -5.499e-6, 2.686e-5, 3.236e-5, -7.156e-6, 1.376e-5, 2.092e-5, -5.438e-6, 1.191e-5, 1.735e-5, -6.520e-6, 1.309e-5, 1.961e-5, -4.941e-6, 1.142e-5, 1.636e-5
0.852, -4.681e-6, 1.153e-5, 1.621e-5, -4.701e-6, 1.142e-5, 1.612e-5, -4.834e-6, 2.302e-5, 2.786e-5, -5.235e-6, 2.571e-5, 3.095e-5, -6.859e-6, 1.307e-5, 1.993e-5, -5.174e-6, 1.132e-5, 1.649e-5, -6.262e-6, 1.245e-5, 1.871e-5, -4.708e-6, 1.086e-5, 1.556e-5
0.848, -4.417e-6, 1.107e-5, 1.549e-5, -4.429e-6, 1.095e-5, 1.538e-5, -4.641e-6, 2.206e-5, 2.671e-5, -5.019e-6, 2.469e-5, 2.971e-5, -6.573e-6, 1.246e-5, 1.903e-5, -4.937e-6, 1.079e-5, 1.573e-5, -5.996e-6, 1.187e-5, 1.786e-5, -4.492e-6, 1.036e-5, 1.485e-5
0.844, -4.179e-6, 1.067e-5, 1.485e-5, -4.178e-6, 1.054e-5, 1.472e-5, -4.444e-6, 2.122e-5, 2.567e-5, -4.801e-6, 2.378e-5, 2.858e-5, -6.320e-6, 1.191e-5, 1.823e-5, -4.722e-6, 1.032e-5, 1.505e-5, -5.758e-6, 1.137e-5, 1.713e-5, -4.290e-6, 9.919e-6, 1.421e-5
0.840, -3.953e-6, 1.031e-5, 1.427e-5, -3.942e-6, 1.018e-5, 1.412e-5, -4.261e-6, 2.046e-5, 2.473e-5, -4.584e-6, 2.297e-5, 2.755e-5, -6.068e-6, 1.143e-5, 1.750e-5, -4.515e-6, 9.910e-6, 1.443e-5, -5.536e-6, 1.092e-5, 1.646e-5, -4.106e-6, 9.532e-6, 1.364e-5
0.836, -3.746e-6, 1.000e-5, 1.375e-5, -3.731e-6, 9.861e-6, 1.359e-5, -4.089e-6, 1.979e-5, 2.388e-5, -4.405e-6, 2.223e-5, 2.663e-5, -5.828e-6, 1.101e-5, 1.684e-5, -4.326e-6, 9.546e-6, 1.387e-5, -5.316e-6, 1.054e-5, 1.585e-5, -3.933e-6, 9.187e-6, 1.312e-5
0.832, -3.550e-6, 9.722e-6, 1.327e-5, -3.527e-6, 9.581e-6, 1.311e-5, -3.939e-6, 1.916e-5, 2.310e-5, -4.233e-6, 2.155e-5, 2.578e-5, -5.609e-6, 1.064e-5, 1.625e-5, -4.150e-6, 9.222e-6, 1.337e-5, -5.109e-6, 1.018e-5, 1.529e-5, -3.774e-6, 8.881e-6, 1.265e-5
0.828, -3.372e-6, 9.475e-6, 1.285e-5, -3.346e-6, 9.327e-6, 1.267e-5, -3.783e-6, 1.860e-5, 2.238e-5, -4.075e-6, 2.093e-5, 2.501e-5, -5.407e-6, 1.031e-5, 1.571e-5, -3.986e-6, 8.925e-6, 1.291e-5, -4.914e-6, 9.878e-6, 1.479e-5, -3.627e-6, 8.602e-6, 1.223e-5
0.824, -3.204e-6, 9.251e-6, 1.246e-5, -3.172e-6, 9.101e-6, 1.227e-5, -3.651e-6, 1.807e-5, 2.172e-5, -3.923e-6, 2.038e-5, 2.430e-5, -5.198e-6, 1.002e-5, 1.521e-5, -3.835e-6, 8.661e-6, 1.250e-5, -4.724e-6, 9.603e-6, 1.433e-5, -3.488e-6, 8.351e-6, 1.184e-5
0.820, -3.051e-6, 9.048e-6, 1.210e-5, -3.013e-6, 8.896e-6, 1.191e-5, -3.528e-6, 1.758e-5, 2.111e-5, -3.779e-6, 1.985e-5, 2.363e-5, -5.013e-6, 9.750e-6, 1.476e-5, -3.690e-6, 8.424e-6, 1.211e-5, -4.561e-6, 9.347e-6, 1.391e-5, -3.354e-6, 8.128e-6, 1.148e-5
0.816, -2.905e-6, 8.864e-6, 1.177e-5, -2.863e-6, 8.710e-6, 1.157e-5, -3.416e-6, 1.714e-5, 2.055e-5, -3.649e-6, 1.938e-5, 2.303e-5, -4.840e-6, 9.513e-6, 1.435e-5, -3.551e-6, 8.211e-6, 1.176e-5, -4.410e-6, 9.120e-6, 1.353e-5, -3.239e-6, 7.922e-6, 1.116e-5
0.812, -2.776e-6, 8.697e-6, 1.147e-5, -2.729e-6, 8.540e-6, 1.127e-5, -3.304e-6, 1.673e-5, 2.003e-5, -3.539e-6, 1.893e-5, 2.247e-5, -4.677e-6, 9.297e-6, 1.397e-5, -3.427e-6, 8.013e-6, 1.144e-5, -4.247e-6, 8.927e-6, 1.317e-5, -3.119e-6, 7.736e-6, 1.086e-5
0.808, -2.652e-6, 8.544e-6, 1.120e-5, -2.598e-6, 8.386e-6, 1.098e-5, -3.202e-6, 1.634e-5, 1.954e-5, -3.416e-6, 1.851e-5, 2.193e-5, -4.520e-6, 9.100e-6, 1.362e-5, -3.318e-6, 7.831e-6, 1.115e-5, -4.089e-6, 8.741e-6, 1.283e-5, -3.018e-6, 7.561e-6, 1.058e-5
0.804, -2.536e-6, 8.403e-6, 1.094e-5, -2.479e-6, 8.244e-6, 1.072e-5, -3.107e-6, 1.598e-5, 1.909e-5, -3.323e-6, 1.812e-5, 2.144e-5, -4.375e-6, 8.919e-6, 1.329e-5, -3.206e-6, 7.669e-6, 1.088e-5, -3.968e-6, 8.570e-6, 1.254e-5, -2.917e-6, 7.405e-6, 1.032e-5
0.800, -2.430e-6, 8.275e-6, 1.071e-5, -2.368e-6, 8.114e-6, 1.048e-5, -3.020e-6, 1.564e-5, 1.867e-5, -3.221e-6, 1.776e-5, 2.098e-5, -4.242e-6, 8.750e-6, 1.299e-5, -3.109e-6, 7.518e-6, 1.063e-5, -3.845e-6, 8.417e-6, 1.226e-5, -2.825e-6, 7.264e-6, 1.009e-5
0.796, -2.328e-6, 8.156e-6, 1.048e-5, -2.265e-6, 7.991e-6, 1.026e-5, -2.942e-6, 1.532e-5, 1.826e-5, -3.129e-6, 1.743e-5, 2.055e-5, -4.126e-6, 8.601e-6, 1.273e-5, -3.014e-6, 7.378e-6, 1.039e-5, -3.727e-6, 8.272e-6, 1.200e-5, -2.741e-6, 7.128e-6, 9.870e-6
0.792, -2.238e-6, 8.043e-6, 1.028e-5, -2.170e-6, 7.880e-6, 1.005e-5, -2.875e-6, 1.502e-5, 1.789e-5, -3.054e-6, 1.710e-5, 2.015e-5, -3.999e-6, 8.465e-6, 1.246e-5, -2.930e-6, 7.247e-6, 1.018e-5, -3.628e-6, 8.137e-6, 1.177e-5, -2.662e-6, 7.006e-6, 9.668e-6
0.788, -2.154e-6, 7.940e-6, 1.009e-5, -2.085e-6, 7.773e-6, 9.858e-6, -2.811e-6, 1.473e-5, 1.754e-5, -2.974e-6, 1.679e-5, 1.977e-5, -3.903e-6, 8.337e-6, 1.224e-5, -2.854e-6, 7.127e-6, 9.980e-6, -3.533e-6, 8.014e-6, 1.155e-5, -2.592e-6, 6.888e-6, 9.480e-6
0.784, -2.078e-6, 7.841e-6, 9.918e-6, -2.005e-6, 7.674e-6, 9.680e-6, -2.747e-6, 1.446e-5, 1.721e-5, -2.910e-6, 1.650e-5, 1.941e-5, -3.790e-6, 8.219e-6, 1.201e-5, -2.784e-6, 7.014e-6, 9.798e-6, -3.429e-6, 7.909e-6, 1.134e-5, -2.524e-6, 6.780e-6, 9.304e-6
0.780, -2.010e-6, 7.747e-6, 9.757e-6, -1.934e-6, 7.582e-6, 9.516e-6, -2.693e-6, 1.421e-5, 1.690e-5, -2.851e-6, 1.623e-5, 1.908e-5, -3.712e-6, 8.105e-6, 1.182e-5, -2.717e-6, 6.910e-6, 9.628e-6, -3.357e-6, 7.799e-6, 1.116e-5, -2.464e-6, 6.676e-6, 9.140e-6
0.776, -1.945e-6, 7.662e-6, 9.607e-6, -1.861e-6, 7.496e-6, 9.357e-6, -2.645e-6, 1.397e-5, 1.661e-5, -2.788e-6, 1.597e-5, 1.875e-5, -3.621e-6, 7.997e-6, 1.162e-5, -2.658e-6, 6.811e-6, 9.469e-6, -3.277e-6, 7.698e-6, 1.097e-5, -2.404e-6, 6.585e-6, 8.989e-6
0.772, -1.883e-6, 7.579e-6, 9.462e-6, -1.799e-6, 7.415e-6, 9.214e-6, -2.595e-6, 1.374e-5, 1.633e-5, -2.732e-6, 1.572e-5, 1.845e-5, -3.557e-6, 7.894e-6, 1.145e-5, -2.600e-6, 6.719e-6, 9.319e-6, -3.211e-6, 7.608e-6, 1.082e-5, -2.353e-6, 6.494e-6, 8.848e-6
0.768, -1.830e-6, 7.500e-6, 9.331e-6, -1.740e-6, 7.338e-6, 9.079e-6, -2.549e-6, 1.352e-5, 1.607e-5, -2.692e-6, 1.548e-5, 1.817e-5, -3.494e-6, 7.799e-6, 1.129e-5, -2.550e-6, 6.631e-6, 9.182e-6, -3.151e-6, 7.508e-6, 1.066e-5, -2.308e-6, 6.408e-6, 8.716e-6
0.764, -1.776e-6, 7.428e-6, 9.204e-6, -1.684e-6, 7.269e-6, 8.953e-6, -2.503e-6, 1.331e-5, 1.581e-5, -2.637e-6, 1.526e-5, 1.790e-5, -3.420e-6, 7.713e-6, 1.113e-5, -2.500e-6, 6.550e-6, 9.050e-6, -3.090e-6, 7.426e-6, 1.052e-5, -2.259e-6, 6.330e-6, 8.590e-6
0.760, -1.730e-6, 7.357e-6, 9.087e-6, -1.635e-6, 7.199e-6, 8.834e-6, -2.473e-6, 1.311e-5, 1.558e-5, -2.599e-6, 1.504e-5, 1.764e-5, -3.372e-6, 7.617e-6, 1.099e-5, -2.457e-6, 6.472e-6, 8.929e-6, -3.036e-6, 7.344e-6, 1.038e-5, -2.223e-6, 6.253e-6, 8.475e-6
0.756, -1.685e-6, 7.289e-6, 8.975e-6, -1.589e-6, 7.135e-6, 8.724e-6, -2.439e-6, 1.291e-5, 1.535e-5, -2.561e-6, 1.484e-5, 1.740e-5, -3.310e-6, 7.540e-6, 1.085e-5, -2.419e-6, 6.397e-6, 8.816e-6, -2.994e-6, 7.261e-6, 1.025e-5, -2.183e-6, 6.179e-6, 8.362e-6
0.752, -1.646e-6, 7.224e-6, 8.870e-6, -1.546e-6, 7.073e-6, 8.620e-6, -2.410e-6, 1.273e-5, 1.514e-5, -2.529e-6, 1.464e-5, 1.717e-5, -3.269e-6, 7.455e-6, 1.072e-5, -2.381e-6, 6.327e-6, 8.708e-6, -2.949e-6, 7.188e-6, 1.014e-5, -2.153e-6, 6.111e-6, 8.264e-6
0.748, -1.613e-6, 7.157e-6, 8.770e-6, -1.508e-6, 7.013e-6, 8.521e-6, -2.380e-6, 1.255e-5, 1.493e-5, -2.492e-6, 1.445e-5, 1.695e-5, -3.231e-6, 7.378e-6, 1.061e-5, -2.344e-6, 6.263e-6, 8.606e-6, -2.906e-6, 7.114e-6, 1.002e-5, -2.119e-6, 6.045e-6, 8.164e-6
0.744, -1.582e-6, 7.095e-6, 8.677e-6, -1.478e-6, 6.953e-6, 8.431e-6, -2.357e-6, 1.238e-5, 1.473e-5, -2.467e-6, 1.427e-5, 1.674e-5, -3.193e-6, 7.303e-6, 1.050e-5, -2.319e-6, 6.196e-6, 8.515e-6, -2.876e-6, 7.035e-6, 9.911e-6, -2.093e-6, 5.980e-6, 8.072e-6
0.740, -1.555e-6, 7.034e-6, 8.589e-6, -1.448e-6, 6.896e-6, 8.344e-6, -2.337e-6, 1.221e-5, 1.455e-5, -2.447e-6, 1.409e-5, 1.654e-5, -3.161e-6, 7.227e-6, 1.039e-5, -2.291e-6, 6.135e-6, 8.426e-6, -2.844e-6, 6.967e-6, 9.811e-6, -2.066e-6, 5.918e-6, 7.984e-6
0.736, -1.530e-6, 6.976e-6, 8.505e-6, -1.423e-6, 6.840e-6, 8.262e-6, -2.327e-6, 1.204e-5, 1.437e-5, -2.433e-6, 1.391e-5, 1.635e-5, -3.136e-6, 7.155e-6, 1.029e-5, -2.270e-6, 6.071e-6, 8.341e-6, -2.815e-6, 6.896e-6, 9.711e-6, -2.049e-6, 5.854e-6, 7.904e-6
0.732, -1.510e-6, 6.914e-6, 8.424e-6, -1.404e-6, 6.785e-6, 8.188e-6, -2.305e-6, 1.189e-5, 1.420e-5, -2.414e-6, 1.375e-5, 1.616e-5, -3.107e-6, 7.084e-6, 1.019e-5, -2.253e-6, 6.011e-6, 8.264e-6, -2.802e-6, 6.824e-6, 9.626e-6, -2.032e-6, 5.795e-6, 7.827e-6
0.728, -1.494e-6, 6.856e-6, 8.350e-6, -1.385e-6, 6.731e-6, 8.116e-6, -2.299e-6, 1.174e-5, 1.403e-5, -2.403e-6, 1.358e-5, 1.598e-5, -3.091e-6, 7.013e-6, 1.010e-5, -2.234e-6, 5.952e-6, 8.186e-6, -2.784e-6, 6.749e-6, 9.532e-6, -2.020e-6, 5.737e-6, 7.757e-6
0.724, -1.481e-6, 6.798e-6, 8.279e-6, -1.369e-6, 6.678e-6, 8.047e-6, -2.292e-6, 1.158e-5, 1.388e-5, -2.394e-6, 1.342e-5, 1.582e-5, -3.081e-6, 6.940e-6, 1.002e-5, -2.223e-6, 5.891e-6, 8.114e-6, -2.766e-6, 6.679e-6, 9.446e-6, -2.005e-6, 5.679e-6, 7.683e-6
0.720, -1.469e-6, 6.741e-6, 8.211e-6, -1.359e-6, 6.625e-6, 7.984e-6, -2.290e-6, 1.144e-5, 1.373e-5, -2.384e-6, 1.327e-5, 1.565e-5, -3.054e-6, 6.874e-6, 9.928e-6, -2.214e-6, 5.835e-6, 8.049e-6, -2.754e-6, 6.606e-6, 9.360e-6, -1.997e-6, 5.623e-6, 7.619e-6
0.716, -1.461e-6, 6.684e-6, 8.145e-6, -1.347e-6, 6.574e-6, 7.921e-6, -2.280e-6, 1.130e-5, 1.358e-5, -2.382e-6, 1.312e-5, 1.550e-5, -3.044e-6, 6.805e-6, 9.849e-6, -2.204e-6, 5.780e-6, 7.984e-6, -2.745e-6, 6.542e-6, 9.287e-6, -1.987e-6, 5.566e-6, 7.553e-6
0.712, -1.452e-6, 6.629e-6, 8.082e-6, -1.341e-6, 6.523e-6, 7.863e-6, -2.280e-6, 1.116e-5, 1.344e-5, -2.376e-6, 1.297e-5, 1.534e-5, -3.038e-6, 6.733e-6, 9.771e-6, -2.197e-6, 5.724e-6, 7.921e-6, -2.733e-6, 6.478e-6, 9.211e-6, -1.980e-6, 5.512e-6, 7.492e-6
0.708, -1.448e-6, 6.575e-6, 8.023e-6, -1.333e-6, 6.473e-6, 7.806e-6, -2.278e-6, 1.102e-5, 1.330e-5, -2.374e-6, 1.282e-5, 1.520e-5, -3.023e-6, 6.670e-6, 9.693e-6, -2.190e-6, 5.669e-6, 7.860e-6, -2.738e-6, 6.408e-6, 9.146e-6, -1.976e-6, 5.456e-6, 7.432e-6
0.704, -1.446e-6, 6.520e-6, 7.966e-6, -1.328e-6, 6.424e-6, 7.752e-6, -2.279e-6, 1.089e-5, 1.316e-5, -2.381e-6, 1.268e-5, 1.506e-5, -3.032e-6, 6.601e-6, 9.632e-6, -2.187e-6, 5.616e-6, 7.803e-6, -2.723e-6, 6.344e-6, 9.067e-6, -1.975e-6, 5.401e-6, 7.376e-6
0.700, -1.440e-6, 6.468e-6, 7.908e-6, -1.324e-6, 6.377e-6, 7.701e-6, -2.285e-6, 1.075e-5, 1.304e-5, -2.379e-6, 1.254e-5, 1.492e-5, -3.013e-6, 6.539e-6, 9.552e-6, -2.184e-6, 5.564e-6, 7.748e-6, -2.724e-6, 6.280e-6, 9.004e-6, -1.970e-6, 5.352e-6, 7.322e-6
0.696, -1.438e-6, 6.414e-6, 7.853e-6, -1.320e-6, 6.331e-6, 7.651e-6, -2.284e-6, 1.063e-5, 1.291e-5, -2.385e-6, 1.240e-5, 1.479e-5, -3.015e-6, 6.470e-6, 9.485e-6, -2.180e-6, 5.513e-6, 7.692e-6, -2.714e-6, 6.225e-6, 8.939e-6, -1.971e-6, 5.299e-6, 7.270e-6
0.692, -1.439e-6, 6.361e-6, 7.800e-6, -1.319e-6, 6.284e-6, 7.603e-6, -2.293e-6, 1.050e-5, 1.279e-5, -2.389e-6, 1.227e-5, 1.466e-5, -3.006e-6, 6.406e-6, 9.413e-6, -2.179e-6, 5.462e-6, 7.641e-6, -2.714e-6, 6.159e-6, 8.873e-6, -1.969e-6, 5.250e-6, 7.219e-6
0.688, -1.437e-6, 6.310e-6, 7.747e-6, -1.316e-6, 6.238e-6, 7.555e-6, -2.299e-6, 1.038e-5, 1.268e-5, -2.392e-6, 1.215e-5, 1.454e-5, -3.003e-6, 6.342e-6, 9.345e-6, -2.177e-6, 5.413e-6, 7.590e-6, -2.709e-6, 6.092e-6, 8.801e-6, -1.965e-6, 5.201e-6, 7.166e-6
0.684, -1.437e-6, 6.260e-6, 7.697e-6, -1.313e-6, 6.195e-6, 7.508e-6, -2.300e-6, 1.026e-5, 1.256e-5, -2.397e-6, 1.202e-5, 1.441e-5, -2.997e-6, 6.287e-6, 9.284e-6, -2.175e-6, 5.367e-6, 7.542e-6, -2.712e-6, 6.036e-6, 8.748e-6, -1.964e-6, 5.154e-6, 7.117e-6
0.680, -1.436e-6, 6.210e-6, 7.646e-6, -1.313e-6, 6.150e-6, 7.464e-6, -2.319e-6, 1.014e-5, 1.246e-5, -2.404e-6, 1.189e-5, 1.430e-5, -2.996e-6, 6.224e-6, 9.220e-6, -2.177e-6, 5.317e-6, 7.494e-6, -2.710e-6, 5.973e-6, 8.683e-6, -1.964e-6, 5.105e-6, 7.070e-6
0.676, -1.440e-6, 6.160e-6, 7.600e-6, -1.315e-6, 6.106e-6, 7.421e-6, -2.324e-6, 1.003e-5, 1.235e-5, -2.414e-6, 1.177e-5, 1.418e-5, -2.996e-6, 6.163e-6, 9.159e-6, -2.177e-6, 5.272e-6, 7.449e-6, -2.706e-6, 5.914e-6, 8.620e-6, -1.965e-6, 5.060e-6, 7.025e-6
0.672, -1.442e-6, 6.111e-6, 7.553e-6, -1.318e-6, 6.062e-6, 7.380e-6, -2.329e-6, 9.910e-6, 1.224e-5, -2.430e-6, 1.165e-5, 1.408e-5, -2.993e-6, 6.106e-6, 9.100e-6, -2.180e-6, 5.224e-6, 7.404e-6, -2.708e-6, 5.853e-6, 8.561e-6, -1.963e-6, 5.016e-6, 6.978e-6
0.668, -1.444e-6, 6.062e-6, 7.506e-6, -1.320e-6, 6.018e-6, 7.338e-6, -2.339e-6, 9.794e-6, 1.213e-5, -2.438e-6, 1.153e-5, 1.397e-5, -2.991e-6, 6.048e-6, 9.039e-6, -2.181e-6, 5.178e-6, 7.360e-6, -2.705e-6, 5.793e-6, 8.498e-6, -1.966e-6, 4.968e-6, 6.934e-6
0.664, -1.452e-6, 6.011e-6, 7.462e-6, -1.324e-6, 5.974e-6, 7.298e-6, -2.357e-6, 9.680e-6, 1.204e-5, -2.449e-6, 1.141e-5, 1.386e-5, -2.990e-6, 5.988e-6, 8.979e-6, -2.186e-6, 5.132e-6, 7.318e-6, -2.704e-6, 5.740e-6, 8.444e-6, -1.968e-6, 4.921e-6, 6.889e-6
0.660, -1.456e-6, 5.963e-6, 7.419e-6, -1.329e-6, 5.930e-6, 7.259e-6, -2.365e-6, 9.572e-6, 1.194e-5, -2.469e-6, 1.129e-5, 1.375e-5, -2.997e-6, 5.931e-6, 8.928e-6, -2.186e-6, 5.087e-6, 7.273e-6, -2.718e-6, 5.678e-6, 8.396e-6, -1.970e-6, 4.875e-6, 6.845e-6
0.656, -1.462e-6, 5.912e-6, 7.374e-6, -1.336e-6, 5.886e-6, 7.222e-6, -2.380e-6, 9.461e-6, 1.184e-5, -2.485e-6, 1.117e-5, 1.366e-5, -2.995e-6, 5.874e-6, 8.869e-6, -2.194e-6, 5.040e-6, 7.233e-6, -2.717e-6, 5.626e-6, 8.343e-6, -1.977e-6, 4.827e-6, 6.804e-6
0.652, -1.471e-6, 5.862e-6, 7.333e-6, -1.344e-6, 5.840e-6, 7.184e-6, -2.400e-6, 9.349e-6, 1.175e-5, -2.504e-6, 1.105e-5, 1.356e-5, -2.997e-6, 5.819e-6, 8.816e-6, -2.199e-6, 4.993e-6, 7.192e-6, -2.714e-6, 5.570e-6, 8.284e-6, -1.981e-6, 4.782e-6, 6.763e-6
0.648, -1.478e-6, 5.813e-6, 7.292e-6, -1.352e-6, 5.796e-6, 7.148e-6, -2.418e-6, 9.240e-6, 1.166e-5, -2.524e-6, 1.094e-5, 1.346e-5, -3.005e-6, 5.756e-6, 8.762e-6, -2.210e-6, 4.944e-6, 7.154e-6, -2.722e-6, 5.515e-6, 8.237e-6, -1.989e-6, 4.736e-6, 6.725e-6
0.644, -1.489e-6, 5.763e-6, 7.252e-6, -1.363e-6, 5.750e-6, 7.113e-6, -2.434e-6, 9.133e-6, 1.157e-5, -2.547e-6, 1.082e-5, 1.337e-5, -3.010e-6, 5.697e-6, 8.707e-6, -2.217e-6, 4.897e-6, 7.114e-6, -2.729e-6, 5.454e-6, 8.184e-6, -1.993e-6, 4.688e-6, 6.681e-6
0.640, -1.501e-6, 5.712e-6, 7.213e-6, -1.375e-6, 5.703e-6, 7.078e-6, -2.462e-6, 9.021e-6, 1.148e-5, -2.562e-6, 1.071e-5, 1.327e-5, -3.020e-6, 5.636e-6, 8.656e-6, -2.227e-6, 4.846e-6, 7.073e-6, -2.736e-6, 5.398e-6, 8.133e-6, -2.003e-6, 4.640e-6, 6.644e-6
0.636, -1.511e-6, 5.660e-6, 7.171e-6, -1.386e-6, 5.656e-6, 7.041e-6, -2.477e-6, 8.916e-6, 1.139e-5, -2.591e-6, 1.059e-5, 1.318e-5, -3.026e-6, 5.575e-6, 8.601e-6, -2.238e-6, 4.796e-6, 7.034e-6, -2.745e-6, 5.341e-6, 8.085e-6, -2.013e-6, 4.590e-6, 6.603e-6
0.632, -1.525e-6, 5.610e-6, 7.135e-6, -1.403e-6, 5.607e-6, 7.010e-6, -2.510e-6, 8.802e-6, 1.131e-5, -2.617e-6, 1.048e-5, 1.310e-5, -3.035e-6, 5.518e-6, 8.553e-6, -2.254e-6, 4.745e-6, 6.999e-6, -2.758e-6, 5.278e-6, 8.036e-6, -2.025e-6, 4.543e-6, 6.568e-6
0.628, -1.542e-6, 5.557e-6, 7.099e-6, -1.419e-6, 5.559e-6, 6.978e-6, -2.535e-6, 8.693e-6, 1.123e-5, -2.650e-6, 1.036e-5, 1.301e-5, -3.047e-6, 5.455e-6, 8.503e-6, -2.266e-6, 4.696e-6, 6.963e-6, -2.766e-6, 5.224e-6, 7.990e-6, -2.039e-6, 4.492e-6, 6.531e-6
0.624, -1.559e-6, 5.503e-6, 7.062e-6, -1.439e-6, 5.508e-6, 6.947e-6, -2.565e-6, 8.582e-6, 1.115e-5, -2.682e-6, 1.024e-5, 1.292e-5, -3.061e-6, 5.392e-6, 8.453e-6, -2.286e-6, 4.641e-6, 6.928e-6, -2.785e-6, 5.161e-6, 7.947e-6, -2.053e-6, 4.440e-6, 6.493e-6
0.620, -1.575e-6, 5.452e-6, 7.027e-6, -1.457e-6, 5.458e-6, 6.916e-6, -2.594e-6, 8.473e-6, 1.107e-5, -2.714e-6, 1.013e-5, 1.284e-5, -3.072e-6, 5.331e-6, 8.403e-6, -2.301e-6, 4.591e-6, 6.892e-6, -2.795e-6, 5.101e-6, 7.896e-6, -2.066e-6, 4.393e-6, 6.459e-6
0.616, -1.594e-6, 5.398e-6, 6.992e-6, -1.478e-6, 5.409e-6, 6.886e-6, -2.623e-6, 8.367e-6, 1.099e-5, -2.750e-6, 1.001e-5, 1.276e-5, -3.089e-6, 5.267e-6, 8.357e-6, -2.320e-6, 4.537e-6, 6.856e-6, -2.805e-6, 5.039e-6, 7.844e-6, -2.088e-6, 4.339e-6, 6.427e-6
0.612, -1.616e-6, 5.343e-6, 6.959e-6, -1.502e-6, 5.355e-6, 6.857e-6, -2.659e-6, 8.253e-6, 1.091e-5, -2.788e-6, 9.896e-6, 1.268e-5, -3.106e-6, 5.204e-6, 8.310e-6, -2.342e-6, 4.480e-6, 6.822e-6, -2.823e-6, 4.978e-6, 7.801e-6, -2.103e-6, 4.289e-6, 6.392e-6
0.608, -1.638e-6, 5.287e-6, 6.925e-6, -1.527e-6, 5.301e-6, 6.828e-6, -2.692e-6, 8.145e-6, 1.084e-5, -2.828e-6, 9.777e-6, 1.260e-5, -3.126e-6, 5.138e-6, 8.264e-6, -2.364e-6, 4.424e-6, 6.789e-6, -2.843e-6, 4.915e-6, 7.758e-6, -2.123e-6, 4.235e-6, 6.358e-6
0.604, -1.662e-6, 5.231e-6, 6.894e-6, -1.552e-6, 5.248e-6, 6.800e-6, -2.735e-6, 8.034e-6, 1.077e-5, -2.864e-6, 9.664e-6, 1.253e-5, -3.147e-6, 5.071e-6, 8.218e-6, -2.388e-6, 4.368e-6, 6.756e-6, -2.862e-6, 4.848e-6, 7.710e-6, -2.145e-6, 4.180e-6, 6.325e-6
0.600, -1.687e-6, 5.174e-6, 6.861e-6, -1.581e-6, 5.192e-6, 6.773e-6, -2.773e-6, 7.923e-6, 1.070e-5, -2.907e-6, 9.545e-6, 1.245e-5, -3.163e-6, 5.006e-6, 8.169e-6, -2.415e-6, 4.310e-6, 6.724e-6, -2.876e-6, 4.788e-6, 7.664e-6, -2.168e-6, 4.125e-6, 6.293e-6
0.596, -1.714e-6, 5.118e-6, 6.832e-6, -1.609e-6, 5.136e-6, 6.746e-6, -2.810e-6, 7.813e-6, 1.062e-5, -2.950e-6, 9.429e-6, 1.238e-5, -3.191e-6, 4.938e-6, 8.129e-6, -2.440e-6, 4.252e-6, 6.692e-6, -2.908e-6, 4.721e-6, 7.629e-6, -2.191e-6, 4.069e-6, 6.260e-6
0.592, -1.741e-6, 5.059e-6, 6.800e-6, -1.641e-6, 5.078e-6, 6.719e-6, -2.854e-6, 7.701e-6, 1.055e-5, -3.003e-6, 9.306e-6, 1.231e-5, -3.221e-6, 4.871e-6, 8.092e-6, -2.467e-6, 4.191e-6, 6.658e-6, -2.917e-6, 4.661e-6, 7.578e-6, -2.216e-6, 4.012e-6, 6.228e-6
0.588, -1.770e-6, 4.999e-6, 6.769e-6, -1.672e-6, 5.019e-6, 6.692e-6, -2.896e-6, 7.584e-6, 1.048e-5, -3.044e-6, 9.186e-6, 1.223e-5, -3.242e-6, 4.806e-6, 8.047e-6, -2.496e-6, 4.129e-6, 6.625e-6, -2.945e-6, 4.593e-6, 7.538e-6, -2.241e-6, 3.953e-6, 6.194e-6
0.584, -1.800e-6, 4.941e-6, 6.741e-6, -1.706e-6, 4.961e-6, 6.667e-6, -2.941e-6, 7.473e-6, 1.041e-5, -3.097e-6, 9.066e-6, 1.216e-5, -3.268e-6, 4.737e-6, 8.005e-6, -2.525e-6, 4.069e-6, 6.594e-6, -2.964e-6, 4.531e-6, 7.495e-6, -2.266e-6, 3.897e-6, 6.162e-6
0.580, -1.831e-6, 4.879e-6, 6.710e-6, -1.740e-6, 4.900e-6, 6.640e-6, -2.988e-6, 7.356e-6, 1.034e-5, -3.149e-6, 8.944e-6, 1.209e-5, -3.297e-6, 4.665e-6, 7.962e-6, -2.553e-6, 4.005e-6, 6.558e-6, -2.993e-6, 4.460e-6, 7.453e-6, -2.295e-6, 3.836e-6, 6.130e-6
0.576, -1.864e-6, 4.817e-6, 6.682e-6, -1.779e-6, 4.838e-6, 6.616e-6, -3.034e-6, 7.243e-6, 1.028e-5, -3.203e-6, 8.820e-6, 1.202e-5, -3.325e-6, 4.593e-6, 7.918e-6, -2.587e-6, 3.940e-6, 6.526e-6, -3.028e-6, 4.387e-6, 7.415e-6, -2.322e-6, 3.776e-6, 6.098e-6
0.572, -1.898e-6, 4.755e-6, 6.652e-6, -1.814e-6, 4.776e-6, 6.590e-6, -3.082e-6, 7.127e-6, 1.021e-5, -3.256e-6, 8.698e-6, 1.195e-5, -3.352e-6, 4.526e-6, 7.878e-6, -2.616e-6, 3.877e-6, 6.493e-6, -3.048e-6, 4.321e-6, 7.369e-6, -2.349e-6, 3.715e-6, 6.064e-6
0.568, -1.933e-6, 4.691e-6, 6.624e-6, -1.853e-6, 4.712e-6, 6.565e-6, -3.137e-6, 7.007e-6, 1.014e-5, -3.308e-6, 8.575e-6, 1.188e-5, -3.385e-6, 4.448e-6, 7.834e-6, -2.647e-6, 3.812e-6, 6.459e-6, -3.072e-6, 4.250e-6, 7.322e-6, -2.377e-6, 3.652e-6, 6.029e-6
0.564, -1.967e-6, 4.625e-6, 6.592e-6, -1.892e-6, 4.647e-6, 6.538e-6, -3.186e-6, 6.890e-6, 1.008e-5, -3.365e-6, 8.451e-6, 1.182e-5, -3.412e-6, 4.377e-6, 7.788e-6, -2.678e-6, 3.746e-6, 6.423e-6, -3.101e-6, 4.180e-6, 7.281e-6, -2.406e-6, 3.592e-6, 5.998e-6
0.560, -2.003e-6, 4.559e-6, 6.562e-6, -1.931e-6, 4.580e-6, 6.511e-6, -3.234e-6, 6.772e-6, 1.001e-5, -3.423e-6, 8.320e-6, 1.174e-5, -3.440e-6, 4.300e-6, 7.740e-6, -2.708e-6, 3.678e-6, 6.386e-6, -3.131e-6, 4.109e-6, 7.240e-6, -2.434e-6, 3.528e-6, 5.962e-6
0.556, -2.040e-6, 4.494e-6, 6.534e-6, -1.973e-6, 4.513e-6, 6.486e-6, -3.287e-6, 6.652e-6, 9.939e-6, -3.480e-6, 8.198e-6, 1.168e-5, -3.476e-6, 4.227e-6, 7.703e-6, -2.742e-6, 3.611e-6, 6.353e-6, -3.156e-6, 4.039e-6, 7.194e-6, -2.462e-6, 3.465e-6, 5.927e-6
0.552, -2.078e-6, 4.425e-6, 6.503e-6, -2.015e-6, 4.444e-6, 6.459e-6, -3.338e-6, 6.532e-6, 9.870e-6, -3.540e-6, 8.064e-6, 1.160e-5, -3.506e-6, 4.152e-6, 7.658e-6, -2.773e-6, 3.542e-6, 6.314e-6, -3.177e-6, 3.969e-6, 7.146e-6, -2.492e-6, 3.399e-6, 5.891e-6
0.548, -2.115e-6, 4.356e-6, 6.471e-6, -2.056e-6, 4.375e-6, 6.431e-6, -3.394e-6, 6.408e-6, 9.801e-6, -3.596e-6, 7.936e-6, 1.153e-5, -3.536e-6, 4.073e-6, 7.609e-6, -2.803e-6, 3.473e-6, 6.275e-6, -3.212e-6, 3.892e-6, 7.105e-6, -2.521e-6, 3.334e-6, 5.856e-6
0.544, -2.154e-6, 4.286e-6, 6.440e-6, -2.099e-6, 4.304e-6, 6.402e-6, -3.447e-6, 6.285e-6, 9.732e-6, -3.656e-6, 7.805e-6, 1.146e-5, -3.566e-6, 3.999e-6, 7.565e-6, -2.833e-6, 3.403e-6, 6.236e-6, -3.237e-6, 3.821e-6, 7.058e-6, -2.548e-6, 3.269e-6, 5.817e-6
0.540, -2.192e-6, 4.214e-6, 6.407e-6, -2.142e-6, 4.231e-6, 6.373e-6, -3.501e-6, 6.158e-6, 9.659e-6, -3.714e-6, 7.673e-6, 1.139e-5, -3.591e-6, 3.921e-6, 7.513e-6, -2.864e-6, 3.332e-6, 6.197e-6, -3.266e-6, 3.748e-6, 7.014e-6, -2.578e-6, 3.199e-6, 5.778e-6
0.536, -2.232e-6, 4.143e-6, 6.375e-6, -2.184e-6, 4.159e-6, 6.344e-6, -3.554e-6, 6.036e-6, 9.590e-6, -3.775e-6, 7.538e-6, 1.131e-5, -3.624e-6, 3.843e-6, 7.466e-6, -2.891e-6, 3.263e-6, 6.154e-6, -3.287e-6, 3.671e-6, 6.958e-6, -2.604e-6, 3.134e-6, 5.739e-6
0.532, -2.270e-6, 4.070e-6, 6.341e-6, -2.229e-6, 4.083e-6, 6.313e-6, -3.605e-6, 5.909e-6, 9.514e-6, -3.837e-6, 7.402e-6, 1.124e-5, -3.655e-6, 3.762e-6, 7.417e-6, -2.922e-6, 3.190e-6, 6.112e-6, -3.314e-6, 3.596e-6, 6.910e-6, -2.630e-6, 3.067e-6, 5.697e-6
0.528, -2.311e-6, 3.996e-6, 6.307e-6, -2.273e-6, 4.008e-6, 6.281e-6, -3.659e-6, 5.781e-6, 9.440e-6, -3.892e-6, 7.266e-6, 1.116e-5, -3.687e-6, 3.683e-6, 7.370e-6, -2.949e-6, 3.118e-6, 6.066e-6, -3.341e-6, 3.520e-6, 6.861e-6, -2.659e-6, 2.998e-6, 5.657e-6
0.524, -2.350e-6, 3.921e-6, 6.271e-6, -2.316e-6, 3.932e-6, 6.248e-6, -3.706e-6, 5.654e-6, 9.360e-6, -3.954e-6, 7.128e-6, 1.108e-5, -3.709e-6, 3.602e-6, 7.311e-6, -2.973e-6, 3.044e-6, 6.018e-6, -3.370e-6, 3.444e-6, 6.814e-6, -2.685e-6, 2.928e-6, 5.613e-6
0.520, -2.389e-6, 3.844e-6, 6.233e-6, -2.359e-6, 3.854e-6, 6.212e-6, -3.761e-6, 5.523e-6, 9.284e-6, -4.005e-6, 6.991e-6, 1.100e-5, -3.734e-6, 3.520e-6, 7.254e-6, -2.998e-6, 2.970e-6, 5.968e-6, -3.395e-6, 3.368e-6, 6.763e-6, -2.706e-6, 2.858e-6, 5.564e-6
0.516, -2.426e-6, 3.767e-6, 6.193e-6, -2.401e-6, 3.775e-6, 6.177e-6, -3.808e-6, 5.394e-6, 9.201e-6, -4.066e-6, 6.849e-6, 1.092e-5, -3.757e-6, 3.438e-6, 7.195e-6, -3.022e-6, 2.897e-6, 5.919e-6, -3.417e-6, 3.290e-6, 6.707e-6, -2.731e-6, 2.788e-6, 5.519e-6
0.512, -2.469e-6, 3.685e-6, 6.154e-6, -2.444e-6, 3.693e-6, 6.138e-6, -3.856e-6, 5.259e-6, 9.116e-6, -4.115e-6, 6.709e-6, 1.082e-5, -3.779e-6, 3.354e-6, 7.133e-6, -3.047e-6, 2.821e-6, 5.868e-6, -3.435e-6, 3.209e-6, 6.645e-6, -2.754e-6, 2.717e-6, 5.471e-6
0.508, -2.505e-6, 3.606e-6, 6.111e-6, -2.484e-6, 3.613e-6, 6.097e-6, -3.896e-6, 5.130e-6, 9.026e-6, -4.168e-6, 6.569e-6, 1.074e-5, -3.804e-6, 3.273e-6, 7.077e-6, -3.067e-6, 2.747e-6, 5.814e-6, -3.460e-6, 3.129e-6, 6.589e-6, -2.775e-6, 2.647e-6, 5.423e-6
0.504, -2.541e-6, 3.526e-6, 6.067e-6, -2.523e-6, 3.532e-6, 6.055e-6, -3.941e-6, 4.997e-6, 8.938e-6, -4.211e-6, 6.430e-6, 1.064e-5, -3.824e-6, 3.190e-6, 7.014e-6, -3.084e-6, 2.673e-6, 5.757e-6, -3.477e-6, 3.050e-6, 6.527e-6, -2.793e-6, 2.575e-6, 5.368e-6
0.500, -2.577e-6, 3.444e-6, 6.021e-6, -2.563e-6, 3.449e-6, 6.011e-6, -3.979e-6, 4.866e-6, 8.845e-6, -4.259e-6, 6.287e-6, 1.055e-5, -3.847e-6, 3.103e-6, 6.950e-6, -3.100e-6, 2.596e-6, 5.696e-6, -3.496e-6, 2.970e-6, 6.466e-6, -2.810e-6, 2.503e-6, 5.314e-6
0.496, -2.611e-6, 3.362e-6, 5.973e-6, -2.599e-6, 3.365e-6, 5.964e-6, -4.009e-6, 4.736e-6, 8.745e-6, -4.301e-6, 6.147e-6, 1.045e-5, -3.854e-6, 3.021e-6, 6.875e-6, -3.115e-6, 2.521e-6, 5.636e-6, -3.513e-6, 2.888e-6, 6.400e-6, -2.824e-6, 2.432e-6, 5.256e-6
0.492, -2.642e-6, 3.280e-6, 5.922e-6, -2.630e-6, 3.283e-6, 5.914e-6, -4.040e-6, 4.605e-6, 8.644e-6, -4.333e-6, 6.009e-6, 1.034e-5, -3.869e-6, 2.938e-6, 6.806e-6, -3.123e-6, 2.447e-6, 5.570e-6, -3.523e-6, 2.811e-6, 6.334e-6, -2.835e-6, 2.362e-6, 5.197e-6
0.488, -2.672e-6, 3.196e-6, 5.868e-6, -2.663e-6, 3.198e-6, 5.861e-6, -4.066e-6, 4.476e-6, 8.543e-6, -4.363e-6, 5.867e-6, 1.023e-5, -3.883e-6, 2.852e-6, 6.735e-6, -3.134e-6, 2.370e-6, 5.504e-6, -3.529e-6, 2.729e-6, 6.258e-6, -2.848e-6, 2.289e-6, 5.137e-6
0.484, -2.701e-6, 3.112e-6, 5.813e-6, -2.692e-6, 3.115e-6, 5.807e-6, -4.087e-6, 4.347e-6, 8.434e-6, -4.389e-6, 5.728e-6, 1.012e-5, -3.893e-6, 2.767e-6, 6.660e-6, -3.136e-6, 2.296e-6, 5.432e-6, -3.543e-6, 2.647e-6, 6.190e-6, -2.854e-6, 2.219e-6, 5.073e-6
0.480, -2.726e-6, 3.027e-6, 5.753e-6, -2.716e-6, 3.032e-6, 5.748e-6, -4.103e-6, 4.221e-6, 8.323e-6, -4.408e-6, 5.590e-6, 9.998e-6, -3.901e-6, 2.683e-6, 6.583e-6, -3.140e-6, 2.222e-6, 5.362e-6, -3.552e-6, 2.566e-6, 6.118e-6, -2.859e-6, 2.149e-6, 5.007e-6
0.476, -2.743e-6, 2.945e-6, 5.688e-6, -2.735e-6, 2.950e-6, 5.685e-6, -4.111e-6, 4.096e-6, 8.207e-6, -4.423e-6, 5.456e-6, 9.879e-6, -3.896e-6, 2.601e-6, 6.497e-6, -3.137e-6, 2.151e-6, 5.288e-6, -3.546e-6, 2.487e-6, 6.034e-6, -2.861e-6, 2.080e-6, 4.940e-6
0.472, -2.762e-6, 2.860e-6, 5.622e-6, -2.754e-6, 2.866e-6, 5.620e-6, -4.117e-6, 3.971e-6, 8.088e-6, -4.434e-6, 5.319e-6, 9.753e-6, -3.898e-6, 2.516e-6, 6.414e-6, -3.135e-6, 2.076e-6, 5.211e-6, -3.553e-6, 2.409e-6, 5.962e-6, -2.859e-6, 2.009e-6, 4.868e-6
0.468, -2.772e-6, 2.780e-6, 5.552e-6, -2.764e-6, 2.787e-6, 5.551e-6, -4.115e-6, 3.848e-6, 7.963e-6, -4.435e-6, 5.190e-6, 9.625e-6, -3.890e-6, 2.436e-6, 6.326e-6, -3.125e-6, 2.005e-6, 5.131e-6, -3.545e-6, 2.331e-6, 5.877e-6, -2.851e-6, 1.942e-6, 4.793e-6
0.464, -2.780e-6, 2.697e-6, 5.478e-6, -2.773e-6, 2.706e-6, 5.479e-6, -4.117e-6, 3.723e-6, 7.839e-6, -4.432e-6, 5.060e-6, 9.492e-6, -3.886e-6, 2.353e-6, 6.239e-6, -3.116e-6, 1.933e-6, 5.049e-6, -3.540e-6, 2.251e-6, 5.791e-6, -2.843e-6, 1.874e-6, 4.718e-6
0.460, -2.783e-6, 2.618e-6, 5.401e-6, -2.775e-6, 2.627e-6, 5.403e-6, -4.107e-6, 3.603e-6, 7.710e-6, -4.428e-6, 4.929e-6, 9.357e-6, -3.871e-6, 2.272e-6, 6.143e-6, -3.103e-6, 1.863e-6, 4.966e-6, -3.531e-6, 2.174e-6, 5.705e-6, -2.835e-6, 1.808e-6, 4.642e-6
0.456, -2.781e-6, 2.539e-6, 5.320e-6, -2.774e-6, 2.550e-6, 5.324e-6, -4.097e-6, 3.483e-6, 7.580e-6, -4.414e-6, 4.800e-6, 9.214e-6, -3.857e-6, 2.192e-6, 6.049e-6, -3.089e-6, 1.793e-6, 4.881e-6, -3.516e-6, 2.098e-6, 5.613e-6, -2.818e-6, 1.741e-6, 4.559e-6
0.452, -2.771e-6, 2.461e-6, 5.232e-6, -2.765e-6, 2.475e-6, 5.240e-6, -4.072e-6, 3.369e-6, 7.441e-6, -4.402e-6, 4.669e-6, 9.071e-6, -3.832e-6, 2.114e-6, 5.946e-6, -3.066e-6, 1.725e-6, 4.791e-6, -3.502e-6, 2.020e-6, 5.522e-6, -2.802e-6, 1.676e-6, 4.478e-6
0.448, -2.758e-6, 2.387e-6, 5.144e-6, -2.756e-6, 2.399e-6, 5.155e-6, -4.054e-6, 3.251e-6, 7.306e-6, -4.381e-6, 4.543e-6, 8.924e-6, -3.813e-6, 2.033e-6, 5.846e-6, -3.045e-6, 1.657e-6, 4.702e-6, -3.476e-6, 1.948e-6, 5.424e-6, -2.782e-6, 1.612e-6, 4.394e-6
0.444, -2.743e-6, 2.311e-6, 5.054e-6, -2.743e-6, 2.324e-6, 5.068e-6, -4.035e-6, 3.132e-6, 7.167e-6, -4.357e-6, 4.420e-6, 8.777e-6, -3.792e-6, 1.954e-6, 5.746e-6, -3.023e-6, 1.588e-6, 4.612e-6, -3.451e-6, 1.871e-6, 5.322e-6, -2.763e-6, 1.548e-6, 4.311e-6
0.440, -2.720e-6, 2.236e-6, 4.956e-6, -2.724e-6, 2.251e-6, 4.975e-6, -4.005e-6, 3.017e-6, 7.023e-6, -4.330e-6, 4.294e-6, 8.624e-6, -3.763e-6, 1.875e-6, 5.637e-6, -2.999e-6, 1.520e-6, 4.518e-6, -3.433e-6, 1.798e-6, 5.231e-6, -2.737e-6, 1.484e-6, 4.221e-6
0.436, -2.694e-6, 2.166e-6, 4.860e-6, -2.704e-6, 2.180e-6, 4.884e-6, -3.975e-6, 2.904e-6, 6.879e-6, -4.297e-6, 4.173e-6, 8.470e-6, -3.734e-6, 1.798e-6, 5.533e-6, -2.971e-6, 1.454e-6, 4.425e-6, -3.404e-6, 1.727e-6, 5.131e-6, -2.714e-6, 1.423e-6, 4.137e-6
0.432, -2.665e-6, 2.094e-6, 4.759e-6, -2.680e-6, 2.108e-6, 4.788e-6, -3.944e-6, 2.790e-6, 6.734e-6, -4.265e-6, 4.046e-6, 8.311e-6, -3.710e-6, 1.718e-6, 5.428e-6, -2.945e-6, 1.385e-6, 4.331e-6, -3.377e-6, 1.652e-6, 5.029e-6, -2.688e-6, 1.360e-6, 4.048e-6
0.428, -2.631e-6, 2.026e-6, 4.658e-6, -2.652e-6, 2.040e-6, 4.692e-6, -3.907e-6, 2.678e-6, 6.585e-6, -4.225e-6, 3.929e-6, 8.154e-6, -3.676e-6, 1.643e-6, 5.319e-6, -2.917e-6, 1.321e-6, 4.238e-6, -3.346e-6, 1.579e-6, 4.926e-6, -2.658e-6, 1.300e-6, 3.958e-6
0.424, -2.595e-6, 1.957e-6, 4.553e-6, -2.620e-6, 1.971e-6, 4.591e-6, -3.862e-6, 2.569e-6, 6.432e-6, -4.185e-6, 3.806e-6, 7.991e-6, -3.641e-6, 1.567e-6, 5.208e-6, -2.885e-6, 1.255e-6, 4.140e-6, -3.316e-6, 1.507e-6, 4.823e-6, -2.629e-6, 1.239e-6, 3.867e-6
0.420, -2.556e-6, 1.892e-6, 4.448e-6, -2.586e-6, 1.904e-6, 4.491e-6, -3.818e-6, 2.460e-6, 6.278e-6, -4.136e-6, 3.691e-6, 7.826e-6, -3.608e-6, 1.489e-6, 5.097e-6, -2.852e-6, 1.192e-6, 4.044e-6, -3.281e-6, 1.436e-6, 4.717e-6, -2.597e-6, 1.180e-6, 3.777e-6
0.416, -2.516e-6, 1.826e-6, 4.342e-6, -2.553e-6, 1.837e-6, 4.390e-6, -3.777e-6, 2.351e-6, 6.128e-6, -4.085e-6, 3.574e-6, 7.659e-6, -3.576e-6, 1.415e-6, 4.992e-6, -2.823e-6, 1.126e-6, 3.949e-6, -3.249e-6, 1.367e-6, 4.616e-6, -2.567e-6, 1.120e-6, 3.688e-6
0.412, -2.474e-6, 1.760e-6, 4.234e-6, -2.515e-6, 1.772e-6, 4.287e-6, -3.723e-6, 2.247e-6, 5.969e-6, -4.033e-6, 3.459e-6, 7.492e-6, -3.543e-6, 1.338e-6, 4.881e-6, -2.789e-6, 1.063e-6, 3.852e-6, -3.211e-6, 1.298e-6, 4.509e-6, -2.534e-6, 1.062e-6, 3.596e-6
0.408, -2.431e-6, 1.696e-6, 4.127e-6, -2.476e-6, 1.708e-6, 4.184e-6, -3.672e-6, 2.139e-6, 5.811e-6, -3.976e-6, 3.347e-6, 7.324e-6, -3.510e-6, 1.262e-6, 4.772e-6, -2.756e-6, 9.995e-7, 3.756e-6, -3.179e-6, 1.228e-6, 4.407e-6, -2.500e-6, 1.005e-6, 3.505e-6
0.404, -2.386e-6, 1.633e-6, 4.019e-6, -2.435e-6, 1.644e-6, 4.079e-6, -3.618e-6, 2.037e-6, 5.655e-6, -3.918e-6, 3.234e-6, 7.151e-6, -3.473e-6, 1.190e-6, 4.662e-6, -2.723e-6, 9.387e-7, 3.662e-6, -3.144e-6, 1.160e-6, 4.305e-6, -2.467e-6, 9.484e-7, 3.416e-6
0.400, -2.337e-6, 1.574e-6, 3.912e-6, -2.392e-6, 1.584e-6, 3.976e-6, -3.557e-6, 1.938e-6, 5.495e-6, -3.857e-6, 3.124e-6, 6.981e-6, -3.437e-6, 1.117e-6, 4.553e-6, -2.689e-6, 8.785e-7, 3.568e-6, -3.106e-6, 1.095e-6, 4.201e-6, -2.432e-6, 8.942e-7, 3.326e-6
0.396, -2.290e-6, 1.513e-6, 3.803e-6, -2.348e-6, 1.522e-6, 3.870e-6, -3.499e-6, 1.838e-6, 5.337e-6, -3.793e-6, 3.016e-6, 6.809e-6, -3.401e-6, 1.045e-6, 4.446e-6, -2.654e-6, 8.188e-7, 3.473e-6, -3.072e-6, 1.028e-6, 4.100e-6, -2.397e-6, 8.396e-7, 3.236e-6
0.392, -2.243e-6, 1.453e-6, 3.696e-6, -2.304e-6, 1.461e-6, 3.764e-6, -3.438e-6, 1.738e-6, 5.176e-6, -3.728e-6, 2.908e-6, 6.637e-6, -3.363e-6, 9.718e-7, 4.335e-6, -2.619e-6, 7.587e-7, 3.378e-6, -3.035e-6, 9.608e-7, 3.995e-6, -2.360e-6, 7.852e-7, 3.145e-6
0.388, -2.190e-6, 1.396e-6, 3.587e-6, -2.255e-6, 1.404e-6, 3.658e-6, -3.371e-6, 1.644e-6, 5.014e-6, -3.655e-6, 2.805e-6, 6.460e-6, -3.324e-6, 9.025e-7, 4.227e-6, -2.579e-6, 7.030e-7, 3.282e-6, -2.990e-6, 8.983e-7, 3.889e-6, -2.322e-6, 7.342e-7, 3.056e-6
0.384, -2.143e-6, 1.337e-6, 3.481e-6, -2.208e-6, 1.344e-6, 3.552e-6, -3.307e-6, 1.546e-6, 4.853e-6, -3.585e-6, 2.702e-6, 6.286e-6, -3.286e-6, 8.324e-7, 4.118e-6, -2.543e-6, 6.461e-7, 3.189e-6, -2.952e-6, 8.332e-7, 3.785e-6, -2.284e-6, 6.816e-7, 2.966e-6
0.380, -2.093e-6, 1.282e-6, 3.375e-6, -2.161e-6, 1.289e-6, 3.450e-6, -3.240e-6, 1.455e-6, 4.695e-6, -3.514e-6, 2.600e-6, 6.115e-6, -3.248e-6, 7.650e-7, 4.013e-6, -2.505e-6, 5.926e-7, 3.098e-6, -2.913e-6, 7.732e-7, 3.686e-6, -2.247e-6, 6.327e-7, 2.880e-6
0.376, -2.043e-6, 1.227e-6, 3.271e-6, -2.113e-6, 1.233e-6, 3.347e-6, -3.175e-6, 1.362e-6, 4.537e-6, -3.438e-6, 2.502e-6, 5.941e-6, -3.207e-6, 6.999e-7, 3.907e-6, -2.468e-6, 5.385e-7, 3.007e-6, -2.874e-6, 7.128e-7, 3.587e-6, -2.211e-6, 5.832e-7, 2.794e-6
0.372, -1.993e-6, 1.172e-6, 3.165e-6, -2.064e-6, 1.179e-6, 3.243e-6, -3.104e-6, 1.273e-6, 4.377e-6, -3.364e-6, 2.406e-6, 5.770e-6, -3.163e-6, 6.352e-7, 3.799e-6, -2.427e-6, 4.885e-7, 2.915e-6, -2.832e-6, 6.528e-7, 3.485e-6, -2.169e-6, 5.365e-7, 2.706e-6
0.368, -1.946e-6, 1.117e-6, 3.063e-6, -2.017e-6, 1.124e-6, 3.141e-6, -3.039e-6, 1.184e-6, 4.222e-6, -3.290e-6, 2.309e-6, 5.599e-6, -3.130e-6, 5.690e-7, 3.699e-6, -2.390e-6, 4.358e-7, 2.825e-6, -2.799e-6, 5.929e-7, 3.392e-6, -2.136e-6, 4.881e-7, 2.624e-6
0.364, -1.896e-6, 1.065e-6, 2.961e-6, -1.969e-6, 1.071e-6, 3.040e-6, -2.969e-6, 1.097e-6, 4.066e-6, -3.211e-6, 2.217e-6, 5.427e-6, -3.089e-6, 5.074e-7, 3.596e-6, -2.349e-6, 3.870e-7, 2.736e-6, -2.758e-6, 5.348e-7, 3.293e-6, -2.096e-6, 4.427e-7, 2.539e-6
0.360, -1.849e-6, 1.011e-6, 2.860e-6, -1.920e-6, 1.019e-6, 2.938e-6, -2.896e-6, 1.015e-6, 3.912e-6, -3.135e-6, 2.121e-6, 5.257e-6, -3.048e-6, 4.459e-7, 3.494e-6, -2.307e-6, 3.390e-7, 2.646e-6, -2.720e-6, 4.768e-7, 3.197e-6, -2.057e-6, 3.980e-7, 2.455e-6
0.356, -1.802e-6, 9.625e-7, 2.764e-6, -1.874e-6, 9.672e-7, 2.841e-6, -2.830e-6, 9.281e-7, 3.758e-6, -3.061e-6, 2.036e-6, 5.097e-6, -3.012e-6, 3.851e-7, 3.397e-6, -2.269e-6, 2.925e-7, 2.562e-6, -2.680e-6, 4.221e-7, 3.102e-6, -2.020e-6, 3.542e-7, 2.374e-6
0.352, -1.754e-6, 9.108e-7, 2.665e-6, -1.825e-6, 9.161e-7, 2.741e-6, -2.760e-6, 8.479e-7, 3.608e-6, -2.979e-6, 1.947e-6, 4.926e-6, -2.968e-6, 3.273e-7, 3.295e-6, -2.226e-6, 2.470e-7, 2.473e-6, -2.641e-6, 3.675e-7, 3.008e-6, -1.980e-6, 3.111e-7, 2.291e-6
0.348, -1.708e-6, 8.608e-7, 2.569e-6, -1.780e-6, 8.656e-7, 2.645e-6, -2.690e-6, 7.686e-7, 3.459e-6, -2.904e-6, 1.860e-6, 4.764e-6, -2.926e-6, 2.695e-7, 3.195e-6, -2.186e-6, 2.023e-7, 2.388e-6, -2.604e-6, 3.137e-7, 2.918e-6, -1.943e-6, 2.693e-7, 2.212e-6
0.344, -1.665e-6, 8.112e-7, 2.476e-6, -1.734e-6, 8.170e-7, 2.551e-6, -2.620e-6, 6.916e-7, 3.312e-6, -2.827e-6, 1.777e-6, 4.604e-6, -2.886e-6, 2.146e-7, 3.101e-6, -2.144e-6, 1.607e-7, 2.305e-6, -2.565e-6, 2.628e-7, 2.828e-6, -1.907e-6, 2.296e-7, 2.137e-6
0.340, -1.620e-6, 7.641e-7, 2.384e-6, -1.689e-6, 7.690e-7, 2.458e-6, -2.553e-6, 6.160e-7, 3.169e-6, -2.748e-6, 1.697e-6, 4.445e-6, -2.842e-6, 1.636e-7, 3.006e-6, -2.102e-6, 1.205e-7, 2.223e-6, -2.525e-6, 2.137e-7, 2.739e-6, -1.869e-6, 1.905e-7, 2.060e-6
0.336, -1.580e-6, 7.158e-7, 2.296e-6, -1.647e-6, 7.203e-7, 2.368e-6, -2.483e-6, 5.434e-7, 3.027e-6, -2.678e-6, 1.614e-6, 4.292e-6, -2.805e-6, 1.076e-7, 2.913e-6, -2.064e-6, 7.936e-8, 2.143e-6, -2.491e-6, 1.624e-7, 2.654e-6, -1.834e-6, 1.513e-7, 1.986e-6
0.332, -1.539e-6, 6.686e-7, 2.208e-6, -1.606e-6, 6.725e-7, 2.279e-6, -2.417e-6, 4.695e-7, 2.887e-6, -2.603e-6, 1.537e-6, 4.140e-6, -2.765e-6, 5.524e-8, 2.820e-6, -2.025e-6, 4.048e-8, 2.066e-6, -2.453e-6, 1.166e-7, 2.569e-6, -1.799e-6, 1.142e-7, 1.913e-6
0.328, -1.500e-6, 6.220e-7, 2.122e-6, -1.566e-6, 6.250e-7, 2.191e-6, -2.354e-6, 3.991e-7, 2.753e-6, -2.532e-6, 1.459e-6, 3.991e-6, -2.725e-6, 4.762e-9, 2.730e-6, -1.988e-6, 1.478e-9, 1.989e-6, -2.422e-6, 6.773e-8, 2.490e-6, -1.766e-6, 7.700e-8, 1.843e-6
0.324, -1.463e-6, 5.769e-7, 2.040e-6, -1.527e-6, 5.785e-7, 2.106e-6, -2.287e-6, 3.307e-7, 2.617e-6, -2.461e-6, 1.385e-6, 3.847e-6, -2.685e-6, -4.271e-8, 2.643e-6, -1.949e-6, -3.461e-8, 1.915e-6, -2.388e-6, 2.040e-8, 2.408e-6, -1.733e-6, 4.169e-8, 1.774e-6
0.320, -1.427e-6, 5.314e-7, 1.958e-6, -1.490e-6, 5.323e-7, 2.022e-6, -2.224e-6, 2.638e-7, 2.488e-6, -2.391e-6, 1.312e-6, 3.703e-6, -2.647e-6, -9.277e-8, 2.554e-6, -1.911e-6, -7.049e-8, 1.840e-6, -2.350e-6, -2.616e-8, 2.324e-6, -1.700e-6, 6.325e-9, 1.706e-6
0.316, -1.392e-6, 4.875e-7, 1.879e-6, -1.454e-6, 4.883e-7, 1.942e-6, -2.163e-6, 2.007e-7, 2.363e-6, -2.323e-6, 1.242e-6, 3.564e-6, -2.608e-6, -1.377e-7, 2.470e-6, -1.875e-6, -1.039e-7, 1.771e-6, -2.316e-6, -6.829e-8, 2.248e-6, -1.668e-6, -2.635e-8, 1.642e-6
0.312, -1.357e-6, 4.442e-7, 1.801e-6, -1.418e-6, 4.435e-7, 1.862e-6, -2.103e-6, 1.367e-7, 2.239e-6, -2.256e-6, 1.172e-6, 3.428e-6, -2.571e-6, -1.844e-7, 2.387e-6, -1.839e-6, -1.377e-7, 1.702e-6, -2.285e-6, -1.130e-7, 2.172e-6, -1.638e-6, -5.994e-8, 1.578e-6
0.308, -1.325e-6, 4.020e-7, 1.727e-6, -1.385e-6, 4.000e-7, 1.785e-6, -2.044e-6, 7.564e-8, 2.120e-6, -2.192e-6, 1.107e-6, 3.299e-6, -2.537e-6, -2.286e-7, 2.309e-6, -1.805e-6, -1.692e-7, 1.636e-6, -2.252e-6, -1.522e-7, 2.100e-6, -1.607e-6, -9.095e-8, 1.516e-6
0.304, -1.291e-6, 3.616e-7, 1.653e-6, -1.350e-6, 3.591e-7, 1.709e-6, -1.986e-6, 1.733e-8, 2.003e-6, -2.124e-6, 1.044e-6, 3.168e-6, -2.499e-6, -2.706e-7, 2.228e-6, -1.769e-6, -1.996e-7, 1.569e-6, -2.219e-6, -1.926e-7, 2.026e-6, -1.576e-6, -1.204e-7, 1.455e-6
0.300, -1.260e-6, 3.222e-7, 1.582e-6, -1.317e-6, 3.183e-7, 1.635e-6, -1.928e-6, -3.794e-8, 1.890e-6, -2.065e-6, 9.808e-7, 3.046e-6, -2.462e-6, -3.121e-7, 2.150e-6, -1.736e-6, -2.289e-7, 1.507e-6, -2.190e-6, -2.321e-7, 1.958e-6, -1.547e-6, -1.498e-7, 1.397e-6
0.296, -1.230e-6, 2.830e-7, 1.513e-6, -1.285e-6, 2.780e-7, 1.563e-6, -1.873e-6, -9.165e-8, 1.781e-6, -2.005e-6, 9.200e-7, 2.925e-6, -2.426e-6, -3.497e-7, 2.077e-6, -1.703e-6, -2.574e-7, 1.446e-6, -2.162e-6, -2.715e-7, 1.890e-6, -1.520e-6, -1.785e-7, 1.341e-6
0.292, -1.200e-6, 2.443e-7, 1.444e-6, -1.252e-6, 2.398e-7, 1.492e-6, -1.821e-6, -1.458e-7, 1.675e-6, -1.943e-6, 8.638e-7, 2.807e-6, -2.394e-6, -3.887e-7, 2.005e-6, -1.671e-6, -2.843e-7, 1.387e-6, -2.131e-6, -3.073e-7, 1.824e-6, -1.491e-6, -2.052e-7, 1.286e-6
0.288, -1.170e-6, 2.075e-7, 1.378e-6, -1.221e-6, 2.022e-7, 1.423e-6, -1.770e-6, -1.983e-7, 1.572e-6, -1.883e-6, 8.102e-7, 2.693e-6, -2.363e-6, -4.260e-7, 1.937e-6, -1.641e-6, -3.106e-7, 1.330e-6, -2.104e-6, -3.431e-7, 1.761e-6, -1.465e-6, -2.319e-7, 1.233e-6
0.284, -1.141e-6, 1.722e-7, 1.313e-6, -1.188e-6, 1.663e-7, 1.355e-6, -1.713e-6, -2.440e-7, 1.469e-6, -1.827e-6, 7.555e-7, 2.582e-6, -2.329e-6, -4.632e-7, 1.866e-6, -1.609e-6, -3.353e-7, 1.274e-6, -2.072e-6, -3.758e-7, 1.696e-6, -1.438e-6, -2.559e-7, 1.182e-6
0.280, -1.111e-6, 1.391e-7, 1.250e-6, -1.157e-6, 1.322e-7, 1.289e-6, -1.664e-6, -2.912e-7, 1.373e-6, -1.769e-6, 7.064e-7, 2.476e-6, -2.296e-6, -4.965e-7, 1.800e-6, -1.581e-6, -3.589e-7, 1.222e-6, -2.043e-6, -4.089e-7, 1.634e-6, -1.413e-6, -2.803e-7, 1.133e-6
0.276, -1.081e-6, 1.083e-7, 1.189e-6, -1.126e-6, 9.967e-8, 1.226e-6, -1.613e-6, -3.333e-7, 1.280e-6, -1.714e-6, 6.599e-7, 2.373e-6, -2.261e-6, -5.269e-7, 1.734e-6, -1.552e-6, -3.808e-7, 1.171e-6, -2.016e-6, -4.395e-7, 1.576e-6, -1.387e-6, -3.017e-7, 1.086e-6
0.272, -1.050e-6, 7.801e-8, 1.128e-6, -1.093e-6, 6.836e-8, 1.162e-6, -1.565e-6, -3.748e-7, 1.190e-6, -1.660e-6, 6.128e-7, 2.273e-6, -2.231e-6, -5.597e-7, 1.672e-6, -1.523e-6, -4.022e-7, 1.121e-6, -1.987e-6, -4.695e-7, 1.517e-6, -1.362e-6, -3.233e-7, 1.039e-6
0.268, -1.021e-6, 4.987e-8, 1.071e-6, -1.063e-6, 3.995e-8, 1.102e-6, -1.517e-6, -4.130e-7, 1.104e-6, -1.608e-6, 5.718e-7, 2.180e-6, -2.200e-6, -5.882e-7, 1.612e-6, -1.496e-6, -4.213e-7, 1.075e-6, -1.960e-6, -4.969e-7, 1.463e-6, -1.337e-6, -3.424e-7, 9.949e-7
0.264, -9.931e-7, 2.247e-8, 1.016e-6, -1.032e-6, 1.123e-8, 1.043e-6, -1.472e-6, -4.508e-7, 1.021e-6, -1.556e-6, 5.305e-7, 2.086e-6, -2.170e-6, -6.173e-7, 1.553e-6, -1.469e-6, -4.403e-7, 1.029e-6, -1.933e-6, -5.246e-7, 1.408e-6, -1.314e-6, -3.619e-7, 9.523e-7
0.260, -9.640e-7, -2.229e-9, 9.618e-7, -1.000e-6, -1.371e-8, 9.867e-7, -1.429e-6, -4.851e-7, 9.443e-7, -1.503e-6, 4.947e-7, 1.997e-6, -2.138e-6, -6.425e-7, 1.496e-6, -1.443e-6, -4.574e-7, 9.853e-7, -1.906e-6, -5.486e-7, 1.357e-6, -1.290e-6, -3.786e-7, 9.110e-7
0.256, -9.371e-7, -2.684e-8, 9.102e-7, -9.732e-7, -3.987e-8, 9.333e-7, -1.385e-6, -5.180e-7, 8.674e-7, -1.460e-6, 4.564e-7, 1.917e-6, -2.109e-6, -6.691e-7, 1.440e-6, -1.421e-6, -4.749e-7, 9.458e-7, -1.884e-6, -5.745e-7, 1.309e-6, -1.269e-6, -3.956e-7, 8.734e-7
0.252, -9.067e-7, -4.788e-8, 8.588e-7, -9.393e-7, -6.098e-8, 8.784e-7, -1.342e-6, -5.475e-7, 7.946e-7, -1.409e-6, 4.243e-7, 1.833e-6, -2.078e-6, -6.903e-7, 1.387e-6, -1.393e-6, -4.889e-7, 9.041e-7, -1.854e-6, -5.954e-7, 1.259e-6, -1.243e-6, -4.096e-7, 8.338e-7
0.248, -8.777e-7, -6.811e-8, 8.096e-7, -9.086e-7, -8.225e-8, 8.263e-7, -1.303e-6, -5.778e-7, 7.252e-7, -1.359e-6, 3.959e-7, 1.755e-6, -2.048e-6, -7.127e-7, 1.336e-6, -1.369e-6, -5.029e-7, 8.658e-7, -1.829e-6, -6.153e-7, 1.214e-6, -1.220e-6, -4.239e-7, 7.965e-7
0.244, -8.526e-7, -8.798e-8, 7.647e-7, -8.809e-7, -1.020e-7, 7.789e-7, -1.261e-6, -6.022e-7, 6.586e-7, -1.321e-6, 3.644e-7, 1.685e-6, -2.022e-6, -7.332e-7, 1.289e-6, -1.347e-6, -5.174e-7, 8.300e-7, -1.802e-6, -6.343e-7, 1.167e-6, -1.202e-6, -4.377e-7, 7.640e-7
0.240, -8.232e-7, -1.043e-7, 7.189e-7, -8.501e-7, -1.192e-7, 7.310e-7, -1.221e-6, -6.280e-7, 5.932e-7, -1.276e-6, 3.397e-7, 1.616e-6, -1.995e-6, -7.535e-7, 1.242e-6, -1.322e-6, -5.280e-7, 7.942e-7, -1.775e-6, -6.515e-7, 1.124e-6, -1.179e-6, -4.497e-7, 7.298e-7
0.236, -7.980e-7, -1.214e-7, 6.766e-7, -8.230e-7, -1.370e-7, 6.860e-7, -1.190e-6, -6.536e-7, 5.363e-7, -1.232e-6, 3.161e-7, 1.548e-6, -1.967e-6, -7.704e-7, 1.196e-6, -1.302e-6, -5.401e-7, 7.618e-7, -1.751e-6, -6.687e-7, 1.082e-6, -1.161e-6, -4.616e-7, 6.990e-7
0.232, -7.713e-7, -1.355e-7, 6.358e-7, -7.951e-7, -1.515e-7, 6.436e-7, -1.149e-6, -6.718e-7, 4.769e-7, -1.195e-6, 2.921e-7, 1.487e-6, -1.940e-6, -7.860e-7, 1.154e-6, -1.279e-6, -5.497e-7, 7.298e-7, -1.727e-6, -6.836e-7, 1.043e-6, -1.139e-6, -4.706e-7, 6.689e-7
0.228, -7.499e-7, -1.510e-7, 5.990e-7, -7.707e-7, -1.664e-7, 6.043e-7, -1.120e-6, -6.940e-7, 4.263e-7, -1.157e-6, 2.709e-7, 1.428e-6, -1.916e-6, -8.015e-7, 1.114e-6, -1.262e-6, -5.604e-7, 7.015e-7, -1.704e-6, -6.977e-7, 1.006e-6, -1.123e-6, -4.814e-7, 6.414e-7
0.224, -7.246e-7, -1.619e-7, 5.627e-7, -7.448e-7, -1.784e-7, 5.664e-7, -1.088e-6, -7.102e-7, 3.781e-7, -1.120e-6, 2.515e-7, 1.371e-6, -1.887e-6, -8.133e-7, 1.074e-6, -1.241e-6, -5.678e-7, 6.734e-7, -1.681e-6, -7.112e-7, 9.699e-7, -1.104e-6, -4.891e-7, 6.145e-7
0.220, -7.019e-7, -1.734e-7, 5.285e-7, -7.207e-7, -1.897e-7, 5.310e-7, -1.057e-6, -7.274e-7, 3.299e-7, -1.086e-6, 2.340e-7, 1.320e-6, -1.864e-6, -8.259e-7, 1.038e-6, -1.222e-6, -5.749e-7, 6.471e-7, -1.658e-6, -7.225e-7, 9.354e-7, -1.085e-6, -4.963e-7, 5.890e-7
0.216, -6.823e-7, -1.852e-7, 4.972e-7, -6.980e-7, -2.017e-7, 4.963e-7, -1.030e-6, -7.463e-7, 2.834e-7, -1.053e-6, 2.184e-7, 1.271e-6, -1.840e-6, -8.380e-7, 1.002e-6, -1.206e-6, -5.842e-7, 6.216e-7, -1.636e-6, -7.343e-7, 9.019e-7, -1.070e-6, -5.045e-7, 5.652e-7
0.212, -6.613e-7, -1.934e-7, 4.679e-7, -6.757e-7, -2.101e-7, 4.656e-7, -9.975e-7, -7.580e-7, 2.395e-7, -1.025e-6, 2.027e-7, 1.228e-6, -1.817e-6, -8.489e-7, 9.686e-7, -1.186e-6, -5.888e-7, 5.976e-7, -1.614e-6, -7.411e-7, 8.726e-7, -1.053e-6, -5.101e-7, 5.428e-7
0.208, -6.422e-7, -2.022e-7, 4.400e-7, -6.560e-7, -2.195e-7, 4.365e-7, -9.734e-7, -7.720e-7, 2.014e-7, -9.958e-7, 1.894e-7, 1.185e-6, -1.795e-6, -8.576e-7, 9.369e-7, -1.170e-6, -5.943e-7, 5.759e-7, -1.595e-6, -7.519e-7, 8.432e-7, -1.037e-6, -5.155e-7, 5.215e-7
0.204, -6.264e-7, -2.106e-7, 4.158e-7, -6.371e-7, -2.270e-7, 4.101e-7, -9.494e-7, -7.836e-7, 1.657e-7, -9.685e-7, 1.764e-7, 1.145e-6, -1.772e-6, -8.644e-7, 9.072e-7, -1.155e-6, -5.999e-7, 5.555e-7, -1.577e-6, -7.600e-7, 8.167e-7, -1.023e-6, -5.208e-7, 5.023e-7
0.200, -6.115e-7, -2.183e-7, 3.932e-7, -6.195e-7, -2.351e-7, 3.844e-7, -9.276e-7, -7.955e-7, 1.321e-7, -9.427e-7, 1.647e-7, 1.107e-6, -1.751e-6, -8.733e-7, 8.782e-7, -1.140e-6, -6.042e-7, 5.360e-7, -1.556e-6, -7.667e-7, 7.896e-7, -1.010e-6, -5.259e-7, 4.840e-7
0.196, -5.936e-7, -2.246e-7, 3.690e-7, -6.011e-7, -2.409e-7, 3.602e-7, -9.022e-7, -8.041e-7, 9.804e-8, -9.187e-7, 1.547e-7, 1.073e-6, -1.731e-6, -8.801e-7, 8.512e-7, -1.124e-6, -6.074e-7, 5.162e-7, -1.538e-6, -7.733e-7, 7.642e-7, -9.944e-7, -5.293e-7, 4.651e-7
0.192, -5.792e-7, -2.309e-7, 3.483e-7, -5.859e-7, -2.475e-7, 3.384e-7, -8.854e-7, -8.168e-7, 6.852e-8, -8.951e-7, 1.459e-7, 1.041e-6, -1.713e-6, -8.861e-7, 8.271e-7, -1.111e-6, -6.118e-7, 4.991e-7, -1.523e-6, -7.807e-7, 7.420e-7, -9.824e-7, -5.337e-7, 4.488e-7
0.188, -5.667e-7, -2.367e-7, 3.301e-7, -5.700e-7, -2.516e-7, 3.183e-7, -8.653e-7, -8.233e-7, 4.204e-8, -8.729e-7, 1.374e-7, 1.010e-6, -1.695e-6, -8.934e-7, 8.014e-7, -1.097e-6, -6.143e-7, 4.827e-7, -1.504e-6, -7.847e-7, 7.194e-7, -9.701e-7, -5.365e-7, 4.337e-7
0.184, -5.517e-7, -2.407e-7, 3.110e-7, -5.552e-7, -2.561e-7, 2.991e-7, -8.455e-7, -8.309e-7, 1.461e-8, -8.517e-7, 1.310e-7, 9.827e-7, -1.676e-6, -8.970e-7, 7.794e-7, -1.084e-6, -6.168e-7, 4.671e-7, -1.487e-6, -7.881e-7, 6.986e-7, -9.579e-7, -5.389e-7, 4.190e-7
0.180, -5.409e-7, -2.459e-7, 2.951e-7, -5.436e-7, -2.609e-7, 2.827e-7, -8.303e-7, -8.403e-7, -1.002e-8, -8.333e-7, 1.251e-7, 9.583e-7, -1.660e-6, -9.026e-7, 7.576e-7, -1.072e-6, -6.192e-7, 4.527e-7, -1.472e-6, -7.931e-7, 6.786e-7, -9.461e-7, -5.410e-7, 4.050e-7
0.176, -5.284e-7, -2.483e-7, 2.801e-7, -5.307e-7, -2.640e-7, 2.667e-7, -8.128e-7, -8.445e-7, -3.164e-8, -8.141e-7, 1.185e-7, 9.326e-7, -1.640e-6, -9.042e-7, 7.362e-7, -1.059e-6, -6.200e-7, 4.391e-7, -1.455e-6, -7.945e-7, 6.610e-7, -9.354e-7, -5.426e-7, 3.928e-7
0.172, -5.199e-7, -2.530e-7, 2.670e-7, -5.196e-7, -2.672e-7, 2.524e-7, -7.968e-7, -8.489e-7, -5.216e-8, -8.002e-7, 1.118e-7, 9.120e-7, -1.627e-6, -9.082e-7, 7.189e-7, -1.048e-6, -6.213e-7, 4.270e-7, -1.443e-6, -7.991e-7, 6.441e-7, -9.253e-7, -5.438e-7, 3.815e-7
0.168, -5.090e-7, -2.558e-7, 2.532e-7, -5.085e-7, -2.697e-7, 2.388e-7, -7.848e-7, -8.540e-7, -6.921e-8, -7.817e-7, 1.066e-7, 8.883e-7, -1.610e-6, -9.108e-7, 6.995e-7, -1.037e-6, -6.225e-7, 4.143e-7, -1.428e-6, -8.011e-7, 6.269e-7, -9.140e-7, -5.449e-7, 3.691e-7
0.164, -5.001e-7, -2.584e-7, 2.416e-7, -4.989e-7, -2.722e-7, 2.268e-7, -7.699e-7, -8.577e-7, -8.779e-8, -7.703e-7, 1.020e-7, 8.724e-7, -1.595e-6, -9.117e-7, 6.832e-7, -1.027e-6, -6.227e-7, 4.043e-7, -1.415e-6, -8.032e-7, 6.121e-7, -9.052e-7, -5.453e-7, 3.599e-7
0.160, -4.916e-7, -2.606e-7, 2.309e-7, -4.888e-7, -2.742e-7, 2.147e-7, -7.574e-7, -8.635e-7, -1.061e-7, -7.554e-7, 9.996e-8, 8.554e-7, -1.580e-6, -9.138e-7, 6.660e-7, -1.016e-6, -6.226e-7, 3.933e-7, -1.401e-6, -8.047e-7, 5.967e-7, -8.953e-7, -5.462e-7, 3.491e-7
0.156, -4.837e-7, -2.635e-7, 2.203e-7, -4.797e-7, -2.759e-7, 2.038e-7, -7.449e-7, -8.666e-7, -1.217e-7, -7.429e-7, 9.556e-8, 8.385e-7, -1.564e-6, -9.139e-7, 6.505e-7, -1.005e-6, -6.228e-7, 3.826e-7, -1.389e-6, -8.060e-7, 5.830e-7, -8.855e-7, -5.462e-7, 3.393e-7
0.152, -4.770e-7, -2.651e-7, 2.119e-7, -4.716e-7, -2.766e-7, 1.950e-7, -7.328e-7, -8.674e-7, -1.346e-7, -7.325e-7, 9.178e-8, 8.243e-7, -1.552e-6, -9.149e-7, 6.368e-7, -9.965e-7, -6.223e-7, 3.742e-7, -1.377e-6, -8.064e-7, 5.708e-7, -8.764e-7, -5.452e-7, 3.312e-7
0.148, -4.708e-7, -2.672e-7, 2.036e-7, -4.655e-7, -2.794e-7, 1.861e-7, -7.265e-7, -8.737e-7, -1.472e-7, -7.201e-7, 8.999e-8, 8.101e-7, -1.541e-6, -9.168e-7, 6.238e-7, -9.886e-7, -6.228e-7, 3.658e-7, -1.363e-6, -8.063e-7, 5.571e-7, -8.695e-7, -5.465e-7, 3.230e-7
0.144, -4.635e-7, -2.684e-7, 1.951e-7, -4.571e-7, -2.792e-7, 1.779e-7, -7.134e-7, -8.744e-7, -1.611e-7, -7.100e-7, 8.887e-8, 7.989e-7, -1.525e-6, -9.142e-7, 6.104e-7, -9.781e-7, -6.208e-7, 3.573e-7, -1.350e-6, -8.047e-7, 5.452e-7, -8.607e-7, -5.451e-7, 3.156e-7
0.140, -4.571e-7, -2.693e-7, 1.877e-7, -4.512e-7, -2.806e-7, 1.706e-7, -7.059e-7, -8.774e-7, -1.715e-7, -7.001e-7, 8.604e-8, 7.861e-7, -1.513e-6, -9.149e-7, 5.983e-7, -9.703e-7, -6.210e-7, 3.494e-7, -1.339e-6, -8.044e-7, 5.345e-7, -8.534e-7, -5.450e-7, 3.084e-7
0.136, -4.514e-7, -2.702e-7, 1.813e-7, -4.443e-7, -2.806e-7, 1.637e-7, -6.969e-7, -8.811e-7, -1.842e-7, -6.908e-7, 8.727e-8, 7.781e-7, -1.499e-6, -9.119e-7, 5.869e-7, -9.611e-7, -6.190e-7, 3.421e-7, -1.327e-6, -8.036e-7, 5.234e-7, -8.459e-7, -5.443e-7, 3.016e-7
0.132, -4.481e-7, -2.724e-7, 1.757e-7, -4.393e-7, -2.817e-7, 1.576e-7, -6.905e-7, -8.842e-7, -1.938e-7, -6.824e-7, 8.583e-8, 7.682e-7, -1.491e-6, -9.145e-7, 5.768e-7, -9.543e-7, -6.189e-7, 3.354e-7, -1.318e-6, -8.040e-7, 5.136e-7, -8.383e-7, -5.430e-7, 2.952e-7
0.128, -4.417e-7, -2.728e-7, 1.689e-7, -4.333e-7, -2.821e-7, 1.512e-7, -6.814e-7, -8.828e-7, -2.014e-7, -6.755e-7, 8.187e-8, 7.574e-7, -1.478e-6, -9.142e-7, 5.642e-7, -9.466e-7, -6.178e-7, 3.287e-7, -1.305e-6, -8.028e-7, 5.026e-7, -8.308e-7, -5.423e-7, 2.885e-7
0.124, -4.389e-7, -2.747e-7, 1.643e-7, -4.296e-7, -2.834e-7, 1.462e-7, -6.747e-7, -8.861e-7, -2.114e-7, -6.690e-7, 8.151e-8, 7.505e-7, -1.469e-6, -9.137e-7, 5.549e-7, -9.407e-7, -6.173e-7, 3.235e-7, -1.298e-6, -8.021e-7, 4.956e-7, -8.260e-7, -5.424e-7, 2.836e-7
0.120, -4.335e-7, -2.748e-7, 1.587e-7, -4.250e-7, -2.834e-7, 1.417e-7, -6.675e-7, -8.846e-7, -2.172e-7, -6.625e-7, 7.857e-8, 7.411e-7, -1.459e-6, -9.133e-7, 5.462e-7, -9.335e-7, -6.157e-7, 3.178e-7, -1.287e-6, -8.003e-7, 4.866e-7, -8.186e-7, -5.403e-7, 2.783e-7
0.116, -4.302e-7, -2.759e-7, 1.542e-7, -4.201e-7, -2.840e-7, 1.361e-7, -6.609e-7, -8.866e-7, -2.257e-7, -6.548e-7, 7.837e-8, 7.332e-7, -1.449e-6, -9.110e-7, 5.380e-7, -9.271e-7, -6.149e-7, 3.123e-7, -1.280e-6, -8.003e-7, 4.796e-7, -8.127e-7, -5.400e-7, 2.727e-7
0.112, -4.269e-7, -2.770e-7, 1.499e-7, -4.162e-7, -2.844e-7, 1.318e-7, -6.572e-7, -8.887e-7, -2.315e-7, -6.463e-7, 7.910e-8, 7.254e-7, -1.440e-6, -9.114e-7, 5.289e-7, -9.195e-7, -6.132e-7, 3.063e-7, -1.270e-6, -7.994e-7, 4.703e-7, -8.064e-7, -5.390e-7, 2.673e-7
0.108, -4.243e-7, -2.782e-7, 1.461e-7, -4.130e-7, -2.847e-7, 1.283e-7, -6.487e-7, -8.885e-7, -2.398e-7, -6.461e-7, 7.685e-8, 7.230e-7, -1.433e-6, -9.107e-7, 5.219e-7, -9.149e-7, -6.121e-7, 3.028e-7, -1.262e-6, -7.978e-7, 4.638e-7, -8.016e-7, -5.376e-7, 2.640e-7
0.104, -4.203e-7, -2.782e-7, 1.421e-7, -4.091e-7, -2.851e-7, 1.240e-7, -6.451e-7, -8.918e-7, -2.467e-7, -6.380e-7, 7.899e-8, 7.170e-7, -1.424e-6, -9.093e-7, 5.144e-7, -9.089e-7, -6.109e-7, 2.979e-7, -1.254e-6, -7.968e-7, 4.572e-7, -7.955e-7, -5.361e-7, 2.594e-7
0.100, -4.171e-7, -2.780e-7, 1.391e-7, -4.060e-7, -2.846e-7, 1.214e-7, -6.420e-7, -8.920e-7, -2.500e-7, -6.318e-7, 7.878e-8, 7.106e-7, -1.415e-6, -9.073e-7, 5.079e-7, -9.034e-7, -6.093e-7, 2.941e-7, -1.246e-6, -7.950e-7, 4.507e-7, -7.906e-7, -5.350e-7, 2.556e-7
0.096, -4.160e-7, -2.801e-7, 1.359e-7, -4.033e-7, -2.859e-7, 1.175e-7, -6.362e-7, -8.926e-7, -2.564e-7, -6.281e-7, 7.726e-8, 7.053e-7, -1.408e-6, -9.079e-7, 5.001e-7, -8.987e-7, -6.089e-7, 2.898e-7, -1.239e-6, -7.953e-7, 4.435e-7, -7.859e-7, -5.347e-7, 2.513e-7
0.092, -4.148e-7, -2.808e-7, 1.340e-7, -4.026e-7, -2.868e-7, 1.158e-7, -6.339e-7, -8.937e-7, -2.598e-7, -6.258e-7, 7.632e-8, 7.022e-7, -1.403e-6, -9.071e-7, 4.955e-7, -8.956e-7, -6.085e-7, 2.872e-7, -1.232e-6, -7.943e-7, 4.380e-7, -7.821e-7, -5.335e-7, 2.486e-7
0.088, -4.132e-7, -2.826e-7, 1.306e-7, -4.000e-7, -2.874e-7, 1.125e-7, -6.284e-7, -8.949e-7, -2.665e-7, -6.215e-7, 7.651e-8, 6.980e-7, -1.395e-6, -9.066e-7, 4.888e-7, -8.904e-7, -6.076e-7, 2.829e-7, -1.226e-6, -7.932e-7, 4.323e-7, -7.776e-7, -5.331e-7, 2.445e-7
0.084, -4.113e-7, -2.824e-7, 1.289e-7, -3.981e-7, -2.871e-7, 1.109e-7, -6.273e-7, -8.968e-7, -2.695e-7, -6.157e-7, 7.891e-8, 6.946e-7, -1.387e-6, -9.046e-7, 4.827e-7, -8.866e-7, -6.059e-7, 2.807e-7, -1.219e-6, -7.916e-7, 4.275e-7, -7.747e-7, -5.319e-7, 2.428e-7
0.080, -4.086e-7, -2.833e-7, 1.253e-7, -3.954e-7, -2.879e-7, 1.075e-7, -6.195e-7, -8.952e-7, -2.757e-7, -6.147e-7, 7.620e-8, 6.909e-7, -1.380e-6, -9.025e-7, 4.772e-7, -8.813e-7, -6.050e-7, 2.764e-7, -1.213e-6, -7.925e-7, 4.208e-7, -7.693e-7, -5.307e-7, 2.386e-7
0.076, -4.083e-7, -2.840e-7, 1.244e-7, -3.950e-7, -2.885e-7, 1.065e-7, -6.168e-7, -8.951e-7, -2.783e-7, -6.139e-7, 7.530e-8, 6.892e-7, -1.376e-6, -9.027e-7, 4.730e-7, -8.795e-7, -6.048e-7, 2.747e-7, -1.209e-6, -7.919e-7, 4.176e-7, -7.670e-7, -5.302e-7, 2.368e-7
0.072, -4.076e-7, -2.864e-7, 1.212e-7, -3.933e-7, -2.894e-7, 1.039e-7, -6.121e-7, -8.952e-7, -2.831e-7, -6.125e-7, 7.356e-8, 6.861e-7, -1.369e-6, -9.019e-7, 4.671e-7, -8.763e-7, -6.048e-7, 2.715e-7, -1.205e-6, -7.902e-7, 4.143e-7, -7.635e-7, -5.303e-7, 2.332e-7
0.068, -4.083e-7, -2.880e-7, 1.204e-7, -3.941e-7, -2.914e-7, 1.027e-7, -6.133e-7, -8.985e-7, -2.853e-7, -6.085e-7, 7.429e-8, 6.828e-7, -1.365e-6, -9.021e-7, 4.631e-7, -8.735e-7, -6.049e-7, 2.686e-7, -1.198e-6, -7.900e-7, 4.079e-7, -7.617e-7, -5.302e-7, 2.315e-7
0.064, -4.074e-7, -2.889e-7, 1.185e-7, -3.935e-7, -2.929e-7, 1.006e-7, -6.122e-7, -9.016e-7, -2.895e-7, -6.039e-7, 7.691e-8, 6.808e-7, -1.361e-6, -9.031e-7, 4.579e-7, -8.697e-7, -6.037e-7, 2.660e-7, -1.195e-6, -7.898e-7, 4.050e-7, -7.581e-7, -5.293e-7, 2.288e-7
0.060, -4.058e-7, -2.896e-7, 1.162e-7, -3.911e-7, -2.926e-7, 9.859e-8, -6.078e-7, -8.989e-7, -2.911e-7, -6.014e-7, 7.441e-8, 6.758e-7, -1.356e-6, -9.011e-7, 4.544e-7, -8.652e-7, -6.024e-7, 2.628e-7, -1.187e-6, -7.882e-7, 3.987e-7, -7.543e-7, -5.284e-7, 2.259e-7
0.056, -4.065e-7, -2.921e-7, 1.144e-7, -3.921e-7, -2.956e-7, 9.648e-8, -6.101e-7, -9.028e-7, -2.927e-7, -5.984e-7, 7.320e-8, 6.716e-7, -1.353e-6, -9.040e-7, 4.487e-7, -8.643e-7, -6.039e-7, 2.603e-7, -1.185e-6, -7.902e-7, 3.949e-7, -7.528e-7, -5.296e-7, 2.232e-7
0.052, -4.083e-7, -2.946e-7, 1.137e-7, -3.937e-7, -2.978e-7, 9.587e-8, -6.063e-7, -9.040e-7, -2.978e-7, -6.024e-7, 7.130e-8, 6.737e-7, -1.350e-6, -9.040e-7, 4.458e-7, -8.646e-7, -6.050e-7, 2.596e-7, -1.182e-6, -7.899e-7, 3.916e-7, -7.535e-7, -5.311e-7, 2.224e-7
0.048, -4.080e-7, -2.961e-7, 1.119e-7, -3.925e-7, -2.985e-7, 9.400e-8, -6.020e-7, -9.037e-7, -3.017e-7, -6.014e-7, 7.106e-8, 6.725e-7, -1.345e-6, -9.041e-7, 4.413e-7, -8.609e-7, -6.044e-7, 2.566e-7, -1.179e-6, -7.909e-7, 3.877e-7, -7.504e-7, -5.305e-7, 2.200e-7
0.044, -4.097e-7, -2.997e-7, 1.100e-7, -3.953e-7, -3.017e-7, 9.356e-8, -6.052e-7, -9.062e-7, -3.010e-7, -5.991e-7, 6.946e-8, 6.686e-7, -1.344e-6, -9.058e-7, 4.383e-7, -8.611e-7, -6.058e-7, 2.552e-7, -1.177e-6, -7.914e-7, 3.852e-7, -7.507e-7, -5.319e-7, 2.188e-7
0.040, -4.119e-7, -3.019e-7, 1.101e-7, -3.974e-7, -3.044e-7, 9.304e-8, -6.053e-7, -9.082e-7, -3.030e-7, -5.991e-7, 6.884e-8, 6.679e-7, -1.342e-6, -9.061e-7, 4.362e-7, -8.606e-7, -6.068e-7, 2.539e-7, -1.176e-6, -7.934e-7, 3.825e-7, -7.498e-7, -5.325e-7, 2.173e-7
0.036, -4.144e-7, -3.049e-7, 1.095e-7, -3.978e-7, -3.064e-7, 9.141e-8, -6.049e-7, -9.099e-7, -3.050e-7, -5.971e-7, 6.876e-8, 6.658e-7, -1.340e-6, -9.084e-7, 4.318e-7, -8.591e-7, -6.073e-7, 2.518e-7, -1.173e-6, -7.932e-7, 3.796e-7, -7.484e-7, -5.330e-7, 2.154e-7
0.032, -4.158e-7, -3.088e-7, 1.071e-7, -4.006e-7, -3.108e-7, 8.978e-8, -6.060e-7, -9.131e-7, -3.071e-7, -5.978e-7, 6.525e-8, 6.630e-7, -1.341e-6, -9.130e-7, 4.281e-7, -8.601e-7, -6.103e-7, 2.498e-7, -1.173e-6, -7.970e-7, 3.756e-7, -7.490e-7, -5.357e-7, 2.133e-7
0.028, -4.179e-7, -3.118e-7, 1.061e-7, -4.037e-7, -3.143e-7, 8.939e-8, -6.052e-7, -9.140e-7, -3.088e-7, -6.008e-7, 6.187e-8, 6.627e-7, -1.340e-6, -9.147e-7, 4.256e-7, -8.605e-7, -6.122e-7, 2.483e-7, -1.172e-6, -7.995e-7, 3.725e-7, -7.492e-7, -5.374e-7, 2.117e-7
0.024, -4.204e-7, -3.159e-7, 1.045e-7, -4.070e-7, -3.193e-7, 8.769e-8, -6.051e-7, -9.168e-7, -3.116e-7, -6.031e-7, 5.781e-8, 6.609e-7, -1.340e-6, -9.187e-7, 4.215e-7, -8.622e-7, -6.161e-7, 2.461e-7, -1.173e-6, -8.025e-7, 3.700e-7, -7.501e-7, -5.404e-7, 2.096e-7
0.020, -4.258e-7, -3.207e-7, 1.051e-7, -4.115e-7, -3.238e-7, 8.766e-8, -6.054e-7, -9.206e-7, -3.152e-7, -6.067e-7, 5.661e-8, 6.633e-7, -1.343e-6, -9.230e-7, 4.199e-7, -8.636e-7, -6.183e-7, 2.453e-7, -1.174e-6, -8.059e-7, 3.679e-7, -7.521e-7, -5.428e-7, 2.093e-7
0.016, -4.298e-7, -3.265e-7, 1.034e-7, -4.147e-7, -3.291e-7, 8.560e-8, -6.122e-7, -9.280e-7, -3.158e-7, -6.036e-7, 5.654e-8, 6.601e-7, -1.342e-6, -9.266e-7, 4.156e-7, -8.653e-7, -6.218e-7, 2.435e-7, -1.174e-6, -8.109e-7, 3.635e-7, -7.540e-7, -5.463e-7, 2.076e-7
0.012, -4.357e-7, -3.340e-7, 1.017e-7, -4.218e-7, -3.365e-7, 8.530e-8, -6.140e-7, -9.320e-7, -3.180e-7, -6.097e-7, 4.964e-8, 6.594e-7, -1.344e-6, -9.325e-7, 4.119e-7, -8.687e-7, -6.265e-7, 2.423e-7, -1.176e-6, -8.154e-7, 3.604e-7, -7.569e-7, -5.508e-7, 2.061e-7
0.008, -4.403e-7, -3.393e-7, 1.010e-7, -4.274e-7, -3.428e-7, 8.463e-8, -6.198e-7, -9.385e-7, -3.187e-7, -6.086e-7, 4.871e-8, 6.573e-7, -1.348e-6, -9.389e-7, 4.093e-7, -8.706e-7, -6.300e-7, 2.406e-7, -1.178e-6, -8.210e-7, 3.569e-7, -7.589e-7, -5.544e-7, 2.044e-7
0.004, -4.476e-7, -3.472e-7, 1.004e-7, -4.339e-7, -3.506e-7, 8.332e-8, -6.226e-7, -9.422e-7, -3.196e-7, -6.132e-7, 4.246e-8, 6.557e-7, -1.353e-6, -9.456e-7, 4.069e-7, -8.752e-7, -6.354e-7, 2.398e-7, -1.183e-6, -8.270e-7, 3.555e-7, -7.622e-7, -5.593e-7, 2.029e-7
0.000, -4.524e-7, -3.554e-7, 9.698e-8, -4.409e-7, -3.603e-7, 8.057e-8, -6.252e-7, -9.476e-7, -3.224e-7, -6.186e-7, 3.359e-8, 6.522e-7, -1.355e-6, -9.538e-7, 4.009e-7, -8.784e-7, -6.424e-7, 2.360e-7, -1.186e-6, -8.365e-7, 3.490e-7, -7.659e-7, -5.660e-7, 1.999e-7
