0.004, 7.394e-7, -1.250e-6, -1.989e-6, -1.772e-6, -1.862e-6, -1.683e-6, 6.601e-7, -1.025e-6, -1.686e-6, -1.489e-6, -1.569e-6, -1.409e-6, 6.833e-7, -1.183e-6, -1.866e-6, -1.735e-6, -1.833e-6, -1.638e-6, 6.528e-7, -1.160e-6, -1.813e-6, -1.761e-6, -1.858e-6, -1.664e-6
0.008, 7.794e-7, -8.645e-7, -1.644e-6, -1.484e-6, -1.531e-6, -1.437e-6, 6.914e-7, -6.902e-7, -1.382e-6, -1.237e-6, -1.281e-6, -1.192e-6, 7.126e-7, -8.235e-7, -1.536e-6, -1.451e-6, -1.506e-6, -1.396e-6, 6.809e-7, -8.051e-7, -1.486e-6, -1.461e-6, -1.513e-6, -1.409e-6
0.012, 7.266e-7, -7.157e-7, -1.442e-6, -1.304e-6, -1.334e-6, -1.274e-6, 6.415e-7, -5.615e-7, -1.203e-6, -1.082e-6, -1.110e-6, -1.053e-6, 6.693e-7, -6.790e-7, -1.348e-6, -1.276e-6, -1.314e-6, -1.239e-6, 6.336e-7, -6.632e-7, -1.297e-6, -1.283e-6, -1.317e-6, -1.249e-6
0.016, 6.806e-7, -6.176e-7, -1.298e-6, -1.179e-6, -1.204e-6, -1.155e-6, 6.011e-7, -4.761e-7, -1.077e-6, -9.738e-7, -9.960e-7, -9.516e-7, 6.317e-7, -5.805e-7, -1.212e-6, -1.152e-6, -1.178e-6, -1.127e-6, 6.050e-7, -5.626e-7, -1.168e-6, -1.157e-6, -1.180e-6, -1.134e-6
0.020, 6.518e-7, -5.343e-7, -1.186e-6, -1.082e-6, -1.098e-6, -1.065e-6, 5.750e-7, -4.075e-7, -9.825e-7, -8.928e-7, -9.064e-7, -8.792e-7, 6.043e-7, -5.121e-7, -1.116e-6, -1.062e-6, -1.084e-6, -1.040e-6, 5.753e-7, -4.946e-7, -1.070e-6, -1.059e-6, -1.079e-6, -1.040e-6
0.024, 6.241e-7, -4.741e-7, -1.098e-6, -1.006e-6, -1.021e-6, -9.916e-7, 5.519e-7, -3.557e-7, -9.077e-7, -8.254e-7, -8.366e-7, -8.143e-7, 5.799e-7, -4.494e-7, -1.029e-6, -9.835e-7, -1.000e-6, -9.668e-7, 5.486e-7, -4.357e-7, -9.842e-7, -9.830e-7, -9.986e-7, -9.674e-7
0.028, 6.076e-7, -4.215e-7, -1.029e-6, -9.435e-7, -9.559e-7, -9.311e-7, 5.312e-7, -3.119e-7, -8.432e-7, -7.710e-7, -7.837e-7, -7.582e-7, 5.573e-7, -4.011e-7, -9.585e-7, -9.211e-7, -9.362e-7, -9.060e-7, 5.362e-7, -3.832e-7, -9.194e-7, -9.208e-7, -9.322e-7, -9.093e-7
0.032, 5.867e-7, -3.737e-7, -9.604e-7, -8.853e-7, -8.948e-7, -8.758e-7, 5.204e-7, -2.730e-7, -7.934e-7, -7.270e-7, -7.354e-7, -7.186e-7, 5.491e-7, -3.570e-7, -9.061e-7, -8.709e-7, -8.837e-7, -8.581e-7, 5.210e-7, -3.426e-7, -8.636e-7, -8.654e-7, -8.770e-7, -8.538e-7
0.036, 5.756e-7, -3.347e-7, -9.103e-7, -8.419e-7, -8.504e-7, -8.335e-7, 5.128e-7, -2.383e-7, -7.512e-7, -6.882e-7, -6.932e-7, -6.832e-7, 5.395e-7, -3.163e-7, -8.558e-7, -8.233e-7, -8.361e-7, -8.104e-7, 5.021e-7, -3.058e-7, -8.079e-7, -8.152e-7, -8.266e-7, -8.039e-7
0.040, 5.695e-7, -2.963e-7, -8.658e-7, -7.987e-7, -8.035e-7, -7.939e-7, 5.023e-7, -2.072e-7, -7.095e-7, -6.520e-7, -6.577e-7, -6.462e-7, 5.257e-7, -2.829e-7, -8.086e-7, -7.821e-7, -7.940e-7, -7.701e-7, 5.018e-7, -2.674e-7, -7.692e-7, -7.777e-7, -7.853e-7, -7.700e-7
0.044, 5.650e-7, -2.587e-7, -8.237e-7, -7.638e-7, -7.672e-7, -7.604e-7, 5.030e-7, -1.764e-7, -6.794e-7, -6.230e-7, -6.265e-7, -6.196e-7, 5.200e-7, -2.493e-7, -7.693e-7, -7.462e-7, -7.589e-7, -7.335e-7, 4.892e-7, -2.388e-7, -7.281e-7, -7.397e-7, -7.487e-7, -7.307e-7
0.048, 5.602e-7, -2.266e-7, -7.868e-7, -7.302e-7, -7.351e-7, -7.253e-7, 4.962e-7, -1.509e-7, -6.470e-7, -5.954e-7, -5.999e-7, -5.908e-7, 5.183e-7, -2.180e-7, -7.363e-7, -7.152e-7, -7.243e-7, -7.060e-7, 4.977e-7, -2.024e-7, -7.001e-7, -7.060e-7, -7.117e-7, -7.004e-7
0.052, 5.539e-7, -1.994e-7, -7.533e-7, -7.001e-7, -7.059e-7, -6.942e-7, 5.007e-7, -1.207e-7, -6.214e-7, -5.711e-7, -5.717e-7, -5.706e-7, 5.198e-7, -1.871e-7, -7.070e-7, -6.847e-7, -6.937e-7, -6.758e-7, 4.878e-7, -1.796e-7, -6.674e-7, -6.762e-7, -6.854e-7, -6.670e-7
0.056, 5.621e-7, -1.610e-7, -7.231e-7, -6.749e-7, -6.794e-7, -6.704e-7, 4.995e-7, -9.642e-8, -5.959e-7, -5.504e-7, -5.537e-7, -5.470e-7, 5.219e-7, -1.596e-7, -6.815e-7, -6.589e-7, -6.638e-7, -6.539e-7, 4.989e-7, -1.429e-7, -6.418e-7, -6.473e-7, -6.514e-7, -6.433e-7
0.060, 5.630e-7, -1.328e-7, -6.958e-7, -6.483e-7, -6.517e-7, -6.449e-7, 5.035e-7, -6.864e-8, -5.721e-7, -5.295e-7, -5.342e-7, -5.248e-7, 5.284e-7, -1.268e-7, -6.552e-7, -6.356e-7, -6.402e-7, -6.311e-7, 5.083e-7, -1.131e-7, -6.214e-7, -6.233e-7, -6.256e-7, -6.210e-7
0.064, 5.784e-7, -9.888e-8, -6.773e-7, -6.279e-7, -6.303e-7, -6.254e-7, 5.189e-7, -3.773e-8, -5.566e-7, -5.061e-7, -5.082e-7, -5.040e-7, 5.378e-7, -9.029e-8, -6.281e-7, -6.092e-7, -6.149e-7, -6.034e-7, 5.115e-7, -8.596e-8, -5.975e-7, -6.033e-7, -6.074e-7, -5.992e-7
0.068, 5.904e-7, -6.471e-8, -6.551e-7, -6.052e-7, -6.081e-7, -6.022e-7, 5.342e-7, -5.967e-9, -5.402e-7, -4.921e-7, -4.929e-7, -4.914e-7, 5.488e-7, -6.312e-8, -6.120e-7, -5.918e-7, -5.974e-7, -5.863e-7, 5.236e-7, -5.561e-8, -5.792e-7, -5.823e-7, -5.879e-7, -5.767e-7
0.072, 6.130e-7, -2.504e-8, -6.380e-7, -5.859e-7, -5.878e-7, -5.839e-7, 5.565e-7, 2.755e-8, -5.289e-7, -4.770e-7, -4.774e-7, -4.766e-7, 5.677e-7, -2.789e-8, -5.956e-7, -5.712e-7, -5.763e-7, -5.661e-7, 5.427e-7, -1.947e-8, -5.622e-7, -5.588e-7, -5.610e-7, -5.566e-7
0.076, 6.421e-7, 1.583e-8, -6.263e-7, -5.689e-7, -5.683e-7, -5.694e-7, 5.817e-7, 6.101e-8, -5.207e-7, -4.616e-7, -4.638e-7, -4.595e-7, 5.850e-7, 6.700e-9, -5.783e-7, -5.508e-7, -5.589e-7, -5.426e-7, 5.667e-7, 1.966e-8, -5.470e-7, -5.426e-7, -5.427e-7, -5.425e-7
0.080, 6.701e-7, 6.060e-8, -6.095e-7, -5.496e-7, -5.514e-7, -5.479e-7, 6.086e-7, 9.891e-8, -5.097e-7, -4.508e-7, -4.518e-7, -4.498e-7, 6.192e-7, 4.796e-8, -5.712e-7, -5.363e-7, -5.411e-7, -5.316e-7, 6.017e-7, 6.155e-8, -5.402e-7, -5.234e-7, -5.253e-7, -5.215e-7
0.084, 7.104e-7, 1.076e-7, -6.029e-7, -5.327e-7, -5.335e-7, -5.319e-7, 6.469e-7, 1.462e-7, -5.007e-7, -4.338e-7, -4.328e-7, -4.348e-7, 6.619e-7, 9.689e-8, -5.650e-7, -5.213e-7, -5.248e-7, -5.177e-7, 6.426e-7, 1.072e-7, -5.354e-7, -5.075e-7, -5.090e-7, -5.059e-7
0.088, 7.598e-7, 1.644e-7, -5.955e-7, -5.170e-7, -5.176e-7, -5.164e-7, 6.985e-7, 1.962e-7, -5.023e-7, -4.235e-7, -4.231e-7, -4.239e-7, 7.054e-7, 1.451e-7, -5.603e-7, -5.073e-7, -5.121e-7, -5.024e-7, 6.859e-7, 1.568e-7, -5.292e-7, -4.912e-7, -4.912e-7, -4.911e-7
0.092, 8.215e-7, 2.232e-7, -5.983e-7, -5.055e-7, -5.045e-7, -5.065e-7, 7.557e-7, 2.514e-7, -5.043e-7, -4.131e-7, -4.126e-7, -4.135e-7, 7.548e-7, 1.981e-7, -5.567e-7, -4.917e-7, -4.974e-7, -4.860e-7, 7.385e-7, 2.120e-7, -5.265e-7, -4.785e-7, -4.812e-7, -4.758e-7
0.096, 8.871e-7, 2.891e-7, -5.980e-7, -4.911e-7, -4.911e-7, -4.911e-7, 8.222e-7, 3.120e-7, -5.103e-7, -4.020e-7, -4.007e-7, -4.033e-7, 8.188e-7, 2.588e-7, -5.600e-7, -4.773e-7, -4.801e-7, -4.744e-7, 8.098e-7, 2.769e-7, -5.329e-7, -4.636e-7, -4.648e-7, -4.623e-7
0.100, 9.698e-7, 3.657e-7, -6.041e-7, -4.758e-7, -4.724e-7, -4.792e-7, 9.009e-7, 3.809e-7, -5.200e-7, -3.931e-7, -3.916e-7, -3.946e-7, 8.978e-7, 3.301e-7, -5.677e-7, -4.665e-7, -4.699e-7, -4.632e-7, 8.877e-7, 3.496e-7, -5.382e-7, -4.500e-7, -4.524e-7, -4.475e-7
0.104, 1.066e-6, 4.461e-7, -6.200e-7, -4.688e-7, -4.669e-7, -4.708e-7, 9.925e-7, 4.561e-7, -5.364e-7, -3.823e-7, -3.819e-7, -3.826e-7, 9.809e-7, 4.068e-7, -5.741e-7, -4.532e-7, -4.552e-7, -4.512e-7, 9.763e-7, 4.251e-7, -5.512e-7, -4.399e-7, -4.377e-7, -4.421e-7
0.108, 1.171e-6, 5.348e-7, -6.364e-7, -4.573e-7, -4.563e-7, -4.582e-7, 1.090e-6, 5.372e-7, -5.528e-7, -3.738e-7, -3.719e-7, -3.757e-7, 1.082e-6, 4.896e-7, -5.922e-7, -4.427e-7, -4.447e-7, -4.408e-7, 1.082e-6, 5.122e-7, -5.701e-7, -4.276e-7, -4.262e-7, -4.289e-7
0.112, 1.288e-6, 6.305e-7, -6.573e-7, -4.470e-7, -4.455e-7, -4.484e-7, 1.205e-6, 6.263e-7, -5.784e-7, -3.661e-7, -3.641e-7, -3.682e-7, 1.195e-6, 5.800e-7, -6.150e-7, -4.329e-7, -4.329e-7, -4.330e-7, 1.194e-6, 6.041e-7, -5.898e-7, -4.162e-7, -4.141e-7, -4.183e-7
0.116, 1.418e-6, 7.332e-7, -6.844e-7, -4.347e-7, -4.294e-7, -4.400e-7, 1.334e-6, 7.255e-7, -6.083e-7, -3.584e-7, -3.531e-7, -3.637e-7, 1.318e-6, 6.791e-7, -6.394e-7, -4.213e-7, -4.234e-7, -4.192e-7, 1.312e-6, 6.979e-7, -6.140e-7, -4.076e-7, -4.082e-7, -4.069e-7
0.120, 1.557e-6, 8.415e-7, -7.151e-7, -4.263e-7, -4.219e-7, -4.306e-7, 1.459e-6, 8.225e-7, -6.361e-7, -3.517e-7, -3.496e-7, -3.539e-7, 1.446e-6, 7.775e-7, -6.684e-7, -4.128e-7, -4.135e-7, -4.121e-7, 1.455e-6, 8.054e-7, -6.501e-7, -3.977e-7, -3.960e-7, -3.993e-7
0.124, 1.708e-6, 9.569e-7, -7.515e-7, -4.175e-7, -4.137e-7, -4.213e-7, 1.599e-6, 9.272e-7, -6.715e-7, -3.451e-7, -3.406e-7, -3.496e-7, 1.590e-6, 8.845e-7, -7.053e-7, -4.062e-7, -4.056e-7, -4.067e-7, 1.597e-6, 9.101e-7, -6.873e-7, -3.895e-7, -3.858e-7, -3.931e-7
0.128, 1.852e-6, 1.065e-6, -7.869e-7, -4.081e-7, -4.032e-7, -4.130e-7, 1.737e-6, 1.033e-6, -7.049e-7, -3.353e-7, -3.312e-7, -3.394e-7, 1.734e-6, 9.970e-7, -7.375e-7, -3.958e-7, -3.947e-7, -3.970e-7, 1.740e-6, 1.018e-6, -7.224e-7, -3.826e-7, -3.817e-7, -3.834e-7
0.132, 2.009e-6, 1.180e-6, -8.294e-7, -4.022e-7, -3.986e-7, -4.057e-7, 1.879e-6, 1.136e-6, -7.432e-7, -3.311e-7, -3.264e-7, -3.359e-7, 1.877e-6, 1.103e-6, -7.740e-7, -3.866e-7, -3.860e-7, -3.872e-7, 1.892e-6, 1.130e-6, -7.628e-7, -3.767e-7, -3.733e-7, -3.802e-7
0.136, 2.159e-6, 1.292e-6, -8.669e-7, -3.974e-7, -3.927e-7, -4.020e-7, 2.017e-6, 1.236e-6, -7.810e-7, -3.260e-7, -3.192e-7, -3.328e-7, 2.026e-6, 1.214e-6, -8.121e-7, -3.803e-7, -3.799e-7, -3.807e-7, 2.032e-6, 1.233e-6, -7.985e-7, -3.691e-7, -3.680e-7, -3.702e-7
0.140, 2.299e-6, 1.402e-6, -8.974e-7, -3.868e-7, -3.821e-7, -3.915e-7, 2.144e-6, 1.335e-6, -8.086e-7, -3.229e-7, -3.168e-7, -3.289e-7, 2.160e-6, 1.310e-6, -8.500e-7, -3.784e-7, -3.768e-7, -3.800e-7, 2.176e-6, 1.340e-6, -8.365e-7, -3.609e-7, -3.574e-7, -3.645e-7
0.144, 2.429e-6, 1.500e-6, -9.291e-7, -3.838e-7, -3.787e-7, -3.888e-7, 2.262e-6, 1.426e-6, -8.368e-7, -3.193e-7, -3.115e-7, -3.271e-7, 2.290e-6, 1.411e-6, -8.788e-7, -3.678e-7, -3.629e-7, -3.726e-7, 2.303e-6, 1.435e-6, -8.682e-7, -3.560e-7, -3.525e-7, -3.596e-7
0.148, 2.541e-6, 1.595e-6, -9.456e-7, -3.748e-7, -3.678e-7, -3.818e-7, 2.364e-6, 1.509e-6, -8.548e-7, -3.143e-7, -3.075e-7, -3.211e-7, 2.401e-6, 1.496e-6, -9.047e-7, -3.647e-7, -3.610e-7, -3.685e-7, 2.409e-6, 1.519e-6, -8.909e-7, -3.509e-7, -3.472e-7, -3.547e-7
0.152, 2.636e-6, 1.674e-6, -9.616e-7, -3.728e-7, -3.649e-7, -3.808e-7, 2.443e-6, 1.580e-6, -8.636e-7, -3.096e-7, -3.029e-7, -3.162e-7, 2.488e-6, 1.575e-6, -9.128e-7, -3.601e-7, -3.552e-7, -3.650e-7, 2.501e-6, 1.596e-6, -9.055e-7, -3.462e-7, -3.420e-7, -3.505e-7
0.156, 2.705e-6, 1.745e-6, -9.600e-7, -3.707e-7, -3.642e-7, -3.772e-7, 2.495e-6, 1.638e-6, -8.577e-7, -3.080e-7, -3.011e-7, -3.149e-7, 2.559e-6, 1.641e-6, -9.172e-7, -3.564e-7, -3.518e-7, -3.610e-7, 2.566e-6, 1.660e-6, -9.063e-7, -3.438e-7, -3.368e-7, -3.507e-7
0.160, 2.750e-6, 1.804e-6, -9.468e-7, -3.671e-7, -3.581e-7, -3.760e-7, 2.533e-6, 1.689e-6, -8.440e-7, -3.064e-7, -3.003e-7, -3.125e-7, 2.598e-6, 1.691e-6, -9.068e-7, -3.543e-7, -3.516e-7, -3.569e-7, 2.606e-6, 1.712e-6, -8.946e-7, -3.415e-7, -3.347e-7, -3.482e-7
0.164, 2.768e-6, 1.845e-6, -9.230e-7, -3.664e-7, -3.587e-7, -3.741e-7, 2.542e-6, 1.728e-6, -8.149e-7, -3.044e-7, -2.972e-7, -3.116e-7, 2.617e-6, 1.733e-6, -8.838e-7, -3.490e-7, -3.450e-7, -3.531e-7, 2.618e-6, 1.750e-6, -8.677e-7, -3.372e-7, -3.298e-7, -3.447e-7
0.168, 2.756e-6, 1.877e-6, -8.796e-7, -3.624e-7, -3.531e-7, -3.717e-7, 2.529e-6, 1.752e-6, -7.774e-7, -3.041e-7, -2.956e-7, -3.126e-7, 2.613e-6, 1.760e-6, -8.527e-7, -3.492e-7, -3.450e-7, -3.535e-7, 2.605e-6, 1.774e-6, -8.307e-7, -3.355e-7, -3.301e-7, -3.410e-7
0.172, 2.727e-6, 1.893e-6, -8.344e-7, -3.621e-7, -3.526e-7, -3.716e-7, 2.489e-6, 1.762e-6, -7.266e-7, -3.020e-7, -2.957e-7, -3.083e-7, 2.576e-6, 1.775e-6, -8.014e-7, -3.457e-7, -3.430e-7, -3.484e-7, 2.569e-6, 1.787e-6, -7.820e-7, -3.338e-7, -3.282e-7, -3.395e-7
0.176, 2.667e-6, 1.900e-6, -7.672e-7, -3.600e-7, -3.549e-7, -3.651e-7, 2.432e-6, 1.767e-6, -6.653e-7, -3.058e-7, -2.981e-7, -3.135e-7, 2.525e-6, 1.775e-6, -7.494e-7, -3.477e-7, -3.430e-7, -3.524e-7, 2.509e-6, 1.785e-6, -7.240e-7, -3.331e-7, -3.278e-7, -3.384e-7
0.180, 2.594e-6, 1.892e-6, -7.019e-7, -3.604e-7, -3.545e-7, -3.662e-7, 2.359e-6, 1.761e-6, -5.981e-7, -3.060e-7, -3.003e-7, -3.117e-7, 2.456e-6, 1.769e-6, -6.864e-7, -3.469e-7, -3.430e-7, -3.508e-7, 2.442e-6, 1.781e-6, -6.607e-7, -3.352e-7, -3.281e-7, -3.424e-7
0.184, 2.508e-6, 1.885e-6, -6.233e-7, -3.595e-7, -3.508e-7, -3.681e-7, 2.282e-6, 1.753e-6, -5.295e-7, -3.092e-7, -3.032e-7, -3.153e-7, 2.363e-6, 1.748e-6, -6.154e-7, -3.475e-7, -3.457e-7, -3.492e-7, 2.349e-6, 1.761e-6, -5.880e-7, -3.334e-7, -3.270e-7, -3.398e-7
0.188, 2.401e-6, 1.855e-6, -5.465e-7, -3.659e-7, -3.603e-7, -3.715e-7, 2.183e-6, 1.726e-6, -4.564e-7, -3.102e-7, -3.032e-7, -3.173e-7, 2.272e-6, 1.730e-6, -5.418e-7, -3.452e-7, -3.389e-7, -3.515e-7, 2.249e-6, 1.740e-6, -5.088e-7, -3.360e-7, -3.305e-7, -3.415e-7
0.192, 2.293e-6, 1.827e-6, -4.654e-7, -3.665e-7, -3.574e-7, -3.755e-7, 2.090e-6, 1.705e-6, -3.844e-7, -3.147e-7, -3.062e-7, -3.232e-7, 2.163e-6, 1.700e-6, -4.631e-7, -3.460e-7, -3.438e-7, -3.483e-7, 2.136e-6, 1.706e-6, -4.300e-7, -3.366e-7, -3.325e-7, -3.408e-7
0.196, 2.185e-6, 1.797e-6, -3.882e-7, -3.705e-7, -3.629e-7, -3.781e-7, 1.987e-6, 1.679e-6, -3.086e-7, -3.146e-7, -3.080e-7, -3.213e-7, 2.052e-6, 1.665e-6, -3.870e-7, -3.489e-7, -3.489e-7, -3.489e-7, 2.026e-6, 1.670e-6, -3.561e-7, -3.398e-7, -3.349e-7, -3.446e-7
0.200, 2.073e-6, 1.766e-6, -3.075e-7, -3.729e-7, -3.662e-7, -3.795e-7, 1.882e-6, 1.648e-6, -2.342e-7, -3.210e-7, -3.166e-7, -3.254e-7, 1.947e-6, 1.630e-6, -3.165e-7, -3.508e-7, -3.483e-7, -3.534e-7, 1.924e-6, 1.642e-6, -2.822e-7, -3.393e-7, -3.317e-7, -3.468e-7
0.204, 1.962e-6, 1.729e-6, -2.327e-7, -3.754e-7, -3.683e-7, -3.824e-7, 1.782e-6, 1.618e-6, -1.643e-7, -3.237e-7, -3.188e-7, -3.285e-7, 1.840e-6, 1.594e-6, -2.461e-7, -3.547e-7, -3.531e-7, -3.562e-7, 1.816e-6, 1.604e-6, -2.121e-7, -3.435e-7, -3.388e-7, -3.481e-7
0.208, 1.856e-6, 1.697e-6, -1.586e-7, -3.771e-7, -3.696e-7, -3.846e-7, 1.690e-6, 1.591e-6, -9.871e-8, -3.315e-7, -3.271e-7, -3.359e-7, 1.737e-6, 1.556e-6, -1.813e-7, -3.557e-7, -3.540e-7, -3.574e-7, 1.713e-6, 1.569e-6, -1.436e-7, -3.460e-7, -3.407e-7, -3.513e-7
0.212, 1.754e-6, 1.662e-6, -9.134e-8, -3.790e-7, -3.726e-7, -3.853e-7, 1.603e-6, 1.565e-6, -3.735e-8, -3.312e-7, -3.248e-7, -3.377e-7, 1.640e-6, 1.522e-6, -1.179e-7, -3.600e-7, -3.581e-7, -3.619e-7, 1.614e-6, 1.533e-6, -8.130e-8, -3.491e-7, -3.451e-7, -3.531e-7
0.216, 1.665e-6, 1.633e-6, -3.183e-8, -3.844e-7, -3.761e-7, -3.926e-7, 1.521e-6, 1.538e-6, 1.687e-8, -3.372e-7, -3.338e-7, -3.405e-7, 1.546e-6, 1.488e-6, -5.780e-8, -3.616e-7, -3.601e-7, -3.632e-7, 1.525e-6, 1.502e-6, -2.291e-8, -3.522e-7, -3.470e-7, -3.574e-7
0.220, 1.576e-6, 1.603e-6, 2.722e-8, -3.884e-7, -3.823e-7, -3.946e-7, 1.439e-6, 1.512e-6, 7.279e-8, -3.409e-7, -3.372e-7, -3.446e-7, 1.461e-6, 1.456e-6, -5.090e-9, -3.662e-7, -3.646e-7, -3.678e-7, 1.444e-6, 1.473e-6, 2.969e-8, -3.559e-7, -3.503e-7, -3.615e-7
0.224, 1.496e-6, 1.572e-6, 7.582e-8, -3.930e-7, -3.874e-7, -3.986e-7, 1.369e-6, 1.489e-6, 1.196e-7, -3.446e-7, -3.413e-7, -3.480e-7, 1.383e-6, 1.430e-6, 4.669e-8, -3.667e-7, -3.663e-7, -3.671e-7, 1.366e-6, 1.445e-6, 7.856e-8, -3.590e-7, -3.557e-7, -3.623e-7
0.228, 1.417e-6, 1.547e-6, 1.307e-7, -3.972e-7, -3.918e-7, -4.025e-7, 1.303e-6, 1.463e-6, 1.605e-7, -3.506e-7, -3.448e-7, -3.564e-7, 1.318e-6, 1.406e-6, 8.715e-8, -3.686e-7, -3.663e-7, -3.709e-7, 1.301e-6, 1.424e-6, 1.231e-7, -3.610e-7, -3.588e-7, -3.633e-7
0.232, 1.355e-6, 1.525e-6, 1.706e-7, -3.994e-7, -3.923e-7, -4.065e-7, 1.248e-6, 1.448e-6, 2.005e-7, -3.545e-7, -3.498e-7, -3.593e-7, 1.251e-6, 1.378e-6, 1.268e-7, -3.730e-7, -3.741e-7, -3.718e-7, 1.232e-6, 1.396e-6, 1.637e-7, -3.659e-7, -3.621e-7, -3.698e-7
0.236, 1.287e-6, 1.501e-6, 2.138e-7, -4.044e-7, -4.003e-7, -4.084e-7, 1.194e-6, 1.430e-6, 2.355e-7, -3.584e-7, -3.542e-7, -3.626e-7, 1.196e-6, 1.358e-6, 1.626e-7, -3.750e-7, -3.757e-7, -3.744e-7, 1.173e-6, 1.375e-6, 2.017e-7, -3.686e-7, -3.660e-7, -3.712e-7
0.240, 1.237e-6, 1.482e-6, 2.453e-7, -4.051e-7, -4.009e-7, -4.093e-7, 1.140e-6, 1.418e-6, 2.773e-7, -3.596e-7, -3.562e-7, -3.631e-7, 1.138e-6, 1.335e-6, 1.967e-7, -3.789e-7, -3.769e-7, -3.809e-7, 1.128e-6, 1.355e-6, 2.278e-7, -3.746e-7, -3.688e-7, -3.804e-7
0.244, 1.190e-6, 1.469e-6, 2.789e-7, -4.092e-7, -4.041e-7, -4.144e-7, 1.100e-6, 1.402e-6, 3.022e-7, -3.685e-7, -3.649e-7, -3.721e-7, 1.090e-6, 1.314e-6, 2.237e-7, -3.832e-7, -3.847e-7, -3.818e-7, 1.077e-6, 1.339e-6, 2.619e-7, -3.747e-7, -3.704e-7, -3.789e-7
0.248, 1.138e-6, 1.447e-6, 3.092e-7, -4.133e-7, -4.071e-7, -4.195e-7, 1.063e-6, 1.390e-6, 3.278e-7, -3.728e-7, -3.673e-7, -3.784e-7, 1.050e-6, 1.302e-6, 2.524e-7, -3.830e-7, -3.834e-7, -3.826e-7, 1.032e-6, 1.323e-6, 2.908e-7, -3.752e-7, -3.748e-7, -3.756e-7
0.252, 1.093e-6, 1.433e-6, 3.401e-7, -4.163e-7, -4.129e-7, -4.198e-7, 1.023e-6, 1.377e-6, 3.533e-7, -3.734e-7, -3.706e-7, -3.762e-7, 1.008e-6, 1.286e-6, 2.782e-7, -3.864e-7, -3.865e-7, -3.863e-7, 9.949e-7, 1.310e-6, 3.152e-7, -3.802e-7, -3.771e-7, -3.834e-7
0.256, 1.055e-6, 1.422e-6, 3.672e-7, -4.179e-7, -4.145e-7, -4.213e-7, 9.841e-7, 1.367e-6, 3.828e-7, -3.789e-7, -3.754e-7, -3.824e-7, 9.681e-7, 1.271e-6, 3.027e-7, -3.890e-7, -3.912e-7, -3.868e-7, 9.560e-7, 1.295e-6, 3.391e-7, -3.829e-7, -3.796e-7, -3.861e-7
0.260, 1.018e-6, 1.406e-6, 3.875e-7, -4.229e-7, -4.187e-7, -4.271e-7, 9.579e-7, 1.358e-6, 3.998e-7, -3.837e-7, -3.782e-7, -3.892e-7, 9.390e-7, 1.261e-6, 3.219e-7, -3.929e-7, -3.938e-7, -3.920e-7, 9.195e-7, 1.281e-6, 3.611e-7, -3.880e-7, -3.877e-7, -3.884e-7
0.264, 9.909e-7, 1.395e-6, 4.040e-7, -4.257e-7, -4.211e-7, -4.304e-7, 9.210e-7, 1.347e-6, 4.259e-7, -3.850e-7, -3.825e-7, -3.875e-7, 9.046e-7, 1.248e-6, 3.436e-7, -3.940e-7, -3.960e-7, -3.920e-7, 8.907e-7, 1.271e-6, 3.800e-7, -3.919e-7, -3.890e-7, -3.949e-7
0.268, 9.481e-7, 1.382e-6, 4.334e-7, -4.318e-7, -4.288e-7, -4.349e-7, 8.950e-7, 1.337e-6, 4.416e-7, -3.904e-7, -3.848e-7, -3.960e-7, 8.791e-7, 1.240e-6, 3.604e-7, -3.949e-7, -3.933e-7, -3.965e-7, 8.611e-7, 1.261e-6, 4.003e-7, -3.929e-7, -3.937e-7, -3.922e-7
0.272, 9.242e-7, 1.376e-6, 4.513e-7, -4.312e-7, -4.250e-7, -4.374e-7, 8.652e-7, 1.331e-6, 4.653e-7, -3.906e-7, -3.861e-7, -3.951e-7, 8.450e-7, 1.225e-6, 3.799e-7, -3.996e-7, -4.013e-7, -3.978e-7, 8.356e-7, 1.251e-6, 4.151e-7, -3.962e-7, -3.948e-7, -3.975e-7
0.276, 8.985e-7, 1.368e-6, 4.695e-7, -4.337e-7, -4.291e-7, -4.384e-7, 8.414e-7, 1.322e-6, 4.803e-7, -3.978e-7, -3.940e-7, -4.015e-7, 8.186e-7, 1.213e-6, 3.948e-7, -4.019e-7, -4.024e-7, -4.015e-7, 8.125e-7, 1.245e-6, 4.324e-7, -3.966e-7, -3.926e-7, -4.007e-7
0.280, 8.684e-7, 1.357e-6, 4.885e-7, -4.372e-7, -4.314e-7, -4.430e-7, 8.180e-7, 1.315e-6, 4.967e-7, -4.008e-7, -3.973e-7, -4.042e-7, 7.946e-7, 1.204e-6, 4.092e-7, -4.043e-7, -4.071e-7, -4.016e-7, 7.813e-7, 1.231e-6, 4.498e-7, -4.005e-7, -3.993e-7, -4.016e-7
0.284, 8.481e-7, 1.350e-6, 5.021e-7, -4.403e-7, -4.362e-7, -4.444e-7, 7.923e-7, 1.305e-6, 5.126e-7, -4.035e-7, -4.007e-7, -4.062e-7, 7.702e-7, 1.197e-6, 4.263e-7, -4.035e-7, -4.057e-7, -4.014e-7, 7.570e-7, 1.224e-6, 4.668e-7, -4.031e-7, -4.014e-7, -4.047e-7
0.288, 8.152e-7, 1.338e-6, 5.227e-7, -4.419e-7, -4.407e-7, -4.432e-7, 7.651e-7, 1.297e-6, 5.318e-7, -4.079e-7, -4.065e-7, -4.093e-7, 7.531e-7, 1.191e-6, 4.382e-7, -4.054e-7, -4.041e-7, -4.067e-7, 7.393e-7, 1.220e-6, 4.811e-7, -4.034e-7, -4.006e-7, -4.062e-7
0.292, 7.933e-7, 1.328e-6, 5.350e-7, -4.473e-7, -4.440e-7, -4.505e-7, 7.474e-7, 1.291e-6, 5.438e-7, -4.095e-7, -4.066e-7, -4.125e-7, 7.331e-7, 1.184e-6, 4.505e-7, -4.084e-7, -4.109e-7, -4.059e-7, 7.157e-7, 1.211e-6, 4.955e-7, -4.070e-7, -4.065e-7, -4.075e-7
0.296, 7.764e-7, 1.325e-6, 5.483e-7, -4.494e-7, -4.483e-7, -4.506e-7, 7.227e-7, 1.282e-6, 5.589e-7, -4.135e-7, -4.136e-7, -4.134e-7, 7.069e-7, 1.173e-6, 4.663e-7, -4.094e-7, -4.093e-7, -4.095e-7, 6.991e-7, 1.206e-6, 5.071e-7, -4.082e-7, -4.046e-7, -4.117e-7
0.300, 7.506e-7, 1.314e-6, 5.633e-7, -4.523e-7, -4.507e-7, -4.539e-7, 7.012e-7, 1.276e-6, 5.743e-7, -4.169e-7, -4.129e-7, -4.209e-7, 6.945e-7, 1.171e-6, 4.764e-7, -4.089e-7, -4.079e-7, -4.100e-7, 6.780e-7, 1.199e-6, 5.207e-7, -4.105e-7, -4.094e-7, -4.115e-7
0.304, 7.332e-7, 1.310e-6, 5.764e-7, -4.523e-7, -4.478e-7, -4.567e-7, 6.885e-7, 1.274e-6, 5.853e-7, -4.196e-7, -4.168e-7, -4.224e-7, 6.676e-7, 1.159e-6, 4.910e-7, -4.143e-7, -4.170e-7, -4.117e-7, 6.530e-7, 1.187e-6, 5.336e-7, -4.126e-7, -4.118e-7, -4.135e-7
0.308, 7.163e-7, 1.306e-6, 5.897e-7, -4.528e-7, -4.501e-7, -4.555e-7, 6.687e-7, 1.267e-6, 5.984e-7, -4.220e-7, -4.188e-7, -4.252e-7, 6.551e-7, 1.155e-6, 4.995e-7, -4.171e-7, -4.186e-7, -4.156e-7, 6.374e-7, 1.183e-6, 5.454e-7, -4.137e-7, -4.114e-7, -4.160e-7
0.312, 6.946e-7, 1.295e-6, 6.004e-7, -4.573e-7, -4.526e-7, -4.620e-7, 6.549e-7, 1.263e-6, 6.085e-7, -4.236e-7, -4.188e-7, -4.284e-7, 6.378e-7, 1.150e-6, 5.122e-7, -4.151e-7, -4.172e-7, -4.130e-7, 6.196e-7, 1.175e-6, 5.556e-7, -4.187e-7, -4.177e-7, -4.197e-7
0.316, 6.732e-7, 1.287e-6, 6.136e-7, -4.607e-7, -4.589e-7, -4.625e-7, 6.310e-7, 1.253e-6, 6.223e-7, -4.285e-7, -4.261e-7, -4.309e-7, 6.230e-7, 1.144e-6, 5.215e-7, -4.179e-7, -4.178e-7, -4.181e-7, 6.087e-7, 1.173e-6, 5.645e-7, -4.186e-7, -4.170e-7, -4.201e-7
0.320, 6.602e-7, 1.285e-6, 6.246e-7, -4.622e-7, -4.606e-7, -4.637e-7, 6.117e-7, 1.247e-6, 6.353e-7, -4.307e-7, -4.304e-7, -4.311e-7, 6.035e-7, 1.135e-6, 5.318e-7, -4.213e-7, -4.223e-7, -4.204e-7, 5.909e-7, 1.167e-6, 5.760e-7, -4.195e-7, -4.168e-7, -4.222e-7
0.324, 6.390e-7, 1.274e-6, 6.346e-7, -4.658e-7, -4.641e-7, -4.676e-7, 6.007e-7, 1.245e-6, 6.438e-7, -4.327e-7, -4.289e-7, -4.365e-7, 5.977e-7, 1.136e-6, 5.384e-7, -4.219e-7, -4.220e-7, -4.219e-7, 5.757e-7, 1.160e-6, 5.839e-7, -4.235e-7, -4.231e-7, -4.239e-7
0.328, 6.263e-7, 1.271e-6, 6.449e-7, -4.644e-7, -4.618e-7, -4.671e-7, 5.902e-7, 1.242e-6, 6.516e-7, -4.361e-7, -4.338e-7, -4.385e-7, 5.799e-7, 1.128e-6, 5.481e-7, -4.227e-7, -4.255e-7, -4.200e-7, 5.615e-7, 1.155e-6, 5.940e-7, -4.232e-7, -4.223e-7, -4.242e-7
0.332, 6.105e-7, 1.266e-6, 6.552e-7, -4.690e-7, -4.680e-7, -4.701e-7, 5.711e-7, 1.233e-6, 6.623e-7, -4.392e-7, -4.365e-7, -4.419e-7, 5.644e-7, 1.122e-6, 5.577e-7, -4.246e-7, -4.248e-7, -4.245e-7, 5.481e-7, 1.152e-6, 6.038e-7, -4.262e-7, -4.240e-7, -4.283e-7
0.336, 6.007e-7, 1.263e-6, 6.621e-7, -4.685e-7, -4.650e-7, -4.719e-7, 5.589e-7, 1.233e-6, 6.744e-7, -4.384e-7, -4.371e-7, -4.397e-7, 5.514e-7, 1.118e-6, 5.664e-7, -4.279e-7, -4.287e-7, -4.272e-7, 5.363e-7, 1.146e-6, 6.097e-7, -4.291e-7, -4.290e-7, -4.293e-7
0.340, 5.812e-7, 1.255e-6, 6.741e-7, -4.701e-7, -4.696e-7, -4.707e-7, 5.450e-7, 1.229e-6, 6.836e-7, -4.413e-7, -4.400e-7, -4.426e-7, 5.429e-7, 1.117e-6, 5.745e-7, -4.263e-7, -4.262e-7, -4.264e-7, 5.224e-7, 1.142e-6, 6.194e-7, -4.302e-7, -4.291e-7, -4.313e-7
0.344, 5.741e-7, 1.256e-6, 6.821e-7, -4.703e-7, -4.684e-7, -4.722e-7, 5.330e-7, 1.224e-6, 6.911e-7, -4.444e-7, -4.412e-7, -4.476e-7, 5.280e-7, 1.109e-6, 5.805e-7, -4.300e-7, -4.307e-7, -4.293e-7, 5.107e-7, 1.137e-6, 6.264e-7, -4.299e-7, -4.296e-7, -4.303e-7
0.348, 5.615e-7, 1.248e-6, 6.869e-7, -4.748e-7, -4.729e-7, -4.766e-7, 5.216e-7, 1.221e-6, 6.992e-7, -4.451e-7, -4.425e-7, -4.476e-7, 5.185e-7, 1.109e-6, 5.907e-7, -4.277e-7, -4.288e-7, -4.266e-7, 4.991e-7, 1.134e-6, 6.348e-7, -4.319e-7, -4.309e-7, -4.329e-7
0.352, 5.475e-7, 1.244e-6, 6.968e-7, -4.750e-7, -4.722e-7, -4.778e-7, 5.108e-7, 1.219e-6, 7.078e-7, -4.462e-7, -4.430e-7, -4.494e-7, 5.073e-7, 1.104e-6, 5.967e-7, -4.315e-7, -4.329e-7, -4.301e-7, 4.909e-7, 1.129e-6, 6.385e-7, -4.372e-7, -4.363e-7, -4.380e-7
0.356, 5.421e-7, 1.244e-6, 7.017e-7, -4.766e-7, -4.714e-7, -4.818e-7, 4.998e-7, 1.215e-6, 7.151e-7, -4.479e-7, -4.453e-7, -4.505e-7, 4.972e-7, 1.100e-6, 6.030e-7, -4.324e-7, -4.350e-7, -4.299e-7, 4.784e-7, 1.125e-6, 6.470e-7, -4.376e-7, -4.351e-7, -4.400e-7
0.360, 5.246e-7, 1.235e-6, 7.101e-7, -4.800e-7, -4.782e-7, -4.817e-7, 4.922e-7, 1.211e-6, 7.191e-7, -4.511e-7, -4.485e-7, -4.536e-7, 4.923e-7, 1.099e-6, 6.069e-7, -4.320e-7, -4.325e-7, -4.314e-7, 4.697e-7, 1.123e-6, 6.530e-7, -4.383e-7, -4.383e-7, -4.384e-7
0.364, 5.214e-7, 1.236e-6, 7.146e-7, -4.807e-7, -4.778e-7, -4.835e-7, 4.822e-7, 1.207e-6, 7.249e-7, -4.554e-7, -4.514e-7, -4.593e-7, 4.787e-7, 1.092e-6, 6.132e-7, -4.332e-7, -4.335e-7, -4.329e-7, 4.592e-7, 1.121e-6, 6.621e-7, -4.371e-7, -4.370e-7, -4.371e-7
0.368, 5.094e-7, 1.231e-6, 7.220e-7, -4.807e-7, -4.782e-7, -4.832e-7, 4.718e-7, 1.205e-6, 7.335e-7, -4.551e-7, -4.523e-7, -4.579e-7, 4.707e-7, 1.091e-6, 6.207e-7, -4.355e-7, -4.372e-7, -4.339e-7, 4.528e-7, 1.117e-6, 6.638e-7, -4.403e-7, -4.398e-7, -4.407e-7
0.372, 5.043e-7, 1.231e-6, 7.264e-7, -4.829e-7, -4.809e-7, -4.849e-7, 4.618e-7, 1.200e-6, 7.380e-7, -4.596e-7, -4.601e-7, -4.590e-7, 4.611e-7, 1.086e-6, 6.248e-7, -4.358e-7, -4.368e-7, -4.347e-7, 4.474e-7, 1.118e-6, 6.704e-7, -4.397e-7, -4.366e-7, -4.427e-7
0.376, 4.926e-7, 1.225e-6, 7.327e-7, -4.826e-7, -4.810e-7, -4.842e-7, 4.576e-7, 1.201e-6, 7.432e-7, -4.584e-7, -4.549e-7, -4.619e-7, 4.602e-7, 1.090e-6, 6.294e-7, -4.369e-7, -4.385e-7, -4.354e-7, 4.364e-7, 1.112e-6, 6.753e-7, -4.433e-7, -4.430e-7, -4.436e-7
0.380, 4.789e-7, 1.220e-6, 7.408e-7, -4.861e-7, -4.848e-7, -4.873e-7, 4.472e-7, 1.197e-6, 7.493e-7, -4.607e-7, -4.580e-7, -4.633e-7, 4.539e-7, 1.087e-6, 6.332e-7, -4.369e-7, -4.370e-7, -4.368e-7, 4.333e-7, 1.112e-6, 6.791e-7, -4.446e-7, -4.444e-7, -4.448e-7
0.384, 4.799e-7, 1.222e-6, 7.424e-7, -4.870e-7, -4.838e-7, -4.902e-7, 4.420e-7, 1.197e-6, 7.551e-7, -4.617e-7, -4.598e-7, -4.636e-7, 4.433e-7, 1.083e-6, 6.395e-7, -4.382e-7, -4.416e-7, -4.348e-7, 4.226e-7, 1.108e-6, 6.849e-7, -4.465e-7, -4.442e-7, -4.488e-7
0.388, 4.721e-7, 1.222e-6, 7.496e-7, -4.865e-7, -4.857e-7, -4.873e-7, 4.327e-7, 1.192e-6, 7.590e-7, -4.655e-7, -4.627e-7, -4.683e-7, 4.418e-7, 1.081e-6, 6.395e-7, -4.409e-7, -4.420e-7, -4.399e-7, 4.204e-7, 1.107e-6, 6.870e-7, -4.461e-7, -4.455e-7, -4.466e-7
0.392, 4.630e-7, 1.218e-6, 7.550e-7, -4.891e-7, -4.895e-7, -4.888e-7, 4.281e-7, 1.190e-6, 7.622e-7, -4.677e-7, -4.657e-7, -4.697e-7, 4.375e-7, 1.080e-6, 6.430e-7, -4.415e-7, -4.436e-7, -4.394e-7, 4.182e-7, 1.109e-6, 6.913e-7, -4.469e-7, -4.465e-7, -4.474e-7
0.396, 4.578e-7, 1.215e-6, 7.570e-7, -4.919e-7, -4.913e-7, -4.924e-7, 4.219e-7, 1.189e-6, 7.668e-7, -4.662e-7, -4.646e-7, -4.678e-7, 4.326e-7, 1.081e-6, 6.487e-7, -4.396e-7, -4.404e-7, -4.389e-7, 4.117e-7, 1.107e-6, 6.951e-7, -4.485e-7, -4.481e-7, -4.489e-7
0.400, 4.520e-7, 1.217e-6, 7.650e-7, -4.904e-7, -4.886e-7, -4.922e-7, 4.181e-7, 1.189e-6, 7.711e-7, -4.686e-7, -4.663e-7, -4.708e-7, 4.274e-7, 1.077e-6, 6.494e-7, -4.421e-7, -4.438e-7, -4.404e-7, 4.040e-7, 1.106e-6, 7.018e-7, -4.473e-7, -4.484e-7, -4.463e-7
0.404, 4.507e-7, 1.215e-6, 7.641e-7, -4.936e-7, -4.907e-7, -4.964e-7, 4.119e-7, 1.187e-6, 7.754e-7, -4.685e-7, -4.689e-7, -4.680e-7, 4.215e-7, 1.078e-6, 6.565e-7, -4.423e-7, -4.443e-7, -4.404e-7, 4.018e-7, 1.104e-6, 7.018e-7, -4.514e-7, -4.501e-7, -4.526e-7
0.408, 4.457e-7, 1.212e-6, 7.667e-7, -4.935e-7, -4.905e-7, -4.964e-7, 4.125e-7, 1.189e-6, 7.766e-7, -4.709e-7, -4.704e-7, -4.714e-7, 4.168e-7, 1.076e-6, 6.595e-7, -4.449e-7, -4.481e-7, -4.416e-7, 3.997e-7, 1.103e-6, 7.033e-7, -4.528e-7, -4.499e-7, -4.557e-7
0.412, 4.416e-7, 1.213e-6, 7.713e-7, -4.991e-7, -4.967e-7, -5.015e-7, 4.051e-7, 1.185e-6, 7.804e-7, -4.734e-7, -4.726e-7, -4.741e-7, 4.106e-7, 1.075e-6, 6.648e-7, -4.430e-7, -4.441e-7, -4.419e-7, 3.928e-7, 1.104e-6, 7.113e-7, -4.514e-7, -4.509e-7, -4.519e-7
0.416, 4.371e-7, 1.212e-6, 7.747e-7, -4.970e-7, -4.959e-7, -4.980e-7, 4.000e-7, 1.188e-6, 7.882e-7, -4.734e-7, -4.707e-7, -4.762e-7, 4.110e-7, 1.074e-6, 6.632e-7, -4.450e-7, -4.465e-7, -4.435e-7, 3.860e-7, 1.099e-6, 7.129e-7, -4.535e-7, -4.539e-7, -4.531e-7
0.420, 4.316e-7, 1.214e-6, 7.825e-7, -4.982e-7, -4.946e-7, -5.018e-7, 4.008e-7, 1.187e-6, 7.860e-7, -4.754e-7, -4.723e-7, -4.785e-7, 4.052e-7, 1.072e-6, 6.667e-7, -4.468e-7, -4.510e-7, -4.426e-7, 3.854e-7, 1.101e-6, 7.155e-7, -4.530e-7, -4.550e-7, -4.511e-7
0.424, 4.262e-7, 1.211e-6, 7.852e-7, -4.978e-7, -4.958e-7, -4.998e-7, 3.940e-7, 1.183e-6, 7.887e-7, -4.774e-7, -4.760e-7, -4.788e-7, 4.059e-7, 1.075e-6, 6.686e-7, -4.463e-7, -4.488e-7, -4.438e-7, 3.855e-7, 1.105e-6, 7.199e-7, -4.527e-7, -4.525e-7, -4.529e-7
0.428, 4.308e-7, 1.215e-6, 7.840e-7, -4.976e-7, -4.959e-7, -4.994e-7, 3.913e-7, 1.186e-6, 7.949e-7, -4.784e-7, -4.768e-7, -4.800e-7, 4.050e-7, 1.075e-6, 6.703e-7, -4.485e-7, -4.514e-7, -4.455e-7, 3.835e-7, 1.101e-6, 7.178e-7, -4.566e-7, -4.551e-7, -4.580e-7
0.432, 4.193e-7, 1.211e-6, 7.913e-7, -4.981e-7, -4.978e-7, -4.984e-7, 3.880e-7, 1.187e-6, 7.990e-7, -4.787e-7, -4.760e-7, -4.814e-7, 4.028e-7, 1.078e-6, 6.748e-7, -4.463e-7, -4.471e-7, -4.454e-7, 3.802e-7, 1.102e-6, 7.218e-7, -4.563e-7, -4.563e-7, -4.564e-7
0.436, 4.193e-7, 1.216e-6, 7.963e-7, -4.989e-7, -4.987e-7, -4.991e-7, 3.818e-7, 1.183e-6, 8.012e-7, -4.809e-7, -4.793e-7, -4.825e-7, 4.026e-7, 1.077e-6, 6.746e-7, -4.511e-7, -4.500e-7, -4.523e-7, 3.846e-7, 1.105e-6, 7.204e-7, -4.554e-7, -4.565e-7, -4.542e-7
0.440, 4.182e-7, 1.212e-6, 7.941e-7, -5.023e-7, -4.987e-7, -5.058e-7, 3.882e-7, 1.189e-6, 8.005e-7, -4.806e-7, -4.767e-7, -4.845e-7, 3.962e-7, 1.077e-6, 6.807e-7, -4.490e-7, -4.514e-7, -4.465e-7, 3.724e-7, 1.102e-6, 7.292e-7, -4.578e-7, -4.595e-7, -4.562e-7
0.444, 4.115e-7, 1.211e-6, 7.992e-7, -5.008e-7, -5.004e-7, -5.012e-7, 3.801e-7, 1.187e-6, 8.072e-7, -4.813e-7, -4.806e-7, -4.821e-7, 3.988e-7, 1.080e-6, 6.808e-7, -4.498e-7, -4.509e-7, -4.486e-7, 3.753e-7, 1.105e-6, 7.296e-7, -4.580e-7, -4.579e-7, -4.581e-7
0.448, 4.114e-7, 1.213e-6, 8.014e-7, -5.017e-7, -5.002e-7, -5.032e-7, 3.774e-7, 1.187e-6, 8.099e-7, -4.834e-7, -4.802e-7, -4.866e-7, 3.971e-7, 1.079e-6, 6.822e-7, -4.505e-7, -4.519e-7, -4.490e-7, 3.732e-7, 1.106e-6, 7.327e-7, -4.606e-7, -4.609e-7, -4.603e-7
0.452, 4.123e-7, 1.214e-6, 8.017e-7, -5.047e-7, -5.030e-7, -5.064e-7, 3.767e-7, 1.189e-6, 8.123e-7, -4.829e-7, -4.804e-7, -4.855e-7, 3.911e-7, 1.080e-6, 6.887e-7, -4.509e-7, -4.522e-7, -4.496e-7, 3.738e-7, 1.105e-6, 7.316e-7, -4.627e-7, -4.613e-7, -4.641e-7
0.456, 4.100e-7, 1.215e-6, 8.051e-7, -5.038e-7, -5.010e-7, -5.067e-7, 3.768e-7, 1.191e-6, 8.142e-7, -4.855e-7, -4.848e-7, -4.862e-7, 3.894e-7, 1.078e-6, 6.886e-7, -4.527e-7, -4.560e-7, -4.493e-7, 3.693e-7, 1.104e-6, 7.352e-7, -4.615e-7, -4.601e-7, -4.630e-7
0.460, 4.096e-7, 1.216e-6, 8.068e-7, -5.062e-7, -5.026e-7, -5.097e-7, 3.733e-7, 1.192e-6, 8.188e-7, -4.856e-7, -4.857e-7, -4.854e-7, 3.901e-7, 1.082e-6, 6.918e-7, -4.536e-7, -4.555e-7, -4.516e-7, 3.705e-7, 1.106e-6, 7.358e-7, -4.628e-7, -4.614e-7, -4.641e-7
0.464, 4.025e-7, 1.216e-6, 8.132e-7, -5.047e-7, -5.027e-7, -5.067e-7, 3.762e-7, 1.195e-6, 8.190e-7, -4.857e-7, -4.812e-7, -4.902e-7, 3.936e-7, 1.084e-6, 6.902e-7, -4.544e-7, -4.559e-7, -4.529e-7, 3.671e-7, 1.106e-6, 7.389e-7, -4.647e-7, -4.662e-7, -4.631e-7
0.468, 4.080e-7, 1.222e-6, 8.140e-7, -5.056e-7, -5.030e-7, -5.083e-7, 3.704e-7, 1.192e-6, 8.214e-7, -4.882e-7, -4.878e-7, -4.886e-7, 3.876e-7, 1.082e-6, 6.948e-7, -4.554e-7, -4.579e-7, -4.529e-7, 3.694e-7, 1.109e-6, 7.396e-7, -4.629e-7, -4.618e-7, -4.641e-7
0.472, 4.029e-7, 1.220e-6, 8.172e-7, -5.063e-7, -5.026e-7, -5.100e-7, 3.713e-7, 1.195e-6, 8.233e-7, -4.895e-7, -4.885e-7, -4.905e-7, 3.879e-7, 1.084e-6, 6.956e-7, -4.564e-7, -4.600e-7, -4.528e-7, 3.675e-7, 1.111e-6, 7.431e-7, -4.663e-7, -4.662e-7, -4.663e-7
0.476, 3.996e-7, 1.219e-6, 8.198e-7, -5.100e-7, -5.104e-7, -5.095e-7, 3.699e-7, 1.196e-6, 8.260e-7, -4.904e-7, -4.870e-7, -4.938e-7, 3.891e-7, 1.086e-6, 6.973e-7, -4.573e-7, -4.583e-7, -4.563e-7, 3.656e-7, 1.111e-6, 7.455e-7, -4.642e-7, -4.621e-7, -4.664e-7
0.480, 4.019e-7, 1.223e-6, 8.210e-7, -5.090e-7, -5.103e-7, -5.077e-7, 3.660e-7, 1.197e-6, 8.309e-7, -4.927e-7, -4.922e-7, -4.933e-7, 3.854e-7, 1.085e-6, 6.993e-7, -4.596e-7, -4.596e-7, -4.595e-7, 3.642e-7, 1.113e-6, 7.485e-7, -4.649e-7, -4.640e-7, -4.657e-7
0.484, 3.991e-7, 1.224e-6, 8.253e-7, -5.073e-7, -5.037e-7, -5.108e-7, 3.694e-7, 1.200e-6, 8.305e-7, -4.936e-7, -4.909e-7, -4.963e-7, 3.874e-7, 1.087e-6, 6.995e-7, -4.589e-7, -4.603e-7, -4.575e-7, 3.618e-7, 1.113e-6, 7.514e-7, -4.662e-7, -4.690e-7, -4.634e-7
0.488, 4.029e-7, 1.225e-6, 8.216e-7, -5.127e-7, -5.104e-7, -5.150e-7, 3.675e-7, 1.199e-6, 8.318e-7, -4.941e-7, -4.919e-7, -4.963e-7, 3.831e-7, 1.089e-6, 7.061e-7, -4.570e-7, -4.601e-7, -4.539e-7, 3.626e-7, 1.115e-6, 7.523e-7, -4.674e-7, -4.670e-7, -4.677e-7
0.492, 3.995e-7, 1.226e-6, 8.266e-7, -5.123e-7, -5.088e-7, -5.158e-7, 3.685e-7, 1.200e-6, 8.317e-7, -4.944e-7, -4.926e-7, -4.961e-7, 3.848e-7, 1.093e-6, 7.081e-7, -4.558e-7, -4.583e-7, -4.533e-7, 3.576e-7, 1.117e-6, 7.590e-7, -4.672e-7, -4.678e-7, -4.667e-7
0.496, 3.959e-7, 1.226e-6, 8.299e-7, -5.138e-7, -5.134e-7, -5.142e-7, 3.614e-7, 1.200e-6, 8.386e-7, -4.951e-7, -4.954e-7, -4.947e-7, 3.809e-7, 1.092e-6, 7.113e-7, -4.567e-7, -4.585e-7, -4.550e-7, 3.656e-7, 1.120e-6, 7.540e-7, -4.703e-7, -4.694e-7, -4.712e-7
0.500, 4.007e-7, 1.232e-6, 8.311e-7, -5.097e-7, -5.056e-7, -5.138e-7, 3.704e-7, 1.208e-6, 8.373e-7, -4.940e-7, -4.923e-7, -4.957e-7, 3.787e-7, 1.090e-6, 7.111e-7, -4.598e-7, -4.635e-7, -4.560e-7, 3.561e-7, 1.115e-6, 7.586e-7, -4.703e-7, -4.702e-7, -4.704e-7
0.504, 3.937e-7, 1.228e-6, 8.341e-7, -5.127e-7, -5.125e-7, -5.129e-7, 3.596e-7, 1.206e-6, 8.460e-7, -4.944e-7, -4.932e-7, -4.956e-7, 3.824e-7, 1.095e-6, 7.125e-7, -4.590e-7, -4.588e-7, -4.592e-7, 3.634e-7, 1.120e-6, 7.570e-7, -4.719e-7, -4.716e-7, -4.722e-7
0.508, 3.950e-7, 1.232e-6, 8.371e-7, -5.130e-7, -5.113e-7, -5.147e-7, 3.615e-7, 1.206e-6, 8.445e-7, -4.970e-7, -4.951e-7, -4.988e-7, 3.790e-7, 1.093e-6, 7.138e-7, -4.611e-7, -4.615e-7, -4.608e-7, 3.622e-7, 1.121e-6, 7.592e-7, -4.715e-7, -4.702e-7, -4.727e-7
0.512, 3.932e-7, 1.231e-6, 8.376e-7, -5.155e-7, -5.135e-7, -5.175e-7, 3.633e-7, 1.208e-6, 8.447e-7, -4.961e-7, -4.939e-7, -4.984e-7, 3.796e-7, 1.096e-6, 7.168e-7, -4.608e-7, -4.607e-7, -4.608e-7, 3.576e-7, 1.119e-6, 7.617e-7, -4.744e-7, -4.747e-7, -4.741e-7
0.516, 3.947e-7, 1.235e-6, 8.399e-7, -5.156e-7, -5.126e-7, -5.185e-7, 3.607e-7, 1.207e-6, 8.465e-7, -5.016e-7, -5.006e-7, -5.026e-7, 3.738e-7, 1.095e-6, 7.213e-7, -4.608e-7, -4.639e-7, -4.577e-7, 3.584e-7, 1.124e-6, 7.661e-7, -4.701e-7, -4.682e-7, -4.719e-7
0.520, 3.912e-7, 1.232e-6, 8.411e-7, -5.190e-7, -5.180e-7, -5.200e-7, 3.597e-7, 1.210e-6, 8.501e-7, -4.995e-7, -4.966e-7, -5.023e-7, 3.801e-7, 1.101e-6, 7.208e-7, -4.594e-7, -4.611e-7, -4.576e-7, 3.559e-7, 1.124e-6, 7.676e-7, -4.734e-7, -4.736e-7, -4.731e-7
0.524, 3.923e-7, 1.235e-6, 8.424e-7, -5.165e-7, -5.135e-7, -5.196e-7, 3.604e-7, 1.212e-6, 8.519e-7, -4.980e-7, -4.956e-7, -5.003e-7, 3.796e-7, 1.102e-6, 7.228e-7, -4.608e-7, -4.614e-7, -4.602e-7, 3.539e-7, 1.123e-6, 7.695e-7, -4.770e-7, -4.776e-7, -4.764e-7
0.528, 3.890e-7, 1.236e-6, 8.472e-7, -5.190e-7, -5.175e-7, -5.205e-7, 3.549e-7, 1.211e-6, 8.557e-7, -5.028e-7, -5.030e-7, -5.027e-7, 3.723e-7, 1.099e-6, 7.268e-7, -4.635e-7, -4.649e-7, -4.620e-7, 3.565e-7, 1.126e-6, 7.694e-7, -4.748e-7, -4.746e-7, -4.750e-7
0.532, 3.916e-7, 1.241e-6, 8.494e-7, -5.156e-7, -5.146e-7, -5.165e-7, 3.575e-7, 1.214e-6, 8.569e-7, -5.009e-7, -4.993e-7, -5.025e-7, 3.748e-7, 1.101e-6, 7.265e-7, -4.653e-7, -4.669e-7, -4.638e-7, 3.541e-7, 1.125e-6, 7.712e-7, -4.767e-7, -4.752e-7, -4.783e-7
0.536, 3.864e-7, 1.240e-6, 8.538e-7, -5.183e-7, -5.164e-7, -5.202e-7, 3.507e-7, 1.211e-6, 8.602e-7, -5.019e-7, -5.003e-7, -5.035e-7, 3.757e-7, 1.105e-6, 7.288e-7, -4.642e-7, -4.656e-7, -4.628e-7, 3.559e-7, 1.130e-6, 7.740e-7, -4.757e-7, -4.752e-7, -4.763e-7
0.540, 3.905e-7, 1.244e-6, 8.537e-7, -5.204e-7, -5.178e-7, -5.229e-7, 3.536e-7, 1.213e-6, 8.591e-7, -5.057e-7, -5.031e-7, -5.083e-7, 3.718e-7, 1.102e-6, 7.301e-7, -4.640e-7, -4.656e-7, -4.623e-7, 3.535e-7, 1.131e-6, 7.778e-7, -4.744e-7, -4.739e-7, -4.750e-7
0.544, 3.902e-7, 1.243e-6, 8.525e-7, -5.210e-7, -5.172e-7, -5.248e-7, 3.563e-7, 1.217e-6, 8.611e-7, -5.047e-7, -5.030e-7, -5.064e-7, 3.688e-7, 1.102e-6, 7.335e-7, -4.651e-7, -4.695e-7, -4.607e-7, 3.491e-7, 1.128e-6, 7.788e-7, -4.768e-7, -4.766e-7, -4.770e-7
0.548, 3.844e-7, 1.244e-6, 8.592e-7, -5.210e-7, -5.195e-7, -5.226e-7, 3.515e-7, 1.216e-6, 8.648e-7, -5.049e-7, -5.045e-7, -5.052e-7, 3.717e-7, 1.107e-6, 7.357e-7, -4.643e-7, -4.657e-7, -4.630e-7, 3.552e-7, 1.133e-6, 7.774e-7, -4.768e-7, -4.760e-7, -4.775e-7
0.552, 3.821e-7, 1.245e-6, 8.627e-7, -5.202e-7, -5.205e-7, -5.198e-7, 3.504e-7, 1.220e-6, 8.700e-7, -5.059e-7, -5.047e-7, -5.071e-7, 3.735e-7, 1.109e-6, 7.353e-7, -4.669e-7, -4.658e-7, -4.680e-7, 3.563e-7, 1.134e-6, 7.774e-7, -4.778e-7, -4.779e-7, -4.776e-7
0.556, 3.859e-7, 1.247e-6, 8.614e-7, -5.211e-7, -5.202e-7, -5.221e-7, 3.475e-7, 1.220e-6, 8.727e-7, -5.038e-7, -5.037e-7, -5.039e-7, 3.708e-7, 1.109e-6, 7.385e-7, -4.673e-7, -4.687e-7, -4.660e-7, 3.534e-7, 1.136e-6, 7.822e-7, -4.792e-7, -4.769e-7, -4.814e-7
0.560, 3.838e-7, 1.248e-6, 8.638e-7, -5.270e-7, -5.273e-7, -5.268e-7, 3.526e-7, 1.221e-6, 8.684e-7, -5.071e-7, -5.028e-7, -5.115e-7, 3.736e-7, 1.114e-6, 7.399e-7, -4.622e-7, -4.648e-7, -4.596e-7, 3.480e-7, 1.138e-6, 7.899e-7, -4.786e-7, -4.784e-7, -4.788e-7
0.564, 3.824e-7, 1.250e-6, 8.675e-7, -5.236e-7, -5.230e-7, -5.242e-7, 3.532e-7, 1.226e-6, 8.725e-7, -5.074e-7, -5.060e-7, -5.088e-7, 3.698e-7, 1.114e-6, 7.440e-7, -4.671e-7, -4.688e-7, -4.655e-7, 3.522e-7, 1.139e-6, 7.871e-7, -4.804e-7, -4.799e-7, -4.810e-7
0.568, 3.885e-7, 1.256e-6, 8.675e-7, -5.225e-7, -5.177e-7, -5.273e-7, 3.536e-7, 1.229e-6, 8.752e-7, -5.083e-7, -5.068e-7, -5.097e-7, 3.685e-7, 1.113e-6, 7.444e-7, -4.693e-7, -4.732e-7, -4.654e-7, 3.493e-7, 1.138e-6, 7.885e-7, -4.817e-7, -4.821e-7, -4.814e-7
0.572, 3.837e-7, 1.254e-6, 8.700e-7, -5.258e-7, -5.237e-7, -5.279e-7, 3.532e-7, 1.230e-6, 8.767e-7, -5.074e-7, -5.063e-7, -5.085e-7, 3.696e-7, 1.119e-6, 7.494e-7, -4.666e-7, -4.711e-7, -4.622e-7, 3.471e-7, 1.141e-6, 7.943e-7, -4.830e-7, -4.848e-7, -4.812e-7
0.576, 3.894e-7, 1.259e-6, 8.699e-7, -5.261e-7, -5.222e-7, -5.301e-7, 3.538e-7, 1.232e-6, 8.784e-7, -5.091e-7, -5.090e-7, -5.093e-7, 3.685e-7, 1.118e-6, 7.493e-7, -4.679e-7, -4.711e-7, -4.648e-7, 3.488e-7, 1.143e-6, 7.944e-7, -4.814e-7, -4.814e-7, -4.813e-7
0.580, 3.890e-7, 1.263e-6, 8.740e-7, -5.266e-7, -5.229e-7, -5.303e-7, 3.516e-7, 1.232e-6, 8.804e-7, -5.111e-7, -5.099e-7, -5.123e-7, 3.688e-7, 1.121e-6, 7.522e-7, -4.689e-7, -4.728e-7, -4.650e-7, 3.517e-7, 1.148e-6, 7.966e-7, -4.805e-7, -4.804e-7, -4.806e-7
0.584, 3.862e-7, 1.265e-6, 8.785e-7, -5.253e-7, -5.240e-7, -5.266e-7, 3.493e-7, 1.233e-6, 8.835e-7, -5.119e-7, -5.109e-7, -5.129e-7, 3.732e-7, 1.125e-6, 7.514e-7, -4.691e-7, -4.720e-7, -4.662e-7, 3.558e-7, 1.153e-6, 7.969e-7, -4.794e-7, -4.778e-7, -4.811e-7
0.588, 3.868e-7, 1.269e-6, 8.817e-7, -5.273e-7, -5.236e-7, -5.310e-7, 3.537e-7, 1.238e-6, 8.846e-7, -5.128e-7, -5.136e-7, -5.120e-7, 3.694e-7, 1.124e-6, 7.550e-7, -4.712e-7, -4.750e-7, -4.673e-7, 3.532e-7, 1.152e-6, 7.984e-7, -4.811e-7, -4.802e-7, -4.819e-7
0.592, 3.846e-7, 1.268e-6, 8.838e-7, -5.278e-7, -5.248e-7, -5.308e-7, 3.547e-7, 1.242e-6, 8.875e-7, -5.120e-7, -5.111e-7, -5.128e-7, 3.747e-7, 1.131e-6, 7.567e-7, -4.694e-7, -4.719e-7, -4.669e-7, 3.527e-7, 1.156e-6, 8.032e-7, -4.821e-7, -4.826e-7, -4.816e-7
0.596, 3.920e-7, 1.275e-6, 8.833e-7, -5.277e-7, -5.228e-7, -5.326e-7, 3.578e-7, 1.244e-6, 8.865e-7, -5.156e-7, -5.135e-7, -5.177e-7, 3.725e-7, 1.132e-6, 7.597e-7, -4.688e-7, -4.706e-7, -4.669e-7, 3.532e-7, 1.160e-6, 8.070e-7, -4.802e-7, -4.799e-7, -4.805e-7
0.600, 3.927e-7, 1.279e-6, 8.858e-7, -5.264e-7, -5.254e-7, -5.275e-7, 3.543e-7, 1.247e-6, 8.924e-7, -5.141e-7, -5.141e-7, -5.141e-7, 3.743e-7, 1.135e-6, 7.611e-7, -4.719e-7, -4.740e-7, -4.698e-7, 3.560e-7, 1.163e-6, 8.065e-7, -4.832e-7, -4.827e-7, -4.838e-7
0.604, 3.882e-7, 1.279e-6, 8.909e-7, -5.279e-7, -5.266e-7, -5.293e-7, 3.546e-7, 1.251e-6, 8.966e-7, -5.136e-7, -5.124e-7, -5.149e-7, 3.742e-7, 1.137e-6, 7.631e-7, -4.721e-7, -4.740e-7, -4.702e-7, 3.585e-7, 1.164e-6, 8.057e-7, -4.846e-7, -4.836e-7, -4.855e-7
0.608, 3.930e-7, 1.284e-6, 8.914e-7, -5.297e-7, -5.279e-7, -5.314e-7, 3.533e-7, 1.253e-6, 8.998e-7, -5.140e-7, -5.128e-7, -5.152e-7, 3.777e-7, 1.145e-6, 7.675e-7, -4.712e-7, -4.727e-7, -4.696e-7, 3.607e-7, 1.169e-6, 8.085e-7, -4.852e-7, -4.837e-7, -4.866e-7
0.612, 3.921e-7, 1.290e-6, 8.977e-7, -5.276e-7, -5.252e-7, -5.301e-7, 3.566e-7, 1.260e-6, 9.036e-7, -5.143e-7, -5.134e-7, -5.152e-7, 3.785e-7, 1.144e-6, 7.659e-7, -4.741e-7, -4.757e-7, -4.724e-7, 3.620e-7, 1.170e-6, 8.083e-7, -4.858e-7, -4.873e-7, -4.843e-7
0.616, 3.973e-7, 1.292e-6, 8.951e-7, -5.312e-7, -5.273e-7, -5.350e-7, 3.579e-7, 1.262e-6, 9.037e-7, -5.160e-7, -5.165e-7, -5.155e-7, 3.764e-7, 1.150e-6, 7.736e-7, -4.722e-7, -4.754e-7, -4.690e-7, 3.635e-7, 1.177e-6, 8.140e-7, -4.878e-7, -4.868e-7, -4.887e-7
0.620, 3.967e-7, 1.295e-6, 8.985e-7, -5.322e-7, -5.297e-7, -5.347e-7, 3.596e-7, 1.264e-6, 9.040e-7, -5.179e-7, -5.165e-7, -5.194e-7, 3.847e-7, 1.156e-6, 7.715e-7, -4.708e-7, -4.735e-7, -4.682e-7, 3.634e-7, 1.182e-6, 8.188e-7, -4.852e-7, -4.851e-7, -4.853e-7
0.624, 3.984e-7, 1.303e-6, 9.044e-7, -5.310e-7, -5.284e-7, -5.335e-7, 3.621e-7, 1.269e-6, 9.073e-7, -5.189e-7, -5.191e-7, -5.187e-7, 3.833e-7, 1.157e-6, 7.740e-7, -4.741e-7, -4.774e-7, -4.708e-7, 3.632e-7, 1.182e-6, 8.190e-7, -4.870e-7, -4.865e-7, -4.875e-7
0.628, 4.044e-7, 1.307e-6, 9.026e-7, -5.317e-7, -5.302e-7, -5.332e-7, 3.629e-7, 1.275e-6, 9.118e-7, -5.160e-7, -5.168e-7, -5.152e-7, 3.864e-7, 1.167e-6, 7.804e-7, -4.719e-7, -4.740e-7, -4.697e-7, 3.675e-7, 1.190e-6, 8.225e-7, -4.872e-7, -4.864e-7, -4.880e-7
0.632, 4.053e-7, 1.312e-6, 9.063e-7, -5.319e-7, -5.315e-7, -5.324e-7, 3.638e-7, 1.277e-6, 9.134e-7, -5.187e-7, -5.189e-7, -5.184e-7, 3.846e-7, 1.167e-6, 7.827e-7, -4.747e-7, -4.759e-7, -4.736e-7, 3.762e-7, 1.195e-6, 8.192e-7, -4.872e-7, -4.858e-7, -4.885e-7
0.636, 4.046e-7, 1.318e-6, 9.132e-7, -5.313e-7, -5.299e-7, -5.328e-7, 3.682e-7, 1.284e-6, 9.158e-7, -5.202e-7, -5.182e-7, -5.222e-7, 3.892e-7, 1.172e-6, 7.826e-7, -4.756e-7, -4.778e-7, -4.733e-7, 3.715e-7, 1.196e-6, 8.250e-7, -4.873e-7, -4.876e-7, -4.870e-7
0.640, 4.069e-7, 1.321e-6, 9.138e-7, -5.333e-7, -5.332e-7, -5.334e-7, 3.697e-7, 1.289e-6, 9.194e-7, -5.184e-7, -5.163e-7, -5.205e-7, 3.982e-7, 1.182e-6, 7.839e-7, -4.737e-7, -4.748e-7, -4.725e-7, 3.748e-7, 1.203e-6, 8.280e-7, -4.881e-7, -4.874e-7, -4.889e-7
0.644, 4.162e-7, 1.330e-6, 9.136e-7, -5.360e-7, -5.318e-7, -5.403e-7, 3.780e-7, 1.294e-6, 9.163e-7, -5.221e-7, -5.210e-7, -5.232e-7, 3.989e-7, 1.186e-6, 7.874e-7, -4.737e-7, -4.770e-7, -4.704e-7, 3.750e-7, 1.209e-6, 8.344e-7, -4.865e-7, -4.879e-7, -4.852e-7
0.648, 4.218e-7, 1.339e-6, 9.168e-7, -5.350e-7, -5.316e-7, -5.383e-7, 3.780e-7, 1.301e-6, 9.228e-7, -5.215e-7, -5.205e-7, -5.225e-7, 4.038e-7, 1.192e-6, 7.881e-7, -4.752e-7, -4.774e-7, -4.730e-7, 3.850e-7, 1.217e-6, 8.324e-7, -4.888e-7, -4.885e-7, -4.891e-7
0.652, 4.239e-7, 1.346e-6, 9.224e-7, -5.343e-7, -5.322e-7, -5.365e-7, 3.835e-7, 1.308e-6, 9.246e-7, -5.215e-7, -5.202e-7, -5.228e-7, 4.026e-7, 1.196e-6, 7.936e-7, -4.768e-7, -4.803e-7, -4.733e-7, 3.848e-7, 1.222e-6, 8.370e-7, -4.890e-7, -4.884e-7, -4.896e-7
0.656, 4.305e-7, 1.353e-6, 9.222e-7, -5.375e-7, -5.350e-7, -5.400e-7, 3.889e-7, 1.315e-6, 9.262e-7, -5.221e-7, -5.218e-7, -5.224e-7, 4.058e-7, 1.204e-6, 7.979e-7, -4.760e-7, -4.791e-7, -4.729e-7, 3.880e-7, 1.228e-6, 8.403e-7, -4.904e-7, -4.917e-7, -4.890e-7
0.660, 4.338e-7, 1.360e-6, 9.261e-7, -5.337e-7, -5.309e-7, -5.365e-7, 3.937e-7, 1.325e-6, 9.317e-7, -5.222e-7, -5.223e-7, -5.220e-7, 4.137e-7, 1.213e-6, 7.998e-7, -4.772e-7, -4.806e-7, -4.737e-7, 3.984e-7, 1.240e-6, 8.413e-7, -4.903e-7, -4.895e-7, -4.911e-7
0.664, 4.364e-7, 1.367e-6, 9.309e-7, -5.372e-7, -5.358e-7, -5.387e-7, 3.979e-7, 1.332e-6, 9.343e-7, -5.207e-7, -5.199e-7, -5.214e-7, 4.247e-7, 1.226e-6, 8.012e-7, -4.760e-7, -4.760e-7, -4.760e-7, 4.033e-7, 1.247e-6, 8.442e-7, -4.929e-7, -4.935e-7, -4.923e-7
0.668, 4.464e-7, 1.382e-6, 9.357e-7, -5.367e-7, -5.336e-7, -5.397e-7, 4.069e-7, 1.341e-6, 9.341e-7, -5.241e-7, -5.201e-7, -5.281e-7, 4.313e-7, 1.233e-6, 8.016e-7, -4.777e-7, -4.803e-7, -4.751e-7, 4.092e-7, 1.258e-6, 8.486e-7, -4.909e-7, -4.916e-7, -4.902e-7
0.672, 4.528e-7, 1.390e-6, 9.374e-7, -5.398e-7, -5.385e-7, -5.412e-7, 4.074e-7, 1.347e-6, 9.398e-7, -5.244e-7, -5.235e-7, -5.252e-7, 4.378e-7, 1.244e-6, 8.057e-7, -4.779e-7, -4.808e-7, -4.751e-7, 4.163e-7, 1.268e-6, 8.515e-7, -4.916e-7, -4.903e-7, -4.929e-7
0.676, 4.639e-7, 1.403e-6, 9.392e-7, -5.368e-7, -5.363e-7, -5.373e-7, 4.161e-7, 1.364e-6, 9.479e-7, -5.217e-7, -5.209e-7, -5.225e-7, 4.485e-7, 1.260e-6, 8.112e-7, -4.802e-7, -4.793e-7, -4.811e-7, 4.268e-7, 1.277e-6, 8.503e-7, -4.950e-7, -4.940e-7, -4.960e-7
0.680, 4.764e-7, 1.419e-6, 9.424e-7, -5.393e-7, -5.366e-7, -5.420e-7, 4.251e-7, 1.371e-6, 9.457e-7, -5.258e-7, -5.245e-7, -5.271e-7, 4.534e-7, 1.269e-6, 8.153e-7, -4.777e-7, -4.789e-7, -4.764e-7, 4.366e-7, 1.292e-6, 8.555e-7, -4.934e-7, -4.927e-7, -4.940e-7
0.684, 4.865e-7, 1.432e-6, 9.453e-7, -5.401e-7, -5.369e-7, -5.433e-7, 4.366e-7, 1.387e-6, 9.500e-7, -5.267e-7, -5.260e-7, -5.274e-7, 4.659e-7, 1.283e-6, 8.168e-7, -4.777e-7, -4.799e-7, -4.755e-7, 4.447e-7, 1.303e-6, 8.588e-7, -4.948e-7, -4.961e-7, -4.935e-7
0.688, 4.920e-7, 1.444e-6, 9.524e-7, -5.395e-7, -5.391e-7, -5.399e-7, 4.461e-7, 1.402e-6, 9.562e-7, -5.248e-7, -5.220e-7, -5.276e-7, 4.793e-7, 1.300e-6, 8.204e-7, -4.810e-7, -4.824e-7, -4.797e-7, 4.570e-7, 1.318e-6, 8.605e-7, -4.964e-7, -4.972e-7, -4.957e-7
0.692, 5.160e-7, 1.469e-6, 9.535e-7, -5.425e-7, -5.404e-7, -5.446e-7, 4.578e-7, 1.414e-6, 9.564e-7, -5.278e-7, -5.270e-7, -5.286e-7, 4.866e-7, 1.313e-6, 8.261e-7, -4.811e-7, -4.829e-7, -4.793e-7, 4.732e-7, 1.340e-6, 8.665e-7, -4.945e-7, -4.928e-7, -4.962e-7
0.696, 5.291e-7, 1.490e-6, 9.606e-7, -5.387e-7, -5.376e-7, -5.399e-7, 4.739e-7, 1.437e-6, 9.632e-7, -5.279e-7, -5.249e-7, -5.309e-7, 5.045e-7, 1.332e-6, 8.274e-7, -4.818e-7, -4.844e-7, -4.791e-7, 4.824e-7, 1.354e-6, 8.720e-7, -4.942e-7, -4.938e-7, -4.946e-7
0.700, 5.448e-7, 1.507e-6, 9.618e-7, -5.419e-7, -5.413e-7, -5.425e-7, 4.870e-7, 1.456e-6, 9.686e-7, -5.295e-7, -5.292e-7, -5.298e-7, 5.214e-7, 1.355e-6, 8.337e-7, -4.838e-7, -4.855e-7, -4.821e-7, 5.009e-7, 1.374e-6, 8.735e-7, -4.963e-7, -4.958e-7, -4.967e-7
0.704, 5.648e-7, 1.534e-6, 9.690e-7, -5.436e-7, -5.448e-7, -5.423e-7, 5.036e-7, 1.475e-6, 9.710e-7, -5.293e-7, -5.276e-7, -5.311e-7, 5.369e-7, 1.377e-6, 8.398e-7, -4.809e-7, -4.820e-7, -4.798e-7, 5.225e-7, 1.402e-6, 8.793e-7, -4.964e-7, -4.934e-7, -4.993e-7
0.708, 5.880e-7, 1.562e-6, 9.740e-7, -5.439e-7, -5.415e-7, -5.464e-7, 5.241e-7, 1.499e-6, 9.750e-7, -5.307e-7, -5.316e-7, -5.298e-7, 5.557e-7, 1.402e-6, 8.461e-7, -4.836e-7, -4.858e-7, -4.813e-7, 5.365e-7, 1.422e-6, 8.859e-7, -4.981e-7, -4.989e-7, -4.974e-7
0.712, 6.122e-7, 1.593e-6, 9.809e-7, -5.446e-7, -5.408e-7, -5.484e-7, 5.496e-7, 1.528e-6, 9.779e-7, -5.319e-7, -5.292e-7, -5.346e-7, 5.829e-7, 1.431e-6, 8.484e-7, -4.829e-7, -4.856e-7, -4.802e-7, 5.591e-7, 1.450e-6, 8.908e-7, -4.981e-7, -4.988e-7, -4.974e-7
0.716, 6.412e-7, 1.625e-6, 9.841e-7, -5.457e-7, -5.422e-7, -5.491e-7, 5.697e-7, 1.557e-6, 9.875e-7, -5.306e-7, -5.310e-7, -5.303e-7, 6.058e-7, 1.463e-6, 8.568e-7, -4.850e-7, -4.883e-7, -4.818e-7, 5.832e-7, 1.479e-6, 8.962e-7, -4.995e-7, -4.983e-7, -5.006e-7
0.720, 6.653e-7, 1.660e-6, 9.942e-7, -5.471e-7, -5.452e-7, -5.489e-7, 5.970e-7, 1.590e-6, 9.932e-7, -5.317e-7, -5.290e-7, -5.344e-7, 6.361e-7, 1.497e-6, 8.607e-7, -4.841e-7, -4.856e-7, -4.826e-7, 6.094e-7, 1.513e-6, 9.035e-7, -4.986e-7, -4.992e-7, -4.980e-7
0.724, 7.019e-7, 1.701e-6, 9.993e-7, -5.472e-7, -5.459e-7, -5.485e-7, 6.218e-7, 1.622e-6, 9.999e-7, -5.328e-7, -5.310e-7, -5.345e-7, 6.659e-7, 1.534e-6, 8.678e-7, -4.863e-7, -4.875e-7, -4.850e-7, 6.478e-7, 1.556e-6, 9.079e-7, -5.011e-7, -4.991e-7, -5.030e-7
0.728, 7.399e-7, 1.746e-6, 1.006e-6, -5.483e-7, -5.482e-7, -5.483e-7, 6.524e-7, 1.664e-6, 1.012e-6, -5.332e-7, -5.322e-7, -5.341e-7, 6.980e-7, 1.575e-6, 8.769e-7, -4.874e-7, -4.878e-7, -4.870e-7, 6.827e-7, 1.595e-6, 9.120e-7, -5.024e-7, -5.015e-7, -5.034e-7
0.732, 7.802e-7, 1.800e-6, 1.019e-6, -5.480e-7, -5.473e-7, -5.487e-7, 6.901e-7, 1.708e-6, 1.018e-6, -5.344e-7, -5.333e-7, -5.356e-7, 7.399e-7, 1.623e-6, 8.827e-7, -4.903e-7, -4.920e-7, -4.885e-7, 7.166e-7, 1.640e-6, 9.235e-7, -5.028e-7, -5.015e-7, -5.041e-7
0.736, 8.263e-7, 1.851e-6, 1.025e-6, -5.524e-7, -5.493e-7, -5.555e-7, 7.369e-7, 1.759e-6, 1.022e-6, -5.344e-7, -5.317e-7, -5.372e-7, 7.819e-7, 1.675e-6, 8.930e-7, -4.892e-7, -4.925e-7, -4.859e-7, 7.540e-7, 1.689e-6, 9.353e-7, -5.048e-7, -5.060e-7, -5.037e-7
0.740, 8.803e-7, 1.915e-6, 1.035e-6, -5.522e-7, -5.489e-7, -5.556e-7, 7.773e-7, 1.810e-6, 1.033e-6, -5.370e-7, -5.358e-7, -5.382e-7, 8.272e-7, 1.730e-6, 9.028e-7, -4.920e-7, -4.937e-7, -4.904e-7, 8.051e-7, 1.748e-6, 9.426e-7, -5.054e-7, -5.056e-7, -5.052e-7
0.744, 9.297e-7, 1.979e-6, 1.049e-6, -5.559e-7, -5.563e-7, -5.556e-7, 8.219e-7, 1.865e-6, 1.043e-6, -5.409e-7, -5.405e-7, -5.413e-7, 8.845e-7, 1.797e-6, 9.128e-7, -4.916e-7, -4.904e-7, -4.928e-7, 8.586e-7, 1.813e-6, 9.539e-7, -5.041e-7, -5.043e-7, -5.039e-7
0.748, 9.964e-7, 2.056e-6, 1.060e-6, -5.586e-7, -5.562e-7, -5.610e-7, 8.770e-7, 1.933e-6, 1.056e-6, -5.421e-7, -5.392e-7, -5.451e-7, 9.436e-7, 1.869e-6, 9.251e-7, -4.921e-7, -4.937e-7, -4.905e-7, 9.141e-7, 1.881e-6, 9.670e-7, -5.092e-7, -5.098e-7, -5.086e-7
0.752, 1.063e-6, 2.136e-6, 1.073e-6, -5.598e-7, -5.614e-7, -5.583e-7, 9.377e-7, 2.006e-6, 1.068e-6, -5.428e-7, -5.404e-7, -5.451e-7, 1.009e-6, 1.946e-6, 9.375e-7, -4.952e-7, -4.938e-7, -4.966e-7, 9.778e-7, 1.958e-6, 9.805e-7, -5.094e-7, -5.098e-7, -5.090e-7
0.756, 1.144e-6, 2.235e-6, 1.091e-6, -5.607e-7, -5.580e-7, -5.634e-7, 1.004e-6, 2.088e-6, 1.084e-6, -5.448e-7, -5.424e-7, -5.471e-7, 1.079e-6, 2.029e-6, 9.494e-7, -4.983e-7, -4.967e-7, -4.999e-7, 1.047e-6, 2.042e-6, 9.944e-7, -5.097e-7, -5.097e-7, -5.097e-7
0.760, 1.235e-6, 2.336e-6, 1.102e-6, -5.638e-7, -5.617e-7, -5.659e-7, 1.080e-6, 2.177e-6, 1.097e-6, -5.466e-7, -5.461e-7, -5.471e-7, 1.149e-6, 2.122e-6, 9.728e-7, -4.997e-7, -5.018e-7, -4.976e-7, 1.124e-6, 2.135e-6, 1.011e-6, -5.144e-7, -5.137e-7, -5.150e-7
0.764, 1.332e-6, 2.452e-6, 1.120e-6, -5.679e-7, -5.639e-7, -5.720e-7, 1.163e-6, 2.278e-6, 1.114e-6, -5.480e-7, -5.476e-7, -5.485e-7, 1.241e-6, 2.230e-6, 9.889e-7, -5.033e-7, -5.066e-7, -4.999e-7, 1.207e-6, 2.235e-6, 1.028e-6, -5.151e-7, -5.141e-7, -5.162e-7
0.768, 1.436e-6, 2.576e-6, 1.140e-6, -5.713e-7, -5.671e-7, -5.755e-7, 1.252e-6, 2.384e-6, 1.131e-6, -5.512e-7, -5.500e-7, -5.524e-7, 1.336e-6, 2.344e-6, 1.009e-6, -5.054e-7, -5.092e-7, -5.015e-7, 1.304e-6, 2.353e-6, 1.050e-6, -5.180e-7, -5.171e-7, -5.189e-7
0.772, 1.547e-6, 2.712e-6, 1.165e-6, -5.742e-7, -5.716e-7, -5.768e-7, 1.345e-6, 2.501e-6, 1.156e-6, -5.532e-7, -5.528e-7, -5.535e-7, 1.446e-6, 2.476e-6, 1.030e-6, -5.080e-7, -5.092e-7, -5.067e-7, 1.413e-6, 2.483e-6, 1.069e-6, -5.212e-7, -5.196e-7, -5.228e-7
0.776, 1.677e-6, 2.865e-6, 1.188e-6, -5.800e-7, -5.760e-7, -5.839e-7, 1.453e-6, 2.633e-6, 1.180e-6, -5.572e-7, -5.561e-7, -5.583e-7, 1.561e-6, 2.617e-6, 1.055e-6, -5.117e-7, -5.129e-7, -5.106e-7, 1.526e-6, 2.621e-6, 1.095e-6, -5.249e-7, -5.232e-7, -5.267e-7
0.780, 1.809e-6, 3.031e-6, 1.221e-6, -5.825e-7, -5.784e-7, -5.865e-7, 1.577e-6, 2.780e-6, 1.203e-6, -5.619e-7, -5.612e-7, -5.626e-7, 1.685e-6, 2.768e-6, 1.083e-6, -5.150e-7, -5.180e-7, -5.120e-7, 1.648e-6, 2.771e-6, 1.123e-6, -5.263e-7, -5.254e-7, -5.272e-7
0.784, 1.963e-6, 3.214e-6, 1.251e-6, -5.899e-7, -5.865e-7, -5.932e-7, 1.700e-6, 2.934e-6, 1.234e-6, -5.643e-7, -5.628e-7, -5.658e-7, 1.826e-6, 2.940e-6, 1.114e-6, -5.187e-7, -5.215e-7, -5.158e-7, 1.788e-6, 2.941e-6, 1.154e-6, -5.298e-7, -5.289e-7, -5.306e-7
0.788, 2.124e-6, 3.413e-6, 1.288e-6, -5.953e-7, -5.917e-7, -5.989e-7, 1.846e-6, 3.112e-6, 1.266e-6, -5.684e-7, -5.661e-7, -5.706e-7, 1.982e-6, 3.131e-6, 1.148e-6, -5.240e-7, -5.257e-7, -5.224e-7, 1.939e-6, 3.127e-6, 1.188e-6, -5.362e-7, -5.367e-7, -5.357e-7
0.792, 2.297e-6, 3.628e-6, 1.331e-6, -6.020e-7, -5.976e-7, -6.064e-7, 1.991e-6, 3.295e-6, 1.304e-6, -5.727e-7, -5.710e-7, -5.745e-7, 2.153e-6, 3.337e-6, 1.184e-6, -5.290e-7, -5.305e-7, -5.275e-7, 2.105e-6, 3.330e-6, 1.224e-6, -5.388e-7, -5.378e-7, -5.397e-7
0.796, 2.491e-6, 3.867e-6, 1.375e-6, -6.076e-7, -6.024e-7, -6.128e-7, 2.158e-6, 3.506e-6, 1.347e-6, -5.772e-7, -5.757e-7, -5.787e-7, 2.327e-6, 3.557e-6, 1.230e-6, -5.367e-7, -5.371e-7, -5.363e-7, 2.284e-6, 3.550e-6, 1.265e-6, -5.474e-7, -5.447e-7, -5.502e-7
0.800, 2.704e-6, 4.126e-6, 1.422e-6, -6.170e-7, -6.146e-7, -6.193e-7, 2.338e-6, 3.729e-6, 1.391e-6, -5.814e-7, -5.782e-7, -5.846e-7, 2.527e-6, 3.805e-6, 1.278e-6, -5.419e-7, -5.400e-7, -5.437e-7, 2.477e-6, 3.789e-6, 1.313e-6, -5.544e-7, -5.538e-7, -5.550e-7
0.804, 2.928e-6, 4.410e-6, 1.482e-6, -6.256e-7, -6.224e-7, -6.288e-7, 2.533e-6, 3.975e-6, 1.441e-6, -5.903e-7, -5.882e-7, -5.923e-7, 2.733e-6, 4.066e-6, 1.332e-6, -5.485e-7, -5.474e-7, -5.496e-7, 2.688e-6, 4.054e-6, 1.366e-6, -5.605e-7, -5.586e-7, -5.624e-7
0.808, 3.169e-6, 4.716e-6, 1.547e-6, -6.360e-7, -6.336e-7, -6.383e-7, 2.742e-6, 4.243e-6, 1.501e-6, -5.945e-7, -5.922e-7, -5.969e-7, 2.967e-6, 4.358e-6, 1.391e-6, -5.579e-7, -5.553e-7, -5.605e-7, 2.920e-6, 4.342e-6, 1.422e-6, -5.698e-7, -5.671e-7, -5.724e-7
0.812, 3.436e-6, 5.052e-6, 1.616e-6, -6.472e-7, -6.414e-7, -6.530e-7, 2.973e-6, 4.534e-6, 1.561e-6, -6.059e-7, -6.031e-7, -6.087e-7, 3.204e-6, 4.666e-6, 1.462e-6, -5.684e-7, -5.699e-7, -5.668e-7, 3.153e-6, 4.647e-6, 1.493e-6, -5.761e-7, -5.737e-7, -5.785e-7
0.816, 3.714e-6, 5.412e-6, 1.698e-6, -6.623e-7, -6.571e-7, -6.675e-7, 3.218e-6, 4.849e-6, 1.632e-6, -6.130e-7, -6.089e-7, -6.170e-7, 3.468e-6, 5.005e-6, 1.536e-6, -5.775e-7, -5.766e-7, -5.784e-7, 3.416e-6, 4.982e-6, 1.567e-6, -5.895e-7, -5.883e-7, -5.907e-7
0.820, 4.011e-6, 5.801e-6, 1.790e-6, -6.742e-7, -6.691e-7, -6.793e-7, 3.471e-6, 5.186e-6, 1.715e-6, -6.257e-7, -6.199e-7, -6.315e-7, 3.750e-6, 5.367e-6, 1.617e-6, -5.927e-7, -5.917e-7, -5.938e-7, 3.695e-6, 5.342e-6, 1.647e-6, -5.999e-7, -5.968e-7, -6.031e-7
0.824, 4.329e-6, 6.222e-6, 1.892e-6, -6.920e-7, -6.862e-7, -6.978e-7, 3.751e-6, 5.550e-6, 1.799e-6, -6.378e-7, -6.334e-7, -6.423e-7, 4.046e-6, 5.758e-6, 1.712e-6, -6.055e-7, -6.044e-7, -6.067e-7, 3.989e-6, 5.733e-6, 1.744e-6, -6.117e-7, -6.102e-7, -6.132e-7
0.828, 4.666e-6, 6.669e-6, 2.003e-6, -7.089e-7, -6.998e-7, -7.180e-7, 4.044e-6, 5.945e-6, 1.901e-6, -6.494e-7, -6.474e-7, -6.514e-7, 4.354e-6, 6.178e-6, 1.824e-6, -6.218e-7, -6.221e-7, -6.215e-7, 4.303e-6, 6.149e-6, 1.845e-6, -6.285e-7, -6.239e-7, -6.332e-7
0.832, 5.015e-6, 7.146e-6, 2.131e-6, -7.323e-7, -7.261e-7, -7.385e-7, 4.353e-6, 6.364e-6, 2.010e-6, -6.635e-7, -6.592e-7, -6.678e-7, 4.683e-6, 6.626e-6, 1.943e-6, -6.368e-7, -6.340e-7, -6.395e-7, 4.626e-6, 6.590e-6, 1.964e-6, -6.466e-7, -6.426e-7, -6.507e-7
0.836, 5.381e-6, 7.652e-6, 2.271e-6, -7.552e-7, -7.482e-7, -7.621e-7, 4.671e-6, 6.806e-6, 2.135e-6, -6.780e-7, -6.716e-7, -6.843e-7, 5.025e-6, 7.101e-6, 2.076e-6, -6.555e-7, -6.521e-7, -6.588e-7, 4.972e-6, 7.066e-6, 2.094e-6, -6.636e-7, -6.583e-7, -6.689e-7
0.840, 5.765e-6, 8.197e-6, 2.432e-6, -7.784e-7, -7.713e-7, -7.855e-7, 5.004e-6, 7.281e-6, 2.276e-6, -6.967e-7, -6.933e-7, -7.002e-7, 5.372e-6, 7.593e-6, 2.222e-6, -6.803e-7, -6.769e-7, -6.837e-7, 5.321e-6, 7.557e-6, 2.235e-6, -6.885e-7, -6.821e-7, -6.948e-7
0.844, 6.153e-6, 8.758e-6, 2.605e-6, -8.098e-7, -8.018e-7, -8.178e-7, 5.338e-6, 7.772e-6, 2.433e-6, -7.198e-7, -7.143e-7, -7.253e-7, 5.719e-6, 8.110e-6, 2.392e-6, -7.024e-7, -6.979e-7, -7.069e-7, 5.667e-6, 8.072e-6, 2.405e-6, -7.089e-7, -7.011e-7, -7.166e-7
0.848, 6.538e-6, 9.346e-6, 2.808e-6, -8.410e-7, -8.317e-7, -8.502e-7, 5.695e-6, 8.297e-6, 2.602e-6, -7.425e-7, -7.338e-7, -7.512e-7, 6.081e-6, 8.652e-6, 2.571e-6, -7.304e-7, -7.253e-7, -7.354e-7, 6.019e-6, 8.605e-6, 2.586e-6, -7.335e-7, -7.282e-7, -7.389e-7
0.852, 6.936e-6, 9.957e-6, 3.021e-6, -8.779e-7, -8.685e-7, -8.874e-7, 6.041e-6, 8.829e-6, 2.788e-6, -7.675e-7, -7.597e-7, -7.753e-7, 6.436e-6, 9.208e-6, 2.772e-6, -7.638e-7, -7.567e-7, -7.709e-7, 6.375e-6, 9.158e-6, 2.784e-6, -7.640e-7, -7.581e-7, -7.699e-7
0.856, 7.329e-6, 1.058e-5, 3.256e-6, -9.179e-7, -9.050e-7, -9.308e-7, 6.386e-6, 9.383e-6, 2.997e-6, -7.968e-7, -7.906e-7, -8.030e-7, 6.782e-6, 9.774e-6, 2.992e-6, -7.949e-7, -7.896e-7, -8.002e-7, 6.718e-6, 9.721e-6, 3.003e-6, -7.965e-7, -7.872e-7, -8.058e-7
0.860, 7.715e-6, 1.123e-5, 3.514e-6, -9.621e-7, -9.500e-7, -9.743e-7, 6.725e-6, 9.950e-6, 3.224e-6, -8.274e-7, -8.180e-7, -8.368e-7, 7.121e-6, 1.035e-5, 3.231e-6, -8.343e-7, -8.276e-7, -8.410e-7, 7.059e-6, 1.030e-5, 3.238e-6, -8.326e-7, -8.233e-7, -8.418e-7
0.864, 8.098e-6, 1.189e-5, 3.792e-6, -1.010e-6, -9.956e-7, -1.024e-6, 7.060e-6, 1.053e-5, 3.467e-6, -8.646e-7, -8.558e-7, -8.733e-7, 7.460e-6, 1.095e-5, 3.488e-6, -8.761e-7, -8.666e-7, -8.857e-7, 7.393e-6, 1.088e-5, 3.488e-6, -8.729e-7, -8.639e-7, -8.820e-7
0.868, 8.478e-6, 1.257e-5, 4.093e-6, -1.064e-6, -1.047e-6, -1.081e-6, 7.398e-6, 1.113e-5, 3.729e-6, -9.024e-7, -8.920e-7, -9.128e-7, 7.796e-6, 1.156e-5, 3.764e-6, -9.200e-7, -9.101e-7, -9.298e-7, 7.720e-6, 1.148e-5, 3.763e-6, -9.163e-7, -9.042e-7, -9.284e-7
0.872, 8.862e-6, 1.327e-5, 4.409e-6, -1.127e-6, -1.111e-6, -1.143e-6, 7.729e-6, 1.174e-5, 4.009e-6, -9.477e-7, -9.383e-7, -9.570e-7, 8.122e-6, 1.219e-5, 4.063e-6, -9.689e-7, -9.577e-7, -9.800e-7, 8.050e-6, 1.211e-5, 4.057e-6, -9.636e-7, -9.481e-7, -9.790e-7
0.876, 9.237e-6, 1.399e-5, 4.750e-6, -1.190e-6, -1.173e-6, -1.208e-6, 8.061e-6, 1.237e-5, 4.312e-6, -9.920e-7, -9.801e-7, -1.004e-6, 8.457e-6, 1.283e-5, 4.376e-6, -1.027e-6, -1.014e-6, -1.039e-6, 8.378e-6, 1.274e-5, 4.365e-6, -1.020e-6, -1.007e-6, -1.033e-6
0.880, 9.627e-6, 1.473e-5, 5.107e-6, -1.265e-6, -1.245e-6, -1.284e-6, 8.406e-6, 1.303e-5, 4.627e-6, -1.042e-6, -1.027e-6, -1.057e-6, 8.804e-6, 1.351e-5, 4.708e-6, -1.086e-6, -1.072e-6, -1.100e-6, 8.710e-6, 1.341e-5, 4.696e-6, -1.079e-6, -1.065e-6, -1.093e-6
0.884, 1.004e-5, 1.551e-5, 5.477e-6, -1.344e-6, -1.323e-6, -1.365e-6, 8.758e-6, 1.371e-5, 4.956e-6, -1.101e-6, -1.087e-6, -1.116e-6, 9.158e-6, 1.421e-5, 5.053e-6, -1.153e-6, -1.141e-6, -1.166e-6, 9.064e-6, 1.409e-5, 5.030e-6, -1.145e-6, -1.127e-6, -1.162e-6
0.888, 1.045e-5, 1.632e-5, 5.867e-6, -1.432e-6, -1.410e-6, -1.455e-6, 9.125e-6, 1.443e-5, 5.300e-6, -1.165e-6, -1.150e-6, -1.181e-6, 9.537e-6, 1.494e-5, 5.403e-6, -1.227e-6, -1.213e-6, -1.242e-6, 9.429e-6, 1.481e-5, 5.382e-6, -1.215e-6, -1.198e-6, -1.233e-6
0.892, 1.089e-5, 1.715e-5, 6.261e-6, -1.529e-6, -1.503e-6, -1.554e-6, 9.500e-6, 1.515e-5, 5.655e-6, -1.233e-6, -1.218e-6, -1.248e-6, 9.928e-6, 1.570e-5, 5.773e-6, -1.304e-6, -1.286e-6, -1.321e-6, 9.816e-6, 1.556e-5, 5.742e-6, -1.294e-6, -1.274e-6, -1.314e-6
0.896, 1.136e-5, 1.803e-5, 6.665e-6, -1.633e-6, -1.606e-6, -1.660e-6, 9.909e-6, 1.592e-5, 6.013e-6, -1.310e-6, -1.290e-6, -1.330e-6, 1.035e-5, 1.649e-5, 6.137e-6, -1.396e-6, -1.379e-6, -1.414e-6, 1.022e-5, 1.633e-5, 6.103e-6, -1.380e-6, -1.360e-6, -1.400e-6
0.900, 1.188e-5, 1.896e-5, 7.074e-6, -1.746e-6, -1.718e-6, -1.775e-6, 1.035e-5, 1.672e-5, 6.370e-6, -1.394e-6, -1.372e-6, -1.416e-6, 1.082e-5, 1.733e-5, 6.507e-6, -1.493e-6, -1.472e-6, -1.513e-6, 1.069e-5, 1.715e-5, 6.462e-6, -1.477e-6, -1.453e-6, -1.500e-6
