0.002	5.595e-7	5.836e-7	7.721e-7	7.971e-7	5.720e-7	6.146e-7	5.744e-7	6.151e-7
0.003	5.615e-7	5.859e-7	7.738e-7	8.017e-7	5.732e-7	6.191e-7	5.791e-7	6.191e-7
0.004	5.657e-7	5.927e-7	7.777e-7	8.075e-7	5.788e-7	6.239e-7	5.831e-7	6.242e-7
0.005	5.642e-7	5.922e-7	7.778e-7	8.111e-7	5.771e-7	6.258e-7	5.827e-7	6.266e-7
0.006	5.662e-7	5.948e-7	7.777e-7	8.142e-7	5.784e-7	6.292e-7	5.845e-7	6.284e-7
0.007	5.679e-7	5.982e-7	7.804e-7	8.177e-7	5.804e-7	6.308e-7	5.853e-7	6.333e-7
0.008	5.685e-7	5.992e-7	7.804e-7	8.208e-7	5.800e-7	6.332e-7	5.863e-7	6.338e-7
0.009	5.686e-7	6.018e-7	7.820e-7	8.225e-7	5.805e-7	6.349e-7	5.873e-7	6.369e-7
0.010	5.700e-7	6.049e-7	7.828e-7	8.270e-7	5.826e-7	6.387e-7	5.884e-7	6.390e-7
0.011	5.719e-7	6.068e-7	7.845e-7	8.313e-7	5.842e-7	6.417e-7	5.899e-7	6.445e-7
0.012	5.715e-7	6.100e-7	7.852e-7	8.352e-7	5.853e-7	6.459e-7	5.906e-7	6.461e-7
0.013	5.727e-7	6.099e-7	7.856e-7	8.375e-7	5.848e-7	6.472e-7	5.916e-7	6.491e-7
0.014	5.728e-7	6.132e-7	7.866e-7	8.390e-7	5.839e-7	6.492e-7	5.919e-7	6.510e-7
0.015	5.737e-7	6.163e-7	7.891e-7	8.434e-7	5.870e-7	6.526e-7	5.934e-7	6.549e-7
0.016	5.754e-7	6.185e-7	7.897e-7	8.457e-7	5.892e-7	6.551e-7	5.956e-7	6.581e-7
0.017	5.748e-7	6.205e-7	7.895e-7	8.482e-7	5.894e-7	6.575e-7	5.947e-7	6.606e-7
0.018	5.773e-7	6.250e-7	7.931e-7	8.531e-7	5.913e-7	6.607e-7	5.976e-7	6.625e-7
0.019	5.768e-7	6.249e-7	7.930e-7	8.573e-7	5.919e-7	6.640e-7	5.985e-7	6.657e-7
0.020	5.782e-7	6.279e-7	7.944e-7	8.585e-7	5.913e-7	6.657e-7	6.000e-7	6.676e-7
0.021	5.797e-7	6.311e-7	7.968e-7	8.629e-7	5.937e-7	6.683e-7	6.018e-7	6.716e-7
0.022	5.807e-7	6.328e-7	7.978e-7	8.670e-7	5.948e-7	6.731e-7	6.022e-7	6.734e-7
0.023	5.822e-7	6.361e-7	8.001e-7	8.705e-7	5.967e-7	6.749e-7	6.038e-7	6.786e-7
0.024	5.822e-7	6.374e-7	8.009e-7	8.733e-7	5.975e-7	6.771e-7	6.039e-7	6.781e-7
0.025	5.845e-7	6.418e-7	8.047e-7	8.756e-7	6.010e-7	6.803e-7	6.070e-7	6.841e-7
0.026	5.858e-7	6.455e-7	8.064e-7	8.790e-7	6.022e-7	6.843e-7	6.085e-7	6.866e-7
0.027	5.866e-7	6.464e-7	8.056e-7	8.828e-7	6.018e-7	6.867e-7	6.083e-7	6.874e-7
0.028	5.875e-7	6.499e-7	8.088e-7	8.859e-7	6.030e-7	6.895e-7	6.107e-7	6.932e-7
0.029	5.889e-7	6.541e-7	8.125e-7	8.895e-7	6.065e-7	6.942e-7	6.125e-7	6.967e-7
0.030	5.916e-7	6.560e-7	8.136e-7	8.924e-7	6.077e-7	6.968e-7	6.158e-7	6.995e-7
0.031	5.932e-7	6.599e-7	8.165e-7	8.981e-7	6.087e-7	7.008e-7	6.167e-7	7.017e-7
0.032	5.933e-7	6.620e-7	8.160e-7	9.007e-7	6.117e-7	7.039e-7	6.194e-7	7.066e-7
0.033	5.994e-7	6.673e-7	8.218e-7	9.067e-7	6.141e-7	7.089e-7	6.219e-7	7.126e-7
0.034	5.999e-7	6.706e-7	8.249e-7	9.096e-7	6.168e-7	7.126e-7	6.250e-7	7.157e-7
0.035	6.017e-7	6.741e-7	8.280e-7	9.143e-7	6.188e-7	7.158e-7	6.277e-7	7.186e-7
0.036	6.044e-7	6.772e-7	8.307e-7	9.192e-7	6.221e-7	7.227e-7	6.293e-7	7.242e-7
0.037	6.050e-7	6.802e-7	8.319e-7	9.213e-7	6.236e-7	7.242e-7	6.298e-7	7.258e-7
0.038	6.070e-7	6.834e-7	8.344e-7	9.275e-7	6.259e-7	7.273e-7	6.336e-7	7.301e-7
0.039	6.098e-7	6.887e-7	8.364e-7	9.322e-7	6.276e-7	7.323e-7	6.372e-7	7.353e-7
0.040	6.134e-7	6.920e-7	8.406e-7	9.365e-7	6.303e-7	7.358e-7	6.381e-7	7.380e-7
0.041	6.125e-7	6.943e-7	8.429e-7	9.399e-7	6.323e-7	7.395e-7	6.388e-7	7.409e-7
0.042	6.145e-7	6.977e-7	8.456e-7	9.416e-7	6.340e-7	7.436e-7	6.413e-7	7.461e-7
0.043	6.185e-7	7.017e-7	8.502e-7	9.478e-7	6.376e-7	7.492e-7	6.452e-7	7.507e-7
0.044	6.168e-7	7.031e-7	8.499e-7	9.493e-7	6.376e-7	7.489e-7	6.444e-7	7.511e-7
0.045	6.197e-7	7.073e-7	8.527e-7	9.554e-7	6.391e-7	7.524e-7	6.478e-7	7.551e-7
0.046	6.245e-7	7.123e-7	8.578e-7	9.607e-7	6.437e-7	7.582e-7	6.518e-7	7.608e-7
0.047	6.253e-7	7.145e-7	8.592e-7	9.640e-7	6.445e-7	7.606e-7	6.528e-7	7.635e-7
0.048	6.265e-7	7.179e-7	8.615e-7	9.673e-7	6.467e-7	7.637e-7	6.550e-7	7.680e-7
0.049	6.283e-7	7.213e-7	8.649e-7	9.710e-7	6.482e-7	7.679e-7	6.572e-7	7.719e-7
0.050	6.318e-7	7.255e-7	8.693e-7	9.751e-7	6.525e-7	7.721e-7	6.609e-7	7.776e-7
0.051	6.338e-7	7.289e-7	8.710e-7	9.800e-7	6.547e-7	7.756e-7	6.625e-7	7.798e-7
0.052	6.339e-7	7.290e-7	8.724e-7	9.837e-7	6.546e-7	7.782e-7	6.635e-7	7.820e-7
0.053	6.374e-7	7.354e-7	8.761e-7	9.884e-7	6.587e-7	7.832e-7	6.666e-7	7.874e-7
0.054	6.390e-7	7.387e-7	8.796e-7	9.922e-7	6.607e-7	7.859e-7	6.682e-7	7.901e-7
0.055	6.408e-7	7.397e-7	8.805e-7	9.978e-7	6.628e-7	7.913e-7	6.719e-7	7.945e-7
0.056	6.416e-7	7.432e-7	8.833e-7	9.991e-7	6.638e-7	7.923e-7	6.718e-7	7.959e-7
0.057	6.427e-7	7.469e-7	8.871e-7	1.005e-6	6.671e-7	7.977e-7	6.754e-7	8.024e-7
0.058	6.445e-7	7.486e-7	8.899e-7	1.005e-6	6.679e-7	7.989e-7	6.759e-7	8.027e-7
0.059	6.494e-7	7.533e-7	8.936e-7	1.012e-6	6.726e-7	8.053e-7	6.821e-7	8.090e-7
0.060	6.511e-7	7.565e-7	8.959e-7	1.015e-6	6.733e-7	8.079e-7	6.826e-7	8.120e-7
0.061	6.515e-7	7.590e-7	8.970e-7	1.018e-6	6.759e-7	8.107e-7	6.834e-7	8.141e-7
0.062	6.534e-7	7.615e-7	9.011e-7	1.023e-6	6.786e-7	8.132e-7	6.870e-7	8.186e-7
0.063	6.560e-7	7.641e-7	9.042e-7	1.028e-6	6.804e-7	8.180e-7	6.886e-7	8.224e-7
0.064	6.567e-7	7.692e-7	9.070e-7	1.030e-6	6.822e-7	8.211e-7	6.918e-7	8.257e-7
0.065	6.581e-7	7.723e-7	9.096e-7	1.035e-6	6.851e-7	8.252e-7	6.933e-7	8.284e-7
0.066	6.612e-7	7.734e-7	9.098e-7	1.038e-6	6.859e-7	8.281e-7	6.953e-7	8.318e-7
0.067	6.643e-7	7.788e-7	9.159e-7	1.041e-6	6.894e-7	8.326e-7	6.988e-7	8.368e-7
0.068	6.638e-7	7.802e-7	9.168e-7	1.045e-6	6.906e-7	8.326e-7	6.991e-7	8.379e-7
0.069	6.645e-7	7.832e-7	9.175e-7	1.050e-6	6.920e-7	8.358e-7	7.017e-7	8.420e-7
0.070	6.685e-7	7.886e-7	9.234e-7	1.053e-6	6.963e-7	8.418e-7	7.052e-7	8.472e-7
0.071	6.691e-7	7.901e-7	9.258e-7	1.056e-6	6.973e-7	8.441e-7	7.058e-7	8.490e-7
0.072	6.729e-7	7.940e-7	9.286e-7	1.060e-6	6.998e-7	8.491e-7	7.084e-7	8.545e-7
0.073	6.756e-7	7.962e-7	9.336e-7	1.065e-6	7.030e-7	8.532e-7	7.124e-7	8.588e-7
0.074	6.763e-7	7.997e-7	9.357e-7	1.068e-6	7.056e-7	8.567e-7	7.138e-7	8.617e-7
0.075	6.786e-7	8.034e-7	9.404e-7	1.072e-6	7.060e-7	8.586e-7	7.163e-7	8.648e-7
0.076	6.801e-7	8.058e-7	9.440e-7	1.078e-6	7.081e-7	8.630e-7	7.195e-7	8.670e-7
0.077	6.819e-7	8.095e-7	9.474e-7	1.082e-6	7.118e-7	8.666e-7	7.207e-7	8.715e-7
0.078	6.855e-7	8.134e-7	9.525e-7	1.085e-6	7.142e-7	8.704e-7	7.236e-7	8.763e-7
0.079	6.876e-7	8.155e-7	9.573e-7	1.089e-6	7.170e-7	8.733e-7	7.258e-7	8.802e-7
0.080	6.904e-7	8.207e-7	9.623e-7	1.093e-6	7.187e-7	8.771e-7	7.301e-7	8.844e-7
0.081	6.910e-7	8.206e-7	9.656e-7	1.097e-6	7.213e-7	8.803e-7	7.322e-7	8.861e-7
0.082	6.914e-7	8.245e-7	9.697e-7	1.099e-6	7.234e-7	8.821e-7	7.334e-7	8.892e-7
0.083	6.935e-7	8.269e-7	9.730e-7	1.104e-6	7.256e-7	8.863e-7	7.360e-7	8.929e-7
0.084	6.952e-7	8.290e-7	9.767e-7	1.107e-6	7.265e-7	8.906e-7	7.361e-7	8.955e-7
0.085	6.991e-7	8.342e-7	9.826e-7	1.114e-6	7.309e-7	8.936e-7	7.406e-7	9.007e-7
0.086	7.015e-7	8.375e-7	9.874e-7	1.118e-6	7.320e-7	8.958e-7	7.432e-7	9.039e-7
0.087	7.032e-7	8.425e-7	9.913e-7	1.125e-6	7.359e-7	9.008e-7	7.464e-7	9.085e-7
0.088	7.042e-7	8.426e-7	9.923e-7	1.126e-6	7.359e-7	9.029e-7	7.469e-7	9.095e-7
0.089	7.065e-7	8.468e-7	9.983e-7	1.134e-6	7.400e-7	9.090e-7	7.502e-7	9.145e-7
0.090	7.097e-7	8.498e-7	1.002e-6	1.141e-6	7.435e-7	9.117e-7	7.523e-7	9.180e-7
0.091	7.097e-7	8.525e-7	1.004e-6	1.145e-6	7.450e-7	9.138e-7	7.546e-7	9.201e-7
0.092	7.135e-7	8.565e-7	1.005e-6	1.152e-6	7.469e-7	9.179e-7	7.597e-7	9.257e-7
0.093	7.141e-7	8.589e-7	9.974e-7	1.157e-6	7.506e-7	9.206e-7	7.597e-7	9.284e-7
0.094	7.176e-7	8.605e-7	9.949e-7	1.164e-6	7.518e-7	9.250e-7	7.622e-7	9.325e-7
0.095	7.202e-7	8.663e-7	9.993e-7	1.159e-6	7.560e-7	9.282e-7	7.671e-7	9.368e-7
0.096	7.215e-7	8.691e-7	1.001e-6	1.166e-6	7.583e-7	9.333e-7	7.691e-7	9.404e-7
0.097	7.232e-7	8.716e-7	1.003e-6	1.161e-6	7.603e-7	9.353e-7	7.715e-7	9.420e-7
0.098	7.271e-7	8.758e-7	1.008e-6	1.165e-6	7.650e-7	9.402e-7	7.755e-7	9.473e-7
0.099	7.286e-7	8.772e-7	1.012e-6	1.168e-6	7.640e-7	9.423e-7	7.760e-7	9.499e-7
0.100	7.315e-7	8.811e-7	1.014e-6	1.145e-6	7.674e-7	9.466e-7	7.791e-7	9.532e-7
0.101	7.330e-7	8.846e-7	1.017e-6	1.151e-6	7.704e-7	9.493e-7	7.817e-7	9.573e-7
0.102	7.332e-7	8.882e-7	1.020e-6	1.155e-6	7.725e-7	9.522e-7	7.831e-7	9.601e-7
0.103	7.393e-7	8.915e-7	1.025e-6	1.159e-6	7.781e-7	9.578e-7	7.877e-7	9.656e-7
0.104	7.396e-7	8.939e-7	1.026e-6	1.160e-6	7.773e-7	9.585e-7	7.897e-7	9.665e-7
0.105	7.435e-7	8.985e-7	1.032e-6	1.167e-6	7.833e-7	9.646e-7	7.948e-7	9.724e-7
0.106	7.433e-7	8.984e-7	1.032e-6	1.169e-6	7.810e-7	9.653e-7	7.930e-7	9.736e-7
0.107	7.443e-7	9.020e-7	1.035e-6	1.170e-6	7.841e-7	9.673e-7	7.954e-7	9.769e-7
0.108	7.474e-7	9.076e-7	1.040e-6	1.176e-6	7.886e-7	9.730e-7	8.005e-7	9.824e-7
0.109	7.499e-7	9.095e-7	1.043e-6	1.178e-6	7.909e-7	9.769e-7	8.036e-7	9.843e-7
0.110	7.536e-7	9.113e-7	1.047e-6	1.183e-6	7.953e-7	9.800e-7	8.063e-7	9.889e-7
0.111	7.550e-7	9.157e-7	1.050e-6	1.186e-6	7.964e-7	9.846e-7	8.080e-7	9.935e-7
0.112	7.549e-7	9.164e-7	1.051e-6	1.188e-6	7.973e-7	9.851e-7	8.092e-7	9.937e-7
0.113	7.585e-7	9.215e-7	1.055e-6	1.192e-6	8.007e-7	9.878e-7	8.137e-7	9.976e-7
0.114	7.606e-7	9.238e-7	1.058e-6	1.196e-6	8.036e-7	9.913e-7	8.146e-7	1.001e-6
0.115	7.608e-7	9.259e-7	1.059e-6	1.198e-6	8.038e-7	9.934e-7	8.167e-7	1.003e-6
0.116	7.636e-7	9.291e-7	1.063e-6	1.202e-6	8.074e-7	9.982e-7	8.209e-7	1.007e-6
0.117	7.667e-7	9.323e-7	1.067e-6	1.205e-6	8.109e-7	1.002e-6	8.227e-7	1.010e-6
0.118	7.686e-7	9.351e-7	1.069e-6	1.208e-6	8.113e-7	1.004e-6	8.236e-7	1.013e-6
0.119	7.712e-7	9.377e-7	1.071e-6	1.210e-6	8.152e-7	1.007e-6	8.279e-7	1.017e-6
0.120	7.721e-7	9.410e-7	1.075e-6	1.214e-6	8.173e-7	1.011e-6	8.295e-7	1.020e-6
0.121	7.729e-7	9.421e-7	1.078e-6	1.217e-6	8.188e-7	1.012e-6	8.302e-7	1.022e-6
0.122	7.751e-7	9.465e-7	1.081e-6	1.221e-6	8.206e-7	1.015e-6	8.331e-7	1.025e-6
0.123	7.765e-7	9.481e-7	1.083e-6	1.223e-6	8.228e-7	1.018e-6	8.363e-7	1.028e-6
0.124	7.802e-7	9.529e-7	1.088e-6	1.227e-6	8.280e-7	1.023e-6	8.397e-7	1.032e-6
0.125	7.818e-7	9.532e-7	1.089e-6	1.230e-6	8.279e-7	1.024e-6	8.415e-7	1.034e-6
0.126	7.834e-7	9.559e-7	1.092e-6	1.233e-6	8.293e-7	1.027e-6	8.433e-7	1.037e-6
0.127	7.872e-7	9.610e-7	1.096e-6	1.238e-6	8.336e-7	1.031e-6	8.473e-7	1.042e-6
0.128	7.909e-7	9.641e-7	1.101e-6	1.243e-6	8.362e-7	1.036e-6	8.508e-7	1.047e-6
0.129	7.900e-7	9.661e-7	1.101e-6	1.243e-6	8.385e-7	1.037e-6	8.513e-7	1.049e-6
0.130	7.934e-7	9.696e-7	1.106e-6	1.250e-6	8.414e-7	1.042e-6	8.551e-7	1.053e-6
0.131	7.953e-7	9.733e-7	1.110e-6	1.253e-6	8.446e-7	1.046e-6	8.584e-7	1.056e-6
0.132	7.985e-7	9.748e-7	1.112e-6	1.256e-6	8.469e-7	1.048e-6	8.615e-7	1.057e-6
0.133	8.017e-7	9.804e-7	1.118e-6	1.262e-6	8.516e-7	1.052e-6	8.662e-7	1.065e-6
0.134	8.037e-7	9.860e-7	1.121e-6	1.266e-6	8.547e-7	1.057e-6	8.689e-7	1.069e-6
0.135	8.064e-7	9.880e-7	1.123e-6	1.269e-6	8.578e-7	1.059e-6	8.717e-7	1.071e-6
0.136	8.087e-7	9.899e-7	1.128e-6	1.272e-6	8.586e-7	1.063e-6	8.729e-7	1.074e-6
0.137	8.122e-7	9.949e-7	1.133e-6	1.277e-6	8.634e-7	1.066e-6	8.774e-7	1.080e-6
0.138	8.140e-7	9.961e-7	1.135e-6	1.280e-6	8.653e-7	1.071e-6	8.806e-7	1.082e-6
0.139	8.172e-7	1.001e-6	1.137e-6	1.283e-6	8.688e-7	1.073e-6	8.831e-7	1.085e-6
0.140	8.202e-7	1.004e-6	1.143e-6	1.287e-6	8.726e-7	1.077e-6	8.868e-7	1.088e-6
0.141	8.232e-7	1.009e-6	1.148e-6	1.292e-6	8.765e-7	1.082e-6	8.902e-7	1.092e-6
0.142	8.259e-7	1.011e-6	1.151e-6	1.296e-6	8.769e-7	1.085e-6	8.912e-7	1.098e-6
0.143	8.288e-7	1.016e-6	1.153e-6	1.299e-6	8.815e-7	1.087e-6	8.960e-7	1.100e-6
0.144	8.297e-7	1.017e-6	1.155e-6	1.302e-6	8.815e-7	1.090e-6	8.977e-7	1.102e-6
0.145	8.312e-7	1.020e-6	1.158e-6	1.304e-6	8.840e-7	1.092e-6	8.986e-7	1.104e-6
0.146	8.350e-7	1.026e-6	1.162e-6	1.308e-6	8.889e-7	1.097e-6	9.037e-7	1.110e-6
0.147	8.383e-7	1.028e-6	1.166e-6	1.313e-6	8.915e-7	1.100e-6	9.080e-7	1.113e-6
0.148	8.399e-7	1.031e-6	1.170e-6	1.317e-6	8.954e-7	1.106e-6	9.106e-7	1.117e-6
0.149	8.434e-7	1.035e-6	1.174e-6	1.322e-6	8.977e-7	1.108e-6	9.126e-7	1.121e-6
0.150	8.445e-7	1.038e-6	1.177e-6	1.323e-6	9.010e-7	1.110e-6	9.148e-7	1.125e-6
0.151	8.484e-7	1.042e-6	1.183e-6	1.329e-6	9.046e-7	1.116e-6	9.201e-7	1.131e-6
0.152	8.515e-7	1.045e-6	1.185e-6	1.332e-6	9.055e-7	1.118e-6	9.219e-7	1.132e-6
0.153	8.529e-7	1.048e-6	1.189e-6	1.335e-6	9.084e-7	1.120e-6	9.234e-7	1.134e-6
0.154	8.572e-7	1.051e-6	1.191e-6	1.339e-6	9.127e-7	1.126e-6	9.272e-7	1.140e-6
0.155	8.595e-7	1.055e-6	1.196e-6	1.344e-6	9.159e-7	1.129e-6	9.315e-7	1.143e-6
0.156	8.634e-7	1.060e-6	1.200e-6	1.348e-6	9.181e-7	1.134e-6	9.354e-7	1.146e-6
0.157	8.661e-7	1.065e-6	1.203e-6	1.352e-6	9.224e-7	1.137e-6	9.402e-7	1.148e-6
0.158	8.693e-7	1.068e-6	1.207e-6	1.356e-6	9.237e-7	1.140e-6	9.416e-7	1.153e-6
0.159	8.728e-7	1.072e-6	1.211e-6	1.358e-6	9.292e-7	1.145e-6	9.468e-7	1.159e-6
0.160	8.748e-7	1.074e-6	1.213e-6	1.362e-6	9.318e-7	1.147e-6	9.478e-7	1.161e-6
0.161	8.779e-7	1.079e-6	1.217e-6	1.367e-6	9.349e-7	1.151e-6	9.512e-7	1.164e-6
0.162	8.805e-7	1.082e-6	1.222e-6	1.370e-6	9.369e-7	1.155e-6	9.531e-7	1.168e-6
0.163	8.846e-7	1.088e-6	1.227e-6	1.376e-6	9.415e-7	1.160e-6	9.584e-7	1.174e-6
0.164	8.864e-7	1.091e-6	1.229e-6	1.377e-6	9.446e-7	1.162e-6	9.597e-7	1.176e-6
0.165	8.917e-7	1.096e-6	1.234e-6	1.382e-6	9.471e-7	1.168e-6	9.642e-7	1.181e-6
0.166	8.921e-7	1.100e-6	1.236e-6	1.387e-6	9.492e-7	1.171e-6	9.665e-7	1.183e-6
0.167	8.958e-7	1.102e-6	1.240e-6	1.389e-6	9.539e-7	1.173e-6	9.703e-7	1.188e-6
0.168	8.983e-7	1.105e-6	1.243e-6	1.392e-6	9.560e-7	1.176e-6	9.725e-7	1.190e-6
0.169	9.016e-7	1.110e-6	1.246e-6	1.396e-6	9.590e-7	1.180e-6	9.750e-7	1.195e-6
0.170	9.037e-7	1.112e-6	1.249e-6	1.400e-6	9.611e-7	1.182e-6	9.789e-7	1.197e-6
0.171	9.063e-7	1.116e-6	1.254e-6	1.403e-6	9.649e-7	1.187e-6	9.809e-7	1.202e-6
0.172	9.094e-7	1.120e-6	1.255e-6	1.406e-6	9.656e-7	1.189e-6	9.837e-7	1.204e-6
0.173	9.123e-7	1.123e-6	1.259e-6	1.410e-6	9.703e-7	1.193e-6	9.864e-7	1.207e-6
0.174	9.151e-7	1.128e-6	1.263e-6	1.415e-6	9.738e-7	1.198e-6	9.908e-7	1.211e-6
0.175	9.172e-7	1.133e-6	1.267e-6	1.419e-6	9.759e-7	1.202e-6	9.947e-7	1.215e-6
0.176	9.196e-7	1.134e-6	1.269e-6	1.419e-6	9.772e-7	1.203e-6	9.947e-7	1.218e-6
0.177	9.233e-7	1.139e-6	1.275e-6	1.425e-6	9.815e-7	1.208e-6	1.001e-6	1.221e-6
0.178	9.250e-7	1.141e-6	1.276e-6	1.427e-6	9.847e-7	1.211e-6	1.002e-6	1.225e-6
0.179	9.278e-7	1.147e-6	1.280e-6	1.431e-6	9.867e-7	1.213e-6	1.004e-6	1.228e-6
0.180	9.297e-7	1.150e-6	1.283e-6	1.435e-6	9.899e-7	1.217e-6	1.008e-6	1.231e-6
0.181	9.341e-7	1.155e-6	1.287e-6	1.438e-6	9.923e-7	1.222e-6	1.011e-6	1.235e-6
0.182	9.394e-7	1.157e-6	1.291e-6	1.445e-6	9.969e-7	1.225e-6	1.014e-6	1.242e-6
0.183	9.379e-7	1.160e-6	1.293e-6	1.445e-6	9.978e-7	1.228e-6	1.016e-6	1.243e-6
0.184	9.431e-7	1.164e-6	1.297e-6	1.449e-6	1.000e-6	1.231e-6	1.018e-6	1.246e-6
0.185	9.476e-7	1.169e-6	1.302e-6	1.455e-6	1.005e-6	1.237e-6	1.022e-6	1.252e-6
0.186	9.474e-7	1.172e-6	1.302e-6	1.457e-6	1.006e-6	1.237e-6	1.025e-6	1.254e-6
0.187	9.499e-7	1.176e-6	1.305e-6	1.459e-6	1.007e-6	1.242e-6	1.027e-6	1.256e-6
0.188	9.544e-7	1.180e-6	1.311e-6	1.465e-6	1.013e-6	1.246e-6	1.031e-6	1.260e-6
0.189	9.568e-7	1.184e-6	1.314e-6	1.468e-6	1.015e-6	1.248e-6	1.034e-6	1.265e-6
0.190	9.609e-7	1.187e-6	1.317e-6	1.473e-6	1.018e-6	1.253e-6	1.038e-6	1.267e-6
0.191	9.650e-7	1.192e-6	1.322e-6	1.478e-6	1.023e-6	1.258e-6	1.041e-6	1.275e-6
0.192	9.651e-7	1.195e-6	1.322e-6	1.479e-6	1.023e-6	1.259e-6	1.043e-6	1.276e-6
0.193	9.693e-7	1.200e-6	1.326e-6	1.484e-6	1.025e-6	1.264e-6	1.046e-6	1.279e-6
0.194	9.714e-7	1.204e-6	1.330e-6	1.488e-6	1.029e-6	1.267e-6	1.049e-6	1.283e-6
0.195	9.752e-7	1.206e-6	1.333e-6	1.491e-6	1.033e-6	1.271e-6	1.051e-6	1.287e-6
0.196	9.779e-7	1.211e-6	1.337e-6	1.496e-6	1.035e-6	1.273e-6	1.055e-6	1.290e-6
0.197	9.807e-7	1.216e-6	1.342e-6	1.500e-6	1.038e-6	1.278e-6	1.058e-6	1.295e-6
0.198	9.854e-7	1.220e-6	1.345e-6	1.505e-6	1.042e-6	1.282e-6	1.062e-6	1.299e-6
0.199	9.877e-7	1.224e-6	1.348e-6	1.507e-6	1.043e-6	1.285e-6	1.064e-6	1.303e-6
0.200	9.889e-7	1.226e-6	1.349e-6	1.509e-6	1.046e-6	1.287e-6	1.066e-6	1.305e-6
0.201	9.927e-7	1.229e-6	1.353e-6	1.513e-6	1.048e-6	1.290e-6	1.068e-6	1.307e-6
0.202	9.970e-7	1.236e-6	1.359e-6	1.520e-6	1.054e-6	1.296e-6	1.074e-6	1.313e-6
0.203	9.992e-7	1.238e-6	1.360e-6	1.520e-6	1.054e-6	1.298e-6	1.074e-6	1.315e-6
0.204	1.004e-6	1.245e-6	1.366e-6	1.527e-6	1.059e-6	1.305e-6	1.081e-6	1.321e-6
0.205	1.006e-6	1.246e-6	1.367e-6	1.529e-6	1.061e-6	1.304e-6	1.082e-6	1.323e-6
0.206	1.009e-6	1.250e-6	1.372e-6	1.532e-6	1.065e-6	1.309e-6	1.084e-6	1.327e-6
0.207	1.013e-6	1.254e-6	1.375e-6	1.537e-6	1.068e-6	1.312e-6	1.088e-6	1.332e-6
0.208	1.016e-6	1.259e-6	1.379e-6	1.540e-6	1.070e-6	1.318e-6	1.091e-6	1.335e-6
0.209	1.020e-6	1.264e-6	1.382e-6	1.545e-6	1.075e-6	1.321e-6	1.094e-6	1.339e-6
0.210	1.023e-6	1.267e-6	1.386e-6	1.548e-6	1.077e-6	1.323e-6	1.097e-6	1.342e-6
0.211	1.023e-6	1.269e-6	1.388e-6	1.550e-6	1.078e-6	1.326e-6	1.099e-6	1.344e-6
0.212	1.028e-6	1.274e-6	1.394e-6	1.554e-6	1.082e-6	1.331e-6	1.102e-6	1.349e-6
0.213	1.032e-6	1.279e-6	1.396e-6	1.558e-6	1.085e-6	1.333e-6	1.103e-6	1.352e-6
0.214	1.036e-6	1.283e-6	1.399e-6	1.561e-6	1.088e-6	1.337e-6	1.109e-6	1.356e-6
0.215	1.039e-6	1.287e-6	1.403e-6	1.566e-6	1.091e-6	1.341e-6	1.111e-6	1.360e-6
0.216	1.042e-6	1.290e-6	1.406e-6	1.570e-6	1.093e-6	1.342e-6	1.114e-6	1.362e-6
0.217	1.046e-6	1.296e-6	1.411e-6	1.573e-6	1.097e-6	1.349e-6	1.117e-6	1.368e-6
0.218	1.049e-6	1.298e-6	1.413e-6	1.577e-6	1.100e-6	1.350e-6	1.120e-6	1.370e-6
0.219	1.053e-6	1.302e-6	1.416e-6	1.580e-6	1.103e-6	1.354e-6	1.123e-6	1.374e-6
0.220	1.056e-6	1.308e-6	1.422e-6	1.585e-6	1.106e-6	1.358e-6	1.128e-6	1.376e-6
0.221	1.060e-6	1.310e-6	1.424e-6	1.589e-6	1.108e-6	1.361e-6	1.130e-6	1.381e-6
0.222	1.063e-6	1.315e-6	1.427e-6	1.592e-6	1.111e-6	1.365e-6	1.133e-6	1.384e-6
0.223	1.067e-6	1.320e-6	1.431e-6	1.595e-6	1.115e-6	1.369e-6	1.136e-6	1.389e-6
0.224	1.070e-6	1.322e-6	1.435e-6	1.600e-6	1.117e-6	1.372e-6	1.138e-6	1.393e-6
0.225	1.075e-6	1.329e-6	1.441e-6	1.604e-6	1.121e-6	1.376e-6	1.144e-6	1.398e-6
0.226	1.078e-6	1.333e-6	1.443e-6	1.608e-6	1.124e-6	1.379e-6	1.145e-6	1.398e-6
0.227	1.082e-6	1.336e-6	1.447e-6	1.611e-6	1.127e-6	1.382e-6	1.148e-6	1.404e-6
0.228	1.085e-6	1.341e-6	1.451e-6	1.616e-6	1.131e-6	1.385e-6	1.152e-6	1.407e-6
0.229	1.091e-6	1.345e-6	1.457e-6	1.621e-6	1.136e-6	1.390e-6	1.156e-6	1.410e-6
0.230	1.091e-6	1.349e-6	1.459e-6	1.621e-6	1.135e-6	1.392e-6	1.156e-6	1.412e-6
0.231	1.095e-6	1.350e-6	1.459e-6	1.622e-6	1.137e-6	1.395e-6	1.158e-6	1.415e-6
0.232	1.102e-6	1.358e-6	1.467e-6	1.630e-6	1.142e-6	1.401e-6	1.166e-6	1.422e-6
0.233	1.104e-6	1.362e-6	1.471e-6	1.634e-6	1.146e-6	1.404e-6	1.166e-6	1.425e-6
0.234	1.108e-6	1.366e-6	1.474e-6	1.637e-6	1.149e-6	1.405e-6	1.170e-6	1.427e-6
0.235	1.112e-6	1.371e-6	1.478e-6	1.641e-6	1.152e-6	1.411e-6	1.174e-6	1.433e-6
0.236	1.118e-6	1.375e-6	1.482e-6	1.646e-6	1.156e-6	1.414e-6	1.178e-6	1.435e-6
0.237	1.120e-6	1.377e-6	1.484e-6	1.647e-6	1.157e-6	1.415e-6	1.179e-6	1.438e-6
0.238	1.126e-6	1.384e-6	1.490e-6	1.653e-6	1.162e-6	1.421e-6	1.185e-6	1.443e-6
0.239	1.130e-6	1.390e-6	1.494e-6	1.659e-6	1.166e-6	1.426e-6	1.188e-6	1.446e-6
0.240	1.134e-6	1.394e-6	1.500e-6	1.662e-6	1.172e-6	1.429e-6	1.192e-6	1.450e-6
0.241	1.139e-6	1.398e-6	1.505e-6	1.667e-6	1.175e-6	1.433e-6	1.196e-6	1.455e-6
0.242	1.142e-6	1.405e-6	1.507e-6	1.672e-6	1.177e-6	1.436e-6	1.199e-6	1.457e-6
0.243	1.145e-6	1.408e-6	1.512e-6	1.674e-6	1.180e-6	1.439e-6	1.201e-6	1.462e-6
0.244	1.153e-6	1.414e-6	1.517e-6	1.680e-6	1.184e-6	1.445e-6	1.206e-6	1.466e-6
0.245	1.157e-6	1.418e-6	1.523e-6	1.684e-6	1.188e-6	1.448e-6	1.210e-6	1.469e-6
0.246	1.162e-6	1.423e-6	1.525e-6	1.689e-6	1.192e-6	1.451e-6	1.212e-6	1.473e-6
0.247	1.167e-6	1.430e-6	1.532e-6	1.694e-6	1.196e-6	1.458e-6	1.218e-6	1.480e-6
0.248	1.173e-6	1.434e-6	1.537e-6	1.699e-6	1.200e-6	1.462e-6	1.224e-6	1.484e-6
0.249	1.176e-6	1.439e-6	1.542e-6	1.703e-6	1.204e-6	1.465e-6	1.227e-6	1.488e-6
0.250	1.181e-6	1.444e-6	1.548e-6	1.707e-6	1.208e-6	1.469e-6	1.229e-6	1.493e-6
0.251	1.185e-6	1.450e-6	1.551e-6	1.711e-6	1.212e-6	1.473e-6	1.233e-6	1.497e-6
0.252	1.192e-6	1.457e-6	1.556e-6	1.719e-6	1.216e-6	1.479e-6	1.241e-6	1.501e-6
0.253	1.197e-6	1.460e-6	1.561e-6	1.724e-6	1.220e-6	1.483e-6	1.244e-6	1.506e-6
0.254	1.203e-6	1.467e-6	1.566e-6	1.730e-6	1.225e-6	1.488e-6	1.246e-6	1.510e-6
0.255	1.207e-6	1.473e-6	1.571e-6	1.734e-6	1.229e-6	1.493e-6	1.251e-6	1.516e-6
0.256	1.215e-6	1.481e-6	1.579e-6	1.741e-6	1.236e-6	1.499e-6	1.259e-6	1.525e-6
0.257	1.218e-6	1.485e-6	1.582e-6	1.746e-6	1.239e-6	1.504e-6	1.261e-6	1.525e-6
0.258	1.224e-6	1.491e-6	1.588e-6	1.754e-6	1.245e-6	1.508e-6	1.266e-6	1.532e-6
0.259	1.231e-6	1.499e-6	1.595e-6	1.759e-6	1.249e-6	1.515e-6	1.273e-6	1.538e-6
0.260	1.236e-6	1.504e-6	1.598e-6	1.764e-6	1.253e-6	1.518e-6	1.277e-6	1.543e-6
0.261	1.241e-6	1.510e-6	1.604e-6	1.770e-6	1.258e-6	1.522e-6	1.281e-6	1.548e-6
0.262	1.246e-6	1.515e-6	1.609e-6	1.774e-6	1.261e-6	1.526e-6	1.285e-6	1.553e-6
0.263	1.249e-6	1.520e-6	1.610e-6	1.776e-6	1.262e-6	1.530e-6	1.288e-6	1.554e-6
0.264	1.254e-6	1.525e-6	1.617e-6	1.784e-6	1.268e-6	1.535e-6	1.291e-6	1.559e-6
0.265	1.259e-6	1.531e-6	1.621e-6	1.789e-6	1.272e-6	1.538e-6	1.295e-6	1.565e-6
0.266	1.263e-6	1.536e-6	1.625e-6	1.793e-6	1.275e-6	1.542e-6	1.299e-6	1.568e-6
0.267	1.268e-6	1.541e-6	1.630e-6	1.798e-6	1.278e-6	1.547e-6	1.302e-6	1.572e-6
0.268	1.273e-6	1.549e-6	1.634e-6	1.804e-6	1.281e-6	1.551e-6	1.306e-6	1.577e-6
0.269	1.275e-6	1.551e-6	1.637e-6	1.806e-6	1.284e-6	1.553e-6	1.308e-6	1.577e-6
0.270	1.282e-6	1.557e-6	1.643e-6	1.813e-6	1.288e-6	1.558e-6	1.312e-6	1.583e-6
0.271	1.287e-6	1.564e-6	1.649e-6	1.816e-6	1.291e-6	1.562e-6	1.317e-6	1.587e-6
0.272	1.289e-6	1.565e-6	1.650e-6	1.819e-6	1.293e-6	1.565e-6	1.318e-6	1.590e-6
0.273	1.297e-6	1.574e-6	1.657e-6	1.827e-6	1.300e-6	1.571e-6	1.323e-6	1.595e-6
0.274	1.302e-6	1.580e-6	1.662e-6	1.831e-6	1.303e-6	1.575e-6	1.327e-6	1.601e-6
0.275	1.306e-6	1.585e-6	1.664e-6	1.837e-6	1.304e-6	1.579e-6	1.330e-6	1.604e-6
0.276	1.308e-6	1.587e-6	1.665e-6	1.837e-6	1.304e-6	1.578e-6	1.330e-6	1.603e-6
0.277	1.313e-6	1.593e-6	1.670e-6	1.843e-6	1.311e-6	1.584e-6	1.335e-6	1.610e-6
0.278	1.316e-6	1.598e-6	1.675e-6	1.848e-6	1.312e-6	1.587e-6	1.337e-6	1.612e-6
0.279	1.320e-6	1.603e-6	1.679e-6	1.853e-6	1.316e-6	1.592e-6	1.340e-6	1.617e-6
0.280	1.326e-6	1.610e-6	1.684e-6	1.858e-6	1.318e-6	1.595e-6	1.345e-6	1.622e-6
0.281	1.332e-6	1.616e-6	1.689e-6	1.865e-6	1.324e-6	1.601e-6	1.349e-6	1.626e-6
0.282	1.336e-6	1.622e-6	1.693e-6	1.871e-6	1.326e-6	1.605e-6	1.353e-6	1.628e-6
0.283	1.344e-6	1.630e-6	1.698e-6	1.876e-6	1.332e-6	1.612e-6	1.357e-6	1.636e-6
0.284	1.348e-6	1.638e-6	1.705e-6	1.884e-6	1.337e-6	1.617e-6	1.361e-6	1.642e-6
0.285	1.356e-6	1.643e-6	1.710e-6	1.892e-6	1.341e-6	1.621e-6	1.366e-6	1.646e-6
0.286	1.360e-6	1.650e-6	1.716e-6	1.897e-6	1.346e-6	1.626e-6	1.370e-6	1.653e-6
0.287	1.366e-6	1.657e-6	1.720e-6	1.903e-6	1.349e-6	1.633e-6	1.376e-6	1.658e-6
0.288	1.372e-6	1.666e-6	1.728e-6	1.911e-6	1.354e-6	1.637e-6	1.380e-6	1.665e-6
0.289	1.379e-6	1.672e-6	1.733e-6	1.916e-6	1.359e-6	1.642e-6	1.382e-6	1.668e-6
0.290	1.384e-6	1.678e-6	1.737e-6	1.922e-6	1.362e-6	1.648e-6	1.387e-6	1.673e-6
0.291	1.389e-6	1.686e-6	1.742e-6	1.929e-6	1.366e-6	1.652e-6	1.391e-6	1.678e-6
0.292	1.394e-6	1.690e-6	1.746e-6	1.932e-6	1.370e-6	1.658e-6	1.393e-6	1.683e-6
0.293	1.401e-6	1.698e-6	1.751e-6	1.942e-6	1.374e-6	1.663e-6	1.400e-6	1.688e-6
0.294	1.406e-6	1.705e-6	1.759e-6	1.948e-6	1.380e-6	1.670e-6	1.405e-6	1.695e-6
0.295	1.411e-6	1.712e-6	1.762e-6	1.954e-6	1.382e-6	1.673e-6	1.407e-6	1.697e-6
0.296	1.418e-6	1.718e-6	1.766e-6	1.960e-6	1.386e-6	1.678e-6	1.413e-6	1.705e-6
0.297	1.423e-6	1.727e-6	1.774e-6	1.965e-6	1.389e-6	1.685e-6	1.416e-6	1.710e-6
0.298	1.428e-6	1.733e-6	1.778e-6	1.972e-6	1.395e-6	1.689e-6	1.419e-6	1.712e-6
0.299	1.435e-6	1.741e-6	1.783e-6	1.977e-6	1.399e-6	1.695e-6	1.424e-6	1.720e-6
0.300	1.438e-6	1.747e-6	1.787e-6	1.982e-6	1.402e-6	1.698e-6	1.426e-6	1.723e-6
0.301	1.444e-6	1.750e-6	1.793e-6	1.988e-6	1.403e-6	1.701e-6	1.429e-6	1.727e-6
0.302	1.451e-6	1.760e-6	1.799e-6	1.997e-6	1.409e-6	1.709e-6	1.435e-6	1.732e-6
0.303	1.456e-6	1.765e-6	1.801e-6	2.001e-6	1.412e-6	1.713e-6	1.438e-6	1.736e-6
0.304	1.459e-6	1.771e-6	1.806e-6	2.004e-6	1.416e-6	1.717e-6	1.441e-6	1.742e-6
0.305	1.465e-6	1.777e-6	1.811e-6	2.011e-6	1.419e-6	1.722e-6	1.445e-6	1.746e-6
0.306	1.471e-6	1.785e-6	1.817e-6	2.020e-6	1.425e-6	1.729e-6	1.450e-6	1.752e-6
0.307	1.475e-6	1.790e-6	1.821e-6	2.022e-6	1.427e-6	1.732e-6	1.453e-6	1.755e-6
0.308	1.480e-6	1.796e-6	1.824e-6	2.028e-6	1.429e-6	1.736e-6	1.456e-6	1.759e-6
0.309	1.484e-6	1.803e-6	1.828e-6	2.033e-6	1.433e-6	1.740e-6	1.458e-6	1.762e-6
0.310	1.490e-6	1.808e-6	1.833e-6	2.038e-6	1.436e-6	1.744e-6	1.461e-6	1.767e-6
0.311	1.494e-6	1.815e-6	1.837e-6	2.043e-6	1.439e-6	1.749e-6	1.464e-6	1.771e-6
0.312	1.499e-6	1.822e-6	1.842e-6	2.049e-6	1.444e-6	1.753e-6	1.468e-6	1.774e-6
0.313	1.504e-6	1.826e-6	1.847e-6	2.053e-6	1.445e-6	1.756e-6	1.471e-6	1.779e-6
0.314	1.506e-6	1.828e-6	1.848e-6	2.056e-6	1.446e-6	1.759e-6	1.472e-6	1.780e-6
0.315	1.511e-6	1.836e-6	1.852e-6	2.061e-6	1.451e-6	1.764e-6	1.477e-6	1.786e-6
0.316	1.518e-6	1.843e-6	1.858e-6	2.070e-6	1.456e-6	1.768e-6	1.480e-6	1.791e-6
0.317	1.520e-6	1.847e-6	1.859e-6	2.074e-6	1.458e-6	1.772e-6	1.481e-6	1.793e-6
0.318	1.523e-6	1.853e-6	1.865e-6	2.078e-6	1.462e-6	1.775e-6	1.486e-6	1.798e-6
0.319	1.529e-6	1.856e-6	1.868e-6	2.082e-6	1.462e-6	1.780e-6	1.487e-6	1.801e-6
0.320	1.534e-6	1.862e-6	1.873e-6	2.086e-6	1.466e-6	1.782e-6	1.490e-6	1.806e-6
0.321	1.536e-6	1.866e-6	1.874e-6	2.089e-6	1.467e-6	1.784e-6	1.491e-6	1.806e-6
0.322	1.542e-6	1.873e-6	1.879e-6	2.097e-6	1.473e-6	1.790e-6	1.495e-6	1.812e-6
0.323	1.546e-6	1.877e-6	1.883e-6	2.100e-6	1.474e-6	1.794e-6	1.498e-6	1.814e-6
0.324	1.550e-6	1.881e-6	1.887e-6	2.104e-6	1.476e-6	1.798e-6	1.501e-6	1.819e-6
0.325	1.554e-6	1.887e-6	1.888e-6	2.107e-6	1.477e-6	1.800e-6	1.503e-6	1.821e-6
0.326	1.558e-6	1.891e-6	1.893e-6	2.113e-6	1.480e-6	1.804e-6	1.506e-6	1.825e-6
0.327	1.561e-6	1.895e-6	1.895e-6	2.117e-6	1.483e-6	1.808e-6	1.509e-6	1.828e-6
0.328	1.564e-6	1.900e-6	1.899e-6	2.118e-6	1.485e-6	1.809e-6	1.510e-6	1.831e-6
0.329	1.568e-6	1.903e-6	1.902e-6	2.123e-6	1.487e-6	1.812e-6	1.511e-6	1.833e-6
0.330	1.571e-6	1.907e-6	1.904e-6	2.128e-6	1.489e-6	1.815e-6	1.514e-6	1.836e-6
0.331	1.576e-6	1.913e-6	1.909e-6	2.132e-6	1.494e-6	1.819e-6	1.517e-6	1.839e-6
0.332	1.579e-6	1.917e-6	1.912e-6	2.136e-6	1.493e-6	1.822e-6	1.519e-6	1.843e-6
0.333	1.582e-6	1.917e-6	1.912e-6	2.137e-6	1.494e-6	1.822e-6	1.518e-6	1.842e-6
0.334	1.584e-6	1.923e-6	1.916e-6	2.143e-6	1.499e-6	1.826e-6	1.522e-6	1.848e-6
0.335	1.587e-6	1.927e-6	1.918e-6	2.145e-6	1.499e-6	1.828e-6	1.524e-6	1.849e-6
0.336	1.591e-6	1.929e-6	1.922e-6	2.149e-6	1.501e-6	1.831e-6	1.526e-6	1.852e-6
0.337	1.592e-6	1.932e-6	1.920e-6	2.151e-6	1.502e-6	1.832e-6	1.526e-6	1.852e-6
0.338	1.597e-6	1.936e-6	1.928e-6	2.155e-6	1.504e-6	1.836e-6	1.530e-6	1.858e-6
0.339	1.600e-6	1.938e-6	1.928e-6	2.156e-6	1.505e-6	1.837e-6	1.530e-6	1.856e-6
0.340	1.604e-6	1.943e-6	1.931e-6	2.160e-6	1.509e-6	1.840e-6	1.533e-6	1.860e-6
0.341	1.605e-6	1.946e-6	1.933e-6	2.162e-6	1.510e-6	1.842e-6	1.535e-6	1.863e-6
0.342	1.608e-6	1.949e-6	1.935e-6	2.165e-6	1.512e-6	1.845e-6	1.536e-6	1.864e-6
0.343	1.611e-6	1.950e-6	1.937e-6	2.166e-6	1.512e-6	1.845e-6	1.536e-6	1.865e-6
0.344	1.616e-6	1.957e-6	1.940e-6	2.172e-6	1.517e-6	1.849e-6	1.542e-6	1.870e-6
0.345	1.618e-6	1.961e-6	1.944e-6	2.176e-6	1.521e-6	1.852e-6	1.544e-6	1.872e-6
0.346	1.619e-6	1.960e-6	1.943e-6	2.175e-6	1.519e-6	1.851e-6	1.542e-6	1.871e-6
0.347	1.622e-6	1.963e-6	1.945e-6	2.178e-6	1.521e-6	1.854e-6	1.545e-6	1.872e-6
0.348	1.624e-6	1.966e-6	1.949e-6	2.181e-6	1.522e-6	1.856e-6	1.546e-6	1.876e-6
0.349	1.628e-6	1.971e-6	1.952e-6	2.184e-6	1.526e-6	1.857e-6	1.549e-6	1.879e-6
0.350	1.629e-6	1.970e-6	1.952e-6	2.186e-6	1.526e-6	1.858e-6	1.548e-6	1.879e-6
0.351	1.634e-6	1.976e-6	1.957e-6	2.191e-6	1.529e-6	1.864e-6	1.553e-6	1.884e-6
0.352	1.636e-6	1.977e-6	1.957e-6	2.189e-6	1.529e-6	1.863e-6	1.554e-6	1.883e-6
0.353	1.637e-6	1.979e-6	1.961e-6	2.194e-6	1.529e-6	1.866e-6	1.554e-6	1.883e-6
0.354	1.640e-6	1.981e-6	1.961e-6	2.194e-6	1.534e-6	1.866e-6	1.556e-6	1.885e-6
0.355	1.641e-6	1.983e-6	1.963e-6	2.195e-6	1.534e-6	1.867e-6	1.556e-6	1.886e-6
0.356	1.646e-6	1.988e-6	1.967e-6	2.203e-6	1.537e-6	1.873e-6	1.562e-6	1.891e-6
0.357	1.647e-6	1.988e-6	1.968e-6	2.201e-6	1.537e-6	1.872e-6	1.561e-6	1.891e-6
0.358	1.651e-6	1.992e-6	1.970e-6	2.205e-6	1.542e-6	1.875e-6	1.565e-6	1.894e-6
0.359	1.652e-6	1.993e-6	1.971e-6	2.206e-6	1.541e-6	1.876e-6	1.564e-6	1.897e-6
0.360	1.656e-6	1.998e-6	1.975e-6	2.210e-6	1.545e-6	1.881e-6	1.571e-6	1.900e-6
0.361	1.657e-6	1.997e-6	1.978e-6	2.212e-6	1.547e-6	1.881e-6	1.569e-6	1.900e-6
0.362	1.659e-6	2.000e-6	1.978e-6	2.213e-6	1.547e-6	1.881e-6	1.571e-6	1.901e-6
0.363	1.660e-6	2.000e-6	1.980e-6	2.214e-6	1.549e-6	1.882e-6	1.572e-6	1.902e-6
0.364	1.663e-6	2.004e-6	1.982e-6	2.216e-6	1.551e-6	1.886e-6	1.574e-6	1.905e-6
0.365	1.665e-6	2.004e-6	1.983e-6	2.218e-6	1.551e-6	1.885e-6	1.577e-6	1.904e-6
0.366	1.665e-6	2.005e-6	1.984e-6	2.218e-6	1.553e-6	1.887e-6	1.576e-6	1.905e-6
0.367	1.669e-6	2.007e-6	1.988e-6	2.220e-6	1.556e-6	1.889e-6	1.579e-6	1.908e-6
0.368	1.670e-6	2.010e-6	1.988e-6	2.224e-6	1.556e-6	1.891e-6	1.581e-6	1.910e-6
0.369	1.671e-6	2.008e-6	1.989e-6	2.224e-6	1.556e-6	1.891e-6	1.582e-6	1.911e-6
0.370	1.672e-6	2.008e-6	1.988e-6	2.222e-6	1.558e-6	1.890e-6	1.580e-6	1.910e-6
0.371	1.674e-6	2.010e-6	1.990e-6	2.225e-6	1.559e-6	1.893e-6	1.583e-6	1.911e-6
0.372	1.675e-6	2.010e-6	1.993e-6	2.225e-6	1.560e-6	1.894e-6	1.585e-6	1.912e-6
0.373	1.675e-6	2.011e-6	1.992e-6	2.224e-6	1.560e-6	1.893e-6	1.584e-6	1.913e-6
0.374	1.675e-6	2.011e-6	1.992e-6	2.226e-6	1.562e-6	1.892e-6	1.586e-6	1.912e-6
0.375	1.677e-6	2.009e-6	1.992e-6	2.225e-6	1.562e-6	1.892e-6	1.587e-6	1.913e-6
0.376	1.676e-6	2.010e-6	1.992e-6	2.226e-6	1.562e-6	1.894e-6	1.587e-6	1.913e-6
0.377	1.676e-6	2.006e-6	1.991e-6	2.223e-6	1.562e-6	1.894e-6	1.586e-6	1.910e-6
0.378	1.677e-6	2.006e-6	1.991e-6	2.223e-6	1.562e-6	1.891e-6	1.587e-6	1.910e-6
0.379	1.673e-6	2.004e-6	1.989e-6	2.220e-6	1.562e-6	1.889e-6	1.584e-6	1.909e-6
0.380	1.675e-6	2.004e-6	1.990e-6	2.221e-6	1.563e-6	1.889e-6	1.586e-6	1.908e-6
0.381	1.674e-6	2.001e-6	1.988e-6	2.219e-6	1.559e-6	1.887e-6	1.585e-6	1.907e-6
0.382	1.671e-6	1.998e-6	1.987e-6	2.216e-6	1.560e-6	1.885e-6	1.584e-6	1.904e-6
0.383	1.672e-6	1.997e-6	1.986e-6	2.214e-6	1.559e-6	1.886e-6	1.582e-6	1.903e-6
0.384	1.674e-6	1.998e-6	1.985e-6	2.215e-6	1.560e-6	1.884e-6	1.587e-6	1.904e-6
0.385	1.672e-6	1.994e-6	1.984e-6	2.211e-6	1.558e-6	1.882e-6	1.583e-6	1.900e-6
0.386	1.672e-6	1.992e-6	1.985e-6	2.210e-6	1.560e-6	1.883e-6	1.583e-6	1.901e-6
0.387	1.669e-6	1.988e-6	1.981e-6	2.205e-6	1.556e-6	1.878e-6	1.581e-6	1.896e-6
0.388	1.666e-6	1.985e-6	1.979e-6	2.204e-6	1.557e-6	1.875e-6	1.581e-6	1.895e-6
0.389	1.665e-6	1.983e-6	1.978e-6	2.200e-6	1.556e-6	1.873e-6	1.580e-6	1.895e-6
0.390	1.666e-6	1.983e-6	1.978e-6	2.199e-6	1.555e-6	1.872e-6	1.579e-6	1.891e-6
0.391	1.662e-6	1.977e-6	1.973e-6	2.194e-6	1.551e-6	1.867e-6	1.577e-6	1.887e-6
0.392	1.661e-6	1.976e-6	1.972e-6	2.193e-6	1.553e-6	1.867e-6	1.576e-6	1.886e-6
0.393	1.660e-6	1.974e-6	1.970e-6	2.191e-6	1.552e-6	1.865e-6	1.577e-6	1.885e-6
0.394	1.658e-6	1.969e-6	1.968e-6	2.186e-6	1.551e-6	1.861e-6	1.575e-6	1.881e-6
0.395	1.656e-6	1.966e-6	1.966e-6	2.184e-6	1.549e-6	1.861e-6	1.574e-6	1.879e-6
0.396	1.655e-6	1.963e-6	1.967e-6	2.181e-6	1.548e-6	1.858e-6	1.572e-6	1.877e-6
0.397	1.653e-6	1.960e-6	1.964e-6	2.178e-6	1.547e-6	1.856e-6	1.573e-6	1.876e-6
0.398	1.652e-6	1.955e-6	1.961e-6	2.174e-6	1.545e-6	1.853e-6	1.570e-6	1.873e-6
0.399	1.650e-6	1.953e-6	1.959e-6	2.173e-6	1.545e-6	1.852e-6	1.569e-6	1.869e-6
0.400	1.648e-6	1.949e-6	1.959e-6	2.170e-6	1.544e-6	1.847e-6	1.567e-6	1.867e-6
0.401	1.647e-6	1.950e-6	1.959e-6	2.169e-6	1.544e-6	1.847e-6	1.570e-6	1.868e-6
0.402	1.645e-6	1.946e-6	1.957e-6	2.165e-6	1.543e-6	1.846e-6	1.568e-6	1.866e-6
0.403	1.644e-6	1.945e-6	1.955e-6	2.163e-6	1.544e-6	1.845e-6	1.568e-6	1.864e-6
0.404	1.642e-6	1.940e-6	1.952e-6	2.159e-6	1.542e-6	1.840e-6	1.567e-6	1.860e-6
0.405	1.643e-6	1.939e-6	1.953e-6	2.158e-6	1.544e-6	1.841e-6	1.569e-6	1.862e-6
0.406	1.640e-6	1.934e-6	1.950e-6	2.154e-6	1.540e-6	1.837e-6	1.566e-6	1.856e-6
0.407	1.639e-6	1.931e-6	1.949e-6	2.150e-6	1.539e-6	1.835e-6	1.564e-6	1.854e-6
0.408	1.635e-6	1.928e-6	1.946e-6	2.148e-6	1.539e-6	1.831e-6	1.563e-6	1.852e-6
0.409	1.636e-6	1.926e-6	1.946e-6	2.146e-6	1.539e-6	1.829e-6	1.564e-6	1.851e-6
0.410	1.633e-6	1.921e-6	1.941e-6	2.139e-6	1.538e-6	1.825e-6	1.562e-6	1.846e-6
0.411	1.630e-6	1.918e-6	1.940e-6	2.136e-6	1.535e-6	1.822e-6	1.560e-6	1.842e-6
0.412	1.630e-6	1.914e-6	1.938e-6	2.132e-6	1.535e-6	1.821e-6	1.560e-6	1.841e-6
0.413	1.629e-6	1.911e-6	1.937e-6	2.131e-6	1.535e-6	1.818e-6	1.559e-6	1.839e-6
0.414	1.626e-6	1.907e-6	1.935e-6	2.125e-6	1.533e-6	1.816e-6	1.557e-6	1.835e-6
0.415	1.623e-6	1.901e-6	1.931e-6	2.119e-6	1.530e-6	1.811e-6	1.557e-6	1.830e-6
0.416	1.620e-6	1.897e-6	1.930e-6	2.116e-6	1.529e-6	1.808e-6	1.553e-6	1.826e-6
0.417	1.616e-6	1.892e-6	1.925e-6	2.111e-6	1.526e-6	1.803e-6	1.552e-6	1.823e-6
0.418	1.615e-6	1.889e-6	1.922e-6	2.109e-6	1.526e-6	1.801e-6	1.551e-6	1.822e-6
0.419	1.612e-6	1.884e-6	1.921e-6	2.103e-6	1.522e-6	1.796e-6	1.549e-6	1.816e-6
0.420	1.610e-6	1.878e-6	1.918e-6	2.099e-6	1.522e-6	1.793e-6	1.548e-6	1.813e-6
0.421	1.607e-6	1.874e-6	1.915e-6	2.094e-6	1.520e-6	1.789e-6	1.544e-6	1.810e-6
0.422	1.605e-6	1.870e-6	1.913e-6	2.090e-6	1.519e-6	1.786e-6	1.543e-6	1.806e-6
0.423	1.602e-6	1.866e-6	1.909e-6	2.086e-6	1.517e-6	1.783e-6	1.543e-6	1.804e-6
0.424	1.599e-6	1.861e-6	1.907e-6	2.084e-6	1.515e-6	1.779e-6	1.541e-6	1.799e-6
0.425	1.596e-6	1.856e-6	1.905e-6	2.078e-6	1.514e-6	1.775e-6	1.539e-6	1.798e-6
0.426	1.593e-6	1.852e-6	1.901e-6	2.074e-6	1.512e-6	1.772e-6	1.538e-6	1.793e-6
0.427	1.589e-6	1.846e-6	1.898e-6	2.067e-6	1.509e-6	1.767e-6	1.533e-6	1.788e-6
0.428	1.584e-6	1.840e-6	1.891e-6	2.061e-6	1.504e-6	1.763e-6	1.532e-6	1.784e-6
0.429	1.585e-6	1.837e-6	1.893e-6	2.060e-6	1.506e-6	1.760e-6	1.531e-6	1.781e-6
0.430	1.579e-6	1.828e-6	1.885e-6	2.052e-6	1.501e-6	1.754e-6	1.527e-6	1.775e-6
0.431	1.576e-6	1.823e-6	1.881e-6	2.048e-6	1.499e-6	1.749e-6	1.525e-6	1.770e-6
0.432	1.573e-6	1.819e-6	1.880e-6	2.043e-6	1.498e-6	1.746e-6	1.523e-6	1.768e-6
0.433	1.571e-6	1.814e-6	1.877e-6	2.041e-6	1.495e-6	1.742e-6	1.522e-6	1.764e-6
0.434	1.568e-6	1.810e-6	1.875e-6	2.036e-6	1.495e-6	1.739e-6	1.520e-6	1.761e-6
0.435	1.567e-6	1.808e-6	1.873e-6	2.033e-6	1.493e-6	1.735e-6	1.517e-6	1.757e-6
0.436	1.563e-6	1.801e-6	1.869e-6	2.027e-6	1.490e-6	1.733e-6	1.516e-6	1.753e-6
0.437	1.564e-6	1.800e-6	1.869e-6	2.023e-6	1.491e-6	1.730e-6	1.516e-6	1.752e-6
0.438	1.561e-6	1.796e-6	1.867e-6	2.021e-6	1.489e-6	1.727e-6	1.516e-6	1.748e-6
0.439	1.558e-6	1.791e-6	1.863e-6	2.016e-6	1.488e-6	1.723e-6	1.514e-6	1.746e-6
0.440	1.558e-6	1.789e-6	1.864e-6	2.014e-6	1.488e-6	1.722e-6	1.515e-6	1.746e-6
0.441	1.555e-6	1.783e-6	1.860e-6	2.011e-6	1.485e-6	1.718e-6	1.513e-6	1.740e-6
0.442	1.556e-6	1.781e-6	1.862e-6	2.010e-6	1.487e-6	1.718e-6	1.513e-6	1.740e-6
0.443	1.552e-6	1.778e-6	1.859e-6	2.007e-6	1.486e-6	1.714e-6	1.512e-6	1.736e-6
0.444	1.551e-6	1.775e-6	1.858e-6	2.005e-6	1.484e-6	1.713e-6	1.513e-6	1.736e-6
0.445	1.550e-6	1.772e-6	1.856e-6	2.003e-6	1.485e-6	1.711e-6	1.512e-6	1.733e-6
0.446	1.549e-6	1.770e-6	1.856e-6	1.998e-6	1.485e-6	1.709e-6	1.510e-6	1.732e-6
0.447	1.546e-6	1.766e-6	1.853e-6	1.996e-6	1.483e-6	1.705e-6	1.511e-6	1.729e-6
0.448	1.545e-6	1.763e-6	1.851e-6	1.993e-6	1.482e-6	1.703e-6	1.509e-6	1.727e-6
0.449	1.540e-6	1.755e-6	1.847e-6	1.987e-6	1.479e-6	1.697e-6	1.507e-6	1.722e-6
0.450	1.540e-6	1.752e-6	1.845e-6	1.985e-6	1.478e-6	1.695e-6	1.505e-6	1.718e-6
0.451	1.537e-6	1.747e-6	1.842e-6	1.980e-6	1.476e-6	1.692e-6	1.504e-6	1.715e-6
0.452	1.534e-6	1.743e-6	1.839e-6	1.975e-6	1.473e-6	1.687e-6	1.502e-6	1.711e-6
0.453	1.532e-6	1.740e-6	1.837e-6	1.973e-6	1.474e-6	1.684e-6	1.500e-6	1.708e-6
0.454	1.529e-6	1.734e-6	1.835e-6	1.966e-6	1.472e-6	1.679e-6	1.499e-6	1.704e-6
0.455	1.528e-6	1.730e-6	1.833e-6	1.963e-6	1.470e-6	1.678e-6	1.497e-6	1.702e-6
0.456	1.523e-6	1.725e-6	1.827e-6	1.957e-6	1.466e-6	1.671e-6	1.493e-6	1.695e-6
0.457	1.522e-6	1.721e-6	1.828e-6	1.954e-6	1.466e-6	1.670e-6	1.493e-6	1.694e-6
0.458	1.520e-6	1.717e-6	1.825e-6	1.951e-6	1.464e-6	1.666e-6	1.490e-6	1.689e-6
0.459	1.518e-6	1.713e-6	1.823e-6	1.948e-6	1.462e-6	1.663e-6	1.490e-6	1.689e-6
0.460	1.515e-6	1.709e-6	1.820e-6	1.944e-6	1.461e-6	1.659e-6	1.489e-6	1.684e-6
0.461	1.511e-6	1.702e-6	1.815e-6	1.936e-6	1.456e-6	1.651e-6	1.485e-6	1.678e-6
0.462	1.509e-6	1.697e-6	1.813e-6	1.933e-6	1.455e-6	1.650e-6	1.484e-6	1.675e-6
0.463	1.508e-6	1.694e-6	1.811e-6	1.930e-6	1.452e-6	1.647e-6	1.482e-6	1.672e-6
0.464	1.505e-6	1.691e-6	1.808e-6	1.925e-6	1.451e-6	1.643e-6	1.480e-6	1.668e-6
0.465	1.502e-6	1.686e-6	1.808e-6	1.923e-6	1.451e-6	1.640e-6	1.479e-6	1.664e-6
0.466	1.501e-6	1.682e-6	1.805e-6	1.919e-6	1.449e-6	1.636e-6	1.477e-6	1.662e-6
0.467	1.499e-6	1.679e-6	1.803e-6	1.918e-6	1.446e-6	1.634e-6	1.475e-6	1.659e-6
0.468	1.500e-6	1.675e-6	1.803e-6	1.915e-6	1.446e-6	1.633e-6	1.475e-6	1.657e-6
0.469	1.495e-6	1.671e-6	1.799e-6	1.911e-6	1.444e-6	1.626e-6	1.472e-6	1.653e-6
0.470	1.495e-6	1.670e-6	1.799e-6	1.908e-6	1.442e-6	1.625e-6	1.471e-6	1.651e-6
0.471	1.492e-6	1.666e-6	1.796e-6	1.906e-6	1.442e-6	1.623e-6	1.469e-6	1.649e-6
0.472	1.490e-6	1.663e-6	1.794e-6	1.902e-6	1.442e-6	1.620e-6	1.468e-6	1.646e-6
0.473	1.491e-6	1.659e-6	1.794e-6	1.901e-6	1.439e-6	1.617e-6	1.469e-6	1.643e-6
0.474	1.489e-6	1.655e-6	1.793e-6	1.897e-6	1.438e-6	1.614e-6	1.466e-6	1.639e-6
0.475	1.487e-6	1.652e-6	1.792e-6	1.894e-6	1.438e-6	1.613e-6	1.465e-6	1.637e-6
0.476	1.484e-6	1.649e-6	1.789e-6	1.890e-6	1.435e-6	1.609e-6	1.464e-6	1.634e-6
0.477	1.483e-6	1.646e-6	1.786e-6	1.888e-6	1.434e-6	1.606e-6	1.462e-6	1.631e-6
0.478	1.482e-6	1.642e-6	1.785e-6	1.886e-6	1.434e-6	1.603e-6	1.460e-6	1.627e-6
0.479	1.480e-6	1.640e-6	1.784e-6	1.882e-6	1.432e-6	1.601e-6	1.461e-6	1.625e-6
0.480	1.477e-6	1.634e-6	1.782e-6	1.879e-6	1.430e-6	1.597e-6	1.457e-6	1.621e-6
0.481	1.476e-6	1.632e-6	1.779e-6	1.876e-6	1.428e-6	1.594e-6	1.456e-6	1.619e-6
0.482	1.474e-6	1.630e-6	1.779e-6	1.873e-6	1.428e-6	1.590e-6	1.454e-6	1.615e-6
0.483	1.472e-6	1.624e-6	1.776e-6	1.867e-6	1.424e-6	1.586e-6	1.453e-6	1.612e-6
0.484	1.470e-6	1.622e-6	1.774e-6	1.865e-6	1.423e-6	1.584e-6	1.450e-6	1.609e-6
0.485	1.472e-6	1.620e-6	1.775e-6	1.863e-6	1.424e-6	1.584e-6	1.451e-6	1.608e-6
0.486	1.471e-6	1.617e-6	1.773e-6	1.863e-6	1.423e-6	1.581e-6	1.449e-6	1.605e-6
0.487	1.469e-6	1.613e-6	1.772e-6	1.857e-6	1.421e-6	1.577e-6	1.447e-6	1.602e-6
0.488	1.466e-6	1.610e-6	1.769e-6	1.854e-6	1.418e-6	1.574e-6	1.445e-6	1.598e-6
0.489	1.462e-6	1.603e-6	1.765e-6	1.849e-6	1.415e-6	1.569e-6	1.441e-6	1.592e-6
0.490	1.461e-6	1.601e-6	1.764e-6	1.846e-6	1.413e-6	1.565e-6	1.439e-6	1.589e-6
0.491	1.459e-6	1.597e-6	1.760e-6	1.842e-6	1.409e-6	1.563e-6	1.437e-6	1.584e-6
0.492	1.457e-6	1.594e-6	1.759e-6	1.838e-6	1.409e-6	1.558e-6	1.435e-6	1.582e-6
0.493	1.454e-6	1.588e-6	1.756e-6	1.835e-6	1.405e-6	1.554e-6	1.431e-6	1.577e-6
0.494	1.452e-6	1.588e-6	1.754e-6	1.832e-6	1.405e-6	1.551e-6	1.431e-6	1.575e-6
0.495	1.448e-6	1.581e-6	1.749e-6	1.827e-6	1.400e-6	1.546e-6	1.426e-6	1.568e-6
0.496	1.445e-6	1.576e-6	1.746e-6	1.823e-6	1.397e-6	1.543e-6	1.424e-6	1.564e-6
0.497	1.441e-6	1.572e-6	1.744e-6	1.819e-6	1.394e-6	1.538e-6	1.420e-6	1.560e-6
0.498	1.440e-6	1.568e-6	1.743e-6	1.814e-6	1.392e-6	1.536e-6	1.417e-6	1.557e-6
0.499	1.436e-6	1.563e-6	1.737e-6	1.811e-6	1.389e-6	1.530e-6	1.415e-6	1.552e-6
0.500	1.433e-6	1.558e-6	1.735e-6	1.806e-6	1.388e-6	1.528e-6	1.412e-6	1.547e-6
0.501	1.430e-6	1.556e-6	1.733e-6	1.803e-6	1.385e-6	1.522e-6	1.410e-6	1.545e-6
0.502	1.428e-6	1.550e-6	1.729e-6	1.800e-6	1.383e-6	1.520e-6	1.407e-6	1.541e-6
0.503	1.423e-6	1.545e-6	1.726e-6	1.794e-6	1.379e-6	1.514e-6	1.402e-6	1.536e-6
0.504	1.421e-6	1.543e-6	1.724e-6	1.790e-6	1.375e-6	1.511e-6	1.400e-6	1.533e-6
0.505	1.417e-6	1.537e-6	1.719e-6	1.786e-6	1.373e-6	1.506e-6	1.397e-6	1.527e-6
0.506	1.414e-6	1.531e-6	1.715e-6	1.781e-6	1.370e-6	1.503e-6	1.393e-6	1.522e-6
0.507	1.410e-6	1.526e-6	1.712e-6	1.776e-6	1.367e-6	1.499e-6	1.388e-6	1.518e-6
0.508	1.405e-6	1.519e-6	1.705e-6	1.768e-6	1.362e-6	1.492e-6	1.383e-6	1.512e-6
0.509	1.403e-6	1.515e-6	1.703e-6	1.766e-6	1.360e-6	1.488e-6	1.381e-6	1.509e-6
0.510	1.400e-6	1.512e-6	1.700e-6	1.761e-6	1.355e-6	1.484e-6	1.378e-6	1.503e-6
0.511	1.395e-6	1.505e-6	1.695e-6	1.756e-6	1.353e-6	1.479e-6	1.374e-6	1.499e-6
0.512	1.391e-6	1.499e-6	1.690e-6	1.750e-6	1.347e-6	1.474e-6	1.369e-6	1.494e-6
0.513	1.384e-6	1.493e-6	1.683e-6	1.742e-6	1.344e-6	1.469e-6	1.364e-6	1.487e-6
0.514	1.380e-6	1.487e-6	1.680e-6	1.739e-6	1.340e-6	1.464e-6	1.359e-6	1.481e-6
0.515	1.377e-6	1.481e-6	1.675e-6	1.733e-6	1.336e-6	1.459e-6	1.356e-6	1.476e-6
0.516	1.371e-6	1.476e-6	1.670e-6	1.726e-6	1.331e-6	1.453e-6	1.349e-6	1.471e-6
0.517	1.368e-6	1.471e-6	1.667e-6	1.722e-6	1.327e-6	1.449e-6	1.347e-6	1.465e-6
0.518	1.364e-6	1.467e-6	1.662e-6	1.717e-6	1.325e-6	1.445e-6	1.342e-6	1.461e-6
0.519	1.358e-6	1.461e-6	1.657e-6	1.710e-6	1.320e-6	1.440e-6	1.339e-6	1.455e-6
0.520	1.355e-6	1.455e-6	1.651e-6	1.706e-6	1.316e-6	1.436e-6	1.334e-6	1.451e-6
0.521	1.349e-6	1.451e-6	1.647e-6	1.700e-6	1.313e-6	1.430e-6	1.330e-6	1.446e-6
0.522	1.347e-6	1.448e-6	1.644e-6	1.695e-6	1.311e-6	1.427e-6	1.327e-6	1.443e-6
0.523	1.344e-6	1.441e-6	1.639e-6	1.691e-6	1.307e-6	1.423e-6	1.324e-6	1.440e-6
0.524	1.340e-6	1.438e-6	1.635e-6	1.686e-6	1.304e-6	1.420e-6	1.320e-6	1.434e-6
0.525	1.335e-6	1.432e-6	1.630e-6	1.680e-6	1.300e-6	1.416e-6	1.316e-6	1.430e-6
0.526	1.331e-6	1.427e-6	1.625e-6	1.675e-6	1.296e-6	1.410e-6	1.313e-6	1.427e-6
0.527	1.327e-6	1.421e-6	1.620e-6	1.670e-6	1.293e-6	1.408e-6	1.308e-6	1.422e-6
0.528	1.323e-6	1.416e-6	1.616e-6	1.665e-6	1.288e-6	1.402e-6	1.305e-6	1.418e-6
0.529	1.317e-6	1.410e-6	1.608e-6	1.657e-6	1.283e-6	1.396e-6	1.299e-6	1.411e-6
0.530	1.315e-6	1.406e-6	1.605e-6	1.654e-6	1.282e-6	1.393e-6	1.298e-6	1.410e-6
0.531	1.309e-6	1.401e-6	1.600e-6	1.648e-6	1.278e-6	1.390e-6	1.293e-6	1.404e-6
0.532	1.305e-6	1.398e-6	1.596e-6	1.645e-6	1.275e-6	1.386e-6	1.290e-6	1.401e-6
0.533	1.301e-6	1.393e-6	1.592e-6	1.639e-6	1.272e-6	1.382e-6	1.284e-6	1.397e-6
0.534	1.295e-6	1.387e-6	1.584e-6	1.634e-6	1.265e-6	1.377e-6	1.281e-6	1.393e-6
0.535	1.290e-6	1.382e-6	1.580e-6	1.628e-6	1.264e-6	1.374e-6	1.276e-6	1.387e-6
0.536	1.286e-6	1.376e-6	1.574e-6	1.622e-6	1.259e-6	1.368e-6	1.273e-6	1.384e-6
0.537	1.280e-6	1.372e-6	1.569e-6	1.618e-6	1.254e-6	1.363e-6	1.269e-6	1.379e-6
0.538	1.276e-6	1.364e-6	1.561e-6	1.610e-6	1.249e-6	1.358e-6	1.263e-6	1.374e-6
0.539	1.270e-6	1.359e-6	1.556e-6	1.603e-6	1.245e-6	1.354e-6	1.260e-6	1.370e-6
0.540	1.263e-6	1.352e-6	1.549e-6	1.597e-6	1.239e-6	1.348e-6	1.254e-6	1.363e-6
0.541	1.260e-6	1.349e-6	1.544e-6	1.591e-6	1.234e-6	1.344e-6	1.251e-6	1.359e-6
0.542	1.254e-6	1.340e-6	1.536e-6	1.583e-6	1.230e-6	1.338e-6	1.244e-6	1.352e-6
0.543	1.248e-6	1.336e-6	1.532e-6	1.580e-6	1.226e-6	1.333e-6	1.241e-6	1.350e-6
0.544	1.243e-6	1.330e-6	1.526e-6	1.572e-6	1.219e-6	1.328e-6	1.236e-6	1.343e-6
0.545	1.236e-6	1.322e-6	1.517e-6	1.564e-6	1.214e-6	1.322e-6	1.229e-6	1.337e-6
0.546	1.231e-6	1.319e-6	1.512e-6	1.560e-6	1.211e-6	1.319e-6	1.227e-6	1.335e-6
0.547	1.224e-6	1.311e-6	1.505e-6	1.552e-6	1.206e-6	1.311e-6	1.220e-6	1.329e-6
0.548	1.220e-6	1.307e-6	1.500e-6	1.547e-6	1.201e-6	1.307e-6	1.215e-6	1.323e-6
0.549	1.214e-6	1.300e-6	1.492e-6	1.539e-6	1.195e-6	1.301e-6	1.210e-6	1.317e-6
0.550	1.207e-6	1.293e-6	1.485e-6	1.532e-6	1.190e-6	1.295e-6	1.204e-6	1.311e-6
0.551	1.203e-6	1.288e-6	1.480e-6	1.525e-6	1.185e-6	1.291e-6	1.200e-6	1.306e-6
0.552	1.195e-6	1.281e-6	1.473e-6	1.519e-6	1.179e-6	1.285e-6	1.194e-6	1.300e-6
0.553	1.189e-6	1.276e-6	1.466e-6	1.512e-6	1.174e-6	1.279e-6	1.190e-6	1.295e-6
0.554	1.183e-6	1.269e-6	1.458e-6	1.505e-6	1.168e-6	1.274e-6	1.185e-6	1.290e-6
0.555	1.178e-6	1.264e-6	1.453e-6	1.500e-6	1.164e-6	1.269e-6	1.179e-6	1.286e-6
0.556	1.173e-6	1.258e-6	1.445e-6	1.494e-6	1.160e-6	1.265e-6	1.176e-6	1.281e-6
0.557	1.167e-6	1.253e-6	1.442e-6	1.489e-6	1.155e-6	1.260e-6	1.171e-6	1.276e-6
0.558	1.162e-6	1.248e-6	1.436e-6	1.483e-6	1.151e-6	1.257e-6	1.167e-6	1.273e-6
0.559	1.158e-6	1.242e-6	1.430e-6	1.478e-6	1.148e-6	1.253e-6	1.161e-6	1.268e-6
0.560	1.152e-6	1.236e-6	1.422e-6	1.471e-6	1.141e-6	1.248e-6	1.157e-6	1.263e-6
0.561	1.148e-6	1.235e-6	1.420e-6	1.468e-6	1.139e-6	1.244e-6	1.155e-6	1.262e-6
0.562	1.143e-6	1.229e-6	1.414e-6	1.461e-6	1.135e-6	1.238e-6	1.150e-6	1.256e-6
0.563	1.139e-6	1.225e-6	1.408e-6	1.457e-6	1.130e-6	1.236e-6	1.146e-6	1.254e-6
0.564	1.135e-6	1.221e-6	1.403e-6	1.451e-6	1.126e-6	1.232e-6	1.142e-6	1.249e-6
0.565	1.130e-6	1.215e-6	1.397e-6	1.446e-6	1.123e-6	1.228e-6	1.137e-6	1.246e-6
0.566	1.124e-6	1.212e-6	1.393e-6	1.440e-6	1.119e-6	1.224e-6	1.133e-6	1.241e-6
0.567	1.122e-6	1.208e-6	1.389e-6	1.438e-6	1.116e-6	1.222e-6	1.132e-6	1.239e-6
0.568	1.116e-6	1.204e-6	1.382e-6	1.432e-6	1.112e-6	1.219e-6	1.128e-6	1.234e-6
0.569	1.110e-6	1.199e-6	1.378e-6	1.425e-6	1.107e-6	1.213e-6	1.123e-6	1.230e-6
0.570	1.108e-6	1.196e-6	1.373e-6	1.423e-6	1.105e-6	1.212e-6	1.120e-6	1.226e-6
0.571	1.105e-6	1.192e-6	1.369e-6	1.418e-6	1.102e-6	1.208e-6	1.117e-6	1.225e-6
0.572	1.100e-6	1.188e-6	1.364e-6	1.414e-6	1.098e-6	1.206e-6	1.115e-6	1.222e-6
0.573	1.096e-6	1.184e-6	1.359e-6	1.409e-6	1.094e-6	1.202e-6	1.110e-6	1.218e-6
0.574	1.091e-6	1.180e-6	1.354e-6	1.405e-6	1.090e-6	1.198e-6	1.107e-6	1.215e-6
0.575	1.088e-6	1.176e-6	1.349e-6	1.400e-6	1.088e-6	1.194e-6	1.102e-6	1.212e-6
0.576	1.083e-6	1.172e-6	1.344e-6	1.394e-6	1.083e-6	1.189e-6	1.098e-6	1.207e-6
0.577	1.076e-6	1.165e-6	1.336e-6	1.387e-6	1.078e-6	1.184e-6	1.092e-6	1.201e-6
0.578	1.073e-6	1.163e-6	1.333e-6	1.384e-6	1.074e-6	1.183e-6	1.090e-6	1.200e-6
0.579	1.068e-6	1.159e-6	1.328e-6	1.379e-6	1.070e-6	1.179e-6	1.087e-6	1.195e-6
0.580	1.064e-6	1.153e-6	1.322e-6	1.373e-6	1.067e-6	1.175e-6	1.083e-6	1.191e-6
0.581	1.059e-6	1.150e-6	1.319e-6	1.370e-6	1.062e-6	1.171e-6	1.077e-6	1.187e-6
0.582	1.056e-6	1.146e-6	1.312e-6	1.367e-6	1.060e-6	1.168e-6	1.075e-6	1.185e-6
0.583	1.050e-6	1.142e-6	1.309e-6	1.361e-6	1.056e-6	1.164e-6	1.072e-6	1.182e-6
0.584	1.047e-6	1.138e-6	1.302e-6	1.356e-6	1.051e-6	1.160e-6	1.068e-6	1.178e-6
0.585	1.045e-6	1.135e-6	1.299e-6	1.355e-6	1.049e-6	1.160e-6	1.065e-6	1.176e-6
0.586	1.039e-6	1.131e-6	1.294e-6	1.349e-6	1.045e-6	1.155e-6	1.062e-6	1.173e-6
0.587	1.034e-6	1.126e-6	1.288e-6	1.343e-6	1.040e-6	1.149e-6	1.056e-6	1.168e-6
0.588	1.032e-6	1.124e-6	1.287e-6	1.342e-6	1.038e-6	1.149e-6	1.054e-6	1.166e-6
0.589	1.027e-6	1.120e-6	1.281e-6	1.336e-6	1.035e-6	1.145e-6	1.051e-6	1.162e-6
0.590	1.022e-6	1.116e-6	1.276e-6	1.332e-6	1.030e-6	1.142e-6	1.048e-6	1.159e-6
0.591	1.018e-6	1.112e-6	1.272e-6	1.327e-6	1.028e-6	1.137e-6	1.043e-6	1.156e-6
0.592	1.014e-6	1.110e-6	1.267e-6	1.323e-6	1.024e-6	1.134e-6	1.040e-6	1.153e-6
0.593	1.010e-6	1.106e-6	1.263e-6	1.321e-6	1.021e-6	1.133e-6	1.038e-6	1.150e-6
0.594	1.007e-6	1.103e-6	1.259e-6	1.318e-6	1.018e-6	1.129e-6	1.033e-6	1.147e-6
0.595	1.003e-6	1.099e-6	1.254e-6	1.314e-6	1.014e-6	1.126e-6	1.031e-6	1.144e-6
0.596	9.983e-7	1.095e-6	1.250e-6	1.310e-6	1.011e-6	1.122e-6	1.027e-6	1.140e-6
0.597	9.965e-7	1.091e-6	1.246e-6	1.306e-6	1.008e-6	1.119e-6	1.025e-6	1.138e-6
0.598	9.931e-7	1.088e-6	1.240e-6	1.304e-6	1.004e-6	1.116e-6	1.021e-6	1.136e-6
0.599	9.881e-7	1.085e-6	1.239e-6	1.298e-6	9.999e-7	1.113e-6	1.018e-6	1.131e-6
0.600	9.840e-7	1.082e-6	1.234e-6	1.294e-6	9.979e-7	1.110e-6	1.014e-6	1.128e-6
0.601	9.812e-7	1.078e-6	1.229e-6	1.291e-6	9.940e-7	1.107e-6	1.011e-6	1.126e-6
0.602	9.773e-7	1.075e-6	1.227e-6	1.288e-6	9.908e-7	1.104e-6	1.009e-6	1.122e-6
0.603	9.760e-7	1.073e-6	1.223e-6	1.284e-6	9.881e-7	1.101e-6	1.006e-6	1.121e-6
0.604	9.717e-7	1.070e-6	1.220e-6	1.281e-6	9.864e-7	1.099e-6	1.003e-6	1.118e-6
0.605	9.692e-7	1.068e-6	1.216e-6	1.279e-6	9.818e-7	1.096e-6	1.000e-6	1.114e-6
0.606	9.659e-7	1.065e-6	1.212e-6	1.276e-6	9.785e-7	1.093e-6	9.962e-7	1.112e-6
0.607	9.627e-7	1.063e-6	1.209e-6	1.273e-6	9.773e-7	1.090e-6	9.950e-7	1.110e-6
0.608	9.600e-7	1.060e-6	1.205e-6	1.270e-6	9.735e-7	1.090e-6	9.925e-7	1.108e-6
0.609	9.560e-7	1.055e-6	1.203e-6	1.266e-6	9.709e-7	1.085e-6	9.883e-7	1.105e-6
0.610	9.554e-7	1.055e-6	1.199e-6	1.266e-6	9.683e-7	1.085e-6	9.878e-7	1.103e-6
0.611	9.498e-7	1.051e-6	1.197e-6	1.262e-6	9.656e-7	1.080e-6	9.841e-7	1.100e-6
0.612	9.481e-7	1.050e-6	1.193e-6	1.258e-6	9.637e-7	1.079e-6	9.811e-7	1.099e-6
0.613	9.467e-7	1.048e-6	1.191e-6	1.258e-6	9.625e-7	1.078e-6	9.800e-7	1.098e-6
0.614	9.435e-7	1.046e-6	1.187e-6	1.255e-6	9.582e-7	1.074e-6	9.784e-7	1.094e-6
0.615	9.407e-7	1.043e-6	1.185e-6	1.252e-6	9.560e-7	1.072e-6	9.738e-7	1.092e-6
0.616	9.388e-7	1.042e-6	1.182e-6	1.249e-6	9.540e-7	1.071e-6	9.741e-7	1.092e-6
0.617	9.372e-7	1.039e-6	1.180e-6	1.248e-6	9.527e-7	1.071e-6	9.701e-7	1.088e-6
0.618	9.336e-7	1.037e-6	1.178e-6	1.246e-6	9.510e-7	1.068e-6	9.686e-7	1.087e-6
0.619	9.339e-7	1.037e-6	1.176e-6	1.245e-6	9.497e-7	1.067e-6	9.676e-7	1.087e-6
0.620	9.319e-7	1.036e-6	1.175e-6	1.243e-6	9.470e-7	1.067e-6	9.654e-7	1.086e-6
0.621	9.289e-7	1.032e-6	1.170e-6	1.241e-6	9.443e-7	1.063e-6	9.628e-7	1.083e-6
0.622	9.267e-7	1.031e-6	1.168e-6	1.240e-6	9.421e-7	1.062e-6	9.617e-7	1.080e-6
0.623	9.251e-7	1.029e-6	1.166e-6	1.235e-6	9.414e-7	1.058e-6	9.587e-7	1.079e-6
0.624	9.247e-7	1.029e-6	1.164e-6	1.236e-6	9.391e-7	1.058e-6	9.591e-7	1.078e-6
0.625	9.222e-7	1.026e-6	1.162e-6	1.235e-6	9.368e-7	1.057e-6	9.561e-7	1.076e-6
0.626	9.208e-7	1.027e-6	1.159e-6	1.235e-6	9.340e-7	1.054e-6	9.554e-7	1.076e-6
0.627	9.183e-7	1.024e-6	1.157e-6	1.231e-6	9.323e-7	1.053e-6	9.511e-7	1.074e-6
0.628	9.167e-7	1.023e-6	1.156e-6	1.230e-6	9.319e-7	1.052e-6	9.515e-7	1.073e-6
0.629	9.157e-7	1.024e-6	1.154e-6	1.230e-6	9.307e-7	1.051e-6	9.500e-7	1.072e-6
0.630	9.132e-7	1.021e-6	1.153e-6	1.226e-6	9.284e-7	1.050e-6	9.473e-7	1.071e-6
0.631	9.116e-7	1.020e-6	1.151e-6	1.227e-6	9.277e-7	1.050e-6	9.473e-7	1.071e-6
0.632	9.075e-7	1.017e-6	1.146e-6	1.223e-6	9.236e-7	1.046e-6	9.440e-7	1.066e-6
0.633	9.090e-7	1.018e-6	1.148e-6	1.224e-6	9.239e-7	1.046e-6	9.433e-7	1.068e-6
0.634	9.058e-7	1.016e-6	1.145e-6	1.223e-6	9.219e-7	1.045e-6	9.427e-7	1.065e-6
0.635	9.057e-7	1.015e-6	1.144e-6	1.221e-6	9.217e-7	1.045e-6	9.413e-7	1.065e-6
0.636	9.036e-7	1.013e-6	1.141e-6	1.221e-6	9.195e-7	1.042e-6	9.392e-7	1.063e-6
0.637	9.010e-7	1.012e-6	1.140e-6	1.219e-6	9.184e-7	1.041e-6	9.377e-7	1.062e-6
0.638	9.012e-7	1.013e-6	1.140e-6	1.219e-6	9.170e-7	1.041e-6	9.369e-7	1.063e-6
0.639	8.988e-7	1.011e-6	1.135e-6	1.216e-6	9.150e-7	1.037e-6	9.344e-7	1.059e-6
0.640	8.974e-7	1.010e-6	1.134e-6	1.217e-6	9.120e-7	1.038e-6	9.341e-7	1.059e-6
0.641	8.963e-7	1.009e-6	1.133e-6	1.215e-6	9.118e-7	1.036e-6	9.311e-7	1.058e-6
0.642	8.953e-7	1.009e-6	1.132e-6	1.216e-6	9.109e-7	1.036e-6	9.310e-7	1.058e-6
0.643	8.936e-7	1.009e-6	1.130e-6	1.215e-6	9.103e-7	1.036e-6	9.305e-7	1.057e-6
0.644	8.924e-7	1.006e-6	1.130e-6	1.213e-6	9.102e-7	1.036e-6	9.282e-7	1.056e-6
0.645	8.948e-7	1.007e-6	1.129e-6	1.214e-6	9.081e-7	1.035e-6	9.273e-7	1.056e-6
0.646	8.909e-7	1.006e-6	1.126e-6	1.212e-6	9.065e-7	1.032e-6	9.274e-7	1.053e-6
0.647	8.890e-7	1.004e-6	1.124e-6	1.210e-6	9.040e-7	1.031e-6	9.236e-7	1.053e-6
0.648	8.878e-7	1.002e-6	1.123e-6	1.209e-6	9.030e-7	1.029e-6	9.231e-7	1.050e-6
0.649	8.858e-7	1.003e-6	1.121e-6	1.209e-6	9.003e-7	1.028e-6	9.207e-7	1.050e-6
0.650	8.837e-7	1.001e-6	1.121e-6	1.208e-6	8.996e-7	1.027e-6	9.192e-7	1.051e-6
0.651	8.860e-7	1.002e-6	1.119e-6	1.210e-6	9.000e-7	1.028e-6	9.196e-7	1.050e-6
0.652	8.837e-7	9.990e-7	1.116e-6	1.206e-6	8.977e-7	1.026e-6	9.187e-7	1.047e-6
0.653	8.808e-7	9.986e-7	1.115e-6	1.205e-6	8.959e-7	1.024e-6	9.151e-7	1.047e-6
0.654	8.803e-7	9.980e-7	1.114e-6	1.205e-6	8.939e-7	1.024e-6	9.148e-7	1.045e-6
0.655	8.793e-7	9.975e-7	1.114e-6	1.204e-6	8.930e-7	1.022e-6	9.133e-7	1.044e-6
0.656	8.765e-7	9.959e-7	1.110e-6	1.202e-6	8.911e-7	1.020e-6	9.103e-7	1.043e-6
0.657	8.753e-7	9.938e-7	1.109e-6	1.199e-6	8.884e-7	1.019e-6	9.093e-7	1.042e-6
0.658	8.762e-7	9.955e-7	1.109e-6	1.201e-6	8.889e-7	1.018e-6	9.090e-7	1.040e-6
0.659	8.733e-7	9.933e-7	1.106e-6	1.199e-6	8.862e-7	1.016e-6	9.067e-7	1.039e-6
0.660	8.729e-7	9.923e-7	1.106e-6	1.200e-6	8.868e-7	1.017e-6	9.066e-7	1.038e-6
0.661	8.711e-7	9.905e-7	1.104e-6	1.200e-6	8.844e-7	1.016e-6	9.042e-7	1.035e-6
0.662	8.704e-7	9.909e-7	1.103e-6	1.198e-6	8.836e-7	1.015e-6	9.046e-7	1.036e-6
0.663	8.695e-7	9.892e-7	1.102e-6	1.197e-6	8.820e-7	1.014e-6	9.021e-7	1.036e-6
0.664	8.695e-7	9.884e-7	1.100e-6	1.196e-6	8.795e-7	1.012e-6	9.015e-7	1.033e-6
0.665	8.660e-7	9.896e-7	1.099e-6	1.196e-6	8.797e-7	1.010e-6	8.985e-7	1.034e-6
0.666	8.676e-7	9.882e-7	1.100e-6	1.197e-6	8.797e-7	1.010e-6	8.982e-7	1.032e-6
0.667	8.649e-7	9.871e-7	1.098e-6	1.196e-6	8.770e-7	1.009e-6	8.974e-7	1.031e-6
0.668	8.639e-7	9.859e-7	1.097e-6	1.194e-6	8.752e-7	1.008e-6	8.945e-7	1.029e-6
0.669	8.652e-7	9.881e-7	1.096e-6	1.197e-6	8.783e-7	1.008e-6	8.959e-7	1.031e-6
0.670	8.647e-7	9.871e-7	1.097e-6	1.195e-6	8.759e-7	1.008e-6	8.948e-7	1.030e-6
0.671	8.626e-7	9.880e-7	1.094e-6	1.194e-6	8.739e-7	1.006e-6	8.935e-7	1.028e-6
0.672	8.634e-7	9.850e-7	1.093e-6	1.194e-6	8.730e-7	1.006e-6	8.918e-7	1.027e-6
0.673	8.613e-7	9.833e-7	1.091e-6	1.192e-6	8.701e-7	1.004e-6	8.892e-7	1.024e-6
0.674	8.593e-7	9.830e-7	1.093e-6	1.193e-6	8.687e-7	1.005e-6	8.880e-7	1.026e-6
0.675	8.600e-7	9.835e-7	1.089e-6	1.192e-6	8.674e-7	1.001e-6	8.879e-7	1.024e-6
0.676	8.579e-7	9.855e-7	1.091e-6	1.194e-6	8.684e-7	1.001e-6	8.871e-7	1.025e-6
0.677	8.570e-7	9.839e-7	1.089e-6	1.192e-6	8.659e-7	9.998e-7	8.860e-7	1.022e-6
0.678	8.579e-7	9.843e-7	1.089e-6	1.191e-6	8.668e-7	1.000e-6	8.862e-7	1.022e-6
0.679	8.558e-7	9.822e-7	1.088e-6	1.191e-6	8.649e-7	9.976e-7	8.827e-7	1.020e-6
0.680	8.560e-7	9.830e-7	1.088e-6	1.191e-6	8.653e-7	9.999e-7	8.841e-7	1.021e-6
0.681	8.546e-7	9.832e-7	1.087e-6	1.191e-6	8.648e-7	9.978e-7	8.837e-7	1.019e-6
0.682	8.544e-7	9.826e-7	1.086e-6	1.191e-6	8.626e-7	9.983e-7	8.811e-7	1.018e-6
0.683	8.544e-7	9.813e-7	1.085e-6	1.189e-6	8.600e-7	9.964e-7	8.794e-7	1.017e-6
0.684	8.534e-7	9.809e-7	1.084e-6	1.190e-6	8.611e-7	9.962e-7	8.800e-7	1.016e-6
0.685	8.520e-7	9.799e-7	1.083e-6	1.189e-6	8.592e-7	9.942e-7	8.772e-7	1.015e-6
0.686	8.508e-7	9.813e-7	1.083e-6	1.190e-6	8.597e-7	9.943e-7	8.791e-7	1.015e-6
0.687	8.520e-7	9.820e-7	1.081e-6	1.192e-6	8.575e-7	9.947e-7	8.775e-7	1.015e-6
0.688	8.497e-7	9.788e-7	1.079e-6	1.188e-6	8.541e-7	9.901e-7	8.754e-7	1.012e-6
0.689	8.510e-7	9.807e-7	1.081e-6	1.190e-6	8.559e-7	9.932e-7	8.744e-7	1.014e-6
0.690	8.492e-7	9.801e-7	1.080e-6	1.189e-6	8.545e-7	9.919e-7	8.742e-7	1.013e-6
0.691	8.491e-7	9.787e-7	1.079e-6	1.189e-6	8.519e-7	9.911e-7	8.724e-7	1.012e-6
0.692	8.475e-7	9.786e-7	1.080e-6	1.188e-6	8.517e-7	9.903e-7	8.721e-7	1.012e-6
0.693	8.485e-7	9.809e-7	1.079e-6	1.190e-6	8.521e-7	9.901e-7	8.709e-7	1.011e-6
0.694	8.482e-7	9.803e-7	1.078e-6	1.190e-6	8.517e-7	9.886e-7	8.710e-7	1.009e-6
0.695	8.477e-7	9.790e-7	1.077e-6	1.188e-6	8.499e-7	9.873e-7	8.704e-7	1.009e-6
0.696	8.461e-7	9.798e-7	1.077e-6	1.190e-6	8.495e-7	9.882e-7	8.687e-7	1.007e-6
0.697	8.460e-7	9.798e-7	1.077e-6	1.191e-6	8.482e-7	9.862e-7	8.679e-7	1.008e-6
0.698	8.462e-7	9.795e-7	1.076e-6	1.190e-6	8.483e-7	9.866e-7	8.666e-7	1.006e-6
0.699	8.454e-7	9.807e-7	1.077e-6	1.191e-6	8.485e-7	9.870e-7	8.697e-7	1.008e-6
0.700	8.461e-7	9.813e-7	1.077e-6	1.193e-6	8.481e-7	9.876e-7	8.669e-7	1.008e-6
0.701	8.469e-7	9.814e-7	1.078e-6	1.192e-6	8.475e-7	9.870e-7	8.689e-7	1.009e-6
0.702	8.457e-7	9.810e-7	1.077e-6	1.192e-6	8.479e-7	9.871e-7	8.644e-7	1.008e-6
0.703	8.458e-7	9.827e-7	1.078e-6	1.193e-6	8.475e-7	9.858e-7	8.655e-7	1.007e-6
0.704	8.454e-7	9.820e-7	1.077e-6	1.195e-6	8.439e-7	9.853e-7	8.637e-7	1.006e-6
0.705	8.458e-7	9.807e-7	1.077e-6	1.194e-6	8.445e-7	9.856e-7	8.640e-7	1.007e-6
0.706	8.450e-7	9.829e-7	1.078e-6	1.196e-6	8.449e-7	9.861e-7	8.641e-7	1.006e-6
0.707	8.451e-7	9.812e-7	1.076e-6	1.197e-6	8.446e-7	9.859e-7	8.635e-7	1.005e-6
0.708	8.445e-7	9.817e-7	1.077e-6	1.197e-6	8.425e-7	9.849e-7	8.606e-7	1.006e-6
0.709	8.462e-7	9.837e-7	1.077e-6	1.198e-6	8.428e-7	9.850e-7	8.633e-7	1.006e-6
0.710	8.466e-7	9.838e-7	1.078e-6	1.200e-6	8.417e-7	9.867e-7	8.624e-7	1.006e-6
0.711	8.464e-7	9.856e-7	1.080e-6	1.200e-6	8.432e-7	9.851e-7	8.616e-7	1.007e-6
0.712	8.462e-7	9.858e-7	1.080e-6	1.203e-6	8.431e-7	9.854e-7	8.614e-7	1.006e-6
0.713	8.445e-7	9.854e-7	1.079e-6	1.201e-6	8.422e-7	9.836e-7	8.606e-7	1.004e-6
0.714	8.483e-7	9.897e-7	1.081e-6	1.205e-6	8.442e-7	9.867e-7	8.618e-7	1.007e-6
0.715	8.463e-7	9.874e-7	1.080e-6	1.204e-6	8.429e-7	9.842e-7	8.621e-7	1.007e-6
0.716	8.493e-7	9.900e-7	1.083e-6	1.208e-6	8.424e-7	9.862e-7	8.617e-7	1.008e-6
0.717	8.479e-7	9.899e-7	1.081e-6	1.208e-6	8.425e-7	9.861e-7	8.609e-7	1.008e-6
0.718	8.493e-7	9.910e-7	1.082e-6	1.211e-6	8.429e-7	9.875e-7	8.626e-7	1.009e-6
0.719	8.519e-7	9.925e-7	1.084e-6	1.213e-6	8.438e-7	9.894e-7	8.635e-7	1.008e-6
0.720	8.485e-7	9.909e-7	1.083e-6	1.213e-6	8.414e-7	9.879e-7	8.611e-7	1.006e-6
0.721	8.512e-7	9.954e-7	1.086e-6	1.216e-6	8.446e-7	9.910e-7	8.621e-7	1.012e-6
0.722	8.511e-7	9.970e-7	1.087e-6	1.217e-6	8.443e-7	9.900e-7	8.627e-7	1.011e-6
0.723	8.514e-7	9.969e-7	1.088e-6	1.218e-6	8.444e-7	9.903e-7	8.628e-7	1.011e-6
0.724	8.524e-7	9.977e-7	1.088e-6	1.219e-6	8.433e-7	9.899e-7	8.617e-7	1.010e-6
0.725	8.543e-7	1.002e-6	1.091e-6	1.223e-6	8.447e-7	9.929e-7	8.647e-7	1.013e-6
0.726	8.531e-7	1.001e-6	1.090e-6	1.223e-6	8.442e-7	9.911e-7	8.632e-7	1.011e-6
0.727	8.548e-7	1.003e-6	1.092e-6	1.225e-6	8.448e-7	9.925e-7	8.632e-7	1.013e-6
0.728	8.560e-7	1.004e-6	1.092e-6	1.227e-6	8.443e-7	9.915e-7	8.631e-7	1.015e-6
0.729	8.580e-7	1.005e-6	1.094e-6	1.230e-6	8.455e-7	9.949e-7	8.663e-7	1.015e-6
0.730	8.583e-7	1.007e-6	1.095e-6	1.229e-6	8.455e-7	9.952e-7	8.647e-7	1.015e-6
0.731	8.603e-7	1.008e-6	1.096e-6	1.234e-6	8.464e-7	9.973e-7	8.660e-7	1.017e-6
0.732	8.601e-7	1.010e-6	1.099e-6	1.237e-6	8.484e-7	9.984e-7	8.655e-7	1.019e-6
0.733	8.615e-7	1.012e-6	1.100e-6	1.237e-6	8.486e-7	9.998e-7	8.658e-7	1.018e-6
0.734	8.615e-7	1.013e-6	1.101e-6	1.240e-6	8.494e-7	9.991e-7	8.674e-7	1.021e-6
0.735	8.621e-7	1.015e-6	1.103e-6	1.242e-6	8.483e-7	1.001e-6	8.674e-7	1.021e-6
0.736	8.640e-7	1.017e-6	1.104e-6	1.245e-6	8.505e-7	1.001e-6	8.694e-7	1.024e-6
0.737	8.642e-7	1.017e-6	1.104e-6	1.248e-6	8.491e-7	1.002e-6	8.683e-7	1.022e-6
0.738	8.671e-7	1.018e-6	1.107e-6	1.249e-6	8.518e-7	1.004e-6	8.700e-7	1.024e-6
0.739	8.681e-7	1.021e-6	1.109e-6	1.251e-6	8.504e-7	1.004e-6	8.695e-7	1.024e-6
0.740	8.689e-7	1.024e-6	1.111e-6	1.255e-6	8.524e-7	1.007e-6	8.702e-7	1.029e-6
0.741	8.716e-7	1.027e-6	1.113e-6	1.258e-6	8.529e-7	1.008e-6	8.722e-7	1.028e-6
0.742	8.704e-7	1.027e-6	1.113e-6	1.259e-6	8.531e-7	1.008e-6	8.720e-7	1.029e-6
0.743	8.727e-7	1.029e-6	1.116e-6	1.262e-6	8.539e-7	1.010e-6	8.728e-7	1.030e-6
0.744	8.744e-7	1.031e-6	1.117e-6	1.265e-6	8.561e-7	1.012e-6	8.727e-7	1.032e-6
0.745	8.733e-7	1.031e-6	1.117e-6	1.265e-6	8.542e-7	1.010e-6	8.718e-7	1.031e-6
0.746	8.765e-7	1.033e-6	1.121e-6	1.268e-6	8.573e-7	1.013e-6	8.739e-7	1.033e-6
0.747	8.757e-7	1.033e-6	1.121e-6	1.271e-6	8.564e-7	1.013e-6	8.738e-7	1.033e-6
0.748	8.784e-7	1.037e-6	1.122e-6	1.273e-6	8.562e-7	1.014e-6	8.758e-7	1.035e-6
0.749	8.795e-7	1.037e-6	1.125e-6	1.276e-6	8.559e-7	1.015e-6	8.744e-7	1.036e-6
0.750	8.804e-7	1.040e-6	1.127e-6	1.278e-6	8.596e-7	1.016e-6	8.763e-7	1.038e-6
0.751	8.784e-7	1.038e-6	1.128e-6	1.280e-6	8.571e-7	1.016e-6	8.763e-7	1.036e-6
0.752	8.831e-7	1.044e-6	1.132e-6	1.284e-6	8.605e-7	1.020e-6	8.793e-7	1.041e-6
0.753	8.832e-7	1.046e-6	1.133e-6	1.287e-6	8.606e-7	1.020e-6	8.789e-7	1.042e-6
0.754	8.837e-7	1.046e-6	1.135e-6	1.287e-6	8.614e-7	1.022e-6	8.799e-7	1.042e-6
0.755	8.865e-7	1.050e-6	1.138e-6	1.292e-6	8.633e-7	1.025e-6	8.803e-7	1.045e-6
0.756	8.876e-7	1.049e-6	1.139e-6	1.295e-6	8.625e-7	1.025e-6	8.795e-7	1.045e-6
0.757	8.887e-7	1.053e-6	1.141e-6	1.298e-6	8.636e-7	1.027e-6	8.825e-7	1.047e-6
0.758	8.898e-7	1.054e-6	1.143e-6	1.300e-6	8.650e-7	1.028e-6	8.834e-7	1.049e-6
0.759	8.909e-7	1.057e-6	1.145e-6	1.304e-6	8.659e-7	1.030e-6	8.838e-7	1.050e-6
0.760	8.939e-7	1.059e-6	1.147e-6	1.307e-6	8.660e-7	1.031e-6	8.840e-7	1.051e-6
0.761	8.958e-7	1.063e-6	1.151e-6	1.311e-6	8.691e-7	1.033e-6	8.862e-7	1.053e-6
0.762	8.976e-7	1.063e-6	1.153e-6	1.312e-6	8.691e-7	1.035e-6	8.874e-7	1.055e-6
0.763	8.980e-7	1.067e-6	1.155e-6	1.314e-6	8.710e-7	1.037e-6	8.889e-7	1.058e-6
0.764	9.015e-7	1.069e-6	1.158e-6	1.319e-6	8.717e-7	1.039e-6	8.897e-7	1.060e-6
0.765	9.018e-7	1.070e-6	1.160e-6	1.320e-6	8.719e-7	1.040e-6	8.901e-7	1.061e-6
0.766	9.063e-7	1.074e-6	1.164e-6	1.326e-6	8.756e-7	1.045e-6	8.940e-7	1.066e-6
0.767	9.055e-7	1.077e-6	1.167e-6	1.327e-6	8.750e-7	1.045e-6	8.941e-7	1.066e-6
0.768	9.079e-7	1.080e-6	1.169e-6	1.330e-6	8.764e-7	1.046e-6	8.956e-7	1.067e-6
0.769	9.088e-7	1.081e-6	1.172e-6	1.333e-6	8.794e-7	1.046e-6	8.958e-7	1.069e-6
0.770	9.112e-7	1.083e-6	1.172e-6	1.334e-6	8.800e-7	1.050e-6	8.973e-7	1.071e-6
0.771	9.146e-7	1.088e-6	1.178e-6	1.340e-6	8.832e-7	1.053e-6	9.004e-7	1.074e-6
0.772	9.176e-7	1.089e-6	1.179e-6	1.342e-6	8.837e-7	1.055e-6	8.995e-7	1.074e-6
0.773	9.176e-7	1.093e-6	1.182e-6	1.344e-6	8.840e-7	1.058e-6	9.021e-7	1.078e-6
0.774	9.196e-7	1.094e-6	1.185e-6	1.346e-6	8.855e-7	1.058e-6	9.036e-7	1.080e-6
0.775	9.203e-7	1.096e-6	1.186e-6	1.349e-6	8.852e-7	1.058e-6	9.038e-7	1.081e-6
0.776	9.227e-7	1.100e-6	1.189e-6	1.353e-6	8.879e-7	1.062e-6	9.072e-7	1.083e-6
0.777	9.249e-7	1.103e-6	1.191e-6	1.355e-6	8.896e-7	1.063e-6	9.076e-7	1.084e-6
0.778	9.273e-7	1.105e-6	1.193e-6	1.356e-6	8.902e-7	1.065e-6	9.076e-7	1.087e-6
0.779	9.285e-7	1.105e-6	1.195e-6	1.359e-6	8.900e-7	1.066e-6	9.091e-7	1.088e-6
0.780	9.289e-7	1.108e-6	1.197e-6	1.360e-6	8.911e-7	1.068e-6	9.102e-7	1.089e-6
0.781	9.298e-7	1.110e-6	1.201e-6	1.362e-6	8.915e-7	1.069e-6	9.095e-7	1.090e-6
0.782	9.328e-7	1.112e-6	1.201e-6	1.365e-6	8.928e-7	1.072e-6	9.129e-7	1.094e-6
0.783	9.335e-7	1.115e-6	1.206e-6	1.369e-6	8.955e-7	1.074e-6	9.128e-7	1.094e-6
0.784	9.354e-7	1.117e-6	1.207e-6	1.370e-6	8.958e-7	1.075e-6	9.137e-7	1.096e-6
0.785	9.370e-7	1.118e-6	1.208e-6	1.372e-6	8.966e-7	1.076e-6	9.144e-7	1.097e-6
0.786	9.388e-7	1.123e-6	1.211e-6	1.376e-6	8.973e-7	1.078e-6	9.165e-7	1.101e-6
0.787	9.377e-7	1.122e-6	1.212e-6	1.374e-6	8.972e-7	1.079e-6	9.155e-7	1.100e-6
0.788	9.390e-7	1.123e-6	1.213e-6	1.378e-6	8.989e-7	1.081e-6	9.160e-7	1.101e-6
0.789	9.426e-7	1.127e-6	1.217e-6	1.380e-6	9.018e-7	1.084e-6	9.194e-7	1.103e-6
0.790	9.446e-7	1.129e-6	1.219e-6	1.383e-6	9.019e-7	1.086e-6	9.209e-7	1.107e-6
0.791	9.465e-7	1.132e-6	1.221e-6	1.386e-6	9.021e-7	1.087e-6	9.221e-7	1.108e-6
0.792	9.473e-7	1.134e-6	1.222e-6	1.388e-6	9.057e-7	1.091e-6	9.238e-7	1.110e-6
0.793	9.502e-7	1.138e-6	1.225e-6	1.392e-6	9.055e-7	1.092e-6	9.250e-7	1.115e-6
0.794	9.513e-7	1.140e-6	1.226e-6	1.395e-6	9.072e-7	1.093e-6	9.264e-7	1.115e-6
0.795	9.538e-7	1.139e-6	1.228e-6	1.397e-6	9.078e-7	1.095e-6	9.265e-7	1.116e-6
0.796	9.527e-7	1.142e-6	1.229e-6	1.397e-6	9.072e-7	1.095e-6	9.274e-7	1.116e-6
0.797	9.550e-7	1.145e-6	1.232e-6	1.400e-6	9.095e-7	1.097e-6	9.285e-7	1.120e-6
0.798	9.567e-7	1.146e-6	1.234e-6	1.402e-6	9.114e-7	1.099e-6	9.305e-7	1.120e-6
0.799	9.587e-7	1.149e-6	1.235e-6	1.404e-6	9.110e-7	1.101e-6	9.299e-7	1.124e-6
0.800	9.617e-7	1.152e-6	1.237e-6	1.406e-6	9.122e-7	1.102e-6	9.328e-7	1.123e-6
0.801	9.614e-7	1.152e-6	1.238e-6	1.408e-6	9.134e-7	1.104e-6	9.323e-7	1.125e-6
0.802	9.644e-7	1.158e-6	1.243e-6	1.411e-6	9.152e-7	1.106e-6	9.350e-7	1.129e-6
0.803	9.648e-7	1.157e-6	1.242e-6	1.413e-6	9.155e-7	1.108e-6	9.344e-7	1.130e-6
0.804	9.662e-7	1.160e-6	1.244e-6	1.416e-6	9.166e-7	1.109e-6	9.360e-7	1.130e-6
0.805	9.669e-7	1.161e-6	1.245e-6	1.416e-6	9.172e-7	1.110e-6	9.379e-7	1.133e-6
0.806	9.678e-7	1.165e-6	1.250e-6	1.420e-6	9.176e-7	1.112e-6	9.387e-7	1.135e-6
0.807	9.711e-7	1.166e-6	1.249e-6	1.422e-6	9.193e-7	1.114e-6	9.409e-7	1.135e-6
0.808	9.710e-7	1.169e-6	1.251e-6	1.425e-6	9.203e-7	1.115e-6	9.390e-7	1.137e-6
0.809	9.742e-7	1.173e-6	1.255e-6	1.430e-6	9.235e-7	1.119e-6	9.433e-7	1.140e-6
0.810	9.739e-7	1.171e-6	1.255e-6	1.428e-6	9.213e-7	1.118e-6	9.423e-7	1.141e-6
0.811	9.771e-7	1.175e-6	1.258e-6	1.431e-6	9.234e-7	1.120e-6	9.443e-7	1.143e-6
0.812	9.777e-7	1.177e-6	1.259e-6	1.434e-6	9.244e-7	1.122e-6	9.467e-7	1.145e-6
0.813	9.789e-7	1.179e-6	1.260e-6	1.436e-6	9.260e-7	1.124e-6	9.459e-7	1.146e-6
0.814	9.817e-7	1.183e-6	1.265e-6	1.440e-6	9.283e-7	1.126e-6	9.492e-7	1.149e-6
0.815	9.831e-7	1.183e-6	1.263e-6	1.441e-6	9.278e-7	1.127e-6	9.482e-7	1.150e-6
0.816	9.853e-7	1.187e-6	1.268e-6	1.445e-6	9.304e-7	1.130e-6	9.498e-7	1.153e-6
0.817	9.873e-7	1.190e-6	1.270e-6	1.449e-6	9.322e-7	1.132e-6	9.525e-7	1.155e-6
0.818	9.903e-7	1.193e-6	1.272e-6	1.450e-6	9.329e-7	1.135e-6	9.540e-7	1.157e-6
0.819	9.892e-7	1.193e-6	1.274e-6	1.452e-6	9.345e-7	1.137e-6	9.551e-7	1.159e-6
0.820	9.917e-7	1.198e-6	1.275e-6	1.454e-6	9.357e-7	1.137e-6	9.568e-7	1.160e-6
0.821	9.933e-7	1.198e-6	1.277e-6	1.455e-6	9.363e-7	1.139e-6	9.554e-7	1.161e-6
0.822	9.955e-7	1.202e-6	1.281e-6	1.459e-6	9.392e-7	1.144e-6	9.596e-7	1.167e-6
0.823	9.972e-7	1.203e-6	1.283e-6	1.463e-6	9.388e-7	1.145e-6	9.591e-7	1.165e-6
0.824	9.992e-7	1.208e-6	1.286e-6	1.466e-6	9.421e-7	1.150e-6	9.623e-7	1.171e-6
0.825	1.004e-6	1.212e-6	1.289e-6	1.470e-6	9.452e-7	1.153e-6	9.664e-7	1.174e-6
0.826	1.006e-6	1.214e-6	1.291e-6	1.472e-6	9.469e-7	1.154e-6	9.667e-7	1.176e-6
0.827	1.007e-6	1.217e-6	1.293e-6	1.475e-6	9.479e-7	1.156e-6	9.678e-7	1.179e-6
0.828	1.007e-6	1.219e-6	1.295e-6	1.477e-6	9.481e-7	1.157e-6	9.689e-7	1.178e-6
0.829	1.009e-6	1.221e-6	1.297e-6	1.481e-6	9.488e-7	1.159e-6	9.704e-7	1.182e-6
0.830	1.011e-6	1.223e-6	1.300e-6	1.484e-6	9.513e-7	1.161e-6	9.729e-7	1.185e-6
0.831	1.013e-6	1.228e-6	1.301e-6	1.487e-6	9.528e-7	1.163e-6	9.744e-7	1.186e-6
0.832	1.017e-6	1.232e-6	1.305e-6	1.490e-6	9.564e-7	1.169e-6	9.777e-7	1.191e-6
0.833	1.017e-6	1.231e-6	1.306e-6	1.492e-6	9.558e-7	1.169e-6	9.771e-7	1.192e-6
0.834	1.019e-6	1.236e-6	1.308e-6	1.496e-6	9.589e-7	1.172e-6	9.798e-7	1.194e-6
0.835	1.021e-6	1.239e-6	1.312e-6	1.498e-6	9.602e-7	1.175e-6	9.826e-7	1.197e-6
0.836	1.025e-6	1.242e-6	1.315e-6	1.501e-6	9.627e-7	1.178e-6	9.847e-7	1.201e-6
0.837	1.024e-6	1.243e-6	1.316e-6	1.504e-6	9.626e-7	1.179e-6	9.839e-7	1.202e-6
0.838	1.026e-6	1.246e-6	1.317e-6	1.505e-6	9.626e-7	1.181e-6	9.846e-7	1.203e-6
0.839	1.029e-6	1.249e-6	1.320e-6	1.510e-6	9.661e-7	1.183e-6	9.876e-7	1.205e-6
0.840	1.031e-6	1.252e-6	1.323e-6	1.513e-6	9.691e-7	1.185e-6	9.893e-7	1.208e-6
0.841	1.031e-6	1.252e-6	1.323e-6	1.514e-6	9.714e-7	1.187e-6	9.896e-7	1.209e-6
0.842	1.034e-6	1.255e-6	1.326e-6	1.516e-6	9.711e-7	1.190e-6	9.909e-7	1.213e-6
0.843	1.036e-6	1.258e-6	1.328e-6	1.520e-6	9.727e-7	1.192e-6	9.939e-7	1.215e-6
0.844	1.037e-6	1.260e-6	1.329e-6	1.522e-6	9.738e-7	1.195e-6	9.953e-7	1.216e-6
0.845	1.036e-6	1.261e-6	1.329e-6	1.523e-6	9.736e-7	1.195e-6	9.948e-7	1.218e-6
0.846	1.040e-6	1.265e-6	1.334e-6	1.528e-6	9.763e-7	1.198e-6	9.981e-7	1.222e-6
0.847	1.042e-6	1.268e-6	1.336e-6	1.530e-6	9.768e-7	1.201e-6	9.993e-7	1.224e-6
0.848	1.043e-6	1.271e-6	1.336e-6	1.532e-6	9.799e-7	1.203e-6	1.001e-6	1.226e-6
0.849	1.044e-6	1.272e-6	1.338e-6	1.533e-6	9.815e-7	1.204e-6	1.001e-6	1.229e-6
0.850	1.046e-6	1.275e-6	1.341e-6	1.537e-6	9.822e-7	1.207e-6	1.005e-6	1.231e-6
0.851	1.048e-6	1.277e-6	1.341e-6	1.538e-6	9.830e-7	1.208e-6	1.005e-6	1.231e-6
0.852	1.048e-6	1.280e-6	1.344e-6	1.541e-6	9.850e-7	1.212e-6	1.008e-6	1.236e-6
0.853	1.049e-6	1.282e-6	1.347e-6	1.545e-6	9.872e-7	1.214e-6	1.009e-6	1.239e-6
0.854	1.054e-6	1.285e-6	1.348e-6	1.548e-6	9.888e-7	1.217e-6	1.012e-6	1.240e-6
0.855	1.052e-6	1.285e-6	1.348e-6	1.546e-6	9.876e-7	1.216e-6	1.010e-6	1.240e-6
0.856	1.055e-6	1.289e-6	1.351e-6	1.551e-6	9.916e-7	1.221e-6	1.011e-6	1.243e-6
0.857	1.056e-6	1.291e-6	1.352e-6	1.552e-6	9.928e-7	1.222e-6	1.013e-6	1.246e-6
0.858	1.057e-6	1.293e-6	1.353e-6	1.555e-6	9.930e-7	1.222e-6	1.015e-6	1.247e-6
0.859	1.056e-6	1.293e-6	1.353e-6	1.556e-6	9.934e-7	1.224e-6	1.016e-6	1.248e-6
0.860	1.059e-6	1.296e-6	1.356e-6	1.559e-6	9.954e-7	1.229e-6	1.018e-6	1.251e-6
0.861	1.060e-6	1.298e-6	1.357e-6	1.560e-6	9.979e-7	1.230e-6	1.021e-6	1.252e-6
0.862	1.062e-6	1.301e-6	1.360e-6	1.559e-6	9.975e-7	1.230e-6	1.020e-6	1.256e-6
0.863	1.063e-6	1.302e-6	1.360e-6	1.565e-6	9.997e-7	1.233e-6	1.023e-6	1.256e-6
0.864	1.064e-6	1.304e-6	1.360e-6	1.564e-6	9.996e-7	1.232e-6	1.024e-6	1.258e-6
0.865	1.065e-6	1.306e-6	1.363e-6	1.567e-6	1.002e-6	1.235e-6	1.024e-6	1.261e-6
0.866	1.065e-6	1.308e-6	1.363e-6	1.568e-6	1.003e-6	1.237e-6	1.024e-6	1.262e-6
0.867	1.066e-6	1.310e-6	1.364e-6	1.570e-6	1.004e-6	1.238e-6	1.026e-6	1.264e-6
0.868	1.070e-6	1.312e-6	1.366e-6	1.573e-6	1.005e-6	1.241e-6	1.029e-6	1.267e-6
0.869	1.071e-6	1.314e-6	1.367e-6	1.574e-6	1.007e-6	1.244e-6	1.031e-6	1.269e-6
0.870	1.070e-6	1.315e-6	1.368e-6	1.576e-6	1.008e-6	1.246e-6	1.031e-6	1.270e-6
0.871	1.070e-6	1.316e-6	1.368e-6	1.575e-6	1.008e-6	1.246e-6	1.031e-6	1.270e-6
0.872	1.070e-6	1.316e-6	1.367e-6	1.576e-6	1.008e-6	1.247e-6	1.032e-6	1.272e-6
0.873	1.073e-6	1.321e-6	1.370e-6	1.580e-6	1.012e-6	1.251e-6	1.035e-6	1.275e-6
0.874	1.073e-6	1.321e-6	1.371e-6	1.580e-6	1.013e-6	1.251e-6	1.036e-6	1.277e-6
0.875	1.075e-6	1.323e-6	1.371e-6	1.582e-6	1.013e-6	1.255e-6	1.037e-6	1.278e-6
0.876	1.075e-6	1.325e-6	1.374e-6	1.584e-6	1.014e-6	1.254e-6	1.037e-6	1.280e-6
0.877	1.075e-6	1.325e-6	1.372e-6	1.585e-6	1.015e-6	1.254e-6	1.038e-6	1.280e-6
0.878	1.077e-6	1.327e-6	1.373e-6	1.584e-6	1.016e-6	1.257e-6	1.040e-6	1.282e-6
0.879	1.080e-6	1.331e-6	1.376e-6	1.589e-6	1.018e-6	1.260e-6	1.043e-6	1.285e-6
0.880	1.079e-6	1.330e-6	1.375e-6	1.587e-6	1.018e-6	1.259e-6	1.043e-6	1.286e-6
0.881	1.080e-6	1.329e-6	1.374e-6	1.587e-6	1.020e-6	1.261e-6	1.043e-6	1.285e-6
0.882	1.082e-6	1.333e-6	1.376e-6	1.592e-6	1.022e-6	1.266e-6	1.046e-6	1.291e-6
0.883	1.082e-6	1.336e-6	1.378e-6	1.592e-6	1.023e-6	1.266e-6	1.046e-6	1.292e-6
0.884	1.083e-6	1.337e-6	1.379e-6	1.594e-6	1.024e-6	1.269e-6	1.048e-6	1.294e-6
0.885	1.083e-6	1.339e-6	1.380e-6	1.595e-6	1.025e-6	1.269e-6	1.049e-6	1.296e-6
0.886	1.085e-6	1.340e-6	1.381e-6	1.596e-6	1.025e-6	1.272e-6	1.050e-6	1.298e-6
0.887	1.084e-6	1.340e-6	1.379e-6	1.595e-6	1.025e-6	1.272e-6	1.050e-6	1.298e-6
0.888	1.085e-6	1.341e-6	1.379e-6	1.595e-6	1.026e-6	1.273e-6	1.052e-6	1.299e-6
0.889	1.087e-6	1.343e-6	1.382e-6	1.598e-6	1.029e-6	1.277e-6	1.054e-6	1.302e-6
0.890	1.089e-6	1.346e-6	1.382e-6	1.599e-6	1.031e-6	1.277e-6	1.055e-6	1.303e-6
0.891	1.089e-6	1.347e-6	1.381e-6	1.599e-6	1.031e-6	1.280e-6	1.056e-6	1.305e-6
0.892	1.092e-6	1.348e-6	1.383e-6	1.601e-6	1.034e-6	1.283e-6	1.058e-6	1.307e-6
0.893	1.093e-6	1.351e-6	1.385e-6	1.604e-6	1.036e-6	1.284e-6	1.061e-6	1.310e-6
0.894	1.091e-6	1.350e-6	1.383e-6	1.602e-6	1.036e-6	1.284e-6	1.060e-6	1.309e-6
0.895	1.094e-6	1.352e-6	1.384e-6	1.604e-6	1.037e-6	1.285e-6	1.063e-6	1.311e-6
0.896	1.092e-6	1.352e-6	1.384e-6	1.603e-6	1.038e-6	1.286e-6	1.062e-6	1.313e-6
0.897	1.093e-6	1.353e-6	1.384e-6	1.605e-6	1.038e-6	1.287e-6	1.063e-6	1.313e-6
0.898	1.094e-6	1.354e-6	1.385e-6	1.604e-6	1.040e-6	1.288e-6	1.065e-6	1.315e-6
0.899	1.094e-6	1.353e-6	1.385e-6	1.604e-6	1.039e-6	1.288e-6	1.064e-6	1.313e-6
0.900	1.097e-6	1.356e-6	1.386e-6	1.607e-6	1.042e-6	1.292e-6	1.067e-6	1.318e-6
