0.004	4.286e-7	-5.423e-7	-9.709e-7	4.637e-7	-6.051e-7	-1.069e-6	4.895e-7	-6.478e-7	-1.137e-6	5.101e-7	-7.339e-7	-1.244e-6	4.125e-7	-5.196e-7	-9.321e-7	4.311e-7	-5.870e-7	-1.018e-6	4.123e-7	-5.213e-7	-9.336e-7	4.338e-7	-5.919e-7	-1.026e-6
0.008	4.467e-7	-2.863e-7	-7.330e-7	4.885e-7	-3.195e-7	-8.080e-7	5.227e-7	-3.420e-7	-8.647e-7	5.472e-7	-3.942e-7	-9.414e-7	4.354e-7	-2.642e-7	-6.996e-7	4.619e-7	-2.959e-7	-7.578e-7	4.349e-7	-2.610e-7	-6.959e-7	4.655e-7	-2.911e-7	-7.566e-7
0.012	4.124e-7	-1.888e-7	-6.013e-7	4.454e-7	-2.103e-7	-6.557e-7	4.858e-7	-2.261e-7	-7.119e-7	5.094e-7	-2.634e-7	-7.728e-7	4.036e-7	-1.689e-7	-5.725e-7	4.302e-7	-1.866e-7	-6.167e-7	4.039e-7	-1.635e-7	-5.674e-7	4.336e-7	-1.788e-7	-6.124e-7
0.016	3.852e-7	-1.280e-7	-5.132e-7	4.131e-7	-1.421e-7	-5.552e-7	4.563e-7	-1.543e-7	-6.106e-7	4.775e-7	-1.822e-7	-6.596e-7	3.777e-7	-1.106e-7	-4.884e-7	4.046e-7	-1.209e-7	-5.255e-7	3.778e-7	-1.050e-7	-4.828e-7	4.078e-7	-1.117e-7	-5.194e-7
0.020	3.635e-7	-8.669e-8	-4.502e-7	3.893e-7	-9.478e-8	-4.841e-7	4.332e-7	-1.039e-7	-5.372e-7	4.530e-7	-1.255e-7	-5.785e-7	3.573e-7	-7.114e-8	-4.285e-7	3.840e-7	-7.606e-8	-4.600e-7	3.576e-7	-6.459e-8	-4.222e-7	3.865e-7	-6.685e-8	-4.534e-7
0.024	3.443e-7	-5.624e-8	-4.005e-7	3.688e-7	-6.114e-8	-4.300e-7	4.134e-7	-6.626e-8	-4.797e-7	4.333e-7	-8.299e-8	-5.163e-7	3.405e-7	-4.130e-8	-3.818e-7	3.669e-7	-4.323e-8	-4.101e-7	3.388e-7	-3.632e-8	-3.751e-7	3.694e-7	-3.382e-8	-4.032e-7
0.028	3.306e-7	-3.214e-8	-3.628e-7	3.532e-7	-3.476e-8	-3.880e-7	3.976e-7	-3.719e-8	-4.348e-7	4.178e-7	-5.006e-8	-4.678e-7	3.269e-7	-1.868e-8	-3.455e-7	3.535e-7	-1.793e-8	-3.714e-7	3.259e-7	-1.376e-8	-3.396e-7	3.556e-7	-9.016e-9	-3.646e-7
0.032	3.182e-7	-1.365e-8	-3.319e-7	3.406e-7	-1.405e-8	-3.547e-7	3.842e-7	-1.385e-8	-3.981e-7	4.046e-7	-2.365e-8	-4.282e-7	3.150e-7	-1.282e-9	-3.163e-7	3.422e-7	1.870e-9	-3.403e-7	3.142e-7	3.698e-9	-3.105e-7	3.444e-7	1.042e-8	-3.339e-7
0.036	3.079e-7	2.211e-9	-3.057e-7	3.315e-7	4.042e-9	-3.274e-7	3.744e-7	6.207e-9	-3.682e-7	3.940e-7	-1.046e-9	-3.951e-7	3.061e-7	1.404e-8	-2.920e-7	3.331e-7	1.833e-8	-3.148e-7	3.049e-7	1.856e-8	-2.863e-7	3.357e-7	2.700e-8	-3.087e-7
0.040	3.003e-7	1.566e-8	-2.847e-7	3.231e-7	1.855e-8	-3.046e-7	3.647e-7	2.219e-8	-3.425e-7	3.868e-7	1.815e-8	-3.687e-7	2.982e-7	2.671e-8	-2.715e-7	3.266e-7	3.267e-8	-2.939e-7	2.976e-7	3.120e-8	-2.664e-7	3.280e-7	4.050e-8	-2.875e-7
0.044	2.922e-7	2.642e-8	-2.657e-7	3.159e-7	3.127e-8	-2.846e-7	3.575e-7	3.634e-8	-3.212e-7	3.783e-7	3.370e-8	-3.446e-7	2.908e-7	3.662e-8	-2.541e-7	3.200e-7	4.432e-8	-2.756e-7	2.906e-7	4.142e-8	-2.491e-7	3.216e-7	5.208e-8	-2.695e-7
0.048	2.859e-7	3.651e-8	-2.494e-7	3.098e-7	4.212e-8	-2.677e-7	3.494e-7	4.793e-8	-3.015e-7	3.721e-7	4.774e-8	-3.244e-7	2.857e-7	4.643e-8	-2.393e-7	3.141e-7	5.473e-8	-2.593e-7	2.849e-7	5.055e-8	-2.343e-7	3.164e-7	6.206e-8	-2.543e-7
0.052	2.816e-7	4.588e-8	-2.357e-7	3.065e-7	5.275e-8	-2.538e-7	3.447e-7	5.915e-8	-2.855e-7	3.678e-7	6.044e-8	-3.074e-7	2.810e-7	5.479e-8	-2.262e-7	3.107e-7	6.442e-8	-2.463e-7	2.809e-7	5.887e-8	-2.220e-7	3.124e-7	7.173e-8	-2.407e-7
0.056	2.771e-7	5.343e-8	-2.236e-7	3.020e-7	6.078e-8	-2.412e-7	3.401e-7	6.884e-8	-2.713e-7	3.636e-7	7.080e-8	-2.928e-7	2.767e-7	6.179e-8	-2.149e-7	3.066e-7	7.213e-8	-2.345e-7	2.762e-7	6.572e-8	-2.105e-7	3.084e-7	7.941e-8	-2.290e-7
0.060	2.736e-7	6.027e-8	-2.133e-7	2.990e-7	6.874e-8	-2.303e-7	3.355e-7	7.692e-8	-2.586e-7	3.608e-7	8.079e-8	-2.800e-7	2.728e-7	6.820e-8	-2.046e-7	3.040e-7	7.983e-8	-2.242e-7	2.726e-7	7.179e-8	-2.008e-7	3.054e-7	8.630e-8	-2.191e-7
0.064	2.700e-7	6.627e-8	-2.037e-7	2.958e-7	7.581e-8	-2.199e-7	3.320e-7	8.469e-8	-2.474e-7	3.571e-7	8.972e-8	-2.674e-7	2.701e-7	7.424e-8	-1.959e-7	3.012e-7	8.633e-8	-2.149e-7	2.694e-7	7.767e-8	-1.917e-7	3.025e-7	9.255e-8	-2.100e-7
0.068	2.668e-7	7.180e-8	-1.950e-7	2.940e-7	8.264e-8	-2.114e-7	3.287e-7	9.151e-8	-2.372e-7	3.553e-7	9.806e-8	-2.573e-7	2.675e-7	7.992e-8	-1.876e-7	2.992e-7	9.260e-8	-2.066e-7	2.672e-7	8.322e-8	-1.840e-7	3.007e-7	9.864e-8	-2.020e-7
0.072	2.650e-7	7.762e-8	-1.874e-7	2.921e-7	8.819e-8	-2.040e-7	3.272e-7	9.846e-8	-2.287e-7	3.535e-7	1.052e-7	-2.483e-7	2.653e-7	8.443e-8	-1.808e-7	2.982e-7	9.875e-8	-1.994e-7	2.652e-7	8.799e-8	-1.772e-7	3.001e-7	1.047e-7	-1.954e-7
0.076	2.629e-7	8.225e-8	-1.807e-7	2.908e-7	9.403e-8	-1.968e-7	3.247e-7	1.046e-7	-2.201e-7	3.524e-7	1.126e-7	-2.398e-7	2.640e-7	8.949e-8	-1.745e-7	2.961e-7	1.035e-7	-1.926e-7	2.639e-7	9.293e-8	-1.710e-7	2.988e-7	1.097e-7	-1.890e-7
0.080	2.617e-7	8.717e-8	-1.745e-7	2.903e-7	9.989e-8	-1.904e-7	3.236e-7	1.102e-7	-2.134e-7	3.516e-7	1.194e-7	-2.321e-7	2.624e-7	9.394e-8	-1.684e-7	2.960e-7	1.091e-7	-1.868e-7	2.624e-7	9.737e-8	-1.650e-7	2.979e-7	1.149e-7	-1.830e-7
0.084	2.603e-7	9.092e-8	-1.694e-7	2.910e-7	1.057e-7	-1.852e-7	3.217e-7	1.151e-7	-2.066e-7	3.508e-7	1.252e-7	-2.257e-7	2.616e-7	9.784e-8	-1.637e-7	2.948e-7	1.133e-7	-1.815e-7	2.617e-7	1.013e-7	-1.604e-7	2.975e-7	1.193e-7	-1.782e-7
0.088	2.594e-7	9.499e-8	-1.644e-7	2.913e-7	1.111e-7	-1.801e-7	3.212e-7	1.202e-7	-2.010e-7	3.510e-7	1.315e-7	-2.195e-7	2.608e-7	1.017e-7	-1.590e-7	2.954e-7	1.182e-7	-1.771e-7	2.607e-7	1.050e-7	-1.558e-7	2.977e-7	1.242e-7	-1.735e-7
0.092	2.596e-7	9.963e-8	-1.599e-7	2.938e-7	1.180e-7	-1.758e-7	3.205e-7	1.249e-7	-1.956e-7	3.520e-7	1.375e-7	-2.145e-7	2.604e-7	1.056e-7	-1.548e-7	2.961e-7	1.231e-7	-1.730e-7	2.606e-7	1.085e-7	-1.521e-7	2.977e-7	1.285e-7	-1.692e-7
0.096	2.588e-7	1.030e-7	-1.558e-7	2.963e-7	1.247e-7	-1.716e-7	3.202e-7	1.294e-7	-1.908e-7	3.532e-7	1.439e-7	-2.093e-7	2.605e-7	1.090e-7	-1.515e-7	2.959e-7	1.268e-7	-1.691e-7	2.595e-7	1.119e-7	-1.477e-7	2.984e-7	1.325e-7	-1.659e-7
0.100	2.586e-7	1.068e-7	-1.518e-7	3.019e-7	1.341e-7	-1.678e-7	3.203e-7	1.337e-7	-1.865e-7	3.552e-7	1.501e-7	-2.050e-7	2.604e-7	1.127e-7	-1.477e-7	2.967e-7	1.309e-7	-1.658e-7	2.605e-7	1.154e-7	-1.451e-7	2.992e-7	1.367e-7	-1.624e-7
0.104	2.584e-7	1.102e-7	-1.482e-7	3.007e-7	1.363e-7	-1.643e-7	3.205e-7	1.376e-7	-1.828e-7	3.548e-7	1.542e-7	-2.006e-7	2.603e-7	1.157e-7	-1.446e-7	2.972e-7	1.350e-7	-1.622e-7	2.598e-7	1.185e-7	-1.413e-7	2.995e-7	1.397e-7	-1.598e-7
0.108	2.591e-7	1.138e-7	-1.454e-7	2.964e-7	1.352e-7	-1.612e-7	3.206e-7	1.419e-7	-1.787e-7	3.558e-7	1.589e-7	-1.969e-7	2.605e-7	1.193e-7	-1.412e-7	2.988e-7	1.392e-7	-1.596e-7	2.607e-7	1.217e-7	-1.389e-7	3.011e-7	1.443e-7	-1.568e-7
0.112	2.594e-7	1.166e-7	-1.428e-7	2.945e-7	1.355e-7	-1.590e-7	3.212e-7	1.458e-7	-1.754e-7	3.578e-7	1.639e-7	-1.939e-7	2.613e-7	1.220e-7	-1.393e-7	3.003e-7	1.429e-7	-1.573e-7	2.611e-7	1.248e-7	-1.364e-7	3.025e-7	1.476e-7	-1.549e-7
0.116	2.604e-7	1.198e-7	-1.406e-7	2.959e-7	1.390e-7	-1.569e-7	3.231e-7	1.501e-7	-1.730e-7	3.603e-7	1.693e-7	-1.910e-7	2.628e-7	1.256e-7	-1.372e-7	3.020e-7	1.470e-7	-1.551e-7	2.624e-7	1.280e-7	-1.344e-7	3.044e-7	1.516e-7	-1.528e-7
0.120	2.610e-7	1.232e-7	-1.378e-7	2.968e-7	1.422e-7	-1.546e-7	3.232e-7	1.532e-7	-1.699e-7	3.619e-7	1.733e-7	-1.886e-7	2.632e-7	1.285e-7	-1.347e-7	3.034e-7	1.505e-7	-1.529e-7	2.631e-7	1.309e-7	-1.322e-7	3.060e-7	1.554e-7	-1.506e-7
0.124	2.622e-7	1.265e-7	-1.357e-7	2.999e-7	1.468e-7	-1.531e-7	3.243e-7	1.574e-7	-1.669e-7	3.639e-7	1.774e-7	-1.865e-7	2.648e-7	1.320e-7	-1.328e-7	3.065e-7	1.552e-7	-1.513e-7	2.649e-7	1.342e-7	-1.307e-7	3.088e-7	1.595e-7	-1.493e-7
0.128	2.637e-7	1.298e-7	-1.338e-7	3.025e-7	1.511e-7	-1.514e-7	3.263e-7	1.613e-7	-1.650e-7	3.655e-7	1.810e-7	-1.844e-7	2.660e-7	1.351e-7	-1.309e-7	3.085e-7	1.587e-7	-1.498e-7	2.662e-7	1.373e-7	-1.289e-7	3.113e-7	1.633e-7	-1.481e-7
0.132	2.657e-7	1.335e-7	-1.322e-7	3.054e-7	1.558e-7	-1.497e-7	3.284e-7	1.650e-7	-1.634e-7	3.681e-7	1.855e-7	-1.826e-7	2.679e-7	1.381e-7	-1.298e-7	3.116e-7	1.629e-7	-1.488e-7	2.681e-7	1.408e-7	-1.273e-7	3.138e-7	1.671e-7	-1.467e-7
0.136	2.679e-7	1.368e-7	-1.311e-7	3.094e-7	1.600e-7	-1.494e-7	3.302e-7	1.685e-7	-1.617e-7	3.714e-7	1.905e-7	-1.809e-7	2.698e-7	1.410e-7	-1.288e-7	3.149e-7	1.670e-7	-1.479e-7	2.696e-7	1.436e-7	-1.260e-7	3.166e-7	1.708e-7	-1.457e-7
0.140	2.700e-7	1.402e-7	-1.298e-7	3.130e-7	1.649e-7	-1.481e-7	3.328e-7	1.728e-7	-1.600e-7	3.753e-7	1.953e-7	-1.800e-7	2.720e-7	1.445e-7	-1.275e-7	3.185e-7	1.712e-7	-1.473e-7	2.719e-7	1.467e-7	-1.252e-7	3.206e-7	1.755e-7	-1.451e-7
0.144	2.739e-7	1.445e-7	-1.294e-7	3.176e-7	1.701e-7	-1.475e-7	3.362e-7	1.774e-7	-1.588e-7	3.799e-7	2.011e-7	-1.788e-7	2.742e-7	1.479e-7	-1.264e-7	3.233e-7	1.765e-7	-1.468e-7	2.747e-7	1.507e-7	-1.240e-7	3.249e-7	1.800e-7	-1.449e-7
0.148	2.767e-7	1.483e-7	-1.285e-7	3.227e-7	1.753e-7	-1.474e-7	3.390e-7	1.813e-7	-1.577e-7	3.848e-7	2.067e-7	-1.781e-7	2.776e-7	1.515e-7	-1.261e-7	3.269e-7	1.806e-7	-1.463e-7	2.780e-7	1.540e-7	-1.240e-7	3.302e-7	1.850e-7	-1.453e-7
0.152	2.798e-7	1.524e-7	-1.274e-7	3.277e-7	1.808e-7	-1.470e-7	3.429e-7	1.856e-7	-1.573e-7	3.905e-7	2.132e-7	-1.773e-7	2.805e-7	1.552e-7	-1.254e-7	3.317e-7	1.856e-7	-1.461e-7	2.802e-7	1.570e-7	-1.232e-7	3.338e-7	1.897e-7	-1.442e-7
0.156	2.844e-7	1.573e-7	-1.271e-7	3.346e-7	1.871e-7	-1.474e-7	3.463e-7	1.902e-7	-1.561e-7	3.956e-7	2.188e-7	-1.768e-7	2.840e-7	1.590e-7	-1.250e-7	3.370e-7	1.912e-7	-1.458e-7	2.840e-7	1.612e-7	-1.228e-7	3.393e-7	1.945e-7	-1.448e-7
0.160	2.884e-7	1.617e-7	-1.266e-7	3.410e-7	1.932e-7	-1.478e-7	3.504e-7	1.946e-7	-1.558e-7	4.022e-7	2.248e-7	-1.774e-7	2.875e-7	1.631e-7	-1.244e-7	3.425e-7	1.966e-7	-1.459e-7	2.878e-7	1.651e-7	-1.228e-7	3.454e-7	2.004e-7	-1.450e-7
0.164	2.930e-7	1.661e-7	-1.269e-7	3.482e-7	1.995e-7	-1.488e-7	3.549e-7	1.995e-7	-1.554e-7	4.092e-7	2.314e-7	-1.777e-7	2.908e-7	1.665e-7	-1.243e-7	3.481e-7	2.019e-7	-1.462e-7	2.919e-7	1.692e-7	-1.226e-7	3.509e-7	2.057e-7	-1.452e-7
0.168	2.981e-7	1.715e-7	-1.266e-7	3.565e-7	2.071e-7	-1.494e-7	3.608e-7	2.053e-7	-1.556e-7	4.172e-7	2.389e-7	-1.783e-7	2.967e-7	1.717e-7	-1.249e-7	3.557e-7	2.086e-7	-1.471e-7	2.965e-7	1.735e-7	-1.229e-7	3.586e-7	2.120e-7	-1.466e-7
0.172	3.037e-7	1.768e-7	-1.270e-7	3.664e-7	2.157e-7	-1.507e-7	3.659e-7	2.105e-7	-1.554e-7	4.252e-7	2.464e-7	-1.788e-7	3.008e-7	1.761e-7	-1.247e-7	3.631e-7	2.150e-7	-1.482e-7	3.011e-7	1.782e-7	-1.229e-7	3.660e-7	2.185e-7	-1.475e-7
0.176	3.102e-7	1.824e-7	-1.277e-7	3.752e-7	2.229e-7	-1.522e-7	3.716e-7	2.160e-7	-1.556e-7	4.347e-7	2.547e-7	-1.800e-7	3.058e-7	1.810e-7	-1.247e-7	3.717e-7	2.222e-7	-1.496e-7	3.062e-7	1.829e-7	-1.233e-7	3.745e-7	2.256e-7	-1.490e-7
0.180	3.171e-7	1.889e-7	-1.282e-7	3.856e-7	2.321e-7	-1.535e-7	3.780e-7	2.220e-7	-1.560e-7	4.449e-7	2.635e-7	-1.814e-7	3.120e-7	1.868e-7	-1.252e-7	3.802e-7	2.295e-7	-1.507e-7	3.126e-7	1.887e-7	-1.240e-7	3.835e-7	2.332e-7	-1.503e-7
0.184	3.242e-7	1.950e-7	-1.292e-7	3.968e-7	2.410e-7	-1.559e-7	3.840e-7	2.277e-7	-1.563e-7	4.543e-7	2.717e-7	-1.826e-7	3.182e-7	1.919e-7	-1.264e-7	3.896e-7	2.370e-7	-1.526e-7	3.183e-7	1.936e-7	-1.247e-7	3.923e-7	2.401e-7	-1.522e-7
0.188	3.313e-7	2.015e-7	-1.298e-7	4.088e-7	2.506e-7	-1.582e-7	3.914e-7	2.344e-7	-1.569e-7	4.656e-7	2.808e-7	-1.848e-7	3.249e-7	1.976e-7	-1.274e-7	3.994e-7	2.452e-7	-1.542e-7	3.255e-7	1.998e-7	-1.258e-7	4.027e-7	2.490e-7	-1.538e-7
0.192	3.398e-7	2.085e-7	-1.314e-7	4.205e-7	2.596e-7	-1.609e-7	3.982e-7	2.402e-7	-1.580e-7	4.767e-7	2.901e-7	-1.866e-7	3.312e-7	2.028e-7	-1.284e-7	4.097e-7	2.533e-7	-1.564e-7	3.323e-7	2.054e-7	-1.269e-7	4.128e-7	2.567e-7	-1.560e-7
0.196	3.482e-7	2.158e-7	-1.324e-7	4.336e-7	2.706e-7	-1.630e-7	4.074e-7	2.483e-7	-1.591e-7	4.889e-7	3.002e-7	-1.886e-7	3.389e-7	2.095e-7	-1.294e-7	4.207e-7	2.623e-7	-1.584e-7	3.403e-7	2.119e-7	-1.284e-7	4.239e-7	2.657e-7	-1.583e-7
0.200	3.580e-7	2.237e-7	-1.343e-7	4.479e-7	2.812e-7	-1.666e-7	4.159e-7	2.553e-7	-1.605e-7	5.022e-7	3.107e-7	-1.914e-7	3.460e-7	2.158e-7	-1.302e-7	4.330e-7	2.716e-7	-1.614e-7	3.476e-7	2.183e-7	-1.293e-7	4.354e-7	2.745e-7	-1.609e-7
0.204	3.669e-7	2.308e-7	-1.362e-7	4.621e-7	2.919e-7	-1.702e-7	4.235e-7	2.620e-7	-1.615e-7	5.139e-7	3.201e-7	-1.938e-7	3.540e-7	2.219e-7	-1.320e-7	4.437e-7	2.801e-7	-1.636e-7	3.555e-7	2.247e-7	-1.308e-7	4.465e-7	2.832e-7	-1.633e-7
0.208	3.771e-7	2.390e-7	-1.380e-7	4.769e-7	3.031e-7	-1.737e-7	4.328e-7	2.700e-7	-1.627e-7	5.277e-7	3.307e-7	-1.970e-7	3.623e-7	2.285e-7	-1.338e-7	4.569e-7	2.901e-7	-1.668e-7	3.643e-7	2.315e-7	-1.329e-7	4.592e-7	2.930e-7	-1.662e-7
0.212	3.873e-7	2.472e-7	-1.401e-7	4.919e-7	3.147e-7	-1.772e-7	4.423e-7	2.774e-7	-1.649e-7	5.416e-7	3.418e-7	-1.998e-7	3.716e-7	2.361e-7	-1.355e-7	4.692e-7	2.995e-7	-1.697e-7	3.728e-7	2.386e-7	-1.342e-7	4.717e-7	3.023e-7	-1.695e-7
0.216	3.972e-7	2.553e-7	-1.418e-7	5.070e-7	3.259e-7	-1.811e-7	4.516e-7	2.853e-7	-1.663e-7	5.554e-7	3.527e-7	-2.027e-7	3.806e-7	2.434e-7	-1.372e-7	4.820e-7	3.094e-7	-1.726e-7	3.823e-7	2.459e-7	-1.364e-7	4.842e-7	3.119e-7	-1.723e-7
0.220	4.078e-7	2.635e-7	-1.443e-7	5.218e-7	3.369e-7	-1.849e-7	4.615e-7	2.930e-7	-1.685e-7	5.690e-7	3.631e-7	-2.059e-7	3.889e-7	2.503e-7	-1.386e-7	4.946e-7	3.189e-7	-1.757e-7	3.907e-7	2.528e-7	-1.379e-7	4.970e-7	3.215e-7	-1.756e-7
0.224	4.174e-7	2.710e-7	-1.464e-7	5.368e-7	3.478e-7	-1.889e-7	4.700e-7	3.005e-7	-1.695e-7	5.818e-7	3.729e-7	-2.089e-7	3.979e-7	2.571e-7	-1.408e-7	5.068e-7	3.280e-7	-1.788e-7	3.996e-7	2.596e-7	-1.400e-7	5.091e-7	3.307e-7	-1.785e-7
0.228	4.287e-7	2.799e-7	-1.487e-7	5.510e-7	3.585e-7	-1.926e-7	4.806e-7	3.087e-7	-1.720e-7	5.961e-7	3.840e-7	-2.120e-7	4.069e-7	2.642e-7	-1.427e-7	5.197e-7	3.377e-7	-1.820e-7	4.091e-7	2.670e-7	-1.421e-7	5.217e-7	3.401e-7	-1.816e-7
0.232	4.386e-7	2.884e-7	-1.502e-7	5.659e-7	3.703e-7	-1.956e-7	4.898e-7	3.165e-7	-1.733e-7	6.083e-7	3.940e-7	-2.143e-7	4.161e-7	2.718e-7	-1.443e-7	5.321e-7	3.475e-7	-1.846e-7	4.179e-7	2.741e-7	-1.437e-7	5.334e-7	3.495e-7	-1.840e-7
0.236	4.495e-7	2.967e-7	-1.528e-7	5.798e-7	3.805e-7	-1.993e-7	4.990e-7	3.242e-7	-1.748e-7	6.212e-7	4.036e-7	-2.176e-7	4.245e-7	2.786e-7	-1.459e-7	5.432e-7	3.559e-7	-1.872e-7	4.265e-7	2.814e-7	-1.451e-7	5.456e-7	3.587e-7	-1.869e-7
0.240	4.589e-7	3.041e-7	-1.548e-7	5.932e-7	3.900e-7	-2.031e-7	5.078e-7	3.314e-7	-1.764e-7	6.329e-7	4.126e-7	-2.203e-7	4.328e-7	2.851e-7	-1.477e-7	5.547e-7	3.647e-7	-1.900e-7	4.352e-7	2.878e-7	-1.474e-7	5.564e-7	3.665e-7	-1.899e-7
0.244	4.684e-7	3.118e-7	-1.566e-7	6.057e-7	3.999e-7	-2.058e-7	5.165e-7	3.385e-7	-1.779e-7	6.432e-7	4.209e-7	-2.224e-7	4.408e-7	2.916e-7	-1.492e-7	5.651e-7	3.725e-7	-1.926e-7	4.434e-7	2.945e-7	-1.489e-7	5.666e-7	3.744e-7	-1.921e-7
0.248	4.770e-7	3.187e-7	-1.583e-7	6.164e-7	4.086e-7	-2.078e-7	5.257e-7	3.455e-7	-1.802e-7	6.537e-7	4.295e-7	-2.242e-7	4.486e-7	2.977e-7	-1.509e-7	5.746e-7	3.801e-7	-1.946e-7	4.508e-7	3.005e-7	-1.502e-7	5.763e-7	3.818e-7	-1.945e-7
0.252	4.854e-7	3.256e-7	-1.598e-7	6.263e-7	4.166e-7	-2.097e-7	5.329e-7	3.520e-7	-1.809e-7	6.628e-7	4.374e-7	-2.254e-7	4.554e-7	3.038e-7	-1.516e-7	5.834e-7	3.873e-7	-1.961e-7	4.578e-7	3.062e-7	-1.516e-7	5.848e-7	3.889e-7	-1.960e-7
0.256	4.932e-7	3.324e-7	-1.608e-7	6.352e-7	4.245e-7	-2.106e-7	5.405e-7	3.586e-7	-1.818e-7	6.706e-7	4.446e-7	-2.261e-7	4.629e-7	3.101e-7	-1.528e-7	5.905e-7	3.940e-7	-1.965e-7	4.645e-7	3.124e-7	-1.521e-7	5.920e-7	3.955e-7	-1.966e-7
0.260	5.003e-7	3.384e-7	-1.620e-7	6.434e-7	4.313e-7	-2.121e-7	5.477e-7	3.651e-7	-1.826e-7	6.774e-7	4.511e-7	-2.263e-7	4.682e-7	3.147e-7	-1.534e-7	5.981e-7	4.003e-7	-1.978e-7	4.701e-7	3.171e-7	-1.530e-7	5.991e-7	4.017e-7	-1.974e-7
0.264	5.056e-7	3.437e-7	-1.619e-7	6.493e-7	4.369e-7	-2.124e-7	5.526e-7	3.698e-7	-1.828e-7	6.836e-7	4.566e-7	-2.270e-7	4.735e-7	3.194e-7	-1.541e-7	6.030e-7	4.051e-7	-1.979e-7	4.753e-7	3.219e-7	-1.534e-7	6.046e-7	4.068e-7	-1.978e-7
0.268	5.107e-7	3.486e-7	-1.621e-7	6.534e-7	4.421e-7	-2.112e-7	5.570e-7	3.744e-7	-1.826e-7	6.873e-7	4.612e-7	-2.261e-7	4.780e-7	3.238e-7	-1.542e-7	6.067e-7	4.092e-7	-1.975e-7	4.794e-7	3.261e-7	-1.533e-7	6.071e-7	4.101e-7	-1.971e-7
0.272	5.149e-7	3.532e-7	-1.617e-7	6.568e-7	4.465e-7	-2.103e-7	5.618e-7	3.794e-7	-1.824e-7	6.909e-7	4.661e-7	-2.247e-7	4.817e-7	3.281e-7	-1.536e-7	6.102e-7	4.137e-7	-1.965e-7	4.834e-7	3.304e-7	-1.530e-7	6.105e-7	4.145e-7	-1.960e-7
0.276	5.176e-7	3.566e-7	-1.609e-7	6.573e-7	4.489e-7	-2.084e-7	5.644e-7	3.828e-7	-1.817e-7	6.916e-7	4.686e-7	-2.230e-7	4.838e-7	3.313e-7	-1.526e-7	6.118e-7	4.165e-7	-1.953e-7	4.857e-7	3.330e-7	-1.527e-7	6.119e-7	4.172e-7	-1.947e-7
0.280	5.193e-7	3.599e-7	-1.594e-7	6.571e-7	4.512e-7	-2.059e-7	5.669e-7	3.862e-7	-1.807e-7	6.922e-7	4.717e-7	-2.205e-7	4.859e-7	3.340e-7	-1.520e-7	6.118e-7	4.187e-7	-1.931e-7	4.870e-7	3.357e-7	-1.513e-7	6.121e-7	4.194e-7	-1.927e-7
0.284	5.203e-7	3.626e-7	-1.577e-7	6.557e-7	4.531e-7	-2.027e-7	5.680e-7	3.890e-7	-1.790e-7	6.906e-7	4.729e-7	-2.177e-7	4.873e-7	3.366e-7	-1.507e-7	6.119e-7	4.207e-7	-1.912e-7	4.878e-7	3.380e-7	-1.498e-7	6.110e-7	4.208e-7	-1.903e-7
0.288	5.206e-7	3.649e-7	-1.557e-7	6.538e-7	4.545e-7	-1.993e-7	5.690e-7	3.917e-7	-1.773e-7	6.895e-7	4.746e-7	-2.149e-7	4.881e-7	3.391e-7	-1.490e-7	6.104e-7	4.221e-7	-1.884e-7	4.891e-7	3.403e-7	-1.488e-7	6.105e-7	4.225e-7	-1.880e-7
0.292	5.196e-7	3.661e-7	-1.535e-7	6.499e-7	4.548e-7	-1.952e-7	5.689e-7	3.936e-7	-1.752e-7	6.867e-7	4.759e-7	-2.108e-7	4.875e-7	3.404e-7	-1.471e-7	6.080e-7	4.228e-7	-1.852e-7	4.880e-7	3.416e-7	-1.464e-7	6.077e-7	4.231e-7	-1.846e-7
0.296	5.183e-7	3.682e-7	-1.500e-7	6.450e-7	4.548e-7	-1.901e-7	5.679e-7	3.956e-7	-1.723e-7	6.828e-7	4.764e-7	-2.064e-7	4.875e-7	3.423e-7	-1.452e-7	6.047e-7	4.233e-7	-1.814e-7	4.872e-7	3.430e-7	-1.442e-7	6.043e-7	4.237e-7	-1.806e-7
0.300	5.155e-7	3.687e-7	-1.468e-7	6.392e-7	4.541e-7	-1.851e-7	5.667e-7	3.972e-7	-1.695e-7	6.792e-7	4.766e-7	-2.025e-7	4.855e-7	3.432e-7	-1.423e-7	6.005e-7	4.231e-7	-1.774e-7	4.856e-7	3.439e-7	-1.417e-7	6.007e-7	4.235e-7	-1.772e-7
0.304	5.128e-7	3.692e-7	-1.436e-7	6.330e-7	4.533e-7	-1.797e-7	5.647e-7	3.979e-7	-1.669e-7	6.739e-7	4.757e-7	-1.982e-7	4.833e-7	3.436e-7	-1.396e-7	5.967e-7	4.231e-7	-1.736e-7	4.839e-7	3.446e-7	-1.393e-7	5.967e-7	4.233e-7	-1.733e-7
0.308	5.087e-7	3.694e-7	-1.393e-7	6.263e-7	4.521e-7	-1.743e-7	5.626e-7	3.989e-7	-1.637e-7	6.681e-7	4.749e-7	-1.931e-7	4.814e-7	3.445e-7	-1.369e-7	5.913e-7	4.223e-7	-1.690e-7	4.819e-7	3.451e-7	-1.368e-7	5.926e-7	4.230e-7	-1.696e-7
0.312	5.059e-7	3.700e-7	-1.359e-7	6.194e-7	4.505e-7	-1.689e-7	5.607e-7	3.995e-7	-1.613e-7	6.630e-7	4.741e-7	-1.889e-7	4.793e-7	3.448e-7	-1.345e-7	5.874e-7	4.218e-7	-1.656e-7	4.798e-7	3.457e-7	-1.341e-7	5.878e-7	4.219e-7	-1.659e-7
0.316	5.018e-7	3.702e-7	-1.316e-7	6.125e-7	4.490e-7	-1.635e-7	5.585e-7	4.007e-7	-1.577e-7	6.574e-7	4.733e-7	-1.841e-7	4.767e-7	3.453e-7	-1.313e-7	5.823e-7	4.208e-7	-1.615e-7	4.773e-7	3.461e-7	-1.312e-7	5.831e-7	4.215e-7	-1.616e-7
0.320	4.981e-7	3.702e-7	-1.279e-7	6.052e-7	4.474e-7	-1.577e-7	5.559e-7	4.015e-7	-1.544e-7	6.520e-7	4.727e-7	-1.793e-7	4.744e-7	3.462e-7	-1.282e-7	5.775e-7	4.203e-7	-1.573e-7	4.749e-7	3.464e-7	-1.284e-7	5.789e-7	4.209e-7	-1.580e-7
0.324	4.933e-7	3.698e-7	-1.235e-7	5.989e-7	4.462e-7	-1.527e-7	5.533e-7	4.018e-7	-1.515e-7	6.469e-7	4.719e-7	-1.750e-7	4.708e-7	3.457e-7	-1.251e-7	5.723e-7	4.196e-7	-1.527e-7	4.730e-7	3.471e-7	-1.260e-7	5.745e-7	4.200e-7	-1.545e-7
0.328	4.891e-7	3.704e-7	-1.187e-7	5.910e-7	4.448e-7	-1.462e-7	5.501e-7	4.027e-7	-1.474e-7	6.416e-7	4.715e-7	-1.701e-7	4.684e-7	3.465e-7	-1.219e-7	5.678e-7	4.191e-7	-1.487e-7	4.699e-7	3.476e-7	-1.223e-7	5.696e-7	4.198e-7	-1.498e-7
0.332	4.856e-7	3.704e-7	-1.153e-7	5.853e-7	4.442e-7	-1.411e-7	5.477e-7	4.035e-7	-1.442e-7	6.367e-7	4.707e-7	-1.660e-7	4.660e-7	3.473e-7	-1.188e-7	5.627e-7	4.182e-7	-1.445e-7	4.681e-7	3.480e-7	-1.201e-7	5.655e-7	4.189e-7	-1.466e-7
0.336	4.831e-7	3.718e-7	-1.113e-7	5.789e-7	4.430e-7	-1.359e-7	5.462e-7	4.051e-7	-1.411e-7	6.320e-7	4.708e-7	-1.612e-7	4.644e-7	3.482e-7	-1.162e-7	5.591e-7	4.187e-7	-1.404e-7	4.670e-7	3.495e-7	-1.175e-7	5.619e-7	4.195e-7	-1.424e-7
0.340	4.798e-7	3.725e-7	-1.073e-7	5.735e-7	4.428e-7	-1.308e-7	5.444e-7	4.064e-7	-1.379e-7	6.277e-7	4.705e-7	-1.572e-7	4.623e-7	3.493e-7	-1.130e-7	5.553e-7	4.184e-7	-1.370e-7	4.648e-7	3.503e-7	-1.146e-7	5.591e-7	4.198e-7	-1.393e-7
0.344	4.773e-7	3.736e-7	-1.037e-7	5.694e-7	4.434e-7	-1.260e-7	5.431e-7	4.079e-7	-1.352e-7	6.254e-7	4.717e-7	-1.537e-7	4.618e-7	3.507e-7	-1.111e-7	5.534e-7	4.196e-7	-1.338e-7	4.644e-7	3.519e-7	-1.125e-7	5.574e-7	4.208e-7	-1.366e-7
0.348	4.756e-7	3.756e-7	-9.991e-8	5.654e-7	4.438e-7	-1.216e-7	5.423e-7	4.101e-7	-1.322e-7	6.229e-7	4.729e-7	-1.501e-7	4.601e-7	3.522e-7	-1.079e-7	5.504e-7	4.201e-7	-1.304e-7	4.636e-7	3.536e-7	-1.100e-7	5.552e-7	4.217e-7	-1.335e-7
0.352	4.734e-7	3.777e-7	-9.569e-8	5.614e-7	4.447e-7	-1.167e-7	5.414e-7	4.127e-7	-1.287e-7	6.197e-7	4.739e-7	-1.458e-7	4.596e-7	3.547e-7	-1.049e-7	5.486e-7	4.217e-7	-1.269e-7	4.627e-7	3.553e-7	-1.074e-7	5.525e-7	4.229e-7	-1.296e-7
0.356	4.718e-7	3.795e-7	-9.233e-8	5.590e-7	4.462e-7	-1.128e-7	5.408e-7	4.149e-7	-1.259e-7	6.182e-7	4.755e-7	-1.427e-7	4.587e-7	3.562e-7	-1.024e-7	5.465e-7	4.228e-7	-1.236e-7	4.634e-7	3.577e-7	-1.057e-7	5.523e-7	4.248e-7	-1.274e-7
0.360	4.714e-7	3.825e-7	-8.883e-8	5.565e-7	4.484e-7	-1.081e-7	5.417e-7	4.183e-7	-1.234e-7	6.178e-7	4.786e-7	-1.391e-7	4.597e-7	3.593e-7	-1.004e-7	5.462e-7	4.257e-7	-1.205e-7	4.636e-7	3.605e-7	-1.031e-7	5.514e-7	4.268e-7	-1.246e-7
0.364	4.708e-7	3.856e-7	-8.525e-8	5.544e-7	4.506e-7	-1.038e-7	5.416e-7	4.211e-7	-1.205e-7	6.167e-7	4.807e-7	-1.360e-7	4.596e-7	3.619e-7	-9.764e-8	5.454e-7	4.278e-7	-1.176e-7	4.644e-7	3.631e-7	-1.013e-7	5.521e-7	4.298e-7	-1.222e-7
0.368	4.711e-7	3.891e-7	-8.194e-8	5.541e-7	4.540e-7	-1.000e-7	5.423e-7	4.248e-7	-1.176e-7	6.163e-7	4.839e-7	-1.323e-7	4.603e-7	3.648e-7	-9.544e-8	5.465e-7	4.314e-7	-1.151e-7	4.656e-7	3.664e-7	-9.917e-8	5.520e-7	4.327e-7	-1.193e-7
0.372	4.717e-7	3.932e-7	-7.857e-8	5.536e-7	4.576e-7	-9.604e-8	5.448e-7	4.295e-7	-1.153e-7	6.162e-7	4.868e-7	-1.294e-7	4.620e-7	3.687e-7	-9.323e-8	5.465e-7	4.345e-7	-1.119e-7	4.669e-7	3.701e-7	-9.684e-8	5.532e-7	4.362e-7	-1.169e-7
0.376	4.731e-7	3.979e-7	-7.525e-8	5.546e-7	4.621e-7	-9.248e-8	5.463e-7	4.338e-7	-1.125e-7	6.186e-7	4.920e-7	-1.267e-7	4.632e-7	3.725e-7	-9.075e-8	5.478e-7	4.384e-7	-1.094e-7	4.690e-7	3.739e-7	-9.517e-8	5.548e-7	4.402e-7	-1.146e-7
0.380	4.741e-7	4.021e-7	-7.196e-8	5.545e-7	4.660e-7	-8.853e-8	5.473e-7	4.382e-7	-1.091e-7	6.181e-7	4.954e-7	-1.227e-7	4.641e-7	3.762e-7	-8.798e-8	5.484e-7	4.420e-7	-1.064e-7	4.703e-7	3.777e-7	-9.260e-8	5.561e-7	4.444e-7	-1.116e-7
0.384	4.763e-7	4.078e-7	-6.850e-8	5.558e-7	4.713e-7	-8.456e-8	5.500e-7	4.435e-7	-1.065e-7	6.207e-7	5.007e-7	-1.199e-7	4.669e-7	3.813e-7	-8.560e-8	5.504e-7	4.467e-7	-1.037e-7	4.730e-7	3.825e-7	-9.046e-8	5.579e-7	4.490e-7	-1.090e-7
0.388	4.794e-7	4.142e-7	-6.524e-8	5.584e-7	4.777e-7	-8.067e-8	5.528e-7	4.495e-7	-1.033e-7	6.236e-7	5.069e-7	-1.167e-7	4.696e-7	3.868e-7	-8.283e-8	5.535e-7	4.528e-7	-1.007e-7	4.762e-7	3.882e-7	-8.793e-8	5.618e-7	4.550e-7	-1.068e-7
0.392	4.823e-7	4.206e-7	-6.171e-8	5.616e-7	4.844e-7	-7.724e-8	5.572e-7	4.563e-7	-1.009e-7	6.267e-7	5.133e-7	-1.134e-7	4.727e-7	3.925e-7	-8.018e-8	5.572e-7	4.594e-7	-9.783e-8	4.803e-7	3.941e-7	-8.612e-8	5.648e-7	4.609e-7	-1.038e-7
0.396	4.858e-7	4.274e-7	-5.838e-8	5.644e-7	4.913e-7	-7.308e-8	5.602e-7	4.626e-7	-9.756e-8	6.298e-7	5.203e-7	-1.096e-7	4.766e-7	3.987e-7	-7.794e-8	5.594e-7	4.649e-7	-9.457e-8	4.832e-7	3.998e-7	-8.335e-8	5.689e-7	4.676e-7	-1.013e-7
0.400	4.893e-7	4.346e-7	-5.469e-8	5.678e-7	4.986e-7	-6.913e-8	5.647e-7	4.700e-7	-9.464e-8	6.332e-7	5.267e-7	-1.065e-7	4.808e-7	4.056e-7	-7.527e-8	5.633e-7	4.718e-7	-9.150e-8	4.872e-7	4.063e-7	-8.097e-8	5.717e-7	4.738e-7	-9.785e-8
0.404	4.937e-7	4.424e-7	-5.127e-8	5.723e-7	5.071e-7	-6.516e-8	5.689e-7	4.773e-7	-9.160e-8	6.384e-7	5.352e-7	-1.032e-7	4.843e-7	4.117e-7	-7.259e-8	5.677e-7	4.793e-7	-8.837e-8	4.921e-7	4.134e-7	-7.873e-8	5.771e-7	4.816e-7	-9.547e-8
0.408	4.982e-7	4.506e-7	-4.763e-8	5.764e-7	5.157e-7	-6.073e-8	5.731e-7	4.854e-7	-8.768e-8	6.416e-7	5.427e-7	-9.896e-8	4.886e-7	4.197e-7	-6.889e-8	5.719e-7	4.873e-7	-8.454e-8	4.959e-7	4.204e-7	-7.553e-8	5.815e-7	4.898e-7	-9.169e-8
0.412	5.037e-7	4.597e-7	-4.400e-8	5.814e-7	5.250e-7	-5.638e-8	5.785e-7	4.940e-7	-8.444e-8	6.463e-7	5.517e-7	-9.462e-8	4.931e-7	4.271e-7	-6.604e-8	5.774e-7	4.962e-7	-8.121e-8	5.007e-7	4.284e-7	-7.235e-8	5.868e-7	4.982e-7	-8.853e-8
0.416	5.080e-7	4.683e-7	-3.966e-8	5.866e-7	5.347e-7	-5.189e-8	5.837e-7	5.034e-7	-8.023e-8	6.522e-7	5.615e-7	-9.075e-8	4.984e-7	4.358e-7	-6.260e-8	5.813e-7	5.047e-7	-7.661e-8	5.056e-7	4.363e-7	-6.927e-8	5.923e-7	5.074e-7	-8.486e-8
0.420	5.133e-7	4.783e-7	-3.500e-8	5.915e-7	5.447e-7	-4.685e-8	5.886e-7	5.126e-7	-7.604e-8	6.573e-7	5.712e-7	-8.607e-8	5.037e-7	4.450e-7	-5.865e-8	5.873e-7	5.145e-7	-7.286e-8	5.114e-7	4.458e-7	-6.561e-8	5.969e-7	5.163e-7	-8.063e-8
0.424	5.203e-7	4.894e-7	-3.089e-8	5.980e-7	5.564e-7	-4.165e-8	5.947e-7	5.233e-7	-7.143e-8	6.629e-7	5.821e-7	-8.082e-8	5.100e-7	4.548e-7	-5.521e-8	5.932e-7	5.247e-7	-6.844e-8	5.178e-7	4.553e-7	-6.249e-8	6.046e-7	5.276e-7	-7.699e-8
0.428	5.265e-7	5.004e-7	-2.609e-8	6.049e-7	5.684e-7	-3.651e-8	6.017e-7	5.346e-7	-6.709e-8	6.693e-7	5.934e-7	-7.590e-8	5.152e-7	4.649e-7	-5.033e-8	5.994e-7	5.358e-7	-6.366e-8	5.243e-7	4.662e-7	-5.805e-8	6.105e-7	5.382e-7	-7.233e-8
0.432	5.328e-7	5.119e-7	-2.096e-8	6.108e-7	5.801e-7	-3.068e-8	6.083e-7	5.461e-7	-6.217e-8	6.766e-7	6.061e-7	-7.044e-8	5.228e-7	4.761e-7	-4.667e-8	6.065e-7	5.480e-7	-5.850e-8	5.306e-7	4.769e-7	-5.378e-8	6.173e-7	5.501e-7	-6.722e-8
0.436	5.403e-7	5.240e-7	-1.626e-8	6.187e-7	5.932e-7	-2.550e-8	6.160e-7	5.587e-7	-5.733e-8	6.829e-7	6.179e-7	-6.508e-8	5.288e-7	4.870e-7	-4.182e-8	6.136e-7	5.597e-7	-5.382e-8	5.385e-7	4.880e-7	-5.047e-8	6.251e-7	5.623e-7	-6.276e-8
0.440	5.482e-7	5.374e-7	-1.077e-8	6.263e-7	6.069e-7	-1.935e-8	6.241e-7	5.723e-7	-5.180e-8	6.906e-7	6.320e-7	-5.858e-8	5.368e-7	5.001e-7	-3.676e-8	6.213e-7	5.733e-7	-4.799e-8	5.464e-7	5.012e-7	-4.513e-8	6.333e-7	5.760e-7	-5.726e-8
0.444	5.559e-7	5.506e-7	-5.338e-9	6.343e-7	6.207e-7	-1.355e-8	6.318e-7	5.855e-7	-4.635e-8	6.991e-7	6.460e-7	-5.311e-8	5.449e-7	5.133e-7	-3.165e-8	6.288e-7	5.864e-7	-4.233e-8	5.543e-7	5.140e-7	-4.031e-8	6.419e-7	5.897e-7	-5.219e-8
0.448	5.651e-7	5.652e-7	1.337e-10	6.426e-7	6.353e-7	-7.315e-9	6.413e-7	6.004e-7	-4.086e-8	7.078e-7	6.612e-7	-4.666e-8	5.533e-7	5.266e-7	-2.664e-8	6.379e-7	6.014e-7	-3.657e-8	5.638e-7	5.282e-7	-3.560e-8	6.510e-7	6.044e-7	-4.657e-8
0.452	5.739e-7	5.802e-7	6.334e-9	6.517e-7	6.509e-7	-7.708e-10	6.504e-7	6.158e-7	-3.460e-8	7.171e-7	6.767e-7	-4.041e-8	5.621e-7	5.409e-7	-2.113e-8	6.472e-7	6.164e-7	-3.074e-8	5.725e-7	5.427e-7	-2.980e-8	6.602e-7	6.196e-7	-4.054e-8
0.456	5.826e-7	5.947e-7	1.210e-8	6.610e-7	6.667e-7	5.705e-9	6.595e-7	6.312e-7	-2.829e-8	7.267e-7	6.932e-7	-3.355e-8	5.715e-7	5.563e-7	-1.523e-8	6.564e-7	6.320e-7	-2.438e-8	5.823e-7	5.578e-7	-2.449e-8	6.701e-7	6.354e-7	-3.466e-8
0.460	5.925e-7	6.107e-7	1.818e-8	6.695e-7	6.820e-7	1.253e-8	6.695e-7	6.477e-7	-2.184e-8	7.358e-7	7.098e-7	-2.602e-8	5.809e-7	5.717e-7	-9.155e-9	6.657e-7	6.478e-7	-1.792e-8	5.922e-7	5.736e-7	-1.857e-8	6.802e-7	6.520e-7	-2.824e-8
0.464	6.014e-7	6.267e-7	2.524e-8	6.791e-7	6.992e-7	2.018e-8	6.796e-7	6.649e-7	-1.474e-8	7.462e-7	7.277e-7	-1.855e-8	5.913e-7	5.884e-7	-2.926e-9	6.759e-7	6.652e-7	-1.067e-8	6.023e-7	5.903e-7	-1.199e-8	6.901e-7	6.691e-7	-2.098e-8
0.468	6.119e-7	6.433e-7	3.139e-8	6.895e-7	7.158e-7	2.631e-8	6.910e-7	6.830e-7	-8.064e-9	7.564e-7	7.454e-7	-1.098e-8	6.012e-7	6.047e-7	3.540e-9	6.856e-7	6.819e-7	-3.715e-9	6.134e-7	6.073e-7	-6.164e-9	7.018e-7	6.870e-7	-1.484e-8
0.472	6.218e-7	6.601e-7	3.831e-8	6.990e-7	7.329e-7	3.384e-8	7.019e-7	7.015e-7	-4.564e-10	7.683e-7	7.643e-7	-4.048e-9	6.123e-7	6.228e-7	1.050e-8	6.965e-7	7.001e-7	3.617e-9	6.247e-7	6.251e-7	4.202e-10	7.127e-7	7.053e-7	-7.414e-9
0.476	6.309e-7	6.769e-7	4.606e-8	7.077e-7	7.496e-7	4.185e-8	7.120e-7	7.195e-7	7.515e-9	7.773e-7	7.821e-7	4.819e-9	6.222e-7	6.399e-7	1.776e-8	7.067e-7	7.176e-7	1.094e-8	6.350e-7	6.432e-7	8.195e-9	7.233e-7	7.236e-7	3.314e-10
0.480	6.403e-7	6.931e-7	5.281e-8	7.166e-7	7.661e-7	4.944e-8	7.225e-7	7.384e-7	1.589e-8	7.878e-7	8.015e-7	1.361e-8	6.330e-7	6.581e-7	2.504e-8	7.166e-7	7.355e-7	1.894e-8	6.467e-7	6.617e-7	1.498e-8	7.344e-7	7.423e-7	7.958e-9
0.484	6.503e-7	7.104e-7	6.001e-8	7.256e-7	7.823e-7	5.671e-8	7.339e-7	7.567e-7	2.284e-8	7.988e-7	8.202e-7	2.136e-8	6.434e-7	6.761e-7	3.264e-8	7.269e-7	7.535e-7	2.666e-8	6.576e-7	6.802e-7	2.258e-8	7.455e-7	7.607e-7	1.518e-8
0.488	6.600e-7	7.272e-7	6.717e-8	7.344e-7	7.990e-7	6.452e-8	7.447e-7	7.761e-7	3.137e-8	8.093e-7	8.390e-7	2.964e-8	6.544e-7	6.941e-7	3.972e-8	7.367e-7	7.710e-7	3.430e-8	6.689e-7	6.986e-7	2.972e-8	7.567e-7	7.797e-7	2.301e-8
0.492	6.670e-7	7.424e-7	7.536e-8	7.425e-7	8.142e-7	7.170e-8	7.545e-7	7.944e-7	3.996e-8	8.188e-7	8.572e-7	3.841e-8	6.639e-7	7.115e-7	4.758e-8	7.465e-7	7.886e-7	4.217e-8	6.797e-7	7.174e-7	3.769e-8	7.661e-7	7.969e-7	3.079e-8
0.496	6.754e-7	7.578e-7	8.248e-8	7.497e-7	8.290e-7	7.931e-8	7.641e-7	8.124e-7	4.830e-8	8.279e-7	8.748e-7	4.693e-8	6.727e-7	7.287e-7	5.593e-8	7.551e-7	8.054e-7	5.029e-8	6.897e-7	7.353e-7	4.555e-8	7.761e-7	8.149e-7	3.886e-8
0.500	6.821e-7	7.723e-7	9.017e-8	7.565e-7	8.430e-7	8.646e-8	7.732e-7	8.302e-7	5.697e-8	8.368e-7	8.923e-7	5.544e-8	6.817e-7	7.454e-7	6.368e-8	7.633e-7	8.217e-7	5.836e-8	6.987e-7	7.523e-7	5.353e-8	7.853e-7	8.322e-7	4.695e-8
0.504	6.883e-7	7.856e-7	9.730e-8	7.613e-7	8.552e-7	9.385e-8	7.812e-7	8.467e-7	6.551e-8	8.447e-7	9.086e-7	6.400e-8	6.896e-7	7.609e-7	7.130e-8	7.704e-7	8.367e-7	6.625e-8	7.081e-7	7.692e-7	6.111e-8	7.933e-7	8.480e-7	5.468e-8
0.508	6.932e-7	7.978e-7	1.047e-7	7.652e-7	8.665e-7	1.013e-7	7.876e-7	8.618e-7	7.427e-8	8.514e-7	9.241e-7	7.267e-8	6.958e-7	7.754e-7	7.962e-8	7.757e-7	8.501e-7	7.442e-8	7.153e-7	7.845e-7	6.926e-8	8.001e-7	8.628e-7	6.263e-8
0.512	6.962e-7	8.083e-7	1.120e-7	7.688e-7	8.766e-7	1.078e-7	7.937e-7	8.765e-7	8.280e-8	8.574e-7	9.387e-7	8.129e-8	7.015e-7	7.890e-7	8.753e-8	7.806e-7	8.626e-7	8.207e-8	7.208e-7	7.982e-7	7.737e-8	8.058e-7	8.762e-7	7.043e-8
0.516	6.980e-7	8.177e-7	1.197e-7	7.703e-7	8.852e-7	1.150e-7	7.974e-7	8.888e-7	9.145e-8	8.614e-7	9.509e-7	8.957e-8	7.060e-7	8.010e-7	9.500e-8	7.841e-7	8.740e-7	8.989e-8	7.261e-7	8.113e-7	8.523e-8	8.101e-7	8.886e-7	7.850e-8
0.520	6.988e-7	8.252e-7	1.263e-7	7.711e-7	8.920e-7	1.209e-7	8.007e-7	9.004e-7	9.978e-8	8.640e-7	9.622e-7	9.815e-8	7.093e-7	8.117e-7	1.024e-7	7.867e-7	8.838e-7	9.711e-8	7.299e-7	8.227e-7	9.281e-8	8.136e-7	8.990e-7	8.531e-8
0.524	6.978e-7	8.312e-7	1.334e-7	7.691e-7	8.968e-7	1.277e-7	8.011e-7	9.097e-7	1.086e-7	8.647e-7	9.716e-7	1.069e-7	7.097e-7	8.205e-7	1.108e-7	7.869e-7	8.916e-7	1.048e-7	7.317e-7	8.322e-7	1.005e-7	8.142e-7	9.074e-7	9.320e-8
0.528	6.951e-7	8.355e-7	1.404e-7	7.667e-7	9.007e-7	1.340e-7	8.009e-7	9.178e-7	1.168e-7	8.648e-7	9.795e-7	1.147e-7	7.091e-7	8.274e-7	1.183e-7	7.850e-7	8.976e-7	1.126e-7	7.321e-7	8.403e-7	1.082e-7	8.138e-7	9.143e-7	1.005e-7
0.532	6.914e-7	8.379e-7	1.465e-7	7.621e-7	9.021e-7	1.400e-7	7.987e-7	9.235e-7	1.248e-7	8.637e-7	9.857e-7	1.220e-7	7.074e-7	8.326e-7	1.252e-7	7.838e-7	9.022e-7	1.185e-7	7.305e-7	8.458e-7	1.154e-7	8.126e-7	9.193e-7	1.067e-7
0.536	6.858e-7	8.392e-7	1.534e-7	7.571e-7	9.031e-7	1.460e-7	7.949e-7	9.284e-7	1.335e-7	8.606e-7	9.905e-7	1.298e-7	7.038e-7	8.364e-7	1.326e-7	7.797e-7	9.058e-7	1.260e-7	7.271e-7	8.501e-7	1.231e-7	8.092e-7	9.233e-7	1.141e-7
0.540	6.787e-7	8.379e-7	1.592e-7	7.505e-7	9.015e-7	1.511e-7	7.900e-7	9.310e-7	1.410e-7	8.560e-7	9.930e-7	1.370e-7	6.981e-7	8.379e-7	1.398e-7	7.740e-7	9.065e-7	1.324e-7	7.225e-7	8.521e-7	1.296e-7	8.045e-7	9.244e-7	1.200e-7
0.544	6.700e-7	8.360e-7	1.659e-7	7.421e-7	8.990e-7	1.569e-7	7.829e-7	9.319e-7	1.491e-7	8.494e-7	9.940e-7	1.446e-7	6.913e-7	8.381e-7	1.468e-7	7.674e-7	9.063e-7	1.389e-7	7.158e-7	8.523e-7	1.365e-7	7.973e-7	9.244e-7	1.270e-7
0.548	6.606e-7	8.321e-7	1.715e-7	7.327e-7	8.947e-7	1.620e-7	7.748e-7	9.312e-7	1.563e-7	8.418e-7	9.934e-7	1.517e-7	6.830e-7	8.366e-7	1.536e-7	7.586e-7	9.036e-7	1.451e-7	7.071e-7	8.508e-7	1.437e-7	7.893e-7	9.223e-7	1.329e-7
0.552	6.494e-7	8.268e-7	1.774e-7	7.222e-7	8.892e-7	1.670e-7	7.656e-7	9.289e-7	1.633e-7	8.331e-7	9.912e-7	1.581e-7	6.746e-7	8.340e-7	1.595e-7	7.494e-7	9.004e-7	1.510e-7	6.988e-7	8.483e-7	1.495e-7	7.804e-7	9.189e-7	1.385e-7
0.556	6.383e-7	8.213e-7	1.829e-7	7.117e-7	8.831e-7	1.714e-7	7.544e-7	9.249e-7	1.705e-7	8.226e-7	9.882e-7	1.656e-7	6.638e-7	8.297e-7	1.659e-7	7.393e-7	8.960e-7	1.567e-7	6.881e-7	8.440e-7	1.559e-7	7.701e-7	9.141e-7	1.440e-7
0.560	6.266e-7	8.144e-7	1.878e-7	7.002e-7	8.761e-7	1.759e-7	7.423e-7	9.199e-7	1.777e-7	8.129e-7	9.840e-7	1.710e-7	6.522e-7	8.244e-7	1.722e-7	7.275e-7	8.901e-7	1.626e-7	6.767e-7	8.387e-7	1.620e-7	7.582e-7	9.081e-7	1.499e-7
0.564	6.136e-7	8.069e-7	1.932e-7	6.880e-7	8.683e-7	1.804e-7	7.311e-7	9.148e-7	1.837e-7	8.004e-7	9.784e-7	1.780e-7	6.407e-7	8.185e-7	1.778e-7	7.158e-7	8.836e-7	1.678e-7	6.645e-7	8.320e-7	1.675e-7	7.467e-7	9.011e-7	1.545e-7
0.568	6.019e-7	7.991e-7	1.972e-7	6.754e-7	8.596e-7	1.842e-7	7.179e-7	9.078e-7	1.899e-7	7.877e-7	9.717e-7	1.840e-7	6.278e-7	8.115e-7	1.837e-7	7.033e-7	8.763e-7	1.730e-7	6.522e-7	8.248e-7	1.726e-7	7.334e-7	8.931e-7	1.598e-7
0.572	5.884e-7	7.902e-7	2.018e-7	6.625e-7	8.508e-7	1.882e-7	7.047e-7	9.003e-7	1.956e-7	7.751e-7	9.640e-7	1.889e-7	6.155e-7	8.042e-7	1.887e-7	6.909e-7	8.682e-7	1.774e-7	6.387e-7	8.166e-7	1.778e-7	7.203e-7	8.848e-7	1.645e-7
0.576	5.760e-7	7.816e-7	2.056e-7	6.500e-7	8.416e-7	1.916e-7	6.909e-7	8.923e-7	2.015e-7	7.615e-7	9.559e-7	1.943e-7	6.028e-7	7.960e-7	1.932e-7	6.789e-7	8.603e-7	1.813e-7	6.258e-7	8.086e-7	1.828e-7	7.080e-7	8.763e-7	1.683e-7
0.580	5.636e-7	7.728e-7	2.092e-7	6.376e-7	8.322e-7	1.946e-7	6.773e-7	8.838e-7	2.065e-7	7.490e-7	9.482e-7	1.991e-7	5.897e-7	7.874e-7	1.977e-7	6.659e-7	8.514e-7	1.854e-7	6.126e-7	7.993e-7	1.867e-7	6.948e-7	8.666e-7	1.718e-7
0.584	5.513e-7	7.641e-7	2.129e-7	6.251e-7	8.228e-7	1.977e-7	6.649e-7	8.753e-7	2.105e-7	7.373e-7	9.400e-7	2.027e-7	5.774e-7	7.792e-7	2.018e-7	6.539e-7	8.428e-7	1.890e-7	5.999e-7	7.905e-7	1.907e-7	6.810e-7	8.567e-7	1.757e-7
0.588	5.389e-7	7.548e-7	2.159e-7	6.133e-7	8.139e-7	2.006e-7	6.507e-7	8.658e-7	2.151e-7	7.225e-7	9.302e-7	2.077e-7	5.642e-7	7.703e-7	2.061e-7	6.406e-7	8.334e-7	1.928e-7	5.860e-7	7.809e-7	1.949e-7	6.675e-7	8.469e-7	1.794e-7
0.592	5.275e-7	7.462e-7	2.187e-7	6.022e-7	8.049e-7	2.027e-7	6.381e-7	8.570e-7	2.189e-7	7.106e-7	9.215e-7	2.109e-7	5.522e-7	7.616e-7	2.093e-7	6.294e-7	8.248e-7	1.954e-7	5.744e-7	7.723e-7	1.979e-7	6.560e-7	8.377e-7	1.817e-7
0.596	5.175e-7	7.384e-7	2.208e-7	5.920e-7	7.965e-7	2.045e-7	6.267e-7	8.486e-7	2.218e-7	6.993e-7	9.132e-7	2.139e-7	5.416e-7	7.535e-7	2.119e-7	6.182e-7	8.159e-7	1.977e-7	5.626e-7	7.632e-7	2.006e-7	6.443e-7	8.284e-7	1.840e-7
0.600	5.075e-7	7.306e-7	2.231e-7	5.812e-7	7.873e-7	2.061e-7	6.144e-7	8.396e-7	2.252e-7	6.872e-7	9.050e-7	2.178e-7	5.299e-7	7.450e-7	2.152e-7	6.065e-7	8.073e-7	2.009e-7	5.504e-7	7.542e-7	2.038e-7	6.321e-7	8.193e-7	1.871e-7
0.604	4.980e-7	7.226e-7	2.246e-7	5.725e-7	7.801e-7	2.076e-7	6.036e-7	8.316e-7	2.280e-7	6.769e-7	8.967e-7	2.198e-7	5.200e-7	7.372e-7	2.172e-7	5.962e-7	7.988e-7	2.025e-7	5.399e-7	7.456e-7	2.058e-7	6.215e-7	8.104e-7	1.888e-7
0.608	4.894e-7	7.154e-7	2.260e-7	5.636e-7	7.723e-7	2.087e-7	5.928e-7	8.229e-7	2.301e-7	6.649e-7	8.870e-7	2.222e-7	5.098e-7	7.290e-7	2.192e-7	5.871e-7	7.909e-7	2.038e-7	5.303e-7	7.378e-7	2.075e-7	6.115e-7	8.016e-7	1.902e-7
0.612	4.805e-7	7.081e-7	2.276e-7	5.557e-7	7.650e-7	2.093e-7	5.834e-7	8.151e-7	2.317e-7	6.557e-7	8.791e-7	2.234e-7	5.012e-7	7.221e-7	2.209e-7	5.783e-7	7.833e-7	2.050e-7	5.206e-7	7.298e-7	2.092e-7	6.015e-7	7.933e-7	1.918e-7
0.616	4.741e-7	7.022e-7	2.281e-7	5.478e-7	7.583e-7	2.104e-7	5.743e-7	8.078e-7	2.335e-7	6.468e-7	8.718e-7	2.250e-7	4.931e-7	7.151e-7	2.220e-7	5.699e-7	7.759e-7	2.060e-7	5.124e-7	7.225e-7	2.100e-7	5.923e-7	7.852e-7	1.930e-7
0.620	4.677e-7	6.962e-7	2.285e-7	5.415e-7	7.521e-7	2.106e-7	5.663e-7	8.005e-7	2.342e-7	6.382e-7	8.647e-7	2.265e-7	4.857e-7	7.087e-7	2.230e-7	5.619e-7	7.691e-7	2.073e-7	5.041e-7	7.154e-7	2.113e-7	5.851e-7	7.787e-7	1.936e-7
0.624	4.620e-7	6.908e-7	2.288e-7	5.353e-7	7.466e-7	2.113e-7	5.586e-7	7.941e-7	2.354e-7	6.311e-7	8.586e-7	2.274e-7	4.782e-7	7.017e-7	2.236e-7	5.550e-7	7.626e-7	2.076e-7	4.968e-7	7.090e-7	2.122e-7	5.775e-7	7.720e-7	1.945e-7
0.628	4.570e-7	6.861e-7	2.291e-7	5.302e-7	7.414e-7	2.112e-7	5.525e-7	7.879e-7	2.354e-7	6.239e-7	8.517e-7	2.278e-7	4.719e-7	6.966e-7	2.247e-7	5.496e-7	7.575e-7	2.079e-7	4.909e-7	7.032e-7	2.123e-7	5.720e-7	7.662e-7	1.942e-7
0.632	4.529e-7	6.815e-7	2.286e-7	5.257e-7	7.364e-7	2.107e-7	5.462e-7	7.820e-7	2.358e-7	6.176e-7	8.458e-7	2.282e-7	4.670e-7	6.910e-7	2.240e-7	5.437e-7	7.515e-7	2.078e-7	4.849e-7	6.974e-7	2.125e-7	5.653e-7	7.599e-7	1.946e-7
0.636	4.488e-7	6.777e-7	2.289e-7	5.212e-7	7.322e-7	2.110e-7	5.411e-7	7.768e-7	2.357e-7	6.127e-7	8.407e-7	2.280e-7	4.614e-7	6.860e-7	2.246e-7	5.391e-7	7.467e-7	2.076e-7	4.795e-7	6.923e-7	2.128e-7	5.599e-7	7.546e-7	1.947e-7
0.640	4.457e-7	6.740e-7	2.283e-7	5.181e-7	7.282e-7	2.102e-7	5.365e-7	7.724e-7	2.359e-7	6.076e-7	8.360e-7	2.284e-7	4.574e-7	6.819e-7	2.245e-7	5.338e-7	7.417e-7	2.079e-7	4.748e-7	6.880e-7	2.132e-7	5.548e-7	7.497e-7	1.949e-7
0.644	4.433e-7	6.710e-7	2.277e-7	5.154e-7	7.252e-7	2.099e-7	5.325e-7	7.682e-7	2.358e-7	6.035e-7	8.316e-7	2.281e-7	4.540e-7	6.779e-7	2.240e-7	5.307e-7	7.381e-7	2.074e-7	4.713e-7	6.836e-7	2.123e-7	5.503e-7	7.452e-7	1.949e-7
0.648	4.419e-7	6.688e-7	2.269e-7	5.134e-7	7.224e-7	2.090e-7	5.302e-7	7.649e-7	2.347e-7	5.993e-7	8.275e-7	2.282e-7	4.516e-7	6.749e-7	2.233e-7	5.278e-7	7.344e-7	2.066e-7	4.688e-7	6.806e-7	2.118e-7	5.482e-7	7.419e-7	1.938e-7
0.652	4.403e-7	6.663e-7	2.260e-7	5.116e-7	7.200e-7	2.083e-7	5.272e-7	7.614e-7	2.341e-7	5.974e-7	8.246e-7	2.272e-7	4.486e-7	6.715e-7	2.229e-7	5.248e-7	7.312e-7	2.065e-7	4.659e-7	6.775e-7	2.116e-7	5.447e-7	7.382e-7	1.935e-7
0.656	4.392e-7	6.647e-7	2.255e-7	5.102e-7	7.184e-7	2.082e-7	5.255e-7	7.587e-7	2.332e-7	5.952e-7	8.219e-7	2.268e-7	4.480e-7	6.698e-7	2.218e-7	5.228e-7	7.283e-7	2.056e-7	4.635e-7	6.745e-7	2.110e-7	5.415e-7	7.348e-7	1.933e-7
0.660	4.391e-7	6.637e-7	2.247e-7	5.097e-7	7.167e-7	2.070e-7	5.247e-7	7.568e-7	2.321e-7	5.945e-7	8.202e-7	2.257e-7	4.457e-7	6.670e-7	2.213e-7	5.218e-7	7.264e-7	2.046e-7	4.620e-7	6.720e-7	2.100e-7	5.409e-7	7.330e-7	1.921e-7
0.664	4.392e-7	6.628e-7	2.236e-7	5.092e-7	7.156e-7	2.064e-7	5.240e-7	7.552e-7	2.312e-7	5.927e-7	8.179e-7	2.252e-7	4.448e-7	6.654e-7	2.206e-7	5.205e-7	7.244e-7	2.039e-7	4.607e-7	6.702e-7	2.095e-7	5.390e-7	7.309e-7	1.919e-7
0.668	4.400e-7	6.625e-7	2.225e-7	5.098e-7	7.150e-7	2.052e-7	5.242e-7	7.542e-7	2.300e-7	5.925e-7	8.166e-7	2.240e-7	4.445e-7	6.643e-7	2.198e-7	5.204e-7	7.232e-7	2.028e-7	4.602e-7	6.690e-7	2.088e-7	5.395e-7	7.300e-7	1.905e-7
0.672	4.402e-7	6.621e-7	2.219e-7	5.099e-7	7.148e-7	2.049e-7	5.245e-7	7.536e-7	2.291e-7	5.927e-7	8.161e-7	2.233e-7	4.444e-7	6.632e-7	2.189e-7	5.201e-7	7.224e-7	2.023e-7	4.600e-7	6.680e-7	2.081e-7	5.386e-7	7.285e-7	1.898e-7
0.676	4.412e-7	6.626e-7	2.214e-7	5.113e-7	7.156e-7	2.043e-7	5.258e-7	7.538e-7	2.280e-7	5.932e-7	8.158e-7	2.226e-7	4.451e-7	6.632e-7	2.181e-7	5.210e-7	7.224e-7	2.014e-7	4.604e-7	6.676e-7	2.072e-7	5.387e-7	7.284e-7	1.897e-7
0.680	4.434e-7	6.636e-7	2.202e-7	5.126e-7	7.158e-7	2.032e-7	5.271e-7	7.536e-7	2.266e-7	5.951e-7	8.166e-7	2.215e-7	4.456e-7	6.627e-7	2.171e-7	5.212e-7	7.222e-7	2.010e-7	4.615e-7	6.677e-7	2.062e-7	5.393e-7	7.282e-7	1.888e-7
0.684	4.449e-7	6.644e-7	2.195e-7	5.147e-7	7.174e-7	2.026e-7	5.290e-7	7.549e-7	2.259e-7	5.964e-7	8.175e-7	2.212e-7	4.474e-7	6.636e-7	2.162e-7	5.225e-7	7.226e-7	2.000e-7	4.620e-7	6.679e-7	2.058e-7	5.402e-7	7.287e-7	1.885e-7
0.688	4.472e-7	6.658e-7	2.186e-7	5.169e-7	7.191e-7	2.021e-7	5.314e-7	7.563e-7	2.250e-7	5.990e-7	8.193e-7	2.203e-7	4.486e-7	6.644e-7	2.158e-7	5.240e-7	7.232e-7	1.992e-7	4.633e-7	6.685e-7	2.052e-7	5.412e-7	7.292e-7	1.879e-7
0.692	4.504e-7	6.683e-7	2.179e-7	5.194e-7	7.210e-7	2.016e-7	5.345e-7	7.583e-7	2.238e-7	6.019e-7	8.213e-7	2.194e-7	4.508e-7	6.655e-7	2.147e-7	5.259e-7	7.246e-7	1.987e-7	4.655e-7	6.694e-7	2.039e-7	5.427e-7	7.301e-7	1.874e-7
0.696	4.529e-7	6.702e-7	2.173e-7	5.216e-7	7.228e-7	2.012e-7	5.367e-7	7.600e-7	2.232e-7	6.045e-7	8.237e-7	2.192e-7	4.527e-7	6.668e-7	2.141e-7	5.281e-7	7.263e-7	1.981e-7	4.675e-7	6.710e-7	2.035e-7	5.452e-7	7.317e-7	1.866e-7
0.700	4.562e-7	6.727e-7	2.165e-7	5.258e-7	7.261e-7	2.003e-7	5.410e-7	7.631e-7	2.222e-7	6.079e-7	8.262e-7	2.182e-7	4.557e-7	6.688e-7	2.131e-7	5.303e-7	7.287e-7	1.983e-7	4.700e-7	6.727e-7	2.027e-7	5.470e-7	7.334e-7	1.864e-7
0.704	4.600e-7	6.763e-7	2.163e-7	5.291e-7	7.293e-7	2.001e-7	5.454e-7	7.671e-7	2.217e-7	6.117e-7	8.295e-7	2.178e-7	4.581e-7	6.714e-7	2.133e-7	5.334e-7	7.314e-7	1.979e-7	4.724e-7	6.752e-7	2.028e-7	5.500e-7	7.368e-7	1.867e-7
0.708	4.641e-7	6.800e-7	2.159e-7	5.335e-7	7.330e-7	1.995e-7	5.500e-7	7.707e-7	2.207e-7	6.178e-7	8.343e-7	2.166e-7	4.614e-7	6.743e-7	2.129e-7	5.371e-7	7.342e-7	1.971e-7	4.758e-7	6.782e-7	2.024e-7	5.533e-7	7.393e-7	1.860e-7
0.712	4.690e-7	6.839e-7	2.149e-7	5.376e-7	7.370e-7	1.994e-7	5.553e-7	7.748e-7	2.195e-7	6.215e-7	8.376e-7	2.160e-7	4.660e-7	6.779e-7	2.120e-7	5.412e-7	7.380e-7	1.968e-7	4.798e-7	6.816e-7	2.018e-7	5.572e-7	7.429e-7	1.856e-7
0.716	4.727e-7	6.877e-7	2.150e-7	5.422e-7	7.412e-7	1.990e-7	5.609e-7	7.801e-7	2.191e-7	6.276e-7	8.432e-7	2.156e-7	4.693e-7	6.812e-7	2.119e-7	5.449e-7	7.414e-7	1.965e-7	4.830e-7	6.848e-7	2.019e-7	5.611e-7	7.465e-7	1.854e-7
0.720	4.784e-7	6.932e-7	2.148e-7	5.478e-7	7.467e-7	1.989e-7	5.669e-7	7.855e-7	2.186e-7	6.336e-7	8.484e-7	2.148e-7	4.741e-7	6.857e-7	2.116e-7	5.492e-7	7.455e-7	1.963e-7	4.876e-7	6.892e-7	2.016e-7	5.660e-7	7.513e-7	1.853e-7
0.724	4.847e-7	6.987e-7	2.141e-7	5.533e-7	7.521e-7	1.989e-7	5.739e-7	7.919e-7	2.180e-7	6.401e-7	8.550e-7	2.149e-7	4.799e-7	6.912e-7	2.113e-7	5.551e-7	7.513e-7	1.962e-7	4.926e-7	6.940e-7	2.014e-7	5.706e-7	7.560e-7	1.854e-7
0.728	4.903e-7	7.044e-7	2.141e-7	5.594e-7	7.583e-7	1.989e-7	5.803e-7	7.986e-7	2.183e-7	6.476e-7	8.631e-7	2.155e-7	4.842e-7	6.958e-7	2.116e-7	5.591e-7	7.559e-7	1.968e-7	4.977e-7	6.990e-7	2.013e-7	5.749e-7	7.612e-7	1.863e-7
0.732	4.971e-7	7.114e-7	2.143e-7	5.663e-7	7.651e-7	1.989e-7	5.887e-7	8.064e-7	2.177e-7	6.563e-7	8.706e-7	2.143e-7	4.903e-7	7.019e-7	2.116e-7	5.659e-7	7.624e-7	1.965e-7	5.036e-7	7.049e-7	2.013e-7	5.816e-7	7.672e-7	1.857e-7
0.736	5.042e-7	7.185e-7	2.144e-7	5.736e-7	7.727e-7	1.991e-7	5.981e-7	8.150e-7	2.169e-7	6.643e-7	8.787e-7	2.144e-7	4.969e-7	7.085e-7	2.116e-7	5.725e-7	7.694e-7	1.969e-7	5.095e-7	7.113e-7	2.018e-7	5.877e-7	7.741e-7	1.864e-7
0.740	5.119e-7	7.267e-7	2.148e-7	5.811e-7	7.807e-7	1.997e-7	6.067e-7	8.241e-7	2.174e-7	6.738e-7	8.885e-7	2.146e-7	5.037e-7	7.159e-7	2.122e-7	5.798e-7	7.771e-7	1.974e-7	5.162e-7	7.185e-7	2.023e-7	5.946e-7	7.815e-7	1.869e-7
0.744	5.207e-7	7.357e-7	2.150e-7	5.895e-7	7.896e-7	2.001e-7	6.161e-7	8.340e-7	2.179e-7	6.835e-7	8.984e-7	2.149e-7	5.114e-7	7.240e-7	2.126e-7	5.878e-7	7.855e-7	1.977e-7	5.233e-7	7.261e-7	2.028e-7	6.021e-7	7.899e-7	1.878e-7
0.748	5.297e-7	7.451e-7	2.153e-7	5.989e-7	7.993e-7	2.004e-7	6.275e-7	8.453e-7	2.179e-7	6.952e-7	9.097e-7	2.145e-7	5.188e-7	7.324e-7	2.136e-7	5.955e-7	7.941e-7	1.985e-7	5.315e-7	7.349e-7	2.034e-7	6.098e-7	7.982e-7	1.884e-7
0.752	5.392e-7	7.554e-7	2.162e-7	6.076e-7	8.093e-7	2.018e-7	6.389e-7	8.575e-7	2.186e-7	7.062e-7	9.213e-7	2.152e-7	5.281e-7	7.423e-7	2.142e-7	6.047e-7	8.041e-7	1.994e-7	5.402e-7	7.443e-7	2.041e-7	6.182e-7	8.077e-7	1.895e-7
0.756	5.494e-7	7.668e-7	2.174e-7	6.182e-7	8.205e-7	2.024e-7	6.506e-7	8.701e-7	2.195e-7	7.184e-7	9.342e-7	2.157e-7	5.369e-7	7.522e-7	2.152e-7	6.133e-7	8.139e-7	2.005e-7	5.491e-7	7.542e-7	2.051e-7	6.269e-7	8.178e-7	1.909e-7
0.760	5.599e-7	7.783e-7	2.184e-7	6.285e-7	8.318e-7	2.033e-7	6.641e-7	8.841e-7	2.200e-7	7.311e-7	9.487e-7	2.176e-7	5.472e-7	7.636e-7	2.164e-7	6.241e-7	8.260e-7	2.019e-7	5.583e-7	7.648e-7	2.065e-7	6.378e-7	8.296e-7	1.918e-7
0.764	5.721e-7	7.914e-7	2.194e-7	6.398e-7	8.445e-7	2.047e-7	6.778e-7	8.991e-7	2.213e-7	7.457e-7	9.636e-7	2.179e-7	5.572e-7	7.753e-7	2.181e-7	6.340e-7	8.376e-7	2.036e-7	5.684e-7	7.766e-7	2.082e-7	6.477e-7	8.409e-7	1.932e-7
0.768	5.841e-7	8.052e-7	2.211e-7	6.523e-7	8.583e-7	2.060e-7	6.928e-7	9.157e-7	2.229e-7	7.624e-7	9.801e-7	2.177e-7	5.688e-7	7.885e-7	2.197e-7	6.452e-7	8.509e-7	2.057e-7	5.797e-7	7.894e-7	2.097e-7	6.592e-7	8.539e-7	1.947e-7
0.772	5.961e-7	8.195e-7	2.234e-7	6.647e-7	8.726e-7	2.079e-7	7.075e-7	9.323e-7	2.248e-7	7.769e-7	9.965e-7	2.196e-7	5.809e-7	8.025e-7	2.215e-7	6.571e-7	8.648e-7	2.077e-7	5.911e-7	8.030e-7	2.119e-7	6.706e-7	8.676e-7	1.970e-7
0.776	6.103e-7	8.352e-7	2.249e-7	6.784e-7	8.880e-7	2.096e-7	7.250e-7	9.515e-7	2.265e-7	7.934e-7	1.015e-6	2.213e-7	5.936e-7	8.171e-7	2.235e-7	6.704e-7	8.797e-7	2.093e-7	6.042e-7	8.176e-7	2.134e-7	6.833e-7	8.826e-7	1.993e-7
0.780	6.236e-7	8.515e-7	2.280e-7	6.922e-7	9.045e-7	2.123e-7	7.426e-7	9.711e-7	2.285e-7	8.105e-7	1.035e-6	2.241e-7	6.072e-7	8.336e-7	2.264e-7	6.841e-7	8.959e-7	2.118e-7	6.173e-7	8.330e-7	2.158e-7	6.962e-7	8.978e-7	2.015e-7
0.784	6.380e-7	8.687e-7	2.306e-7	7.073e-7	9.222e-7	2.148e-7	7.601e-7	9.914e-7	2.313e-7	8.299e-7	1.056e-6	2.259e-7	6.212e-7	8.509e-7	2.297e-7	6.990e-7	9.133e-7	2.143e-7	6.302e-7	8.496e-7	2.194e-7	7.101e-7	9.150e-7	2.049e-7
0.788	6.539e-7	8.874e-7	2.335e-7	7.230e-7	9.406e-7	2.176e-7	7.798e-7	1.014e-6	2.340e-7	8.481e-7	1.076e-6	2.279e-7	6.358e-7	8.686e-7	2.327e-7	7.136e-7	9.308e-7	2.173e-7	6.445e-7	8.670e-7	2.225e-7	7.259e-7	9.331e-7	2.072e-7
0.792	6.699e-7	9.069e-7	2.370e-7	7.391e-7	9.601e-7	2.210e-7	7.996e-7	1.037e-6	2.377e-7	8.665e-7	1.098e-6	2.311e-7	6.505e-7	8.872e-7	2.366e-7	7.293e-7	9.505e-7	2.212e-7	6.596e-7	8.855e-7	2.259e-7	7.401e-7	9.513e-7	2.112e-7
0.796	6.868e-7	9.281e-7	2.413e-7	7.569e-7	9.817e-7	2.247e-7	8.210e-7	1.062e-6	2.411e-7	8.865e-7	1.121e-6	2.349e-7	6.676e-7	9.079e-7	2.403e-7	7.456e-7	9.708e-7	2.252e-7	6.751e-7	9.054e-7	2.302e-7	7.579e-7	9.724e-7	2.144e-7
0.800	7.046e-7	9.501e-7	2.455e-7	7.745e-7	1.004e-6	2.290e-7	8.422e-7	1.088e-6	2.457e-7	9.070e-7	1.146e-6	2.388e-7	6.843e-7	9.293e-7	2.450e-7	7.628e-7	9.923e-7	2.295e-7	6.920e-7	9.264e-7	2.344e-7	7.738e-7	9.931e-7	2.193e-7
0.804	7.236e-7	9.735e-7	2.499e-7	7.943e-7	1.027e-6	2.330e-7	8.645e-7	1.114e-6	2.499e-7	9.308e-7	1.174e-6	2.429e-7	7.020e-7	9.515e-7	2.495e-7	7.813e-7	1.015e-6	2.340e-7	7.095e-7	9.486e-7	2.391e-7	7.920e-7	1.016e-6	2.236e-7
0.808	7.434e-7	9.983e-7	2.549e-7	8.148e-7	1.053e-6	2.378e-7	8.888e-7	1.144e-6	2.549e-7	9.528e-7	1.200e-6	2.473e-7	7.211e-7	9.757e-7	2.547e-7	8.006e-7	1.040e-6	2.392e-7	7.279e-7	9.721e-7	2.442e-7	8.111e-7	1.040e-6	2.287e-7
0.812	7.631e-7	1.024e-6	2.611e-7	8.354e-7	1.079e-6	2.433e-7	9.120e-7	1.173e-6	2.611e-7	9.758e-7	1.228e-6	2.523e-7	7.394e-7	1.000e-6	2.609e-7	8.205e-7	1.065e-6	2.450e-7	7.465e-7	9.962e-7	2.497e-7	8.315e-7	1.066e-6	2.341e-7
0.816	7.839e-7	1.052e-6	2.678e-7	8.567e-7	1.107e-6	2.499e-7	9.369e-7	1.205e-6	2.677e-7	1.000e-6	1.260e-6	2.595e-7	7.601e-7	1.027e-6	2.671e-7	8.411e-7	1.093e-6	2.517e-7	7.661e-7	1.022e-6	2.560e-7	8.509e-7	1.092e-6	2.407e-7
0.820	8.068e-7	1.081e-6	2.739e-7	8.807e-7	1.136e-6	2.558e-7	9.637e-7	1.238e-6	2.743e-7	1.026e-6	1.292e-6	2.659e-7	7.814e-7	1.055e-6	2.739e-7	8.636e-7	1.121e-6	2.578e-7	7.874e-7	1.050e-6	2.624e-7	8.739e-7	1.120e-6	2.466e-7
0.824	8.301e-7	1.111e-6	2.810e-7	9.048e-7	1.168e-6	2.630e-7	9.916e-7	1.273e-6	2.816e-7	1.053e-6	1.327e-6	2.733e-7	8.042e-7	1.085e-6	2.809e-7	8.875e-7	1.152e-6	2.649e-7	8.091e-7	1.078e-6	2.690e-7	8.963e-7	1.150e-6	2.539e-7
0.828	8.540e-7	1.143e-6	2.890e-7	9.292e-7	1.200e-6	2.709e-7	1.020e-6	1.310e-6	2.899e-7	1.081e-6	1.363e-6	2.818e-7	8.266e-7	1.116e-6	2.891e-7	9.107e-7	1.184e-6	2.734e-7	8.312e-7	1.108e-6	2.771e-7	9.204e-7	1.182e-6	2.614e-7
0.832	8.796e-7	1.177e-6	2.974e-7	9.559e-7	1.235e-6	2.789e-7	1.049e-6	1.348e-6	2.996e-7	1.111e-6	1.401e-6	2.905e-7	8.507e-7	1.148e-6	2.976e-7	9.365e-7	1.218e-6	2.814e-7	8.553e-7	1.140e-6	2.852e-7	9.446e-7	1.214e-6	2.699e-7
0.836	9.058e-7	1.212e-6	3.066e-7	9.837e-7	1.271e-6	2.877e-7	1.080e-6	1.389e-6	3.088e-7	1.142e-6	1.442e-6	3.001e-7	8.757e-7	1.183e-6	3.072e-7	9.624e-7	1.253e-6	2.908e-7	8.801e-7	1.174e-6	2.941e-7	9.717e-7	1.250e-6	2.788e-7
0.840	9.335e-7	1.250e-6	3.162e-7	1.012e-6	1.310e-6	2.982e-7	1.112e-6	1.432e-6	3.198e-7	1.173e-6	1.483e-6	3.101e-7	9.021e-7	1.218e-6	3.164e-7	9.896e-7	1.290e-6	3.007e-7	9.059e-7	1.209e-6	3.035e-7	9.988e-7	1.287e-6	2.877e-7
0.844	9.611e-7	1.288e-6	3.273e-7	1.041e-6	1.350e-6	3.085e-7	1.145e-6	1.476e-6	3.307e-7	1.205e-6	1.528e-6	3.225e-7	9.290e-7	1.256e-6	3.271e-7	1.018e-6	1.330e-6	3.115e-7	9.317e-7	1.246e-6	3.140e-7	1.026e-6	1.325e-6	2.991e-7
0.848	9.913e-7	1.330e-6	3.383e-7	1.072e-6	1.393e-6	3.205e-7	1.181e-6	1.524e-6	3.431e-7	1.242e-6	1.578e-6	3.351e-7	9.577e-7	1.296e-6	3.384e-7	1.048e-6	1.371e-6	3.229e-7	9.598e-7	1.285e-6	3.250e-7	1.056e-6	1.366e-6	3.102e-7
0.852	1.023e-6	1.373e-6	3.504e-7	1.105e-6	1.438e-6	3.325e-7	1.218e-6	1.575e-6	3.565e-7	1.280e-6	1.628e-6	3.480e-7	9.875e-7	1.338e-6	3.501e-7	1.080e-6	1.415e-6	3.352e-7	9.893e-7	1.326e-6	3.369e-7	1.088e-6	1.410e-6	3.222e-7
0.856	1.054e-6	1.418e-6	3.638e-7	1.139e-6	1.485e-6	3.457e-7	1.256e-6	1.627e-6	3.708e-7	1.317e-6	1.680e-6	3.628e-7	1.018e-6	1.381e-6	3.632e-7	1.112e-6	1.460e-6	3.487e-7	1.019e-6	1.368e-6	3.491e-7	1.120e-6	1.455e-6	3.353e-7
0.860	1.088e-6	1.465e-6	3.770e-7	1.175e-6	1.535e-6	3.599e-7	1.296e-6	1.682e-6	3.861e-7	1.358e-6	1.736e-6	3.774e-7	1.050e-6	1.427e-6	3.767e-7	1.146e-6	1.509e-6	3.629e-7	1.051e-6	1.414e-6	3.621e-7	1.152e-6	1.502e-6	3.500e-7
0.864	1.122e-6	1.514e-6	3.923e-7	1.212e-6	1.587e-6	3.752e-7	1.337e-6	1.739e-6	4.025e-7	1.397e-6	1.792e-6	3.944e-7	1.084e-6	1.475e-6	3.913e-7	1.181e-6	1.559e-6	3.781e-7	1.084e-6	1.461e-6	3.762e-7	1.188e-6	1.552e-6	3.642e-7
0.868	1.159e-6	1.567e-6	4.075e-7	1.250e-6	1.642e-6	3.920e-7	1.381e-6	1.801e-6	4.200e-7	1.440e-6	1.854e-6	4.137e-7	1.119e-6	1.526e-6	4.066e-7	1.218e-6	1.612e-6	3.942e-7	1.119e-6	1.510e-6	3.916e-7	1.225e-6	1.605e-6	3.801e-7
0.872	1.198e-6	1.622e-6	4.247e-7	1.290e-6	1.699e-6	4.092e-7	1.425e-6	1.864e-6	4.392e-7	1.485e-6	1.917e-6	4.319e-7	1.156e-6	1.579e-6	4.231e-7	1.257e-6	1.668e-6	4.117e-7	1.155e-6	1.563e-6	4.077e-7	1.263e-6	1.661e-6	3.975e-7
0.876	1.237e-6	1.679e-6	4.424e-7	1.331e-6	1.760e-6	4.284e-7	1.471e-6	1.931e-6	4.591e-7	1.532e-6	1.985e-6	4.526e-7	1.193e-6	1.634e-6	4.408e-7	1.296e-6	1.726e-6	4.309e-7	1.192e-6	1.617e-6	4.249e-7	1.302e-6	1.719e-6	4.166e-7
0.880	1.278e-6	1.739e-6	4.612e-7	1.375e-6	1.824e-6	4.486e-7	1.520e-6	2.001e-6	4.803e-7	1.581e-6	2.056e-6	4.749e-7	1.234e-6	1.693e-6	4.594e-7	1.338e-6	1.788e-6	4.501e-7	1.231e-6	1.674e-6	4.432e-7	1.344e-6	1.780e-6	4.358e-7
0.884	1.321e-6	1.802e-6	4.816e-7	1.421e-6	1.891e-6	4.699e-7	1.571e-6	2.074e-6	5.030e-7	1.632e-6	2.133e-6	5.013e-7	1.275e-6	1.754e-6	4.792e-7	1.381e-6	1.853e-6	4.717e-7	1.273e-6	1.735e-6	4.622e-7	1.388e-6	1.845e-6	4.566e-7
0.888	1.365e-6	1.869e-6	5.036e-7	1.467e-6	1.961e-6	4.937e-7	1.623e-6	2.151e-6	5.282e-7	1.684e-6	2.210e-6	5.262e-7	1.318e-6	1.818e-6	5.007e-7	1.427e-6	1.921e-6	4.943e-7	1.314e-6	1.797e-6	4.832e-7	1.433e-6	1.912e-6	4.791e-7
0.892	1.411e-6	1.938e-6	5.266e-7	1.517e-6	2.035e-6	5.185e-7	1.677e-6	2.232e-6	5.547e-7	1.738e-6	2.292e-6	5.540e-7	1.362e-6	1.885e-6	5.234e-7	1.473e-6	1.992e-6	5.188e-7	1.358e-6	1.864e-6	5.055e-7	1.478e-6	1.982e-6	5.039e-7
0.896	1.459e-6	2.011e-6	5.513e-7	1.567e-6	2.113e-6	5.458e-7	1.734e-6	2.317e-6	5.829e-7	1.792e-6	2.379e-6	5.873e-7	1.408e-6	1.956e-6	5.471e-7	1.521e-6	2.066e-6	5.450e-7	1.404e-6	1.933e-6	5.292e-7	1.528e-6	2.057e-6	5.296e-7
0.900	1.512e-6	2.089e-6	5.772e-7	1.623e-6	2.197e-6	5.740e-7	1.796e-6	2.408e-6	6.127e-7	1.853e-6	2.475e-6	6.217e-7	1.458e-6	2.031e-6	5.731e-7	1.575e-6	2.147e-6	5.725e-7	1.454e-6	2.008e-6	5.539e-7	1.580e-6	2.137e-6	5.570e-7
