0.004	2.091e-7	-3.963e-8	-2.488e-7	1.877e-7	-4.054e-8	-2.282e-7	2.728e-7	-5.350e-8	-3.263e-7	2.179e-7	-3.711e-8	-2.550e-7	2.056e-7	-3.672e-8	-2.423e-7	1.863e-7	-3.557e-8	-2.219e-7	1.872e-7	-2.823e-8	-2.154e-7	1.749e-7	-2.954e-8	-2.044e-7
0.008	2.299e-7	3.468e-8	-1.953e-7	2.098e-7	3.043e-8	-1.794e-7	3.015e-7	4.570e-8	-2.558e-7	2.479e-7	4.581e-8	-2.021e-7	2.282e-7	3.828e-8	-1.899e-7	2.109e-7	3.632e-8	-1.745e-7	2.093e-7	4.041e-8	-1.689e-7	1.984e-7	3.790e-8	-1.605e-7
0.012	2.176e-7	5.071e-8	-1.669e-7	1.998e-7	4.583e-8	-1.540e-7	2.862e-7	6.762e-8	-2.186e-7	2.377e-7	6.299e-8	-1.748e-7	2.161e-7	5.399e-8	-1.621e-7	2.020e-7	5.208e-8	-1.499e-7	1.995e-7	5.464e-8	-1.448e-7	1.903e-7	5.246e-8	-1.379e-7
0.016	2.063e-7	5.904e-8	-1.472e-7	1.918e-7	5.474e-8	-1.370e-7	2.718e-7	7.859e-8	-1.932e-7	2.294e-7	7.281e-8	-1.566e-7	2.055e-7	6.244e-8	-1.431e-7	1.938e-7	6.034e-8	-1.334e-7	1.904e-7	6.189e-8	-1.286e-7	1.839e-7	6.025e-8	-1.236e-7
0.020	1.979e-7	6.478e-8	-1.332e-7	1.853e-7	6.072e-8	-1.245e-7	2.614e-7	8.656e-8	-1.749e-7	2.230e-7	7.946e-8	-1.435e-7	1.977e-7	6.803e-8	-1.296e-7	1.878e-7	6.609e-8	-1.217e-7	1.831e-7	6.701e-8	-1.161e-7	1.783e-7	6.517e-8	-1.131e-7
0.024	1.909e-7	6.892e-8	-1.220e-7	1.797e-7	6.462e-8	-1.151e-7	2.521e-7	9.165e-8	-1.605e-7	2.163e-7	8.321e-8	-1.331e-7	1.908e-7	7.184e-8	-1.190e-7	1.824e-7	7.028e-8	-1.122e-7	1.774e-7	7.023e-8	-1.071e-7	1.732e-7	6.903e-8	-1.041e-7
0.028	1.845e-7	7.145e-8	-1.131e-7	1.749e-7	6.768e-8	-1.072e-7	2.447e-7	9.548e-8	-1.492e-7	2.112e-7	8.637e-8	-1.248e-7	1.852e-7	7.442e-8	-1.108e-7	1.785e-7	7.311e-8	-1.054e-7	1.716e-7	7.205e-8	-9.956e-8	1.699e-7	7.178e-8	-9.816e-8
0.032	1.790e-7	7.341e-8	-1.056e-7	1.721e-7	7.069e-8	-1.014e-7	2.377e-7	9.801e-8	-1.397e-7	2.072e-7	8.915e-8	-1.181e-7	1.803e-7	7.676e-8	-1.035e-7	1.748e-7	7.539e-8	-9.942e-8	1.671e-7	7.334e-8	-9.374e-8	1.664e-7	7.387e-8	-9.250e-8
0.036	1.749e-7	7.584e-8	-9.907e-8	1.683e-7	7.237e-8	-9.589e-8	2.318e-7	1.003e-7	-1.314e-7	2.045e-7	9.218e-8	-1.124e-7	1.761e-7	7.816e-8	-9.794e-8	1.724e-7	7.775e-8	-9.465e-8	1.637e-7	7.541e-8	-8.826e-8	1.632e-7	7.552e-8	-8.773e-8
0.040	1.712e-7	7.680e-8	-9.444e-8	1.657e-7	7.421e-8	-9.152e-8	2.275e-7	1.024e-7	-1.251e-7	2.012e-7	9.307e-8	-1.081e-7	1.721e-7	7.928e-8	-9.283e-8	1.692e-7	7.856e-8	-9.068e-8	1.605e-7	7.623e-8	-8.426e-8	1.618e-7	7.711e-8	-8.468e-8
0.044	1.679e-7	7.737e-8	-9.051e-8	1.634e-7	7.530e-8	-8.805e-8	2.242e-7	1.038e-7	-1.203e-7	1.991e-7	9.450e-8	-1.045e-7	1.693e-7	8.042e-8	-8.886e-8	1.680e-7	8.040e-8	-8.760e-8	1.577e-7	7.693e-8	-8.074e-8	1.602e-7	7.831e-8	-8.189e-8
0.048	1.644e-7	7.846e-8	-8.597e-8	1.617e-7	7.663e-8	-8.504e-8	2.198e-7	1.053e-7	-1.145e-7	1.965e-7	9.622e-8	-1.003e-7	1.669e-7	8.147e-8	-8.544e-8	1.659e-7	8.153e-8	-8.439e-8	1.550e-7	7.751e-8	-7.750e-8	1.587e-7	7.958e-8	-7.917e-8
0.052	1.623e-7	7.901e-8	-8.324e-8	1.606e-7	7.808e-8	-8.256e-8	2.170e-7	1.059e-7	-1.110e-7	1.952e-7	9.693e-8	-9.822e-8	1.640e-7	8.150e-8	-8.249e-8	1.647e-7	8.273e-8	-8.196e-8	1.532e-7	7.806e-8	-7.516e-8	1.577e-7	8.056e-8	-7.715e-8
0.056	1.596e-7	7.957e-8	-8.001e-8	1.595e-7	7.901e-8	-8.053e-8	2.134e-7	1.065e-7	-1.069e-7	1.934e-7	9.832e-8	-9.506e-8	1.615e-7	8.218e-8	-7.931e-8	1.629e-7	8.319e-8	-7.973e-8	1.514e-7	7.817e-8	-7.322e-8	1.562e-7	8.099e-8	-7.519e-8
0.060	1.574e-7	8.004e-8	-7.739e-8	1.579e-7	7.987e-8	-7.802e-8	2.116e-7	1.077e-7	-1.039e-7	1.921e-7	9.933e-8	-9.274e-8	1.597e-7	8.277e-8	-7.689e-8	1.628e-7	8.455e-8	-7.829e-8	1.494e-7	7.911e-8	-7.032e-8	1.554e-7	8.236e-8	-7.308e-8
0.064	1.558e-7	8.054e-8	-7.530e-8	1.573e-7	8.086e-8	-7.643e-8	2.089e-7	1.082e-7	-1.007e-7	1.908e-7	1.001e-7	-9.075e-8	1.584e-7	8.321e-8	-7.517e-8	1.616e-7	8.507e-8	-7.655e-8	1.484e-7	7.963e-8	-6.875e-8	1.544e-7	8.250e-8	-7.190e-8
0.068	1.550e-7	8.142e-8	-7.357e-8	1.564e-7	8.119e-8	-7.518e-8	2.070e-7	1.089e-7	-9.810e-8	1.906e-7	1.014e-7	-8.923e-8	1.572e-7	8.376e-8	-7.342e-8	1.612e-7	8.635e-8	-7.482e-8	1.471e-7	7.994e-8	-6.715e-8	1.539e-7	8.357e-8	-7.034e-8
0.072	1.534e-7	8.151e-8	-7.187e-8	1.559e-7	8.220e-8	-7.373e-8	2.051e-7	1.091e-7	-9.593e-8	1.898e-7	1.019e-7	-8.783e-8	1.565e-7	8.466e-8	-7.183e-8	1.610e-7	8.689e-8	-7.409e-8	1.459e-7	8.016e-8	-6.574e-8	1.545e-7	8.471e-8	-6.974e-8
0.076	1.520e-7	8.204e-8	-6.991e-8	1.550e-7	8.329e-8	-7.169e-8	2.033e-7	1.095e-7	-9.374e-8	1.895e-7	1.034e-7	-8.606e-8	1.544e-7	8.451e-8	-6.985e-8	1.599e-7	8.762e-8	-7.229e-8	1.450e-7	8.055e-8	-6.447e-8	1.540e-7	8.541e-8	-6.855e-8
0.080	1.515e-7	8.234e-8	-6.912e-8	1.550e-7	8.407e-8	-7.090e-8	2.028e-7	1.106e-7	-9.219e-8	1.897e-7	1.043e-7	-8.543e-8	1.548e-7	8.593e-8	-6.883e-8	1.601e-7	8.859e-8	-7.155e-8	1.445e-7	8.109e-8	-6.338e-8	1.545e-7	8.688e-8	-6.767e-8
0.084	1.504e-7	8.269e-8	-6.769e-8	1.554e-7	8.508e-8	-7.028e-8	2.019e-7	1.113e-7	-9.057e-8	1.904e-7	1.058e-7	-8.457e-8	1.537e-7	8.610e-8	-6.757e-8	1.606e-7	8.985e-8	-7.075e-8	1.440e-7	8.139e-8	-6.265e-8	1.546e-7	8.738e-8	-6.725e-8
0.088	1.499e-7	8.381e-8	-6.606e-8	1.554e-7	8.613e-8	-6.927e-8	2.004e-7	1.114e-7	-8.902e-8	1.900e-7	1.069e-7	-8.311e-8	1.532e-7	8.646e-8	-6.670e-8	1.604e-7	9.036e-8	-7.002e-8	1.438e-7	8.238e-8	-6.140e-8	1.548e-7	8.810e-8	-6.674e-8
0.092	1.492e-7	8.387e-8	-6.534e-8	1.558e-7	8.661e-8	-6.917e-8	1.999e-7	1.119e-7	-8.804e-8	1.904e-7	1.079e-7	-8.244e-8	1.525e-7	8.654e-8	-6.593e-8	1.607e-7	9.122e-8	-6.951e-8	1.434e-7	8.254e-8	-6.086e-8	1.549e-7	8.879e-8	-6.609e-8
0.096	1.484e-7	8.398e-8	-6.439e-8	1.565e-7	8.807e-8	-6.842e-8	1.988e-7	1.123e-7	-8.650e-8	1.921e-7	1.100e-7	-8.208e-8	1.527e-7	8.736e-8	-6.536e-8	1.613e-7	9.233e-8	-6.901e-8	1.437e-7	8.320e-8	-6.047e-8	1.561e-7	9.012e-8	-6.595e-8
0.100	1.485e-7	8.479e-8	-6.367e-8	1.564e-7	8.876e-8	-6.760e-8	1.981e-7	1.124e-7	-8.570e-8	1.922e-7	1.109e-7	-8.137e-8	1.519e-7	8.771e-8	-6.421e-8	1.619e-7	9.322e-8	-6.871e-8	1.432e-7	8.368e-8	-5.955e-8	1.570e-7	9.126e-8	-6.576e-8
0.104	1.489e-7	8.561e-8	-6.326e-8	1.582e-7	9.029e-8	-6.796e-8	1.979e-7	1.132e-7	-8.473e-8	1.929e-7	1.116e-7	-8.130e-8	1.527e-7	8.826e-8	-6.445e-8	1.629e-7	9.435e-8	-6.860e-8	1.431e-7	8.395e-8	-5.916e-8	1.578e-7	9.228e-8	-6.556e-8
0.108	1.488e-7	8.600e-8	-6.277e-8	1.575e-7	9.065e-8	-6.685e-8	1.978e-7	1.138e-7	-8.398e-8	1.939e-7	1.131e-7	-8.077e-8	1.525e-7	8.904e-8	-6.345e-8	1.640e-7	9.586e-8	-6.811e-8	1.439e-7	8.465e-8	-5.920e-8	1.581e-7	9.321e-8	-6.492e-8
0.112	1.490e-7	8.717e-8	-6.187e-8	1.593e-7	9.227e-8	-6.700e-8	1.980e-7	1.148e-7	-8.321e-8	1.947e-7	1.145e-7	-8.019e-8	1.525e-7	8.973e-8	-6.277e-8	1.650e-7	9.694e-8	-6.801e-8	1.438e-7	8.560e-8	-5.818e-8	1.601e-7	9.460e-8	-6.553e-8
0.116	1.495e-7	8.796e-8	-6.159e-8	1.603e-7	9.348e-8	-6.685e-8	1.974e-7	1.151e-7	-8.232e-8	1.964e-7	1.157e-7	-8.071e-8	1.527e-7	9.025e-8	-6.242e-8	1.657e-7	9.791e-8	-6.784e-8	1.445e-7	8.611e-8	-5.844e-8	1.613e-7	9.580e-8	-6.547e-8
0.120	1.503e-7	8.878e-8	-6.155e-8	1.620e-7	9.541e-8	-6.656e-8	1.981e-7	1.159e-7	-8.223e-8	1.983e-7	1.175e-7	-8.088e-8	1.538e-7	9.135e-8	-6.247e-8	1.675e-7	9.932e-8	-6.817e-8	1.461e-7	8.782e-8	-5.829e-8	1.629e-7	9.744e-8	-6.546e-8
0.124	1.505e-7	8.957e-8	-6.095e-8	1.631e-7	9.644e-8	-6.666e-8	1.982e-7	1.170e-7	-8.120e-8	1.994e-7	1.192e-7	-8.024e-8	1.542e-7	9.236e-8	-6.186e-8	1.691e-7	1.012e-7	-6.798e-8	1.469e-7	8.865e-8	-5.824e-8	1.648e-7	9.889e-8	-6.590e-8
0.128	1.516e-7	9.077e-8	-6.081e-8	1.650e-7	9.849e-8	-6.649e-8	1.986e-7	1.175e-7	-8.116e-8	2.014e-7	1.214e-7	-8.001e-8	1.551e-7	9.321e-8	-6.187e-8	1.706e-7	1.029e-7	-6.771e-8	1.481e-7	8.957e-8	-5.854e-8	1.673e-7	1.011e-7	-6.617e-8
0.132	1.527e-7	9.207e-8	-6.059e-8	1.674e-7	1.003e-7	-6.704e-8	1.995e-7	1.190e-7	-8.045e-8	2.049e-7	1.239e-7	-8.103e-8	1.564e-7	9.484e-8	-6.158e-8	1.730e-7	1.050e-7	-6.797e-8	1.489e-7	9.070e-8	-5.821e-8	1.696e-7	1.031e-7	-6.644e-8
0.136	1.537e-7	9.324e-8	-6.048e-8	1.688e-7	1.019e-7	-6.685e-8	1.998e-7	1.198e-7	-8.001e-8	2.072e-7	1.262e-7	-8.093e-8	1.572e-7	9.535e-8	-6.183e-8	1.750e-7	1.065e-7	-6.851e-8	1.506e-7	9.194e-8	-5.868e-8	1.713e-7	1.045e-7	-6.685e-8
0.140	1.550e-7	9.463e-8	-6.039e-8	1.720e-7	1.045e-7	-6.753e-8	2.012e-7	1.210e-7	-8.018e-8	2.110e-7	1.292e-7	-8.176e-8	1.585e-7	9.668e-8	-6.182e-8	1.771e-7	1.087e-7	-6.848e-8	1.519e-7	9.349e-8	-5.843e-8	1.748e-7	1.077e-7	-6.713e-8
0.144	1.572e-7	9.628e-8	-6.090e-8	1.742e-7	1.066e-7	-6.760e-8	2.021e-7	1.222e-7	-7.995e-8	2.147e-7	1.326e-7	-8.216e-8	1.604e-7	9.863e-8	-6.174e-8	1.803e-7	1.111e-7	-6.920e-8	1.538e-7	9.499e-8	-5.879e-8	1.768e-7	1.095e-7	-6.732e-8
0.148	1.594e-7	9.834e-8	-6.104e-8	1.777e-7	1.095e-7	-6.821e-8	2.035e-7	1.237e-7	-7.987e-8	2.183e-7	1.357e-7	-8.258e-8	1.620e-7	9.953e-8	-6.247e-8	1.836e-7	1.135e-7	-7.005e-8	1.562e-7	9.699e-8	-5.918e-8	1.809e-7	1.125e-7	-6.839e-8
0.152	1.613e-7	9.983e-8	-6.146e-8	1.816e-7	1.123e-7	-6.928e-8	2.047e-7	1.249e-7	-7.974e-8	2.226e-7	1.388e-7	-8.372e-8	1.641e-7	1.016e-7	-6.246e-8	1.868e-7	1.161e-7	-7.064e-8	1.588e-7	9.885e-8	-5.996e-8	1.840e-7	1.150e-7	-6.899e-8
0.156	1.628e-7	1.017e-7	-6.112e-8	1.844e-7	1.149e-7	-6.952e-8	2.059e-7	1.261e-7	-7.977e-8	2.270e-7	1.424e-7	-8.460e-8	1.651e-7	1.028e-7	-6.226e-8	1.896e-7	1.183e-7	-7.131e-8	1.611e-7	1.008e-7	-6.032e-8	1.881e-7	1.181e-7	-7.003e-8
0.160	1.651e-7	1.035e-7	-6.156e-8	1.879e-7	1.181e-7	-6.981e-8	2.081e-7	1.282e-7	-7.988e-8	2.320e-7	1.467e-7	-8.530e-8	1.681e-7	1.053e-7	-6.280e-8	1.932e-7	1.217e-7	-7.146e-8	1.636e-7	1.029e-7	-6.071e-8	1.921e-7	1.213e-7	-7.081e-8
0.164	1.675e-7	1.059e-7	-6.162e-8	1.927e-7	1.215e-7	-7.116e-8	2.095e-7	1.296e-7	-7.992e-8	2.372e-7	1.511e-7	-8.616e-8	1.706e-7	1.071e-7	-6.350e-8	1.979e-7	1.252e-7	-7.274e-8	1.668e-7	1.053e-7	-6.146e-8	1.969e-7	1.251e-7	-7.187e-8
0.168	1.709e-7	1.085e-7	-6.239e-8	1.960e-7	1.246e-7	-7.142e-8	2.117e-7	1.313e-7	-8.031e-8	2.438e-7	1.555e-7	-8.824e-8	1.733e-7	1.093e-7	-6.401e-8	2.015e-7	1.281e-7	-7.344e-8	1.704e-7	1.080e-7	-6.239e-8	2.013e-7	1.280e-7	-7.322e-8
0.172	1.733e-7	1.107e-7	-6.262e-8	2.018e-7	1.289e-7	-7.287e-8	2.137e-7	1.333e-7	-8.036e-8	2.491e-7	1.606e-7	-8.849e-8	1.759e-7	1.118e-7	-6.402e-8	2.064e-7	1.321e-7	-7.427e-8	1.733e-7	1.105e-7	-6.276e-8	2.064e-7	1.321e-7	-7.429e-8
0.176	1.771e-7	1.136e-7	-6.353e-8	2.069e-7	1.331e-7	-7.385e-8	2.167e-7	1.359e-7	-8.084e-8	2.568e-7	1.659e-7	-9.086e-8	1.791e-7	1.144e-7	-6.469e-8	2.120e-7	1.363e-7	-7.564e-8	1.772e-7	1.135e-7	-6.369e-8	2.122e-7	1.366e-7	-7.556e-8
0.180	1.802e-7	1.165e-7	-6.369e-8	2.118e-7	1.371e-7	-7.465e-8	2.190e-7	1.382e-7	-8.083e-8	2.630e-7	1.710e-7	-9.201e-8	1.817e-7	1.165e-7	-6.522e-8	2.170e-7	1.402e-7	-7.681e-8	1.806e-7	1.164e-7	-6.418e-8	2.184e-7	1.415e-7	-7.687e-8
0.184	1.839e-7	1.194e-7	-6.445e-8	2.177e-7	1.417e-7	-7.599e-8	2.216e-7	1.402e-7	-8.139e-8	2.709e-7	1.775e-7	-9.343e-8	1.853e-7	1.193e-7	-6.600e-8	2.224e-7	1.446e-7	-7.780e-8	1.849e-7	1.198e-7	-6.510e-8	2.245e-7	1.459e-7	-7.857e-8
0.188	1.879e-7	1.227e-7	-6.520e-8	2.241e-7	1.466e-7	-7.750e-8	2.235e-7	1.422e-7	-8.126e-8	2.793e-7	1.836e-7	-9.566e-8	1.891e-7	1.223e-7	-6.678e-8	2.290e-7	1.496e-7	-7.931e-8	1.895e-7	1.230e-7	-6.649e-8	2.310e-7	1.513e-7	-7.971e-8
0.192	1.922e-7	1.261e-7	-6.614e-8	2.308e-7	1.521e-7	-7.873e-8	2.275e-7	1.451e-7	-8.240e-8	2.878e-7	1.902e-7	-9.755e-8	1.936e-7	1.256e-7	-6.802e-8	2.352e-7	1.543e-7	-8.086e-8	1.945e-7	1.271e-7	-6.742e-8	2.376e-7	1.562e-7	-8.135e-8
0.196	1.966e-7	1.296e-7	-6.696e-8	2.373e-7	1.572e-7	-8.009e-8	2.307e-7	1.477e-7	-8.294e-8	2.960e-7	1.968e-7	-9.917e-8	1.963e-7	1.282e-7	-6.815e-8	2.425e-7	1.598e-7	-8.271e-8	1.987e-7	1.302e-7	-6.851e-8	2.455e-7	1.621e-7	-8.340e-8
0.200	2.021e-7	1.339e-7	-6.822e-8	2.459e-7	1.639e-7	-8.207e-8	2.345e-7	1.507e-7	-8.380e-8	3.067e-7	2.050e-7	-1.017e-7	2.021e-7	1.323e-7	-6.975e-8	2.496e-7	1.651e-7	-8.448e-8	2.051e-7	1.349e-7	-7.020e-8	2.545e-7	1.687e-7	-8.582e-8
0.204	2.068e-7	1.374e-7	-6.934e-8	2.538e-7	1.695e-7	-8.423e-8	2.379e-7	1.538e-7	-8.407e-8	3.166e-7	2.126e-7	-1.040e-7	2.056e-7	1.354e-7	-7.015e-8	2.563e-7	1.707e-7	-8.558e-8	2.104e-7	1.392e-7	-7.121e-8	2.617e-7	1.746e-7	-8.712e-8
0.208	2.115e-7	1.423e-7	-6.926e-8	2.616e-7	1.761e-7	-8.543e-8	2.413e-7	1.566e-7	-8.470e-8	3.275e-7	2.210e-7	-1.065e-7	2.107e-7	1.397e-7	-7.106e-8	2.644e-7	1.770e-7	-8.731e-8	2.154e-7	1.438e-7	-7.166e-8	2.704e-7	1.813e-7	-8.910e-8
0.212	2.179e-7	1.467e-7	-7.123e-8	2.709e-7	1.830e-7	-8.790e-8	2.462e-7	1.602e-7	-8.594e-8	3.384e-7	2.294e-7	-1.090e-7	2.156e-7	1.432e-7	-7.239e-8	2.739e-7	1.838e-7	-9.009e-8	2.224e-7	1.487e-7	-7.371e-8	2.798e-7	1.882e-7	-9.169e-8
0.216	2.235e-7	1.514e-7	-7.209e-8	2.797e-7	1.898e-7	-8.986e-8	2.499e-7	1.637e-7	-8.616e-8	3.497e-7	2.383e-7	-1.114e-7	2.214e-7	1.477e-7	-7.366e-8	2.822e-7	1.906e-7	-9.154e-8	2.279e-7	1.529e-7	-7.499e-8	2.898e-7	1.959e-7	-9.384e-8
0.220	2.292e-7	1.560e-7	-7.318e-8	2.899e-7	1.978e-7	-9.208e-8	2.548e-7	1.673e-7	-8.750e-8	3.625e-7	2.479e-7	-1.146e-7	2.269e-7	1.524e-7	-7.452e-8	2.918e-7	1.981e-7	-9.372e-8	2.353e-7	1.587e-7	-7.659e-8	3.002e-7	2.041e-7	-9.606e-8
0.224	2.368e-7	1.621e-7	-7.469e-8	3.011e-7	2.067e-7	-9.439e-8	2.599e-7	1.721e-7	-8.779e-8	3.759e-7	2.582e-7	-1.177e-7	2.326e-7	1.571e-7	-7.551e-8	3.017e-7	2.058e-7	-9.591e-8	2.432e-7	1.648e-7	-7.840e-8	3.108e-7	2.125e-7	-9.831e-8
0.228	2.426e-7	1.672e-7	-7.536e-8	3.109e-7	2.144e-7	-9.653e-8	2.649e-7	1.762e-7	-8.868e-8	3.886e-7	2.687e-7	-1.199e-7	2.381e-7	1.619e-7	-7.617e-8	3.119e-7	2.144e-7	-9.751e-8	2.500e-7	1.706e-7	-7.932e-8	3.217e-7	2.212e-7	-1.005e-7
0.232	2.497e-7	1.729e-7	-7.683e-8	3.231e-7	2.244e-7	-9.879e-8	2.709e-7	1.810e-7	-8.990e-8	4.030e-7	2.797e-7	-1.233e-7	2.457e-7	1.678e-7	-7.787e-8	3.231e-7	2.230e-7	-1.001e-7	2.588e-7	1.774e-7	-8.132e-8	3.341e-7	2.309e-7	-1.031e-7
0.236	2.584e-7	1.797e-7	-7.867e-8	3.352e-7	2.339e-7	-1.013e-7	2.769e-7	1.859e-7	-9.103e-8	4.181e-7	2.919e-7	-1.262e-7	2.526e-7	1.733e-7	-7.936e-8	3.341e-7	2.317e-7	-1.024e-7	2.673e-7	1.844e-7	-8.287e-8	3.472e-7	2.410e-7	-1.062e-7
0.240	2.673e-7	1.873e-7	-8.001e-8	3.489e-7	2.449e-7	-1.040e-7	2.830e-7	1.915e-7	-9.159e-8	4.339e-7	3.045e-7	-1.294e-7	2.603e-7	1.799e-7	-8.043e-8	3.474e-7	2.424e-7	-1.050e-7	2.765e-7	1.919e-7	-8.457e-8	3.598e-7	2.517e-7	-1.081e-7
0.244	2.752e-7	1.943e-7	-8.092e-8	3.631e-7	2.565e-7	-1.066e-7	2.911e-7	1.978e-7	-9.326e-8	4.504e-7	3.179e-7	-1.325e-7	2.689e-7	1.870e-7	-8.184e-8	3.603e-7	2.528e-7	-1.075e-7	2.857e-7	1.995e-7	-8.619e-8	3.740e-7	2.631e-7	-1.108e-7
0.248	2.858e-7	2.027e-7	-8.306e-8	3.785e-7	2.687e-7	-1.099e-7	2.981e-7	2.038e-7	-9.426e-8	4.668e-7	3.313e-7	-1.355e-7	2.776e-7	1.943e-7	-8.326e-8	3.743e-7	2.648e-7	-1.094e-7	2.961e-7	2.084e-7	-8.768e-8	3.882e-7	2.746e-7	-1.136e-7
0.252	2.957e-7	2.117e-7	-8.402e-8	3.943e-7	2.821e-7	-1.122e-7	3.063e-7	2.109e-7	-9.534e-8	4.849e-7	3.462e-7	-1.388e-7	2.868e-7	2.024e-7	-8.439e-8	3.883e-7	2.763e-7	-1.120e-7	3.074e-7	2.177e-7	-8.969e-8	4.031e-7	2.874e-7	-1.157e-7
0.256	3.064e-7	2.208e-7	-8.566e-8	4.106e-7	2.960e-7	-1.146e-7	3.147e-7	2.182e-7	-9.650e-8	5.030e-7	3.619e-7	-1.412e-7	2.967e-7	2.106e-7	-8.608e-8	4.041e-7	2.894e-7	-1.147e-7	3.183e-7	2.272e-7	-9.117e-8	4.193e-7	3.010e-7	-1.183e-7
0.260	3.188e-7	2.316e-7	-8.713e-8	4.289e-7	3.115e-7	-1.174e-7	3.253e-7	2.270e-7	-9.825e-8	5.231e-7	3.785e-7	-1.445e-7	3.068e-7	2.193e-7	-8.746e-8	4.205e-7	3.038e-7	-1.167e-7	3.302e-7	2.374e-7	-9.282e-8	4.365e-7	3.156e-7	-1.209e-7
0.264	3.318e-7	2.429e-7	-8.888e-8	4.479e-7	3.281e-7	-1.198e-7	3.351e-7	2.360e-7	-9.910e-8	5.434e-7	3.962e-7	-1.472e-7	3.184e-7	2.297e-7	-8.871e-8	4.371e-7	3.178e-7	-1.193e-7	3.434e-7	2.489e-7	-9.447e-8	4.539e-7	3.308e-7	-1.231e-7
0.268	3.446e-7	2.549e-7	-8.975e-8	4.679e-7	3.459e-7	-1.220e-7	3.470e-7	2.467e-7	-1.003e-7	5.638e-7	4.147e-7	-1.491e-7	3.307e-7	2.406e-7	-9.011e-8	4.550e-7	3.336e-7	-1.213e-7	3.562e-7	2.605e-7	-9.570e-8	4.719e-7	3.466e-7	-1.254e-7
0.272	3.589e-7	2.680e-7	-9.088e-8	4.889e-7	3.648e-7	-1.241e-7	3.595e-7	2.578e-7	-1.017e-7	5.859e-7	4.345e-7	-1.514e-7	3.432e-7	2.521e-7	-9.114e-8	4.748e-7	3.513e-7	-1.235e-7	3.707e-7	2.735e-7	-9.724e-8	4.917e-7	3.641e-7	-1.275e-7
0.276	3.743e-7	2.824e-7	-9.190e-8	5.112e-7	3.854e-7	-1.258e-7	3.720e-7	2.691e-7	-1.029e-7	6.089e-7	4.552e-7	-1.537e-7	3.574e-7	2.645e-7	-9.289e-8	4.945e-7	3.688e-7	-1.258e-7	3.856e-7	2.866e-7	-9.901e-8	5.126e-7	3.828e-7	-1.298e-7
0.280	3.907e-7	2.979e-7	-9.275e-8	5.343e-7	4.074e-7	-1.269e-7	3.863e-7	2.824e-7	-1.039e-7	6.315e-7	4.765e-7	-1.550e-7	3.711e-7	2.777e-7	-9.335e-8	5.150e-7	3.879e-7	-1.270e-7	4.009e-7	3.012e-7	-9.969e-8	5.326e-7	4.016e-7	-1.311e-7
0.284	4.068e-7	3.137e-7	-9.309e-8	5.590e-7	4.300e-7	-1.291e-7	4.016e-7	2.967e-7	-1.049e-7	6.559e-7	4.994e-7	-1.565e-7	3.860e-7	2.917e-7	-9.424e-8	5.358e-7	4.077e-7	-1.281e-7	4.162e-7	3.157e-7	-1.005e-7	5.544e-7	4.217e-7	-1.327e-7
0.288	4.258e-7	3.319e-7	-9.391e-8	5.844e-7	4.545e-7	-1.299e-7	4.186e-7	3.126e-7	-1.060e-7	6.803e-7	5.236e-7	-1.567e-7	4.020e-7	3.067e-7	-9.532e-8	5.585e-7	4.291e-7	-1.293e-7	4.343e-7	3.321e-7	-1.023e-7	5.770e-7	4.432e-7	-1.338e-7
0.292	4.447e-7	3.506e-7	-9.405e-8	6.111e-7	4.809e-7	-1.302e-7	4.358e-7	3.288e-7	-1.069e-7	7.064e-7	5.487e-7	-1.576e-7	4.198e-7	3.236e-7	-9.617e-8	5.818e-7	4.516e-7	-1.302e-7	4.520e-7	3.490e-7	-1.030e-7	6.005e-7	4.655e-7	-1.350e-7
0.296	4.651e-7	3.709e-7	-9.414e-8	6.390e-7	5.080e-7	-1.310e-7	4.545e-7	3.467e-7	-1.078e-7	7.323e-7	5.749e-7	-1.575e-7	4.372e-7	3.407e-7	-9.654e-8	6.061e-7	4.755e-7	-1.305e-7	4.707e-7	3.666e-7	-1.041e-7	6.248e-7	4.891e-7	-1.357e-7
0.300	4.864e-7	3.921e-7	-9.424e-8	6.674e-7	5.369e-7	-1.305e-7	4.739e-7	3.657e-7	-1.082e-7	7.589e-7	6.017e-7	-1.572e-7	4.561e-7	3.587e-7	-9.741e-8	6.312e-7	4.998e-7	-1.314e-7	4.893e-7	3.849e-7	-1.043e-7	6.483e-7	5.126e-7	-1.358e-7
0.304	5.080e-7	4.143e-7	-9.362e-8	6.964e-7	5.667e-7	-1.297e-7	4.954e-7	3.864e-7	-1.090e-7	7.856e-7	6.298e-7	-1.559e-7	4.750e-7	3.770e-7	-9.796e-8	6.565e-7	5.255e-7	-1.310e-7	5.089e-7	4.040e-7	-1.048e-7	6.735e-7	5.379e-7	-1.356e-7
0.308	5.300e-7	4.372e-7	-9.271e-8	7.249e-7	5.970e-7	-1.279e-7	5.157e-7	4.068e-7	-1.089e-7	8.128e-7	6.582e-7	-1.546e-7	4.947e-7	3.971e-7	-9.767e-8	6.821e-7	5.517e-7	-1.304e-7	5.285e-7	4.241e-7	-1.045e-7	6.987e-7	5.638e-7	-1.349e-7
0.312	5.524e-7	4.615e-7	-9.087e-8	7.545e-7	6.289e-7	-1.256e-7	5.386e-7	4.296e-7	-1.090e-7	8.400e-7	6.874e-7	-1.525e-7	5.146e-7	4.171e-7	-9.743e-8	7.087e-7	5.788e-7	-1.298e-7	5.484e-7	4.439e-7	-1.044e-7	7.243e-7	5.903e-7	-1.340e-7
0.316	5.754e-7	4.866e-7	-8.878e-8	7.837e-7	6.609e-7	-1.228e-7	5.610e-7	4.526e-7	-1.084e-7	8.671e-7	7.175e-7	-1.496e-7	5.348e-7	4.382e-7	-9.665e-8	7.340e-7	6.066e-7	-1.274e-7	5.694e-7	4.652e-7	-1.042e-7	7.491e-7	6.169e-7	-1.322e-7
0.320	5.980e-7	5.113e-7	-8.674e-8	8.125e-7	6.930e-7	-1.195e-7	5.843e-7	4.761e-7	-1.083e-7	8.926e-7	7.462e-7	-1.464e-7	5.545e-7	4.586e-7	-9.589e-8	7.593e-7	6.336e-7	-1.257e-7	5.888e-7	4.851e-7	-1.036e-7	7.736e-7	6.431e-7	-1.305e-7
0.324	6.216e-7	5.372e-7	-8.435e-8	8.410e-7	7.253e-7	-1.157e-7	6.076e-7	5.001e-7	-1.075e-7	9.178e-7	7.754e-7	-1.424e-7	5.753e-7	4.800e-7	-9.533e-8	7.854e-7	6.613e-7	-1.241e-7	6.093e-7	5.064e-7	-1.029e-7	7.988e-7	6.700e-7	-1.287e-7
0.328	6.446e-7	5.636e-7	-8.095e-8	8.683e-7	7.579e-7	-1.104e-7	6.313e-7	5.256e-7	-1.058e-7	9.422e-7	8.045e-7	-1.378e-7	5.961e-7	5.021e-7	-9.393e-8	8.093e-7	6.891e-7	-1.201e-7	6.291e-7	5.280e-7	-1.011e-7	8.223e-7	6.968e-7	-1.255e-7
0.332	6.659e-7	5.897e-7	-7.623e-8	8.939e-7	7.897e-7	-1.043e-7	6.544e-7	5.502e-7	-1.042e-7	9.646e-7	8.320e-7	-1.327e-7	6.159e-7	5.236e-7	-9.222e-8	8.328e-7	7.159e-7	-1.169e-7	6.478e-7	5.484e-7	-9.941e-8	8.442e-7	7.227e-7	-1.215e-7
0.336	6.877e-7	6.156e-7	-7.205e-8	9.194e-7	8.216e-7	-9.783e-8	6.779e-7	5.759e-7	-1.020e-7	9.875e-7	8.608e-7	-1.267e-7	6.347e-7	5.451e-7	-8.956e-8	8.558e-7	7.429e-7	-1.130e-7	6.662e-7	5.690e-7	-9.721e-8	8.669e-7	7.488e-7	-1.181e-7
0.340	7.101e-7	6.428e-7	-6.727e-8	9.433e-7	8.527e-7	-9.069e-8	7.008e-7	6.017e-7	-9.916e-8	1.009e-6	8.883e-7	-1.203e-7	6.544e-7	5.672e-7	-8.722e-8	8.773e-7	7.693e-7	-1.080e-7	6.844e-7	5.898e-7	-9.466e-8	8.876e-7	7.736e-7	-1.140e-7
0.344	7.299e-7	6.689e-7	-6.096e-8	9.655e-7	8.833e-7	-8.219e-8	7.231e-7	6.275e-7	-9.560e-8	1.028e-6	9.151e-7	-1.125e-7	6.718e-7	5.882e-7	-8.361e-8	8.971e-7	7.951e-7	-1.020e-7	7.015e-7	6.099e-7	-9.161e-8	9.067e-7	7.981e-7	-1.086e-7
0.348	7.491e-7	6.945e-7	-5.459e-8	9.860e-7	9.121e-7	-7.397e-8	7.444e-7	6.526e-7	-9.185e-8	1.046e-6	9.406e-7	-1.051e-7	6.893e-7	6.092e-7	-8.009e-8	9.164e-7	8.200e-7	-9.641e-8	7.167e-7	6.290e-7	-8.768e-8	9.249e-7	8.219e-7	-1.030e-7
0.352	7.672e-7	7.200e-7	-4.722e-8	1.004e-6	9.402e-7	-6.424e-8	7.657e-7	6.783e-7	-8.735e-8	1.062e-6	9.650e-7	-9.710e-8	7.052e-7	6.296e-7	-7.563e-8	9.345e-7	8.446e-7	-8.987e-8	7.324e-7	6.487e-7	-8.376e-8	9.415e-7	8.447e-7	-9.674e-8
0.356	7.849e-7	7.454e-7	-3.948e-8	1.022e-6	9.681e-7	-5.416e-8	7.856e-7	7.035e-7	-8.209e-8	1.078e-6	9.901e-7	-8.747e-8	7.205e-7	6.498e-7	-7.066e-8	9.501e-7	8.676e-7	-8.247e-8	7.468e-7	6.677e-7	-7.910e-8	9.575e-7	8.672e-7	-9.034e-8
0.360	8.007e-7	7.695e-7	-3.121e-8	1.038e-6	9.940e-7	-4.380e-8	8.044e-7	7.282e-7	-7.615e-8	1.091e-6	1.012e-6	-7.851e-8	7.356e-7	6.699e-7	-6.567e-8	9.652e-7	8.903e-7	-7.491e-8	7.602e-7	6.859e-7	-7.431e-8	9.712e-7	8.886e-7	-8.257e-8
0.364	8.162e-7	7.935e-7	-2.277e-8	1.052e-6	1.019e-6	-3.264e-8	8.228e-7	7.528e-7	-6.997e-8	1.104e-6	1.035e-6	-6.871e-8	7.488e-7	6.891e-7	-5.965e-8	9.788e-7	9.118e-7	-6.700e-8	7.724e-7	7.036e-7	-6.877e-8	9.851e-7	9.095e-7	-7.563e-8
0.368	8.297e-7	8.168e-7	-1.297e-8	1.064e-6	1.043e-6	-2.074e-8	8.401e-7	7.770e-7	-6.303e-8	1.115e-6	1.057e-6	-5.859e-8	7.620e-7	7.085e-7	-5.348e-8	9.915e-7	9.332e-7	-5.829e-8	7.838e-7	7.214e-7	-6.235e-8	9.965e-7	9.297e-7	-6.679e-8
0.372	8.430e-7	8.396e-7	-3.488e-9	1.077e-6	1.067e-6	-9.815e-9	8.570e-7	8.010e-7	-5.602e-8	1.126e-6	1.077e-6	-4.882e-8	7.741e-7	7.276e-7	-4.649e-8	1.003e-6	9.536e-7	-4.982e-8	7.951e-7	7.388e-7	-5.621e-8	1.008e-6	9.488e-7	-5.905e-8
0.376	8.554e-7	8.618e-7	6.373e-9	1.087e-6	1.089e-6	2.054e-9	8.726e-7	8.243e-7	-4.832e-8	1.136e-6	1.098e-6	-3.843e-8	7.856e-7	7.457e-7	-3.992e-8	1.015e-6	9.733e-7	-4.129e-8	8.057e-7	7.561e-7	-4.955e-8	1.019e-6	9.682e-7	-5.064e-8
0.380	8.658e-7	8.825e-7	1.676e-8	1.095e-6	1.109e-6	1.476e-8	8.865e-7	8.465e-7	-4.005e-8	1.143e-6	1.116e-6	-2.747e-8	7.957e-7	7.636e-7	-3.212e-8	1.023e-6	9.913e-7	-3.140e-8	8.143e-7	7.718e-7	-4.244e-8	1.027e-6	9.855e-7	-4.189e-8
0.384	8.760e-7	9.023e-7	2.631e-8	1.102e-6	1.129e-6	2.609e-8	9.000e-7	8.676e-7	-3.233e-8	1.151e-6	1.134e-6	-1.685e-8	8.054e-7	7.805e-7	-2.491e-8	1.032e-6	1.009e-6	-2.267e-8	8.232e-7	7.877e-7	-3.549e-8	1.035e-6	1.003e-6	-3.288e-8
0.388	8.858e-7	9.226e-7	3.681e-8	1.111e-6	1.149e-6	3.846e-8	9.134e-7	8.903e-7	-2.308e-8	1.159e-6	1.153e-6	-6.242e-9	8.152e-7	7.985e-7	-1.677e-8	1.041e-6	1.028e-6	-1.267e-8	8.323e-7	8.048e-7	-2.756e-8	1.044e-6	1.021e-6	-2.330e-8
0.392	8.928e-7	9.401e-7	4.731e-8	1.116e-6	1.166e-6	5.076e-8	9.249e-7	9.107e-7	-1.422e-8	1.164e-6	1.169e-6	5.203e-9	8.237e-7	8.146e-7	-9.096e-9	1.047e-6	1.045e-6	-2.494e-9	8.394e-7	8.197e-7	-1.972e-8	1.050e-6	1.037e-6	-1.304e-8
0.396	8.993e-7	9.567e-7	5.739e-8	1.119e-6	1.182e-6	6.253e-8	9.342e-7	9.286e-7	-5.662e-9	1.169e-6	1.185e-6	1.602e-8	8.308e-7	8.299e-7	-8.982e-10	1.052e-6	1.060e-6	7.446e-9	8.451e-7	8.340e-7	-1.117e-8	1.055e-6	1.052e-6	-3.654e-9
0.400	9.054e-7	9.722e-7	6.676e-8	1.123e-6	1.197e-6	7.369e-8	9.444e-7	9.474e-7	2.988e-9	1.173e-6	1.200e-6	2.734e-8	8.377e-7	8.455e-7	7.811e-9	1.057e-6	1.075e-6	1.780e-8	8.521e-7	8.483e-7	-3.831e-9	1.060e-6	1.066e-6	6.010e-9
0.404	9.100e-7	9.872e-7	7.710e-8	1.124e-6	1.210e-6	8.625e-8	9.527e-7	9.654e-7	1.268e-8	1.176e-6	1.214e-6	3.801e-8	8.433e-7	8.596e-7	1.632e-8	1.062e-6	1.090e-6	2.795e-8	8.572e-7	8.625e-7	5.262e-9	1.065e-6	1.081e-6	1.671e-8
0.408	9.138e-7	1.000e-6	8.649e-8	1.126e-6	1.224e-6	9.756e-8	9.601e-7	9.818e-7	2.179e-8	1.179e-6	1.228e-6	4.898e-8	8.484e-7	8.731e-7	2.471e-8	1.064e-6	1.103e-6	3.833e-8	8.620e-7	8.755e-7	1.348e-8	1.069e-6	1.095e-6	2.625e-8
0.412	9.157e-7	1.012e-6	9.608e-8	1.125e-6	1.234e-6	1.091e-7	9.653e-7	9.965e-7	3.116e-8	1.181e-6	1.241e-6	5.982e-8	8.525e-7	8.861e-7	3.356e-8	1.067e-6	1.115e-6	4.866e-8	8.663e-7	8.881e-7	2.179e-8	1.071e-6	1.108e-6	3.613e-8
0.416	9.183e-7	1.023e-6	1.050e-7	1.125e-6	1.245e-6	1.202e-7	9.714e-7	1.011e-6	3.972e-8	1.182e-6	1.253e-6	7.107e-8	8.570e-7	8.986e-7	4.155e-8	1.069e-6	1.127e-6	5.886e-8	8.706e-7	9.007e-7	3.018e-8	1.074e-6	1.121e-6	4.689e-8
0.420	9.196e-7	1.034e-6	1.141e-7	1.124e-6	1.255e-6	1.308e-7	9.772e-7	1.026e-6	4.873e-8	1.183e-6	1.265e-6	8.190e-8	8.612e-7	9.115e-7	5.029e-8	1.070e-6	1.140e-6	6.968e-8	8.743e-7	9.135e-7	3.928e-8	1.076e-6	1.133e-6	5.716e-8
0.424	9.208e-7	1.044e-6	1.228e-7	1.122e-6	1.265e-6	1.424e-7	9.819e-7	1.040e-6	5.814e-8	1.184e-6	1.277e-6	9.321e-8	8.644e-7	9.238e-7	5.943e-8	1.071e-6	1.151e-6	8.033e-8	8.780e-7	9.260e-7	4.801e-8	1.078e-6	1.146e-6	6.809e-8
0.428	9.212e-7	1.052e-6	1.313e-7	1.120e-6	1.273e-6	1.526e-7	9.863e-7	1.054e-6	6.732e-8	1.184e-6	1.288e-6	1.042e-7	8.673e-7	9.353e-7	6.807e-8	1.071e-6	1.162e-6	9.090e-8	8.808e-7	9.377e-7	5.690e-8	1.079e-6	1.158e-6	7.845e-8
0.432	9.208e-7	1.061e-6	1.404e-7	1.116e-6	1.280e-6	1.643e-7	9.898e-7	1.067e-6	7.669e-8	1.183e-6	1.300e-6	1.169e-7	8.700e-7	9.471e-7	7.710e-8	1.071e-6	1.174e-6	1.026e-7	8.835e-7	9.500e-7	6.651e-8	1.079e-6	1.170e-6	9.030e-8
0.436	9.202e-7	1.069e-6	1.486e-7	1.114e-6	1.288e-6	1.744e-7	9.936e-7	1.080e-6	8.590e-8	1.183e-6	1.311e-6	1.282e-7	8.729e-7	9.592e-7	8.629e-8	1.071e-6	1.184e-6	1.132e-7	8.862e-7	9.622e-7	7.605e-8	1.080e-6	1.182e-6	1.013e-7
0.440	9.207e-7	1.077e-6	1.561e-7	1.109e-6	1.294e-6	1.848e-7	9.969e-7	1.092e-6	9.505e-8	1.183e-6	1.322e-6	1.391e-7	8.758e-7	9.702e-7	9.441e-8	1.071e-6	1.195e-6	1.243e-7	8.902e-7	9.749e-7	8.472e-8	1.081e-6	1.193e-6	1.122e-7
0.444	9.197e-7	1.084e-6	1.644e-7	1.106e-6	1.301e-6	1.952e-7	1.000e-6	1.105e-6	1.043e-7	1.182e-6	1.333e-6	1.505e-7	8.786e-7	9.823e-7	1.037e-7	1.070e-6	1.205e-6	1.351e-7	8.935e-7	9.873e-7	9.379e-8	1.083e-6	1.206e-6	1.235e-7
0.448	9.190e-7	1.092e-6	1.728e-7	1.102e-6	1.308e-6	2.056e-7	1.004e-6	1.118e-6	1.145e-7	1.182e-6	1.344e-6	1.623e-7	8.816e-7	9.949e-7	1.133e-7	1.069e-6	1.216e-6	1.469e-7	8.965e-7	1.001e-6	1.040e-7	1.083e-6	1.218e-6	1.356e-7
0.452	9.188e-7	1.099e-6	1.803e-7	1.098e-6	1.314e-6	2.156e-7	1.008e-6	1.132e-6	1.231e-7	1.182e-6	1.356e-6	1.739e-7	8.854e-7	1.007e-6	1.218e-7	1.069e-6	1.227e-6	1.572e-7	9.012e-7	1.014e-6	1.130e-7	1.084e-6	1.231e-6	1.465e-7
0.456	9.191e-7	1.108e-6	1.885e-7	1.094e-6	1.320e-6	2.258e-7	1.013e-6	1.146e-6	1.334e-7	1.183e-6	1.368e-6	1.858e-7	8.881e-7	1.020e-6	1.317e-7	1.070e-6	1.239e-6	1.689e-7	9.063e-7	1.029e-6	1.229e-7	1.086e-6	1.244e-6	1.577e-7
0.460	9.177e-7	1.115e-6	1.969e-7	1.089e-6	1.325e-6	2.361e-7	1.016e-6	1.160e-6	1.439e-7	1.181e-6	1.379e-6	1.980e-7	8.917e-7	1.033e-6	1.415e-7	1.068e-6	1.249e-6	1.808e-7	9.093e-7	1.043e-6	1.337e-7	1.086e-6	1.256e-6	1.704e-7
0.464	9.189e-7	1.123e-6	2.043e-7	1.086e-6	1.331e-6	2.456e-7	1.022e-6	1.175e-6	1.537e-7	1.182e-6	1.391e-6	2.095e-7	8.960e-7	1.047e-6	1.506e-7	1.069e-6	1.260e-6	1.915e-7	9.151e-7	1.058e-6	1.431e-7	1.088e-6	1.270e-6	1.817e-7
0.468	9.189e-7	1.131e-6	2.125e-7	1.081e-6	1.337e-6	2.555e-7	1.027e-6	1.191e-6	1.638e-7	1.183e-6	1.404e-6	2.209e-7	9.003e-7	1.061e-6	1.604e-7	1.069e-6	1.271e-6	2.026e-7	9.206e-7	1.074e-6	1.532e-7	1.089e-6	1.282e-6	1.934e-7
0.472	9.187e-7	1.140e-6	2.213e-7	1.077e-6	1.343e-6	2.655e-7	1.032e-6	1.207e-6	1.750e-7	1.183e-6	1.416e-6	2.335e-7	9.043e-7	1.075e-6	1.706e-7	1.068e-6	1.282e-6	2.140e-7	9.261e-7	1.090e-6	1.640e-7	1.091e-6	1.296e-6	2.053e-7
0.476	9.193e-7	1.149e-6	2.294e-7	1.073e-6	1.348e-6	2.747e-7	1.038e-6	1.223e-6	1.855e-7	1.183e-6	1.429e-6	2.457e-7	9.090e-7	1.090e-6	1.808e-7	1.068e-6	1.293e-6	2.254e-7	9.322e-7	1.107e-6	1.748e-7	1.092e-6	1.309e-6	2.168e-7
0.480	9.195e-7	1.157e-6	2.374e-7	1.068e-6	1.352e-6	2.845e-7	1.043e-6	1.239e-6	1.966e-7	1.183e-6	1.441e-6	2.576e-7	9.136e-7	1.104e-6	1.907e-7	1.067e-6	1.303e-6	2.367e-7	9.379e-7	1.123e-6	1.856e-7	1.094e-6	1.322e-6	2.283e-7
0.484	9.205e-7	1.166e-6	2.454e-7	1.064e-6	1.357e-6	2.933e-7	1.049e-6	1.256e-6	2.076e-7	1.185e-6	1.453e-6	2.687e-7	9.188e-7	1.120e-6	2.007e-7	1.066e-6	1.314e-6	2.476e-7	9.443e-7	1.140e-6	1.957e-7	1.095e-6	1.335e-6	2.397e-7
0.488	9.202e-7	1.174e-6	2.542e-7	1.060e-6	1.362e-6	3.020e-7	1.055e-6	1.273e-6	2.189e-7	1.186e-6	1.466e-6	2.808e-7	9.234e-7	1.135e-6	2.114e-7	1.066e-6	1.325e-6	2.583e-7	9.502e-7	1.157e-6	2.068e-7	1.096e-6	1.348e-6	2.511e-7
0.492	9.197e-7	1.182e-6	2.622e-7	1.053e-6	1.365e-6	3.112e-7	1.059e-6	1.289e-6	2.306e-7	1.184e-6	1.477e-6	2.930e-7	9.270e-7	1.149e-6	2.217e-7	1.065e-6	1.333e-6	2.685e-7	9.559e-7	1.174e-6	2.177e-7	1.097e-6	1.360e-6	2.625e-7
0.496	9.191e-7	1.190e-6	2.710e-7	1.048e-6	1.367e-6	3.192e-7	1.064e-6	1.306e-6	2.421e-7	1.185e-6	1.489e-6	3.038e-7	9.312e-7	1.163e-6	2.317e-7	1.063e-6	1.342e-6	2.794e-7	9.606e-7	1.190e-6	2.290e-7	1.098e-6	1.371e-6	2.730e-7
0.500	9.176e-7	1.197e-6	2.793e-7	1.042e-6	1.369e-6	3.274e-7	1.068e-6	1.322e-6	2.537e-7	1.184e-6	1.500e-6	3.154e-7	9.338e-7	1.176e-6	2.422e-7	1.061e-6	1.350e-6	2.892e-7	9.661e-7	1.206e-6	2.396e-7	1.097e-6	1.381e-6	2.841e-7
0.504	9.151e-7	1.202e-6	2.873e-7	1.035e-6	1.370e-6	3.353e-7	1.071e-6	1.336e-6	2.655e-7	1.184e-6	1.509e-6	3.255e-7	9.352e-7	1.188e-6	2.524e-7	1.058e-6	1.357e-6	2.992e-7	9.687e-7	1.219e-6	2.503e-7	1.097e-6	1.391e-6	2.939e-7
0.508	9.116e-7	1.207e-6	2.956e-7	1.027e-6	1.369e-6	3.426e-7	1.073e-6	1.350e-6	2.770e-7	1.181e-6	1.518e-6	3.364e-7	9.351e-7	1.198e-6	2.629e-7	1.054e-6	1.362e-6	3.085e-7	9.709e-7	1.232e-6	2.610e-7	1.094e-6	1.398e-6	3.038e-7
0.512	9.072e-7	1.211e-6	3.034e-7	1.019e-6	1.368e-6	3.496e-7	1.074e-6	1.362e-6	2.887e-7	1.178e-6	1.525e-6	3.470e-7	9.351e-7	1.208e-6	2.726e-7	1.049e-6	1.367e-6	3.181e-7	9.712e-7	1.243e-6	2.716e-7	1.091e-6	1.404e-6	3.137e-7
0.516	9.016e-7	1.213e-6	3.115e-7	1.010e-6	1.366e-6	3.560e-7	1.073e-6	1.373e-6	3.001e-7	1.174e-6	1.531e-6	3.571e-7	9.330e-7	1.216e-6	2.827e-7	1.043e-6	1.370e-6	3.268e-7	9.708e-7	1.253e-6	2.821e-7	1.086e-6	1.409e-6	3.233e-7
0.520	8.949e-7	1.214e-6	3.191e-7	9.998e-7	1.362e-6	3.623e-7	1.070e-6	1.382e-6	3.116e-7	1.169e-6	1.536e-6	3.666e-7	9.297e-7	1.222e-6	2.924e-7	1.036e-6	1.371e-6	3.351e-7	9.688e-7	1.261e-6	2.920e-7	1.081e-6	1.413e-6	3.317e-7
0.524	8.854e-7	1.212e-6	3.270e-7	9.882e-7	1.357e-6	3.684e-7	1.065e-6	1.388e-6	3.230e-7	1.161e-6	1.538e-6	3.765e-7	9.237e-7	1.226e-6	3.021e-7	1.028e-6	1.371e-6	3.432e-7	9.638e-7	1.266e-6	3.022e-7	1.073e-6	1.413e-6	3.403e-7
0.528	8.757e-7	1.210e-6	3.345e-7	9.762e-7	1.351e-6	3.744e-7	1.059e-6	1.394e-6	3.343e-7	1.153e-6	1.539e-6	3.861e-7	9.164e-7	1.228e-6	3.117e-7	1.017e-6	1.369e-6	3.515e-7	9.578e-7	1.270e-6	3.119e-7	1.065e-6	1.413e-6	3.486e-7
0.532	8.637e-7	1.205e-6	3.418e-7	9.634e-7	1.343e-6	3.793e-7	1.051e-6	1.397e-6	3.453e-7	1.145e-6	1.539e-6	3.944e-7	9.080e-7	1.229e-6	3.207e-7	1.007e-6	1.366e-6	3.590e-7	9.489e-7	1.271e-6	3.218e-7	1.054e-6	1.411e-6	3.565e-7
0.536	8.507e-7	1.200e-6	3.489e-7	9.495e-7	1.334e-6	3.845e-7	1.041e-6	1.397e-6	3.560e-7	1.134e-6	1.537e-6	4.029e-7	8.969e-7	1.227e-6	3.302e-7	9.948e-7	1.361e-6	3.666e-7	9.385e-7	1.270e-6	3.315e-7	1.042e-6	1.407e-6	3.644e-7
0.540	8.361e-7	1.192e-6	3.562e-7	9.339e-7	1.324e-6	3.901e-7	1.028e-6	1.395e-6	3.671e-7	1.121e-6	1.534e-6	4.124e-7	8.842e-7	1.223e-6	3.391e-7	9.812e-7	1.355e-6	3.735e-7	9.271e-7	1.267e-6	3.400e-7	1.030e-6	1.401e-6	3.714e-7
0.544	8.201e-7	1.183e-6	3.631e-7	9.183e-7	1.312e-6	3.942e-7	1.015e-6	1.392e-6	3.769e-7	1.107e-6	1.528e-6	4.203e-7	8.706e-7	1.218e-6	3.473e-7	9.663e-7	1.347e-6	3.805e-7	9.133e-7	1.262e-6	3.486e-7	1.015e-6	1.393e-6	3.779e-7
0.548	8.039e-7	1.174e-6	3.698e-7	9.027e-7	1.301e-6	3.984e-7	9.994e-7	1.387e-6	3.874e-7	1.094e-6	1.521e-6	4.273e-7	8.555e-7	1.211e-6	3.559e-7	9.512e-7	1.338e-6	3.864e-7	8.984e-7	1.255e-6	3.567e-7	1.000e-6	1.384e-6	3.841e-7
0.552	7.867e-7	1.163e-6	3.758e-7	8.861e-7	1.288e-6	4.021e-7	9.824e-7	1.379e-6	3.968e-7	1.077e-6	1.512e-6	4.349e-7	8.391e-7	1.203e-6	3.634e-7	9.353e-7	1.327e-6	3.920e-7	8.812e-7	1.247e-6	3.653e-7	9.838e-7	1.374e-6	3.898e-7
0.556	7.687e-7	1.150e-6	3.815e-7	8.686e-7	1.274e-6	4.058e-7	9.641e-7	1.370e-6	4.056e-7	1.061e-6	1.502e-6	4.414e-7	8.214e-7	1.193e-6	3.712e-7	9.183e-7	1.316e-6	3.978e-7	8.631e-7	1.236e-6	3.725e-7	9.659e-7	1.361e-6	3.952e-7
0.560	7.500e-7	1.137e-6	3.874e-7	8.510e-7	1.260e-6	4.095e-7	9.444e-7	1.359e-6	4.148e-7	1.043e-6	1.491e-6	4.478e-7	8.028e-7	1.182e-6	3.790e-7	9.008e-7	1.304e-6	4.032e-7	8.438e-7	1.224e-6	3.800e-7	9.471e-7	1.348e-6	4.008e-7
0.564	7.315e-7	1.124e-6	3.925e-7	8.328e-7	1.246e-6	4.131e-7	9.244e-7	1.347e-6	4.227e-7	1.024e-6	1.478e-6	4.538e-7	7.841e-7	1.170e-6	3.855e-7	8.827e-7	1.291e-6	4.082e-7	8.240e-7	1.211e-6	3.869e-7	9.285e-7	1.334e-6	4.058e-7
0.568	7.124e-7	1.110e-6	3.974e-7	8.159e-7	1.231e-6	4.156e-7	9.045e-7	1.334e-6	4.298e-7	1.006e-6	1.465e-6	4.592e-7	7.654e-7	1.157e-6	3.918e-7	8.648e-7	1.278e-6	4.127e-7	8.044e-7	1.197e-6	3.931e-7	9.090e-7	1.319e-6	4.102e-7
0.572	6.934e-7	1.096e-6	4.022e-7	7.979e-7	1.217e-6	4.188e-7	8.825e-7	1.320e-6	4.372e-7	9.852e-7	1.450e-6	4.646e-7	7.451e-7	1.143e-6	3.983e-7	8.466e-7	1.264e-6	4.169e-7	7.834e-7	1.183e-6	3.991e-7	8.900e-7	1.304e-6	4.141e-7
0.576	6.751e-7	1.081e-6	4.061e-7	7.814e-7	1.202e-6	4.210e-7	8.610e-7	1.305e-6	4.439e-7	9.665e-7	1.436e-6	4.694e-7	7.257e-7	1.130e-6	4.039e-7	8.284e-7	1.250e-6	4.213e-7	7.628e-7	1.168e-6	4.048e-7	8.703e-7	1.288e-6	4.182e-7
0.580	6.577e-7	1.068e-6	4.100e-7	7.649e-7	1.188e-6	4.227e-7	8.404e-7	1.290e-6	4.494e-7	9.472e-7	1.420e-6	4.730e-7	7.069e-7	1.115e-6	4.086e-7	8.113e-7	1.235e-6	4.241e-7	7.422e-7	1.152e-6	4.097e-7	8.518e-7	1.273e-6	4.210e-7
0.584	6.403e-7	1.053e-6	4.131e-7	7.487e-7	1.174e-6	4.248e-7	8.196e-7	1.274e-6	4.543e-7	9.285e-7	1.404e-6	4.760e-7	6.881e-7	1.102e-6	4.134e-7	7.939e-7	1.221e-6	4.274e-7	7.222e-7	1.137e-6	4.143e-7	8.331e-7	1.257e-6	4.241e-7
0.588	6.241e-7	1.040e-6	4.161e-7	7.339e-7	1.160e-6	4.264e-7	7.992e-7	1.258e-6	4.589e-7	9.093e-7	1.388e-6	4.790e-7	6.695e-7	1.087e-6	4.173e-7	7.775e-7	1.208e-6	4.301e-7	7.030e-7	1.121e-6	4.180e-7	8.151e-7	1.242e-6	4.266e-7
0.592	6.093e-7	1.027e-6	4.181e-7	7.208e-7	1.148e-6	4.271e-7	7.800e-7	1.243e-6	4.627e-7	8.920e-7	1.374e-6	4.824e-7	6.530e-7	1.074e-6	4.209e-7	7.624e-7	1.195e-6	4.324e-7	6.853e-7	1.106e-6	4.209e-7	7.983e-7	1.227e-6	4.290e-7
0.596	5.947e-7	1.015e-6	4.203e-7	7.076e-7	1.136e-6	4.285e-7	7.613e-7	1.227e-6	4.655e-7	8.758e-7	1.360e-6	4.839e-7	6.370e-7	1.060e-6	4.233e-7	7.480e-7	1.182e-6	4.339e-7	6.674e-7	1.092e-6	4.242e-7	7.818e-7	1.213e-6	4.310e-7
0.600	5.816e-7	1.003e-6	4.218e-7	6.960e-7	1.125e-6	4.288e-7	7.438e-7	1.212e-6	4.680e-7	8.596e-7	1.345e-6	4.853e-7	6.215e-7	1.047e-6	4.258e-7	7.336e-7	1.169e-6	4.355e-7	6.506e-7	1.077e-6	4.262e-7	7.670e-7	1.199e-6	4.323e-7
0.604	5.695e-7	9.917e-7	4.222e-7	6.857e-7	1.115e-6	4.289e-7	7.270e-7	1.197e-6	4.697e-7	8.440e-7	1.331e-6	4.865e-7	6.064e-7	1.034e-6	4.280e-7	7.204e-7	1.157e-6	4.367e-7	6.350e-7	1.063e-6	4.283e-7	7.531e-7	1.186e-6	4.327e-7
0.608	5.581e-7	9.813e-7	4.233e-7	6.762e-7	1.105e-6	4.288e-7	7.115e-7	1.182e-6	4.709e-7	8.304e-7	1.318e-6	4.875e-7	5.937e-7	1.023e-6	4.290e-7	7.087e-7	1.146e-6	4.372e-7	6.207e-7	1.050e-6	4.295e-7	7.395e-7	1.173e-6	4.335e-7
0.612	5.486e-7	9.718e-7	4.232e-7	6.670e-7	1.096e-6	4.290e-7	6.968e-7	1.168e-6	4.711e-7	8.175e-7	1.305e-6	4.876e-7	5.814e-7	1.011e-6	4.299e-7	6.983e-7	1.136e-6	4.373e-7	6.079e-7	1.038e-6	4.300e-7	7.280e-7	1.162e-6	4.337e-7
0.616	5.403e-7	9.630e-7	4.227e-7	6.606e-7	1.089e-6	4.279e-7	6.841e-7	1.155e-6	4.710e-7	8.069e-7	1.293e-6	4.865e-7	5.708e-7	1.001e-6	4.299e-7	6.897e-7	1.127e-6	4.368e-7	5.967e-7	1.026e-6	4.297e-7	7.185e-7	1.152e-6	4.331e-7
0.620	5.322e-7	9.542e-7	4.221e-7	6.540e-7	1.081e-6	4.273e-7	6.711e-7	1.142e-6	4.711e-7	7.953e-7	1.282e-6	4.867e-7	5.600e-7	9.900e-7	4.300e-7	6.802e-7	1.117e-6	4.369e-7	5.849e-7	1.015e-6	4.300e-7	7.078e-7	1.141e-6	4.331e-7
0.624	5.260e-7	9.470e-7	4.210e-7	6.490e-7	1.076e-6	4.269e-7	6.618e-7	1.131e-6	4.695e-7	7.870e-7	1.273e-6	4.856e-7	5.522e-7	9.815e-7	4.292e-7	6.730e-7	1.109e-6	4.364e-7	5.760e-7	1.005e-6	4.292e-7	7.002e-7	1.133e-6	4.325e-7
0.628	5.206e-7	9.404e-7	4.198e-7	6.451e-7	1.070e-6	4.254e-7	6.525e-7	1.121e-6	4.682e-7	7.781e-7	1.263e-6	4.850e-7	5.434e-7	9.720e-7	4.286e-7	6.662e-7	1.102e-6	4.356e-7	5.670e-7	9.957e-7	4.287e-7	6.932e-7	1.125e-6	4.316e-7
0.632	5.159e-7	9.348e-7	4.190e-7	6.421e-7	1.066e-6	4.242e-7	6.436e-7	1.110e-6	4.668e-7	7.730e-7	1.256e-6	4.833e-7	5.373e-7	9.644e-7	4.270e-7	6.611e-7	1.096e-6	4.350e-7	5.607e-7	9.876e-7	4.269e-7	6.873e-7	1.118e-6	4.309e-7
0.636	5.121e-7	9.290e-7	4.170e-7	6.394e-7	1.063e-6	4.234e-7	6.366e-7	1.101e-6	4.648e-7	7.650e-7	1.248e-6	4.831e-7	5.308e-7	9.569e-7	4.262e-7	6.566e-7	1.090e-6	4.338e-7	5.533e-7	9.792e-7	4.258e-7	6.819e-7	1.112e-6	4.297e-7
0.640	5.091e-7	9.242e-7	4.151e-7	6.384e-7	1.060e-6	4.219e-7	6.307e-7	1.093e-6	4.623e-7	7.620e-7	1.243e-6	4.806e-7	5.265e-7	9.505e-7	4.240e-7	6.533e-7	1.086e-6	4.322e-7	5.489e-7	9.726e-7	4.237e-7	6.786e-7	1.107e-6	4.282e-7
0.644	5.070e-7	9.206e-7	4.136e-7	6.373e-7	1.058e-6	4.210e-7	6.261e-7	1.085e-6	4.592e-7	7.591e-7	1.238e-6	4.792e-7	5.230e-7	9.451e-7	4.222e-7	6.512e-7	1.082e-6	4.306e-7	5.446e-7	9.666e-7	4.220e-7	6.757e-7	1.103e-6	4.269e-7
0.648	5.057e-7	9.173e-7	4.115e-7	6.376e-7	1.057e-6	4.197e-7	6.223e-7	1.079e-6	4.568e-7	7.568e-7	1.234e-6	4.767e-7	5.197e-7	9.401e-7	4.204e-7	6.493e-7	1.079e-6	4.298e-7	5.410e-7	9.612e-7	4.202e-7	6.741e-7	1.100e-6	4.255e-7
0.652	5.056e-7	9.148e-7	4.092e-7	6.389e-7	1.057e-6	4.181e-7	6.191e-7	1.073e-6	4.540e-7	7.563e-7	1.230e-6	4.737e-7	5.170e-7	9.353e-7	4.183e-7	6.490e-7	1.077e-6	4.278e-7	5.387e-7	9.565e-7	4.179e-7	6.731e-7	1.097e-6	4.241e-7
0.656	5.056e-7	9.128e-7	4.072e-7	6.409e-7	1.058e-6	4.166e-7	6.173e-7	1.068e-6	4.507e-7	7.560e-7	1.227e-6	4.715e-7	5.155e-7	9.317e-7	4.162e-7	6.491e-7	1.075e-6	4.260e-7	5.365e-7	9.525e-7	4.159e-7	6.729e-7	1.095e-6	4.225e-7
0.660	5.066e-7	9.112e-7	4.045e-7	6.436e-7	1.059e-6	4.151e-7	6.164e-7	1.064e-6	4.474e-7	7.561e-7	1.225e-6	4.688e-7	5.153e-7	9.289e-7	4.136e-7	6.504e-7	1.075e-6	4.241e-7	5.356e-7	9.490e-7	4.134e-7	6.736e-7	1.094e-6	4.205e-7
0.664	5.078e-7	9.104e-7	4.026e-7	6.458e-7	1.060e-6	4.139e-7	6.154e-7	1.060e-6	4.446e-7	7.574e-7	1.224e-6	4.668e-7	5.149e-7	9.262e-7	4.113e-7	6.512e-7	1.074e-6	4.229e-7	5.355e-7	9.461e-7	4.106e-7	6.750e-7	1.094e-6	4.191e-7
0.668	5.093e-7	9.101e-7	4.008e-7	6.504e-7	1.063e-6	4.122e-7	6.159e-7	1.057e-6	4.411e-7	7.600e-7	1.224e-6	4.645e-7	5.152e-7	9.238e-7	4.086e-7	6.531e-7	1.074e-6	4.212e-7	5.359e-7	9.445e-7	4.086e-7	6.772e-7	1.094e-6	4.170e-7
0.672	5.116e-7	9.099e-7	3.983e-7	6.535e-7	1.065e-6	4.112e-7	6.171e-7	1.055e-6	4.379e-7	7.623e-7	1.225e-6	4.629e-7	5.158e-7	9.226e-7	4.068e-7	6.557e-7	1.076e-6	4.199e-7	5.365e-7	9.428e-7	4.063e-7	6.796e-7	1.096e-6	4.159e-7
0.676	5.142e-7	9.105e-7	3.962e-7	6.577e-7	1.068e-6	4.100e-7	6.185e-7	1.053e-6	4.345e-7	7.662e-7	1.226e-6	4.599e-7	5.173e-7	9.215e-7	4.042e-7	6.597e-7	1.077e-6	4.176e-7	5.371e-7	9.411e-7	4.040e-7	6.816e-7	1.096e-6	4.146e-7
0.680	5.172e-7	9.116e-7	3.943e-7	6.626e-7	1.071e-6	4.086e-7	6.206e-7	1.052e-6	4.316e-7	7.709e-7	1.228e-6	4.568e-7	5.191e-7	9.212e-7	4.021e-7	6.630e-7	1.079e-6	4.162e-7	5.396e-7	9.408e-7	4.012e-7	6.856e-7	1.098e-6	4.129e-7
0.684	5.200e-7	9.123e-7	3.923e-7	6.668e-7	1.075e-6	4.078e-7	6.232e-7	1.052e-6	4.286e-7	7.741e-7	1.230e-6	4.554e-7	5.206e-7	9.207e-7	4.001e-7	6.661e-7	1.081e-6	4.151e-7	5.403e-7	9.400e-7	3.998e-7	6.889e-7	1.101e-6	4.118e-7
0.688	5.238e-7	9.143e-7	3.905e-7	6.722e-7	1.079e-6	4.068e-7	6.264e-7	1.052e-6	4.254e-7	7.798e-7	1.233e-6	4.528e-7	5.242e-7	9.215e-7	3.973e-7	6.701e-7	1.084e-6	4.137e-7	5.436e-7	9.407e-7	3.971e-7	6.928e-7	1.103e-6	4.107e-7
0.692	5.283e-7	9.165e-7	3.882e-7	6.776e-7	1.083e-6	4.054e-7	6.304e-7	1.053e-6	4.225e-7	7.853e-7	1.236e-6	4.508e-7	5.266e-7	9.224e-7	3.958e-7	6.748e-7	1.088e-6	4.128e-7	5.469e-7	9.420e-7	3.950e-7	6.973e-7	1.107e-6	4.095e-7
0.696	5.324e-7	9.186e-7	3.863e-7	6.837e-7	1.088e-6	4.045e-7	6.348e-7	1.054e-6	4.191e-7	7.911e-7	1.240e-6	4.486e-7	5.295e-7	9.234e-7	3.939e-7	6.795e-7	1.091e-6	4.110e-7	5.496e-7	9.428e-7	3.932e-7	7.023e-7	1.111e-6	4.082e-7
0.700	5.364e-7	9.209e-7	3.845e-7	6.895e-7	1.093e-6	4.033e-7	6.392e-7	1.055e-6	4.161e-7	7.968e-7	1.243e-6	4.466e-7	5.335e-7	9.245e-7	3.910e-7	6.846e-7	1.094e-6	4.095e-7	5.528e-7	9.438e-7	3.910e-7	7.065e-7	1.114e-6	4.072e-7
0.704	5.410e-7	9.240e-7	3.830e-7	6.952e-7	1.098e-6	4.026e-7	6.441e-7	1.058e-6	4.135e-7	8.031e-7	1.248e-6	4.446e-7	5.372e-7	9.267e-7	3.895e-7	6.897e-7	1.098e-6	4.084e-7	5.574e-7	9.464e-7	3.890e-7	7.119e-7	1.118e-6	4.059e-7
0.708	5.464e-7	9.272e-7	3.808e-7	7.018e-7	1.103e-6	4.015e-7	6.504e-7	1.061e-6	4.103e-7	8.107e-7	1.253e-6	4.421e-7	5.412e-7	9.290e-7	3.878e-7	6.946e-7	1.102e-6	4.076e-7	5.611e-7	9.482e-7	3.871e-7	7.171e-7	1.122e-6	4.049e-7
0.712	5.519e-7	9.313e-7	3.794e-7	7.079e-7	1.109e-6	4.007e-7	6.562e-7	1.064e-6	4.082e-7	8.179e-7	1.258e-6	4.406e-7	5.464e-7	9.322e-7	3.859e-7	7.000e-7	1.107e-6	4.069e-7	5.649e-7	9.508e-7	3.858e-7	7.224e-7	1.127e-6	4.042e-7
0.716	5.576e-7	9.354e-7	3.778e-7	7.146e-7	1.114e-6	3.996e-7	6.624e-7	1.068e-6	4.055e-7	8.249e-7	1.264e-6	4.389e-7	5.502e-7	9.346e-7	3.844e-7	7.060e-7	1.111e-6	4.055e-7	5.698e-7	9.538e-7	3.840e-7	7.283e-7	1.131e-6	4.030e-7
0.720	5.627e-7	9.398e-7	3.772e-7	7.207e-7	1.120e-6	3.998e-7	6.695e-7	1.073e-6	4.033e-7	8.324e-7	1.270e-6	4.378e-7	5.555e-7	9.386e-7	3.830e-7	7.118e-7	1.116e-6	4.047e-7	5.753e-7	9.578e-7	3.825e-7	7.332e-7	1.136e-6	4.029e-7
0.724	5.702e-7	9.453e-7	3.752e-7	7.281e-7	1.126e-6	3.984e-7	6.774e-7	1.078e-6	4.011e-7	8.404e-7	1.276e-6	4.360e-7	5.612e-7	9.428e-7	3.816e-7	7.182e-7	1.122e-6	4.035e-7	5.802e-7	9.615e-7	3.814e-7	7.404e-7	1.142e-6	4.016e-7
0.728	5.770e-7	9.512e-7	3.742e-7	7.354e-7	1.133e-6	3.981e-7	6.855e-7	1.084e-6	3.987e-7	8.492e-7	1.283e-6	4.343e-7	5.674e-7	9.480e-7	3.806e-7	7.246e-7	1.127e-6	4.029e-7	5.865e-7	9.665e-7	3.799e-7	7.462e-7	1.147e-6	4.012e-7
0.732	5.839e-7	9.573e-7	3.734e-7	7.419e-7	1.139e-6	3.974e-7	6.940e-7	1.091e-6	3.966e-7	8.584e-7	1.291e-6	4.328e-7	5.728e-7	9.529e-7	3.801e-7	7.303e-7	1.133e-6	4.025e-7	5.920e-7	9.708e-7	3.788e-7	7.516e-7	1.152e-6	4.005e-7
0.736	5.913e-7	9.639e-7	3.725e-7	7.494e-7	1.147e-6	3.972e-7	7.031e-7	1.098e-6	3.953e-7	8.673e-7	1.298e-6	4.311e-7	5.799e-7	9.584e-7	3.785e-7	7.368e-7	1.138e-6	4.017e-7	5.984e-7	9.767e-7	3.782e-7	7.591e-7	1.159e-6	3.995e-7
0.740	5.988e-7	9.711e-7	3.723e-7	7.569e-7	1.153e-6	3.966e-7	7.128e-7	1.107e-6	3.943e-7	8.764e-7	1.306e-6	4.301e-7	5.867e-7	9.649e-7	3.782e-7	7.437e-7	1.146e-6	4.018e-7	6.043e-7	9.820e-7	3.777e-7	7.653e-7	1.165e-6	3.997e-7
0.744	6.086e-7	9.799e-7	3.713e-7	7.658e-7	1.162e-6	3.960e-7	7.234e-7	1.116e-6	3.927e-7	8.882e-7	1.316e-6	4.283e-7	5.951e-7	9.723e-7	3.772e-7	7.513e-7	1.152e-6	4.011e-7	6.129e-7	9.894e-7	3.765e-7	7.729e-7	1.172e-6	3.990e-7
0.748	6.174e-7	9.887e-7	3.713e-7	7.737e-7	1.170e-6	3.962e-7	7.348e-7	1.127e-6	3.918e-7	8.983e-7	1.326e-6	4.280e-7	6.037e-7	9.803e-7	3.766e-7	7.587e-7	1.160e-6	4.008e-7	6.204e-7	9.969e-7	3.765e-7	7.799e-7	1.179e-6	3.990e-7
0.752	6.274e-7	9.988e-7	3.714e-7	7.824e-7	1.179e-6	3.962e-7	7.472e-7	1.138e-6	3.909e-7	9.101e-7	1.337e-6	4.273e-7	6.117e-7	9.889e-7	3.773e-7	7.667e-7	1.167e-6	4.006e-7	6.291e-7	1.005e-6	3.760e-7	7.877e-7	1.186e-6	3.985e-7
0.756	6.380e-7	1.009e-6	3.713e-7	7.916e-7	1.187e-6	3.958e-7	7.604e-7	1.151e-6	3.902e-7	9.221e-7	1.349e-6	4.266e-7	6.213e-7	9.983e-7	3.770e-7	7.748e-7	1.175e-6	4.006e-7	6.374e-7	1.014e-6	3.764e-7	7.954e-7	1.194e-6	3.989e-7
0.760	6.490e-7	1.021e-6	3.723e-7	8.012e-7	1.197e-6	3.959e-7	7.743e-7	1.165e-6	3.903e-7	9.346e-7	1.360e-6	4.256e-7	6.306e-7	1.008e-6	3.778e-7	7.831e-7	1.184e-6	4.009e-7	6.470e-7	1.023e-6	3.765e-7	8.041e-7	1.203e-6	3.991e-7
0.764	6.614e-7	1.034e-6	3.726e-7	8.113e-7	1.207e-6	3.960e-7	7.901e-7	1.181e-6	3.906e-7	9.481e-7	1.373e-6	4.252e-7	6.416e-7	1.020e-6	3.782e-7	7.931e-7	1.194e-6	4.009e-7	6.574e-7	1.034e-6	3.771e-7	8.125e-7	1.212e-6	3.992e-7
0.768	6.736e-7	1.047e-6	3.738e-7	8.217e-7	1.219e-6	3.969e-7	8.048e-7	1.197e-6	3.917e-7	9.627e-7	1.388e-6	4.252e-7	6.520e-7	1.032e-6	3.795e-7	8.026e-7	1.204e-6	4.015e-7	6.678e-7	1.046e-6	3.781e-7	8.222e-7	1.222e-6	3.999e-7
0.772	6.866e-7	1.061e-6	3.749e-7	8.326e-7	1.230e-6	3.969e-7	8.227e-7	1.215e-6	3.927e-7	9.772e-7	1.402e-6	4.251e-7	6.643e-7	1.045e-6	3.808e-7	8.130e-7	1.215e-6	4.023e-7	6.799e-7	1.058e-6	3.786e-7	8.324e-7	1.232e-6	3.999e-7
0.776	7.003e-7	1.077e-6	3.766e-7	8.437e-7	1.242e-6	3.980e-7	8.416e-7	1.236e-6	3.939e-7	9.933e-7	1.418e-6	4.247e-7	6.775e-7	1.059e-6	3.818e-7	8.240e-7	1.227e-6	4.028e-7	6.916e-7	1.072e-6	3.801e-7	8.424e-7	1.243e-6	4.010e-7
0.780	7.141e-7	1.093e-6	3.786e-7	8.553e-7	1.254e-6	3.986e-7	8.594e-7	1.256e-6	3.962e-7	1.008e-6	1.433e-6	4.254e-7	6.908e-7	1.074e-6	3.835e-7	8.342e-7	1.238e-6	4.040e-7	7.042e-7	1.086e-6	3.816e-7	8.532e-7	1.255e-6	4.017e-7
0.784	7.289e-7	1.110e-6	3.806e-7	8.678e-7	1.268e-6	4.002e-7	8.799e-7	1.278e-6	3.985e-7	1.025e-6	1.451e-6	4.265e-7	7.050e-7	1.091e-6	3.859e-7	8.462e-7	1.252e-6	4.058e-7	7.175e-7	1.102e-6	3.840e-7	8.646e-7	1.267e-6	4.029e-7
0.788	7.449e-7	1.129e-6	3.836e-7	8.806e-7	1.283e-6	4.019e-7	8.998e-7	1.301e-6	4.015e-7	1.041e-6	1.469e-6	4.277e-7	7.195e-7	1.108e-6	3.882e-7	8.588e-7	1.266e-6	4.075e-7	7.319e-7	1.118e-6	3.863e-7	8.765e-7	1.281e-6	4.046e-7
0.792	7.604e-7	1.148e-6	3.875e-7	8.936e-7	1.298e-6	4.042e-7	9.190e-7	1.324e-6	4.053e-7	1.058e-6	1.487e-6	4.296e-7	7.353e-7	1.127e-6	3.917e-7	8.713e-7	1.281e-6	4.099e-7	7.465e-7	1.136e-6	3.893e-7	8.888e-7	1.296e-6	4.068e-7
0.796	7.783e-7	1.169e-6	3.904e-7	9.087e-7	1.315e-6	4.059e-7	9.415e-7	1.350e-6	4.085e-7	1.075e-6	1.506e-6	4.315e-7	7.522e-7	1.148e-6	3.954e-7	8.862e-7	1.298e-6	4.118e-7	7.627e-7	1.155e-6	3.923e-7	9.024e-7	1.311e-6	4.084e-7
0.800	7.967e-7	1.191e-6	3.945e-7	9.242e-7	1.333e-6	4.085e-7	9.622e-7	1.375e-6	4.129e-7	1.093e-6	1.526e-6	4.333e-7	7.687e-7	1.168e-6	3.993e-7	9.003e-7	1.315e-6	4.145e-7	7.789e-7	1.175e-6	3.962e-7	9.158e-7	1.327e-6	4.114e-7
0.804	8.164e-7	1.215e-6	3.989e-7	9.399e-7	1.352e-6	4.116e-7	9.846e-7	1.402e-6	4.179e-7	1.111e-6	1.547e-6	4.359e-7	7.875e-7	1.191e-6	4.038e-7	9.159e-7	1.334e-6	4.179e-7	7.964e-7	1.197e-6	4.003e-7	9.306e-7	1.345e-6	4.145e-7
0.808	8.366e-7	1.241e-6	4.041e-7	9.574e-7	1.372e-6	4.150e-7	1.007e-6	1.430e-6	4.230e-7	1.130e-6	1.569e-6	4.394e-7	8.071e-7	1.215e-6	4.082e-7	9.324e-7	1.354e-6	4.212e-7	8.150e-7	1.220e-6	4.046e-7	9.470e-7	1.364e-6	4.173e-7
0.812	8.566e-7	1.267e-6	4.101e-7	9.745e-7	1.393e-6	4.189e-7	1.030e-6	1.459e-6	4.292e-7	1.148e-6	1.592e-6	4.437e-7	8.255e-7	1.240e-6	4.147e-7	9.484e-7	1.374e-6	4.259e-7	8.330e-7	1.243e-6	4.103e-7	9.621e-7	1.383e-6	4.213e-7
0.816	8.790e-7	1.295e-6	4.161e-7	9.940e-7	1.417e-6	4.235e-7	1.055e-6	1.491e-6	4.358e-7	1.169e-6	1.617e-6	4.477e-7	8.467e-7	1.267e-6	4.206e-7	9.667e-7	1.397e-6	4.301e-7	8.531e-7	1.269e-6	4.157e-7	9.804e-7	1.406e-6	4.254e-7
0.820	9.016e-7	1.325e-6	4.230e-7	1.013e-6	1.442e-6	4.289e-7	1.080e-6	1.523e-6	4.430e-7	1.190e-6	1.643e-6	4.534e-7	8.688e-7	1.296e-6	4.271e-7	9.852e-7	1.421e-6	4.354e-7	8.728e-7	1.295e-6	4.223e-7	9.979e-7	1.428e-6	4.303e-7
0.824	9.256e-7	1.356e-6	4.305e-7	1.035e-6	1.469e-6	4.342e-7	1.107e-6	1.558e-6	4.514e-7	1.213e-6	1.672e-6	4.593e-7	8.909e-7	1.325e-6	4.344e-7	1.006e-6	1.447e-6	4.407e-7	8.949e-7	1.324e-6	4.289e-7	1.018e-6	1.453e-6	4.355e-7
0.828	9.512e-7	1.389e-6	4.379e-7	1.057e-6	1.497e-6	4.403e-7	1.135e-6	1.595e-6	4.599e-7	1.237e-6	1.702e-6	4.651e-7	9.149e-7	1.357e-6	4.420e-7	1.027e-6	1.474e-6	4.470e-7	9.170e-7	1.353e-6	4.361e-7	1.038e-6	1.479e-6	4.414e-7
0.832	9.769e-7	1.424e-6	4.472e-7	1.081e-6	1.528e-6	4.472e-7	1.164e-6	1.634e-6	4.697e-7	1.262e-6	1.735e-6	4.727e-7	9.397e-7	1.390e-6	4.505e-7	1.049e-6	1.503e-6	4.536e-7	9.410e-7	1.385e-6	4.440e-7	1.060e-6	1.508e-6	4.476e-7
0.836	1.004e-6	1.460e-6	4.565e-7	1.105e-6	1.560e-6	4.549e-7	1.194e-6	1.674e-6	4.804e-7	1.288e-6	1.769e-6	4.808e-7	9.645e-7	1.425e-6	4.601e-7	1.072e-6	1.534e-6	4.615e-7	9.657e-7	1.418e-6	4.524e-7	1.082e-6	1.537e-6	4.547e-7
0.840	1.033e-6	1.499e-6	4.669e-7	1.131e-6	1.594e-6	4.631e-7	1.227e-6	1.718e-6	4.911e-7	1.318e-6	1.807e-6	4.890e-7	9.917e-7	1.461e-6	4.696e-7	1.097e-6	1.567e-6	4.698e-7	9.913e-7	1.453e-6	4.617e-7	1.106e-6	1.569e-6	4.630e-7
0.844	1.061e-6	1.540e-6	4.785e-7	1.157e-6	1.630e-6	4.726e-7	1.259e-6	1.764e-6	5.041e-7	1.346e-6	1.846e-6	4.998e-7	1.018e-6	1.499e-6	4.808e-7	1.122e-6	1.601e-6	4.794e-7	1.017e-6	1.489e-6	4.723e-7	1.130e-6	1.602e-6	4.724e-7
0.848	1.093e-6	1.583e-6	4.899e-7	1.186e-6	1.669e-6	4.825e-7	1.296e-6	1.813e-6	5.167e-7	1.378e-6	1.889e-6	5.105e-7	1.049e-6	1.541e-6	4.919e-7	1.149e-6	1.638e-6	4.891e-7	1.046e-6	1.529e-6	4.829e-7	1.157e-6	1.638e-6	4.811e-7
0.852	1.125e-6	1.627e-6	5.028e-7	1.215e-6	1.709e-6	4.939e-7	1.333e-6	1.864e-6	5.305e-7	1.411e-6	1.934e-6	5.232e-7	1.079e-6	1.584e-6	5.042e-7	1.178e-6	1.677e-6	4.997e-7	1.076e-6	1.570e-6	4.944e-7	1.184e-6	1.676e-6	4.918e-7
0.856	1.158e-6	1.675e-6	5.167e-7	1.246e-6	1.752e-6	5.063e-7	1.371e-6	1.918e-6	5.462e-7	1.446e-6	1.982e-6	5.365e-7	1.111e-6	1.628e-6	5.176e-7	1.207e-6	1.719e-6	5.120e-7	1.106e-6	1.613e-6	5.070e-7	1.213e-6	1.716e-6	5.029e-7
0.860	1.193e-6	1.724e-6	5.311e-7	1.280e-6	1.798e-6	5.189e-7	1.412e-6	1.974e-6	5.620e-7	1.483e-6	2.033e-6	5.508e-7	1.144e-6	1.675e-6	5.315e-7	1.238e-6	1.762e-6	5.245e-7	1.137e-6	1.658e-6	5.207e-7	1.243e-6	1.759e-6	5.158e-7
0.864	1.229e-6	1.775e-6	5.459e-7	1.313e-6	1.846e-6	5.334e-7	1.455e-6	2.034e-6	5.792e-7	1.521e-6	2.087e-6	5.655e-7	1.179e-6	1.725e-6	5.464e-7	1.270e-6	1.808e-6	5.382e-7	1.171e-6	1.705e-6	5.343e-7	1.275e-6	1.804e-6	5.284e-7
0.868	1.267e-6	1.830e-6	5.624e-7	1.349e-6	1.897e-6	5.485e-7	1.499e-6	2.097e-6	5.977e-7	1.561e-6	2.144e-6	5.825e-7	1.215e-6	1.777e-6	5.622e-7	1.304e-6	1.857e-6	5.531e-7	1.206e-6	1.755e-6	5.495e-7	1.308e-6	1.851e-6	5.430e-7
0.872	1.307e-6	1.886e-6	5.798e-7	1.387e-6	1.952e-6	5.649e-7	1.545e-6	2.163e-6	6.174e-7	1.603e-6	2.203e-6	6.003e-7	1.252e-6	1.831e-6	5.791e-7	1.341e-6	1.910e-6	5.689e-7	1.242e-6	1.808e-6	5.656e-7	1.344e-6	1.902e-6	5.587e-7
0.876	1.346e-6	1.945e-6	5.988e-7	1.426e-6	2.008e-6	5.820e-7	1.593e-6	2.232e-6	6.389e-7	1.646e-6	2.267e-6	6.212e-7	1.290e-6	1.888e-6	5.974e-7	1.376e-6	1.963e-6	5.872e-7	1.280e-6	1.862e-6	5.829e-7	1.379e-6	1.955e-6	5.755e-7
0.880	1.389e-6	2.008e-6	6.188e-7	1.467e-6	2.069e-6	6.022e-7	1.643e-6	2.305e-6	6.614e-7	1.693e-6	2.334e-6	6.419e-7	1.331e-6	1.948e-6	6.165e-7	1.416e-6	2.021e-6	6.055e-7	1.320e-6	1.921e-6	6.014e-7	1.418e-6	2.012e-6	5.937e-7
0.884	1.434e-6	2.074e-6	6.396e-7	1.510e-6	2.133e-6	6.229e-7	1.696e-6	2.382e-6	6.854e-7	1.741e-6	2.406e-6	6.648e-7	1.374e-6	2.010e-6	6.367e-7	1.457e-6	2.082e-6	6.256e-7	1.360e-6	1.981e-6	6.211e-7	1.458e-6	2.071e-6	6.135e-7
0.888	1.480e-6	2.142e-6	6.624e-7	1.556e-6	2.201e-6	6.449e-7	1.751e-6	2.462e-6	7.110e-7	1.791e-6	2.480e-6	6.894e-7	1.418e-6	2.077e-6	6.584e-7	1.500e-6	2.147e-6	6.470e-7	1.404e-6	2.045e-6	6.415e-7	1.501e-6	2.135e-6	6.344e-7
0.892	1.528e-6	2.215e-6	6.868e-7	1.603e-6	2.272e-6	6.692e-7	1.807e-6	2.546e-6	7.389e-7	1.842e-6	2.559e-6	7.166e-7	1.464e-6	2.146e-6	6.819e-7	1.544e-6	2.214e-6	6.704e-7	1.448e-6	2.112e-6	6.640e-7	1.544e-6	2.201e-6	6.573e-7
0.896	1.578e-6	2.291e-6	7.128e-7	1.652e-6	2.348e-6	6.953e-7	1.866e-6	2.634e-6	7.682e-7	1.897e-6	2.642e-6	7.453e-7	1.512e-6	2.218e-6	7.068e-7	1.591e-6	2.286e-6	6.950e-7	1.495e-6	2.183e-6	6.879e-7	1.590e-6	2.272e-6	6.819e-7
0.900	1.633e-6	2.373e-6	7.396e-7	1.706e-6	2.429e-6	7.231e-7	1.929e-6	2.729e-6	7.998e-7	1.954e-6	2.732e-6	7.781e-7	1.564e-6	2.297e-6	7.332e-7	1.641e-6	2.363e-6	7.218e-7	1.546e-6	2.259e-6	7.131e-7	1.640e-6	2.348e-6	7.076e-7
