0.002, -1.231e-6, 1.825e-6, -1.178e-6, 1.617e-6, -1.559e-6, 1.574e-6, -1.527e-6, 1.541e-6
0.003, -1.123e-6, 1.251e-6, -1.078e-6, 1.098e-6, -1.411e-6, 1.045e-6, -1.390e-6, 1.027e-6
0.004, -1.079e-6, 9.878e-7, -1.024e-6, 8.610e-7, -1.351e-6, 8.057e-7, -1.319e-6, 8.013e-7
0.005, -1.050e-6, 8.334e-7, -1.002e-6, 7.186e-7, -1.303e-6, 6.651e-7, -1.266e-6, 6.649e-7
0.006, -1.025e-6, 7.279e-7, -9.753e-7, 6.175e-7, -1.279e-6, 5.706e-7, -1.247e-6, 5.705e-7
0.007, -9.978e-7, 6.511e-7, -9.619e-7, 5.546e-7, -1.260e-6, 4.992e-7, -1.216e-6, 5.025e-7
0.008, -9.965e-7, 5.801e-7, -9.457e-7, 4.964e-7, -1.229e-6, 4.445e-7, -1.195e-6, 4.556e-7
0.009, -9.741e-7, 5.295e-7, -9.439e-7, 4.477e-7, -1.218e-6, 4.075e-7, -1.178e-6, 4.127e-7
0.010, -9.609e-7, 4.947e-7, -9.182e-7, 4.132e-7, -1.209e-6, 3.652e-7, -1.166e-6, 3.762e-7
0.011, -9.603e-7, 4.507e-7, -9.106e-7, 3.785e-7, -1.192e-6, 3.382e-7, -1.156e-6, 3.434e-7
0.012, -9.454e-7, 4.223e-7, -9.141e-7, 3.531e-7, -1.190e-6, 3.149e-7, -1.150e-6, 3.207e-7
0.013, -9.262e-7, 3.965e-7, -8.990e-7, 3.245e-7, -1.183e-6, 2.891e-7, -1.138e-6, 3.011e-7
0.014, -9.383e-7, 3.717e-7, -8.883e-7, 3.079e-7, -1.154e-6, 2.757e-7, -1.125e-6, 2.770e-7
0.015, -9.336e-7, 3.567e-7, -8.933e-7, 2.806e-7, -1.160e-6, 2.498e-7, -1.120e-6, 2.669e-7
0.016, -9.380e-7, 3.316e-7, -8.839e-7, 2.662e-7, -1.141e-6, 2.342e-7, -1.116e-6, 2.514e-7
0.017, -9.154e-7, 3.111e-7, -8.798e-7, 2.516e-7, -1.141e-6, 2.228e-7, -1.104e-6, 2.395e-7
0.018, -9.064e-7, 3.037e-7, -8.833e-7, 2.349e-7, -1.146e-6, 2.063e-7, -1.099e-6, 2.219e-7
0.019, -9.049e-7, 2.865e-7, -8.618e-7, 2.213e-7, -1.127e-6, 1.930e-7, -1.102e-6, 2.133e-7
0.020, -8.962e-7, 2.778e-7, -8.653e-7, 2.122e-7, -1.134e-6, 1.804e-7, -1.092e-6, 2.036e-7
0.021, -8.987e-7, 2.616e-7, -8.674e-7, 2.027e-7, -1.127e-6, 1.724e-7, -1.073e-6, 1.886e-7
0.022, -8.930e-7, 2.510e-7, -8.572e-7, 1.950e-7, -1.125e-6, 1.634e-7, -1.077e-6, 1.815e-7
0.023, -8.821e-7, 2.392e-7, -8.496e-7, 1.746e-7, -1.132e-6, 1.560e-7, -1.080e-6, 1.793e-7
0.024, -8.859e-7, 2.274e-7, -8.536e-7, 1.679e-7, -1.109e-6, 1.504e-7, -1.075e-6, 1.628e-7
0.025, -8.828e-7, 2.219e-7, -8.343e-7, 1.662e-7, -1.103e-6, 1.327e-7, -1.069e-6, 1.507e-7
0.026, -8.809e-7, 2.116e-7, -8.446e-7, 1.582e-7, -1.100e-6, 1.326e-7, -1.060e-6, 1.471e-7
0.027, -8.734e-7, 2.033e-7, -8.409e-7, 1.533e-7, -1.104e-6, 1.272e-7, -1.064e-6, 1.363e-7
0.028, -8.943e-7, 1.925e-7, -8.520e-7, 1.424e-7, -1.090e-6, 1.220e-7, -1.063e-6, 1.370e-7
0.029, -8.727e-7, 1.846e-7, -8.332e-7, 1.348e-7, -1.092e-6, 1.160e-7, -1.055e-6, 1.290e-7
0.030, -8.679e-7, 1.814e-7, -8.259e-7, 1.277e-7, -1.103e-6, 1.061e-7, -1.057e-6, 1.252e-7
0.031, -8.685e-7, 1.723e-7, -8.388e-7, 1.266e-7, -1.087e-6, 1.085e-7, -1.044e-6, 1.192e-7
0.032, -8.735e-7, 1.662e-7, -8.274e-7, 1.181e-7, -1.088e-6, 9.752e-8, -1.056e-6, 1.166e-7
0.033, -8.562e-7, 1.554e-7, -8.215e-7, 1.149e-7, -1.082e-6, 9.250e-8, -1.051e-6, 1.096e-7
0.034, -8.595e-7, 1.574e-7, -8.239e-7, 1.069e-7, -1.084e-6, 8.418e-8, -1.053e-6, 1.002e-7
0.035, -8.689e-7, 1.575e-7, -8.250e-7, 1.080e-7, -1.077e-6, 7.650e-8, -1.036e-6, 9.576e-8
0.036, -8.523e-7, 1.511e-7, -8.133e-7, 9.865e-8, -1.074e-6, 7.556e-8, -1.041e-6, 9.796e-8
0.037, -8.671e-7, 1.367e-7, -8.162e-7, 9.187e-8, -1.069e-6, 7.222e-8, -1.043e-6, 8.880e-8
0.038, -8.435e-7, 1.387e-7, -8.299e-7, 9.236e-8, -1.077e-6, 7.256e-8, -1.022e-6, 8.697e-8
0.039, -8.467e-7, 1.302e-7, -8.152e-7, 8.372e-8, -1.064e-6, 6.657e-8, -1.033e-6, 8.419e-8
0.040, -8.597e-7, 1.281e-7, -8.120e-7, 8.229e-8, -1.056e-6, 6.318e-8, -1.034e-6, 8.357e-8
0.041, -8.429e-7, 1.236e-7, -8.153e-7, 8.261e-8, -1.063e-6, 5.954e-8, -1.035e-6, 7.748e-8
0.042, -8.448e-7, 1.163e-7, -8.071e-7, 7.151e-8, -1.062e-6, 5.840e-8, -1.025e-6, 7.550e-8
0.043, -8.507e-7, 1.111e-7, -8.015e-7, 7.164e-8, -1.065e-6, 5.840e-8, -1.035e-6, 7.250e-8
0.044, -8.500e-7, 1.075e-7, -8.081e-7, 7.033e-8, -1.051e-6, 5.243e-8, -1.032e-6, 6.535e-8
0.045, -8.493e-7, 1.051e-7, -8.058e-7, 7.206e-8, -1.064e-6, 4.683e-8, -1.032e-6, 6.433e-8
0.046, -8.364e-7, 1.091e-7, -8.011e-7, 6.681e-8, -1.067e-6, 3.846e-8, -1.027e-6, 5.472e-8
0.047, -8.332e-7, 1.067e-7, -7.984e-7, 6.369e-8, -1.061e-6, 4.154e-8, -1.026e-6, 6.352e-8
0.048, -8.432e-7, 9.945e-8, -7.938e-7, 6.000e-8, -1.070e-6, 3.619e-8, -1.028e-6, 5.579e-8
0.049, -8.256e-7, 9.662e-8, -7.988e-7, 5.693e-8, -1.065e-6, 3.708e-8, -1.019e-6, 4.814e-8
0.050, -8.389e-7, 9.697e-8, -8.063e-7, 5.312e-8, -1.047e-6, 3.005e-8, -1.021e-6, 5.108e-8
0.051, -8.422e-7, 9.014e-8, -8.000e-7, 5.101e-8, -1.049e-6, 3.703e-8, -1.025e-6, 5.435e-8
0.052, -8.314e-7, 8.736e-8, -7.849e-7, 5.000e-8, -1.062e-6, 2.863e-8, -1.033e-6, 5.262e-8
0.053, -8.486e-7, 8.761e-8, -7.930e-7, 5.019e-8, -1.046e-6, 2.321e-8, -1.034e-6, 4.205e-8
0.054, -8.291e-7, 8.511e-8, -7.963e-7, 4.621e-8, -1.059e-6, 2.338e-8, -1.017e-6, 4.497e-8
0.055, -8.342e-7, 7.000e-8, -7.874e-7, 5.277e-8, -1.058e-6, 2.712e-8, -1.018e-6, 3.506e-8
0.056, -8.411e-7, 7.528e-8, -7.969e-7, 4.225e-8, -1.054e-6, 2.366e-8, -1.031e-6, 3.516e-8
0.057, -8.479e-7, 7.719e-8, -8.010e-7, 4.611e-8, -1.049e-6, 1.692e-8, -1.022e-6, 3.239e-8
0.058, -8.382e-7, 7.327e-8, -7.909e-7, 3.997e-8, -1.054e-6, 1.893e-8, -1.020e-6, 3.496e-8
0.059, -8.284e-7, 7.305e-8, -7.853e-7, 3.239e-8, -1.067e-6, 1.318e-8, -1.029e-6, 3.358e-8
0.060, -8.278e-7, 6.490e-8, -7.934e-7, 3.199e-8, -1.054e-6, 1.229e-8, -1.015e-6, 3.142e-8
0.061, -8.405e-7, 6.646e-8, -7.912e-7, 3.568e-8, -1.048e-6, 1.269e-8, -1.024e-6, 3.328e-8
0.062, -8.300e-7, 6.624e-8, -7.883e-7, 2.907e-8, -1.063e-6, 7.166e-9, -1.020e-6, 2.563e-8
0.063, -8.135e-7, 5.525e-8, -7.882e-7, 2.984e-8, -1.073e-6, 1.702e-8, -1.023e-6, 2.766e-8
0.064, -8.370e-7, 5.973e-8, -7.864e-7, 2.741e-8, -1.047e-6, 8.899e-9, -1.030e-6, 2.137e-8
0.065, -8.272e-7, 5.693e-8, -8.005e-7, 2.353e-8, -1.056e-6, 6.497e-9, -1.016e-6, 2.276e-8
0.066, -8.392e-7, 5.886e-8, -7.955e-7, 2.447e-8, -1.053e-6, 6.646e-9, -1.019e-6, 2.300e-8
0.067, -8.335e-7, 5.728e-8, -7.889e-7, 2.479e-8, -1.057e-6, 2.857e-9, -1.036e-6, 2.036e-8
0.068, -8.258e-7, 5.738e-8, -7.908e-7, 2.776e-8, -1.054e-6, 1.297e-9, -1.024e-6, 1.050e-8
0.069, -8.255e-7, 5.220e-8, -7.781e-7, 2.273e-8, -1.066e-6, 4.021e-9, -1.032e-6, 9.262e-9
0.070, -8.289e-7, 5.213e-8, -8.020e-7, 2.192e-8, -1.061e-6, -4.101e-9, -1.026e-6, 1.080e-8
0.071, -8.296e-7, 5.388e-8, -8.025e-7, 2.674e-8, -1.075e-6, -4.968e-9, -1.026e-6, 8.940e-9
0.072, -8.401e-7, 4.715e-8, -7.832e-7, 1.966e-8, -1.047e-6, -1.179e-9, -1.024e-6, 3.145e-9
0.073, -8.459e-7, 4.442e-8, -7.885e-7, 1.956e-8, -1.062e-6, -5.612e-9, -1.032e-6, 3.864e-9
0.074, -8.340e-7, 4.537e-8, -7.964e-7, 1.367e-8, -1.067e-6, -9.871e-9, -1.036e-6, 1.072e-8
0.075, -8.281e-7, 4.056e-8, -7.871e-7, 1.795e-8, -1.079e-6, -7.097e-9, -1.044e-6, 3.721e-10
0.076, -8.369e-7, 4.163e-8, -8.036e-7, 1.481e-8, -1.078e-6, -7.246e-9, -1.034e-6, 3.319e-9
0.077, -8.390e-7, 4.004e-8, -8.068e-7, 1.498e-8, -1.073e-6, -6.379e-9, -1.031e-6, 6.067e-9
0.078, -8.416e-7, 4.492e-8, -7.981e-7, 1.300e-8, -1.077e-6, -1.237e-8, -1.037e-6, 5.027e-9
0.079, -8.364e-7, 3.883e-8, -8.068e-7, 8.049e-9, -1.066e-6, -1.141e-8, -1.032e-6, 4.928e-9
0.080, -8.447e-7, 4.507e-8, -7.959e-7, 1.045e-8, -1.072e-6, -1.470e-8, -1.043e-6, -1.361e-9
0.081, -8.376e-7, 3.425e-8, -7.984e-7, 8.569e-9, -1.077e-6, -1.099e-8, -1.038e-6, 2.483e-10
0.082, -8.319e-7, 3.895e-8, -7.924e-7, 9.659e-9, -1.077e-6, -1.963e-8, -1.038e-6, -1.708e-9
0.083, -8.321e-7, 3.306e-8, -8.013e-7, 9.906e-9, -1.075e-6, -1.245e-8, -1.045e-6, -4.605e-9
0.084, -8.380e-7, 3.962e-8, -7.986e-7, 1.454e-8, -1.080e-6, -1.767e-8, -1.053e-6, -6.685e-9
0.085, -8.382e-7, 3.071e-8, -8.161e-7, 6.489e-9, -1.084e-6, -1.205e-8, -1.038e-6, -5.323e-9
0.086, -8.324e-7, 3.024e-8, -8.052e-7, 4.533e-9, -1.083e-6, -1.586e-8, -1.051e-6, -4.085e-9
0.087, -8.337e-7, 3.051e-8, -8.084e-7, 1.501e-10, -1.082e-6, -2.267e-8, -1.049e-6, -2.203e-9
0.088, -8.403e-7, 2.915e-8, -8.080e-7, 8.074e-9, -1.086e-6, -1.700e-8, -1.046e-6, -2.253e-9
0.089, -8.361e-7, 2.860e-8, -8.011e-7, 4.409e-9, -1.095e-6, -2.332e-8, -1.064e-6, -1.189e-8
0.090, -8.403e-7, 2.682e-8, -7.994e-7, 5.003e-9, -1.101e-6, -2.525e-8, -1.061e-6, -1.312e-8
0.091, -8.479e-7, 2.959e-8, -8.059e-7, 6.068e-9, -1.096e-6, -2.535e-8, -1.057e-6, -9.830e-9
0.092, -8.439e-7, 2.375e-8, -8.173e-7, 4.360e-9, -1.100e-6, -2.394e-8, -1.060e-6, -1.709e-8
0.093, -8.496e-7, 2.271e-8, -8.084e-7, -1.311e-9, -1.095e-6, -2.619e-8, -1.068e-6, -1.624e-8
0.094, -8.540e-7, 2.046e-8, -8.148e-7, -1.336e-9, -1.106e-6, -2.478e-8, -1.071e-6, -1.867e-8
0.095, -8.621e-7, 1.882e-8, -8.073e-7, -2.871e-9, -1.091e-6, -2.691e-8, -1.074e-6, -1.741e-8
0.096, -8.547e-7, 2.278e-8, -8.199e-7, 4.013e-9, -1.107e-6, -3.198e-8, -1.065e-6, -1.874e-8
0.097, -8.563e-7, 2.256e-8, -8.093e-7, -3.539e-9, -1.113e-6, -3.109e-8, -1.077e-6, -1.746e-8
0.098, -8.604e-7, 1.996e-8, -8.204e-7, 2.304e-9, -1.106e-6, -3.315e-8, -1.077e-6, -2.333e-8
0.099, -8.612e-7, 2.075e-8, -8.026e-7, -7.997e-9, -1.116e-6, -3.191e-8, -1.088e-6, -1.914e-8
0.100, -8.701e-7, 1.347e-8, -8.163e-7, -2.326e-9, -1.129e-6, -2.693e-8, -1.088e-6, -2.333e-8
0.101, -8.713e-7, 1.882e-8, -8.256e-7, -3.515e-9, -1.124e-6, -3.000e-8, -1.077e-6, -2.251e-8
0.102, -8.680e-7, 1.263e-8, -8.303e-7, -3.515e-9, -1.125e-6, -2.824e-8, -1.085e-6, -2.429e-8
0.103, -8.758e-7, 1.830e-8, -8.187e-7, -1.187e-9, -1.119e-6, -3.961e-8, -1.095e-6, -2.984e-8
0.104, -8.699e-7, 1.466e-8, -8.405e-7, -5.867e-9, -1.131e-6, -3.285e-8, -1.097e-6, -2.654e-8
0.105, -8.737e-7, 1.511e-8, -8.273e-7, -6.437e-9, -1.136e-6, -3.540e-8, -1.113e-6, -2.466e-8
0.106, -8.796e-7, 1.010e-8, -8.241e-7, -5.743e-9, -1.134e-6, -3.183e-8, -1.109e-6, -2.778e-8
0.107, -8.902e-7, 1.585e-8, -8.322e-7, -8.640e-9, -1.131e-6, -3.842e-8, -1.108e-6, -2.508e-8
0.108, -8.858e-7, 9.436e-9, -8.376e-7, -1.065e-8, -1.143e-6, -3.788e-8, -1.105e-6, -2.308e-8
0.109, -8.883e-7, 1.607e-8, -8.382e-7, -9.656e-9, -1.150e-6, -4.110e-8, -1.122e-6, -2.630e-8
0.110, -8.825e-7, 1.595e-8, -8.360e-7, -6.437e-9, -1.146e-6, -4.082e-8, -1.124e-6, -3.231e-8
0.111, -8.933e-7, 9.263e-9, -8.549e-7, -7.774e-9, -1.155e-6, -4.006e-8, -1.121e-6, -2.929e-8
0.112, -8.921e-7, 8.272e-9, -8.527e-7, -3.738e-9, -1.159e-6, -3.723e-8, -1.122e-6, -3.407e-8
0.113, -8.975e-7, 1.003e-8, -8.552e-7, -6.957e-9, -1.164e-6, -4.372e-8, -1.129e-6, -3.256e-8
0.114, -8.975e-7, 5.945e-9, -8.606e-7, -9.359e-9, -1.167e-6, -3.976e-8, -1.121e-6, -2.887e-8
0.115, -8.991e-7, 2.280e-9, -8.628e-7, -9.061e-9, -1.176e-6, -3.852e-8, -1.137e-6, -3.479e-8
0.116, -9.036e-7, 8.792e-9, -8.685e-7, -9.606e-9, -1.180e-6, -4.189e-8, -1.141e-6, -3.405e-8
0.117, -9.120e-7, 1.402e-8, -8.570e-7, -5.917e-9, -1.196e-6, -4.563e-8, -1.145e-6, -3.375e-8
0.118, -9.212e-7, 9.189e-9, -8.620e-7, -7.700e-9, -1.193e-6, -4.429e-8, -1.149e-6, -3.221e-8
0.119, -9.085e-7, 2.973e-9, -8.675e-7, -7.848e-9, -1.190e-6, -4.694e-8, -1.160e-6, -3.972e-8
0.120, -9.250e-7, 1.025e-8, -8.695e-7, -1.151e-8, -1.190e-6, -4.649e-8, -1.162e-6, -3.251e-8
0.121, -9.302e-7, 7.554e-9, -8.757e-7, -1.300e-8, -1.190e-6, -4.464e-8, -1.174e-6, -4.145e-8
0.122, -9.324e-7, 2.651e-9, -8.862e-7, -5.322e-9, -1.196e-6, -4.449e-8, -1.167e-6, -4.326e-8
0.123, -9.312e-7, 5.846e-9, -8.898e-7, -7.180e-9, -1.207e-6, -4.976e-8, -1.177e-6, -4.244e-8
0.124, -9.324e-7, 4.162e-9, -8.810e-7, -1.188e-8, -1.217e-6, -4.384e-8, -1.185e-6, -3.927e-8
0.125, -9.418e-7, 6.613e-9, -8.877e-7, -4.604e-9, -1.219e-6, -5.182e-8, -1.176e-6, -4.833e-8
0.126, -9.367e-7, 5.053e-9, -8.942e-7, -1.857e-8, -1.232e-6, -4.743e-8, -1.192e-6, -3.932e-8
0.127, -9.454e-7, 6.209e-10, -8.936e-7, -1.250e-8, -1.232e-6, -4.491e-8, -1.198e-6, -3.895e-8
0.128, -9.525e-7, 5.128e-9, -9.037e-7, -1.023e-8, -1.238e-6, -4.387e-8, -1.195e-6, -4.200e-8
0.129, -9.548e-7, 6.951e-10, -9.008e-7, -9.433e-9, -1.237e-6, -5.125e-8, -1.208e-6, -4.333e-8
0.130, -9.667e-7, -1.013e-9, -9.030e-7, -9.309e-9, -1.235e-6, -4.798e-8, -1.217e-6, -3.766e-8
0.131, -9.647e-7, 1.735e-9, -9.164e-7, -2.023e-8, -1.247e-6, -5.103e-8, -1.211e-6, -4.393e-8
0.132, -9.747e-7, -4.802e-9, -9.197e-7, -1.681e-8, -1.252e-6, -5.117e-8, -1.214e-6, -4.140e-8
0.133, -9.737e-7, 3.072e-9, -9.256e-7, -1.723e-8, -1.265e-6, -5.021e-8, -1.229e-6, -4.200e-8
0.134, -9.752e-7, -3.638e-9, -9.188e-7, -1.956e-8, -1.265e-6, -5.370e-8, -1.232e-6, -4.559e-8
0.135, -9.931e-7, -6.288e-9, -9.323e-7, -1.647e-8, -1.262e-6, -4.909e-8, -1.236e-6, -4.467e-8
0.136, -9.835e-7, -1.905e-9, -9.407e-7, -1.315e-8, -1.281e-6, -5.395e-8, -1.238e-6, -4.663e-8
0.137, -9.833e-7, -4.233e-9, -9.421e-7, -1.795e-8, -1.287e-6, -5.308e-8, -1.247e-6, -4.861e-8
0.138, -9.927e-7, -2.400e-9, -9.431e-7, -1.872e-8, -1.289e-6, -5.528e-8, -1.248e-6, -4.989e-8
0.139, -1.000e-6, -9.358e-9, -9.403e-7, -1.718e-8, -1.299e-6, -4.956e-8, -1.264e-6, -5.017e-8
0.140, -1.014e-6, -8.095e-9, -9.527e-7, -2.090e-8, -1.300e-6, -5.788e-8, -1.257e-6, -4.484e-8
0.141, -9.947e-7, -9.903e-9, -9.484e-7, -1.872e-8, -1.317e-6, -4.927e-8, -1.267e-6, -4.836e-8
0.142, -1.010e-6, -3.316e-9, -9.661e-7, -1.993e-8, -1.320e-6, -5.665e-8, -1.275e-6, -4.836e-8
0.143, -1.029e-6, -4.951e-9, -9.744e-7, -2.085e-8, -1.318e-6, -6.031e-8, -1.280e-6, -5.222e-8
0.144, -1.036e-6, -5.693e-9, -9.766e-7, -2.258e-8, -1.335e-6, -5.261e-8, -1.301e-6, -5.193e-8
0.145, -1.038e-6, -7.773e-9, -9.827e-7, -2.058e-8, -1.335e-6, -5.751e-8, -1.292e-6, -5.405e-8
0.146, -1.039e-6, -1.307e-8, -9.847e-7, -1.820e-8, -1.344e-6, -5.514e-8, -1.298e-6, -5.826e-8
0.147, -1.056e-6, -9.234e-9, -1.002e-6, -2.543e-8, -1.341e-6, -5.746e-8, -1.299e-6, -4.947e-8
0.148, -1.066e-6, -9.086e-9, -1.001e-6, -1.666e-8, -1.344e-6, -5.107e-8, -1.300e-6, -4.975e-8
0.149, -1.067e-6, -4.934e-10, -1.003e-6, -1.956e-8, -1.370e-6, -6.489e-8, -1.316e-6, -5.480e-8
0.150, -1.067e-6, -1.060e-8, -9.972e-7, -2.266e-8, -1.370e-6, -5.999e-8, -1.342e-6, -5.445e-8
0.151, -1.072e-6, -9.457e-9, -1.011e-6, -2.828e-8, -1.379e-6, -6.019e-8, -1.338e-6, -5.044e-8
0.152, -1.081e-6, -1.426e-8, -1.034e-6, -2.528e-8, -1.383e-6, -5.774e-8, -1.345e-6, -5.195e-8
0.153, -1.097e-6, -1.087e-8, -1.033e-6, -2.890e-8, -1.388e-6, -6.073e-8, -1.355e-6, -4.970e-8
0.154, -1.095e-6, -8.343e-9, -1.051e-6, -2.498e-8, -1.406e-6, -6.167e-8, -1.351e-6, -6.022e-8
0.155, -1.108e-6, -9.457e-9, -1.046e-6, -2.280e-8, -1.419e-6, -6.578e-8, -1.373e-6, -5.564e-8
0.156, -1.101e-6, -1.218e-8, -1.060e-6, -2.743e-8, -1.436e-6, -6.056e-8, -1.380e-6, -5.438e-8
0.157, -1.117e-6, -1.174e-8, -1.062e-6, -2.850e-8, -1.430e-6, -6.202e-8, -1.388e-6, -5.425e-8
0.158, -1.143e-6, -1.562e-8, -1.065e-6, -2.984e-8, -1.437e-6, -5.920e-8, -1.401e-6, -5.051e-8
0.159, -1.132e-6, -1.139e-8, -1.067e-6, -3.093e-8, -1.444e-6, -5.922e-8, -1.410e-6, -5.648e-8
0.160, -1.144e-6, -1.926e-8, -1.089e-6, -2.786e-8, -1.469e-6, -6.091e-8, -1.412e-6, -5.606e-8
0.161, -1.162e-6, -1.602e-8, -1.106e-6, -2.989e-8, -1.476e-6, -6.024e-8, -1.419e-6, -6.106e-8
0.162, -1.154e-6, -1.959e-8, -1.104e-6, -2.365e-8, -1.491e-6, -6.135e-8, -1.423e-6, -5.871e-8
0.163, -1.167e-6, -1.342e-8, -1.108e-6, -2.996e-8, -1.495e-6, -6.457e-8, -1.440e-6, -6.183e-8
0.164, -1.193e-6, -1.562e-8, -1.118e-6, -2.271e-8, -1.493e-6, -6.385e-8, -1.448e-6, -6.651e-8
0.165, -1.189e-6, -1.646e-8, -1.128e-6, -2.600e-8, -1.511e-6, -6.467e-8, -1.473e-6, -6.233e-8
0.166, -1.205e-6, -2.011e-8, -1.138e-6, -2.644e-8, -1.516e-6, -6.450e-8, -1.461e-6, -6.225e-8
0.167, -1.217e-6, -2.020e-8, -1.149e-6, -3.464e-8, -1.521e-6, -6.826e-8, -1.485e-6, -5.638e-8
0.168, -1.217e-6, -2.186e-8, -1.155e-6, -3.110e-8, -1.549e-6, -7.002e-8, -1.489e-6, -6.230e-8
0.169, -1.235e-6, -1.852e-8, -1.160e-6, -3.192e-8, -1.551e-6, -7.086e-8, -1.510e-6, -5.876e-8
0.170, -1.235e-6, -1.186e-8, -1.165e-6, -3.293e-8, -1.572e-6, -7.123e-8, -1.527e-6, -6.030e-8
0.171, -1.263e-6, -2.310e-8, -1.190e-6, -3.036e-8, -1.566e-6, -6.425e-8, -1.515e-6, -6.181e-8
0.172, -1.258e-6, -2.256e-8, -1.197e-6, -3.271e-8, -1.594e-6, -6.724e-8, -1.535e-6, -6.478e-8
0.173, -1.269e-6, -1.968e-8, -1.199e-6, -3.311e-8, -1.604e-6, -6.663e-8, -1.548e-6, -6.396e-8
0.174, -1.287e-6, -2.506e-8, -1.209e-6, -2.994e-8, -1.615e-6, -6.804e-8, -1.566e-6, -6.270e-8
0.175, -1.305e-6, -2.580e-8, -1.221e-6, -3.385e-8, -1.616e-6, -6.509e-8, -1.580e-6, -6.557e-8
0.176, -1.305e-6, -2.377e-8, -1.230e-6, -3.397e-8, -1.636e-6, -7.197e-8, -1.586e-6, -6.290e-8
0.177, -1.313e-6, -2.704e-8, -1.244e-6, -3.575e-8, -1.644e-6, -7.098e-8, -1.603e-6, -6.183e-8
0.178, -1.333e-6, -2.451e-8, -1.262e-6, -3.776e-8, -1.663e-6, -7.032e-8, -1.608e-6, -6.369e-8
0.179, -1.349e-6, -2.268e-8, -1.278e-6, -3.422e-8, -1.673e-6, -7.017e-8, -1.610e-6, -6.559e-8
0.180, -1.351e-6, -2.261e-8, -1.280e-6, -3.543e-8, -1.676e-6, -7.348e-8, -1.627e-6, -6.114e-8
0.181, -1.362e-6, -2.139e-8, -1.286e-6, -3.756e-8, -1.697e-6, -7.415e-8, -1.648e-6, -6.914e-8
0.182, -1.375e-6, -2.434e-8, -1.306e-6, -3.234e-8, -1.710e-6, -7.366e-8, -1.657e-6, -6.869e-8
0.183, -1.392e-6, -2.979e-8, -1.312e-6, -3.400e-8, -1.721e-6, -7.774e-8, -1.671e-6, -7.520e-8
0.184, -1.392e-6, -2.924e-8, -1.330e-6, -4.276e-8, -1.744e-6, -8.114e-8, -1.679e-6, -6.525e-8
0.185, -1.413e-6, -2.318e-8, -1.335e-6, -4.024e-8, -1.764e-6, -8.341e-8, -1.700e-6, -6.963e-8
0.186, -1.442e-6, -2.751e-8, -1.354e-6, -3.640e-8, -1.771e-6, -7.928e-8, -1.717e-6, -6.728e-8
0.187, -1.439e-6, -3.244e-8, -1.367e-6, -4.229e-8, -1.777e-6, -7.797e-8, -1.730e-6, -7.253e-8
0.188, -1.455e-6, -2.095e-8, -1.389e-6, -4.289e-8, -1.795e-6, -8.250e-8, -1.732e-6, -6.844e-8
0.189, -1.450e-6, -2.919e-8, -1.386e-6, -3.803e-8, -1.812e-6, -7.482e-8, -1.766e-6, -6.975e-8
0.190, -1.481e-6, -3.365e-8, -1.414e-6, -4.187e-8, -1.829e-6, -8.322e-8, -1.770e-6, -7.461e-8
0.191, -1.490e-6, -3.226e-8, -1.420e-6, -4.237e-8, -1.847e-6, -7.975e-8, -1.780e-6, -7.649e-8
0.192, -1.511e-6, -3.375e-8, -1.440e-6, -4.294e-8, -1.859e-6, -7.626e-8, -1.797e-6, -7.218e-8
0.193, -1.531e-6, -3.286e-8, -1.454e-6, -4.440e-8, -1.876e-6, -8.007e-8, -1.820e-6, -7.196e-8
0.194, -1.545e-6, -3.164e-8, -1.462e-6, -4.118e-8, -1.898e-6, -8.235e-8, -1.842e-6, -7.929e-8
0.195, -1.557e-6, -3.410e-8, -1.479e-6, -4.997e-8, -1.914e-6, -8.696e-8, -1.857e-6, -7.169e-8
0.196, -1.563e-6, -3.055e-8, -1.494e-6, -4.620e-8, -1.932e-6, -8.661e-8, -1.867e-6, -7.664e-8
0.197, -1.577e-6, -3.571e-8, -1.513e-6, -4.504e-8, -1.947e-6, -8.260e-8, -1.876e-6, -8.169e-8
0.198, -1.593e-6, -4.118e-8, -1.526e-6, -4.512e-8, -1.970e-6, -8.289e-8, -1.895e-6, -7.872e-8
0.199, -1.616e-6, -4.120e-8, -1.548e-6, -4.512e-8, -1.983e-6, -8.666e-8, -1.906e-6, -8.157e-8
0.200, -1.631e-6, -4.105e-8, -1.561e-6, -4.737e-8, -2.006e-6, -8.336e-8, -1.930e-6, -8.013e-8
0.201, -1.643e-6, -3.949e-8, -1.567e-6, -5.230e-8, -2.017e-6, -8.562e-8, -1.958e-6, -7.798e-8
0.202, -1.664e-6, -3.835e-8, -1.588e-6, -4.623e-8, -2.031e-6, -8.683e-8, -1.965e-6, -8.310e-8
0.203, -1.689e-6, -4.157e-8, -1.605e-6, -5.316e-8, -2.039e-6, -8.864e-8, -1.991e-6, -8.226e-8
0.204, -1.706e-6, -4.093e-8, -1.617e-6, -4.816e-8, -2.075e-6, -8.463e-8, -2.008e-6, -8.689e-8
0.205, -1.711e-6, -4.732e-8, -1.645e-6, -5.168e-8, -2.092e-6, -8.965e-8, -2.011e-6, -8.414e-8
0.206, -1.728e-6, -3.670e-8, -1.646e-6, -5.859e-8, -2.113e-6, -9.696e-8, -2.042e-6, -8.543e-8
0.207, -1.752e-6, -4.670e-8, -1.669e-6, -5.215e-8, -2.136e-6, -9.379e-8, -2.066e-6, -8.766e-8
0.208, -1.745e-6, -4.187e-8, -1.686e-6, -5.621e-8, -2.163e-6, -9.275e-8, -2.082e-6, -8.360e-8
0.209, -1.790e-6, -4.816e-8, -1.710e-6, -5.893e-8, -2.167e-6, -9.334e-8, -2.099e-6, -8.072e-8
0.210, -1.801e-6, -4.670e-8, -1.721e-6, -5.497e-8, -2.189e-6, -9.181e-8, -2.126e-6, -8.508e-8
0.211, -1.814e-6, -5.066e-8, -1.732e-6, -5.698e-8, -2.207e-6, -9.277e-8, -2.145e-6, -9.008e-8
0.212, -1.841e-6, -5.036e-8, -1.758e-6, -5.420e-8, -2.236e-6, -9.414e-8, -2.169e-6, -9.100e-8
0.213, -1.863e-6, -4.923e-8, -1.787e-6, -6.284e-8, -2.258e-6, -9.644e-8, -2.183e-6, -8.942e-8
0.214, -1.875e-6, -4.873e-8, -1.804e-6, -6.190e-8, -2.263e-6, -9.788e-8, -2.208e-6, -8.882e-8
0.215, -1.899e-6, -5.400e-8, -1.822e-6, -6.104e-8, -2.294e-6, -9.087e-8, -2.227e-6, -8.516e-8
0.216, -1.918e-6, -5.514e-8, -1.838e-6, -6.371e-8, -2.317e-6, -9.243e-8, -2.257e-6, -8.800e-8
0.217, -1.936e-6, -5.960e-8, -1.852e-6, -6.034e-8, -2.361e-6, -9.258e-8, -2.282e-6, -9.261e-8
0.218, -1.954e-6, -5.004e-8, -1.888e-6, -6.294e-8, -2.370e-6, -9.973e-8, -2.290e-6, -9.514e-8
0.219, -1.964e-6, -5.514e-8, -1.899e-6, -6.710e-8, -2.404e-6, -9.986e-8, -2.324e-6, -8.597e-8
0.220, -2.001e-6, -5.272e-8, -1.918e-6, -6.569e-8, -2.419e-6, -1.030e-7, -2.349e-6, -9.095e-8
0.221, -2.019e-6, -5.623e-8, -1.943e-6, -6.188e-8, -2.437e-6, -1.086e-7, -2.367e-6, -9.479e-8
0.222, -2.050e-6, -4.979e-8, -1.963e-6, -6.869e-8, -2.448e-6, -1.061e-7, -2.389e-6, -8.969e-8
0.223, -2.074e-6, -6.079e-8, -1.974e-6, -6.121e-8, -2.484e-6, -1.018e-7, -2.423e-6, -9.509e-8
0.224, -2.081e-6, -5.579e-8, -2.007e-6, -6.814e-8, -2.514e-6, -1.066e-7, -2.432e-6, -9.016e-8
0.225, -2.106e-6, -5.688e-8, -2.037e-6, -7.394e-8, -2.542e-6, -1.037e-7, -2.453e-6, -8.949e-8
0.226, -2.117e-6, -5.462e-8, -2.052e-6, -6.752e-8, -2.560e-6, -1.095e-7, -2.494e-6, -9.320e-8
0.227, -2.150e-6, -5.913e-8, -2.072e-6, -7.337e-8, -2.591e-6, -1.104e-7, -2.513e-6, -9.811e-8
0.228, -2.179e-6, -5.903e-8, -2.099e-6, -7.592e-8, -2.615e-6, -1.071e-7, -2.539e-6, -9.206e-8
0.229, -2.187e-6, -5.975e-8, -2.120e-6, -7.887e-8, -2.637e-6, -1.074e-7, -2.563e-6, -9.008e-8
0.230, -2.213e-6, -5.990e-8, -2.145e-6, -7.498e-8, -2.667e-6, -1.097e-7, -2.584e-6, -9.593e-8
0.231, -2.232e-6, -6.084e-8, -2.164e-6, -7.909e-8, -2.678e-6, -1.098e-7, -2.611e-6, -1.002e-7
0.232, -2.265e-6, -6.839e-8, -2.189e-6, -7.627e-8, -2.704e-6, -1.130e-7, -2.640e-6, -1.000e-7
0.233, -2.274e-6, -6.842e-8, -2.204e-6, -7.433e-8, -2.738e-6, -1.061e-7, -2.664e-6, -1.050e-7
0.234, -2.291e-6, -6.547e-8, -2.224e-6, -7.693e-8, -2.771e-6, -1.120e-7, -2.691e-6, -1.032e-7
0.235, -2.314e-6, -6.426e-8, -2.250e-6, -7.936e-8, -2.790e-6, -1.173e-7, -2.700e-6, -1.034e-7
0.236, -2.348e-6, -6.232e-8, -2.290e-6, -7.877e-8, -2.815e-6, -1.181e-7, -2.726e-6, -1.068e-7
0.237, -2.365e-6, -7.079e-8, -2.293e-6, -8.085e-8, -2.841e-6, -1.117e-7, -2.755e-6, -1.053e-7
0.238, -2.385e-6, -6.993e-8, -2.319e-6, -8.241e-8, -2.865e-6, -1.167e-7, -2.784e-6, -1.025e-7
0.239, -2.415e-6, -6.453e-8, -2.340e-6, -7.852e-8, -2.890e-6, -1.197e-7, -2.813e-6, -1.075e-7
0.240, -2.430e-6, -7.124e-8, -2.365e-6, -8.555e-8, -2.910e-6, -1.178e-7, -2.823e-6, -1.036e-7
0.241, -2.453e-6, -7.012e-8, -2.381e-6, -8.196e-8, -2.937e-6, -1.155e-7, -2.860e-6, -1.087e-7
0.242, -2.474e-6, -6.866e-8, -2.398e-6, -8.629e-8, -2.966e-6, -1.206e-7, -2.887e-6, -1.095e-7
0.243, -2.491e-6, -7.102e-8, -2.428e-6, -9.157e-8, -2.986e-6, -1.229e-7, -2.904e-6, -1.042e-7
0.244, -2.522e-6, -6.978e-8, -2.457e-6, -8.865e-8, -3.013e-6, -1.272e-7, -2.925e-6, -1.092e-7
0.245, -2.536e-6, -7.285e-8, -2.462e-6, -8.726e-8, -3.045e-6, -1.240e-7, -2.963e-6, -1.112e-7
0.246, -2.560e-6, -7.565e-8, -2.489e-6, -8.696e-8, -3.053e-6, -1.261e-7, -2.977e-6, -1.158e-7
0.247, -2.579e-6, -7.579e-8, -2.496e-6, -8.476e-8, -3.072e-6, -1.281e-7, -3.005e-6, -1.099e-7
0.248, -2.592e-6, -7.181e-8, -2.519e-6, -9.045e-8, -3.095e-6, -1.310e-7, -3.017e-6, -1.089e-7
0.249, -2.619e-6, -6.822e-8, -2.540e-6, -8.751e-8, -3.120e-6, -1.345e-7, -3.043e-6, -1.132e-7
0.250, -2.641e-6, -7.602e-8, -2.563e-6, -9.291e-8, -3.137e-6, -1.353e-7, -3.067e-6, -1.148e-7
0.251, -2.659e-6, -7.721e-8, -2.586e-6, -8.473e-8, -3.152e-6, -1.343e-7, -3.079e-6, -1.166e-7
0.252, -2.681e-6, -7.768e-8, -2.594e-6, -9.412e-8, -3.168e-6, -1.328e-7, -3.097e-6, -1.163e-7
0.253, -2.683e-6, -7.584e-8, -2.609e-6, -9.491e-8, -3.195e-6, -1.337e-7, -3.114e-6, -1.195e-7
0.254, -2.704e-6, -8.501e-8, -2.627e-6, -9.073e-8, -3.206e-6, -1.310e-7, -3.128e-6, -1.206e-7
0.255, -2.721e-6, -7.993e-8, -2.641e-6, -9.573e-8, -3.226e-6, -1.381e-7, -3.147e-6, -1.161e-7
0.256, -2.734e-6, -8.392e-8, -2.660e-6, -9.536e-8, -3.233e-6, -1.316e-7, -3.165e-6, -1.177e-7
0.257, -2.760e-6, -7.753e-8, -2.669e-6, -9.927e-8, -3.258e-6, -1.363e-7, -3.185e-6, -1.160e-7
0.258, -2.766e-6, -9.075e-8, -2.687e-6, -9.560e-8, -3.275e-6, -1.314e-7, -3.201e-6, -1.264e-7
0.259, -2.786e-6, -8.404e-8, -2.703e-6, -9.501e-8, -3.278e-6, -1.347e-7, -3.196e-6, -1.226e-7
0.260, -2.801e-6, -8.741e-8, -2.710e-6, -1.027e-7, -3.301e-6, -1.364e-7, -3.229e-6, -1.235e-7
0.261, -2.820e-6, -8.325e-8, -2.712e-6, -9.612e-8, -3.310e-6, -1.391e-7, -3.241e-6, -1.253e-7
0.262, -2.826e-6, -7.651e-8, -2.726e-6, -9.013e-8, -3.310e-6, -1.338e-7, -3.242e-6, -1.238e-7
0.263, -2.843e-6, -8.491e-8, -2.737e-6, -9.583e-8, -3.329e-6, -1.394e-7, -3.262e-6, -1.253e-7
0.264, -2.841e-6, -8.439e-8, -2.747e-6, -9.528e-8, -3.328e-6, -1.375e-7, -3.262e-6, -1.266e-7
0.265, -2.853e-6, -8.716e-8, -2.762e-6, -9.746e-8, -3.349e-6, -1.361e-7, -3.274e-6, -1.253e-7
0.266, -2.867e-6, -8.575e-8, -2.779e-6, -9.877e-8, -3.352e-6, -1.369e-7, -3.279e-6, -1.326e-7
0.267, -2.870e-6, -8.907e-8, -2.767e-6, -9.989e-8, -3.360e-6, -1.345e-7, -3.292e-6, -1.222e-7
0.268, -2.869e-6, -8.372e-8, -2.776e-6, -9.791e-8, -3.365e-6, -1.376e-7, -3.287e-6, -1.253e-7
0.269, -2.867e-6, -8.875e-8, -2.791e-6, -1.003e-7, -3.385e-6, -1.341e-7, -3.285e-6, -1.222e-7
0.270, -2.881e-6, -8.228e-8, -2.800e-6, -1.005e-7, -3.369e-6, -1.377e-7, -3.291e-6, -1.268e-7
0.271, -2.889e-6, -8.929e-8, -2.802e-6, -1.020e-7, -3.368e-6, -1.406e-7, -3.298e-6, -1.219e-7
0.272, -2.880e-6, -8.545e-8, -2.801e-6, -1.027e-7, -3.384e-6, -1.410e-7, -3.311e-6, -1.265e-7
0.273, -2.871e-6, -8.657e-8, -2.795e-6, -1.029e-7, -3.381e-6, -1.352e-7, -3.296e-6, -1.236e-7
0.274, -2.883e-6, -8.647e-8, -2.796e-6, -1.070e-7, -3.368e-6, -1.350e-7, -3.299e-6, -1.211e-7
0.275, -2.888e-6, -8.362e-8, -2.804e-6, -9.830e-8, -3.363e-6, -1.408e-7, -3.281e-6, -1.270e-7
0.276, -2.879e-6, -8.716e-8, -2.791e-6, -1.057e-7, -3.355e-6, -1.353e-7, -3.274e-6, -1.209e-7
0.277, -2.867e-6, -8.558e-8, -2.790e-6, -1.006e-7, -3.354e-6, -1.394e-7, -3.278e-6, -1.232e-7
0.278, -2.854e-6, -8.813e-8, -2.786e-6, -9.672e-8, -3.340e-6, -1.381e-7, -3.264e-6, -1.296e-7
0.279, -2.843e-6, -8.820e-8, -2.780e-6, -1.023e-7, -3.338e-6, -1.328e-7, -3.255e-6, -1.253e-7
0.280, -2.844e-6, -8.600e-8, -2.773e-6, -9.897e-8, -3.313e-6, -1.363e-7, -3.238e-6, -1.279e-7
0.281, -2.825e-6, -9.036e-8, -2.759e-6, -1.013e-7, -3.304e-6, -1.352e-7, -3.232e-6, -1.208e-7
0.282, -2.803e-6, -8.795e-8, -2.748e-6, -1.030e-7, -3.295e-6, -1.317e-7, -3.210e-6, -1.198e-7
0.283, -2.800e-6, -8.436e-8, -2.739e-6, -9.996e-8, -3.268e-6, -1.313e-7, -3.199e-6, -1.267e-7
0.284, -2.774e-6, -8.397e-8, -2.732e-6, -9.375e-8, -3.260e-6, -1.334e-7, -3.166e-6, -1.226e-7
0.285, -2.743e-6, -9.036e-8, -2.704e-6, -1.026e-7, -3.227e-6, -1.323e-7, -3.149e-6, -1.165e-7
0.286, -2.716e-6, -8.607e-8, -2.696e-6, -9.501e-8, -3.213e-6, -1.340e-7, -3.119e-6, -1.198e-7
0.287, -2.703e-6, -8.545e-8, -2.665e-6, -9.605e-8, -3.178e-6, -1.338e-7, -3.092e-6, -1.221e-7
0.288, -2.680e-6, -8.439e-8, -2.643e-6, -8.956e-8, -3.161e-6, -1.247e-7, -3.077e-6, -1.227e-7
0.289, -2.641e-6, -7.753e-8, -2.617e-6, -1.014e-7, -3.127e-6, -1.336e-7, -3.055e-6, -1.182e-7
0.290, -2.622e-6, -8.419e-8, -2.588e-6, -1.015e-7, -3.084e-6, -1.263e-7, -3.021e-6, -1.171e-7
0.291, -2.595e-6, -8.454e-8, -2.567e-6, -9.910e-8, -3.059e-6, -1.296e-7, -2.984e-6, -1.207e-7
0.292, -2.547e-6, -7.693e-8, -2.540e-6, -9.008e-8, -3.028e-6, -1.317e-7, -2.949e-6, -1.144e-7
0.293, -2.511e-6, -7.968e-8, -2.502e-6, -9.330e-8, -2.995e-6, -1.258e-7, -2.924e-6, -1.167e-7
0.294, -2.482e-6, -8.241e-8, -2.476e-6, -8.954e-8, -2.965e-6, -1.293e-7, -2.884e-6, -1.181e-7
0.295, -2.445e-6, -7.807e-8, -2.422e-6, -8.280e-8, -2.920e-6, -1.274e-7, -2.852e-6, -1.184e-7
0.296, -2.413e-6, -7.929e-8, -2.404e-6, -8.951e-8, -2.873e-6, -1.190e-7, -2.801e-6, -1.088e-7
0.297, -2.365e-6, -7.572e-8, -2.366e-6, -9.390e-8, -2.846e-6, -1.219e-7, -2.773e-6, -1.089e-7
0.298, -2.327e-6, -7.770e-8, -2.332e-6, -8.857e-8, -2.794e-6, -1.227e-7, -2.720e-6, -1.128e-7
0.299, -2.280e-6, -7.659e-8, -2.282e-6, -8.488e-8, -2.765e-6, -1.195e-7, -2.694e-6, -1.157e-7
0.300, -2.231e-6, -7.570e-8, -2.254e-6, -8.070e-8, -2.714e-6, -1.168e-7, -2.644e-6, -1.155e-7
0.301, -2.185e-6, -6.445e-8, -2.205e-6, -8.672e-8, -2.672e-6, -1.198e-7, -2.610e-6, -1.024e-7
0.302, -2.143e-6, -7.045e-8, -2.169e-6, -8.322e-8, -2.635e-6, -1.168e-7, -2.566e-6, -1.085e-7
0.303, -2.111e-6, -6.188e-8, -2.117e-6, -7.225e-8, -2.585e-6, -1.179e-7, -2.517e-6, -1.118e-7
0.304, -2.067e-6, -5.997e-8, -2.068e-6, -7.857e-8, -2.530e-6, -1.175e-7, -2.482e-6, -1.055e-7
0.305, -2.001e-6, -6.101e-8, -2.048e-6, -7.679e-8, -2.505e-6, -1.145e-7, -2.433e-6, -1.025e-7
0.306, -1.978e-6, -7.005e-8, -2.014e-6, -7.082e-8, -2.457e-6, -1.088e-7, -2.390e-6, -1.019e-7
0.307, -1.940e-6, -6.324e-8, -1.958e-6, -8.070e-8, -2.401e-6, -1.107e-7, -2.348e-6, -1.013e-7
0.308, -1.895e-6, -6.317e-8, -1.915e-6, -7.807e-8, -2.370e-6, -1.098e-7, -2.312e-6, -9.865e-8
0.309, -1.853e-6, -5.789e-8, -1.874e-6, -7.072e-8, -2.345e-6, -1.091e-7, -2.286e-6, -1.016e-7
0.310, -1.818e-6, -6.047e-8, -1.844e-6, -6.458e-8, -2.296e-6, -1.051e-7, -2.237e-6, -9.717e-8
0.311, -1.771e-6, -5.237e-8, -1.806e-6, -7.258e-8, -2.253e-6, -1.043e-7, -2.205e-6, -9.236e-8
0.312, -1.733e-6, -5.928e-8, -1.762e-6, -6.693e-8, -2.217e-6, -1.031e-7, -2.167e-6, -9.551e-8
0.313, -1.706e-6, -5.455e-8, -1.740e-6, -6.384e-8, -2.175e-6, -1.037e-7, -2.120e-6, -9.211e-8
0.314, -1.673e-6, -5.651e-8, -1.689e-6, -6.626e-8, -2.138e-6, -1.025e-7, -2.106e-6, -9.531e-8
0.315, -1.641e-6, -5.452e-8, -1.663e-6, -6.956e-8, -2.105e-6, -1.022e-7, -2.061e-6, -8.917e-8
0.316, -1.617e-6, -5.423e-8, -1.627e-6, -6.881e-8, -2.072e-6, -9.996e-8, -2.041e-6, -8.860e-8
0.317, -1.592e-6, -5.014e-8, -1.607e-6, -6.653e-8, -2.044e-6, -9.783e-8, -2.008e-6, -9.325e-8
0.318, -1.562e-6, -4.823e-8, -1.582e-6, -6.505e-8, -2.014e-6, -9.899e-8, -1.969e-6, -8.996e-8
0.319, -1.531e-6, -4.323e-8, -1.549e-6, -5.958e-8, -1.989e-6, -1.014e-7, -1.948e-6, -9.355e-8
0.320, -1.513e-6, -5.007e-8, -1.516e-6, -5.774e-8, -1.958e-6, -9.268e-8, -1.918e-6, -9.058e-8
0.321, -1.491e-6, -4.960e-8, -1.490e-6, -6.460e-8, -1.932e-6, -1.008e-7, -1.909e-6, -8.734e-8
0.322, -1.470e-6, -5.054e-8, -1.479e-6, -6.431e-8, -1.912e-6, -9.300e-8, -1.880e-6, -9.038e-8
0.323, -1.457e-6, -4.799e-8, -1.463e-6, -6.047e-8, -1.889e-6, -9.451e-8, -1.861e-6, -8.298e-8
0.324, -1.434e-6, -4.487e-8, -1.446e-6, -6.146e-8, -1.878e-6, -8.938e-8, -1.849e-6, -8.256e-8
0.325, -1.402e-6, -4.095e-8, -1.420e-6, -6.062e-8, -1.875e-6, -9.164e-8, -1.832e-6, -8.555e-8
0.326, -1.392e-6, -3.821e-8, -1.408e-6, -5.779e-8, -1.833e-6, -9.141e-8, -1.805e-6, -8.226e-8
0.327, -1.385e-6, -4.289e-8, -1.384e-6, -5.363e-8, -1.819e-6, -9.312e-8, -1.798e-6, -8.233e-8
0.328, -1.372e-6, -4.474e-8, -1.369e-6, -5.512e-8, -1.800e-6, -9.102e-8, -1.779e-6, -8.231e-8
0.329, -1.365e-6, -4.477e-8, -1.366e-6, -5.606e-8, -1.785e-6, -8.663e-8, -1.764e-6, -7.916e-8
0.330, -1.361e-6, -4.420e-8, -1.352e-6, -5.358e-8, -1.774e-6, -8.237e-8, -1.753e-6, -7.718e-8
0.331, -1.351e-6, -4.333e-8, -1.338e-6, -5.410e-8, -1.758e-6, -8.708e-8, -1.739e-6, -7.884e-8
0.332, -1.320e-6, -4.016e-8, -1.318e-6, -5.524e-8, -1.760e-6, -8.933e-8, -1.716e-6, -7.859e-8
0.333, -1.313e-6, -3.991e-8, -1.309e-6, -5.747e-8, -1.734e-6, -8.852e-8, -1.713e-6, -7.594e-8
0.334, -1.322e-6, -3.499e-8, -1.304e-6, -5.123e-8, -1.719e-6, -9.471e-8, -1.699e-6, -8.392e-8
0.335, -1.298e-6, -4.311e-8, -1.297e-6, -5.836e-8, -1.730e-6, -8.567e-8, -1.687e-6, -7.377e-8
0.336, -1.297e-6, -4.083e-8, -1.300e-6, -5.460e-8, -1.699e-6, -8.748e-8, -1.668e-6, -7.466e-8
0.337, -1.290e-6, -3.580e-8, -1.279e-6, -4.833e-8, -1.691e-6, -8.604e-8, -1.677e-6, -7.557e-8
0.338, -1.276e-6, -3.533e-8, -1.268e-6, -4.762e-8, -1.680e-6, -8.748e-8, -1.670e-6, -7.612e-8
0.339, -1.267e-6, -3.343e-8, -1.264e-6, -5.044e-8, -1.685e-6, -8.730e-8, -1.655e-6, -6.921e-8
0.340, -1.269e-6, -3.546e-8, -1.267e-6, -4.838e-8, -1.673e-6, -8.111e-8, -1.648e-6, -7.961e-8
0.341, -1.264e-6, -3.464e-8, -1.251e-6, -4.742e-8, -1.664e-6, -7.963e-8, -1.642e-6, -7.166e-8
0.342, -1.261e-6, -4.217e-8, -1.257e-6, -4.967e-8, -1.657e-6, -7.680e-8, -1.620e-6, -7.733e-8
0.343, -1.249e-6, -3.192e-8, -1.239e-6, -4.415e-8, -1.660e-6, -7.604e-8, -1.628e-6, -7.622e-8
0.344, -1.251e-6, -3.813e-8, -1.246e-6, -4.120e-8, -1.637e-6, -7.698e-8, -1.613e-6, -7.976e-8
0.345, -1.247e-6, -2.838e-8, -1.245e-6, -4.665e-8, -1.633e-6, -8.010e-8, -1.608e-6, -6.594e-8
0.346, -1.244e-6, -3.395e-8, -1.246e-6, -4.747e-8, -1.631e-6, -7.816e-8, -1.612e-6, -7.191e-8
0.347, -1.237e-6, -3.439e-8, -1.234e-6, -4.499e-8, -1.631e-6, -8.104e-8, -1.612e-6, -7.622e-8
0.348, -1.227e-6, -3.028e-8, -1.227e-6, -4.338e-8, -1.630e-6, -7.839e-8, -1.600e-6, -7.270e-8
0.349, -1.229e-6, -3.251e-8, -1.228e-6, -4.024e-8, -1.625e-6, -7.517e-8, -1.599e-6, -7.258e-8
0.350, -1.216e-6, -2.417e-8, -1.218e-6, -3.457e-8, -1.621e-6, -7.623e-8, -1.602e-6, -7.372e-8
0.351, -1.224e-6, -2.731e-8, -1.228e-6, -4.313e-8, -1.616e-6, -8.062e-8, -1.585e-6, -6.574e-8
0.352, -1.216e-6, -2.917e-8, -1.207e-6, -4.180e-8, -1.610e-6, -7.487e-8, -1.596e-6, -6.693e-8
0.353, -1.217e-6, -2.934e-8, -1.203e-6, -3.727e-8, -1.602e-6, -7.022e-8, -1.586e-6, -6.220e-8
0.354, -1.217e-6, -2.795e-8, -1.197e-6, -3.925e-8, -1.605e-6, -7.462e-8, -1.588e-6, -5.901e-8
0.355, -1.223e-6, -2.439e-8, -1.201e-6, -4.294e-8, -1.598e-6, -7.175e-8, -1.580e-6, -6.597e-8
0.356, -1.224e-6, -1.914e-8, -1.198e-6, -3.724e-8, -1.582e-6, -7.685e-8, -1.567e-6, -6.985e-8
0.357, -1.212e-6, -2.481e-8, -1.191e-6, -3.447e-8, -1.583e-6, -7.170e-8, -1.577e-6, -6.683e-8
0.358, -1.204e-6, -2.830e-8, -1.195e-6, -3.424e-8, -1.590e-6, -7.041e-8, -1.571e-6, -6.911e-8
0.359, -1.210e-6, -2.332e-8, -1.198e-6, -3.694e-8, -1.575e-6, -7.002e-8, -1.562e-6, -6.550e-8
0.360, -1.192e-6, -2.815e-8, -1.179e-6, -3.808e-8, -1.587e-6, -6.742e-8, -1.567e-6, -6.416e-8
0.361, -1.185e-6, -2.776e-8, -1.189e-6, -4.098e-8, -1.587e-6, -6.957e-8, -1.561e-6, -6.059e-8
0.362, -1.194e-6, -2.169e-8, -1.191e-6, -3.873e-8, -1.574e-6, -7.311e-8, -1.556e-6, -6.453e-8
0.363, -1.203e-6, -2.179e-8, -1.178e-6, -3.402e-8, -1.569e-6, -7.004e-8, -1.555e-6, -6.262e-8
0.364, -1.182e-6, -2.518e-8, -1.174e-6, -3.387e-8, -1.580e-6, -6.420e-8, -1.553e-6, -6.871e-8
0.365, -1.195e-6, -2.793e-8, -1.169e-6, -3.150e-8, -1.567e-6, -6.036e-8, -1.556e-6, -6.349e-8
0.366, -1.175e-6, -2.479e-8, -1.176e-6, -3.917e-8, -1.561e-6, -6.388e-8, -1.545e-6, -6.141e-8
0.367, -1.192e-6, -1.946e-8, -1.166e-6, -3.821e-8, -1.554e-6, -6.875e-8, -1.546e-6, -6.807e-8
0.368, -1.182e-6, -2.620e-8, -1.166e-6, -3.043e-8, -1.556e-6, -6.219e-8, -1.542e-6, -6.223e-8
0.369, -1.195e-6, -2.672e-8, -1.172e-6, -4.083e-8, -1.541e-6, -5.645e-8, -1.529e-6, -5.435e-8
0.370, -1.185e-6, -1.624e-8, -1.144e-6, -3.187e-8, -1.540e-6, -7.116e-8, -1.536e-6, -5.839e-8
0.371, -1.180e-6, -1.835e-8, -1.170e-6, -3.791e-8, -1.554e-6, -7.022e-8, -1.533e-6, -5.948e-8
0.372, -1.180e-6, -1.609e-8, -1.154e-6, -3.387e-8, -1.546e-6, -6.774e-8, -1.531e-6, -5.822e-8
0.373, -1.169e-6, -2.110e-8, -1.146e-6, -3.219e-8, -1.541e-6, -6.209e-8, -1.537e-6, -6.146e-8
0.374, -1.161e-6, -1.966e-8, -1.153e-6, -3.449e-8, -1.542e-6, -6.192e-8, -1.524e-6, -5.718e-8
0.375, -1.162e-6, -1.141e-8, -1.145e-6, -3.511e-8, -1.542e-6, -6.719e-8, -1.523e-6, -5.205e-8
0.376, -1.173e-6, -1.884e-8, -1.150e-6, -3.251e-8, -1.545e-6, -6.138e-8, -1.521e-6, -5.953e-8
0.377, -1.173e-6, -2.370e-8, -1.145e-6, -3.575e-8, -1.539e-6, -5.828e-8, -1.515e-6, -5.891e-8
0.378, -1.161e-6, -1.597e-8, -1.141e-6, -3.055e-8, -1.524e-6, -6.742e-8, -1.527e-6, -6.015e-8
0.379, -1.172e-6, -2.105e-8, -1.147e-6, -3.348e-8, -1.523e-6, -6.378e-8, -1.505e-6, -5.715e-8
0.380, -1.162e-6, -2.167e-8, -1.149e-6, -3.303e-8, -1.533e-6, -5.972e-8, -1.517e-6, -5.906e-8
0.381, -1.160e-6, -1.892e-8, -1.134e-6, -3.192e-8, -1.519e-6, -5.982e-8, -1.522e-6, -5.638e-8
0.382, -1.161e-6, -2.087e-8, -1.133e-6, -2.184e-8, -1.529e-6, -6.014e-8, -1.509e-6, -6.272e-8
0.383, -1.150e-6, -1.733e-8, -1.134e-6, -3.392e-8, -1.531e-6, -5.677e-8, -1.513e-6, -5.581e-8
0.384, -1.148e-6, -2.011e-8, -1.132e-6, -3.080e-8, -1.535e-6, -6.086e-8, -1.512e-6, -5.128e-8
0.385, -1.152e-6, -1.872e-8, -1.135e-6, -3.063e-8, -1.528e-6, -5.603e-8, -1.513e-6, -5.254e-8
0.386, -1.162e-6, -1.213e-8, -1.136e-6, -2.937e-8, -1.511e-6, -5.999e-8, -1.498e-6, -5.651e-8
0.387, -1.165e-6, -1.909e-8, -1.121e-6, -2.506e-8, -1.511e-6, -5.838e-8, -1.504e-6, -5.225e-8
0.388, -1.172e-6, -2.454e-8, -1.136e-6, -2.927e-8, -1.505e-6, -5.803e-8, -1.502e-6, -5.512e-8
0.389, -1.135e-6, -2.196e-8, -1.137e-6, -2.491e-8, -1.517e-6, -6.237e-8, -1.487e-6, -5.871e-8
0.390, -1.147e-6, -1.726e-8, -1.123e-6, -2.716e-8, -1.512e-6, -5.996e-8, -1.491e-6, -5.628e-8
0.391, -1.152e-6, -1.884e-8, -1.132e-6, -2.451e-8, -1.517e-6, -5.315e-8, -1.487e-6, -4.920e-8
0.392, -1.136e-6, -1.748e-8, -1.120e-6, -3.135e-8, -1.510e-6, -5.546e-8, -1.499e-6, -5.225e-8
0.393, -1.148e-6, -9.655e-9, -1.119e-6, -3.241e-8, -1.507e-6, -5.890e-8, -1.502e-6, -5.368e-8
0.394, -1.149e-6, -1.723e-8, -1.126e-6, -2.944e-8, -1.502e-6, -5.860e-8, -1.477e-6, -5.455e-8
0.395, -1.138e-6, -1.632e-8, -1.106e-6, -2.753e-8, -1.516e-6, -5.142e-8, -1.493e-6, -5.267e-8
0.396, -1.136e-6, -1.213e-8, -1.118e-6, -2.179e-8, -1.503e-6, -5.878e-8, -1.475e-6, -5.693e-8
0.397, -1.141e-6, -1.181e-8, -1.114e-6, -2.820e-8, -1.501e-6, -5.870e-8, -1.478e-6, -5.722e-8
0.398, -1.141e-6, -1.490e-8, -1.111e-6, -2.635e-8, -1.489e-6, -6.162e-8, -1.480e-6, -4.858e-8
0.399, -1.138e-6, -1.864e-8, -1.113e-6, -2.743e-8, -1.494e-6, -4.986e-8, -1.482e-6, -5.425e-8
0.400, -1.126e-6, -1.674e-8, -1.108e-6, -2.647e-8, -1.496e-6, -5.523e-8, -1.482e-6, -5.319e-8
0.401, -1.132e-6, -1.124e-8, -1.105e-6, -1.991e-8, -1.494e-6, -5.709e-8, -1.478e-6, -5.552e-8
0.402, -1.132e-6, -1.287e-8, -1.105e-6, -2.867e-8, -1.490e-6, -5.806e-8, -1.468e-6, -5.561e-8
0.403, -1.119e-6, -1.208e-8, -1.093e-6, -2.337e-8, -1.494e-6, -5.984e-8, -1.478e-6, -5.814e-8
0.404, -1.121e-6, -1.711e-8, -1.103e-6, -2.771e-8, -1.488e-6, -5.826e-8, -1.462e-6, -5.705e-8
0.405, -1.119e-6, -1.604e-8, -1.096e-6, -2.540e-8, -1.483e-6, -5.727e-8, -1.471e-6, -5.802e-8
0.406, -1.121e-6, -2.115e-8, -1.087e-6, -3.060e-8, -1.489e-6, -5.333e-8, -1.471e-6, -5.304e-8
0.407, -1.120e-6, -1.736e-8, -1.099e-6, -2.682e-8, -1.481e-6, -5.796e-8, -1.460e-6, -5.589e-8
0.408, -1.111e-6, -1.258e-8, -1.093e-6, -2.377e-8, -1.486e-6, -6.264e-8, -1.456e-6, -5.398e-8
0.409, -1.139e-6, -1.592e-8, -1.096e-6, -2.263e-8, -1.478e-6, -5.845e-8, -1.460e-6, -6.158e-8
0.410, -1.123e-6, -1.171e-8, -1.087e-6, -2.694e-8, -1.474e-6, -5.917e-8, -1.460e-6, -5.351e-8
0.411, -1.121e-6, -1.453e-8, -1.092e-6, -2.293e-8, -1.469e-6, -5.318e-8, -1.463e-6, -6.032e-8
0.412, -1.113e-6, -1.664e-8, -1.083e-6, -3.333e-8, -1.474e-6, -5.801e-8, -1.461e-6, -5.235e-8
0.413, -1.121e-6, -1.416e-8, -1.081e-6, -2.053e-8, -1.472e-6, -5.670e-8, -1.454e-6, -5.921e-8
0.414, -1.110e-6, -1.389e-8, -1.083e-6, -3.083e-8, -1.456e-6, -6.115e-8, -1.444e-6, -5.334e-8
0.415, -1.117e-6, -2.122e-8, -1.088e-6, -2.404e-8, -1.465e-6, -5.142e-8, -1.446e-6, -5.252e-8
0.416, -1.098e-6, -1.557e-8, -1.066e-6, -2.845e-8, -1.472e-6, -5.551e-8, -1.457e-6, -5.779e-8
0.417, -1.121e-6, -1.094e-8, -1.083e-6, -2.211e-8, -1.457e-6, -6.160e-8, -1.443e-6, -5.735e-8
0.418, -1.105e-6, -1.983e-8, -1.078e-6, -2.635e-8, -1.459e-6, -5.182e-8, -1.443e-6, -5.215e-8
0.419, -1.110e-6, -1.859e-8, -1.077e-6, -2.466e-8, -1.451e-6, -5.751e-8, -1.439e-6, -5.178e-8
0.420, -1.104e-6, -1.575e-8, -1.071e-6, -3.048e-8, -1.458e-6, -6.403e-8, -1.433e-6, -5.022e-8
0.421, -1.100e-6, -8.269e-9, -1.077e-6, -3.031e-8, -1.452e-6, -6.341e-8, -1.445e-6, -4.873e-8
0.422, -1.109e-6, -1.642e-8, -1.071e-6, -2.491e-8, -1.456e-6, -5.471e-8, -1.436e-6, -5.386e-8
0.423, -1.097e-6, -1.867e-8, -1.072e-6, -1.805e-8, -1.453e-6, -5.333e-8, -1.434e-6, -5.576e-8
0.424, -1.094e-6, -1.206e-8, -1.063e-6, -2.617e-8, -1.458e-6, -5.330e-8, -1.435e-6, -5.074e-8
0.425, -1.092e-6, -1.005e-8, -1.066e-6, -2.644e-8, -1.451e-6, -5.491e-8, -1.430e-6, -5.646e-8
0.426, -1.091e-6, -1.651e-8, -1.080e-6, -2.647e-8, -1.446e-6, -4.944e-8, -1.431e-6, -5.462e-8
0.427, -1.098e-6, -1.391e-8, -1.077e-6, -2.298e-8, -1.448e-6, -5.095e-8, -1.428e-6, -5.656e-8
0.428, -1.100e-6, -1.285e-8, -1.065e-6, -2.142e-8, -1.439e-6, -5.927e-8, -1.420e-6, -5.599e-8
0.429, -1.085e-6, -1.691e-8, -1.051e-6, -2.095e-8, -1.448e-6, -4.959e-8, -1.437e-6, -5.445e-8
0.430, -1.082e-6, -1.349e-8, -1.059e-6, -2.362e-8, -1.436e-6, -4.954e-8, -1.423e-6, -5.311e-8
0.431, -1.092e-6, -1.404e-8, -1.063e-6, -2.419e-8, -1.427e-6, -4.746e-8, -1.413e-6, -4.918e-8
0.432, -1.094e-6, -1.988e-8, -1.055e-6, -2.756e-8, -1.435e-6, -4.766e-8, -1.412e-6, -4.831e-8
0.433, -1.082e-6, -1.352e-8, -1.050e-6, -1.810e-8, -1.429e-6, -5.112e-8, -1.410e-6, -5.046e-8
0.434, -1.089e-6, -1.337e-8, -1.052e-6, -2.483e-8, -1.421e-6, -4.971e-8, -1.405e-6, -5.029e-8
0.435, -1.069e-6, -1.315e-8, -1.057e-6, -2.025e-8, -1.432e-6, -5.244e-8, -1.409e-6, -5.012e-8
0.436, -1.068e-6, -1.238e-8, -1.032e-6, -2.298e-8, -1.423e-6, -5.172e-8, -1.410e-6, -4.975e-8
0.437, -1.073e-6, -1.084e-8, -1.060e-6, -2.295e-8, -1.420e-6, -5.120e-8, -1.404e-6, -4.861e-8
0.438, -1.082e-6, -1.495e-8, -1.042e-6, -2.258e-8, -1.422e-6, -4.932e-8, -1.406e-6, -4.682e-8
0.439, -1.068e-6, -1.401e-8, -1.035e-6, -2.761e-8, -1.415e-6, -4.677e-8, -1.409e-6, -4.192e-8
0.440, -1.069e-6, -8.937e-9, -1.035e-6, -2.067e-8, -1.425e-6, -4.959e-8, -1.400e-6, -4.625e-8
0.441, -1.076e-6, -1.141e-8, -1.036e-6, -2.196e-8, -1.403e-6, -4.724e-8, -1.398e-6, -4.378e-8
0.442, -1.074e-6, -1.010e-8, -1.047e-6, -1.513e-8, -1.412e-6, -4.855e-8, -1.395e-6, -5.022e-8
0.443, -1.073e-6, -6.610e-9, -1.046e-6, -2.090e-8, -1.408e-6, -4.969e-8, -1.387e-6, -4.734e-8
0.444, -1.064e-6, -1.070e-8, -1.037e-6, -2.008e-8, -1.421e-6, -4.838e-8, -1.396e-6, -5.012e-8
0.445, -1.072e-6, -8.541e-9, -1.028e-6, -2.778e-8, -1.405e-6, -5.167e-8, -1.397e-6, -3.709e-8
0.446, -1.070e-6, -1.295e-8, -1.042e-6, -1.708e-8, -1.420e-6, -4.677e-8, -1.379e-6, -4.455e-8
0.447, -1.063e-6, -3.267e-9, -1.040e-6, -1.733e-8, -1.403e-6, -4.461e-8, -1.390e-6, -4.732e-8
0.448, -1.070e-6, -9.210e-9, -1.032e-6, -1.753e-8, -1.396e-6, -4.323e-8, -1.378e-6, -4.494e-8
0.449, -1.053e-6, -5.099e-9, -1.033e-6, -1.926e-8, -1.411e-6, -4.399e-8, -1.384e-6, -4.049e-8
0.450, -1.068e-6, -2.227e-9, -1.033e-6, -1.941e-8, -1.392e-6, -4.999e-8, -1.384e-6, -3.932e-8
0.451, -1.067e-6, -1.005e-8, -1.031e-6, -2.006e-8, -1.391e-6, -4.583e-8, -1.381e-6, -4.918e-8
0.452, -1.055e-6, -7.773e-9, -1.032e-6, -1.810e-8, -1.410e-6, -4.414e-8, -1.379e-6, -4.378e-8
0.453, -1.059e-6, -6.288e-9, -1.023e-6, -1.639e-8, -1.399e-6, -3.471e-8, -1.375e-6, -4.318e-8
0.454, -1.056e-6, -3.242e-9, -1.032e-6, -1.651e-8, -1.397e-6, -4.558e-8, -1.387e-6, -4.499e-8
0.455, -1.066e-6, -1.781e-9, -1.010e-6, -2.053e-8, -1.384e-6, -4.803e-8, -1.388e-6, -3.902e-8
0.456, -1.063e-6, -2.573e-9, -1.035e-6, -1.253e-8, -1.372e-6, -4.095e-8, -1.363e-6, -4.180e-8
0.457, -1.065e-6, -3.564e-9, -1.026e-6, -1.882e-8, -1.384e-6, -4.412e-8, -1.374e-6, -3.994e-8
0.458, -1.058e-6, -7.130e-9, -1.029e-6, -1.446e-8, -1.386e-6, -4.159e-8, -1.383e-6, -4.309e-8
0.459, -1.059e-6, -2.425e-9, -1.027e-6, -1.250e-8, -1.390e-6, -4.325e-8, -1.363e-6, -4.187e-8
0.460, -1.057e-6, 2.230e-9, -1.019e-6, -1.867e-8, -1.391e-6, -4.578e-8, -1.373e-6, -4.024e-8
0.461, -1.052e-6, 1.091e-9, -1.019e-6, -1.518e-8, -1.385e-6, -4.672e-8, -1.362e-6, -4.343e-8
0.462, -1.060e-6, -8.153e-10, -1.025e-6, -1.471e-8, -1.368e-6, -4.587e-8, -1.356e-6, -4.524e-8
0.463, -1.046e-6, -5.619e-9, -1.010e-6, -1.830e-8, -1.384e-6, -4.248e-8, -1.364e-6, -3.905e-8
0.464, -1.045e-6, -4.827e-9, -1.008e-6, -1.443e-8, -1.385e-6, -4.503e-8, -1.367e-6, -4.358e-8
0.465, -1.042e-6, -5.347e-9, -1.017e-6, -1.240e-8, -1.382e-6, -5.060e-8, -1.366e-6, -4.477e-8
0.466, -1.041e-6, -7.130e-9, -1.015e-6, -1.176e-8, -1.380e-6, -4.654e-8, -1.368e-6, -4.247e-8
0.467, -1.044e-6, -3.613e-9, -1.011e-6, -1.317e-8, -1.363e-6, -3.847e-8, -1.348e-6, -3.917e-8
0.468, -1.048e-6, -1.855e-9, -1.006e-6, -1.270e-8, -1.368e-6, -3.934e-8, -1.356e-6, -4.140e-8
0.469, -1.037e-6, -4.777e-9, -1.008e-6, -1.748e-8, -1.377e-6, -4.456e-8, -1.356e-6, -4.611e-8
0.470, -1.046e-6, -5.718e-9, -1.011e-6, -1.208e-8, -1.359e-6, -3.993e-8, -1.349e-6, -3.855e-8
0.471, -1.042e-6, -4.356e-9, -1.001e-6, -1.468e-8, -1.367e-6, -3.929e-8, -1.347e-6, -4.304e-8
0.472, -1.030e-6, 1.908e-9, -1.002e-6, -1.429e-8, -1.348e-6, -4.327e-8, -1.344e-6, -3.922e-8
0.473, -1.029e-6, -4.439e-10, -9.962e-7, -1.461e-8, -1.356e-6, -4.139e-8, -1.348e-6, -4.269e-8
0.474, -1.019e-6, 1.999e-10, -9.968e-7, -1.585e-8, -1.366e-6, -4.278e-8, -1.342e-6, -4.019e-8
0.475, -1.025e-6, 1.042e-9, -9.941e-7, -1.674e-8, -1.340e-6, -4.664e-8, -1.348e-6, -3.739e-8
0.476, -1.018e-6, -1.162e-9, -9.866e-7, -7.997e-9, -1.349e-6, -4.687e-8, -1.340e-6, -4.373e-8
0.477, -1.025e-6, -1.286e-9, -9.914e-7, -1.599e-8, -1.341e-6, -4.687e-8, -1.335e-6, -3.727e-8
0.478, -1.018e-6, -7.303e-9, -1.007e-6, -9.334e-9, -1.351e-6, -3.622e-8, -1.317e-6, -4.450e-8
0.479, -1.022e-6, -5.545e-9, -9.901e-7, -1.810e-8, -1.335e-6, -4.219e-8, -1.321e-6, -3.999e-8
0.480, -1.024e-6, -6.238e-9, -9.798e-7, -1.458e-8, -1.334e-6, -3.820e-8, -1.321e-6, -4.304e-8
0.481, -1.013e-6, -2.772e-9, -9.899e-7, -1.384e-8, -1.334e-6, -4.350e-8, -1.309e-6, -3.957e-8
0.482, -1.004e-6, -6.139e-9, -9.891e-7, -1.585e-8, -1.339e-6, -4.186e-8, -1.315e-6, -3.761e-8
0.483, -9.979e-7, -4.827e-9, -9.812e-7, -1.367e-8, -1.343e-6, -4.303e-8, -1.310e-6, -4.101e-8
0.484, -1.010e-6, -6.288e-9, -9.818e-7, -2.171e-8, -1.321e-6, -4.508e-8, -1.316e-6, -3.080e-8
0.485, -1.002e-6, -1.082e-8, -9.787e-7, -1.669e-8, -1.325e-6, -4.107e-8, -1.300e-6, -4.026e-8
0.486, -1.008e-6, -4.431e-9, -9.674e-7, -1.431e-8, -1.310e-6, -4.583e-8, -1.304e-6, -4.269e-8
0.487, -1.002e-6, -4.975e-9, -9.739e-7, -1.337e-8, -1.311e-6, -3.879e-8, -1.298e-6, -4.118e-8
0.488, -9.988e-7, -4.579e-9, -9.643e-7, -1.555e-8, -1.304e-6, -4.501e-8, -1.302e-6, -4.170e-8
0.489, -9.914e-7, -7.249e-11, -9.614e-7, -1.614e-8, -1.305e-6, -4.959e-8, -1.300e-6, -4.457e-8
0.490, -9.996e-7, -5.297e-9, -9.629e-7, -1.335e-8, -1.296e-6, -4.102e-8, -1.297e-6, -3.984e-8
0.491, -9.840e-7, -4.505e-9, -9.613e-7, -1.344e-8, -1.297e-6, -3.822e-8, -1.289e-6, -3.556e-8
0.492, -9.837e-7, -4.703e-9, -9.503e-7, -1.305e-8, -1.309e-6, -4.117e-8, -1.279e-6, -4.192e-8
0.493, -9.681e-7, -3.935e-9, -9.548e-7, -1.424e-8, -1.295e-6, -3.624e-8, -1.281e-6, -4.110e-8
0.494, -9.792e-7, 1.537e-9, -9.547e-7, -1.478e-8, -1.288e-6, -4.248e-8, -1.283e-6, -3.905e-8
0.495, -9.664e-7, -4.629e-9, -9.488e-7, -1.327e-8, -1.290e-6, -3.793e-8, -1.276e-6, -4.200e-8
0.496, -9.727e-7, -5.925e-10, -9.506e-7, -1.530e-8, -1.295e-6, -3.780e-8, -1.268e-6, -3.821e-8
0.497, -9.726e-7, -2.301e-9, -9.428e-7, -1.181e-8, -1.281e-6, -3.567e-8, -1.260e-6, -3.836e-8
0.498, -9.689e-7, 2.008e-9, -9.417e-7, -1.285e-8, -1.277e-6, -4.112e-8, -1.275e-6, -3.813e-8
0.499, -9.666e-7, -1.930e-9, -9.403e-7, -1.391e-8, -1.270e-6, -3.369e-8, -1.266e-6, -3.791e-8
0.500, -9.499e-7, 2.775e-9, -9.328e-7, -1.283e-8, -1.286e-6, -3.699e-8, -1.264e-6, -3.942e-8
0.501, -9.688e-7, 1.908e-9, -9.401e-7, -1.082e-8, -1.266e-6, -3.595e-8, -1.258e-6, -3.442e-8
0.502, -9.590e-7, 9.180e-10, -9.406e-7, -1.102e-8, -1.284e-6, -3.446e-8, -1.264e-6, -3.199e-8
0.503, -9.577e-7, 2.948e-9, -9.263e-7, -6.486e-9, -1.269e-6, -3.850e-8, -1.268e-6, -3.521e-8
0.504, -9.598e-7, 5.771e-9, -9.366e-7, -4.753e-9, -1.260e-6, -3.582e-8, -1.250e-6, -3.434e-8
0.505, -9.529e-7, 7.158e-9, -9.276e-7, -1.037e-8, -1.264e-6, -3.790e-8, -1.252e-6, -3.412e-8
0.506, -9.560e-7, 9.675e-10, -9.316e-7, -5.174e-9, -1.262e-6, -3.176e-8, -1.247e-6, -3.038e-8
0.507, -9.635e-7, -1.657e-9, -9.259e-7, -1.025e-8, -1.260e-6, -3.268e-8, -1.262e-6, -3.628e-8
0.508, -9.638e-7, -3.836e-9, -9.417e-7, -1.104e-8, -1.257e-6, -3.151e-8, -1.244e-6, -2.907e-8
0.509, -9.549e-7, 5.202e-9, -9.421e-7, -1.050e-8, -1.254e-6, -3.788e-8, -1.234e-6, -2.947e-8
0.510, -9.556e-7, 5.648e-9, -9.284e-7, -5.545e-9, -1.256e-6, -3.401e-8, -1.252e-6, -3.496e-8
0.511, -9.496e-7, 5.961e-10, -9.338e-7, -5.050e-9, -1.256e-6, -3.545e-8, -1.243e-6, -3.358e-8
0.512, -9.444e-7, 1.587e-9, -9.307e-7, -8.690e-9, -1.265e-6, -3.260e-8, -1.241e-6, -3.169e-8
0.513, -9.376e-7, -1.533e-9, -9.302e-7, -9.111e-9, -1.255e-6, -3.253e-8, -1.240e-6, -3.410e-8
0.514, -9.467e-7, -8.401e-10, -9.186e-7, -9.458e-9, -1.244e-6, -3.060e-8, -1.243e-6, -2.971e-8
0.515, -9.413e-7, 4.484e-9, -9.127e-7, -1.255e-8, -1.243e-6, -3.337e-8, -1.236e-6, -3.459e-8
0.516, -9.409e-7, 6.242e-9, -9.142e-7, -7.724e-9, -1.254e-6, -3.191e-8, -1.230e-6, -3.504e-8
0.517, -9.394e-7, -9.887e-10, -9.203e-7, -6.437e-9, -1.245e-6, -3.268e-8, -1.224e-6, -3.568e-8
0.518, -9.309e-7, -1.162e-9, -9.162e-7, -1.037e-8, -1.241e-6, -3.669e-8, -1.225e-6, -3.472e-8
0.519, -9.253e-7, 2.206e-9, -9.109e-7, -1.084e-8, -1.239e-6, -4.040e-8, -1.225e-6, -4.056e-8
0.520, -9.271e-7, 7.307e-9, -9.005e-7, -7.600e-9, -1.235e-6, -4.196e-8, -1.219e-6, -3.836e-8
0.521, -9.263e-7, 9.180e-10, -9.088e-7, -8.764e-9, -1.225e-6, -3.795e-8, -1.214e-6, -3.548e-8
0.522, -9.374e-7, 7.529e-9, -9.027e-7, -8.814e-9, -1.225e-6, -3.597e-8, -1.220e-6, -3.296e-8
0.523, -9.253e-7, -2.970e-9, -9.105e-7, -8.566e-9, -1.231e-6, -3.404e-8, -1.214e-6, -4.053e-8
0.524, -9.278e-7, -9.392e-10, -8.976e-7, -1.114e-8, -1.228e-6, -3.780e-8, -1.215e-6, -3.888e-8
0.525, -9.191e-7, -5.925e-10, -9.037e-7, -1.325e-8, -1.223e-6, -3.981e-8, -1.203e-6, -3.028e-8
0.526, -9.262e-7, 9.923e-10, -8.955e-7, -1.389e-8, -1.213e-6, -4.018e-8, -1.202e-6, -3.187e-8
0.527, -9.119e-7, 2.107e-9, -8.923e-7, -1.124e-8, -1.211e-6, -3.562e-8, -1.203e-6, -3.687e-8
0.528, -9.200e-7, 6.440e-9, -9.013e-7, -1.065e-8, -1.205e-6, -3.760e-8, -1.197e-6, -3.828e-8
0.529, -9.187e-7, 4.855e-9, -8.945e-7, -7.254e-9, -1.206e-6, -3.495e-8, -1.202e-6, -4.150e-8
0.530, -9.046e-7, -1.806e-9, -8.965e-7, -4.703e-9, -1.210e-6, -3.179e-8, -1.187e-6, -3.449e-8
0.531, -9.056e-7, -3.391e-9, -8.860e-7, -6.709e-9, -1.195e-6, -3.070e-8, -1.189e-6, -3.506e-8
0.532, -8.987e-7, 4.781e-9, -8.739e-7, -4.901e-9, -1.198e-6, -3.580e-8, -1.195e-6, -3.771e-8
0.533, -9.020e-7, 1.023e-8, -8.900e-7, -5.842e-9, -1.198e-6, -3.570e-8, -1.180e-6, -3.637e-8
0.534, -9.088e-7, -1.187e-9, -8.763e-7, -1.176e-8, -1.183e-6, -3.057e-8, -1.183e-6, -2.944e-8
0.535, -8.971e-7, 2.924e-9, -8.823e-7, -8.418e-9, -1.201e-6, -3.216e-8, -1.178e-6, -3.486e-8
0.536, -9.022e-7, 2.247e-10, -8.749e-7, -1.169e-8, -1.185e-6, -3.359e-8, -1.176e-6, -3.120e-8
0.537, -8.893e-7, 1.933e-9, -8.731e-7, -1.429e-8, -1.194e-6, -3.208e-8, -1.174e-6, -3.021e-8
0.538, -8.903e-7, 7.604e-9, -8.838e-7, -1.070e-8, -1.182e-6, -3.310e-8, -1.160e-6, -3.385e-8
0.539, -8.907e-7, 4.112e-9, -8.739e-7, -3.861e-9, -1.191e-6, -3.176e-8, -1.162e-6, -3.036e-8
0.540, -8.874e-7, 2.800e-9, -8.723e-7, -5.000e-9, -1.180e-6, -2.943e-8, -1.164e-6, -3.142e-8
0.541, -8.900e-7, 2.602e-9, -8.709e-7, -1.431e-8, -1.184e-6, -3.075e-8, -1.167e-6, -2.318e-8
0.542, -8.905e-7, 4.228e-10, -8.745e-7, -2.995e-9, -1.177e-6, -2.255e-8, -1.159e-6, -3.236e-8
0.543, -8.890e-7, -2.673e-9, -8.709e-7, -5.372e-9, -1.162e-6, -2.416e-8, -1.163e-6, -2.937e-8
0.544, -8.883e-7, 3.444e-9, -8.598e-7, -5.570e-9, -1.181e-6, -3.154e-8, -1.162e-6, -3.162e-8
0.545, -8.961e-7, 7.975e-9, -8.610e-7, -8.962e-9, -1.169e-6, -2.978e-8, -1.153e-6, -2.422e-8
0.546, -8.924e-7, 5.672e-9, -8.787e-7, -5.669e-9, -1.162e-6, -2.901e-8, -1.140e-6, -2.417e-8
0.547, -8.821e-7, 7.802e-9, -8.557e-7, -2.871e-9, -1.170e-6, -3.287e-8, -1.163e-6, -3.261e-8
0.548, -8.874e-7, 2.329e-9, -8.660e-7, -6.833e-9, -1.156e-6, -2.374e-8, -1.151e-6, -2.862e-8
0.549, -8.835e-7, 1.809e-9, -8.712e-7, -7.155e-9, -1.172e-6, -2.834e-8, -1.146e-6, -2.484e-8
0.550, -8.790e-7, 7.827e-9, -8.574e-7, -2.821e-9, -1.167e-6, -2.854e-8, -1.155e-6, -3.142e-8
0.551, -8.860e-7, 4.583e-9, -8.728e-7, -6.808e-9, -1.163e-6, -2.906e-8, -1.140e-6, -2.924e-8
0.552, -8.866e-7, 7.950e-9, -8.537e-7, -2.326e-9, -1.156e-6, -2.285e-8, -1.145e-6, -3.122e-8
0.553, -8.834e-7, 8.347e-9, -8.571e-7, -4.282e-9, -1.155e-6, -2.857e-8, -1.139e-6, -2.704e-8
0.554, -8.761e-7, 1.003e-8, -8.627e-7, -1.435e-9, -1.162e-6, -2.270e-8, -1.141e-6, -2.704e-8
0.555, -8.582e-7, 2.131e-9, -8.631e-7, -2.945e-9, -1.165e-6, -2.087e-8, -1.127e-6, -2.818e-8
0.556, -8.783e-7, 9.312e-9, -8.734e-7, -1.107e-8, -1.155e-6, -2.631e-8, -1.128e-6, -2.538e-8
0.557, -8.877e-7, 5.722e-9, -8.615e-7, -1.509e-9, -1.148e-6, -2.250e-8, -1.129e-6, -2.964e-8
0.558, -8.861e-7, 1.020e-8, -8.668e-7, -1.014e-9, -1.146e-6, -2.641e-8, -1.137e-6, -2.682e-8
0.559, -8.796e-7, 5.251e-9, -8.641e-7, -1.509e-9, -1.150e-6, -2.787e-8, -1.131e-6, -2.362e-8
0.560, -8.633e-7, 8.990e-9, -8.645e-7, -6.560e-9, -1.157e-6, -2.782e-8, -1.126e-6, -2.424e-8
0.561, -8.730e-7, 4.162e-9, -8.503e-7, 2.428e-9, -1.149e-6, -2.708e-8, -1.128e-6, -3.333e-8
0.562, -8.837e-7, 7.728e-9, -8.514e-7, -1.286e-9, -1.136e-6, -2.782e-8, -1.128e-6, -3.016e-8
0.563, -8.717e-7, 1.288e-8, -8.610e-7, -3.218e-9, -1.151e-6, -2.938e-8, -1.124e-6, -2.761e-8
0.564, -8.722e-7, 1.050e-8, -8.481e-7, -3.539e-9, -1.133e-6, -2.780e-8, -1.126e-6, -2.531e-8
0.565, -8.767e-7, 3.815e-9, -8.583e-7, -8.814e-9, -1.148e-6, -2.728e-8, -1.125e-6, -2.617e-8
0.566, -8.793e-7, 2.478e-9, -8.542e-7, -1.905e-9, -1.138e-6, -2.607e-8, -1.119e-6, -2.798e-8
0.567, -8.692e-7, -9.639e-10, -8.527e-7, -8.418e-9, -1.139e-6, -2.141e-8, -1.114e-6, -2.771e-8
0.568, -8.667e-7, 9.411e-9, -8.533e-7, 5.958e-10, -1.132e-6, -3.035e-8, -1.110e-6, -2.917e-8
0.569, -8.737e-7, 5.870e-9, -8.546e-7, -6.808e-9, -1.134e-6, -2.235e-8, -1.109e-6, -2.714e-8
0.570, -8.761e-7, 5.623e-9, -8.598e-7, -7.551e-9, -1.130e-6, -2.195e-8, -1.111e-6, -2.112e-8
0.571, -8.682e-7, 3.468e-9, -8.478e-7, -5.397e-9, -1.133e-6, -2.332e-8, -1.109e-6, -2.607e-8
0.572, -8.707e-7, 1.884e-9, -8.412e-7, -5.743e-9, -1.126e-6, -2.611e-8, -1.114e-6, -2.788e-8
0.573, -8.718e-7, 3.147e-9, -8.520e-7, -6.585e-9, -1.126e-6, -3.023e-8, -1.098e-6, -2.793e-8
0.574, -8.653e-7, 8.396e-9, -8.514e-7, -5.248e-9, -1.124e-6, -2.780e-8, -1.106e-6, -2.905e-8
0.575, -8.703e-7, 3.394e-9, -8.529e-7, -5.818e-9, -1.119e-6, -2.641e-8, -1.105e-6, -3.011e-8
0.576, -8.716e-7, 1.077e-8, -8.462e-7, -3.960e-9, -1.116e-6, -2.505e-8, -1.095e-6, -3.160e-8
0.577, -8.678e-7, 6.440e-9, -8.493e-7, 2.255e-9, -1.122e-6, -2.715e-8, -1.102e-6, -3.122e-8
0.578, -8.534e-7, 3.914e-9, -8.543e-7, 2.739e-10, -1.122e-6, -2.520e-8, -1.093e-6, -2.971e-8
0.579, -8.648e-7, 8.495e-9, -8.579e-7, 2.625e-11, -1.118e-6, -2.995e-8, -1.091e-6, -2.543e-8
0.580, -8.701e-7, 3.815e-9, -8.467e-7, -5.496e-9, -1.112e-6, -2.540e-8, -1.096e-6, -2.555e-8
0.581, -8.717e-7, 3.097e-9, -8.435e-7, -1.042e-8, -1.107e-6, -2.223e-8, -1.084e-6, -2.434e-8
0.582, -8.614e-7, 8.371e-9, -8.414e-7, 1.413e-9, -1.111e-6, -2.758e-8, -1.089e-6, -3.068e-8
0.583, -8.587e-7, 5.623e-9, -8.368e-7, -6.090e-9, -1.112e-6, -2.641e-8, -1.090e-6, -2.466e-8
0.584, -8.670e-7, -1.220e-10, -8.420e-7, -8.938e-9, -1.108e-6, -2.629e-8, -1.085e-6, -2.310e-8
0.585, -8.668e-7, 1.025e-8, -8.411e-7, -1.013e-8, -1.117e-6, -2.921e-8, -1.089e-6, -2.620e-8
0.586, -8.571e-7, -7.163e-10, -8.447e-7, -5.768e-9, -1.113e-6, -2.163e-8, -1.079e-6, -2.914e-8
0.587, -8.610e-7, 4.682e-9, -8.459e-7, -5.273e-9, -1.103e-6, -2.772e-8, -1.073e-6, -3.026e-8
0.588, -8.730e-7, 5.722e-9, -8.411e-7, -5.075e-9, -1.107e-6, -2.198e-8, -1.083e-6, -2.716e-8
0.589, -8.534e-7, 7.430e-9, -8.437e-7, 1.748e-10, -1.105e-6, -2.614e-8, -1.075e-6, -3.036e-8
0.590, -8.545e-7, 1.072e-8, -8.396e-7, 1.363e-9, -1.097e-6, -2.812e-8, -1.078e-6, -3.241e-8
0.591, -8.605e-7, 3.221e-9, -8.433e-7, -3.911e-9, -1.105e-6, -2.569e-8, -1.074e-6, -2.959e-8
0.592, -8.598e-7, 4.979e-9, -8.319e-7, -2.400e-9, -1.096e-6, -2.547e-8, -1.078e-6, -2.971e-8
0.593, -8.711e-7, 2.131e-9, -8.270e-7, -7.402e-9, -1.080e-6, -2.812e-8, -1.072e-6, -2.337e-8
0.594, -8.547e-7, -5.182e-10, -8.346e-7, -9.359e-9, -1.100e-6, -2.091e-8, -1.073e-6, -2.503e-8
0.595, -8.611e-7, 4.905e-9, -8.367e-7, -2.623e-9, -1.100e-6, -3.342e-8, -1.069e-6, -3.241e-8
0.596, -8.686e-7, 5.945e-9, -8.353e-7, -9.147e-10, -1.092e-6, -2.743e-8, -1.067e-6, -2.479e-8
0.597, -8.508e-7, 6.589e-9, -8.471e-7, -2.475e-9, -1.094e-6, -2.579e-8, -1.064e-6, -2.838e-8
0.598, -8.576e-7, 4.608e-9, -8.386e-7, -7.625e-9, -1.086e-6, -3.070e-8, -1.057e-6, -2.471e-8
0.599, -8.551e-7, 3.865e-9, -8.312e-7, -8.814e-9, -1.098e-6, -2.552e-8, -1.068e-6, -2.258e-8
0.600, -8.565e-7, 4.409e-9, -8.386e-7, 2.739e-10, -1.078e-6, -1.770e-8, -1.057e-6, -2.872e-8
0.601, -8.532e-7, 5.326e-9, -8.219e-7, -5.694e-9, -1.087e-6, -2.396e-8, -1.062e-6, -2.706e-8
0.602, -8.567e-7, 1.065e-8, -8.277e-7, 5.463e-10, -1.085e-6, -2.614e-8, -1.057e-6, -2.409e-8
0.603, -8.582e-7, 8.396e-9, -8.474e-7, -4.282e-9, -1.081e-6, -2.418e-8, -1.046e-6, -2.602e-8
0.604, -8.632e-7, 4.236e-9, -8.329e-7, -3.515e-9, -1.081e-6, -2.507e-8, -1.056e-6, -2.763e-8
0.605, -8.535e-7, 9.560e-9, -8.385e-7, -5.892e-9, -1.079e-6, -2.614e-8, -1.045e-6, -2.600e-8
0.606, -8.499e-7, 1.142e-8, -8.254e-7, 1.982e-9, -1.081e-6, -2.936e-8, -1.053e-6, -2.417e-8
0.607, -8.489e-7, 1.100e-8, -8.274e-7, -1.509e-9, -1.073e-6, -2.270e-8, -1.049e-6, -2.387e-8
0.608, -8.615e-7, 8.768e-9, -8.295e-7, -2.599e-9, -1.069e-6, -2.515e-8, -1.051e-6, -2.362e-8
0.609, -8.503e-7, 7.158e-9, -8.392e-7, -3.452e-10, -1.083e-6, -2.131e-8, -1.043e-6, -2.380e-8
0.610, -8.552e-7, 1.476e-8, -8.476e-7, 4.087e-9, -1.066e-6, -2.374e-8, -1.038e-6, -2.360e-8
0.611, -8.701e-7, 1.600e-8, -8.340e-7, -3.614e-9, -1.062e-6, -2.255e-8, -1.046e-6, -1.988e-8
0.612, -8.543e-7, 9.337e-9, -8.314e-7, 1.809e-9, -1.074e-6, -2.240e-8, -1.034e-6, -2.023e-8
0.613, -8.739e-7, 7.579e-9, -8.237e-7, 3.977e-10, -1.064e-6, -1.524e-8, -1.048e-6, -2.328e-8
0.614, -8.594e-7, 1.280e-8, -8.322e-7, 2.304e-9, -1.057e-6, -2.493e-8, -1.041e-6, -2.503e-8
0.615, -8.587e-7, 1.370e-8, -8.412e-7, -6.919e-10, -1.074e-6, -2.188e-8, -1.035e-6, -2.271e-8
0.616, -8.494e-7, 1.305e-8, -8.308e-7, 1.489e-12, -1.073e-6, -1.965e-8, -1.036e-6, -1.986e-8
0.617, -8.549e-7, 1.251e-8, -8.404e-7, 4.236e-9, -1.070e-6, -2.010e-8, -1.041e-6, -2.481e-8
0.618, -8.689e-7, 1.171e-8, -8.316e-7, -1.831e-9, -1.066e-6, -2.109e-8, -1.050e-6, -1.840e-8
0.619, -8.710e-7, 7.604e-9, -8.288e-7, 8.434e-10, -1.064e-6, -1.765e-8, -1.038e-6, -1.892e-8
0.620, -8.778e-7, 5.573e-9, -8.329e-7, -3.688e-9, -1.057e-6, -1.547e-8, -1.041e-6, -1.310e-8
0.621, -8.639e-7, 8.322e-9, -8.315e-7, 4.756e-9, -1.071e-6, -1.024e-8, -1.041e-6, -2.110e-8
0.622, -8.752e-7, 1.030e-8, -8.488e-7, -1.966e-10, -1.070e-6, -1.822e-8, -1.020e-6, -1.949e-8
0.623, -8.488e-7, 1.550e-8, -8.403e-7, 1.091e-9, -1.080e-6, -1.864e-8, -1.032e-6, -1.993e-8
0.624, -8.754e-7, 8.817e-9, -8.451e-7, -2.574e-9, -1.064e-6, -1.267e-8, -1.020e-6, -1.362e-8
0.625, -8.669e-7, 1.439e-8, -8.413e-7, 4.967e-10, -1.065e-6, -1.745e-8, -1.033e-6, -1.959e-8
0.626, -8.637e-7, 1.226e-8, -8.444e-7, 1.487e-12, -1.067e-6, -1.720e-8, -1.034e-6, -1.701e-8
0.627, -8.576e-7, 9.634e-9, -8.378e-7, 1.487e-12, -1.070e-6, -1.470e-8, -1.030e-6, -2.003e-8
0.628, -8.698e-7, 1.476e-8, -8.396e-7, -2.054e-9, -1.067e-6, -1.817e-8, -1.038e-6, -1.666e-8
0.629, -8.761e-7, 1.771e-8, -8.487e-7, 1.611e-9, -1.071e-6, -1.950e-8, -1.032e-6, -2.347e-8
0.630, -8.812e-7, 1.070e-8, -8.453e-7, 3.419e-9, -1.060e-6, -1.292e-8, -1.028e-6, -2.333e-8
0.631, -8.744e-7, 9.164e-9, -8.362e-7, 4.062e-9, -1.071e-6, -1.740e-8, -1.042e-6, -2.263e-8
0.632, -8.645e-7, 1.157e-8, -8.386e-7, 2.874e-9, -1.068e-6, -1.727e-8, -1.034e-6, -2.077e-8
0.633, -8.770e-7, 1.152e-8, -8.408e-7, 2.739e-10, -1.070e-6, -1.554e-8, -1.031e-6, -1.825e-8
0.634, -8.733e-7, 1.605e-8, -8.418e-7, -3.242e-9, -1.057e-6, -2.200e-8, -1.027e-6, -1.998e-8
0.635, -8.735e-7, 1.424e-8, -8.413e-7, 6.948e-10, -1.063e-6, -2.062e-8, -1.028e-6, -2.489e-8
0.636, -8.745e-7, 7.356e-9, -8.209e-7, 2.676e-9, -1.059e-6, -2.101e-8, -1.034e-6, -2.181e-8
0.637, -8.773e-7, 9.411e-9, -8.367e-7, 3.977e-10, -1.064e-6, -2.002e-8, -1.026e-6, -1.607e-8
0.638, -8.689e-7, 8.545e-9, -8.379e-7, 5.958e-10, -1.064e-6, -1.926e-8, -1.022e-6, -1.867e-8
0.639, -8.792e-7, 1.365e-8, -8.387e-7, -2.214e-10, -1.068e-6, -1.903e-8, -1.027e-6, -2.191e-8
0.640, -8.697e-7, 1.248e-8, -8.287e-7, -6.671e-10, -1.066e-6, -1.814e-8, -1.033e-6, -1.666e-8
0.641, -8.786e-7, 5.301e-9, -8.378e-7, -3.936e-9, -1.055e-6, -1.963e-8, -1.026e-6, -1.857e-8
0.642, -8.742e-7, 1.414e-8, -8.410e-7, 3.270e-9, -1.049e-6, -2.270e-8, -1.019e-6, -2.134e-8
0.643, -8.746e-7, 1.033e-8, -8.352e-7, -2.920e-9, -1.055e-6, -2.297e-8, -1.016e-6, -1.619e-8
0.644, -8.757e-7, 8.371e-9, -8.333e-7, 1.314e-9, -1.045e-6, -1.812e-8, -1.026e-6, -2.144e-8
0.645, -8.850e-7, 2.899e-9, -8.393e-7, 6.489e-9, -1.054e-6, -1.757e-8, -1.018e-6, -2.276e-8
0.646, -8.745e-7, 1.171e-8, -8.395e-7, 1.996e-10, -1.052e-6, -1.715e-8, -1.006e-6, -1.912e-8
0.647, -8.633e-7, 1.149e-8, -8.533e-7, 1.289e-9, -1.063e-6, -2.084e-8, -1.014e-6, -1.473e-8
0.648, -8.804e-7, 1.634e-8, -8.494e-7, 5.424e-9, -1.055e-6, -1.958e-8, -1.013e-6, -2.689e-8
0.649, -8.795e-7, 1.298e-8, -8.483e-7, 3.592e-9, -1.049e-6, -1.680e-8, -1.015e-6, -1.951e-8
0.650, -8.790e-7, 2.145e-8, -8.400e-7, 4.236e-9, -1.053e-6, -2.272e-8, -1.014e-6, -2.518e-8
0.651, -8.770e-7, 1.612e-8, -8.530e-7, 7.331e-9, -1.058e-6, -1.965e-8, -1.015e-6, -1.778e-8
0.652, -8.832e-7, 1.867e-8, -8.392e-7, 3.691e-9, -1.046e-6, -1.438e-8, -1.012e-6, -1.377e-8
0.653, -8.978e-7, 9.956e-9, -8.494e-7, 5.969e-9, -1.055e-6, -1.165e-8, -1.015e-6, -1.444e-8
0.654, -8.841e-7, 1.877e-8, -8.439e-7, 3.741e-9, -1.046e-6, -1.329e-8, -1.007e-6, -1.505e-8
0.655, -8.876e-7, 1.558e-8, -8.475e-7, 7.802e-9, -1.036e-6, -1.470e-8, -1.008e-6, -1.723e-8
0.656, -8.921e-7, 1.964e-8, -8.505e-7, 6.885e-9, -1.043e-6, -7.122e-9, -1.018e-6, -1.637e-8
0.657, -8.892e-7, 2.093e-8, -8.453e-7, 8.371e-9, -1.049e-6, -1.311e-8, -1.017e-6, -1.567e-8
0.658, -8.832e-7, 1.691e-8, -8.497e-7, 5.152e-9, -1.058e-6, -8.088e-9, -1.015e-6, -1.478e-8
0.659, -8.978e-7, 1.729e-8, -8.543e-7, 7.851e-9, -1.055e-6, -1.386e-8, -1.014e-6, -1.307e-8
0.660, -9.054e-7, 1.649e-8, -8.563e-7, 8.594e-9, -1.048e-6, -1.108e-8, -1.013e-6, -1.421e-8
0.661, -8.922e-7, 2.055e-8, -8.516e-7, 8.099e-9, -1.046e-6, -1.482e-8, -1.014e-6, -1.612e-8
0.662, -8.823e-7, 1.984e-8, -8.527e-7, 5.771e-9, -1.063e-6, -1.678e-8, -1.015e-6, -1.540e-8
0.663, -9.042e-7, 1.907e-8, -8.605e-7, 8.990e-9, -1.044e-6, -1.106e-8, -1.018e-6, -1.850e-8
0.664, -9.073e-7, 1.439e-8, -8.599e-7, 1.270e-8, -1.047e-6, -8.088e-9, -1.015e-6, -1.741e-8
0.665, -8.965e-7, 1.191e-8, -8.596e-7, 4.805e-9, -1.061e-6, -1.542e-8, -1.019e-6, -1.062e-8
0.666, -8.957e-7, 1.560e-8, -8.624e-7, 4.137e-9, -1.059e-6, -1.163e-8, -1.013e-6, -1.203e-8
0.667, -9.014e-7, 1.189e-8, -8.525e-7, 6.390e-9, -1.052e-6, -1.252e-8, -1.021e-6, -1.258e-8
0.668, -8.960e-7, 2.162e-8, -8.578e-7, 7.950e-9, -1.045e-6, -1.876e-8, -1.008e-6, -1.607e-8
0.669, -9.003e-7, 1.270e-8, -8.615e-7, 5.722e-9, -1.053e-6, -1.188e-8, -1.010e-6, -1.748e-8
0.670, -8.991e-7, 1.986e-8, -8.583e-7, 3.245e-9, -1.057e-6, -1.388e-8, -1.022e-6, -9.508e-9
0.671, -9.075e-7, 1.639e-8, -8.501e-7, 5.796e-9, -1.050e-6, -1.698e-8, -1.026e-6, -1.159e-8
0.672, -9.037e-7, 2.036e-8, -8.637e-7, 8.371e-9, -1.066e-6, -1.477e-8, -1.024e-6, -1.664e-8
0.673, -9.050e-7, 1.860e-8, -8.714e-7, 3.443e-9, -1.062e-6, -1.817e-8, -1.015e-6, -1.545e-8
0.674, -9.096e-7, 1.667e-8, -8.630e-7, 7.628e-9, -1.058e-6, -1.143e-8, -1.017e-6, -1.379e-8
0.675, -9.163e-7, 1.038e-8, -8.691e-7, 6.836e-9, -1.057e-6, -7.196e-9, -1.021e-6, -1.545e-8
0.676, -9.099e-7, 1.887e-8, -8.748e-7, -4.442e-10, -1.064e-6, -1.408e-8, -1.022e-6, -1.221e-8
0.677, -9.121e-7, 1.639e-8, -8.782e-7, 6.341e-9, -1.059e-6, -1.044e-8, -1.018e-6, -1.127e-8
0.678, -9.224e-7, 2.645e-8, -8.746e-7, 1.085e-8, -1.056e-6, -1.586e-8, -1.018e-6, -1.557e-8
0.679, -9.109e-7, 1.761e-8, -8.758e-7, 6.242e-9, -1.060e-6, -1.227e-8, -1.022e-6, -1.718e-8
0.680, -9.171e-7, 2.078e-8, -8.705e-7, 6.390e-9, -1.052e-6, -1.178e-8, -1.020e-6, -1.258e-8
0.681, -9.163e-7, 1.818e-8, -8.681e-7, 5.226e-9, -1.055e-6, -9.747e-9, -1.030e-6, -1.394e-8
0.682, -9.294e-7, 1.746e-8, -8.714e-7, 8.891e-9, -1.063e-6, -6.602e-9, -1.033e-6, -1.075e-8
0.683, -9.174e-7, 2.306e-8, -8.791e-7, 4.781e-9, -1.064e-6, -1.413e-8, -1.025e-6, -1.025e-8
0.684, -9.306e-7, 2.548e-8, -8.816e-7, 1.258e-8, -1.058e-6, -1.356e-8, -1.034e-6, -1.312e-8
0.685, -9.160e-7, 2.216e-8, -8.919e-7, 1.280e-8, -1.074e-6, -7.097e-9, -1.024e-6, -1.597e-8
0.686, -9.262e-7, 1.894e-8, -8.803e-7, 1.085e-8, -1.077e-6, -8.113e-9, -1.030e-6, -9.879e-9
0.687, -9.347e-7, 2.395e-8, -8.919e-7, 1.265e-8, -1.077e-6, -1.294e-8, -1.033e-6, -9.780e-9
0.688, -9.317e-7, 2.915e-8, -8.961e-7, 9.584e-9, -1.077e-6, -1.599e-8, -1.034e-6, -8.592e-9
0.689, -9.424e-7, 2.214e-8, -9.008e-7, 1.508e-8, -1.065e-6, -5.042e-9, -1.035e-6, -9.458e-9
0.690, -9.355e-7, 2.236e-8, -8.972e-7, 1.473e-8, -1.085e-6, -7.221e-9, -1.044e-6, -1.193e-8
0.691, -9.462e-7, 1.875e-8, -9.126e-7, 1.092e-8, -1.078e-6, -2.071e-9, -1.039e-6, -1.436e-9
0.692, -9.473e-7, 2.288e-8, -9.143e-7, 1.503e-8, -1.076e-6, -2.566e-9, -1.038e-6, -4.457e-9
0.693, -9.571e-7, 2.291e-8, -9.038e-7, 1.469e-8, -1.073e-6, 1.446e-9, -1.052e-6, -5.893e-9
0.694, -9.658e-7, 2.558e-8, -9.083e-7, 9.981e-9, -1.080e-6, -1.972e-9, -1.054e-6, -2.079e-9
0.695, -9.686e-7, 2.687e-8, -9.248e-7, 1.498e-8, -1.098e-6, -3.829e-9, -1.040e-6, -5.298e-9
0.696, -9.668e-7, 2.707e-8, -9.356e-7, 1.218e-8, -1.095e-6, -3.631e-9, -1.055e-6, -3.095e-9
0.697, -9.640e-7, 2.315e-8, -9.293e-7, 1.174e-8, -1.099e-6, 3.476e-9, -1.060e-6, -2.822e-9
0.698, -9.745e-7, 2.632e-8, -9.345e-7, 2.142e-8, -1.105e-6, 2.074e-10, -1.061e-6, 2.180e-9
0.699, -9.837e-7, 2.630e-8, -9.333e-7, 1.726e-8, -1.105e-6, -2.136e-10, -1.071e-6, 5.702e-10
0.700, -9.964e-7, 2.566e-8, -9.451e-7, 1.102e-8, -1.102e-6, -1.640e-10, -1.071e-6, -2.352e-9
0.701, -9.862e-7, 2.514e-8, -9.442e-7, 2.050e-8, -1.113e-6, -1.377e-9, -1.079e-6, -6.017e-9
0.702, -9.833e-7, 3.165e-8, -9.523e-7, 1.805e-8, -1.122e-6, -2.814e-9, -1.084e-6, -1.064e-9
0.703, -1.002e-6, 2.838e-8, -9.491e-7, 1.444e-8, -1.125e-6, 5.883e-11, -1.089e-6, -4.853e-9
0.704, -1.005e-6, 2.999e-8, -9.642e-7, 1.407e-8, -1.124e-6, -3.829e-9, -1.086e-6, 6.445e-10
0.705, -1.008e-6, 2.764e-8, -9.634e-7, 1.313e-8, -1.133e-6, -9.564e-10, -1.099e-6, -1.089e-9
0.706, -1.005e-6, 2.588e-8, -9.737e-7, 2.065e-8, -1.137e-6, 1.346e-9, -1.095e-6, -3.119e-9
0.707, -1.022e-6, 2.595e-8, -9.775e-7, 1.342e-8, -1.141e-6, 4.541e-9, -1.102e-6, 1.734e-9
0.708, -1.024e-6, 3.034e-8, -9.765e-7, 2.043e-8, -1.137e-6, -4.859e-10, -1.100e-6, -3.095e-9
0.709, -1.031e-6, 2.660e-8, -9.938e-7, 2.097e-8, -1.143e-6, 1.272e-9, -1.100e-6, -7.081e-9
0.710, -1.037e-6, 2.523e-8, -9.897e-7, 1.761e-8, -1.140e-6, -3.621e-10, -1.108e-6, 1.833e-9
0.711, -1.048e-6, 2.840e-8, -9.934e-7, 1.882e-8, -1.150e-6, -1.155e-9, -1.111e-6, -5.645e-9
0.712, -1.035e-6, 3.083e-8, -1.009e-6, 1.986e-8, -1.170e-6, 7.522e-10, -1.120e-6, -5.893e-9
0.713, -1.064e-6, 2.828e-8, -1.008e-6, 1.540e-8, -1.163e-6, 1.817e-9, -1.125e-6, -9.156e-10
0.714, -1.062e-6, 4.074e-8, -1.017e-6, 1.746e-8, -1.175e-6, -7.518e-9, -1.133e-6, 4.928e-9
0.715, -1.085e-6, 2.840e-8, -1.025e-6, 1.862e-8, -1.168e-6, 5.482e-9, -1.137e-6, 3.071e-9
0.716, -1.086e-6, 3.489e-8, -1.030e-6, 1.783e-8, -1.186e-6, 5.581e-9, -1.135e-6, 1.492e-10
0.717, -1.103e-6, 3.034e-8, -1.041e-6, 1.984e-8, -1.169e-6, 3.748e-9, -1.141e-6, 5.003e-9
0.718, -1.087e-6, 3.172e-8, -1.045e-6, 2.251e-8, -1.194e-6, 5.630e-9, -1.145e-6, 4.978e-9
0.719, -1.108e-6, 3.138e-8, -1.048e-6, 1.880e-8, -1.191e-6, 7.438e-9, -1.157e-6, 2.229e-9
0.720, -1.106e-6, 3.658e-8, -1.049e-6, 2.162e-8, -1.207e-6, 9.255e-10, -1.164e-6, 2.229e-9
0.721, -1.118e-6, 3.400e-8, -1.069e-6, 2.350e-8, -1.218e-6, 6.720e-9, -1.165e-6, 2.279e-9
0.722, -1.126e-6, 2.625e-8, -1.072e-6, 2.325e-8, -1.221e-6, 1.464e-8, -1.173e-6, 5.027e-9
0.723, -1.139e-6, 3.918e-8, -1.088e-6, 2.949e-8, -1.221e-6, 9.270e-9, -1.172e-6, 5.250e-9
0.724, -1.147e-6, 3.913e-8, -1.090e-6, 2.353e-8, -1.224e-6, 3.501e-9, -1.180e-6, 5.424e-9
0.725, -1.158e-6, 4.017e-8, -1.096e-6, 2.271e-8, -1.242e-6, 4.590e-9, -1.194e-6, 3.566e-9
0.726, -1.165e-6, 3.358e-8, -1.105e-6, 2.934e-8, -1.242e-6, 1.212e-8, -1.194e-6, 8.246e-9
0.727, -1.171e-6, 3.875e-8, -1.109e-6, 2.986e-8, -1.251e-6, 7.859e-9, -1.210e-6, 3.987e-9
0.728, -1.173e-6, 3.987e-8, -1.125e-6, 3.068e-8, -1.258e-6, 1.511e-8, -1.209e-6, 8.246e-9
0.729, -1.193e-6, 4.257e-8, -1.137e-6, 3.157e-8, -1.269e-6, 1.269e-8, -1.219e-6, 9.658e-9
0.730, -1.210e-6, 4.064e-8, -1.152e-6, 3.323e-8, -1.281e-6, 1.608e-8, -1.219e-6, 9.410e-9
0.731, -1.213e-6, 4.286e-8, -1.162e-6, 3.259e-8, -1.286e-6, 1.234e-8, -1.224e-6, 1.951e-8
0.732, -1.221e-6, 4.695e-8, -1.167e-6, 2.687e-8, -1.307e-6, 1.615e-8, -1.236e-6, 1.582e-8
0.733, -1.240e-6, 4.400e-8, -1.169e-6, 4.101e-8, -1.305e-6, 2.106e-8, -1.259e-6, 1.018e-8
0.734, -1.263e-6, 4.859e-8, -1.189e-6, 3.432e-8, -1.305e-6, 1.826e-8, -1.263e-6, 1.899e-8
0.735, -1.272e-6, 5.037e-8, -1.203e-6, 4.356e-8, -1.326e-6, 1.638e-8, -1.276e-6, 1.119e-8
0.736, -1.279e-6, 4.893e-8, -1.213e-6, 4.311e-8, -1.334e-6, 2.598e-8, -1.282e-6, 1.659e-8
0.737, -1.298e-6, 5.208e-8, -1.222e-6, 3.521e-8, -1.344e-6, 2.316e-8, -1.283e-6, 2.152e-8
0.738, -1.302e-6, 5.391e-8, -1.241e-6, 3.905e-8, -1.362e-6, 2.413e-8, -1.297e-6, 1.899e-8
0.739, -1.326e-6, 4.995e-8, -1.257e-6, 3.452e-8, -1.355e-6, 2.806e-8, -1.302e-6, 2.521e-8
0.740, -1.336e-6, 5.163e-8, -1.270e-6, 4.269e-8, -1.370e-6, 2.896e-8, -1.303e-6, 1.949e-8
0.741, -1.357e-6, 5.403e-8, -1.287e-6, 4.262e-8, -1.375e-6, 2.950e-8, -1.317e-6, 2.402e-8
0.742, -1.359e-6, 6.297e-8, -1.293e-6, 4.088e-8, -1.405e-6, 2.252e-8, -1.332e-6, 2.578e-8
0.743, -1.375e-6, 6.057e-8, -1.309e-6, 4.546e-8, -1.408e-6, 2.574e-8, -1.341e-6, 2.083e-8
0.744, -1.392e-6, 5.851e-8, -1.315e-6, 4.542e-8, -1.412e-6, 2.764e-8, -1.355e-6, 2.521e-8
0.745, -1.416e-6, 5.921e-8, -1.335e-6, 5.131e-8, -1.435e-6, 2.962e-8, -1.366e-6, 2.372e-8
0.746, -1.432e-6, 6.198e-8, -1.363e-6, 4.712e-8, -1.445e-6, 2.980e-8, -1.363e-6, 2.667e-8
0.747, -1.454e-6, 6.240e-8, -1.357e-6, 5.396e-8, -1.448e-6, 2.953e-8, -1.395e-6, 2.655e-8
0.748, -1.462e-6, 6.805e-8, -1.380e-6, 5.255e-8, -1.470e-6, 3.170e-8, -1.399e-6, 2.677e-8
0.749, -1.472e-6, 6.797e-8, -1.395e-6, 5.354e-8, -1.482e-6, 3.326e-8, -1.408e-6, 3.100e-8
0.750, -1.497e-6, 6.738e-8, -1.411e-6, 5.616e-8, -1.492e-6, 3.752e-8, -1.421e-6, 2.845e-8
0.751, -1.511e-6, 6.916e-8, -1.427e-6, 6.012e-8, -1.497e-6, 3.487e-8, -1.436e-6, 3.103e-8
0.752, -1.529e-6, 6.835e-8, -1.440e-6, 5.589e-8, -1.511e-6, 3.725e-8, -1.449e-6, 3.165e-8
0.753, -1.552e-6, 7.263e-8, -1.455e-6, 6.213e-8, -1.525e-6, 3.426e-8, -1.460e-6, 3.422e-8
0.754, -1.560e-6, 7.639e-8, -1.470e-6, 5.497e-8, -1.545e-6, 3.730e-8, -1.465e-6, 3.328e-8
0.755, -1.583e-6, 7.216e-8, -1.480e-6, 6.547e-8, -1.560e-6, 4.364e-8, -1.490e-6, 3.734e-8
0.756, -1.594e-6, 7.748e-8, -1.512e-6, 6.886e-8, -1.583e-6, 4.191e-8, -1.493e-6, 3.358e-8
0.757, -1.623e-6, 7.518e-8, -1.529e-6, 6.859e-8, -1.590e-6, 4.708e-8, -1.512e-6, 3.576e-8
0.758, -1.639e-6, 7.845e-8, -1.545e-6, 6.562e-8, -1.605e-6, 4.644e-8, -1.513e-6, 4.408e-8
0.759, -1.668e-6, 7.919e-8, -1.566e-6, 7.045e-8, -1.626e-6, 5.107e-8, -1.541e-6, 4.106e-8
0.760, -1.687e-6, 8.204e-8, -1.582e-6, 7.080e-8, -1.624e-6, 5.270e-8, -1.546e-6, 4.566e-8
0.761, -1.699e-6, 8.216e-8, -1.596e-6, 6.968e-8, -1.657e-6, 5.062e-8, -1.555e-6, 4.430e-8
0.762, -1.721e-6, 9.271e-8, -1.620e-6, 7.030e-8, -1.654e-6, 4.609e-8, -1.573e-6, 4.742e-8
0.763, -1.744e-6, 8.971e-8, -1.623e-6, 7.676e-8, -1.674e-6, 5.887e-8, -1.593e-6, 4.816e-8
0.764, -1.772e-6, 9.620e-8, -1.649e-6, 7.741e-8, -1.697e-6, 5.402e-8, -1.607e-6, 4.910e-8
0.765, -1.787e-6, 9.912e-8, -1.669e-6, 7.892e-8, -1.708e-6, 5.924e-8, -1.624e-6, 5.054e-8
0.766, -1.818e-6, 1.008e-7, -1.693e-6, 8.006e-8, -1.722e-6, 5.686e-8, -1.636e-6, 5.658e-8
0.767, -1.826e-6, 1.033e-7, -1.700e-6, 8.793e-8, -1.742e-6, 6.127e-8, -1.653e-6, 6.047e-8
0.768, -1.860e-6, 1.048e-7, -1.739e-6, 9.113e-8, -1.761e-6, 6.186e-8, -1.657e-6, 6.017e-8
0.769, -1.879e-6, 1.082e-7, -1.750e-6, 9.306e-8, -1.769e-6, 6.340e-8, -1.684e-6, 5.861e-8
0.770, -1.912e-6, 1.100e-7, -1.785e-6, 9.095e-8, -1.792e-6, 6.612e-8, -1.691e-6, 6.602e-8
0.771, -1.940e-6, 1.107e-7, -1.803e-6, 9.397e-8, -1.808e-6, 7.016e-8, -1.707e-6, 6.844e-8
0.772, -1.954e-6, 1.156e-7, -1.822e-6, 1.042e-7, -1.829e-6, 7.665e-8, -1.729e-6, 6.817e-8
0.773, -1.974e-6, 1.241e-7, -1.852e-6, 1.057e-7, -1.848e-6, 7.588e-8, -1.738e-6, 7.404e-8
0.774, -2.013e-6, 1.239e-7, -1.866e-6, 1.076e-7, -1.870e-6, 7.875e-8, -1.767e-6, 7.466e-8
0.775, -2.035e-6, 1.270e-7, -1.901e-6, 1.114e-7, -1.892e-6, 8.697e-8, -1.774e-6, 7.367e-8
0.776, -2.059e-6, 1.301e-7, -1.918e-6, 1.144e-7, -1.914e-6, 9.121e-8, -1.797e-6, 8.481e-8
0.777, -2.087e-6, 1.354e-7, -1.944e-6, 1.180e-7, -1.921e-6, 9.433e-8, -1.805e-6, 8.533e-8
0.778, -2.108e-6, 1.381e-7, -1.962e-6, 1.175e-7, -1.960e-6, 9.151e-8, -1.827e-6, 8.501e-8
0.779, -2.132e-6, 1.354e-7, -1.993e-6, 1.230e-7, -1.979e-6, 1.025e-7, -1.852e-6, 9.048e-8
0.780, -2.170e-6, 1.376e-7, -2.009e-6, 1.262e-7, -1.994e-6, 1.044e-7, -1.865e-6, 9.009e-8
0.781, -2.192e-6, 1.501e-7, -2.041e-6, 1.297e-7, -2.008e-6, 1.000e-7, -1.885e-6, 8.989e-8
0.782, -2.237e-6, 1.546e-7, -2.065e-6, 1.295e-7, -2.037e-6, 1.037e-7, -1.908e-6, 1.011e-7
0.783, -2.249e-6, 1.602e-7, -2.099e-6, 1.350e-7, -2.057e-6, 1.065e-7, -1.916e-6, 1.021e-7
0.784, -2.276e-6, 1.604e-7, -2.123e-6, 1.385e-7, -2.077e-6, 1.127e-7, -1.943e-6, 1.026e-7
0.785, -2.316e-6, 1.656e-7, -2.149e-6, 1.450e-7, -2.101e-6, 1.140e-7, -1.961e-6, 1.095e-7
0.786, -2.336e-6, 1.659e-7, -2.157e-6, 1.456e-7, -2.130e-6, 1.201e-7, -1.989e-6, 1.111e-7
0.787, -2.373e-6, 1.711e-7, -2.197e-6, 1.579e-7, -2.143e-6, 1.250e-7, -2.014e-6, 1.094e-7
0.788, -2.397e-6, 1.825e-7, -2.222e-6, 1.524e-7, -2.172e-6, 1.227e-7, -2.021e-6, 1.148e-7
0.789, -2.433e-6, 1.817e-7, -2.249e-6, 1.611e-7, -2.186e-6, 1.310e-7, -2.050e-6, 1.139e-7
0.790, -2.459e-6, 1.814e-7, -2.283e-6, 1.616e-7, -2.211e-6, 1.366e-7, -2.054e-6, 1.179e-7
0.791, -2.499e-6, 1.927e-7, -2.316e-6, 1.711e-7, -2.224e-6, 1.352e-7, -2.075e-6, 1.240e-7
0.792, -2.524e-6, 1.937e-7, -2.350e-6, 1.717e-7, -2.257e-6, 1.382e-7, -2.104e-6, 1.339e-7
0.793, -2.565e-6, 2.031e-7, -2.371e-6, 1.792e-7, -2.281e-6, 1.444e-7, -2.118e-6, 1.317e-7
0.794, -2.591e-6, 2.069e-7, -2.397e-6, 1.842e-7, -2.309e-6, 1.418e-7, -2.149e-6, 1.343e-7
0.795, -2.619e-6, 2.103e-7, -2.417e-6, 1.929e-7, -2.335e-6, 1.503e-7, -2.170e-6, 1.343e-7
0.796, -2.636e-6, 2.167e-7, -2.457e-6, 1.923e-7, -2.358e-6, 1.594e-7, -2.181e-6, 1.405e-7
0.797, -2.686e-6, 2.235e-7, -2.499e-6, 2.030e-7, -2.372e-6, 1.604e-7, -2.202e-6, 1.410e-7
0.798, -2.710e-6, 2.311e-7, -2.507e-6, 2.050e-7, -2.405e-6, 1.663e-7, -2.229e-6, 1.516e-7
0.799, -2.756e-6, 2.382e-7, -2.548e-6, 2.123e-7, -2.421e-6, 1.699e-7, -2.245e-6, 1.556e-7
0.800, -2.778e-6, 2.403e-7, -2.580e-6, 2.130e-7, -2.455e-6, 1.765e-7, -2.266e-6, 1.618e-7
0.801, -2.821e-6, 2.413e-7, -2.609e-6, 2.178e-7, -2.478e-6, 1.854e-7, -2.293e-6, 1.678e-7
0.802, -2.844e-6, 2.613e-7, -2.644e-6, 2.212e-7, -2.498e-6, 1.879e-7, -2.317e-6, 1.737e-7
0.803, -2.883e-6, 2.544e-7, -2.657e-6, 2.366e-7, -2.534e-6, 1.956e-7, -2.348e-6, 1.725e-7
0.804, -2.907e-6, 2.714e-7, -2.696e-6, 2.391e-7, -2.564e-6, 2.002e-7, -2.365e-6, 1.760e-7
0.805, -2.958e-6, 2.793e-7, -2.736e-6, 2.471e-7, -2.587e-6, 2.025e-7, -2.383e-6, 1.889e-7
0.806, -2.982e-6, 2.787e-7, -2.757e-6, 2.489e-7, -2.624e-6, 2.085e-7, -2.413e-6, 1.937e-7
0.807, -3.023e-6, 2.930e-7, -2.798e-6, 2.604e-7, -2.641e-6, 2.190e-7, -2.432e-6, 1.923e-7
0.808, -3.060e-6, 3.026e-7, -2.824e-6, 2.651e-7, -2.666e-6, 2.187e-7, -2.466e-6, 2.025e-7
0.809, -3.091e-6, 3.026e-7, -2.865e-6, 2.792e-7, -2.694e-6, 2.295e-7, -2.478e-6, 2.042e-7
0.810, -3.123e-6, 3.162e-7, -2.889e-6, 2.794e-7, -2.718e-6, 2.313e-7, -2.515e-6, 2.195e-7
0.811, -3.163e-6, 3.176e-7, -2.926e-6, 2.892e-7, -2.753e-6, 2.423e-7, -2.537e-6, 2.194e-7
0.812, -3.203e-6, 3.298e-7, -2.971e-6, 2.962e-7, -2.764e-6, 2.426e-7, -2.535e-6, 2.214e-7
0.813, -3.230e-6, 3.390e-7, -3.001e-6, 3.022e-7, -2.805e-6, 2.506e-7, -2.581e-6, 2.293e-7
0.814, -3.268e-6, 3.452e-7, -3.028e-6, 3.107e-7, -2.844e-6, 2.602e-7, -2.606e-6, 2.345e-7
0.815, -3.306e-6, 3.517e-7, -3.066e-6, 3.197e-7, -2.867e-6, 2.673e-7, -2.629e-6, 2.411e-7
0.816, -3.346e-6, 3.614e-7, -3.100e-6, 3.271e-7, -2.891e-6, 2.693e-7, -2.652e-6, 2.467e-7
0.817, -3.379e-6, 3.653e-7, -3.121e-6, 3.351e-7, -2.919e-6, 2.808e-7, -2.683e-6, 2.488e-7
0.818, -3.412e-6, 3.751e-7, -3.164e-6, 3.453e-7, -2.949e-6, 2.875e-7, -2.699e-6, 2.511e-7
0.819, -3.449e-6, 3.875e-7, -3.192e-6, 3.479e-7, -2.976e-6, 2.927e-7, -2.728e-6, 2.636e-7
0.820, -3.492e-6, 3.969e-7, -3.219e-6, 3.538e-7, -2.999e-6, 2.965e-7, -2.755e-6, 2.728e-7
0.821, -3.528e-6, 4.088e-7, -3.261e-6, 3.707e-7, -3.040e-6, 3.062e-7, -2.779e-6, 2.728e-7
0.822, -3.561e-6, 4.118e-7, -3.298e-6, 3.757e-7, -3.059e-6, 3.127e-7, -2.800e-6, 2.826e-7
0.823, -3.600e-6, 4.242e-7, -3.335e-6, 3.880e-7, -3.090e-6, 3.199e-7, -2.828e-6, 2.849e-7
0.824, -3.634e-6, 4.302e-7, -3.356e-6, 3.919e-7, -3.111e-6, 3.242e-7, -2.862e-6, 2.918e-7
0.825, -3.663e-6, 4.454e-7, -3.406e-6, 4.009e-7, -3.140e-6, 3.294e-7, -2.876e-6, 3.009e-7
0.826, -3.696e-6, 4.475e-7, -3.427e-6, 4.149e-7, -3.173e-6, 3.458e-7, -2.911e-6, 3.065e-7
0.827, -3.736e-6, 4.598e-7, -3.451e-6, 4.181e-7, -3.209e-6, 3.477e-7, -2.934e-6, 3.110e-7
0.828, -3.768e-6, 4.661e-7, -3.497e-6, 4.291e-7, -3.239e-6, 3.589e-7, -2.960e-6, 3.222e-7
0.829, -3.802e-6, 4.810e-7, -3.530e-6, 4.372e-7, -3.261e-6, 3.620e-7, -2.978e-6, 3.273e-7
0.830, -3.840e-6, 4.874e-7, -3.570e-6, 4.502e-7, -3.281e-6, 3.736e-7, -2.997e-6, 3.320e-7
0.831, -3.876e-6, 4.956e-7, -3.604e-6, 4.543e-7, -3.315e-6, 3.813e-7, -3.029e-6, 3.436e-7
0.832, -3.905e-6, 5.094e-7, -3.635e-6, 4.637e-7, -3.353e-6, 3.846e-7, -3.053e-6, 3.480e-7
0.833, -3.942e-6, 5.208e-7, -3.648e-6, 4.761e-7, -3.382e-6, 3.911e-7, -3.080e-6, 3.531e-7
0.834, -3.975e-6, 5.230e-7, -3.687e-6, 4.846e-7, -3.407e-6, 4.112e-7, -3.107e-6, 3.609e-7
0.835, -4.011e-6, 5.460e-7, -3.725e-6, 4.955e-7, -3.438e-6, 4.096e-7, -3.139e-6, 3.720e-7
0.836, -4.054e-6, 5.476e-7, -3.766e-6, 5.028e-7, -3.458e-6, 4.191e-7, -3.157e-6, 3.754e-7
0.837, -4.064e-6, 5.559e-7, -3.781e-6, 5.179e-7, -3.500e-6, 4.344e-7, -3.191e-6, 3.763e-7
0.838, -4.117e-6, 5.687e-7, -3.831e-6, 5.298e-7, -3.517e-6, 4.332e-7, -3.200e-6, 3.860e-7
0.839, -4.146e-6, 5.826e-7, -3.858e-6, 5.356e-7, -3.539e-6, 4.378e-7, -3.229e-6, 3.928e-7
0.840, -4.174e-6, 5.895e-7, -3.898e-6, 5.427e-7, -3.585e-6, 4.530e-7, -3.245e-6, 4.075e-7
0.841, -4.216e-6, 5.961e-7, -3.934e-6, 5.548e-7, -3.605e-6, 4.635e-7, -3.282e-6, 4.077e-7
0.842, -4.240e-6, 6.076e-7, -3.953e-6, 5.661e-7, -3.641e-6, 4.745e-7, -3.310e-6, 4.157e-7
0.843, -4.267e-6, 6.212e-7, -3.983e-6, 5.704e-7, -3.670e-6, 4.849e-7, -3.328e-6, 4.314e-7
0.844, -4.309e-6, 6.311e-7, -4.019e-6, 5.891e-7, -3.695e-6, 4.910e-7, -3.350e-6, 4.307e-7
0.845, -4.336e-6, 6.390e-7, -4.049e-6, 5.941e-7, -3.724e-6, 4.960e-7, -3.379e-6, 4.409e-7
0.846, -4.372e-6, 6.540e-7, -4.093e-6, 6.044e-7, -3.758e-6, 5.051e-7, -3.408e-6, 4.470e-7
0.847, -4.400e-6, 6.546e-7, -4.130e-6, 6.150e-7, -3.780e-6, 5.206e-7, -3.426e-6, 4.548e-7
0.848, -4.434e-6, 6.767e-7, -4.159e-6, 6.268e-7, -3.806e-6, 5.243e-7, -3.440e-6, 4.621e-7
0.849, -4.456e-6, 6.806e-7, -4.189e-6, 6.344e-7, -3.838e-6, 5.381e-7, -3.476e-6, 4.719e-7
0.850, -4.490e-6, 6.872e-7, -4.219e-6, 6.460e-7, -3.878e-6, 5.448e-7, -3.508e-6, 4.798e-7
0.851, -4.530e-6, 7.027e-7, -4.251e-6, 6.580e-7, -3.891e-6, 5.524e-7, -3.530e-6, 4.854e-7
0.852, -4.546e-6, 7.122e-7, -4.278e-6, 6.703e-7, -3.930e-6, 5.636e-7, -3.553e-6, 4.939e-7
0.853, -4.578e-6, 7.201e-7, -4.315e-6, 6.817e-7, -3.955e-6, 5.733e-7, -3.589e-6, 5.011e-7
0.854, -4.611e-6, 7.331e-7, -4.346e-6, 6.881e-7, -3.982e-6, 5.797e-7, -3.611e-6, 5.083e-7
0.855, -4.634e-6, 7.418e-7, -4.378e-6, 6.966e-7, -4.027e-6, 5.896e-7, -3.635e-6, 5.236e-7
0.856, -4.675e-6, 7.446e-7, -4.410e-6, 7.086e-7, -4.043e-6, 6.016e-7, -3.657e-6, 5.256e-7
0.857, -4.693e-6, 7.600e-7, -4.438e-6, 7.188e-7, -4.075e-6, 6.084e-7, -3.690e-6, 5.377e-7
0.858, -4.707e-6, 7.654e-7, -4.488e-6, 7.325e-7, -4.118e-6, 6.194e-7, -3.710e-6, 5.370e-7
0.859, -4.745e-6, 7.781e-7, -4.515e-6, 7.364e-7, -4.129e-6, 6.249e-7, -3.732e-6, 5.506e-7
0.860, -4.768e-6, 7.820e-7, -4.546e-6, 7.504e-7, -4.172e-6, 6.344e-7, -3.759e-6, 5.545e-7
0.861, -4.799e-6, 7.955e-7, -4.580e-6, 7.558e-7, -4.197e-6, 6.426e-7, -3.782e-6, 5.630e-7
0.862, -4.822e-6, 8.001e-7, -4.607e-6, 7.690e-7, -4.234e-6, 6.507e-7, -3.814e-6, 5.662e-7
0.863, -4.850e-6, 8.128e-7, -4.634e-6, 7.769e-7, -4.263e-6, 6.613e-7, -3.841e-6, 5.746e-7
0.864, -4.877e-6, 8.139e-7, -4.678e-6, 7.885e-7, -4.292e-6, 6.701e-7, -3.863e-6, 5.858e-7
0.865, -4.903e-6, 8.188e-7, -4.719e-6, 7.940e-7, -4.325e-6, 6.832e-7, -3.879e-6, 5.896e-7
0.866, -4.923e-6, 8.416e-7, -4.739e-6, 8.035e-7, -4.349e-6, 6.844e-7, -3.916e-6, 6.004e-7
0.867, -4.949e-6, 8.363e-7, -4.763e-6, 8.124e-7, -4.384e-6, 6.936e-7, -3.949e-6, 6.031e-7
0.868, -4.972e-6, 8.459e-7, -4.803e-6, 8.265e-7, -4.411e-6, 7.024e-7, -3.962e-6, 6.104e-7
0.869, -4.979e-6, 8.546e-7, -4.825e-6, 8.305e-7, -4.451e-6, 7.070e-7, -4.004e-6, 6.197e-7
0.870, -5.005e-6, 8.566e-7, -4.856e-6, 8.388e-7, -4.479e-6, 7.204e-7, -4.025e-6, 6.245e-7
0.871, -5.034e-6, 8.634e-7, -4.898e-6, 8.484e-7, -4.506e-6, 7.260e-7, -4.042e-6, 6.263e-7
0.872, -5.053e-6, 8.681e-7, -4.925e-6, 8.577e-7, -4.540e-6, 7.426e-7, -4.082e-6, 6.416e-7
0.873, -5.083e-6, 8.838e-7, -4.965e-6, 8.664e-7, -4.565e-6, 7.339e-7, -4.098e-6, 6.431e-7
0.874, -5.094e-6, 8.828e-7, -4.986e-6, 8.721e-7, -4.594e-6, 7.547e-7, -4.129e-6, 6.475e-7
0.875, -5.103e-6, 8.827e-7, -5.013e-6, 8.850e-7, -4.635e-6, 7.550e-7, -4.164e-6, 6.571e-7
0.876, -5.128e-6, 8.920e-7, -5.050e-6, 8.848e-7, -4.669e-6, 7.666e-7, -4.185e-6, 6.653e-7
0.877, -5.129e-6, 8.956e-7, -5.079e-6, 9.003e-7, -4.701e-6, 7.729e-7, -4.211e-6, 6.610e-7
0.878, -5.160e-6, 8.992e-7, -5.113e-6, 9.070e-7, -4.733e-6, 7.859e-7, -4.243e-6, 6.774e-7
0.879, -5.172e-6, 9.049e-7, -5.152e-6, 9.081e-7, -4.775e-6, 7.916e-7, -4.267e-6, 6.843e-7
0.880, -5.193e-6, 9.098e-7, -5.172e-6, 9.212e-7, -4.792e-6, 7.957e-7, -4.302e-6, 6.822e-7
0.881, -5.219e-6, 9.120e-7, -5.214e-6, 9.293e-7, -4.821e-6, 8.052e-7, -4.309e-6, 6.945e-7
0.882, -5.221e-6, 9.175e-7, -5.230e-6, 9.326e-7, -4.854e-6, 8.135e-7, -4.355e-6, 7.041e-7
0.883, -5.230e-6, 9.163e-7, -5.263e-6, 9.397e-7, -4.893e-6, 8.214e-7, -4.368e-6, 7.085e-7
0.884, -5.241e-6, 9.219e-7, -5.284e-6, 9.460e-7, -4.926e-6, 8.304e-7, -4.409e-6, 7.116e-7
0.885, -5.262e-6, 9.277e-7, -5.325e-6, 9.553e-7, -4.957e-6, 8.314e-7, -4.440e-6, 7.239e-7
0.886, -5.263e-6, 9.293e-7, -5.361e-6, 9.622e-7, -5.000e-6, 8.410e-7, -4.465e-6, 7.243e-7
0.887, -5.285e-6, 9.246e-7, -5.385e-6, 9.654e-7, -5.027e-6, 8.491e-7, -4.488e-6, 7.357e-7
0.888, -5.295e-6, 9.349e-7, -5.417e-6, 9.761e-7, -5.054e-6, 8.573e-7, -4.516e-6, 7.399e-7
0.889, -5.300e-6, 9.388e-7, -5.443e-6, 9.864e-7, -5.079e-6, 8.645e-7, -4.537e-6, 7.463e-7
0.890, -5.302e-6, 9.342e-7, -5.453e-6, 9.912e-7, -5.111e-6, 8.779e-7, -4.581e-6, 7.514e-7
0.891, -5.300e-6, 9.343e-7, -5.498e-6, 1.000e-6, -5.163e-6, 8.914e-7, -4.592e-6, 7.599e-7
0.892, -5.302e-6, 9.456e-7, -5.532e-6, 1.000e-6, -5.195e-6, 8.882e-7, -4.623e-6, 7.704e-7
0.893, -5.306e-6, 9.449e-7, -5.548e-6, 1.011e-6, -5.224e-6, 8.997e-7, -4.644e-6, 7.720e-7
0.894, -5.308e-6, 9.512e-7, -5.563e-6, 1.021e-6, -5.264e-6, 9.053e-7, -4.676e-6, 7.770e-7
0.895, -5.305e-6, 9.491e-7, -5.591e-6, 1.025e-6, -5.297e-6, 9.153e-7, -4.708e-6, 7.884e-7
0.896, -5.315e-6, 9.501e-7, -5.618e-6, 1.030e-6, -5.315e-6, 9.221e-7, -4.724e-6, 7.956e-7
0.897, -5.307e-6, 9.495e-7, -5.630e-6, 1.043e-6, -5.346e-6, 9.338e-7, -4.761e-6, 8.018e-7
0.898, -5.297e-6, 9.539e-7, -5.662e-6, 1.040e-6, -5.391e-6, 9.430e-7, -4.775e-6, 8.107e-7
0.899, -5.298e-6, 9.506e-7, -5.680e-6, 1.051e-6, -5.416e-6, 9.536e-7, -4.813e-6, 8.139e-7
0.900, -5.295e-6, 9.551e-7, -5.701e-6, 1.061e-6, -5.443e-6, 9.607e-7, -4.824e-6, 8.248e-7
