0.896, 1.106e-5, -5.467e-6, -1.653e-5, 1.424e-5, -6.616e-6, -2.086e-5, 1.018e-5, -5.098e-6, -1.528e-5, 1.302e-5, -6.188e-6, -1.921e-5, 9.052e-6, -4.886e-6, -1.394e-5, 1.180e-5, -6.115e-6, -1.791e-5, 8.490e-6, -4.667e-6, -1.316e-5, 1.070e-5, -5.725e-6, -1.643e-5
0.892, 9.768e-6, -3.604e-6, -1.337e-5, 1.266e-5, -4.245e-6, -1.690e-5, 8.967e-6, -3.345e-6, -1.231e-5, 1.153e-5, -3.981e-6, -1.551e-5, 8.036e-6, -3.157e-6, -1.119e-5, 1.055e-5, -3.880e-6, -1.443e-5, 7.527e-6, -3.020e-6, -1.055e-5, 9.523e-6, -3.665e-6, -1.319e-5
0.888, 8.634e-6, -2.550e-6, -1.118e-5, 1.121e-5, -2.950e-6, -1.416e-5, 7.902e-6, -2.364e-6, -1.027e-5, 1.018e-5, -2.776e-6, -1.296e-5, 7.108e-6, -2.233e-6, -9.342e-6, 9.372e-6, -2.717e-6, -1.209e-5, 6.648e-6, -2.150e-6, -8.798e-6, 8.431e-6, -2.597e-6, -1.103e-5
0.884, 7.734e-6, -1.801e-6, -9.535e-6, 1.005e-5, -2.040e-6, -1.209e-5, 7.059e-6, -1.672e-6, -8.731e-6, 9.102e-6, -1.934e-6, -1.104e-5, 6.366e-6, -1.595e-6, -7.961e-6, 8.419e-6, -1.917e-6, -1.034e-5, 5.947e-6, -1.552e-6, -7.499e-6, 7.555e-6, -1.867e-6, -9.422e-6
0.880, 7.015e-6, -1.221e-6, -8.236e-6, 9.107e-6, -1.342e-6, -1.045e-5, 6.384e-6, -1.140e-6, -7.524e-6, 8.231e-6, -1.292e-6, -9.523e-6, 5.769e-6, -1.107e-6, -6.876e-6, 7.643e-6, -1.313e-6, -8.955e-6, 5.384e-6, -1.096e-6, -6.481e-6, 6.845e-6, -1.315e-6, -8.160e-6
0.876, 6.432e-6, -7.518e-7, -7.184e-6, 8.339e-6, -7.795e-7, -9.119e-6, 5.838e-6, -7.116e-7, -6.549e-6, 7.519e-6, -7.773e-7, -8.296e-6, 5.283e-6, -7.176e-7, -6.001e-6, 7.005e-6, -8.296e-7, -7.835e-6, 4.924e-6, -7.329e-7, -5.657e-6, 6.263e-6, -8.754e-7, -7.138e-6
0.872, 5.950e-6, -3.589e-7, -6.309e-6, 7.697e-6, -3.118e-7, -8.009e-6, 5.384e-6, -3.551e-7, -5.739e-6, 6.924e-6, -3.509e-7, -7.275e-6, 4.876e-6, -3.955e-7, -5.272e-6, 6.468e-6, -4.308e-7, -6.899e-6, 4.541e-6, -4.316e-7, -4.973e-6, 5.775e-6, -5.123e-7, -6.288e-6
0.868, 5.549e-6, -2.195e-8, -5.571e-6, 7.161e-6, 8.821e-8, -7.073e-6, 5.008e-6, -5.075e-8, -5.059e-6, 6.428e-6, 1.227e-8, -6.416e-6, 4.538e-6, -1.214e-7, -4.660e-6, 6.017e-6, -9.297e-8, -6.110e-6, 4.220e-6, -1.766e-7, -4.397e-6, 5.363e-6, -2.055e-7, -5.569e-6
0.864, 5.213e-6, 2.735e-7, -4.940e-6, 6.707e-6, 4.364e-7, -6.271e-6, 4.694e-6, 2.159e-7, -4.478e-6, 6.008e-6, 3.279e-7, -5.681e-6, 4.254e-6, 1.181e-7, -4.136e-6, 5.632e-6, 2.005e-7, -5.431e-6, 3.950e-6, 4.604e-8, -3.904e-6, 5.015e-6, 6.181e-8, -4.953e-6
0.860, 4.929e-6, 5.363e-7, -4.392e-6, 6.317e-6, 7.427e-7, -5.574e-6, 4.429e-6, 4.522e-7, -3.976e-6, 5.651e-6, 6.064e-7, -5.045e-6, 4.013e-6, 3.294e-7, -3.684e-6, 5.303e-6, 4.585e-7, -4.844e-6, 3.722e-6, 2.429e-7, -3.479e-6, 4.717e-6, 2.972e-7, -4.420e-6
0.856, 4.684e-6, 7.717e-7, -3.913e-6, 5.979e-6, 1.015e-6, -4.964e-6, 4.203e-6, 6.646e-7, -3.539e-6, 5.342e-6, 8.537e-7, -4.488e-6, 3.809e-6, 5.192e-7, -3.290e-6, 5.018e-6, 6.890e-7, -4.329e-6, 3.527e-6, 4.192e-7, -3.108e-6, 4.459e-6, 5.077e-7, -3.951e-6
0.852, 4.470e-6, 9.802e-7, -3.489e-6, 5.675e-6, 1.253e-6, -4.422e-6, 4.008e-6, 8.543e-7, -3.153e-6, 5.068e-6, 1.072e-6, -3.997e-6, 3.630e-6, 6.883e-7, -2.941e-6, 4.765e-6, 8.928e-7, -3.873e-6, 3.358e-6, 5.769e-7, -2.781e-6, 4.233e-6, 6.945e-7, -3.539e-6
0.848, 4.278e-6, 1.167e-6, -3.111e-6, 5.401e-6, 1.463e-6, -3.937e-6, 3.835e-6, 1.025e-6, -2.809e-6, 4.824e-6, 1.266e-6, -3.558e-6, 3.475e-6, 8.433e-7, -2.632e-6, 4.542e-6, 1.076e-6, -3.466e-6, 3.210e-6, 7.208e-7, -2.489e-6, 4.033e-6, 8.634e-7, -3.170e-6
0.844, 4.106e-6, 1.333e-6, -2.774e-6, 5.151e-6, 1.647e-6, -3.504e-6, 3.682e-6, 1.179e-6, -2.503e-6, 4.605e-6, 1.438e-6, -3.167e-6, 3.340e-6, 9.835e-7, -2.357e-6, 4.342e-6, 1.239e-6, -3.103e-6, 3.083e-6, 8.526e-7, -2.230e-6, 3.855e-6, 1.015e-6, -2.840e-6
0.840, 3.943e-6, 1.477e-6, -2.466e-6, 4.912e-6, 1.802e-6, -3.110e-6, 3.539e-6, 1.314e-6, -2.225e-6, 4.396e-6, 1.585e-6, -2.811e-6, 3.214e-6, 1.107e-6, -2.107e-6, 4.152e-6, 1.380e-6, -2.771e-6, 2.967e-6, 9.701e-7, -1.997e-6, 3.690e-6, 1.149e-6, -2.541e-6
0.836, 3.786e-6, 1.601e-6, -2.185e-6, 4.679e-6, 1.931e-6, -2.749e-6, 3.404e-6, 1.432e-6, -1.973e-6, 4.196e-6, 1.710e-6, -2.486e-6, 3.098e-6, 1.218e-6, -1.881e-6, 3.970e-6, 1.502e-6, -2.468e-6, 2.857e-6, 1.074e-6, -1.783e-6, 3.531e-6, 1.265e-6, -2.266e-6
0.832, 3.636e-6, 1.705e-6, -1.930e-6, 4.457e-6, 2.036e-6, -2.421e-6, 3.276e-6, 1.534e-6, -1.743e-6, 4.003e-6, 1.814e-6, -2.189e-6, 2.988e-6, 1.314e-6, -1.674e-6, 3.797e-6, 1.605e-6, -2.192e-6, 2.756e-6, 1.167e-6, -1.590e-6, 3.383e-6, 1.365e-6, -2.017e-6
0.828, 3.486e-6, 1.791e-6, -1.695e-6, 4.235e-6, 2.116e-6, -2.119e-6, 3.149e-6, 1.619e-6, -1.530e-6, 3.814e-6, 1.896e-6, -1.918e-6, 2.880e-6, 1.396e-6, -1.484e-6, 3.628e-6, 1.690e-6, -1.938e-6, 2.659e-6, 1.247e-6, -1.411e-6, 3.237e-6, 1.449e-6, -1.788e-6
0.824, 3.337e-6, 1.860e-6, -1.477e-6, 4.017e-6, 2.176e-6, -1.841e-6, 3.022e-6, 1.688e-6, -1.334e-6, 3.627e-6, 1.960e-6, -1.667e-6, 2.773e-6, 1.465e-6, -1.308e-6, 3.459e-6, 1.755e-6, -1.704e-6, 2.563e-6, 1.316e-6, -1.247e-6, 3.094e-6, 1.518e-6, -1.576e-6
0.820, 3.186e-6, 1.911e-6, -1.276e-6, 3.800e-6, 2.215e-6, -1.586e-6, 2.894e-6, 1.741e-6, -1.152e-6, 3.439e-6, 2.003e-6, -1.436e-6, 2.666e-6, 1.520e-6, -1.145e-6, 3.292e-6, 1.804e-6, -1.488e-6, 2.466e-6, 1.372e-6, -1.094e-6, 2.950e-6, 1.571e-6, -1.380e-6
0.816, 3.036e-6, 1.947e-6, -1.089e-6, 3.588e-6, 2.237e-6, -1.351e-6, 2.765e-6, 1.781e-6, -9.842e-7, 3.256e-6, 2.032e-6, -1.224e-6, 2.559e-6, 1.564e-6, -9.950e-7, 3.127e-6, 1.838e-6, -1.289e-6, 2.371e-6, 1.418e-6, -9.533e-7, 2.811e-6, 1.612e-6, -1.199e-6
0.812, 2.886e-6, 1.968e-6, -9.180e-7, 3.379e-6, 2.243e-6, -1.136e-6, 2.636e-6, 1.806e-6, -8.300e-7, 3.075e-6, 2.045e-6, -1.030e-6, 2.452e-6, 1.596e-6, -8.565e-7, 2.965e-6, 1.859e-6, -1.106e-6, 2.277e-6, 1.453e-6, -8.239e-7, 2.674e-6, 1.640e-6, -1.034e-6
0.808, 2.735e-6, 1.977e-6, -7.585e-7, 3.175e-6, 2.236e-6, -9.390e-7, 2.506e-6, 1.820e-6, -6.866e-7, 2.896e-6, 2.045e-6, -8.514e-7, 2.344e-6, 1.616e-6, -7.277e-7, 2.806e-6, 1.868e-6, -9.389e-7, 2.182e-6, 1.479e-6, -7.033e-7, 2.541e-6, 1.659e-6, -8.816e-7
0.804, 2.586e-6, 1.973e-6, -6.129e-7, 2.975e-6, 2.216e-6, -7.590e-7, 2.376e-6, 1.821e-6, -5.547e-7, 2.722e-6, 2.033e-6, -6.890e-7, 2.236e-6, 1.627e-6, -6.093e-7, 2.653e-6, 1.867e-6, -7.865e-7, 2.089e-6, 1.496e-6, -5.924e-7, 2.411e-6, 1.669e-6, -7.422e-7
0.800, 2.441e-6, 1.960e-6, -4.807e-7, 2.786e-6, 2.188e-6, -5.977e-7, 2.250e-6, 1.814e-6, -4.358e-7, 2.556e-6, 2.013e-6, -5.429e-7, 2.134e-6, 1.631e-6, -5.025e-7, 2.507e-6, 1.858e-6, -6.484e-7, 1.998e-6, 1.506e-6, -4.919e-7, 2.287e-6, 1.671e-6, -6.162e-7
0.796, 2.300e-6, 1.939e-6, -3.607e-7, 2.605e-6, 2.153e-6, -4.527e-7, 2.127e-6, 1.799e-6, -3.278e-7, 2.397e-6, 1.986e-6, -4.119e-7, 2.033e-6, 1.628e-6, -4.044e-7, 2.367e-6, 1.843e-6, -5.242e-7, 1.910e-6, 1.511e-6, -3.997e-7, 2.169e-6, 1.667e-6, -5.023e-7
0.792, 2.167e-6, 1.913e-6, -2.538e-7, 2.437e-6, 2.112e-6, -3.248e-7, 2.010e-6, 1.780e-6, -2.309e-7, 2.248e-6, 1.952e-6, -2.957e-7, 1.938e-6, 1.621e-6, -3.171e-7, 2.238e-6, 1.824e-6, -4.141e-7, 1.827e-6, 1.510e-6, -3.171e-7, 2.059e-6, 1.658e-6, -4.005e-7
0.788, 2.039e-6, 1.880e-6, -1.581e-7, 2.278e-6, 2.067e-6, -2.113e-7, 1.897e-6, 1.752e-6, -1.446e-7, 2.107e-6, 1.914e-6, -1.929e-7, 1.845e-6, 1.606e-6, -2.382e-7, 2.115e-6, 1.798e-6, -3.162e-7, 1.746e-6, 1.504e-6, -2.423e-7, 1.953e-6, 1.644e-6, -3.095e-7
0.784, 1.919e-6, 1.845e-6, -7.400e-8, 2.132e-6, 2.018e-6, -1.135e-7, 1.791e-6, 1.722e-6, -6.848e-8, 1.975e-6, 1.872e-6, -1.033e-7, 1.758e-6, 1.590e-6, -1.686e-7, 2.000e-6, 1.770e-6, -2.302e-7, 1.669e-6, 1.493e-6, -1.759e-7, 1.856e-6, 1.626e-6, -2.294e-7
0.780, 1.810e-6, 1.808e-6, -1.865e-9, 1.999e-6, 1.969e-6, -2.981e-8, 1.692e-6, 1.690e-6, -2.496e-9, 1.856e-6, 1.829e-6, -2.729e-8, 1.678e-6, 1.570e-6, -1.075e-7, 1.896e-6, 1.740e-6, -1.563e-7, 1.599e-6, 1.480e-6, -1.180e-7, 1.766e-6, 1.606e-6, -1.599e-7
0.776, 1.707e-6, 1.768e-6, 6.152e-8, 1.875e-6, 1.918e-6, 4.283e-8, 1.600e-6, 1.654e-6, 5.452e-8, 1.745e-6, 1.784e-6, 3.922e-8, 1.602e-6, 1.548e-6, -5.373e-8, 1.799e-6, 1.708e-6, -9.098e-8, 1.531e-6, 1.465e-6, -6.598e-8, 1.681e-6, 1.583e-6, -9.831e-8
0.772, 1.612e-6, 1.727e-6, 1.150e-7, 1.764e-6, 1.867e-6, 1.028e-7, 1.514e-6, 1.617e-6, 1.036e-7, 1.643e-6, 1.737e-6, 9.458e-8, 1.532e-6, 1.524e-6, -7.703e-9, 1.711e-6, 1.675e-6, -3.604e-8, 1.468e-6, 1.446e-6, -2.169e-8, 1.604e-6, 1.558e-6, -4.620e-8
0.768, 1.526e-6, 1.685e-6, 1.594e-7, 1.663e-6, 1.817e-6, 1.533e-7, 1.435e-6, 1.579e-6, 1.439e-7, 1.550e-6, 1.691e-6, 1.406e-7, 1.466e-6, 1.498e-6, 3.222e-8, 1.630e-6, 1.640e-6, 1.037e-8, 1.410e-6, 1.427e-6, 1.687e-8, 1.533e-6, 1.532e-6, -1.384e-9
0.764, 1.446e-6, 1.642e-6, 1.960e-7, 1.571e-6, 1.765e-6, 1.947e-7, 1.362e-6, 1.540e-6, 1.773e-7, 1.466e-6, 1.644e-6, 1.779e-7, 1.406e-6, 1.471e-6, 6.573e-8, 1.556e-6, 1.605e-6, 4.916e-8, 1.356e-6, 1.405e-6, 4.951e-8, 1.468e-6, 1.504e-6, 3.589e-8
0.760, 1.374e-6, 1.600e-6, 2.261e-7, 1.489e-6, 1.716e-6, 2.276e-7, 1.295e-6, 1.500e-6, 2.046e-7, 1.389e-6, 1.598e-6, 2.081e-7, 1.350e-6, 1.443e-6, 9.297e-8, 1.489e-6, 1.570e-6, 8.128e-8, 1.306e-6, 1.382e-6, 7.650e-8, 1.408e-6, 1.475e-6, 6.658e-8
0.756, 1.308e-6, 1.559e-6, 2.505e-7, 1.414e-6, 1.668e-6, 2.538e-7, 1.234e-6, 1.461e-6, 2.268e-7, 1.320e-6, 1.552e-6, 2.326e-7, 1.299e-6, 1.415e-6, 1.162e-7, 1.426e-6, 1.535e-6, 1.089e-7, 1.259e-6, 1.358e-6, 9.926e-8, 1.353e-6, 1.446e-6, 9.288e-8
0.752, 1.248e-6, 1.518e-6, 2.699e-7, 1.346e-6, 1.620e-6, 2.748e-7, 1.178e-6, 1.422e-6, 2.441e-7, 1.257e-6, 1.508e-6, 2.513e-7, 1.251e-6, 1.386e-6, 1.351e-7, 1.371e-6, 1.501e-6, 1.294e-7, 1.216e-6, 1.334e-6, 1.177e-7, 1.303e-6, 1.417e-6, 1.139e-7
0.748, 1.193e-6, 1.478e-6, 2.845e-7, 1.285e-6, 1.576e-6, 2.902e-7, 1.127e-6, 1.384e-6, 2.570e-7, 1.200e-6, 1.466e-6, 2.651e-7, 1.209e-6, 1.359e-6, 1.495e-7, 1.321e-6, 1.467e-6, 1.462e-7, 1.176e-6, 1.308e-6, 1.324e-7, 1.257e-6, 1.388e-6, 1.304e-7
0.744, 1.144e-6, 1.439e-6, 2.955e-7, 1.230e-6, 1.532e-6, 3.017e-7, 1.081e-6, 1.347e-6, 2.661e-7, 1.149e-6, 1.424e-6, 2.751e-7, 1.168e-6, 1.330e-6, 1.614e-7, 1.275e-6, 1.434e-6, 1.589e-7, 1.138e-6, 1.283e-6, 1.444e-7, 1.214e-6, 1.358e-6, 1.437e-7
0.740, 1.100e-6, 1.402e-6, 3.024e-7, 1.182e-6, 1.491e-6, 3.091e-7, 1.039e-6, 1.311e-6, 2.718e-7, 1.104e-6, 1.385e-6, 2.810e-7, 1.133e-6, 1.302e-6, 1.698e-7, 1.233e-6, 1.401e-6, 1.685e-7, 1.105e-6, 1.258e-6, 1.527e-7, 1.177e-6, 1.330e-6, 1.530e-7
0.736, 1.060e-6, 1.367e-6, 3.064e-7, 1.139e-6, 1.452e-6, 3.130e-7, 1.001e-6, 1.276e-6, 2.753e-7, 1.062e-6, 1.346e-6, 2.844e-7, 1.099e-6, 1.275e-6, 1.752e-7, 1.196e-6, 1.370e-6, 1.746e-7, 1.075e-6, 1.233e-6, 1.584e-7, 1.143e-6, 1.302e-6, 1.592e-7
0.732, 1.024e-6, 1.332e-6, 3.080e-7, 1.100e-6, 1.414e-6, 3.146e-7, 9.672e-7, 1.243e-6, 2.761e-7, 1.025e-6, 1.310e-6, 2.851e-7, 1.069e-6, 1.248e-6, 1.791e-7, 1.162e-6, 1.341e-6, 1.787e-7, 1.046e-6, 1.208e-6, 1.622e-7, 1.111e-6, 1.275e-6, 1.637e-7
0.728, 9.917e-7, 1.299e-6, 3.076e-7, 1.065e-6, 1.379e-6, 3.135e-7, 9.360e-7, 1.211e-6, 2.753e-7, 9.925e-7, 1.276e-6, 2.839e-7, 1.042e-6, 1.222e-6, 1.802e-7, 1.132e-6, 1.312e-6, 1.803e-7, 1.020e-6, 1.185e-6, 1.643e-7, 1.083e-6, 1.249e-6, 1.660e-7
0.724, 9.610e-7, 1.267e-6, 3.057e-7, 1.033e-6, 1.344e-6, 3.114e-7, 9.069e-7, 1.180e-6, 2.729e-7, 9.619e-7, 1.242e-6, 2.805e-7, 1.016e-6, 1.196e-6, 1.807e-7, 1.104e-6, 1.284e-6, 1.799e-7, 9.952e-7, 1.160e-6, 1.646e-7, 1.057e-6, 1.223e-6, 1.663e-7
0.720, 9.333e-7, 1.236e-6, 3.027e-7, 1.004e-6, 1.312e-6, 3.073e-7, 8.805e-7, 1.150e-6, 2.696e-7, 9.344e-7, 1.211e-6, 2.770e-7, 9.926e-7, 1.172e-6, 1.797e-7, 1.079e-6, 1.258e-6, 1.789e-7, 9.730e-7, 1.137e-6, 1.639e-7, 1.033e-6, 1.198e-6, 1.653e-7
0.716, 9.084e-7, 1.206e-6, 2.972e-7, 9.784e-7, 1.280e-6, 3.014e-7, 8.571e-7, 1.121e-6, 2.639e-7, 9.105e-7, 1.181e-6, 2.709e-7, 9.707e-7, 1.148e-6, 1.772e-7, 1.057e-6, 1.233e-6, 1.760e-7, 9.528e-7, 1.114e-6, 1.616e-7, 1.012e-6, 1.175e-6, 1.630e-7
0.712, 8.845e-7, 1.176e-6, 2.915e-7, 9.534e-7, 1.249e-6, 2.957e-7, 8.346e-7, 1.093e-6, 2.587e-7, 8.874e-7, 1.152e-6, 2.649e-7, 9.509e-7, 1.125e-6, 1.741e-7, 1.036e-6, 1.208e-6, 1.726e-7, 9.332e-7, 1.092e-6, 1.592e-7, 9.922e-7, 1.152e-6, 1.598e-7
0.708, 8.611e-7, 1.146e-6, 2.850e-7, 9.308e-7, 1.218e-6, 2.877e-7, 8.129e-7, 1.065e-6, 2.520e-7, 8.653e-7, 1.123e-6, 2.574e-7, 9.317e-7, 1.101e-6, 1.697e-7, 1.017e-6, 1.184e-6, 1.673e-7, 9.147e-7, 1.070e-6, 1.553e-7, 9.744e-7, 1.130e-6, 1.552e-7
0.704, 8.393e-7, 1.117e-6, 2.780e-7, 9.086e-7, 1.188e-6, 2.796e-7, 7.927e-7, 1.038e-6, 2.455e-7, 8.452e-7, 1.095e-6, 2.502e-7, 9.139e-7, 1.079e-6, 1.650e-7, 9.997e-7, 1.162e-6, 1.626e-7, 8.977e-7, 1.048e-6, 1.507e-7, 9.573e-7, 1.108e-6, 1.506e-7
0.700, 8.169e-7, 1.087e-6, 2.701e-7, 8.867e-7, 1.158e-6, 2.711e-7, 7.729e-7, 1.011e-6, 2.382e-7, 8.256e-7, 1.067e-6, 2.415e-7, 8.965e-7, 1.056e-6, 1.594e-7, 9.823e-7, 1.139e-6, 1.566e-7, 8.810e-7, 1.027e-6, 1.459e-7, 9.409e-7, 1.086e-6, 1.453e-7
0.696, 7.972e-7, 1.059e-6, 2.618e-7, 8.667e-7, 1.129e-6, 2.623e-7, 7.552e-7, 9.858e-7, 2.306e-7, 8.078e-7, 1.041e-6, 2.329e-7, 8.799e-7, 1.034e-6, 1.543e-7, 9.672e-7, 1.117e-6, 1.501e-7, 8.652e-7, 1.006e-6, 1.408e-7, 9.264e-7, 1.066e-6, 1.393e-7
0.692, 7.767e-7, 1.031e-6, 2.541e-7, 8.465e-7, 1.099e-6, 2.529e-7, 7.376e-7, 9.602e-7, 2.226e-7, 7.892e-7, 1.014e-6, 2.251e-7, 8.638e-7, 1.013e-6, 1.487e-7, 9.505e-7, 1.095e-6, 1.443e-7, 8.494e-7, 9.850e-7, 1.356e-7, 9.108e-7, 1.045e-6, 1.338e-7
0.688, 7.588e-7, 1.004e-6, 2.450e-7, 8.282e-7, 1.072e-6, 2.433e-7, 7.205e-7, 9.350e-7, 2.144e-7, 7.718e-7, 9.879e-7, 2.161e-7, 8.484e-7, 9.911e-7, 1.426e-7, 9.365e-7, 1.073e-6, 1.366e-7, 8.348e-7, 9.645e-7, 1.297e-7, 8.969e-7, 1.024e-6, 1.271e-7
0.684, 7.411e-7, 9.780e-7, 2.369e-7, 8.096e-7, 1.044e-6, 2.341e-7, 7.040e-7, 9.108e-7, 2.069e-7, 7.560e-7, 9.631e-7, 2.071e-7, 8.332e-7, 9.692e-7, 1.360e-7, 9.216e-7, 1.051e-6, 1.296e-7, 8.202e-7, 9.443e-7, 1.241e-7, 8.828e-7, 1.003e-6, 1.204e-7
0.680, 7.244e-7, 9.532e-7, 2.288e-7, 7.935e-7, 1.018e-6, 2.245e-7, 6.894e-7, 8.887e-7, 1.993e-7, 7.398e-7, 9.387e-7, 1.989e-7, 8.186e-7, 9.488e-7, 1.302e-7, 9.068e-7, 1.030e-6, 1.230e-7, 8.066e-7, 9.243e-7, 1.178e-7, 8.687e-7, 9.828e-7, 1.141e-7
0.676, 7.099e-7, 9.308e-7, 2.209e-7, 7.793e-7, 9.945e-7, 2.152e-7, 6.760e-7, 8.679e-7, 1.919e-7, 7.261e-7, 9.164e-7, 1.903e-7, 8.052e-7, 9.292e-7, 1.240e-7, 8.940e-7, 1.010e-6, 1.158e-7, 7.931e-7, 9.054e-7, 1.123e-7, 8.568e-7, 9.643e-7, 1.075e-7
0.672, 6.973e-7, 9.098e-7, 2.124e-7, 7.654e-7, 9.719e-7, 2.065e-7, 6.635e-7, 8.481e-7, 1.846e-7, 7.133e-7, 8.955e-7, 1.821e-7, 7.924e-7, 9.108e-7, 1.184e-7, 8.812e-7, 9.901e-7, 1.089e-7, 7.807e-7, 8.876e-7, 1.069e-7, 8.443e-7, 9.452e-7, 1.008e-7
0.668, 6.856e-7, 8.901e-7, 2.045e-7, 7.539e-7, 9.515e-7, 1.976e-7, 6.522e-7, 8.295e-7, 1.773e-7, 7.011e-7, 8.755e-7, 1.744e-7, 7.798e-7, 8.924e-7, 1.126e-7, 8.695e-7, 9.711e-7, 1.017e-7, 7.685e-7, 8.695e-7, 1.011e-7, 8.328e-7, 9.269e-7, 9.409e-8
0.664, 6.745e-7, 8.724e-7, 1.979e-7, 7.434e-7, 9.328e-7, 1.894e-7, 6.406e-7, 8.121e-7, 1.715e-7, 6.901e-7, 8.573e-7, 1.671e-7, 7.690e-7, 8.763e-7, 1.074e-7, 8.581e-7, 9.535e-7, 9.540e-8, 7.574e-7, 8.534e-7, 9.598e-8, 8.218e-7, 9.103e-7, 8.851e-8
0.660, 6.645e-7, 8.556e-7, 1.911e-7, 7.333e-7, 9.158e-7, 1.825e-7, 6.314e-7, 7.969e-7, 1.654e-7, 6.793e-7, 8.401e-7, 1.608e-7, 7.577e-7, 8.595e-7, 1.018e-7, 8.460e-7, 9.359e-7, 8.995e-8, 7.457e-7, 8.375e-7, 9.172e-8, 8.111e-7, 8.938e-7, 8.270e-8
0.656, 6.559e-7, 8.402e-7, 1.842e-7, 7.253e-7, 8.999e-7, 1.746e-7, 6.222e-7, 7.822e-7, 1.599e-7, 6.702e-7, 8.247e-7, 1.545e-7, 7.480e-7, 8.454e-7, 9.743e-8, 8.358e-7, 9.202e-7, 8.433e-8, 7.367e-7, 8.231e-7, 8.640e-8, 8.014e-7, 8.786e-7, 7.725e-8
0.652, 6.479e-7, 8.262e-7, 1.783e-7, 7.179e-7, 8.854e-7, 1.676e-7, 6.141e-7, 7.687e-7, 1.546e-7, 6.630e-7, 8.114e-7, 1.484e-7, 7.394e-7, 8.317e-7, 9.234e-8, 8.272e-7, 9.060e-7, 7.878e-8, 7.286e-7, 8.097e-7, 8.109e-8, 7.932e-7, 8.644e-7, 7.121e-8
0.648, 6.399e-7, 8.129e-7, 1.729e-7, 7.108e-7, 8.722e-7, 1.614e-7, 6.066e-7, 7.567e-7, 1.501e-7, 6.542e-7, 7.973e-7, 1.431e-7, 7.313e-7, 8.191e-7, 8.782e-8, 8.188e-7, 8.923e-7, 7.346e-8, 7.202e-7, 7.971e-7, 7.695e-8, 7.847e-7, 8.511e-7, 6.641e-8
0.644, 6.317e-7, 7.996e-7, 1.679e-7, 7.027e-7, 8.583e-7, 1.557e-7, 5.990e-7, 7.448e-7, 1.458e-7, 6.460e-7, 7.843e-7, 1.384e-7, 7.225e-7, 8.063e-7, 8.379e-8, 8.099e-7, 8.789e-7, 6.892e-8, 7.112e-7, 7.842e-7, 7.307e-8, 7.771e-7, 8.381e-7, 6.107e-8
0.640, 6.239e-7, 7.873e-7, 1.634e-7, 6.944e-7, 8.452e-7, 1.509e-7, 5.919e-7, 7.342e-7, 1.422e-7, 6.372e-7, 7.718e-7, 1.347e-7, 7.149e-7, 7.948e-7, 7.993e-8, 8.021e-7, 8.665e-7, 6.442e-8, 7.039e-7, 7.729e-7, 6.900e-8, 7.697e-7, 8.261e-7, 5.643e-8
0.636, 6.170e-7, 7.754e-7, 1.584e-7, 6.882e-7, 8.338e-7, 1.456e-7, 5.861e-7, 7.244e-7, 1.382e-7, 6.320e-7, 7.623e-7, 1.303e-7, 7.089e-7, 7.847e-7, 7.574e-8, 7.959e-7, 8.553e-7, 5.940e-8, 6.979e-7, 7.627e-7, 6.485e-8, 7.642e-7, 8.156e-7, 5.139e-8
0.632, 6.097e-7, 7.641e-7, 1.544e-7, 6.800e-7, 8.207e-7, 1.408e-7, 5.791e-7, 7.141e-7, 1.351e-7, 6.237e-7, 7.505e-7, 1.267e-7, 7.018e-7, 7.738e-7, 7.207e-8, 7.886e-7, 8.439e-7, 5.532e-8, 6.907e-7, 7.519e-7, 6.124e-8, 7.571e-7, 8.043e-7, 4.714e-8
0.628, 6.022e-7, 7.536e-7, 1.514e-7, 6.720e-7, 8.088e-7, 1.368e-7, 5.728e-7, 7.051e-7, 1.323e-7, 6.166e-7, 7.403e-7, 1.236e-7, 6.953e-7, 7.640e-7, 6.875e-8, 7.821e-7, 8.333e-7, 5.119e-8, 6.843e-7, 7.419e-7, 5.761e-8, 7.514e-7, 7.943e-7, 4.287e-8
0.624, 5.963e-7, 7.440e-7, 1.477e-7, 6.659e-7, 7.983e-7, 1.324e-7, 5.672e-7, 6.966e-7, 1.294e-7, 6.103e-7, 7.309e-7, 1.206e-7, 6.895e-7, 7.548e-7, 6.535e-8, 7.764e-7, 8.237e-7, 4.729e-8, 6.789e-7, 7.328e-7, 5.390e-8, 7.461e-7, 7.847e-7, 3.859e-8
0.620, 5.910e-7, 7.353e-7, 1.442e-7, 6.590e-7, 7.879e-7, 1.289e-7, 5.612e-7, 6.881e-7, 1.269e-7, 6.035e-7, 7.214e-7, 1.179e-7, 6.842e-7, 7.464e-7, 6.220e-8, 7.713e-7, 8.145e-7, 4.316e-8, 6.733e-7, 7.245e-7, 5.113e-8, 7.404e-7, 7.752e-7, 3.478e-8
0.616, 5.849e-7, 7.260e-7, 1.412e-7, 6.520e-7, 7.780e-7, 1.261e-7, 5.557e-7, 6.804e-7, 1.247e-7, 5.972e-7, 7.129e-7, 1.157e-7, 6.779e-7, 7.374e-7, 5.944e-8, 7.648e-7, 8.048e-7, 3.999e-8, 6.679e-7, 7.157e-7, 4.781e-8, 7.352e-7, 7.659e-7, 3.075e-8
0.612, 5.796e-7, 7.179e-7, 1.382e-7, 6.463e-7, 7.693e-7, 1.230e-7, 5.503e-7, 6.729e-7, 1.226e-7, 5.921e-7, 7.052e-7, 1.131e-7, 6.726e-7, 7.295e-7, 5.686e-8, 7.597e-7, 7.960e-7, 3.638e-8, 6.625e-7, 7.079e-7, 4.546e-8, 7.306e-7, 7.580e-7, 2.740e-8
0.608, 5.745e-7, 7.101e-7, 1.356e-7, 6.404e-7, 7.609e-7, 1.205e-7, 5.447e-7, 6.660e-7, 1.212e-7, 5.858e-7, 6.971e-7, 1.113e-7, 6.682e-7, 7.220e-7, 5.385e-8, 7.544e-7, 7.875e-7, 3.310e-8, 6.575e-7, 6.999e-7, 4.244e-8, 7.263e-7, 7.498e-7, 2.356e-8
0.604, 5.715e-7, 7.040e-7, 1.325e-7, 6.364e-7, 7.539e-7, 1.175e-7, 5.416e-7, 6.606e-7, 1.190e-7, 5.830e-7, 6.914e-7, 1.084e-7, 6.644e-7, 7.154e-7, 5.100e-8, 7.515e-7, 7.810e-7, 2.948e-8, 6.535e-7, 6.934e-7, 3.990e-8, 7.224e-7, 7.427e-7, 2.029e-8
0.600, 5.665e-7, 6.975e-7, 1.310e-7, 6.316e-7, 7.468e-7, 1.152e-7, 5.368e-7, 6.541e-7, 1.173e-7, 5.779e-7, 6.846e-7, 1.066e-7, 6.608e-7, 7.091e-7, 4.831e-8, 7.461e-7, 7.731e-7, 2.701e-8, 6.493e-7, 6.867e-7, 3.745e-8, 7.187e-7, 7.358e-7, 1.712e-8
0.596, 5.634e-7, 6.915e-7, 1.281e-7, 6.266e-7, 7.397e-7, 1.131e-7, 5.328e-7, 6.486e-7, 1.157e-7, 5.736e-7, 6.787e-7, 1.050e-7, 6.561e-7, 7.025e-7, 4.647e-8, 7.426e-7, 7.666e-7, 2.404e-8, 6.456e-7, 6.804e-7, 3.489e-8, 7.146e-7, 7.285e-7, 1.396e-8
0.592, 5.608e-7, 6.861e-7, 1.253e-7, 6.234e-7, 7.338e-7, 1.104e-7, 5.301e-7, 6.439e-7, 1.137e-7, 5.703e-7, 6.734e-7, 1.031e-7, 6.531e-7, 6.966e-7, 4.345e-8, 7.401e-7, 7.603e-7, 2.014e-8, 6.425e-7, 6.747e-7, 3.218e-8, 7.122e-7, 7.226e-7, 1.041e-8
0.588, 5.583e-7, 6.813e-7, 1.230e-7, 6.206e-7, 7.278e-7, 1.072e-7, 5.269e-7, 6.389e-7, 1.120e-7, 5.674e-7, 6.684e-7, 1.010e-7, 6.508e-7, 6.910e-7, 4.021e-8, 7.370e-7, 7.542e-7, 1.714e-8, 6.400e-7, 6.694e-7, 2.935e-8, 7.093e-7, 7.167e-7, 7.443e-9
0.584, 5.558e-7, 6.766e-7, 1.208e-7, 6.179e-7, 7.228e-7, 1.050e-7, 5.245e-7, 6.350e-7, 1.104e-7, 5.654e-7, 6.643e-7, 9.897e-8, 6.488e-7, 6.870e-7, 3.817e-8, 7.353e-7, 7.492e-7, 1.392e-8, 6.374e-7, 6.645e-7, 2.709e-8, 7.074e-7, 7.116e-7, 4.206e-9
0.580, 5.539e-7, 6.723e-7, 1.183e-7, 6.161e-7, 7.180e-7, 1.019e-7, 5.230e-7, 6.312e-7, 1.082e-7, 5.634e-7, 6.602e-7, 9.679e-8, 6.471e-7, 6.826e-7, 3.542e-8, 7.334e-7, 7.445e-7, 1.106e-8, 6.360e-7, 6.603e-7, 2.428e-8, 7.054e-7, 7.066e-7, 1.243e-9
0.576, 5.520e-7, 6.679e-7, 1.160e-7, 6.138e-7, 7.132e-7, 9.937e-8, 5.196e-7, 6.265e-7, 1.069e-7, 5.607e-7, 6.556e-7, 9.492e-8, 6.446e-7, 6.773e-7, 3.270e-8, 7.313e-7, 7.393e-7, 7.958e-9, 6.341e-7, 6.557e-7, 2.159e-8, 7.049e-7, 7.024e-7, -2.506e-9
0.572, 5.512e-7, 6.641e-7, 1.129e-7, 6.117e-7, 7.087e-7, 9.696e-8, 5.185e-7, 6.232e-7, 1.048e-7, 5.589e-7, 6.522e-7, 9.332e-8, 6.438e-7, 6.740e-7, 3.023e-8, 7.311e-7, 7.356e-7, 4.582e-9, 6.335e-7, 6.525e-7, 1.903e-8, 7.040e-7, 6.989e-7, -5.124e-9
0.568, 5.479e-7, 6.589e-7, 1.110e-7, 6.104e-7, 7.044e-7, 9.398e-8, 5.154e-7, 6.184e-7, 1.030e-7, 5.574e-7, 6.483e-7, 9.083e-8, 6.429e-7, 6.701e-7, 2.726e-8, 7.292e-7, 7.310e-7, 1.797e-9, 6.321e-7, 6.487e-7, 1.662e-8, 7.029e-7, 6.947e-7, -8.234e-9
0.564, 5.463e-7, 6.547e-7, 1.084e-7, 6.071e-7, 6.986e-7, 9.152e-8, 5.132e-7, 6.140e-7, 1.007e-7, 5.540e-7, 6.430e-7, 8.903e-8, 6.411e-7, 6.658e-7, 2.469e-8, 7.278e-7, 7.271e-7, -7.324e-10, 6.304e-7, 6.445e-7, 1.406e-8, 7.015e-7, 6.906e-7, -1.082e-8
0.560, 5.430e-7, 6.493e-7, 1.063e-7, 6.050e-7, 6.934e-7, 8.840e-8, 5.099e-7, 6.093e-7, 9.941e-8, 5.512e-7, 6.382e-7, 8.700e-8, 6.389e-7, 6.617e-7, 2.280e-8, 7.260e-7, 7.223e-7, -3.646e-9, 6.292e-7, 6.406e-7, 1.139e-8, 7.005e-7, 6.870e-7, -1.348e-8
0.556, 5.405e-7, 6.443e-7, 1.038e-7, 6.011e-7, 6.881e-7, 8.694e-8, 5.062e-7, 6.036e-7, 9.742e-8, 5.478e-7, 6.334e-7, 8.553e-8, 6.375e-7, 6.577e-7, 2.029e-8, 7.246e-7, 7.181e-7, -6.450e-9, 6.269e-7, 6.368e-7, 9.913e-9, 6.998e-7, 6.832e-7, -1.660e-8
0.552, 5.373e-7, 6.384e-7, 1.011e-7, 5.980e-7, 6.821e-7, 8.409e-8, 5.023e-7, 5.978e-7, 9.549e-8, 5.447e-7, 6.277e-7, 8.301e-8, 6.357e-7, 6.528e-7, 1.714e-8, 7.219e-7, 7.128e-7, -9.108e-9, 6.256e-7, 6.324e-7, 6.794e-9, 6.984e-7, 6.789e-7, -1.950e-8
0.548, 5.340e-7, 6.326e-7, 9.857e-8, 5.946e-7, 6.760e-7, 8.140e-8, 4.987e-7, 5.918e-7, 9.316e-8, 5.404e-7, 6.216e-7, 8.114e-8, 6.333e-7, 6.482e-7, 1.486e-8, 7.209e-7, 7.084e-7, -1.256e-8, 6.235e-7, 6.279e-7, 4.392e-9, 6.974e-7, 6.751e-7, -2.231e-8
0.544, 5.294e-7, 6.262e-7, 9.679e-8, 5.902e-7, 6.693e-7, 7.910e-8, 4.940e-7, 5.856e-7, 9.161e-8, 5.356e-7, 6.150e-7, 7.937e-8, 6.305e-7, 6.430e-7, 1.241e-8, 7.178e-7, 7.029e-7, -1.485e-8, 6.214e-7, 6.237e-7, 2.267e-9, 6.954e-7, 6.706e-7, -2.485e-8
0.540, 5.254e-7, 6.198e-7, 9.444e-8, 5.857e-7, 6.628e-7, 7.713e-8, 4.888e-7, 5.790e-7, 9.019e-8, 5.313e-7, 6.088e-7, 7.754e-8, 6.276e-7, 6.379e-7, 1.037e-8, 7.156e-7, 6.982e-7, -1.740e-8, 6.190e-7, 6.191e-7, 1.506e-10, 6.937e-7, 6.666e-7, -2.712e-8
0.536, 5.206e-7, 6.133e-7, 9.272e-8, 5.823e-7, 6.570e-7, 7.467e-8, 4.845e-7, 5.727e-7, 8.813e-8, 5.272e-7, 6.029e-7, 7.572e-8, 6.253e-7, 6.331e-7, 7.846e-9, 7.138e-7, 6.937e-7, -2.010e-8, 6.174e-7, 6.149e-7, -2.467e-9, 6.933e-7, 6.635e-7, -2.979e-8
0.532, 5.159e-7, 6.057e-7, 8.983e-8, 5.781e-7, 6.497e-7, 7.161e-8, 4.794e-7, 5.657e-7, 8.627e-8, 5.225e-7, 5.955e-7, 7.303e-8, 6.226e-7, 6.279e-7, 5.297e-9, 7.106e-7, 6.881e-7, -2.245e-8, 6.152e-7, 6.101e-7, -5.105e-9, 6.902e-7, 6.581e-7, -3.217e-8
0.528, 5.109e-7, 5.995e-7, 8.865e-8, 5.728e-7, 6.430e-7, 7.022e-8, 4.746e-7, 5.594e-7, 8.474e-8, 5.173e-7, 5.896e-7, 7.229e-8, 6.195e-7, 6.233e-7, 3.831e-9, 7.079e-7, 6.837e-7, -2.418e-8, 6.120e-7, 6.057e-7, -6.256e-9, 6.885e-7, 6.544e-7, -3.414e-8
0.524, 5.068e-7, 5.922e-7, 8.539e-8, 5.690e-7, 6.364e-7, 6.740e-8, 4.705e-7, 5.528e-7, 8.233e-8, 5.128e-7, 5.824e-7, 6.956e-8, 6.173e-7, 6.178e-7, 4.259e-10, 7.057e-7, 6.785e-7, -2.718e-8, 6.102e-7, 6.009e-7, -9.258e-9, 6.883e-7, 6.503e-7, -3.800e-8
0.520, 5.015e-7, 5.858e-7, 8.432e-8, 5.646e-7, 6.300e-7, 6.546e-8, 4.651e-7, 5.462e-7, 8.111e-8, 5.083e-7, 5.764e-7, 6.810e-8, 6.145e-7, 6.137e-7, -8.535e-10, 7.029e-7, 6.739e-7, -2.897e-8, 6.072e-7, 5.968e-7, -1.042e-8, 6.854e-7, 6.464e-7, -3.896e-8
0.516, 4.972e-7, 5.793e-7, 8.216e-8, 5.600e-7, 6.236e-7, 6.363e-8, 4.606e-7, 5.405e-7, 7.994e-8, 5.035e-7, 5.706e-7, 6.707e-8, 6.118e-7, 6.090e-7, -2.832e-9, 7.001e-7, 6.696e-7, -3.042e-8, 6.047e-7, 5.923e-7, -1.234e-8, 6.838e-7, 6.429e-7, -4.087e-8
0.512, 4.938e-7, 5.732e-7, 7.937e-8, 5.559e-7, 6.173e-7, 6.142e-8, 4.569e-7, 5.343e-7, 7.735e-8, 4.999e-7, 5.642e-7, 6.430e-8, 6.088e-7, 6.036e-7, -5.203e-9, 6.982e-7, 6.648e-7, -3.336e-8, 6.029e-7, 5.882e-7, -1.478e-8, 6.819e-7, 6.386e-7, -4.328e-8
0.508, 4.908e-7, 5.674e-7, 7.657e-8, 5.536e-7, 6.117e-7, 5.811e-8, 4.537e-7, 5.285e-7, 7.479e-8, 4.964e-7, 5.586e-7, 6.218e-8, 6.083e-7, 6.002e-7, -8.028e-9, 6.965e-7, 6.606e-7, -3.590e-8, 6.014e-7, 5.846e-7, -1.681e-8, 6.818e-7, 6.360e-7, -4.587e-8
0.504, 4.873e-7, 5.612e-7, 7.391e-8, 5.509e-7, 6.059e-7, 5.497e-8, 4.504e-7, 5.229e-7, 7.245e-8, 4.943e-7, 5.535e-7, 5.919e-8, 6.059e-7, 5.953e-7, -1.060e-8, 6.949e-7, 6.565e-7, -3.838e-8, 6.000e-7, 5.801e-7, -1.986e-8, 6.793e-7, 6.312e-7, -4.817e-8
0.500, 4.823e-7, 5.548e-7, 7.246e-8, 5.466e-7, 5.999e-7, 5.332e-8, 4.468e-7, 5.171e-7, 7.039e-8, 4.895e-7, 5.474e-7, 5.794e-8, 6.031e-7, 5.908e-7, -1.225e-8, 6.920e-7, 6.518e-7, -4.021e-8, 5.967e-7, 5.757e-7, -2.097e-8, 6.773e-7, 6.273e-7, -4.993e-8
0.496, 4.803e-7, 5.502e-7, 6.987e-8, 5.438e-7, 5.943e-7, 5.045e-8, 4.434e-7, 5.120e-7, 6.862e-8, 4.873e-7, 5.426e-7, 5.529e-8, 6.019e-7, 5.872e-7, -1.472e-8, 6.905e-7, 6.481e-7, -4.235e-8, 5.958e-7, 5.725e-7, -2.329e-8, 6.765e-7, 6.242e-7, -5.224e-8
0.492, 4.779e-7, 5.450e-7, 6.707e-8, 5.425e-7, 5.901e-7, 4.753e-8, 4.415e-7, 5.074e-7, 6.582e-8, 4.854e-7, 5.380e-7, 5.269e-8, 6.008e-7, 5.835e-7, -1.732e-8, 6.886e-7, 6.439e-7, -4.471e-8, 5.940e-7, 5.687e-7, -2.531e-8, 6.750e-7, 6.210e-7, -5.401e-8
0.488, 4.745e-7, 5.392e-7, 6.474e-8, 5.387e-7, 5.842e-7, 4.553e-8, 4.380e-7, 5.021e-7, 6.411e-8, 4.818e-7, 5.328e-7, 5.103e-8, 5.973e-7, 5.790e-7, -1.833e-8, 6.857e-7, 6.399e-7, -4.581e-8, 5.910e-7, 5.645e-7, -2.647e-8, 6.719e-7, 6.166e-7, -5.531e-8
0.484, 4.736e-7, 5.348e-7, 6.129e-8, 5.379e-7, 5.801e-7, 4.214e-8, 4.367e-7, 4.978e-7, 6.106e-8, 4.809e-7, 5.288e-7, 4.791e-8, 5.974e-7, 5.756e-7, -2.179e-8, 6.843e-7, 6.358e-7, -4.849e-8, 5.908e-7, 5.613e-7, -2.951e-8, 6.716e-7, 6.138e-7, -5.778e-8
0.480, 4.705e-7, 5.300e-7, 5.952e-8, 5.355e-7, 5.756e-7, 4.012e-8, 4.347e-7, 4.933e-7, 5.861e-8, 4.782e-7, 5.239e-7, 4.565e-8, 5.956e-7, 5.718e-7, -2.382e-8, 6.820e-7, 6.318e-7, -5.022e-8, 5.887e-7, 5.578e-7, -3.083e-8, 6.697e-7, 6.101e-7, -5.965e-8
0.476, 4.693e-7, 5.257e-7, 5.641e-8, 5.348e-7, 5.715e-7, 3.670e-8, 4.326e-7, 4.891e-7, 5.645e-8, 4.773e-7, 5.201e-7, 4.287e-8, 5.938e-7, 5.680e-7, -2.575e-8, 6.799e-7, 6.278e-7, -5.211e-8, 5.873e-7, 5.541e-7, -3.313e-8, 6.679e-7, 6.064e-7, -6.152e-8
0.472, 4.675e-7, 5.213e-7, 5.386e-8, 5.319e-7, 5.668e-7, 3.495e-8, 4.313e-7, 4.849e-7, 5.362e-8, 4.754e-7, 5.159e-7, 4.052e-8, 5.920e-7, 5.645e-7, -2.748e-8, 6.776e-7, 6.234e-7, -5.418e-8, 5.857e-7, 5.508e-7, -3.488e-8, 6.655e-7, 6.025e-7, -6.304e-8
0.468, 4.658e-7, 5.168e-7, 5.095e-8, 5.312e-7, 5.624e-7, 3.129e-8, 4.301e-7, 4.808e-7, 5.066e-8, 4.740e-7, 5.116e-7, 3.758e-8, 5.912e-7, 5.609e-7, -3.034e-8, 6.756e-7, 6.196e-7, -5.602e-8, 5.845e-7, 5.474e-7, -3.712e-8, 6.641e-7, 5.989e-7, -6.521e-8
0.464, 4.638e-7, 5.127e-7, 4.890e-8, 5.304e-7, 5.591e-7, 2.868e-8, 4.279e-7, 4.769e-7, 4.901e-8, 4.717e-7, 5.075e-7, 3.579e-8, 5.888e-7, 5.568e-7, -3.201e-8, 6.732e-7, 6.157e-7, -5.744e-8, 5.820e-7, 5.433e-7, -3.872e-8, 6.616e-7, 5.950e-7, -6.659e-8
0.460, 4.629e-7, 5.088e-7, 4.588e-8, 5.290e-7, 5.550e-7, 2.606e-8, 4.268e-7, 4.730e-7, 4.625e-8, 4.707e-7, 5.041e-7, 3.340e-8, 5.887e-7, 5.544e-7, -3.430e-8, 6.711e-7, 6.118e-7, -5.936e-8, 5.814e-7, 5.406e-7, -4.080e-8, 6.603e-7, 5.918e-7, -6.852e-8
0.456, 4.609e-7, 5.044e-7, 4.351e-8, 5.271e-7, 5.506e-7, 2.356e-8, 4.242e-7, 4.680e-7, 4.379e-8, 4.693e-7, 4.996e-7, 3.026e-8, 5.856e-7, 5.495e-7, -3.611e-8, 6.677e-7, 6.067e-7, -6.096e-8, 5.787e-7, 5.361e-7, -4.261e-8, 6.572e-7, 5.876e-7, -6.953e-8
0.452, 4.594e-7, 5.007e-7, 4.135e-8, 5.263e-7, 5.472e-7, 2.089e-8, 4.227e-7, 4.642e-7, 4.151e-8, 4.667e-7, 4.955e-7, 2.885e-8, 5.841e-7, 5.462e-7, -3.783e-8, 6.657e-7, 6.029e-7, -6.277e-8, 5.769e-7, 5.327e-7, -4.418e-8, 6.549e-7, 5.838e-7, -7.112e-8
0.448, 4.578e-7, 4.969e-7, 3.908e-8, 5.233e-7, 5.427e-7, 1.933e-8, 4.208e-7, 4.607e-7, 3.989e-8, 4.650e-7, 4.915e-7, 2.647e-8, 5.814e-7, 5.423e-7, -3.909e-8, 6.623e-7, 5.985e-7, -6.382e-8, 5.748e-7, 5.294e-7, -4.540e-8, 6.519e-7, 5.799e-7, -7.203e-8
0.444, 4.559e-7, 4.928e-7, 3.694e-8, 5.223e-7, 5.388e-7, 1.651e-8, 4.186e-7, 4.565e-7, 3.798e-8, 4.629e-7, 4.877e-7, 2.477e-8, 5.794e-7, 5.385e-7, -4.095e-8, 6.590e-7, 5.942e-7, -6.484e-8, 5.730e-7, 5.258e-7, -4.721e-8, 6.496e-7, 5.759e-7, -7.371e-8
0.440, 4.556e-7, 4.897e-7, 3.409e-8, 5.214e-7, 5.355e-7, 1.411e-8, 4.178e-7, 4.532e-7, 3.535e-8, 4.629e-7, 4.849e-7, 2.197e-8, 5.784e-7, 5.354e-7, -4.305e-8, 6.572e-7, 5.903e-7, -6.686e-8, 5.717e-7, 5.226e-7, -4.911e-8, 6.475e-7, 5.726e-7, -7.489e-8
0.436, 4.525e-7, 4.852e-7, 3.267e-8, 5.188e-7, 5.309e-7, 1.216e-8, 4.153e-7, 4.489e-7, 3.360e-8, 4.603e-7, 4.809e-7, 2.060e-8, 5.753e-7, 5.316e-7, -4.368e-8, 6.536e-7, 5.862e-7, -6.745e-8, 5.688e-7, 5.189e-7, -4.994e-8, 6.437e-7, 5.683e-7, -7.549e-8
0.432, 4.526e-7, 4.827e-7, 3.005e-8, 5.191e-7, 5.288e-7, 9.746e-9, 4.147e-7, 4.459e-7, 3.124e-8, 4.604e-7, 4.785e-7, 1.809e-8, 5.745e-7, 5.291e-7, -4.542e-8, 6.523e-7, 5.836e-7, -6.870e-8, 5.683e-7, 5.167e-7, -5.162e-8, 6.431e-7, 5.661e-7, -7.703e-8
0.428, 4.512e-7, 4.789e-7, 2.774e-8, 5.170e-7, 5.252e-7, 8.211e-9, 4.126e-7, 4.426e-7, 3.008e-8, 4.588e-7, 4.748e-7, 1.597e-8, 5.722e-7, 5.250e-7, -4.723e-8, 6.487e-7, 5.791e-7, -6.961e-8, 5.659e-7, 5.130e-7, -5.285e-8, 6.399e-7, 5.620e-7, -7.789e-8
0.424, 4.493e-7, 4.754e-7, 2.618e-8, 5.149e-7, 5.214e-7, 6.439e-9, 4.104e-7, 4.391e-7, 2.868e-8, 4.570e-7, 4.712e-7, 1.423e-8, 5.698e-7, 5.216e-7, -4.815e-8, 6.455e-7, 5.749e-7, -7.064e-8, 5.632e-7, 5.094e-7, -5.377e-8, 6.372e-7, 5.586e-7, -7.862e-8
0.420, 4.467e-7, 4.718e-7, 2.512e-8, 5.126e-7, 5.174e-7, 4.747e-9, 4.083e-7, 4.354e-7, 2.716e-8, 4.550e-7, 4.680e-7, 1.301e-8, 5.670e-7, 5.183e-7, -4.871e-8, 6.419e-7, 5.711e-7, -7.086e-8, 5.612e-7, 5.066e-7, -5.460e-8, 6.334e-7, 5.542e-7, -7.919e-8
0.416, 4.459e-7, 4.688e-7, 2.294e-8, 5.113e-7, 5.151e-7, 3.782e-9, 4.070e-7, 4.327e-7, 2.572e-8, 4.538e-7, 4.654e-7, 1.164e-8, 5.657e-7, 5.157e-7, -4.998e-8, 6.399e-7, 5.678e-7, -7.211e-8, 5.601e-7, 5.045e-7, -5.559e-8, 6.319e-7, 5.519e-7, -8.003e-8
0.412, 4.443e-7, 4.657e-7, 2.133e-8, 5.108e-7, 5.119e-7, 1.076e-9, 4.067e-7, 4.301e-7, 2.336e-8, 4.533e-7, 4.626e-7, 9.224e-9, 5.638e-7, 5.129e-7, -5.087e-8, 6.372e-7, 5.641e-7, -7.310e-8, 5.588e-7, 5.018e-7, -5.705e-8, 6.294e-7, 5.484e-7, -8.103e-8
0.408, 4.431e-7, 4.634e-7, 2.030e-8, 5.089e-7, 5.091e-7, 1.606e-10, 4.058e-7, 4.282e-7, 2.249e-8, 4.526e-7, 4.606e-7, 7.945e-9, 5.629e-7, 5.109e-7, -5.200e-8, 6.355e-7, 5.618e-7, -7.370e-8, 5.575e-7, 4.999e-7, -5.756e-8, 6.276e-7, 5.460e-7, -8.162e-8
0.404, 4.424e-7, 4.613e-7, 1.894e-8, 5.078e-7, 5.061e-7, -1.749e-9, 4.047e-7, 4.262e-7, 2.150e-8, 4.514e-7, 4.578e-7, 6.459e-9, 5.612e-7, 5.086e-7, -5.259e-8, 6.327e-7, 5.585e-7, -7.426e-8, 5.572e-7, 4.980e-7, -5.916e-8, 6.254e-7, 5.435e-7, -8.189e-8
0.400, 4.417e-7, 4.597e-7, 1.797e-8, 5.072e-7, 5.049e-7, -2.280e-9, 4.048e-7, 4.251e-7, 2.037e-8, 4.508e-7, 4.565e-7, 5.652e-9, 5.611e-7, 5.078e-7, -5.327e-8, 6.320e-7, 5.574e-7, -7.462e-8, 5.568e-7, 4.975e-7, -5.938e-8, 6.247e-7, 5.423e-7, -8.238e-8
0.396, 4.433e-7, 4.594e-7, 1.610e-8, 5.080e-7, 5.039e-7, -4.012e-9, 4.061e-7, 4.249e-7, 1.886e-8, 4.521e-7, 4.561e-7, 3.989e-9, 5.623e-7, 5.076e-7, -5.474e-8, 6.315e-7, 5.559e-7, -7.563e-8, 5.577e-7, 4.971e-7, -6.064e-8, 6.249e-7, 5.412e-7, -8.372e-8
0.392, 4.442e-7, 4.592e-7, 1.503e-8, 5.072e-7, 5.022e-7, -5.055e-9, 4.084e-7, 4.253e-7, 1.695e-8, 4.531e-7, 4.554e-7, 2.276e-9, 5.630e-7, 5.071e-7, -5.591e-8, 6.320e-7, 5.551e-7, -7.690e-8, 5.585e-7, 4.963e-7, -6.215e-8, 6.239e-7, 5.396e-7, -8.431e-8
0.388, 4.476e-7, 4.618e-7, 1.420e-8, 5.094e-7, 5.042e-7, -5.213e-9, 4.123e-7, 4.283e-7, 1.608e-8, 4.562e-7, 4.581e-7, 1.951e-9, 5.656e-7, 5.094e-7, -5.617e-8, 6.331e-7, 5.562e-7, -7.695e-8, 5.606e-7, 4.983e-7, -6.228e-8, 6.260e-7, 5.411e-7, -8.487e-8
0.384, 4.516e-7, 4.644e-7, 1.285e-8, 5.118e-7, 5.055e-7, -6.256e-9, 4.162e-7, 4.310e-7, 1.479e-8, 4.590e-7, 4.596e-7, 6.032e-10, 5.691e-7, 5.116e-7, -5.754e-8, 6.357e-7, 5.574e-7, -7.833e-8, 5.643e-7, 5.001e-7, -6.426e-8, 6.282e-7, 5.421e-7, -8.603e-8
0.380, 4.569e-7, 4.678e-7, 1.092e-8, 5.161e-7, 5.084e-7, -7.663e-9, 4.220e-7, 4.350e-7, 1.303e-8, 4.633e-7, 4.625e-7, -8.238e-10, 5.743e-7, 5.144e-7, -5.998e-8, 6.396e-7, 5.594e-7, -8.021e-8, 5.684e-7, 5.023e-7, -6.607e-8, 6.317e-7, 5.440e-7, -8.771e-8
0.376, 4.645e-7, 4.731e-7, 8.586e-9, 5.220e-7, 5.124e-7, -9.582e-9, 4.301e-7, 4.402e-7, 1.013e-8, 4.697e-7, 4.666e-7, -3.077e-9, 5.803e-7, 5.184e-7, -6.187e-8, 6.452e-7, 5.634e-7, -8.178e-8, 5.747e-7, 5.068e-7, -6.789e-8, 6.372e-7, 5.473e-7, -8.989e-8
0.372, 4.730e-7, 4.790e-7, 6.066e-9, 5.278e-7, 5.162e-7, -1.158e-8, 4.386e-7, 4.459e-7, 7.296e-9, 4.766e-7, 4.711e-7, -5.489e-9, 5.874e-7, 5.232e-7, -6.422e-8, 6.510e-7, 5.667e-7, -8.429e-8, 5.808e-7, 5.107e-7, -7.011e-8, 6.430e-7, 5.512e-7, -9.183e-8
0.368, 4.826e-7, 4.858e-7, 3.212e-9, 5.366e-7, 5.220e-7, -1.461e-8, 4.491e-7, 4.533e-7, 4.206e-9, 4.854e-7, 4.768e-7, -8.589e-9, 5.962e-7, 5.293e-7, -6.691e-8, 6.589e-7, 5.725e-7, -8.637e-8, 5.889e-7, 5.164e-7, -7.249e-8, 6.504e-7, 5.560e-7, -9.446e-8
0.364, 4.938e-7, 4.935e-7, -3.011e-10, 5.452e-7, 5.275e-7, -1.767e-8, 4.596e-7, 4.600e-7, 3.578e-10, 4.942e-7, 4.820e-7, -1.221e-8, 6.056e-7, 5.351e-7, -7.046e-8, 6.679e-7, 5.776e-7, -9.033e-8, 5.978e-7, 5.219e-7, -7.590e-8, 6.591e-7, 5.617e-7, -9.738e-8
0.360, 5.045e-7, 5.008e-7, -3.746e-9, 5.536e-7, 5.327e-7, -2.091e-8, 4.707e-7, 4.671e-7, -3.579e-9, 5.037e-7, 4.880e-7, -1.567e-8, 6.147e-7, 5.413e-7, -7.334e-8, 6.767e-7, 5.838e-7, -9.296e-8, 6.071e-7, 5.284e-7, -7.872e-8, 6.662e-7, 5.665e-7, -9.971e-8
0.356, 5.170e-7, 5.076e-7, -9.326e-9, 5.629e-7, 5.374e-7, -2.545e-8, 4.827e-7, 4.738e-7, -8.873e-9, 5.133e-7, 4.929e-7, -2.041e-8, 6.250e-7, 5.476e-7, -7.740e-8, 6.860e-7, 5.888e-7, -9.724e-8, 6.170e-7, 5.343e-7, -8.265e-8, 6.764e-7, 5.725e-7, -1.039e-7
0.352, 5.304e-7, 5.152e-7, -1.524e-8, 5.734e-7, 5.425e-7, -3.084e-8, 4.955e-7, 4.808e-7, -1.474e-8, 5.231e-7, 4.974e-7, -2.570e-8, 6.361e-7, 5.539e-7, -8.219e-8, 6.961e-7, 5.944e-7, -1.017e-7, 6.273e-7, 5.404e-7, -8.688e-8, 6.865e-7, 5.783e-7, -1.082e-7
0.348, 5.431e-7, 5.215e-7, -2.165e-8, 5.831e-7, 5.470e-7, -3.601e-8, 5.082e-7, 4.874e-7, -2.082e-8, 5.339e-7, 5.028e-7, -3.116e-8, 6.478e-7, 5.604e-7, -8.744e-8, 7.069e-7, 6.002e-7, -1.067e-7, 6.385e-7, 5.470e-7, -9.150e-8, 6.964e-7, 5.837e-7, -1.127e-7
0.344, 5.547e-7, 5.271e-7, -2.757e-8, 5.910e-7, 5.499e-7, -4.113e-8, 5.189e-7, 4.923e-7, -2.663e-8, 5.418e-7, 5.060e-7, -3.589e-8, 6.574e-7, 5.657e-7, -9.169e-8, 7.163e-7, 6.049e-7, -1.113e-7, 6.484e-7, 5.521e-7, -9.632e-8, 7.053e-7, 5.884e-7, -1.169e-7
0.340, 5.640e-7, 5.310e-7, -3.295e-8, 5.972e-7, 5.517e-7, -4.547e-8, 5.282e-7, 4.963e-7, -3.184e-8, 5.482e-7, 5.085e-7, -3.971e-8, 6.666e-7, 5.699e-7, -9.670e-8, 7.244e-7, 6.088e-7, -1.155e-7, 6.574e-7, 5.571e-7, -1.003e-7, 7.138e-7, 5.923e-7, -1.215e-7
0.336, 5.728e-7, 5.342e-7, -3.860e-8, 6.021e-7, 5.531e-7, -4.902e-8, 5.367e-7, 4.995e-7, -3.720e-8, 5.539e-7, 5.102e-7, -4.374e-8, 6.744e-7, 5.733e-7, -1.011e-7, 7.313e-7, 6.118e-7, -1.196e-7, 6.653e-7, 5.609e-7, -1.044e-7, 7.209e-7, 5.953e-7, -1.256e-7
0.332, 5.807e-7, 5.370e-7, -4.370e-8, 6.055e-7, 5.538e-7, -5.175e-8, 5.438e-7, 5.021e-7, -4.162e-8, 5.585e-7, 5.117e-7, -4.681e-8, 6.827e-7, 5.775e-7, -1.052e-7, 7.381e-7, 6.144e-7, -1.237e-7, 6.732e-7, 5.645e-7, -1.087e-7, 7.271e-7, 5.983e-7, -1.289e-7
0.328, 5.847e-7, 5.376e-7, -4.713e-8, 6.062e-7, 5.526e-7, -5.365e-8, 5.479e-7, 5.033e-7, -4.455e-8, 5.595e-7, 5.110e-7, -4.850e-8, 6.877e-7, 5.792e-7, -1.084e-7, 7.422e-7, 6.156e-7, -1.266e-7, 6.793e-7, 5.672e-7, -1.121e-7, 7.321e-7, 5.998e-7, -1.322e-7
0.324, 5.869e-7, 5.380e-7, -4.891e-8, 6.054e-7, 5.523e-7, -5.313e-8, 5.509e-7, 5.046e-7, -4.623e-8, 5.596e-7, 5.108e-7, -4.879e-8, 6.907e-7, 5.807e-7, -1.099e-7, 7.452e-7, 6.172e-7, -1.280e-7, 6.827e-7, 5.689e-7, -1.138e-7, 7.343e-7, 6.009e-7, -1.334e-7
0.320, 5.868e-7, 5.368e-7, -4.999e-8, 6.018e-7, 5.491e-7, -5.264e-8, 5.502e-7, 5.031e-7, -4.710e-8, 5.569e-7, 5.090e-7, -4.788e-8, 6.920e-7, 5.807e-7, -1.113e-7, 7.455e-7, 6.161e-7, -1.294e-7, 6.848e-7, 5.692e-7, -1.155e-7, 7.349e-7, 6.001e-7, -1.348e-7
0.316, 5.842e-7, 5.347e-7, -4.951e-8, 5.972e-7, 5.460e-7, -5.121e-8, 5.487e-7, 5.018e-7, -4.690e-8, 5.536e-7, 5.065e-7, -4.712e-8, 6.924e-7, 5.803e-7, -1.122e-7, 7.451e-7, 6.156e-7, -1.295e-7, 6.853e-7, 5.689e-7, -1.164e-7, 7.349e-7, 5.991e-7, -1.358e-7
0.312, 5.800e-7, 5.316e-7, -4.841e-8, 5.908e-7, 5.427e-7, -4.807e-8, 5.456e-7, 4.997e-7, -4.586e-8, 5.481e-7, 5.033e-7, -4.478e-8, 6.903e-7, 5.787e-7, -1.116e-7, 7.412e-7, 6.127e-7, -1.286e-7, 6.829e-7, 5.669e-7, -1.160e-7, 7.315e-7, 5.966e-7, -1.349e-7
0.308, 5.740e-7, 5.286e-7, -4.538e-8, 5.831e-7, 5.391e-7, -4.397e-8, 5.403e-7, 4.973e-7, -4.296e-8, 5.420e-7, 5.007e-7, -4.133e-8, 6.865e-7, 5.769e-7, -1.096e-7, 7.365e-7, 6.105e-7, -1.260e-7, 6.797e-7, 5.654e-7, -1.143e-7, 7.268e-7, 5.944e-7, -1.324e-7
0.304, 5.682e-7, 5.250e-7, -4.318e-8, 5.766e-7, 5.350e-7, -4.160e-8, 5.349e-7, 4.938e-7, -4.107e-8, 5.367e-7, 4.973e-7, -3.943e-8, 6.827e-7, 5.746e-7, -1.082e-7, 7.324e-7, 6.081e-7, -1.243e-7, 6.764e-7, 5.629e-7, -1.135e-7, 7.219e-7, 5.907e-7, -1.312e-7
0.300, 5.600e-7, 5.201e-7, -3.981e-8, 5.687e-7, 5.304e-7, -3.831e-8, 5.279e-7, 4.898e-7, -3.811e-8, 5.292e-7, 4.934e-7, -3.582e-8, 6.767e-7, 5.704e-7, -1.064e-7, 7.257e-7, 6.034e-7, -1.224e-7, 6.706e-7, 5.590e-7, -1.116e-7, 7.156e-7, 5.867e-7, -1.290e-7
0.296, 5.520e-7, 5.157e-7, -3.638e-8, 5.599e-7, 5.254e-7, -3.445e-8, 5.205e-7, 4.855e-7, -3.500e-8, 5.218e-7, 4.889e-7, -3.296e-8, 6.701e-7, 5.662e-7, -1.039e-7, 7.194e-7, 5.991e-7, -1.202e-7, 6.647e-7, 5.550e-7, -1.096e-7, 7.081e-7, 5.818e-7, -1.263e-7
0.292, 5.430e-7, 5.105e-7, -3.252e-8, 5.520e-7, 5.205e-7, -3.149e-8, 5.137e-7, 4.814e-7, -3.231e-8, 5.146e-7, 4.845e-7, -3.010e-8, 6.626e-7, 5.617e-7, -1.009e-7, 7.115e-7, 5.947e-7, -1.168e-7, 6.570e-7, 5.502e-7, -1.067e-7, 6.999e-7, 5.768e-7, -1.231e-7
0.288, 5.342e-7, 5.055e-7, -2.870e-8, 5.434e-7, 5.163e-7, -2.716e-8, 5.052e-7, 4.764e-7, -2.875e-8, 5.062e-7, 4.794e-7, -2.671e-8, 6.546e-7, 5.570e-7, -9.759e-8, 7.049e-7, 5.904e-7, -1.145e-7, 6.501e-7, 5.464e-7, -1.037e-7, 6.916e-7, 5.722e-7, -1.195e-7
0.284, 5.255e-7, 5.001e-7, -2.534e-8, 5.357e-7, 5.114e-7, -2.427e-8, 4.971e-7, 4.714e-7, -2.562e-8, 4.986e-7, 4.750e-7, -2.365e-8, 6.462e-7, 5.520e-7, -9.417e-8, 6.958e-7, 5.848e-7, -1.109e-7, 6.414e-7, 5.412e-7, -1.002e-7, 6.829e-7, 5.669e-7, -1.161e-7
0.280, 5.158e-7, 4.944e-7, -2.141e-8, 5.274e-7, 5.064e-7, -2.104e-8, 4.881e-7, 4.657e-7, -2.238e-8, 4.914e-7, 4.703e-7, -2.107e-8, 6.371e-7, 5.463e-7, -9.080e-8, 6.872e-7, 5.795e-7, -1.077e-7, 6.323e-7, 5.356e-7, -9.666e-8, 6.740e-7, 5.612e-7, -1.127e-7
0.276, 5.062e-7, 4.882e-7, -1.803e-8, 5.200e-7, 5.011e-7, -1.890e-8, 4.790e-7, 4.595e-7, -1.947e-8, 4.831e-7, 4.642e-7, -1.886e-8, 6.287e-7, 5.407e-7, -8.800e-8, 6.786e-7, 5.735e-7, -1.052e-7, 6.234e-7, 5.294e-7, -9.398e-8, 6.647e-7, 5.545e-7, -1.102e-7
0.272, 4.979e-7, 4.824e-7, -1.555e-8, 5.136e-7, 4.966e-7, -1.700e-8, 4.706e-7, 4.534e-7, -1.714e-8, 4.764e-7, 4.595e-7, -1.694e-8, 6.207e-7, 5.350e-7, -8.573e-8, 6.703e-7, 5.678e-7, -1.026e-7, 6.150e-7, 5.235e-7, -9.148e-8, 6.556e-7, 5.486e-7, -1.070e-7
0.268, 4.887e-7, 4.765e-7, -1.222e-8, 5.053e-7, 4.912e-7, -1.410e-8, 4.616e-7, 4.476e-7, -1.409e-8, 4.679e-7, 4.540e-7, -1.389e-8, 6.104e-7, 5.287e-7, -8.172e-8, 6.613e-7, 5.618e-7, -9.945e-8, 6.049e-7, 5.174e-7, -8.745e-8, 6.469e-7, 5.430e-7, -1.039e-7
0.264, 4.808e-7, 4.709e-7, -9.847e-9, 4.998e-7, 4.869e-7, -1.290e-8, 4.539e-7, 4.422e-7, -1.172e-8, 4.613e-7, 4.490e-7, -1.234e-8, 6.023e-7, 5.233e-7, -7.904e-8, 6.535e-7, 5.569e-7, -9.661e-8, 5.964e-7, 5.118e-7, -8.458e-8, 6.384e-7, 5.374e-7, -1.009e-7
0.260, 4.709e-7, 4.647e-7, -6.275e-9, 4.917e-7, 4.820e-7, -9.720e-9, 4.451e-7, 4.358e-7, -9.257e-9, 4.538e-7, 4.437e-7, -1.010e-8, 5.921e-7, 5.167e-7, -7.547e-8, 6.442e-7, 5.506e-7, -9.365e-8, 5.866e-7, 5.055e-7, -8.112e-8, 6.291e-7, 5.311e-7, -9.794e-8
0.256, 4.623e-7, 4.585e-7, -3.824e-9, 4.851e-7, 4.770e-7, -8.195e-9, 4.361e-7, 4.293e-7, -6.777e-9, 4.463e-7, 4.379e-7, -8.412e-9, 5.830e-7, 5.098e-7, -7.320e-8, 6.354e-7, 5.443e-7, -9.109e-8, 5.777e-7, 4.992e-7, -7.849e-8, 6.203e-7, 5.250e-7, -9.534e-8
0.252, 4.550e-7, 4.529e-7, -2.151e-9, 4.804e-7, 4.728e-7, -7.585e-9, 4.291e-7, 4.237e-7, -5.311e-9, 4.403e-7, 4.331e-7, -7.162e-9, 5.757e-7, 5.049e-7, -7.087e-8, 6.288e-7, 5.394e-7, -8.946e-8, 5.700e-7, 4.937e-7, -7.630e-8, 6.128e-7, 5.197e-7, -9.305e-8
0.248, 4.471e-7, 4.465e-7, -5.375e-10, 4.733e-7, 4.672e-7, -6.158e-9, 4.206e-7, 4.173e-7, -3.343e-9, 4.329e-7, 4.271e-7, -5.823e-9, 5.667e-7, 4.981e-7, -6.863e-8, 6.196e-7, 5.327e-7, -8.686e-8, 5.612e-7, 4.875e-7, -7.371e-8, 6.045e-7, 5.132e-7, -9.121e-8
0.244, 4.392e-7, 4.408e-7, 1.510e-9, 4.676e-7, 4.631e-7, -4.544e-9, 4.127e-7, 4.113e-7, -1.374e-9, 4.254e-7, 4.217e-7, -3.688e-9, 5.579e-7, 4.919e-7, -6.598e-8, 6.117e-7, 5.272e-7, -8.447e-8, 5.531e-7, 4.818e-7, -7.126e-8, 5.965e-7, 5.081e-7, -8.834e-8
0.240, 4.311e-7, 4.349e-7, 3.803e-9, 4.608e-7, 4.578e-7, -2.969e-9, 4.049e-7, 4.051e-7, 1.707e-10, 4.180e-7, 4.161e-7, -1.946e-9, 5.487e-7, 4.854e-7, -6.332e-8, 6.029e-7, 5.207e-7, -8.221e-8, 5.437e-7, 4.751e-7, -6.854e-8, 5.875e-7, 5.017e-7, -8.580e-8
0.236, 4.243e-7, 4.291e-7, 4.816e-9, 4.543e-7, 4.526e-7, -1.650e-9, 3.980e-7, 3.999e-7, 1.922e-9, 4.114e-7, 4.104e-7, -9.716e-10, 5.411e-7, 4.797e-7, -6.132e-8, 5.948e-7, 5.148e-7, -8.003e-8, 5.362e-7, 4.695e-7, -6.673e-8, 5.804e-7, 4.963e-7, -8.415e-8
0.232, 4.166e-7, 4.234e-7, 6.775e-9, 4.481e-7, 4.477e-7, -4.891e-10, 3.906e-7, 3.940e-7, 3.399e-9, 4.042e-7, 4.051e-7, 9.475e-10, 5.330e-7, 4.737e-7, -5.925e-8, 5.873e-7, 5.099e-7, -7.747e-8, 5.270e-7, 4.630e-7, -6.405e-8, 5.720e-7, 4.906e-7, -8.143e-8
0.228, 4.094e-7, 4.176e-7, 8.211e-9, 4.422e-7, 4.432e-7, 9.576e-10, 3.835e-7, 3.883e-7, 4.757e-9, 3.980e-7, 4.000e-7, 1.981e-9, 5.250e-7, 4.678e-7, -5.723e-8, 5.795e-7, 5.038e-7, -7.565e-8, 5.196e-7, 4.573e-7, -6.222e-8, 5.656e-7, 4.856e-7, -7.999e-8
0.224, 4.026e-7, 4.120e-7, 9.343e-9, 4.360e-7, 4.375e-7, 1.509e-9, 3.766e-7, 3.823e-7, 5.662e-9, 3.920e-7, 3.949e-7, 2.867e-9, 5.169e-7, 4.615e-7, -5.541e-8, 5.720e-7, 4.979e-7, -7.409e-8, 5.121e-7, 4.517e-7, -6.043e-8, 5.573e-7, 4.792e-7, -7.816e-8
0.220, 3.953e-7, 4.064e-7, 1.114e-8, 4.298e-7, 4.328e-7, 3.044e-9, 3.705e-7, 3.774e-7, 6.922e-9, 3.853e-7, 3.900e-7, 4.648e-9, 5.088e-7, 4.558e-7, -5.304e-8, 5.638e-7, 4.923e-7, -7.151e-8, 5.044e-7, 4.460e-7, -5.839e-8, 5.496e-7, 4.739e-7, -7.569e-8
0.216, 3.887e-7, 4.007e-7, 1.203e-8, 4.239e-7, 4.274e-7, 3.516e-9, 3.631e-7, 3.714e-7, 8.339e-9, 3.796e-7, 3.846e-7, 5.012e-9, 5.017e-7, 4.499e-7, -5.178e-8, 5.572e-7, 4.868e-7, -7.040e-8, 4.972e-7, 4.402e-7, -5.697e-8, 5.424e-7, 4.682e-7, -7.418e-8
0.212, 3.823e-7, 3.948e-7, 1.248e-8, 4.182e-7, 4.221e-7, 3.910e-9, 3.574e-7, 3.663e-7, 8.910e-9, 3.734e-7, 3.791e-7, 5.701e-9, 4.944e-7, 4.442e-7, -5.019e-8, 5.489e-7, 4.806e-7, -6.828e-8, 4.896e-7, 4.345e-7, -5.503e-8, 5.344e-7, 4.623e-7, -7.211e-8
0.208, 3.750e-7, 3.893e-7, 1.428e-8, 4.119e-7, 4.173e-7, 5.416e-9, 3.508e-7, 3.608e-7, 1.000e-8, 3.675e-7, 3.742e-7, 6.754e-9, 4.867e-7, 4.382e-7, -4.854e-8, 5.417e-7, 4.750e-7, -6.670e-8, 4.819e-7, 4.287e-7, -5.322e-8, 5.283e-7, 4.576e-7, -7.077e-8
0.204, 3.694e-7, 3.835e-7, 1.410e-8, 4.048e-7, 4.112e-7, 6.439e-9, 3.446e-7, 3.553e-7, 1.067e-8, 3.610e-7, 3.688e-7, 7.767e-9, 4.796e-7, 4.326e-7, -4.696e-8, 5.345e-7, 4.698e-7, -6.475e-8, 4.752e-7, 4.233e-7, -5.183e-8, 5.214e-7, 4.517e-7, -6.965e-8
0.200, 3.624e-7, 3.778e-7, 1.535e-8, 3.982e-7, 4.052e-7, 7.069e-9, 3.384e-7, 3.498e-7, 1.137e-8, 3.553e-7, 3.636e-7, 8.309e-9, 4.717e-7, 4.263e-7, -4.547e-8, 5.271e-7, 4.632e-7, -6.392e-8, 4.679e-7, 4.172e-7, -5.072e-8, 5.137e-7, 4.456e-7, -6.819e-8
0.196, 3.557e-7, 3.719e-7, 1.621e-8, 3.920e-7, 3.996e-7, 7.650e-9, 3.317e-7, 3.445e-7, 1.275e-8, 3.480e-7, 3.579e-7, 9.864e-9, 4.640e-7, 4.204e-7, -4.361e-8, 5.185e-7, 4.573e-7, -6.118e-8, 4.601e-7, 4.115e-7, -4.864e-8, 5.067e-7, 4.405e-7, -6.615e-8
0.192, 3.498e-7, 3.669e-7, 1.707e-8, 3.855e-7, 3.945e-7, 8.949e-9, 3.268e-7, 3.398e-7, 1.300e-8, 3.439e-7, 3.538e-7, 9.893e-9, 4.578e-7, 4.157e-7, -4.216e-8, 5.126e-7, 4.526e-7, -6.000e-8, 4.529e-7, 4.059e-7, -4.700e-8, 5.003e-7, 4.356e-7, -6.464e-8
0.188, 3.433e-7, 3.610e-7, 1.773e-8, 3.791e-7, 3.888e-7, 9.657e-9, 3.204e-7, 3.345e-7, 1.401e-8, 3.375e-7, 3.484e-7, 1.086e-8, 4.506e-7, 4.097e-7, -4.091e-8, 5.052e-7, 4.473e-7, -5.789e-8, 4.462e-7, 4.007e-7, -4.552e-8, 4.937e-7, 4.308e-7, -6.283e-8
0.184, 3.374e-7, 3.557e-7, 1.828e-8, 3.725e-7, 3.833e-7, 1.076e-8, 3.146e-7, 3.295e-7, 1.485e-8, 3.316e-7, 3.435e-7, 1.190e-8, 4.443e-7, 4.045e-7, -3.983e-8, 4.988e-7, 4.417e-7, -5.716e-8, 4.398e-7, 3.955e-7, -4.433e-8, 4.875e-7, 4.256e-7, -6.198e-8
0.180, 3.312e-7, 3.502e-7, 1.896e-8, 3.668e-7, 3.784e-7, 1.164e-8, 3.095e-7, 3.245e-7, 1.494e-8, 3.265e-7, 3.388e-7, 1.238e-8, 4.367e-7, 3.987e-7, -3.798e-8, 4.918e-7, 4.363e-7, -5.543e-8, 4.330e-7, 3.901e-7, -4.291e-8, 4.807e-7, 4.204e-7, -6.036e-8
0.176, 3.257e-7, 3.456e-7, 1.988e-8, 3.607e-7, 3.733e-7, 1.258e-8, 3.042e-7, 3.202e-7, 1.599e-8, 3.216e-7, 3.348e-7, 1.314e-8, 4.306e-7, 3.939e-7, -3.668e-8, 4.858e-7, 4.316e-7, -5.418e-8, 4.269e-7, 3.851e-7, -4.179e-8, 4.753e-7, 4.163e-7, -5.906e-8
0.172, 3.193e-7, 3.399e-7, 2.062e-8, 3.544e-7, 3.674e-7, 1.306e-8, 2.992e-7, 3.153e-7, 1.605e-8, 3.165e-7, 3.302e-7, 1.369e-8, 4.246e-7, 3.887e-7, -3.587e-8, 4.789e-7, 4.263e-7, -5.261e-8, 4.203e-7, 3.798e-7, -4.049e-8, 4.690e-7, 4.107e-7, -5.836e-8
0.168, 3.133e-7, 3.347e-7, 2.144e-8, 3.479e-7, 3.624e-7, 1.451e-8, 2.935e-7, 3.109e-7, 1.742e-8, 3.104e-7, 3.254e-7, 1.498e-8, 4.184e-7, 3.840e-7, -3.434e-8, 4.730e-7, 4.216e-7, -5.147e-8, 4.139e-7, 3.750e-7, -3.884e-8, 4.630e-7, 4.065e-7, -5.654e-8
0.164, 3.091e-7, 3.305e-7, 2.140e-8, 3.431e-7, 3.576e-7, 1.451e-8, 2.890e-7, 3.063e-7, 1.734e-8, 3.076e-7, 3.220e-7, 1.440e-8, 4.128e-7, 3.792e-7, -3.359e-8, 4.677e-7, 4.171e-7, -5.056e-8, 4.087e-7, 3.705e-7, -3.818e-8, 4.575e-7, 4.018e-7, -5.561e-8
0.160, 3.037e-7, 3.255e-7, 2.183e-8, 3.386e-7, 3.535e-7, 1.487e-8, 2.849e-7, 3.022e-7, 1.730e-8, 3.031e-7, 3.176e-7, 1.445e-8, 4.075e-7, 3.745e-7, -3.300e-8, 4.618e-7, 4.125e-7, -4.929e-8, 4.028e-7, 3.655e-7, -3.729e-8, 4.531e-7, 3.981e-7, -5.493e-8
0.156, 3.001e-7, 3.216e-7, 2.148e-8, 3.341e-7, 3.490e-7, 1.487e-8, 2.809e-7, 2.982e-7, 1.733e-8, 2.990e-7, 3.135e-7, 1.453e-8, 4.028e-7, 3.703e-7, -3.245e-8, 4.579e-7, 4.084e-7, -4.950e-8, 3.980e-7, 3.612e-7, -3.685e-8, 4.482e-7, 3.940e-7, -5.425e-8
0.152, 2.954e-7, 3.178e-7, 2.233e-8, 3.305e-7, 3.460e-7, 1.550e-8, 2.773e-7, 2.950e-7, 1.768e-8, 2.951e-7, 3.108e-7, 1.567e-8, 3.972e-7, 3.659e-7, -3.131e-8, 4.520e-7, 4.043e-7, -4.766e-8, 3.931e-7, 3.575e-7, -3.559e-8, 4.446e-7, 3.909e-7, -5.368e-8
0.148, 2.908e-7, 3.137e-7, 2.291e-8, 3.264e-7, 3.424e-7, 1.597e-8, 2.735e-7, 2.916e-7, 1.801e-8, 2.922e-7, 3.077e-7, 1.554e-8, 3.926e-7, 3.623e-7, -3.027e-8, 4.474e-7, 4.007e-7, -4.669e-8, 3.879e-7, 3.534e-7, -3.450e-8, 4.390e-7, 3.868e-7, -5.211e-8
0.144, 2.871e-7, 3.096e-7, 2.255e-8, 3.215e-7, 3.373e-7, 1.579e-8, 2.693e-7, 2.877e-7, 1.836e-8, 2.885e-7, 3.035e-7, 1.498e-8, 3.876e-7, 3.579e-7, -2.977e-8, 4.424e-7, 3.965e-7, -4.593e-8, 3.838e-7, 3.493e-7, -3.443e-8, 4.344e-7, 3.826e-7, -5.189e-8
0.140, 2.843e-7, 3.067e-7, 2.241e-8, 3.192e-7, 3.350e-7, 1.587e-8, 2.672e-7, 2.850e-7, 1.783e-8, 2.859e-7, 3.010e-7, 1.508e-8, 3.839e-7, 3.545e-7, -2.937e-8, 4.385e-7, 3.926e-7, -4.589e-8, 3.791e-7, 3.452e-7, -3.381e-8, 4.310e-7, 3.798e-7, -5.116e-8
0.136, 2.810e-7, 3.032e-7, 2.222e-8, 3.158e-7, 3.314e-7, 1.562e-8, 2.642e-7, 2.817e-7, 1.751e-8, 2.838e-7, 2.982e-7, 1.434e-8, 3.802e-7, 3.509e-7, -2.930e-8, 4.353e-7, 3.896e-7, -4.564e-8, 3.755e-7, 3.420e-7, -3.352e-8, 4.275e-7, 3.765e-7, -5.099e-8
0.132, 2.770e-7, 2.996e-7, 2.262e-8, 3.127e-7, 3.285e-7, 1.581e-8, 2.609e-7, 2.787e-7, 1.782e-8, 2.802e-7, 2.953e-7, 1.513e-8, 3.756e-7, 3.472e-7, -2.844e-8, 4.305e-7, 3.861e-7, -4.431e-8, 3.710e-7, 3.386e-7, -3.236e-8, 4.234e-7, 3.733e-7, -5.010e-8
0.128, 2.751e-7, 2.970e-7, 2.189e-8, 3.104e-7, 3.255e-7, 1.516e-8, 2.587e-7, 2.765e-7, 1.779e-8, 2.788e-7, 2.929e-7, 1.415e-8, 3.736e-7, 3.447e-7, -2.890e-8, 4.277e-7, 3.831e-7, -4.457e-8, 3.685e-7, 3.357e-7, -3.285e-8, 4.205e-7, 3.704e-7, -5.009e-8
0.124, 2.723e-7, 2.939e-7, 2.159e-8, 3.070e-7, 3.222e-7, 1.528e-8, 2.568e-7, 2.736e-7, 1.681e-8, 2.766e-7, 2.905e-7, 1.396e-8, 3.699e-7, 3.414e-7, -2.851e-8, 4.241e-7, 3.799e-7, -4.420e-8, 3.647e-7, 3.323e-7, -3.237e-8, 4.173e-7, 3.676e-7, -4.968e-8
0.120, 2.707e-7, 2.917e-7, 2.108e-8, 3.061e-7, 3.206e-7, 1.446e-8, 2.556e-7, 2.715e-7, 1.596e-8, 2.756e-7, 2.885e-7, 1.288e-8, 3.672e-7, 3.387e-7, -2.846e-8, 4.224e-7, 3.779e-7, -4.447e-8, 3.618e-7, 3.295e-7, -3.226e-8, 4.151e-7, 3.654e-7, -4.976e-8
0.116, 2.685e-7, 2.891e-7, 2.053e-8, 3.042e-7, 3.179e-7, 1.375e-8, 2.530e-7, 2.691e-7, 1.606e-8, 2.737e-7, 2.867e-7, 1.299e-8, 3.640e-7, 3.356e-7, -2.838e-8, 4.187e-7, 3.750e-7, -4.371e-8, 3.589e-7, 3.270e-7, -3.187e-8, 4.127e-7, 3.632e-7, -4.943e-8
0.112, 2.665e-7, 2.867e-7, 2.029e-8, 3.033e-7, 3.167e-7, 1.342e-8, 2.515e-7, 2.672e-7, 1.576e-8, 2.731e-7, 2.851e-7, 1.200e-8, 3.613e-7, 3.335e-7, -2.787e-8, 4.163e-7, 3.727e-7, -4.367e-8, 3.562e-7, 3.245e-7, -3.172e-8, 4.098e-7, 3.608e-7, -4.897e-8
0.108, 2.655e-7, 2.851e-7, 1.963e-8, 3.012e-7, 3.142e-7, 1.300e-8, 2.510e-7, 2.656e-7, 1.463e-8, 2.718e-7, 2.833e-7, 1.150e-8, 3.589e-7, 3.309e-7, -2.798e-8, 4.142e-7, 3.707e-7, -4.352e-8, 3.538e-7, 3.219e-7, -3.190e-8, 4.081e-7, 3.589e-7, -4.919e-8
0.104, 2.635e-7, 2.828e-7, 1.931e-8, 3.005e-7, 3.122e-7, 1.174e-8, 2.496e-7, 2.635e-7, 1.391e-8, 2.702e-7, 2.814e-7, 1.123e-8, 3.572e-7, 3.287e-7, -2.854e-8, 4.117e-7, 3.678e-7, -4.385e-8, 3.509e-7, 3.190e-7, -3.191e-8, 4.055e-7, 3.561e-7, -4.942e-8
0.100, 2.633e-7, 2.819e-7, 1.853e-8, 3.005e-7, 3.118e-7, 1.138e-8, 2.490e-7, 2.629e-7, 1.384e-8, 2.710e-7, 2.812e-7, 1.022e-8, 3.557e-7, 3.269e-7, -2.873e-8, 4.110e-7, 3.669e-7, -4.406e-8, 3.494e-7, 3.175e-7, -3.192e-8, 4.050e-7, 3.556e-7, -4.942e-8
0.096, 2.626e-7, 2.800e-7, 1.743e-8, 2.992e-7, 3.095e-7, 1.031e-8, 2.475e-7, 2.606e-7, 1.314e-8, 2.710e-7, 2.796e-7, 8.624e-9, 3.535e-7, 3.246e-7, -2.885e-8, 4.091e-7, 3.648e-7, -4.430e-8, 3.478e-7, 3.152e-7, -3.264e-8, 4.028e-7, 3.528e-7, -5.001e-8
0.092, 2.619e-7, 2.791e-7, 1.716e-8, 2.998e-7, 3.094e-7, 9.647e-9, 2.484e-7, 2.604e-7, 1.200e-8, 2.714e-7, 2.797e-7, 8.338e-9, 3.534e-7, 3.243e-7, -2.901e-8, 4.090e-7, 3.643e-7, -4.469e-8, 3.471e-7, 3.147e-7, -3.235e-8, 4.024e-7, 3.524e-7, -5.000e-8
0.088, 2.619e-7, 2.779e-7, 1.594e-8, 3.002e-7, 3.088e-7, 8.653e-9, 2.482e-7, 2.593e-7, 1.109e-8, 2.714e-7, 2.786e-7, 7.216e-9, 3.514e-7, 3.219e-7, -2.950e-8, 4.076e-7, 3.624e-7, -4.518e-8, 3.454e-7, 3.125e-7, -3.294e-8, 4.018e-7, 3.511e-7, -5.068e-8
0.084, 2.613e-7, 2.766e-7, 1.526e-8, 3.004e-7, 3.077e-7, 7.295e-9, 2.478e-7, 2.583e-7, 1.046e-8, 2.724e-7, 2.785e-7, 6.045e-9, 3.500e-7, 3.202e-7, -2.972e-8, 4.062e-7, 3.606e-7, -4.560e-8, 3.443e-7, 3.109e-7, -3.347e-8, 4.000e-7, 3.493e-7, -5.065e-8
0.080, 2.624e-7, 2.770e-7, 1.465e-8, 3.021e-7, 3.089e-7, 6.803e-9, 2.488e-7, 2.581e-7, 9.343e-9, 2.731e-7, 2.785e-7, 5.484e-9, 3.503e-7, 3.200e-7, -3.030e-8, 4.062e-7, 3.605e-7, -4.569e-8, 3.438e-7, 3.102e-7, -3.364e-8, 4.001e-7, 3.493e-7, -5.090e-8
0.076, 2.630e-7, 2.768e-7, 1.377e-8, 3.027e-7, 3.087e-7, 6.055e-9, 2.490e-7, 2.579e-7, 8.900e-9, 2.747e-7, 2.789e-7, 4.264e-9, 3.490e-7, 3.188e-7, -3.021e-8, 4.067e-7, 3.600e-7, -4.671e-8, 3.434e-7, 3.097e-7, -3.369e-8, 4.005e-7, 3.488e-7, -5.171e-8
0.072, 2.637e-7, 2.763e-7, 1.259e-8, 3.039e-7, 3.084e-7, 4.510e-9, 2.497e-7, 2.575e-7, 7.807e-9, 2.755e-7, 2.787e-7, 3.181e-9, 3.488e-7, 3.175e-7, -3.128e-8, 4.061e-7, 3.592e-7, -4.689e-8, 3.426e-7, 3.079e-7, -3.474e-8, 4.004e-7, 3.478e-7, -5.259e-8
0.068, 2.643e-7, 2.766e-7, 1.231e-8, 3.058e-7, 3.094e-7, 3.624e-9, 2.504e-7, 2.577e-7, 7.266e-9, 2.776e-7, 2.799e-7, 2.296e-9, 3.491e-7, 3.176e-7, -3.152e-8, 4.065e-7, 3.592e-7, -4.734e-8, 3.431e-7, 3.078e-7, -3.530e-8, 4.002e-7, 3.478e-7, -5.242e-8
0.064, 2.659e-7, 2.770e-7, 1.111e-8, 3.078e-7, 3.104e-7, 2.680e-9, 2.518e-7, 2.580e-7, 6.282e-9, 2.801e-7, 2.812e-7, 1.193e-9, 3.497e-7, 3.172e-7, -3.251e-8, 4.071e-7, 3.589e-7, -4.817e-8, 3.426e-7, 3.075e-7, -3.504e-8, 4.002e-7, 3.472e-7, -5.298e-8
0.060, 2.673e-7, 2.776e-7, 1.032e-8, 3.099e-7, 3.116e-7, 1.636e-9, 2.531e-7, 2.582e-7, 5.131e-9, 2.819e-7, 2.823e-7, 4.257e-10, 3.494e-7, 3.170e-7, -3.243e-8, 4.073e-7, 3.589e-7, -4.844e-8, 3.428e-7, 3.067e-7, -3.610e-8, 4.006e-7, 3.472e-7, -5.343e-8
0.056, 2.698e-7, 2.791e-7, 9.323e-9, 3.136e-7, 3.139e-7, 3.374e-10, 2.562e-7, 2.600e-7, 3.782e-9, 2.846e-7, 2.834e-7, -1.129e-9, 3.506e-7, 3.169e-7, -3.370e-8, 4.096e-7, 3.593e-7, -5.035e-8, 3.428e-7, 3.064e-7, -3.643e-8, 4.024e-7, 3.474e-7, -5.493e-8
0.052, 2.720e-7, 2.810e-7, 8.979e-9, 3.165e-7, 3.161e-7, -4.794e-10, 2.568e-7, 2.605e-7, 3.664e-9, 2.873e-7, 2.856e-7, -1.661e-9, 3.509e-7, 3.170e-7, -3.394e-8, 4.102e-7, 3.599e-7, -5.030e-8, 3.434e-7, 3.068e-7, -3.658e-8, 4.027e-7, 3.477e-7, -5.506e-8
0.048, 2.738e-7, 2.824e-7, 8.566e-9, 3.202e-7, 3.190e-7, -1.149e-9, 2.594e-7, 2.623e-7, 2.818e-9, 2.909e-7, 2.880e-7, -2.861e-9, 3.524e-7, 3.179e-7, -3.447e-8, 4.116e-7, 3.608e-7, -5.079e-8, 3.439e-7, 3.069e-7, -3.703e-8, 4.033e-7, 3.480e-7, -5.535e-8
0.044, 2.773e-7, 2.850e-7, 7.631e-9, 3.247e-7, 3.229e-7, -1.877e-9, 2.614e-7, 2.637e-7, 2.277e-9, 2.939e-7, 2.910e-7, -2.911e-9, 3.535e-7, 3.191e-7, -3.436e-8, 4.128e-7, 3.619e-7, -5.096e-8, 3.452e-7, 3.077e-7, -3.757e-8, 4.049e-7, 3.489e-7, -5.593e-8
0.040, 2.810e-7, 2.880e-7, 6.971e-9, 3.296e-7, 3.267e-7, -2.812e-9, 2.655e-7, 2.666e-7, 1.096e-9, 2.997e-7, 2.950e-7, -4.633e-9, 3.558e-7, 3.199e-7, -3.591e-8, 4.159e-7, 3.632e-7, -5.270e-8, 3.468e-7, 3.084e-7, -3.846e-8, 4.068e-7, 3.500e-7, -5.670e-8
0.036, 2.855e-7, 2.921e-7, 6.597e-9, 3.348e-7, 3.318e-7, -3.009e-9, 2.684e-7, 2.690e-7, 6.134e-10, 3.028e-7, 2.983e-7, -4.505e-9, 3.567e-7, 3.213e-7, -3.539e-8, 4.174e-7, 3.649e-7, -5.248e-8, 3.485e-7, 3.097e-7, -3.881e-8, 4.076e-7, 3.509e-7, -5.670e-8
0.032, 2.903e-7, 2.967e-7, 6.381e-9, 3.416e-7, 3.382e-7, -3.402e-9, 2.724e-7, 2.726e-7, 2.197e-10, 3.087e-7, 3.036e-7, -5.125e-9, 3.596e-7, 3.233e-7, -3.627e-8, 4.201e-7, 3.673e-7, -5.283e-8, 3.504e-7, 3.112e-7, -3.923e-8, 4.109e-7, 3.533e-7, -5.758e-8
0.028, 2.970e-7, 3.024e-7, 5.387e-9, 3.503e-7, 3.455e-7, -4.780e-9, 2.776e-7, 2.767e-7, -9.022e-10, 3.155e-7, 3.094e-7, -6.060e-9, 3.636e-7, 3.264e-7, -3.726e-8, 4.242e-7, 3.701e-7, -5.404e-8, 3.531e-7, 3.131e-7, -4.004e-8, 4.136e-7, 3.553e-7, -5.835e-8
0.024, 3.024e-7, 3.083e-7, 5.898e-9, 3.570e-7, 3.530e-7, -4.042e-9, 2.815e-7, 2.813e-7, -1.543e-10, 3.210e-7, 3.148e-7, -6.178e-9, 3.665e-7, 3.294e-7, -3.711e-8, 4.272e-7, 3.730e-7, -5.428e-8, 3.561e-7, 3.158e-7, -4.029e-8, 4.164e-7, 3.575e-7, -5.889e-8
0.020, 3.098e-7, 3.155e-7, 5.771e-9, 3.661e-7, 3.626e-7, -3.560e-9, 2.876e-7, 2.868e-7, -7.940e-10, 3.270e-7, 3.212e-7, -5.853e-9, 3.692e-7, 3.325e-7, -3.674e-8, 4.311e-7, 3.770e-7, -5.410e-8, 3.588e-7, 3.184e-7, -4.041e-8, 4.191e-7, 3.604e-7, -5.872e-8
0.016, 3.173e-7, 3.239e-7, 6.578e-9, 3.769e-7, 3.734e-7, -3.461e-9, 2.942e-7, 2.930e-7, -1.158e-9, 3.344e-7, 3.282e-7, -6.188e-9, 3.738e-7, 3.364e-7, -3.743e-8, 4.359e-7, 3.814e-7, -5.448e-8, 3.619e-7, 3.218e-7, -4.014e-8, 4.229e-7, 3.637e-7, -5.919e-8
0.012, 3.271e-7, 3.338e-7, 6.696e-9, 3.889e-7, 3.864e-7, -2.507e-9, 3.007e-7, 3.000e-7, -6.857e-10, 3.432e-7, 3.367e-7, -6.473e-9, 3.797e-7, 3.414e-7, -3.826e-8, 4.415e-7, 3.866e-7, -5.490e-8, 3.669e-7, 3.256e-7, -4.135e-8, 4.275e-7, 3.678e-7, -5.971e-8
0.008, 3.368e-7, 3.447e-7, 7.857e-9, 4.026e-7, 4.009e-7, -1.759e-9, 3.092e-7, 3.089e-7, -3.216e-10, 3.525e-7, 3.468e-7, -5.765e-9, 3.848e-7, 3.474e-7, -3.745e-8, 4.466e-7, 3.920e-7, -5.459e-8, 3.714e-7, 3.308e-7, -4.065e-8, 4.322e-7, 3.728e-7, -5.943e-8
0.004, 3.479e-7, 3.572e-7, 9.323e-9, 4.169e-7, 4.172e-7, 3.177e-10, 3.173e-7, 3.178e-7, 4.952e-10, 3.619e-7, 3.576e-7, -4.288e-9, 3.903e-7, 3.534e-7, -3.689e-8, 4.532e-7, 3.990e-7, -5.424e-8, 3.759e-7, 3.357e-7, -4.022e-8, 4.377e-7, 3.783e-7, -5.948e-8
-0.000, 3.610e-7, 3.717e-7, 1.065e-8, 4.340e-7, 4.358e-7, 1.784e-9, 3.276e-7, 3.289e-7, 1.243e-9, 3.750e-7, 3.711e-7, -3.875e-9, 3.979e-7, 3.612e-7, -3.675e-8, 4.608e-7, 4.068e-7, -5.399e-8, 3.824e-7, 3.422e-7, -4.022e-8, 4.440e-7, 3.848e-7, -5.923e-8
