0.004	4.987e-7	-2.783e-7	-7.770e-7	-5.218e-7	-5.664e-7	-4.773e-7	5.678e-7	-3.168e-7	-8.846e-7	-5.971e-7	-6.552e-7	-5.389e-7	4.751e-7	-2.681e-7	-7.433e-7	-5.068e-7	-5.546e-7	-4.590e-7	4.811e-7	-2.747e-7	-7.558e-7	-5.228e-7	-5.709e-7	-4.748e-7
0.008	4.880e-7	-7.451e-8	-5.625e-7	-3.786e-7	-4.002e-7	-3.571e-7	5.816e-7	-7.123e-8	-6.528e-7	-4.377e-7	-4.671e-7	-4.084e-7	4.802e-7	-6.281e-8	-5.430e-7	-3.658e-7	-3.909e-7	-3.407e-7	4.785e-7	-6.526e-8	-5.438e-7	-3.732e-7	-3.991e-7	-3.473e-7
0.012	4.440e-7	-5.721e-9	-4.498e-7	-2.998e-7	-3.117e-7	-2.879e-7	5.309e-7	6.010e-9	-5.249e-7	-3.484e-7	-3.680e-7	-3.289e-7	4.353e-7	6.198e-9	-4.291e-7	-2.868e-7	-3.029e-7	-2.708e-7	4.346e-7	2.527e-9	-4.320e-7	-2.898e-7	-3.043e-7	-2.753e-7
0.016	4.129e-7	3.189e-8	-3.810e-7	-2.492e-7	-2.558e-7	-2.427e-7	4.932e-7	5.068e-8	-4.426e-7	-2.907e-7	-3.071e-7	-2.743e-7	4.017e-7	4.269e-8	-3.590e-7	-2.380e-7	-2.497e-7	-2.264e-7	4.017e-7	4.050e-8	-3.612e-7	-2.400e-7	-2.473e-7	-2.327e-7
0.020	3.847e-7	5.774e-8	-3.269e-7	-2.115e-7	-2.165e-7	-2.065e-7	4.646e-7	7.700e-8	-3.876e-7	-2.516e-7	-2.632e-7	-2.400e-7	3.768e-7	6.367e-8	-3.131e-7	-2.040e-7	-2.098e-7	-1.982e-7	3.779e-7	6.418e-8	-3.137e-7	-2.037e-7	-2.087e-7	-1.986e-7
0.024	3.589e-7	6.923e-8	-2.896e-7	-1.893e-7	-1.937e-7	-1.849e-7	4.420e-7	9.766e-8	-3.443e-7	-2.216e-7	-2.311e-7	-2.121e-7	3.558e-7	8.168e-8	-2.741e-7	-1.757e-7	-1.814e-7	-1.699e-7	3.519e-7	8.055e-8	-2.714e-7	-1.785e-7	-1.826e-7	-1.744e-7
0.028	3.467e-7	8.288e-8	-2.638e-7	-1.677e-7	-1.689e-7	-1.665e-7	4.236e-7	1.135e-7	-3.101e-7	-1.979e-7	-2.077e-7	-1.880e-7	3.391e-7	9.110e-8	-2.480e-7	-1.588e-7	-1.631e-7	-1.545e-7	3.413e-7	9.248e-8	-2.489e-7	-1.622e-7	-1.657e-7	-1.587e-7
0.032	3.327e-7	9.426e-8	-2.384e-7	-1.537e-7	-1.561e-7	-1.512e-7	4.066e-7	1.209e-7	-2.857e-7	-1.812e-7	-1.886e-7	-1.738e-7	3.307e-7	1.032e-7	-2.276e-7	-1.434e-7	-1.469e-7	-1.399e-7	3.306e-7	1.050e-7	-2.255e-7	-1.427e-7	-1.448e-7	-1.405e-7
0.036	3.234e-7	1.045e-7	-2.189e-7	-1.389e-7	-1.386e-7	-1.391e-7	4.009e-7	1.334e-7	-2.675e-7	-1.682e-7	-1.750e-7	-1.614e-7	3.182e-7	1.074e-7	-2.108e-7	-1.309e-7	-1.343e-7	-1.275e-7	3.187e-7	1.113e-7	-2.074e-7	-1.292e-7	-1.298e-7	-1.287e-7
0.040	3.058e-7	1.051e-7	-2.007e-7	-1.258e-7	-1.271e-7	-1.246e-7	3.822e-7	1.373e-7	-2.449e-7	-1.553e-7	-1.616e-7	-1.491e-7	3.121e-7	1.162e-7	-1.959e-7	-1.224e-7	-1.247e-7	-1.202e-7	3.074e-7	1.144e-7	-1.930e-7	-1.216e-7	-1.241e-7	-1.190e-7
0.044	3.057e-7	1.146e-7	-1.911e-7	-1.186e-7	-1.181e-7	-1.192e-7	3.773e-7	1.440e-7	-2.333e-7	-1.449e-7	-1.523e-7	-1.375e-7	2.998e-7	1.172e-7	-1.826e-7	-1.139e-7	-1.168e-7	-1.111e-7	2.994e-7	1.214e-7	-1.780e-7	-1.104e-7	-1.116e-7	-1.091e-7
0.048	2.947e-7	1.148e-7	-1.799e-7	-1.115e-7	-1.085e-7	-1.145e-7	3.744e-7	1.537e-7	-2.207e-7	-1.336e-7	-1.396e-7	-1.276e-7	2.933e-7	1.228e-7	-1.705e-7	-1.067e-7	-1.104e-7	-1.029e-7	2.878e-7	1.194e-7	-1.684e-7	-1.053e-7	-1.070e-7	-1.036e-7
0.052	2.835e-7	1.183e-7	-1.651e-7	-1.047e-7	-1.074e-7	-1.020e-7	3.666e-7	1.582e-7	-2.085e-7	-1.293e-7	-1.344e-7	-1.242e-7	2.921e-7	1.259e-7	-1.662e-7	-9.962e-8	-1.017e-7	-9.756e-8	2.860e-7	1.255e-7	-1.605e-7	-9.771e-8	-9.857e-8	-9.685e-8
0.056	2.822e-7	1.218e-7	-1.604e-7	-1.010e-7	-1.032e-7	-9.879e-8	3.588e-7	1.584e-7	-2.004e-7	-1.207e-7	-1.260e-7	-1.154e-7	2.865e-7	1.315e-7	-1.550e-7	-9.259e-8	-9.331e-8	-9.187e-8	2.876e-7	1.348e-7	-1.528e-7	-9.191e-8	-9.163e-8	-9.219e-8
0.060	2.772e-7	1.228e-7	-1.544e-7	-9.633e-8	-9.611e-8	-9.655e-8	3.534e-7	1.634e-7	-1.900e-7	-1.138e-7	-1.194e-7	-1.082e-7	2.832e-7	1.346e-7	-1.486e-7	-8.848e-8	-8.784e-8	-8.911e-8	2.814e-7	1.323e-7	-1.491e-7	-9.029e-8	-9.176e-8	-8.882e-8
0.064	2.767e-7	1.286e-7	-1.482e-7	-8.820e-8	-8.947e-8	-8.692e-8	3.497e-7	1.695e-7	-1.802e-7	-1.090e-7	-1.140e-7	-1.040e-7	2.794e-7	1.333e-7	-1.461e-7	-8.621e-8	-8.552e-8	-8.690e-8	2.786e-7	1.350e-7	-1.436e-7	-8.510e-8	-8.381e-8	-8.638e-8
0.068	2.714e-7	1.267e-7	-1.447e-7	-8.674e-8	-8.701e-8	-8.647e-8	3.495e-7	1.710e-7	-1.786e-7	-1.050e-7	-1.053e-7	-1.048e-7	2.809e-7	1.425e-7	-1.385e-7	-7.983e-8	-8.059e-8	-7.907e-8	2.760e-7	1.381e-7	-1.379e-7	-8.033e-8	-8.055e-8	-8.010e-8
0.072	2.726e-7	1.334e-7	-1.392e-7	-8.048e-8	-7.989e-8	-8.106e-8	3.416e-7	1.702e-7	-1.715e-7	-1.008e-7	-1.064e-7	-9.514e-8	2.748e-7	1.407e-7	-1.341e-7	-7.943e-8	-7.933e-8	-7.954e-8	2.783e-7	1.414e-7	-1.369e-7	-7.866e-8	-7.580e-8	-8.152e-8
0.076	2.714e-7	1.385e-7	-1.330e-7	-7.660e-8	-7.760e-8	-7.559e-8	3.361e-7	1.738e-7	-1.623e-7	-9.605e-8	-1.021e-7	-8.997e-8	2.718e-7	1.399e-7	-1.318e-7	-7.752e-8	-7.620e-8	-7.883e-8	2.771e-7	1.442e-7	-1.329e-7	-7.510e-8	-7.198e-8	-7.822e-8
0.080	2.745e-7	1.399e-7	-1.346e-7	-7.636e-8	-7.636e-8	-7.635e-8	3.357e-7	1.745e-7	-1.612e-7	-9.263e-8	-9.762e-8	-8.765e-8	2.675e-7	1.438e-7	-1.237e-7	-7.054e-8	-7.124e-8	-6.983e-8	2.732e-7	1.461e-7	-1.270e-7	-7.117e-8	-6.737e-8	-7.498e-8
0.084	2.627e-7	1.368e-7	-1.260e-7	-7.337e-8	-7.726e-8	-6.947e-8	3.418e-7	1.788e-7	-1.630e-7	-9.185e-8	-9.547e-8	-8.822e-8	2.717e-7	1.464e-7	-1.253e-7	-6.749e-8	-6.542e-8	-6.956e-8	2.696e-7	1.491e-7	-1.205e-7	-6.895e-8	-6.946e-8	-6.843e-8
0.088	2.680e-7	1.421e-7	-1.259e-7	-7.094e-8	-6.829e-8	-7.359e-8	3.409e-7	1.808e-7	-1.601e-7	-8.910e-8	-9.333e-8	-8.486e-8	2.669e-7	1.479e-7	-1.191e-7	-6.623e-8	-6.702e-8	-6.544e-8	2.641e-7	1.480e-7	-1.161e-7	-6.414e-8	-6.389e-8	-6.439e-8
0.092	2.645e-7	1.451e-7	-1.194e-7	-6.531e-8	-6.348e-8	-6.715e-8	3.379e-7	1.849e-7	-1.530e-7	-8.702e-8	-9.205e-8	-8.200e-8	2.648e-7	1.452e-7	-1.196e-7	-6.611e-8	-6.534e-8	-6.689e-8	2.709e-7	1.526e-7	-1.184e-7	-6.289e-8	-6.112e-8	-6.466e-8
0.096	2.644e-7	1.447e-7	-1.197e-7	-6.678e-8	-6.823e-8	-6.532e-8	3.377e-7	1.874e-7	-1.503e-7	-8.436e-8	-8.662e-8	-8.211e-8	2.732e-7	1.540e-7	-1.192e-7	-6.318e-8	-6.108e-8	-6.529e-8	2.662e-7	1.516e-7	-1.146e-7	-6.244e-8	-6.172e-8	-6.315e-8
0.100	2.624e-7	1.486e-7	-1.138e-7	-6.481e-8	-6.540e-8	-6.422e-8	3.429e-7	1.914e-7	-1.515e-7	-8.421e-8	-8.536e-8	-8.307e-8	2.743e-7	1.532e-7	-1.211e-7	-6.079e-8	-6.008e-8	-6.151e-8	2.636e-7	1.539e-7	-1.096e-7	-5.761e-8	-5.681e-8	-5.841e-8
0.104	2.649e-7	1.513e-7	-1.137e-7	-6.033e-8	-6.041e-8	-6.025e-8	3.406e-7	1.953e-7	-1.453e-7	-7.919e-8	-8.338e-8	-7.500e-8	2.682e-7	1.549e-7	-1.133e-7	-5.804e-8	-6.062e-8	-5.546e-8	2.610e-7	1.524e-7	-1.086e-7	-5.770e-8	-5.659e-8	-5.881e-8
0.108	2.675e-7	1.534e-7	-1.141e-7	-6.015e-8	-5.728e-8	-6.302e-8	3.349e-7	1.925e-7	-1.424e-7	-7.758e-8	-8.353e-8	-7.164e-8	2.649e-7	1.544e-7	-1.105e-7	-5.797e-8	-5.936e-8	-5.657e-8	2.699e-7	1.605e-7	-1.094e-7	-5.433e-8	-5.203e-8	-5.663e-8
0.112	2.682e-7	1.533e-7	-1.150e-7	-6.220e-8	-5.962e-8	-6.478e-8	3.408e-7	1.969e-7	-1.440e-7	-7.364e-8	-7.909e-8	-6.819e-8	2.708e-7	1.616e-7	-1.092e-7	-5.265e-8	-5.328e-8	-5.201e-8	2.673e-7	1.626e-7	-1.047e-7	-5.683e-8	-5.361e-8	-6.004e-8
0.116	2.612e-7	1.536e-7	-1.076e-7	-5.741e-8	-5.705e-8	-5.776e-8	3.436e-7	2.028e-7	-1.408e-7	-7.315e-8	-7.687e-8	-6.942e-8	2.736e-7	1.619e-7	-1.118e-7	-5.523e-8	-5.458e-8	-5.589e-8	2.679e-7	1.598e-7	-1.080e-7	-5.497e-8	-5.346e-8	-5.647e-8
0.120	2.632e-7	1.527e-7	-1.106e-7	-5.694e-8	-5.632e-8	-5.755e-8	3.449e-7	2.050e-7	-1.399e-7	-7.035e-8	-7.398e-8	-6.673e-8	2.713e-7	1.643e-7	-1.070e-7	-5.151e-8	-5.163e-8	-5.140e-8	2.679e-7	1.624e-7	-1.055e-7	-5.330e-8	-5.378e-8	-5.281e-8
0.124	2.729e-7	1.603e-7	-1.126e-7	-6.015e-8	-5.829e-8	-6.200e-8	3.417e-7	2.017e-7	-1.401e-7	-7.103e-8	-7.896e-8	-6.311e-8	2.648e-7	1.618e-7	-1.030e-7	-4.876e-8	-4.779e-8	-4.974e-8	2.757e-7	1.712e-7	-1.045e-7	-5.071e-8	-4.646e-8	-5.496e-8
0.128	2.697e-7	1.608e-7	-1.089e-7	-5.496e-8	-5.467e-8	-5.524e-8	3.438e-7	2.024e-7	-1.414e-7	-7.105e-8	-7.408e-8	-6.802e-8	2.749e-7	1.693e-7	-1.056e-7	-4.868e-8	-4.890e-8	-4.847e-8	2.728e-7	1.702e-7	-1.026e-7	-4.832e-8	-4.624e-8	-5.041e-8
0.132	2.701e-7	1.627e-7	-1.074e-7	-5.339e-8	-5.259e-8	-5.418e-8	3.468e-7	2.110e-7	-1.358e-7	-6.670e-8	-6.975e-8	-6.365e-8	2.715e-7	1.685e-7	-1.030e-7	-4.938e-8	-4.927e-8	-4.949e-8	2.746e-7	1.709e-7	-1.037e-7	-4.879e-8	-4.622e-8	-5.136e-8
0.136	2.723e-7	1.647e-7	-1.076e-7	-5.222e-8	-5.046e-8	-5.397e-8	3.522e-7	2.122e-7	-1.400e-7	-6.721e-8	-7.055e-8	-6.387e-8	2.787e-7	1.712e-7	-1.075e-7	-4.745e-8	-4.750e-8	-4.740e-8	2.731e-7	1.724e-7	-1.007e-7	-4.677e-8	-4.745e-8	-4.609e-8
0.140	2.763e-7	1.681e-7	-1.082e-7	-5.039e-8	-4.762e-8	-5.316e-8	3.492e-7	2.142e-7	-1.350e-7	-6.464e-8	-6.868e-8	-6.061e-8	2.732e-7	1.724e-7	-1.008e-7	-4.671e-8	-4.708e-8	-4.633e-8	2.752e-7	1.738e-7	-1.015e-7	-4.807e-8	-4.725e-8	-4.889e-8
0.144	2.762e-7	1.698e-7	-1.065e-7	-5.168e-8	-5.258e-8	-5.078e-8	3.518e-7	2.129e-7	-1.389e-7	-6.394e-8	-6.686e-8	-6.102e-8	2.834e-7	1.774e-7	-1.060e-7	-4.673e-8	-4.430e-8	-4.916e-8	2.804e-7	1.781e-7	-1.023e-7	-4.616e-8	-4.503e-8	-4.729e-8
0.148	2.803e-7	1.716e-7	-1.087e-7	-4.657e-8	-4.465e-8	-4.848e-8	3.527e-7	2.209e-7	-1.317e-7	-6.397e-8	-6.993e-8	-5.801e-8	2.855e-7	1.792e-7	-1.062e-7	-4.634e-8	-4.475e-8	-4.794e-8	2.812e-7	1.790e-7	-1.023e-7	-4.648e-8	-4.594e-8	-4.701e-8
0.152	2.822e-7	1.788e-7	-1.033e-7	-4.935e-8	-4.673e-8	-5.197e-8	3.633e-7	2.263e-7	-1.370e-7	-6.402e-8	-6.636e-8	-6.167e-8	2.880e-7	1.808e-7	-1.072e-7	-4.417e-8	-4.513e-8	-4.321e-8	2.809e-7	1.794e-7	-1.015e-7	-4.168e-8	-4.279e-8	-4.057e-8
0.156	2.856e-7	1.814e-7	-1.042e-7	-4.633e-8	-4.538e-8	-4.728e-8	3.645e-7	2.269e-7	-1.376e-7	-6.303e-8	-6.581e-8	-6.025e-8	2.889e-7	1.825e-7	-1.065e-7	-4.500e-8	-4.342e-8	-4.658e-8	2.894e-7	1.872e-7	-1.022e-7	-4.105e-8	-4.119e-8	-4.090e-8
0.160	2.887e-7	1.822e-7	-1.065e-7	-4.720e-8	-4.990e-8	-4.450e-8	3.658e-7	2.288e-7	-1.370e-7	-6.086e-8	-6.433e-8	-5.740e-8	2.945e-7	1.878e-7	-1.067e-7	-4.364e-8	-4.076e-8	-4.652e-8	2.929e-7	1.893e-7	-1.036e-7	-4.329e-8	-4.107e-8	-4.552e-8
0.164	2.908e-7	1.849e-7	-1.059e-7	-4.536e-8	-4.494e-8	-4.578e-8	3.711e-7	2.357e-7	-1.354e-7	-5.754e-8	-6.001e-8	-5.507e-8	2.946e-7	1.909e-7	-1.036e-7	-4.297e-8	-4.319e-8	-4.274e-8	2.924e-7	1.924e-7	-1.000e-7	-4.147e-8	-4.022e-8	-4.272e-8
0.168	2.993e-7	1.921e-7	-1.072e-7	-4.333e-8	-3.969e-8	-4.697e-8	3.742e-7	2.374e-7	-1.369e-7	-5.868e-8	-6.579e-8	-5.156e-8	2.945e-7	1.900e-7	-1.045e-7	-4.190e-8	-4.427e-8	-3.953e-8	2.931e-7	1.923e-7	-1.008e-7	-4.107e-8	-3.802e-8	-4.413e-8
0.172	3.009e-7	1.942e-7	-1.066e-7	-4.500e-8	-4.187e-8	-4.814e-8	3.822e-7	2.430e-7	-1.392e-7	-5.870e-8	-6.206e-8	-5.533e-8	3.017e-7	1.951e-7	-1.066e-7	-4.227e-8	-4.313e-8	-4.140e-8	3.007e-7	1.980e-7	-1.027e-7	-4.033e-8	-3.898e-8	-4.168e-8
0.176	3.048e-7	1.973e-7	-1.075e-7	-4.211e-8	-4.250e-8	-4.172e-8	3.831e-7	2.492e-7	-1.339e-7	-5.683e-8	-6.120e-8	-5.246e-8	3.006e-7	1.976e-7	-1.031e-7	-4.142e-8	-4.124e-8	-4.160e-8	3.056e-7	2.004e-7	-1.052e-7	-4.146e-8	-3.974e-8	-4.319e-8
0.180	3.098e-7	2.027e-7	-1.071e-7	-4.257e-8	-3.999e-8	-4.515e-8	3.948e-7	2.558e-7	-1.391e-7	-5.808e-8	-6.001e-8	-5.616e-8	3.141e-7	2.029e-7	-1.111e-7	-4.094e-8	-4.130e-8	-4.059e-8	3.068e-7	2.033e-7	-1.035e-7	-3.821e-8	-3.742e-8	-3.900e-8
0.184	3.165e-7	2.075e-7	-1.090e-7	-3.992e-8	-3.879e-8	-4.106e-8	3.924e-7	2.561e-7	-1.363e-7	-5.432e-8	-5.975e-8	-4.889e-8	3.147e-7	2.066e-7	-1.081e-7	-4.114e-8	-3.984e-8	-4.245e-8	3.172e-7	2.098e-7	-1.075e-7	-4.051e-8	-3.913e-8	-4.189e-8
0.188	3.207e-7	2.107e-7	-1.100e-7	-4.205e-8	-4.144e-8	-4.266e-8	3.995e-7	2.612e-7	-1.383e-7	-5.594e-8	-5.894e-8	-5.294e-8	3.212e-7	2.126e-7	-1.086e-7	-3.891e-8	-3.896e-8	-3.886e-8	3.177e-7	2.112e-7	-1.065e-7	-3.945e-8	-3.701e-8	-4.190e-8
0.192	3.254e-7	2.138e-7	-1.116e-7	-4.387e-8	-4.347e-8	-4.426e-8	4.020e-7	2.638e-7	-1.382e-7	-5.212e-8	-5.756e-8	-4.667e-8	3.267e-7	2.194e-7	-1.073e-7	-3.619e-8	-3.503e-8	-3.736e-8	3.275e-7	2.205e-7	-1.070e-7	-4.076e-8	-3.981e-8	-4.171e-8
0.196	3.312e-7	2.193e-7	-1.119e-7	-4.156e-8	-3.994e-8	-4.319e-8	4.113e-7	2.704e-7	-1.409e-7	-5.325e-8	-5.552e-8	-5.098e-8	3.337e-7	2.244e-7	-1.093e-7	-3.527e-8	-3.505e-8	-3.548e-8	3.326e-7	2.259e-7	-1.067e-7	-3.842e-8	-3.706e-8	-3.977e-8
0.200	3.377e-7	2.271e-7	-1.107e-7	-3.916e-8	-3.835e-8	-3.996e-8	4.200e-7	2.802e-7	-1.398e-7	-5.271e-8	-5.481e-8	-5.061e-8	3.404e-7	2.256e-7	-1.148e-7	-3.940e-8	-3.907e-8	-3.973e-8	3.359e-7	2.254e-7	-1.105e-7	-3.490e-8	-3.479e-8	-3.502e-8
0.204	3.438e-7	2.309e-7	-1.129e-7	-3.953e-8	-3.613e-8	-4.292e-8	4.298e-7	2.875e-7	-1.423e-7	-5.236e-8	-5.439e-8	-5.033e-8	3.438e-7	2.308e-7	-1.131e-7	-3.834e-8	-3.887e-8	-3.780e-8	3.372e-7	2.317e-7	-1.055e-7	-3.528e-8	-3.605e-8	-3.452e-8
0.208	3.544e-7	2.363e-7	-1.181e-7	-4.069e-8	-4.069e-8	-4.070e-8	4.350e-7	2.933e-7	-1.417e-7	-4.963e-8	-5.076e-8	-4.849e-8	3.543e-7	2.396e-7	-1.147e-7	-3.469e-8	-3.350e-8	-3.587e-8	3.492e-7	2.368e-7	-1.124e-7	-3.946e-8	-3.635e-8	-4.258e-8
0.212	3.639e-7	2.480e-7	-1.159e-7	-3.672e-8	-3.446e-8	-3.897e-8	4.422e-7	2.979e-7	-1.443e-7	-5.330e-8	-5.801e-8	-4.859e-8	3.537e-7	2.387e-7	-1.150e-7	-3.820e-8	-3.782e-8	-3.859e-8	3.579e-7	2.441e-7	-1.138e-7	-3.418e-8	-3.063e-8	-3.773e-8
0.216	3.675e-7	2.497e-7	-1.178e-7	-3.692e-8	-3.588e-8	-3.795e-8	4.511e-7	3.063e-7	-1.448e-7	-5.093e-8	-5.485e-8	-4.700e-8	3.647e-7	2.473e-7	-1.174e-7	-3.679e-8	-3.524e-8	-3.834e-8	3.635e-7	2.491e-7	-1.144e-7	-3.788e-8	-3.700e-8	-3.876e-8
0.220	3.739e-7	2.540e-7	-1.199e-7	-3.755e-8	-3.479e-8	-4.031e-8	4.591e-7	3.101e-7	-1.490e-7	-5.009e-8	-5.177e-8	-4.841e-8	3.732e-7	2.539e-7	-1.193e-7	-3.755e-8	-3.782e-8	-3.728e-8	3.639e-7	2.505e-7	-1.134e-7	-3.613e-8	-3.791e-8	-3.435e-8
0.224	3.897e-7	2.659e-7	-1.239e-7	-3.646e-8	-3.334e-8	-3.957e-8	4.641e-7	3.161e-7	-1.479e-7	-5.041e-8	-5.580e-8	-4.502e-8	3.712e-7	2.555e-7	-1.157e-7	-3.521e-8	-3.633e-8	-3.408e-8	3.788e-7	2.604e-7	-1.183e-7	-3.440e-8	-2.956e-8	-3.925e-8
0.228	3.898e-7	2.683e-7	-1.215e-7	-3.869e-8	-3.813e-8	-3.925e-8	4.655e-7	3.173e-7	-1.482e-7	-5.119e-8	-5.521e-8	-4.716e-8	3.838e-7	2.625e-7	-1.212e-7	-3.401e-8	-3.322e-8	-3.480e-8	3.863e-7	2.690e-7	-1.173e-7	-3.410e-8	-3.311e-8	-3.510e-8
0.232	3.974e-7	2.733e-7	-1.241e-7	-3.628e-8	-3.393e-8	-3.864e-8	4.802e-7	3.289e-7	-1.513e-7	-4.830e-8	-5.064e-8	-4.596e-8	3.861e-7	2.667e-7	-1.194e-7	-3.475e-8	-3.706e-8	-3.244e-8	3.866e-7	2.690e-7	-1.176e-7	-3.429e-8	-3.529e-8	-3.330e-8
0.236	4.132e-7	2.841e-7	-1.290e-7	-3.636e-8	-3.292e-8	-3.979e-8	4.817e-7	3.328e-7	-1.489e-7	-4.898e-8	-5.718e-8	-4.078e-8	3.867e-7	2.692e-7	-1.175e-7	-3.508e-8	-3.515e-8	-3.502e-8	4.002e-7	2.770e-7	-1.232e-7	-3.464e-8	-2.887e-8	-4.042e-8
0.240	4.136e-7	2.875e-7	-1.260e-7	-3.590e-8	-3.464e-8	-3.716e-8	4.881e-7	3.364e-7	-1.517e-7	-4.847e-8	-5.332e-8	-4.361e-8	3.976e-7	2.747e-7	-1.229e-7	-3.463e-8	-3.416e-8	-3.509e-8	4.087e-7	2.843e-7	-1.243e-7	-3.304e-8	-2.935e-8	-3.674e-8
0.244	4.203e-7	2.909e-7	-1.294e-7	-3.696e-8	-3.646e-8	-3.746e-8	4.978e-7	3.444e-7	-1.534e-7	-4.881e-8	-5.342e-8	-4.420e-8	4.067e-7	2.835e-7	-1.232e-7	-3.337e-8	-3.129e-8	-3.546e-8	4.126e-7	2.894e-7	-1.232e-7	-3.282e-8	-3.221e-8	-3.342e-8
0.248	4.232e-7	2.954e-7	-1.278e-7	-3.612e-8	-3.503e-8	-3.720e-8	5.038e-7	3.499e-7	-1.539e-7	-4.631e-8	-4.977e-8	-4.285e-8	4.141e-7	2.881e-7	-1.260e-7	-3.272e-8	-3.525e-8	-3.019e-8	4.151e-7	2.909e-7	-1.242e-7	-3.329e-8	-3.286e-8	-3.371e-8
0.252	4.315e-7	3.023e-7	-1.292e-7	-3.639e-8	-3.346e-8	-3.931e-8	5.125e-7	3.553e-7	-1.572e-7	-4.400e-8	-4.535e-8	-4.264e-8	4.181e-7	2.939e-7	-1.242e-7	-3.159e-8	-3.300e-8	-3.018e-8	4.173e-7	2.929e-7	-1.244e-7	-3.365e-8	-3.194e-8	-3.536e-8
0.256	4.313e-7	3.031e-7	-1.282e-7	-3.501e-8	-3.262e-8	-3.740e-8	5.141e-7	3.593e-7	-1.548e-7	-4.496e-8	-4.666e-8	-4.326e-8	4.242e-7	2.988e-7	-1.254e-7	-3.247e-8	-3.110e-8	-3.384e-8	4.249e-7	3.011e-7	-1.238e-7	-3.154e-8	-3.204e-8	-3.104e-8
0.260	4.430e-7	3.101e-7	-1.329e-7	-3.635e-8	-3.393e-8	-3.878e-8	5.283e-7	3.666e-7	-1.618e-7	-4.843e-8	-5.204e-8	-4.482e-8	4.284e-7	3.013e-7	-1.271e-7	-3.253e-8	-3.316e-8	-3.191e-8	4.267e-7	3.032e-7	-1.235e-7	-3.195e-8	-2.891e-8	-3.499e-8
0.264	4.419e-7	3.130e-7	-1.289e-7	-3.263e-8	-3.130e-8	-3.397e-8	5.292e-7	3.729e-7	-1.563e-7	-4.499e-8	-4.530e-8	-4.468e-8	4.370e-7	3.054e-7	-1.315e-7	-3.397e-8	-3.246e-8	-3.548e-8	4.324e-7	3.052e-7	-1.272e-7	-3.128e-8	-3.090e-8	-3.165e-8
0.268	4.401e-7	3.159e-7	-1.242e-7	-3.436e-8	-3.454e-8	-3.418e-8	5.270e-7	3.678e-7	-1.592e-7	-5.000e-8	-5.485e-8	-4.514e-8	4.324e-7	3.040e-7	-1.284e-7	-3.054e-8	-3.010e-8	-3.097e-8	4.384e-7	3.156e-7	-1.228e-7	-2.786e-8	-2.636e-8	-2.936e-8
0.272	4.440e-7	3.153e-7	-1.288e-7	-3.708e-8	-3.641e-8	-3.775e-8	5.321e-7	3.733e-7	-1.588e-7	-4.597e-8	-4.854e-8	-4.339e-8	4.383e-7	3.105e-7	-1.277e-7	-3.110e-8	-2.773e-8	-3.446e-8	4.422e-7	3.146e-7	-1.276e-7	-3.289e-8	-3.101e-8	-3.476e-8
0.276	4.480e-7	3.199e-7	-1.281e-7	-3.370e-8	-3.404e-8	-3.336e-8	5.316e-7	3.756e-7	-1.559e-7	-4.715e-8	-5.325e-8	-4.105e-8	4.379e-7	3.109e-7	-1.269e-7	-3.209e-8	-2.968e-8	-3.449e-8	4.427e-7	3.174e-7	-1.254e-7	-2.964e-8	-2.679e-8	-3.249e-8
0.280	4.509e-7	3.243e-7	-1.266e-7	-3.375e-8	-3.416e-8	-3.334e-8	5.339e-7	3.754e-7	-1.584e-7	-4.606e-8	-4.910e-8	-4.303e-8	4.378e-7	3.129e-7	-1.250e-7	-3.083e-8	-3.133e-8	-3.032e-8	4.393e-7	3.158e-7	-1.236e-7	-3.169e-8	-2.911e-8	-3.427e-8
0.284	4.452e-7	3.207e-7	-1.245e-7	-3.547e-8	-3.551e-8	-3.543e-8	5.343e-7	3.797e-7	-1.546e-7	-4.373e-8	-4.701e-8	-4.045e-8	4.429e-7	3.172e-7	-1.257e-7	-3.046e-8	-2.944e-8	-3.148e-8	4.390e-7	3.168e-7	-1.222e-7	-3.225e-8	-3.067e-8	-3.383e-8
0.288	4.490e-7	3.276e-7	-1.214e-7	-3.435e-8	-3.296e-8	-3.575e-8	5.349e-7	3.812e-7	-1.537e-7	-4.602e-8	-4.865e-8	-4.338e-8	4.405e-7	3.164e-7	-1.241e-7	-3.245e-8	-3.193e-8	-3.296e-8	4.416e-7	3.202e-7	-1.214e-7	-3.041e-8	-2.965e-8	-3.117e-8
0.292	4.447e-7	3.256e-7	-1.191e-7	-3.394e-8	-3.336e-8	-3.453e-8	5.331e-7	3.826e-7	-1.506e-7	-4.370e-8	-4.687e-8	-4.054e-8	4.418e-7	3.178e-7	-1.239e-7	-3.179e-8	-3.007e-8	-3.351e-8	4.428e-7	3.211e-7	-1.218e-7	-2.998e-8	-2.768e-8	-3.228e-8
0.296	4.509e-7	3.272e-7	-1.238e-7	-3.300e-8	-2.803e-8	-3.796e-8	5.385e-7	3.896e-7	-1.489e-7	-4.360e-8	-4.718e-8	-4.002e-8	4.299e-7	3.132e-7	-1.167e-7	-3.267e-8	-3.474e-8	-3.061e-8	4.365e-7	3.160e-7	-1.205e-7	-3.493e-8	-3.260e-8	-3.726e-8
0.300	4.443e-7	3.265e-7	-1.179e-7	-3.260e-8	-2.957e-8	-3.563e-8	5.361e-7	3.889e-7	-1.472e-7	-4.328e-8	-4.580e-8	-4.076e-8	4.349e-7	3.183e-7	-1.167e-7	-2.952e-8	-2.916e-8	-2.989e-8	4.338e-7	3.173e-7	-1.166e-7	-3.198e-8	-3.112e-8	-3.283e-8
0.304	4.394e-7	3.242e-7	-1.152e-7	-3.447e-8	-3.322e-8	-3.572e-8	5.301e-7	3.852e-7	-1.449e-7	-4.334e-8	-4.508e-8	-4.160e-8	4.337e-7	3.202e-7	-1.135e-7	-2.971e-8	-2.870e-8	-3.071e-8	4.380e-7	3.198e-7	-1.183e-7	-3.374e-8	-3.248e-8	-3.501e-8
0.308	4.440e-7	3.291e-7	-1.148e-7	-3.480e-8	-3.305e-8	-3.655e-8	5.295e-7	3.871e-7	-1.424e-7	-4.419e-8	-4.811e-8	-4.026e-8	4.276e-7	3.152e-7	-1.124e-7	-3.213e-8	-3.141e-8	-3.284e-8	4.337e-7	3.208e-7	-1.129e-7	-2.982e-8	-2.633e-8	-3.331e-8
0.312	4.398e-7	3.281e-7	-1.117e-7	-3.366e-8	-3.061e-8	-3.671e-8	5.266e-7	3.889e-7	-1.378e-7	-4.153e-8	-4.708e-8	-3.598e-8	4.238e-7	3.155e-7	-1.084e-7	-3.159e-8	-3.221e-8	-3.097e-8	4.319e-7	3.192e-7	-1.127e-7	-3.291e-8	-3.292e-8	-3.289e-8
0.316	4.393e-7	3.282e-7	-1.111e-7	-3.360e-8	-3.109e-8	-3.610e-8	5.259e-7	3.909e-7	-1.350e-7	-4.400e-8	-4.955e-8	-3.844e-8	4.230e-7	3.148e-7	-1.082e-7	-3.205e-8	-3.378e-8	-3.032e-8	4.316e-7	3.197e-7	-1.119e-7	-3.333e-8	-2.855e-8	-3.812e-8
0.320	4.332e-7	3.276e-7	-1.056e-7	-3.396e-8	-3.078e-8	-3.714e-8	5.251e-7	3.876e-7	-1.376e-7	-4.792e-8	-5.241e-8	-4.343e-8	4.260e-7	3.161e-7	-1.099e-7	-3.333e-8	-3.308e-8	-3.359e-8	4.242e-7	3.180e-7	-1.062e-7	-2.892e-8	-2.902e-8	-2.881e-8
0.324	4.283e-7	3.260e-7	-1.023e-7	-3.580e-8	-3.570e-8	-3.589e-8	5.249e-7	3.909e-7	-1.340e-7	-4.721e-8	-5.034e-8	-4.407e-8	4.244e-7	3.186e-7	-1.057e-7	-3.121e-8	-3.280e-8	-2.961e-8	4.204e-7	3.152e-7	-1.051e-7	-3.236e-8	-3.139e-8	-3.333e-8
0.328	4.259e-7	3.253e-7	-1.006e-7	-3.454e-8	-3.133e-8	-3.774e-8	5.180e-7	3.879e-7	-1.301e-7	-4.578e-8	-4.965e-8	-4.191e-8	4.240e-7	3.195e-7	-1.045e-7	-3.192e-8	-3.276e-8	-3.108e-8	4.280e-7	3.201e-7	-1.079e-7	-3.270e-8	-3.064e-8	-3.476e-8
0.332	4.237e-7	3.261e-7	-9.760e-8	-3.769e-8	-3.752e-8	-3.785e-8	5.139e-7	3.874e-7	-1.265e-7	-4.416e-8	-4.701e-8	-4.130e-8	4.236e-7	3.197e-7	-1.039e-7	-3.224e-8	-3.144e-8	-3.305e-8	4.225e-7	3.222e-7	-1.003e-7	-3.181e-8	-2.961e-8	-3.401e-8
0.336	4.265e-7	3.296e-7	-9.684e-8	-3.439e-8	-3.204e-8	-3.675e-8	5.211e-7	3.918e-7	-1.292e-7	-4.798e-8	-5.192e-8	-4.404e-8	4.207e-7	3.196e-7	-1.011e-7	-3.239e-8	-3.361e-8	-3.117e-8	4.147e-7	3.176e-7	-9.713e-8	-3.385e-8	-3.311e-8	-3.459e-8
0.340	4.225e-7	3.303e-7	-9.223e-8	-3.575e-8	-3.053e-8	-4.097e-8	5.237e-7	3.978e-7	-1.260e-7	-4.353e-8	-4.354e-8	-4.352e-8	4.232e-7	3.237e-7	-9.943e-8	-3.110e-8	-3.138e-8	-3.081e-8	4.148e-7	3.187e-7	-9.604e-8	-3.102e-8	-3.100e-8	-3.104e-8
0.344	4.272e-7	3.350e-7	-9.222e-8	-3.429e-8	-3.192e-8	-3.665e-8	5.191e-7	3.990e-7	-1.201e-7	-4.790e-8	-5.062e-8	-4.517e-8	4.187e-7	3.220e-7	-9.674e-8	-3.364e-8	-3.419e-8	-3.310e-8	4.160e-7	3.189e-7	-9.706e-8	-3.220e-8	-2.999e-8	-3.441e-8
0.348	4.229e-7	3.342e-7	-8.866e-8	-3.522e-8	-3.344e-8	-3.701e-8	5.151e-7	3.979e-7	-1.172e-7	-4.642e-8	-4.990e-8	-4.295e-8	4.204e-7	3.254e-7	-9.494e-8	-3.242e-8	-3.116e-8	-3.369e-8	4.219e-7	3.257e-7	-9.622e-8	-3.218e-8	-3.135e-8	-3.301e-8
0.352	4.166e-7	3.335e-7	-8.318e-8	-3.747e-8	-3.568e-8	-3.927e-8	5.147e-7	3.974e-7	-1.173e-7	-4.866e-8	-5.056e-8	-4.677e-8	4.238e-7	3.294e-7	-9.439e-8	-3.190e-8	-2.924e-8	-3.455e-8	4.219e-7	3.261e-7	-9.577e-8	-3.365e-8	-3.157e-8	-3.574e-8
0.356	4.182e-7	3.337e-7	-8.452e-8	-3.935e-8	-3.889e-8	-3.981e-8	5.188e-7	4.019e-7	-1.169e-7	-4.918e-8	-5.243e-8	-4.593e-8	4.252e-7	3.312e-7	-9.398e-8	-3.060e-8	-2.759e-8	-3.362e-8	4.195e-7	3.269e-7	-9.262e-8	-3.105e-8	-2.841e-8	-3.368e-8
0.360	4.255e-7	3.431e-7	-8.241e-8	-3.627e-8	-3.412e-8	-3.841e-8	5.144e-7	4.021e-7	-1.123e-7	-4.944e-8	-5.350e-8	-4.537e-8	4.188e-7	3.290e-7	-8.984e-8	-3.534e-8	-3.501e-8	-3.567e-8	4.217e-7	3.300e-7	-9.167e-8	-3.237e-8	-2.787e-8	-3.687e-8
0.364	4.228e-7	3.432e-7	-7.960e-8	-3.666e-8	-3.438e-8	-3.894e-8	5.180e-7	4.098e-7	-1.082e-7	-4.823e-8	-5.126e-8	-4.519e-8	4.252e-7	3.376e-7	-8.760e-8	-3.370e-8	-3.243e-8	-3.497e-8	4.218e-7	3.314e-7	-9.038e-8	-3.296e-8	-3.095e-8	-3.497e-8
0.368	4.252e-7	3.457e-7	-7.949e-8	-3.727e-8	-3.426e-8	-4.027e-8	5.258e-7	4.172e-7	-1.086e-7	-4.738e-8	-4.837e-8	-4.638e-8	4.225e-7	3.385e-7	-8.407e-8	-3.478e-8	-3.719e-8	-3.238e-8	4.206e-7	3.325e-7	-8.815e-8	-3.638e-8	-3.579e-8	-3.696e-8
0.372	4.274e-7	3.524e-7	-7.501e-8	-3.578e-8	-3.365e-8	-3.790e-8	5.277e-7	4.209e-7	-1.067e-7	-4.855e-8	-5.150e-8	-4.561e-8	4.278e-7	3.441e-7	-8.372e-8	-3.509e-8	-3.567e-8	-3.450e-8	4.190e-7	3.330e-7	-8.609e-8	-3.596e-8	-3.735e-8	-3.458e-8
0.376	4.245e-7	3.557e-7	-6.880e-8	-3.827e-8	-3.572e-8	-4.081e-8	5.261e-7	4.227e-7	-1.033e-7	-4.765e-8	-5.077e-8	-4.452e-8	4.308e-7	3.477e-7	-8.313e-8	-3.483e-8	-3.242e-8	-3.724e-8	4.284e-7	3.427e-7	-8.562e-8	-3.441e-8	-3.432e-8	-3.451e-8
0.380	4.296e-7	3.598e-7	-6.986e-8	-3.784e-8	-3.607e-8	-3.961e-8	5.247e-7	4.249e-7	-9.984e-8	-4.825e-8	-5.439e-8	-4.211e-8	4.271e-7	3.495e-7	-7.765e-8	-3.653e-8	-3.764e-8	-3.542e-8	4.297e-7	3.461e-7	-8.364e-8	-3.564e-8	-3.538e-8	-3.589e-8
0.384	4.295e-7	3.659e-7	-6.360e-8	-3.960e-8	-3.731e-8	-4.190e-8	5.331e-7	4.344e-7	-9.865e-8	-5.257e-8	-5.259e-8	-5.255e-8	4.341e-7	3.542e-7	-7.985e-8	-3.541e-8	-3.630e-8	-3.451e-8	4.266e-7	3.483e-7	-7.835e-8	-3.481e-8	-3.549e-8	-3.412e-8
0.388	4.362e-7	3.713e-7	-6.487e-8	-4.083e-8	-3.835e-8	-4.331e-8	5.331e-7	4.377e-7	-9.542e-8	-5.108e-8	-5.379e-8	-4.838e-8	4.388e-7	3.634e-7	-7.537e-8	-3.500e-8	-3.386e-8	-3.613e-8	4.359e-7	3.565e-7	-7.942e-8	-3.677e-8	-3.459e-8	-3.894e-8
0.392	4.428e-7	3.826e-7	-6.020e-8	-3.934e-8	-3.750e-8	-4.118e-8	5.378e-7	4.461e-7	-9.166e-8	-5.124e-8	-5.520e-8	-4.728e-8	4.413e-7	3.673e-7	-7.397e-8	-3.794e-8	-3.704e-8	-3.883e-8	4.434e-7	3.620e-7	-8.147e-8	-3.616e-8	-3.238e-8	-3.994e-8
0.396	4.508e-7	3.885e-7	-6.228e-8	-4.167e-8	-3.906e-8	-4.427e-8	5.425e-7	4.542e-7	-8.824e-8	-5.148e-8	-5.691e-8	-4.606e-8	4.441e-7	3.756e-7	-6.852e-8	-3.527e-8	-3.536e-8	-3.518e-8	4.467e-7	3.687e-7	-7.795e-8	-3.750e-8	-3.365e-8	-4.136e-8
0.400	4.521e-7	3.976e-7	-5.452e-8	-4.080e-8	-3.804e-8	-4.355e-8	5.491e-7	4.631e-7	-8.604e-8	-5.478e-8	-5.803e-8	-5.154e-8	4.537e-7	3.818e-7	-7.189e-8	-3.839e-8	-3.759e-8	-3.919e-8	4.489e-7	3.734e-7	-7.555e-8	-3.737e-8	-3.649e-8	-3.826e-8
0.404	4.548e-7	4.053e-7	-4.956e-8	-4.388e-8	-4.430e-8	-4.346e-8	5.512e-7	4.664e-7	-8.481e-8	-5.418e-8	-5.836e-8	-5.001e-8	4.560e-7	3.897e-7	-6.630e-8	-3.770e-8	-3.638e-8	-3.902e-8	4.558e-7	3.844e-7	-7.141e-8	-3.533e-8	-3.296e-8	-3.770e-8
0.408	4.643e-7	4.129e-7	-5.141e-8	-4.403e-8	-4.163e-8	-4.643e-8	5.641e-7	4.830e-7	-8.111e-8	-5.384e-8	-5.546e-8	-5.222e-8	4.636e-7	3.989e-7	-6.474e-8	-3.633e-8	-3.503e-8	-3.762e-8	4.592e-7	3.890e-7	-7.027e-8	-3.783e-8	-3.656e-8	-3.909e-8
0.412	4.649e-7	4.210e-7	-4.397e-8	-4.367e-8	-4.143e-8	-4.591e-8	5.659e-7	4.923e-7	-7.362e-8	-5.274e-8	-5.513e-8	-5.034e-8	4.704e-7	4.106e-7	-5.977e-8	-4.193e-8	-3.939e-8	-4.446e-8	4.637e-7	3.939e-7	-6.976e-8	-3.896e-8	-3.756e-8	-4.036e-8
0.416	4.786e-7	4.357e-7	-4.290e-8	-4.326e-8	-3.919e-8	-4.733e-8	5.794e-7	5.082e-7	-7.124e-8	-5.587e-8	-5.966e-8	-5.208e-8	4.746e-7	4.165e-7	-5.813e-8	-3.995e-8	-4.029e-8	-3.961e-8	4.674e-7	4.045e-7	-6.285e-8	-3.940e-8	-3.654e-8	-4.226e-8
0.420	4.803e-7	4.443e-7	-3.606e-8	-4.700e-8	-4.535e-8	-4.864e-8	5.811e-7	5.160e-7	-6.505e-8	-5.246e-8	-5.607e-8	-4.885e-8	4.859e-7	4.314e-7	-5.455e-8	-4.137e-8	-4.100e-8	-4.174e-8	4.776e-7	4.149e-7	-6.270e-8	-4.184e-8	-4.053e-8	-4.316e-8
0.424	4.914e-7	4.581e-7	-3.335e-8	-4.732e-8	-4.513e-8	-4.951e-8	5.885e-7	5.270e-7	-6.156e-8	-5.757e-8	-6.200e-8	-5.314e-8	4.886e-7	4.421e-7	-4.649e-8	-4.228e-8	-4.166e-8	-4.291e-8	4.874e-7	4.280e-7	-5.934e-8	-4.172e-8	-3.907e-8	-4.438e-8
0.428	4.979e-7	4.693e-7	-2.861e-8	-4.923e-8	-4.680e-8	-5.167e-8	6.046e-7	5.445e-7	-6.009e-8	-5.963e-8	-6.067e-8	-5.859e-8	5.021e-7	4.574e-7	-4.467e-8	-4.102e-8	-3.937e-8	-4.267e-8	4.887e-7	4.377e-7	-5.100e-8	-4.327e-8	-4.222e-8	-4.433e-8
0.432	5.110e-7	4.869e-7	-2.413e-8	-5.218e-8	-5.102e-8	-5.334e-8	6.116e-7	5.607e-7	-5.081e-8	-5.939e-8	-6.250e-8	-5.627e-8	5.050e-7	4.667e-7	-3.826e-8	-4.300e-8	-4.298e-8	-4.302e-8	5.027e-7	4.547e-7	-4.798e-8	-4.066e-8	-3.783e-8	-4.348e-8
0.436	5.207e-7	5.042e-7	-1.653e-8	-5.150e-8	-5.021e-8	-5.279e-8	6.194e-7	5.753e-7	-4.416e-8	-6.032e-8	-6.442e-8	-5.621e-8	5.166e-7	4.840e-7	-3.265e-8	-4.510e-8	-4.534e-8	-4.486e-8	5.095e-7	4.648e-7	-4.472e-8	-4.563e-8	-4.603e-8	-4.522e-8
0.440	5.341e-7	5.211e-7	-1.304e-8	-5.359e-8	-5.250e-8	-5.469e-8	6.308e-7	5.932e-7	-3.758e-8	-6.289e-8	-6.823e-8	-5.755e-8	5.321e-7	5.032e-7	-2.891e-8	-4.301e-8	-4.036e-8	-4.566e-8	5.244e-7	4.833e-7	-4.114e-8	-4.412e-8	-4.008e-8	-4.817e-8
0.444	5.458e-7	5.400e-7	-5.801e-9	-5.389e-8	-5.211e-8	-5.568e-8	6.501e-7	6.159e-7	-3.413e-8	-6.306e-8	-6.464e-8	-6.148e-8	5.410e-7	5.177e-7	-2.332e-8	-4.606e-8	-4.512e-8	-4.699e-8	5.293e-7	4.953e-7	-3.396e-8	-4.591e-8	-4.609e-8	-4.574e-8
0.448	5.536e-7	5.570e-7	3.391e-9	-5.575e-8	-5.549e-8	-5.602e-8	6.576e-7	6.347e-7	-2.291e-8	-6.577e-8	-6.871e-8	-6.282e-8	5.536e-7	5.367e-7	-1.690e-8	-4.929e-8	-5.065e-8	-4.792e-8	5.423e-7	5.135e-7	-2.883e-8	-4.687e-8	-4.532e-8	-4.842e-8
0.452	5.731e-7	5.825e-7	9.463e-9	-5.526e-8	-5.160e-8	-5.891e-8	6.725e-7	6.560e-7	-1.645e-8	-6.871e-8	-7.009e-8	-6.734e-8	5.635e-7	5.547e-7	-8.801e-9	-5.098e-8	-5.295e-8	-4.902e-8	5.556e-7	5.334e-7	-2.223e-8	-4.653e-8	-4.713e-8	-4.592e-8
0.456	5.887e-7	6.035e-7	1.483e-8	-5.620e-8	-5.538e-8	-5.702e-8	6.869e-7	6.819e-7	-4.974e-9	-6.731e-8	-7.122e-8	-6.339e-8	5.788e-7	5.773e-7	-1.439e-9	-5.003e-8	-4.919e-8	-5.087e-8	5.711e-7	5.513e-7	-1.973e-8	-4.941e-8	-4.714e-8	-5.168e-8
0.460	5.974e-7	6.269e-7	2.954e-8	-5.635e-8	-5.536e-8	-5.735e-8	7.080e-7	7.069e-7	-1.116e-9	-7.240e-8	-7.586e-8	-6.893e-8	5.954e-7	5.989e-7	3.550e-9	-5.395e-8	-5.305e-8	-5.486e-8	5.827e-7	5.737e-7	-9.047e-9	-4.872e-8	-4.631e-8	-5.113e-8
0.464	6.183e-7	6.525e-7	3.420e-8	-6.326e-8	-5.969e-8	-6.684e-8	7.296e-7	7.351e-7	5.527e-9	-7.470e-8	-7.745e-8	-7.195e-8	6.113e-7	6.234e-7	1.213e-8	-5.458e-8	-5.743e-8	-5.174e-8	5.942e-7	5.957e-7	1.542e-9	-5.019e-8	-4.896e-8	-5.141e-8
0.468	6.395e-7	6.808e-7	4.137e-8	-6.198e-8	-5.911e-8	-6.486e-8	7.435e-7	7.634e-7	1.989e-8	-7.533e-8	-7.943e-8	-7.123e-8	6.280e-7	6.500e-7	2.203e-8	-5.998e-8	-6.144e-8	-5.852e-8	6.125e-7	6.168e-7	4.357e-9	-5.354e-8	-4.998e-8	-5.711e-8
0.472	6.505e-7	7.038e-7	5.322e-8	-6.706e-8	-6.808e-8	-6.605e-8	7.572e-7	7.897e-7	3.246e-8	-7.727e-8	-8.069e-8	-7.384e-8	6.541e-7	6.835e-7	2.945e-8	-5.733e-8	-5.490e-8	-5.975e-8	6.340e-7	6.497e-7	1.566e-8	-5.431e-8	-5.319e-8	-5.542e-8
0.476	6.656e-7	7.321e-7	6.646e-8	-6.806e-8	-6.710e-8	-6.902e-8	7.788e-7	8.220e-7	4.326e-8	-7.938e-8	-8.446e-8	-7.430e-8	6.645e-7	7.078e-7	4.326e-8	-6.038e-8	-5.691e-8	-6.385e-8	6.545e-7	6.739e-7	1.936e-8	-5.693e-8	-5.488e-8	-5.899e-8
0.480	6.894e-7	7.648e-7	7.538e-8	-6.853e-8	-6.623e-8	-7.082e-8	8.021e-7	8.569e-7	5.479e-8	-8.273e-8	-8.620e-8	-7.925e-8	6.827e-7	7.351e-7	5.241e-8	-6.550e-8	-6.469e-8	-6.632e-8	6.690e-7	6.989e-7	2.991e-8	-6.095e-8	-5.934e-8	-6.255e-8
0.484	7.042e-7	7.918e-7	8.765e-8	-7.210e-8	-7.210e-8	-7.209e-8	8.161e-7	8.865e-7	7.038e-8	-8.578e-8	-9.053e-8	-8.103e-8	7.062e-7	7.670e-7	6.081e-8	-6.674e-8	-6.519e-8	-6.829e-8	6.869e-7	7.287e-7	4.184e-8	-6.177e-8	-5.882e-8	-6.472e-8
0.488	7.298e-7	8.224e-7	9.260e-8	-7.732e-8	-7.606e-8	-7.858e-8	8.461e-7	9.244e-7	7.826e-8	-8.607e-8	-8.826e-8	-8.388e-8	7.271e-7	8.025e-7	7.537e-8	-6.709e-8	-6.594e-8	-6.824e-8	7.055e-7	7.582e-7	5.275e-8	-6.569e-8	-6.283e-8	-6.856e-8
0.492	7.447e-7	8.568e-7	1.122e-7	-7.886e-8	-7.640e-8	-8.131e-8	8.640e-7	9.545e-7	9.047e-8	-9.258e-8	-9.447e-8	-9.068e-8	7.497e-7	8.317e-7	8.201e-8	-7.072e-8	-7.007e-8	-7.138e-8	7.204e-7	7.901e-7	6.967e-8	-6.602e-8	-6.575e-8	-6.628e-8
0.496	7.662e-7	8.844e-7	1.183e-7	-8.509e-8	-7.989e-8	-9.029e-8	8.853e-7	9.910e-7	1.058e-7	-9.367e-8	-9.557e-8	-9.177e-8	7.684e-7	8.681e-7	9.974e-8	-7.298e-8	-7.211e-8	-7.385e-8	7.420e-7	8.191e-7	7.709e-8	-6.983e-8	-6.744e-8	-7.222e-8
0.500	7.781e-7	9.144e-7	1.363e-7	-8.608e-8	-8.394e-8	-8.823e-8	9.063e-7	1.026e-6	1.196e-7	-9.610e-8	-1.001e-7	-9.213e-8	7.863e-7	9.004e-7	1.142e-7	-7.641e-8	-7.491e-8	-7.791e-8	7.637e-7	8.519e-7	8.820e-8	-7.231e-8	-7.096e-8	-7.367e-8
0.504	7.993e-7	9.470e-7	1.477e-7	-8.925e-8	-8.696e-8	-9.154e-8	9.251e-7	1.063e-6	1.377e-7	-1.008e-7	-1.051e-7	-9.650e-8	8.043e-7	9.330e-7	1.287e-7	-8.019e-8	-8.071e-8	-7.967e-8	7.754e-7	8.767e-7	1.012e-7	-7.682e-8	-7.363e-8	-8.000e-8
0.508	8.180e-7	9.790e-7	1.610e-7	-9.272e-8	-8.948e-8	-9.597e-8	9.399e-7	1.094e-6	1.542e-7	-1.061e-7	-1.108e-7	-1.014e-7	8.188e-7	9.616e-7	1.428e-7	-8.387e-8	-8.357e-8	-8.417e-8	7.965e-7	9.115e-7	1.150e-7	-7.923e-8	-7.364e-8	-8.483e-8
0.512	8.284e-7	1.001e-6	1.722e-7	-9.743e-8	-9.302e-8	-1.018e-7	9.616e-7	1.130e-6	1.683e-7	-1.104e-7	-1.136e-7	-1.072e-7	8.361e-7	9.946e-7	1.585e-7	-8.644e-8	-8.661e-8	-8.626e-8	8.081e-7	9.382e-7	1.301e-7	-8.494e-8	-7.964e-8	-9.024e-8
0.516	8.380e-7	1.033e-6	1.954e-7	-9.718e-8	-9.369e-8	-1.007e-7	9.744e-7	1.162e-6	1.881e-7	-1.131e-7	-1.167e-7	-1.095e-7	8.523e-7	1.022e-6	1.697e-7	-9.403e-8	-9.182e-8	-9.625e-8	8.262e-7	9.675e-7	1.412e-7	-8.571e-8	-8.436e-8	-8.706e-8
0.520	8.492e-7	1.056e-6	2.068e-7	-1.024e-7	-9.930e-8	-1.055e-7	9.940e-7	1.196e-6	2.015e-7	-1.195e-7	-1.209e-7	-1.180e-7	8.609e-7	1.052e-6	1.915e-7	-9.613e-8	-9.452e-8	-9.775e-8	8.367e-7	9.932e-7	1.565e-7	-8.884e-8	-8.620e-8	-9.148e-8
0.524	8.539e-7	1.078e-6	2.243e-7	-1.063e-7	-1.037e-7	-1.090e-7	9.978e-7	1.222e-6	2.244e-7	-1.210e-7	-1.239e-7	-1.181e-7	8.736e-7	1.080e-6	2.067e-7	-9.786e-8	-9.754e-8	-9.819e-8	8.482e-7	1.021e-6	1.725e-7	-9.275e-8	-9.111e-8	-9.439e-8
0.528	8.629e-7	1.102e-6	2.394e-7	-1.108e-7	-1.074e-7	-1.142e-7	1.007e-6	1.246e-6	2.389e-7	-1.262e-7	-1.290e-7	-1.235e-7	8.849e-7	1.107e-6	2.218e-7	-1.029e-7	-1.018e-7	-1.041e-7	8.577e-7	1.047e-6	1.889e-7	-9.598e-8	-9.244e-8	-9.953e-8
0.532	8.610e-7	1.123e-6	2.620e-7	-1.103e-7	-1.078e-7	-1.127e-7	1.010e-6	1.274e-6	2.635e-7	-1.295e-7	-1.343e-7	-1.247e-7	8.894e-7	1.126e-6	2.370e-7	-1.101e-7	-1.077e-7	-1.125e-7	8.641e-7	1.067e-6	2.026e-7	-9.972e-8	-9.545e-8	-1.040e-7
0.536	8.617e-7	1.137e-6	2.751e-7	-1.192e-7	-1.153e-7	-1.230e-7	1.014e-6	1.290e-6	2.758e-7	-1.351e-7	-1.379e-7	-1.324e-7	8.933e-7	1.151e-6	2.578e-7	-1.103e-7	-1.086e-7	-1.120e-7	8.701e-7	1.091e-6	2.211e-7	-1.007e-7	-9.747e-8	-1.039e-7
0.540	8.586e-7	1.151e-6	2.924e-7	-1.198e-7	-1.182e-7	-1.214e-7	1.012e-6	1.313e-6	3.008e-7	-1.395e-7	-1.436e-7	-1.355e-7	8.930e-7	1.168e-6	2.748e-7	-1.153e-7	-1.129e-7	-1.177e-7	8.714e-7	1.106e-6	2.349e-7	-1.055e-7	-1.034e-7	-1.076e-7
0.544	8.534e-7	1.164e-6	3.106e-7	-1.235e-7	-1.210e-7	-1.259e-7	1.010e-6	1.332e-6	3.221e-7	-1.394e-7	-1.414e-7	-1.374e-7	8.931e-7	1.186e-6	2.927e-7	-1.179e-7	-1.169e-7	-1.188e-7	8.695e-7	1.121e-6	2.517e-7	-1.087e-7	-1.065e-7	-1.108e-7
0.548	8.471e-7	1.174e-6	3.270e-7	-1.286e-7	-1.272e-7	-1.301e-7	1.008e-6	1.345e-6	3.370e-7	-1.472e-7	-1.496e-7	-1.449e-7	8.879e-7	1.199e-6	3.109e-7	-1.210e-7	-1.185e-7	-1.234e-7	8.618e-7	1.136e-6	2.740e-7	-1.116e-7	-1.116e-7	-1.116e-7
0.552	8.335e-7	1.178e-6	3.448e-7	-1.290e-7	-1.272e-7	-1.309e-7	9.994e-7	1.359e-6	3.592e-7	-1.510e-7	-1.531e-7	-1.488e-7	8.831e-7	1.211e-6	3.277e-7	-1.276e-7	-1.247e-7	-1.305e-7	8.613e-7	1.145e-6	2.835e-7	-1.171e-7	-1.146e-7	-1.195e-7
0.556	8.218e-7	1.183e-6	3.613e-7	-1.325e-7	-1.308e-7	-1.342e-7	9.903e-7	1.368e-6	3.776e-7	-1.560e-7	-1.589e-7	-1.531e-7	8.755e-7	1.220e-6	3.440e-7	-1.290e-7	-1.269e-7	-1.312e-7	8.506e-7	1.154e-6	3.034e-7	-1.188e-7	-1.175e-7	-1.200e-7
0.560	8.082e-7	1.187e-6	3.792e-7	-1.381e-7	-1.376e-7	-1.387e-7	9.749e-7	1.374e-6	3.989e-7	-1.588e-7	-1.602e-7	-1.575e-7	8.668e-7	1.230e-6	3.630e-7	-1.317e-7	-1.294e-7	-1.340e-7	8.372e-7	1.160e-6	3.224e-7	-1.204e-7	-1.184e-7	-1.223e-7
0.564	8.040e-7	1.195e-6	3.911e-7	-1.383e-7	-1.337e-7	-1.428e-7	9.653e-7	1.381e-6	4.157e-7	-1.603e-7	-1.639e-7	-1.568e-7	8.381e-7	1.225e-6	3.873e-7	-1.376e-7	-1.397e-7	-1.355e-7	8.232e-7	1.163e-6	3.399e-7	-1.260e-7	-1.223e-7	-1.298e-7
0.568	7.785e-7	1.192e-6	4.131e-7	-1.429e-7	-1.400e-7	-1.457e-7	9.446e-7	1.382e-6	4.371e-7	-1.657e-7	-1.682e-7	-1.632e-7	8.324e-7	1.233e-6	4.005e-7	-1.395e-7	-1.380e-7	-1.411e-7	8.158e-7	1.169e-6	3.537e-7	-1.269e-7	-1.260e-7	-1.278e-7
0.572	7.633e-7	1.191e-6	4.277e-7	-1.435e-7	-1.449e-7	-1.422e-7	9.232e-7	1.382e-6	4.583e-7	-1.708e-7	-1.738e-7	-1.678e-7	8.170e-7	1.234e-6	4.172e-7	-1.418e-7	-1.396e-7	-1.439e-7	8.005e-7	1.171e-6	3.703e-7	-1.301e-7	-1.283e-7	-1.319e-7
0.576	7.470e-7	1.190e-6	4.427e-7	-1.456e-7	-1.422e-7	-1.491e-7	9.112e-7	1.385e-6	4.734e-7	-1.727e-7	-1.745e-7	-1.708e-7	7.950e-7	1.232e-6	4.372e-7	-1.424e-7	-1.428e-7	-1.419e-7	7.834e-7	1.172e-6	3.887e-7	-1.332e-7	-1.314e-7	-1.351e-7
0.580	7.270e-7	1.184e-6	4.569e-7	-1.495e-7	-1.477e-7	-1.513e-7	8.887e-7	1.384e-6	4.952e-7	-1.729e-7	-1.766e-7	-1.693e-7	7.854e-7	1.236e-6	4.510e-7	-1.460e-7	-1.453e-7	-1.467e-7	7.650e-7	1.169e-6	4.042e-7	-1.355e-7	-1.348e-7	-1.363e-7
0.584	7.048e-7	1.178e-6	4.736e-7	-1.519e-7	-1.506e-7	-1.533e-7	8.676e-7	1.379e-6	5.118e-7	-1.760e-7	-1.786e-7	-1.734e-7	7.655e-7	1.234e-6	4.685e-7	-1.493e-7	-1.479e-7	-1.508e-7	7.474e-7	1.166e-6	4.183e-7	-1.381e-7	-1.384e-7	-1.379e-7
0.588	6.882e-7	1.175e-6	4.867e-7	-1.548e-7	-1.521e-7	-1.575e-7	8.466e-7	1.375e-6	5.280e-7	-1.813e-7	-1.867e-7	-1.758e-7	7.389e-7	1.223e-6	4.838e-7	-1.512e-7	-1.512e-7	-1.512e-7	7.303e-7	1.163e-6	4.332e-7	-1.397e-7	-1.365e-7	-1.428e-7
0.592	6.681e-7	1.168e-6	4.998e-7	-1.569e-7	-1.532e-7	-1.606e-7	8.290e-7	1.373e-6	5.439e-7	-1.820e-7	-1.834e-7	-1.806e-7	7.267e-7	1.224e-6	4.976e-7	-1.535e-7	-1.523e-7	-1.547e-7	7.117e-7	1.159e-6	4.474e-7	-1.416e-7	-1.421e-7	-1.411e-7
0.596	6.555e-7	1.167e-6	5.113e-7	-1.578e-7	-1.566e-7	-1.590e-7	8.033e-7	1.367e-6	5.634e-7	-1.870e-7	-1.928e-7	-1.813e-7	7.010e-7	1.215e-6	5.140e-7	-1.559e-7	-1.554e-7	-1.564e-7	6.977e-7	1.154e-6	4.564e-7	-1.428e-7	-1.382e-7	-1.473e-7
0.600	6.344e-7	1.155e-6	5.205e-7	-1.594e-7	-1.562e-7	-1.626e-7	7.836e-7	1.362e-6	5.780e-7	-1.849e-7	-1.889e-7	-1.808e-7	6.813e-7	1.214e-6	5.329e-7	-1.559e-7	-1.567e-7	-1.552e-7	6.774e-7	1.147e-6	4.696e-7	-1.483e-7	-1.473e-7	-1.494e-7
0.604	6.184e-7	1.151e-6	5.328e-7	-1.615e-7	-1.606e-7	-1.624e-7	7.645e-7	1.354e-6	5.897e-7	-1.887e-7	-1.931e-7	-1.843e-7	6.618e-7	1.205e-6	5.429e-7	-1.587e-7	-1.596e-7	-1.577e-7	6.654e-7	1.147e-6	4.818e-7	-1.474e-7	-1.443e-7	-1.505e-7
0.608	6.037e-7	1.147e-6	5.437e-7	-1.604e-7	-1.608e-7	-1.600e-7	7.439e-7	1.350e-6	6.062e-7	-1.905e-7	-1.965e-7	-1.844e-7	6.506e-7	1.202e-6	5.512e-7	-1.643e-7	-1.618e-7	-1.668e-7	6.457e-7	1.137e-6	4.912e-7	-1.481e-7	-1.434e-7	-1.527e-7
0.612	5.869e-7	1.138e-6	5.514e-7	-1.617e-7	-1.598e-7	-1.637e-7	7.224e-7	1.340e-6	6.177e-7	-1.905e-7	-1.977e-7	-1.834e-7	6.261e-7	1.193e-6	5.664e-7	-1.646e-7	-1.668e-7	-1.624e-7	6.293e-7	1.132e-6	5.032e-7	-1.514e-7	-1.491e-7	-1.536e-7
0.616	5.696e-7	1.129e-6	5.598e-7	-1.635e-7	-1.631e-7	-1.640e-7	7.051e-7	1.332e-6	6.271e-7	-1.932e-7	-1.998e-7	-1.866e-7	6.140e-7	1.188e-6	5.737e-7	-1.650e-7	-1.631e-7	-1.669e-7	6.187e-7	1.130e-6	5.109e-7	-1.508e-7	-1.460e-7	-1.555e-7
0.620	5.551e-7	1.121e-6	5.664e-7	-1.662e-7	-1.644e-7	-1.681e-7	6.986e-7	1.331e-6	6.319e-7	-1.957e-7	-1.970e-7	-1.945e-7	6.018e-7	1.184e-6	5.820e-7	-1.642e-7	-1.636e-7	-1.648e-7	5.945e-7	1.121e-6	5.260e-7	-1.532e-7	-1.533e-7	-1.531e-7
0.624	5.452e-7	1.121e-6	5.753e-7	-1.650e-7	-1.620e-7	-1.680e-7	6.840e-7	1.324e-6	6.405e-7	-1.995e-7	-1.999e-7	-1.991e-7	5.912e-7	1.178e-6	5.870e-7	-1.675e-7	-1.669e-7	-1.681e-7	5.782e-7	1.112e-6	5.335e-7	-1.526e-7	-1.524e-7	-1.528e-7
0.628	5.318e-7	1.112e-6	5.805e-7	-1.666e-7	-1.667e-7	-1.666e-7	6.651e-7	1.319e-6	6.536e-7	-1.981e-7	-2.023e-7	-1.939e-7	5.699e-7	1.167e-6	5.970e-7	-1.712e-7	-1.717e-7	-1.706e-7	5.670e-7	1.105e-6	5.375e-7	-1.562e-7	-1.566e-7	-1.558e-7
0.632	5.233e-7	1.107e-6	5.839e-7	-1.682e-7	-1.672e-7	-1.692e-7	6.525e-7	1.314e-6	6.610e-7	-1.983e-7	-2.038e-7	-1.929e-7	5.606e-7	1.165e-6	6.049e-7	-1.704e-7	-1.690e-7	-1.717e-7	5.637e-7	1.104e-6	5.403e-7	-1.573e-7	-1.545e-7	-1.601e-7
0.636	5.156e-7	1.104e-6	5.885e-7	-1.696e-7	-1.653e-7	-1.738e-7	6.423e-7	1.306e-6	6.639e-7	-1.992e-7	-2.030e-7	-1.954e-7	5.481e-7	1.159e-6	6.106e-7	-1.690e-7	-1.713e-7	-1.666e-7	5.472e-7	1.098e-6	5.507e-7	-1.557e-7	-1.547e-7	-1.568e-7
0.640	5.019e-7	1.099e-6	5.969e-7	-1.668e-7	-1.653e-7	-1.683e-7	6.312e-7	1.302e-6	6.711e-7	-2.004e-7	-2.021e-7	-1.988e-7	5.397e-7	1.153e-6	6.135e-7	-1.713e-7	-1.723e-7	-1.702e-7	5.361e-7	1.092e-6	5.562e-7	-1.548e-7	-1.547e-7	-1.548e-7
0.644	4.949e-7	1.093e-6	5.977e-7	-1.686e-7	-1.683e-7	-1.690e-7	6.183e-7	1.296e-6	6.779e-7	-2.012e-7	-2.055e-7	-1.969e-7	5.275e-7	1.149e-6	6.212e-7	-1.728e-7	-1.718e-7	-1.738e-7	5.341e-7	1.088e-6	5.543e-7	-1.578e-7	-1.582e-7	-1.575e-7
0.648	4.963e-7	1.090e-6	5.935e-7	-1.710e-7	-1.700e-7	-1.720e-7	6.084e-7	1.289e-6	6.802e-7	-2.000e-7	-2.060e-7	-1.939e-7	5.180e-7	1.147e-6	6.287e-7	-1.710e-7	-1.707e-7	-1.713e-7	5.258e-7	1.085e-6	5.596e-7	-1.614e-7	-1.582e-7	-1.646e-7
0.652	4.835e-7	1.086e-6	6.025e-7	-1.698e-7	-1.695e-7	-1.701e-7	5.975e-7	1.281e-6	6.839e-7	-2.018e-7	-2.081e-7	-1.955e-7	5.144e-7	1.142e-6	6.281e-7	-1.726e-7	-1.728e-7	-1.724e-7	5.220e-7	1.085e-6	5.625e-7	-1.572e-7	-1.541e-7	-1.603e-7
0.656	4.818e-7	1.087e-6	6.056e-7	-1.683e-7	-1.652e-7	-1.713e-7	5.979e-7	1.286e-6	6.880e-7	-2.024e-7	-2.070e-7	-1.978e-7	5.008e-7	1.134e-6	6.327e-7	-1.740e-7	-1.780e-7	-1.700e-7	5.041e-7	1.074e-6	5.696e-7	-1.569e-7	-1.562e-7	-1.577e-7
0.660	4.795e-7	1.082e-6	6.021e-7	-1.700e-7	-1.685e-7	-1.714e-7	5.837e-7	1.275e-6	6.916e-7	-2.049e-7	-2.116e-7	-1.981e-7	5.020e-7	1.135e-6	6.333e-7	-1.723e-7	-1.705e-7	-1.742e-7	5.120e-7	1.079e-6	5.672e-7	-1.575e-7	-1.538e-7	-1.613e-7
0.664	4.716e-7	1.077e-6	6.053e-7	-1.703e-7	-1.684e-7	-1.721e-7	5.808e-7	1.274e-6	6.930e-7	-2.064e-7	-2.124e-7	-2.003e-7	4.939e-7	1.129e-6	6.347e-7	-1.731e-7	-1.741e-7	-1.721e-7	5.010e-7	1.072e-6	5.709e-7	-1.589e-7	-1.582e-7	-1.596e-7
0.668	4.661e-7	1.073e-6	6.070e-7	-1.729e-7	-1.736e-7	-1.721e-7	5.792e-7	1.272e-6	6.925e-7	-2.041e-7	-2.104e-7	-1.979e-7	4.926e-7	1.130e-6	6.374e-7	-1.699e-7	-1.699e-7	-1.699e-7	4.939e-7	1.069e-6	5.752e-7	-1.594e-7	-1.587e-7	-1.601e-7
0.672	4.610e-7	1.071e-6	6.102e-7	-1.712e-7	-1.684e-7	-1.740e-7	5.721e-7	1.267e-6	6.946e-7	-2.049e-7	-2.096e-7	-2.003e-7	4.876e-7	1.124e-6	6.369e-7	-1.748e-7	-1.753e-7	-1.742e-7	4.912e-7	1.065e-6	5.738e-7	-1.599e-7	-1.608e-7	-1.590e-7
0.676	4.697e-7	1.077e-6	6.073e-7	-1.692e-7	-1.655e-7	-1.730e-7	5.677e-7	1.264e-6	6.962e-7	-2.071e-7	-2.137e-7	-2.004e-7	4.842e-7	1.123e-6	6.384e-7	-1.744e-7	-1.753e-7	-1.734e-7	4.985e-7	1.071e-6	5.727e-7	-1.592e-7	-1.540e-7	-1.644e-7
0.680	4.619e-7	1.069e-6	6.072e-7	-1.731e-7	-1.731e-7	-1.732e-7	5.701e-7	1.265e-6	6.945e-7	-2.055e-7	-2.086e-7	-2.025e-7	4.832e-7	1.124e-6	6.405e-7	-1.709e-7	-1.714e-7	-1.704e-7	4.879e-7	1.066e-6	5.778e-7	-1.587e-7	-1.584e-7	-1.591e-7
0.684	4.596e-7	1.070e-6	6.108e-7	-1.698e-7	-1.696e-7	-1.699e-7	5.663e-7	1.263e-6	6.971e-7	-2.069e-7	-2.116e-7	-2.022e-7	4.844e-7	1.119e-6	6.345e-7	-1.750e-7	-1.745e-7	-1.756e-7	4.881e-7	1.064e-6	5.762e-7	-1.578e-7	-1.567e-7	-1.588e-7
0.688	4.614e-7	1.071e-6	6.097e-7	-1.663e-7	-1.654e-7	-1.672e-7	5.685e-7	1.265e-6	6.965e-7	-2.066e-7	-2.112e-7	-2.020e-7	4.793e-7	1.120e-6	6.407e-7	-1.763e-7	-1.773e-7	-1.753e-7	4.833e-7	1.060e-6	5.768e-7	-1.580e-7	-1.580e-7	-1.581e-7
0.692	4.625e-7	1.070e-6	6.074e-7	-1.686e-7	-1.681e-7	-1.691e-7	5.648e-7	1.262e-6	6.972e-7	-2.048e-7	-2.107e-7	-1.989e-7	4.809e-7	1.120e-6	6.394e-7	-1.743e-7	-1.745e-7	-1.740e-7	4.832e-7	1.060e-6	5.768e-7	-1.609e-7	-1.610e-7	-1.608e-7
0.696	4.678e-7	1.075e-6	6.072e-7	-1.689e-7	-1.674e-7	-1.703e-7	5.629e-7	1.262e-6	6.992e-7	-2.076e-7	-2.138e-7	-2.014e-7	4.784e-7	1.115e-6	6.370e-7	-1.758e-7	-1.750e-7	-1.766e-7	4.883e-7	1.063e-6	5.743e-7	-1.570e-7	-1.542e-7	-1.599e-7
0.700	4.634e-7	1.070e-6	6.071e-7	-1.690e-7	-1.685e-7	-1.695e-7	5.669e-7	1.264e-6	6.967e-7	-2.052e-7	-2.105e-7	-1.999e-7	4.785e-7	1.122e-6	6.439e-7	-1.732e-7	-1.729e-7	-1.735e-7	4.836e-7	1.060e-6	5.763e-7	-1.588e-7	-1.584e-7	-1.591e-7
0.704	4.683e-7	1.074e-6	6.058e-7	-1.687e-7	-1.694e-7	-1.681e-7	5.655e-7	1.262e-6	6.961e-7	-2.078e-7	-2.127e-7	-2.030e-7	4.816e-7	1.120e-6	6.388e-7	-1.723e-7	-1.718e-7	-1.728e-7	4.907e-7	1.068e-6	5.774e-7	-1.562e-7	-1.532e-7	-1.592e-7
0.708	4.703e-7	1.078e-6	6.073e-7	-1.688e-7	-1.674e-7	-1.703e-7	5.688e-7	1.265e-6	6.966e-7	-2.067e-7	-2.108e-7	-2.025e-7	4.813e-7	1.121e-6	6.394e-7	-1.743e-7	-1.752e-7	-1.735e-7	4.869e-7	1.066e-6	5.791e-7	-1.556e-7	-1.545e-7	-1.567e-7
0.712	4.764e-7	1.081e-6	6.041e-7	-1.682e-7	-1.679e-7	-1.684e-7	5.734e-7	1.269e-6	6.958e-7	-2.043e-7	-2.101e-7	-1.985e-7	4.783e-7	1.120e-6	6.419e-7	-1.741e-7	-1.743e-7	-1.739e-7	4.888e-7	1.066e-6	5.775e-7	-1.585e-7	-1.580e-7	-1.589e-7
0.716	4.730e-7	1.080e-6	6.067e-7	-1.661e-7	-1.664e-7	-1.658e-7	5.717e-7	1.271e-6	6.996e-7	-2.024e-7	-2.093e-7	-1.956e-7	4.838e-7	1.122e-6	6.386e-7	-1.757e-7	-1.750e-7	-1.763e-7	4.941e-7	1.067e-6	5.730e-7	-1.595e-7	-1.559e-7	-1.631e-7
0.720	4.797e-7	1.081e-6	6.016e-7	-1.667e-7	-1.671e-7	-1.664e-7	5.746e-7	1.272e-6	6.970e-7	-2.054e-7	-2.112e-7	-1.996e-7	4.855e-7	1.126e-6	6.407e-7	-1.736e-7	-1.725e-7	-1.747e-7	5.005e-7	1.075e-6	5.740e-7	-1.586e-7	-1.573e-7	-1.599e-7
0.724	4.860e-7	1.086e-6	6.004e-7	-1.689e-7	-1.651e-7	-1.727e-7	5.832e-7	1.277e-6	6.938e-7	-2.043e-7	-2.111e-7	-1.975e-7	4.877e-7	1.128e-6	6.401e-7	-1.756e-7	-1.765e-7	-1.746e-7	5.024e-7	1.076e-6	5.737e-7	-1.591e-7	-1.590e-7	-1.592e-7
0.728	4.884e-7	1.091e-6	6.026e-7	-1.682e-7	-1.661e-7	-1.702e-7	5.863e-7	1.280e-6	6.940e-7	-2.035e-7	-2.090e-7	-1.979e-7	4.903e-7	1.130e-6	6.400e-7	-1.740e-7	-1.753e-7	-1.727e-7	5.046e-7	1.081e-6	5.769e-7	-1.599e-7	-1.595e-7	-1.602e-7
0.732	4.927e-7	1.096e-6	6.035e-7	-1.654e-7	-1.647e-7	-1.661e-7	5.913e-7	1.287e-6	6.953e-7	-2.059e-7	-2.107e-7	-2.011e-7	4.992e-7	1.135e-6	6.358e-7	-1.765e-7	-1.774e-7	-1.757e-7	5.089e-7	1.083e-6	5.741e-7	-1.572e-7	-1.543e-7	-1.601e-7
0.736	5.018e-7	1.101e-6	5.988e-7	-1.688e-7	-1.687e-7	-1.689e-7	5.987e-7	1.292e-6	6.935e-7	-2.048e-7	-2.096e-7	-2.000e-7	4.999e-7	1.140e-6	6.402e-7	-1.732e-7	-1.749e-7	-1.714e-7	5.109e-7	1.087e-6	5.756e-7	-1.606e-7	-1.597e-7	-1.616e-7
0.740	5.024e-7	1.105e-6	6.028e-7	-1.668e-7	-1.658e-7	-1.678e-7	6.034e-7	1.298e-6	6.949e-7	-2.077e-7	-2.156e-7	-1.997e-7	5.077e-7	1.142e-6	6.343e-7	-1.762e-7	-1.755e-7	-1.768e-7	5.181e-7	1.092e-6	5.735e-7	-1.566e-7	-1.553e-7	-1.579e-7
0.744	5.111e-7	1.109e-6	5.983e-7	-1.705e-7	-1.708e-7	-1.702e-7	6.137e-7	1.306e-6	6.919e-7	-2.053e-7	-2.126e-7	-1.979e-7	5.106e-7	1.151e-6	6.407e-7	-1.728e-7	-1.741e-7	-1.715e-7	5.202e-7	1.098e-6	5.778e-7	-1.575e-7	-1.551e-7	-1.598e-7
0.748	5.204e-7	1.118e-6	5.972e-7	-1.678e-7	-1.679e-7	-1.676e-7	6.175e-7	1.312e-6	6.944e-7	-2.064e-7	-2.136e-7	-1.992e-7	5.187e-7	1.159e-6	6.403e-7	-1.739e-7	-1.740e-7	-1.738e-7	5.335e-7	1.106e-6	5.721e-7	-1.573e-7	-1.527e-7	-1.619e-7
0.752	5.304e-7	1.128e-6	5.974e-7	-1.673e-7	-1.638e-7	-1.708e-7	6.332e-7	1.323e-6	6.895e-7	-2.055e-7	-2.092e-7	-2.017e-7	5.260e-7	1.165e-6	6.395e-7	-1.731e-7	-1.751e-7	-1.712e-7	5.346e-7	1.110e-6	5.758e-7	-1.597e-7	-1.589e-7	-1.605e-7
0.756	5.325e-7	1.132e-6	5.996e-7	-1.681e-7	-1.673e-7	-1.690e-7	6.413e-7	1.333e-6	6.912e-7	-2.038e-7	-2.096e-7	-1.980e-7	5.342e-7	1.174e-6	6.400e-7	-1.724e-7	-1.718e-7	-1.731e-7	5.433e-7	1.120e-6	5.771e-7	-1.602e-7	-1.597e-7	-1.606e-7
0.760	5.437e-7	1.144e-6	5.999e-7	-1.690e-7	-1.668e-7	-1.711e-7	6.543e-7	1.342e-6	6.873e-7	-2.086e-7	-2.143e-7	-2.030e-7	5.419e-7	1.180e-6	6.382e-7	-1.736e-7	-1.753e-7	-1.719e-7	5.515e-7	1.130e-6	5.790e-7	-1.567e-7	-1.550e-7	-1.584e-7
0.764	5.466e-7	1.148e-6	6.018e-7	-1.700e-7	-1.687e-7	-1.712e-7	6.617e-7	1.354e-6	6.926e-7	-2.061e-7	-2.097e-7	-2.025e-7	5.528e-7	1.192e-6	6.397e-7	-1.731e-7	-1.720e-7	-1.741e-7	5.613e-7	1.137e-6	5.761e-7	-1.599e-7	-1.614e-7	-1.585e-7
0.768	5.639e-7	1.164e-6	6.004e-7	-1.689e-7	-1.668e-7	-1.710e-7	6.688e-7	1.363e-6	6.941e-7	-2.096e-7	-2.147e-7	-2.045e-7	5.576e-7	1.197e-6	6.393e-7	-1.746e-7	-1.738e-7	-1.755e-7	5.764e-7	1.151e-6	5.744e-7	-1.587e-7	-1.566e-7	-1.607e-7
0.772	5.717e-7	1.172e-6	6.005e-7	-1.703e-7	-1.699e-7	-1.708e-7	6.831e-7	1.376e-6	6.931e-7	-2.068e-7	-2.126e-7	-2.011e-7	5.688e-7	1.211e-6	6.426e-7	-1.745e-7	-1.766e-7	-1.724e-7	5.828e-7	1.163e-6	5.801e-7	-1.595e-7	-1.588e-7	-1.601e-7
0.776	5.820e-7	1.182e-6	5.996e-7	-1.706e-7	-1.710e-7	-1.701e-7	6.977e-7	1.392e-6	6.940e-7	-2.080e-7	-2.127e-7	-2.032e-7	5.841e-7	1.225e-6	6.410e-7	-1.762e-7	-1.751e-7	-1.772e-7	5.914e-7	1.172e-6	5.806e-7	-1.611e-7	-1.613e-7	-1.610e-7
0.780	5.949e-7	1.198e-6	6.030e-7	-1.692e-7	-1.693e-7	-1.691e-7	7.080e-7	1.405e-6	6.974e-7	-2.073e-7	-2.139e-7	-2.008e-7	5.929e-7	1.237e-6	6.438e-7	-1.746e-7	-1.744e-7	-1.747e-7	6.055e-7	1.186e-6	5.802e-7	-1.626e-7	-1.606e-7	-1.646e-7
0.784	6.062e-7	1.212e-6	6.060e-7	-1.709e-7	-1.701e-7	-1.718e-7	7.297e-7	1.422e-6	6.926e-7	-2.102e-7	-2.136e-7	-2.069e-7	6.031e-7	1.247e-6	6.440e-7	-1.777e-7	-1.791e-7	-1.762e-7	6.136e-7	1.199e-6	5.857e-7	-1.591e-7	-1.581e-7	-1.600e-7
0.788	6.201e-7	1.227e-6	6.070e-7	-1.708e-7	-1.711e-7	-1.706e-7	7.426e-7	1.439e-6	6.965e-7	-2.089e-7	-2.140e-7	-2.039e-7	6.182e-7	1.264e-6	6.458e-7	-1.758e-7	-1.752e-7	-1.763e-7	6.261e-7	1.213e-6	5.873e-7	-1.615e-7	-1.612e-7	-1.618e-7
0.792	6.318e-7	1.241e-6	6.092e-7	-1.728e-7	-1.746e-7	-1.710e-7	7.541e-7	1.454e-6	6.995e-7	-2.102e-7	-2.149e-7	-2.054e-7	6.279e-7	1.276e-6	6.486e-7	-1.767e-7	-1.754e-7	-1.779e-7	6.404e-7	1.228e-6	5.877e-7	-1.627e-7	-1.630e-7	-1.624e-7
0.796	6.499e-7	1.263e-6	6.128e-7	-1.698e-7	-1.701e-7	-1.695e-7	7.744e-7	1.476e-6	7.019e-7	-2.107e-7	-2.160e-7	-2.055e-7	6.364e-7	1.290e-6	6.539e-7	-1.785e-7	-1.790e-7	-1.781e-7	6.537e-7	1.245e-6	5.915e-7	-1.612e-7	-1.611e-7	-1.614e-7
0.800	6.613e-7	1.277e-6	6.161e-7	-1.707e-7	-1.686e-7	-1.728e-7	7.951e-7	1.496e-6	7.011e-7	-2.135e-7	-2.186e-7	-2.084e-7	6.536e-7	1.308e-6	6.539e-7	-1.792e-7	-1.799e-7	-1.786e-7	6.675e-7	1.263e-6	5.954e-7	-1.621e-7	-1.608e-7	-1.634e-7
0.804	6.783e-7	1.297e-6	6.189e-7	-1.708e-7	-1.686e-7	-1.731e-7	8.106e-7	1.521e-6	7.105e-7	-2.136e-7	-2.208e-7	-2.064e-7	6.679e-7	1.327e-6	6.591e-7	-1.810e-7	-1.836e-7	-1.784e-7	6.808e-7	1.279e-6	5.981e-7	-1.634e-7	-1.628e-7	-1.641e-7
0.808	6.989e-7	1.315e-6	6.163e-7	-1.723e-7	-1.736e-7	-1.711e-7	8.254e-7	1.540e-6	7.142e-7	-2.141e-7	-2.219e-7	-2.062e-7	6.785e-7	1.344e-6	6.658e-7	-1.818e-7	-1.825e-7	-1.810e-7	6.998e-7	1.299e-6	5.989e-7	-1.667e-7	-1.645e-7	-1.690e-7
0.812	7.151e-7	1.339e-6	6.239e-7	-1.744e-7	-1.718e-7	-1.770e-7	8.552e-7	1.567e-6	7.115e-7	-2.174e-7	-2.217e-7	-2.130e-7	6.988e-7	1.364e-6	6.655e-7	-1.819e-7	-1.846e-7	-1.791e-7	7.085e-7	1.315e-6	6.064e-7	-1.643e-7	-1.650e-7	-1.636e-7
0.816	7.313e-7	1.358e-6	6.270e-7	-1.761e-7	-1.731e-7	-1.790e-7	8.735e-7	1.591e-6	7.175e-7	-2.156e-7	-2.205e-7	-2.108e-7	7.187e-7	1.387e-6	6.685e-7	-1.831e-7	-1.833e-7	-1.830e-7	7.316e-7	1.340e-6	6.086e-7	-1.673e-7	-1.652e-7	-1.694e-7
0.820	7.452e-7	1.378e-6	6.332e-7	-1.779e-7	-1.756e-7	-1.803e-7	8.971e-7	1.619e-6	7.222e-7	-2.176e-7	-2.212e-7	-2.140e-7	7.332e-7	1.408e-6	6.751e-7	-1.818e-7	-1.847e-7	-1.789e-7	7.431e-7	1.361e-6	6.181e-7	-1.670e-7	-1.668e-7	-1.672e-7
0.824	7.632e-7	1.402e-6	6.390e-7	-1.776e-7	-1.744e-7	-1.808e-7	9.177e-7	1.647e-6	7.294e-7	-2.198e-7	-2.239e-7	-2.157e-7	7.516e-7	1.431e-6	6.796e-7	-1.837e-7	-1.853e-7	-1.820e-7	7.651e-7	1.385e-6	6.203e-7	-1.694e-7	-1.690e-7	-1.698e-7
0.828	7.897e-7	1.430e-6	6.405e-7	-1.811e-7	-1.815e-7	-1.807e-7	9.349e-7	1.670e-6	7.349e-7	-2.223e-7	-2.288e-7	-2.157e-7	7.636e-7	1.451e-6	6.878e-7	-1.869e-7	-1.878e-7	-1.860e-7	7.910e-7	1.413e-6	6.222e-7	-1.722e-7	-1.700e-7	-1.745e-7
0.832	8.075e-7	1.456e-6	6.487e-7	-1.833e-7	-1.829e-7	-1.836e-7	9.637e-7	1.706e-6	7.419e-7	-2.239e-7	-2.256e-7	-2.222e-7	7.886e-7	1.479e-6	6.903e-7	-1.866e-7	-1.876e-7	-1.856e-7	8.066e-7	1.439e-6	6.324e-7	-1.724e-7	-1.713e-7	-1.736e-7
0.836	8.317e-7	1.485e-6	6.532e-7	-1.850e-7	-1.845e-7	-1.854e-7	9.910e-7	1.737e-6	7.460e-7	-2.246e-7	-2.302e-7	-2.191e-7	8.085e-7	1.509e-6	7.004e-7	-1.864e-7	-1.874e-7	-1.854e-7	8.262e-7	1.467e-6	6.409e-7	-1.729e-7	-1.699e-7	-1.760e-7
0.840	8.507e-7	1.514e-6	6.636e-7	-1.834e-7	-1.815e-7	-1.852e-7	1.019e-6	1.773e-6	7.546e-7	-2.283e-7	-2.341e-7	-2.226e-7	8.292e-7	1.534e-6	7.046e-7	-1.915e-7	-1.918e-7	-1.911e-7	8.449e-7	1.492e-6	6.472e-7	-1.745e-7	-1.759e-7	-1.731e-7
0.844	8.745e-7	1.544e-6	6.698e-7	-1.846e-7	-1.846e-7	-1.846e-7	1.040e-6	1.809e-6	7.685e-7	-2.281e-7	-2.323e-7	-2.240e-7	8.530e-7	1.567e-6	7.141e-7	-1.947e-7	-1.961e-7	-1.934e-7	8.661e-7	1.522e-6	6.558e-7	-1.792e-7	-1.783e-7	-1.801e-7
0.848	8.970e-7	1.575e-6	6.781e-7	-1.899e-7	-1.912e-7	-1.887e-7	1.067e-6	1.840e-6	7.723e-7	-2.338e-7	-2.399e-7	-2.278e-7	8.763e-7	1.601e-6	7.244e-7	-1.932e-7	-1.903e-7	-1.960e-7	8.977e-7	1.563e-6	6.653e-7	-1.788e-7	-1.794e-7	-1.783e-7
0.852	9.279e-7	1.617e-6	6.896e-7	-1.903e-7	-1.902e-7	-1.903e-7	1.098e-6	1.882e-6	7.838e-7	-2.372e-7	-2.420e-7	-2.324e-7	8.982e-7	1.629e-6	7.308e-7	-1.966e-7	-1.948e-7	-1.983e-7	9.252e-7	1.598e-6	6.731e-7	-1.780e-7	-1.755e-7	-1.805e-7
0.856	9.525e-7	1.653e-6	7.002e-7	-1.894e-7	-1.873e-7	-1.914e-7	1.127e-6	1.927e-6	7.993e-7	-2.368e-7	-2.434e-7	-2.303e-7	9.223e-7	1.665e-6	7.423e-7	-2.031e-7	-2.029e-7	-2.033e-7	9.459e-7	1.627e-6	6.815e-7	-1.847e-7	-1.834e-7	-1.860e-7
0.860	9.778e-7	1.686e-6	7.078e-7	-1.977e-7	-1.977e-7	-1.977e-7	1.161e-6	1.968e-6	8.076e-7	-2.417e-7	-2.476e-7	-2.358e-7	9.507e-7	1.705e-6	7.544e-7	-1.992e-7	-1.999e-7	-1.986e-7	9.717e-7	1.668e-6	6.965e-7	-1.866e-7	-1.863e-7	-1.869e-7
0.864	1.009e-6	1.728e-6	7.195e-7	-2.004e-7	-1.987e-7	-2.021e-7	1.190e-6	2.012e-6	8.222e-7	-2.438e-7	-2.495e-7	-2.381e-7	9.773e-7	1.741e-6	7.639e-7	-2.014e-7	-2.023e-7	-2.005e-7	1.003e-6	1.707e-6	7.040e-7	-1.896e-7	-1.879e-7	-1.913e-7
0.868	1.038e-6	1.772e-6	7.334e-7	-2.021e-7	-2.014e-7	-2.029e-7	1.227e-6	2.061e-6	8.345e-7	-2.508e-7	-2.575e-7	-2.441e-7	1.004e-6	1.780e-6	7.762e-7	-2.054e-7	-2.059e-7	-2.050e-7	1.034e-6	1.751e-6	7.171e-7	-1.889e-7	-1.874e-7	-1.905e-7
0.872	1.069e-6	1.815e-6	7.461e-7	-2.038e-7	-2.040e-7	-2.036e-7	1.265e-6	2.119e-6	8.535e-7	-2.497e-7	-2.546e-7	-2.449e-7	1.036e-6	1.826e-6	7.904e-7	-2.072e-7	-2.070e-7	-2.073e-7	1.067e-6	1.796e-6	7.286e-7	-1.932e-7	-1.908e-7	-1.955e-7
0.876	1.108e-6	1.865e-6	7.570e-7	-2.054e-7	-2.027e-7	-2.082e-7	1.305e-6	2.170e-6	8.646e-7	-2.555e-7	-2.613e-7	-2.496e-7	1.064e-6	1.868e-6	8.033e-7	-2.103e-7	-2.117e-7	-2.089e-7	1.094e-6	1.840e-6	7.461e-7	-1.963e-7	-1.927e-7	-1.999e-7
0.880	1.138e-6	1.914e-6	7.763e-7	-2.086e-7	-2.067e-7	-2.105e-7	1.343e-6	2.228e-6	8.846e-7	-2.572e-7	-2.626e-7	-2.518e-7	1.101e-6	1.921e-6	8.196e-7	-2.123e-7	-2.121e-7	-2.125e-7	1.128e-6	1.890e-6	7.621e-7	-2.017e-7	-1.994e-7	-2.040e-7
0.884	1.172e-6	1.963e-6	7.911e-7	-2.167e-7	-2.168e-7	-2.166e-7	1.383e-6	2.282e-6	8.992e-7	-2.620e-7	-2.650e-7	-2.591e-7	1.135e-6	1.971e-6	8.365e-7	-2.134e-7	-2.121e-7	-2.147e-7	1.163e-6	1.945e-6	7.820e-7	-2.009e-7	-1.997e-7	-2.021e-7
0.888	1.210e-6	2.021e-6	8.108e-7	-2.168e-7	-2.124e-7	-2.212e-7	1.432e-6	2.353e-6	9.204e-7	-2.661e-7	-2.709e-7	-2.612e-7	1.173e-6	2.023e-6	8.493e-7	-2.187e-7	-2.199e-7	-2.175e-7	1.200e-6	1.994e-6	7.942e-7	-2.036e-7	-2.009e-7	-2.064e-7
0.892	1.246e-6	2.075e-6	8.296e-7	-2.185e-7	-2.169e-7	-2.202e-7	1.472e-6	2.420e-6	9.484e-7	-2.703e-7	-2.761e-7	-2.644e-7	1.206e-6	2.078e-6	8.717e-7	-2.225e-7	-2.221e-7	-2.229e-7	1.241e-6	2.055e-6	8.134e-7	-2.092e-7	-2.077e-7	-2.106e-7
0.896	1.290e-6	2.139e-6	8.487e-7	-2.238e-7	-2.217e-7	-2.259e-7	1.525e-6	2.492e-6	9.676e-7	-2.733e-7	-2.795e-7	-2.670e-7	1.245e-6	2.136e-6	8.913e-7	-2.259e-7	-2.288e-7	-2.230e-7	1.275e-6	2.110e-6	8.344e-7	-2.158e-7	-2.138e-7	-2.177e-7
0.900	1.335e-6	2.203e-6	8.684e-7	-2.285e-7	-2.260e-7	-2.309e-7	1.578e-6	2.568e-6	9.903e-7	-2.811e-7	-2.864e-7	-2.759e-7	1.290e-6	2.201e-6	9.112e-7	-2.285e-7	-2.292e-7	-2.278e-7	1.320e-6	2.178e-6	8.575e-7	-2.176e-7	-2.147e-7	-2.204e-7
