0.104, 1.838e-6, -6.153e-7, -2.454e-6, 1.749e-6, -5.205e-7, -2.270e-6, 1.867e-6, -5.950e-7, -2.462e-6, 1.813e-6, -5.672e-7, -2.380e-6
0.108, 1.944e-6, 4.736e-8, -1.897e-6, 1.851e-6, 9.047e-8, -1.760e-6, 1.983e-6, 7.557e-8, -1.907e-6, 1.914e-6, 6.920e-8, -1.845e-6
0.112, 1.898e-6, 2.826e-7, -1.616e-6, 1.810e-6, 3.027e-7, -1.507e-6, 1.941e-6, 3.094e-7, -1.631e-6, 1.870e-6, 2.911e-7, -1.579e-6
0.116, 1.893e-6, 4.550e-7, -1.438e-6, 1.807e-6, 4.596e-7, -1.348e-6, 1.940e-6, 4.824e-7, -1.458e-6, 1.866e-6, 4.551e-7, -1.411e-6
0.120, 1.914e-6, 5.998e-7, -1.314e-6, 1.831e-6, 5.937e-7, -1.237e-6, 1.967e-6, 6.294e-7, -1.338e-6, 1.888e-6, 5.947e-7, -1.293e-6
0.124, 1.952e-6, 7.292e-7, -1.223e-6, 1.869e-6, 7.139e-7, -1.155e-6, 2.012e-6, 7.618e-7, -1.250e-6, 1.926e-6, 7.198e-7, -1.206e-6
0.128, 2.003e-6, 8.492e-7, -1.154e-6, 1.918e-6, 8.252e-7, -1.093e-6, 2.067e-6, 8.843e-7, -1.183e-6, 1.976e-6, 8.365e-7, -1.140e-6
0.132, 2.062e-6, 9.614e-7, -1.100e-6, 1.974e-6, 9.304e-7, -1.044e-6, 2.132e-6, 1.000e-6, -1.131e-6, 2.035e-6, 9.464e-7, -1.088e-6
0.136, 2.123e-6, 1.066e-6, -1.057e-6, 2.032e-6, 1.029e-6, -1.003e-6, 2.198e-6, 1.109e-6, -1.089e-6, 2.095e-6, 1.049e-6, -1.046e-6
0.140, 2.183e-6, 1.164e-6, -1.019e-6, 2.088e-6, 1.120e-6, -9.683e-7, 2.263e-6, 1.210e-6, -1.053e-6, 2.153e-6, 1.145e-6, -1.009e-6
0.144, 2.241e-6, 1.257e-6, -9.848e-7, 2.141e-6, 1.206e-6, -9.356e-7, 2.326e-6, 1.305e-6, -1.021e-6, 2.210e-6, 1.235e-6, -9.748e-7
0.148, 2.295e-6, 1.342e-6, -9.529e-7, 2.189e-6, 1.285e-6, -9.047e-7, 2.384e-6, 1.393e-6, -9.902e-7, 2.262e-6, 1.319e-6, -9.434e-7
0.152, 2.340e-6, 1.420e-6, -9.196e-7, 2.228e-6, 1.356e-6, -8.717e-7, 2.431e-6, 1.473e-6, -9.579e-7, 2.304e-6, 1.395e-6, -9.099e-7
0.156, 2.376e-6, 1.491e-6, -8.846e-7, 2.258e-6, 1.420e-6, -8.371e-7, 2.468e-6, 1.545e-6, -9.231e-7, 2.339e-6, 1.463e-6, -8.754e-7
0.160, 2.401e-6, 1.554e-6, -8.464e-7, 2.276e-6, 1.477e-6, -7.992e-7, 2.494e-6, 1.609e-6, -8.851e-7, 2.362e-6, 1.524e-6, -8.378e-7
0.164, 2.415e-6, 1.609e-6, -8.053e-7, 2.285e-6, 1.526e-6, -7.586e-7, 2.508e-6, 1.665e-6, -8.435e-7, 2.373e-6, 1.576e-6, -7.968e-7
0.168, 2.417e-6, 1.658e-6, -7.598e-7, 2.281e-6, 1.568e-6, -7.133e-7, 2.509e-6, 1.712e-6, -7.971e-7, 2.373e-6, 1.621e-6, -7.516e-7
0.172, 2.407e-6, 1.697e-6, -7.101e-7, 2.264e-6, 1.600e-6, -6.642e-7, 2.495e-6, 1.749e-6, -7.463e-7, 2.360e-6, 1.658e-6, -7.025e-7
0.176, 2.386e-6, 1.729e-6, -6.568e-7, 2.238e-6, 1.627e-6, -6.114e-7, 2.470e-6, 1.779e-6, -6.912e-7, 2.336e-6, 1.686e-6, -6.494e-7
0.180, 2.354e-6, 1.754e-6, -6.004e-7, 2.202e-6, 1.646e-6, -5.563e-7, 2.433e-6, 1.801e-6, -6.325e-7, 2.302e-6, 1.708e-6, -5.933e-7
0.184, 2.313e-6, 1.772e-6, -5.402e-7, 2.156e-6, 1.658e-6, -4.979e-7, 2.385e-6, 1.815e-6, -5.696e-7, 2.256e-6, 1.723e-6, -5.334e-7
0.188, 2.262e-6, 1.784e-6, -4.777e-7, 2.103e-6, 1.665e-6, -4.375e-7, 2.327e-6, 1.822e-6, -5.048e-7, 2.202e-6, 1.731e-6, -4.715e-7
0.192, 2.204e-6, 1.790e-6, -4.135e-7, 2.042e-6, 1.667e-6, -3.753e-7, 2.261e-6, 1.824e-6, -4.373e-7, 2.141e-6, 1.733e-6, -4.077e-7
0.196, 2.142e-6, 1.793e-6, -3.492e-7, 1.979e-6, 1.665e-6, -3.133e-7, 2.191e-6, 1.821e-6, -3.698e-7, 2.076e-6, 1.732e-6, -3.436e-7
0.200, 2.076e-6, 1.792e-6, -2.849e-7, 1.911e-6, 1.660e-6, -2.513e-7, 2.117e-6, 1.815e-6, -3.023e-7, 2.006e-6, 1.727e-6, -2.790e-7
0.204, 2.007e-6, 1.787e-6, -2.193e-7, 1.841e-6, 1.652e-6, -1.891e-7, 2.038e-6, 1.804e-6, -2.340e-7, 1.933e-6, 1.719e-6, -2.140e-7
0.208, 1.937e-6, 1.781e-6, -1.558e-7, 1.771e-6, 1.643e-6, -1.283e-7, 1.960e-6, 1.793e-6, -1.672e-7, 1.861e-6, 1.710e-6, -1.503e-7
0.212, 1.869e-6, 1.775e-6, -9.389e-8, 1.703e-6, 1.634e-6, -6.939e-8, 1.884e-6, 1.781e-6, -1.032e-7, 1.790e-6, 1.700e-6, -8.919e-8
0.216, 1.802e-6, 1.768e-6, -3.356e-8, 1.637e-6, 1.625e-6, -1.218e-8, 1.809e-6, 1.769e-6, -4.005e-8, 1.720e-6, 1.691e-6, -2.901e-8
0.220, 1.736e-6, 1.761e-6, 2.504e-8, 1.573e-6, 1.616e-6, 4.283e-8, 1.736e-6, 1.757e-6, 2.036e-8, 1.653e-6, 1.681e-6, 2.862e-8
0.224, 1.674e-6, 1.755e-6, 8.082e-8, 1.513e-6, 1.608e-6, 9.512e-8, 1.668e-6, 1.746e-6, 7.784e-8, 1.589e-6, 1.673e-6, 8.362e-8
0.228, 1.615e-6, 1.750e-6, 1.347e-7, 1.455e-6, 1.601e-6, 1.457e-7, 1.603e-6, 1.737e-6, 1.332e-7, 1.529e-6, 1.666e-6, 1.367e-7
0.232, 1.561e-6, 1.746e-6, 1.859e-7, 1.403e-6, 1.596e-6, 1.936e-7, 1.544e-6, 1.729e-6, 1.852e-7, 1.474e-6, 1.661e-6, 1.870e-7
0.236, 1.510e-6, 1.744e-6, 2.344e-7, 1.354e-6, 1.593e-6, 2.389e-7, 1.489e-6, 1.723e-6, 2.343e-7, 1.423e-6, 1.657e-6, 2.342e-7
0.240, 1.463e-6, 1.744e-6, 2.804e-7, 1.310e-6, 1.592e-6, 2.820e-7, 1.438e-6, 1.720e-6, 2.811e-7, 1.376e-6, 1.655e-6, 2.795e-7
0.244, 1.420e-6, 1.744e-6, 3.245e-7, 1.269e-6, 1.592e-6, 3.224e-7, 1.392e-6, 1.717e-6, 3.252e-7, 1.333e-6, 1.655e-6, 3.221e-7
0.248, 1.381e-6, 1.747e-6, 3.662e-7, 1.233e-6, 1.594e-6, 3.613e-7, 1.350e-6, 1.717e-6, 3.671e-7, 1.295e-6, 1.657e-6, 3.624e-7
0.252, 1.344e-6, 1.750e-6, 4.065e-7, 1.198e-6, 1.597e-6, 3.987e-7, 1.310e-6, 1.717e-6, 4.070e-7, 1.258e-6, 1.659e-6, 4.011e-7
0.256, 1.311e-6, 1.756e-6, 4.449e-7, 1.167e-6, 1.601e-6, 4.340e-7, 1.276e-6, 1.720e-6, 4.444e-7, 1.225e-6, 1.663e-6, 4.385e-7
0.260, 1.280e-6, 1.762e-6, 4.815e-7, 1.139e-6, 1.607e-6, 4.681e-7, 1.243e-6, 1.724e-6, 4.809e-7, 1.196e-6, 1.669e-6, 4.735e-7
0.264, 1.252e-6, 1.769e-6, 5.169e-7, 1.114e-6, 1.615e-6, 5.006e-7, 1.213e-6, 1.729e-6, 5.154e-7, 1.169e-6, 1.676e-6, 5.070e-7
0.268, 1.225e-6, 1.776e-6, 5.510e-7, 1.089e-6, 1.622e-6, 5.327e-7, 1.186e-6, 1.734e-6, 5.487e-7, 1.142e-6, 1.682e-6, 5.401e-7
0.272, 1.200e-6, 1.785e-6, 5.846e-7, 1.067e-6, 1.630e-6, 5.634e-7, 1.160e-6, 1.741e-6, 5.809e-7, 1.119e-6, 1.691e-6, 5.715e-7
0.276, 1.177e-6, 1.793e-6, 6.163e-7, 1.046e-6, 1.639e-6, 5.929e-7, 1.136e-6, 1.748e-6, 6.117e-7, 1.097e-6, 1.698e-6, 6.019e-7
0.280, 1.154e-6, 1.801e-6, 6.470e-7, 1.026e-6, 1.648e-6, 6.216e-7, 1.113e-6, 1.755e-6, 6.417e-7, 1.076e-6, 1.707e-6, 6.314e-7
0.284, 1.133e-6, 1.810e-6, 6.772e-7, 1.008e-6, 1.657e-6, 6.497e-7, 1.092e-6, 1.762e-6, 6.705e-7, 1.056e-6, 1.716e-6, 6.598e-7
0.288, 1.113e-6, 1.818e-6, 7.059e-7, 9.897e-7, 1.666e-6, 6.766e-7, 1.071e-6, 1.769e-6, 6.983e-7, 1.037e-6, 1.724e-6, 6.873e-7
0.292, 1.092e-6, 1.826e-6, 7.347e-7, 9.722e-7, 1.675e-6, 7.032e-7, 1.051e-6, 1.777e-6, 7.253e-7, 1.019e-6, 1.733e-6, 7.142e-7
0.296, 1.072e-6, 1.834e-6, 7.617e-7, 9.558e-7, 1.685e-6, 7.288e-7, 1.032e-6, 1.784e-6, 7.514e-7, 1.002e-6, 1.741e-6, 7.399e-7
0.300, 1.053e-6, 1.841e-6, 7.877e-7, 9.390e-7, 1.693e-6, 7.536e-7, 1.014e-6, 1.790e-6, 7.765e-7, 9.840e-7, 1.749e-6, 7.650e-7
0.304, 1.035e-6, 1.848e-6, 8.131e-7, 9.233e-7, 1.701e-6, 7.779e-7, 9.954e-7, 1.797e-6, 8.013e-7, 9.672e-7, 1.756e-6, 7.893e-7
0.308, 1.016e-6, 1.854e-6, 8.378e-7, 9.070e-7, 1.709e-6, 8.018e-7, 9.779e-7, 1.803e-6, 8.246e-7, 9.508e-7, 1.764e-6, 8.130e-7
0.312, 9.979e-7, 1.859e-6, 8.611e-7, 8.919e-7, 1.716e-6, 8.240e-7, 9.607e-7, 1.808e-6, 8.474e-7, 9.347e-7, 1.771e-6, 8.358e-7
0.316, 9.794e-7, 1.863e-6, 8.832e-7, 8.766e-7, 1.722e-6, 8.457e-7, 9.434e-7, 1.812e-6, 8.691e-7, 9.185e-7, 1.776e-6, 8.578e-7
0.320, 9.622e-7, 1.867e-6, 9.045e-7, 8.615e-7, 1.728e-6, 8.670e-7, 9.266e-7, 1.817e-6, 8.900e-7, 9.028e-7, 1.782e-6, 8.789e-7
0.324, 9.452e-7, 1.870e-6, 9.247e-7, 8.471e-7, 1.734e-6, 8.871e-7, 9.110e-7, 1.821e-6, 9.098e-7, 8.880e-7, 1.787e-6, 8.989e-7
0.328, 9.285e-7, 1.873e-6, 9.440e-7, 8.330e-7, 1.739e-6, 9.063e-7, 8.950e-7, 1.824e-6, 9.287e-7, 8.734e-7, 1.792e-6, 9.183e-7
0.332, 9.118e-7, 1.874e-6, 9.626e-7, 8.186e-7, 1.744e-6, 9.253e-7, 8.791e-7, 1.826e-6, 9.474e-7, 8.586e-7, 1.796e-6, 9.374e-7
0.336, 8.959e-7, 1.876e-6, 9.802e-7, 8.047e-7, 1.748e-6, 9.435e-7, 8.638e-7, 1.829e-6, 9.653e-7, 8.446e-7, 1.800e-6, 9.556e-7
0.340, 8.811e-7, 1.877e-6, 9.961e-7, 7.921e-7, 1.752e-6, 9.600e-7, 8.503e-7, 1.832e-6, 9.813e-7, 8.315e-7, 1.804e-6, 9.720e-7
0.344, 8.660e-7, 1.878e-6, 1.012e-6, 7.794e-7, 1.756e-6, 9.765e-7, 8.359e-7, 1.834e-6, 9.978e-7, 8.179e-7, 1.807e-6, 9.891e-7
0.348, 8.517e-7, 1.878e-6, 1.026e-6, 7.669e-7, 1.759e-6, 9.921e-7, 8.229e-7, 1.836e-6, 1.013e-6, 8.052e-7, 1.810e-6, 1.005e-6
0.352, 8.388e-7, 1.878e-6, 1.040e-6, 7.552e-7, 1.762e-6, 1.007e-6, 8.095e-7, 1.837e-6, 1.027e-6, 7.930e-7, 1.813e-6, 1.020e-6
0.356, 8.255e-7, 1.878e-6, 1.053e-6, 7.440e-7, 1.765e-6, 1.021e-6, 7.975e-7, 1.838e-6, 1.041e-6, 7.816e-7, 1.816e-6, 1.034e-6
0.360, 8.141e-7, 1.879e-6, 1.065e-6, 7.340e-7, 1.768e-6, 1.034e-6, 7.860e-7, 1.840e-6, 1.054e-6, 7.705e-7, 1.819e-6, 1.048e-6
0.364, 8.019e-7, 1.878e-6, 1.077e-6, 7.232e-7, 1.771e-6, 1.048e-6, 7.749e-7, 1.841e-6, 1.066e-6, 7.595e-7, 1.821e-6, 1.062e-6
0.368, 7.912e-7, 1.879e-6, 1.088e-6, 7.137e-7, 1.774e-6, 1.060e-6, 7.646e-7, 1.843e-6, 1.078e-6, 7.498e-7, 1.824e-6, 1.074e-6
0.372, 7.817e-7, 1.879e-6, 1.098e-6, 7.049e-7, 1.777e-6, 1.072e-6, 7.545e-7, 1.844e-6, 1.090e-6, 7.409e-7, 1.827e-6, 1.086e-6
0.376, 7.725e-7, 1.880e-6, 1.107e-6, 6.963e-7, 1.780e-6, 1.083e-6, 7.456e-7, 1.846e-6, 1.100e-6, 7.317e-7, 1.829e-6, 1.098e-6
0.380, 7.632e-7, 1.880e-6, 1.117e-6, 6.881e-7, 1.782e-6, 1.094e-6, 7.361e-7, 1.847e-6, 1.111e-6, 7.234e-7, 1.832e-6, 1.109e-6
0.384, 7.550e-7, 1.881e-6, 1.126e-6, 6.805e-7, 1.785e-6, 1.104e-6, 7.281e-7, 1.849e-6, 1.121e-6, 7.153e-7, 1.834e-6, 1.119e-6
0.388, 7.485e-7, 1.883e-6, 1.134e-6, 6.740e-7, 1.788e-6, 1.114e-6, 7.212e-7, 1.851e-6, 1.130e-6, 7.089e-7, 1.838e-6, 1.130e-6
0.392, 7.410e-7, 1.883e-6, 1.142e-6, 6.679e-7, 1.791e-6, 1.124e-6, 7.135e-7, 1.853e-6, 1.139e-6, 7.017e-7, 1.841e-6, 1.139e-6
0.396, 7.339e-7, 1.884e-6, 1.150e-6, 6.608e-7, 1.794e-6, 1.133e-6, 7.062e-7, 1.854e-6, 1.148e-6, 6.944e-7, 1.843e-6, 1.149e-6
0.400, 7.274e-7, 1.886e-6, 1.158e-6, 6.549e-7, 1.797e-6, 1.142e-6, 6.995e-7, 1.856e-6, 1.157e-6, 6.882e-7, 1.846e-6, 1.158e-6
0.404, 7.215e-7, 1.887e-6, 1.165e-6, 6.488e-7, 1.799e-6, 1.150e-6, 6.935e-7, 1.858e-6, 1.164e-6, 6.818e-7, 1.848e-6, 1.167e-6
0.408, 7.156e-7, 1.888e-6, 1.173e-6, 6.438e-7, 1.802e-6, 1.158e-6, 6.873e-7, 1.859e-6, 1.172e-6, 6.760e-7, 1.851e-6, 1.175e-6
0.412, 7.101e-7, 1.890e-6, 1.179e-6, 6.383e-7, 1.805e-6, 1.167e-6, 6.812e-7, 1.861e-6, 1.180e-6, 6.705e-7, 1.853e-6, 1.183e-6
0.416, 7.049e-7, 1.891e-6, 1.186e-6, 6.330e-7, 1.807e-6, 1.174e-6, 6.758e-7, 1.863e-6, 1.187e-6, 6.647e-7, 1.856e-6, 1.191e-6
0.420, 6.995e-7, 1.892e-6, 1.193e-6, 6.282e-7, 1.810e-6, 1.182e-6, 6.700e-7, 1.864e-6, 1.194e-6, 6.589e-7, 1.858e-6, 1.199e-6
0.424, 6.947e-7, 1.894e-6, 1.199e-6, 6.235e-7, 1.812e-6, 1.189e-6, 6.649e-7, 1.866e-6, 1.201e-6, 6.541e-7, 1.860e-6, 1.206e-6
0.428, 6.893e-7, 1.895e-6, 1.206e-6, 6.186e-7, 1.815e-6, 1.196e-6, 6.590e-7, 1.867e-6, 1.208e-6, 6.487e-7, 1.862e-6, 1.213e-6
0.432, 6.841e-7, 1.896e-6, 1.212e-6, 6.132e-7, 1.817e-6, 1.203e-6, 6.534e-7, 1.868e-6, 1.215e-6, 6.427e-7, 1.863e-6, 1.221e-6
0.436, 6.792e-7, 1.897e-6, 1.218e-6, 6.083e-7, 1.819e-6, 1.210e-6, 6.478e-7, 1.869e-6, 1.221e-6, 6.378e-7, 1.865e-6, 1.227e-6
0.440, 6.752e-7, 1.899e-6, 1.224e-6, 6.040e-7, 1.821e-6, 1.217e-6, 6.433e-7, 1.870e-6, 1.227e-6, 6.331e-7, 1.867e-6, 1.234e-6
0.444, 6.698e-7, 1.900e-6, 1.230e-6, 5.996e-7, 1.822e-6, 1.223e-6, 6.381e-7, 1.871e-6, 1.233e-6, 6.280e-7, 1.868e-6, 1.240e-6
0.448, 6.654e-7, 1.901e-6, 1.236e-6, 5.948e-7, 1.824e-6, 1.229e-6, 6.327e-7, 1.871e-6, 1.239e-6, 6.226e-7, 1.869e-6, 1.247e-6
0.452, 6.600e-7, 1.902e-6, 1.242e-6, 5.904e-7, 1.825e-6, 1.235e-6, 6.281e-7, 1.872e-6, 1.244e-6, 6.182e-7, 1.871e-6, 1.253e-6
0.456, 6.558e-7, 1.902e-6, 1.247e-6, 5.859e-7, 1.827e-6, 1.241e-6, 6.236e-7, 1.873e-6, 1.249e-6, 6.135e-7, 1.871e-6, 1.258e-6
0.460, 6.502e-7, 1.903e-6, 1.252e-6, 5.811e-7, 1.827e-6, 1.246e-6, 6.179e-7, 1.873e-6, 1.255e-6, 6.077e-7, 1.872e-6, 1.264e-6
0.464, 6.457e-7, 1.903e-6, 1.258e-6, 5.766e-7, 1.828e-6, 1.252e-6, 6.134e-7, 1.873e-6, 1.260e-6, 6.028e-7, 1.872e-6, 1.269e-6
0.468, 6.407e-7, 1.903e-6, 1.263e-6, 5.716e-7, 1.829e-6, 1.257e-6, 6.082e-7, 1.873e-6, 1.264e-6, 5.977e-7, 1.872e-6, 1.275e-6
0.472, 6.355e-7, 1.903e-6, 1.268e-6, 5.668e-7, 1.830e-6, 1.263e-6, 6.030e-7, 1.873e-6, 1.270e-6, 5.926e-7, 1.873e-6, 1.280e-6
0.476, 6.301e-7, 1.903e-6, 1.273e-6, 5.621e-7, 1.830e-6, 1.268e-6, 5.982e-7, 1.873e-6, 1.274e-6, 5.871e-7, 1.872e-6, 1.285e-6
0.480, 6.252e-7, 1.903e-6, 1.278e-6, 5.571e-7, 1.830e-6, 1.273e-6, 5.929e-7, 1.872e-6, 1.279e-6, 5.817e-7, 1.872e-6, 1.290e-6
0.484, 6.198e-7, 1.902e-6, 1.283e-6, 5.518e-7, 1.830e-6, 1.278e-6, 5.871e-7, 1.871e-6, 1.284e-6, 5.765e-7, 1.871e-6, 1.295e-6
0.488, 6.143e-7, 1.902e-6, 1.287e-6, 5.469e-7, 1.829e-6, 1.283e-6, 5.822e-7, 1.870e-6, 1.288e-6, 5.713e-7, 1.871e-6, 1.300e-6
0.492, 6.084e-7, 1.901e-6, 1.292e-6, 5.422e-7, 1.829e-6, 1.287e-6, 5.772e-7, 1.869e-6, 1.292e-6, 5.655e-7, 1.870e-6, 1.304e-6
0.496, 6.034e-7, 1.900e-6, 1.296e-6, 5.365e-7, 1.828e-6, 1.292e-6, 5.715e-7, 1.868e-6, 1.296e-6, 5.598e-7, 1.868e-6, 1.309e-6
0.500, 5.973e-7, 1.898e-6, 1.301e-6, 5.310e-7, 1.827e-6, 1.296e-6, 5.660e-7, 1.867e-6, 1.301e-6, 5.540e-7, 1.867e-6, 1.313e-6
0.504, 5.911e-7, 1.897e-6, 1.306e-6, 5.255e-7, 1.826e-6, 1.300e-6, 5.601e-7, 1.864e-6, 1.304e-6, 5.481e-7, 1.865e-6, 1.317e-6
0.508, 5.850e-7, 1.895e-6, 1.310e-6, 5.203e-7, 1.825e-6, 1.305e-6, 5.542e-7, 1.863e-6, 1.309e-6, 5.424e-7, 1.864e-6, 1.321e-6
0.512, 5.792e-7, 1.893e-6, 1.314e-6, 5.143e-7, 1.823e-6, 1.309e-6, 5.482e-7, 1.861e-6, 1.312e-6, 5.359e-7, 1.861e-6, 1.326e-6
0.516, 5.725e-7, 1.891e-6, 1.318e-6, 5.089e-7, 1.822e-6, 1.313e-6, 5.430e-7, 1.859e-6, 1.316e-6, 5.301e-7, 1.860e-6, 1.329e-6
0.520, 5.662e-7, 1.888e-6, 1.322e-6, 5.032e-7, 1.820e-6, 1.317e-6, 5.376e-7, 1.857e-6, 1.319e-6, 5.240e-7, 1.857e-6, 1.333e-6
0.524, 5.599e-7, 1.886e-6, 1.326e-6, 4.970e-7, 1.817e-6, 1.320e-6, 5.310e-7, 1.854e-6, 1.323e-6, 5.175e-7, 1.854e-6, 1.337e-6
0.528, 5.531e-7, 1.883e-6, 1.330e-6, 4.910e-7, 1.815e-6, 1.324e-6, 5.253e-7, 1.852e-6, 1.326e-6, 5.116e-7, 1.852e-6, 1.340e-6
0.532, 5.474e-7, 1.880e-6, 1.333e-6, 4.855e-7, 1.813e-6, 1.327e-6, 5.199e-7, 1.849e-6, 1.329e-6, 5.055e-7, 1.849e-6, 1.344e-6
0.536, 5.402e-7, 1.877e-6, 1.337e-6, 4.792e-7, 1.810e-6, 1.331e-6, 5.130e-7, 1.846e-6, 1.333e-6, 4.986e-7, 1.846e-6, 1.347e-6
0.540, 5.334e-7, 1.874e-6, 1.340e-6, 4.732e-7, 1.808e-6, 1.334e-6, 5.069e-7, 1.843e-6, 1.336e-6, 4.925e-7, 1.843e-6, 1.350e-6
0.544, 5.267e-7, 1.870e-6, 1.344e-6, 4.669e-7, 1.805e-6, 1.338e-6, 5.014e-7, 1.840e-6, 1.339e-6, 4.858e-7, 1.839e-6, 1.354e-6
0.548, 5.201e-7, 1.867e-6, 1.347e-6, 4.611e-7, 1.802e-6, 1.341e-6, 4.948e-7, 1.837e-6, 1.342e-6, 4.795e-7, 1.836e-6, 1.357e-6
0.552, 5.133e-7, 1.863e-6, 1.350e-6, 4.551e-7, 1.799e-6, 1.344e-6, 4.891e-7, 1.833e-6, 1.344e-6, 4.734e-7, 1.833e-6, 1.359e-6
0.556, 5.065e-7, 1.859e-6, 1.353e-6, 4.490e-7, 1.795e-6, 1.346e-6, 4.827e-7, 1.830e-6, 1.347e-6, 4.671e-7, 1.829e-6, 1.362e-6
0.560, 5.001e-7, 1.856e-6, 1.355e-6, 4.428e-7, 1.792e-6, 1.349e-6, 4.769e-7, 1.826e-6, 1.349e-6, 4.607e-7, 1.825e-6, 1.365e-6
0.564, 4.937e-7, 1.852e-6, 1.358e-6, 4.368e-7, 1.788e-6, 1.351e-6, 4.709e-7, 1.822e-6, 1.352e-6, 4.544e-7, 1.821e-6, 1.367e-6
0.568, 4.877e-7, 1.848e-6, 1.360e-6, 4.311e-7, 1.785e-6, 1.354e-6, 4.655e-7, 1.819e-6, 1.354e-6, 4.481e-7, 1.817e-6, 1.369e-6
0.572, 4.809e-7, 1.844e-6, 1.363e-6, 4.248e-7, 1.781e-6, 1.356e-6, 4.595e-7, 1.815e-6, 1.356e-6, 4.420e-7, 1.813e-6, 1.371e-6
0.576, 4.747e-7, 1.839e-6, 1.365e-6, 4.189e-7, 1.777e-6, 1.358e-6, 4.540e-7, 1.812e-6, 1.358e-6, 4.356e-7, 1.809e-6, 1.374e-6
0.580, 4.685e-7, 1.836e-6, 1.367e-6, 4.134e-7, 1.773e-6, 1.360e-6, 4.478e-7, 1.807e-6, 1.360e-6, 4.305e-7, 1.805e-6, 1.375e-6
0.584, 4.627e-7, 1.831e-6, 1.369e-6, 4.074e-7, 1.769e-6, 1.362e-6, 4.426e-7, 1.804e-6, 1.361e-6, 4.247e-7, 1.801e-6, 1.377e-6
0.588, 4.565e-7, 1.827e-6, 1.370e-6, 4.017e-7, 1.765e-6, 1.364e-6, 4.373e-7, 1.800e-6, 1.363e-6, 4.186e-7, 1.797e-6, 1.378e-6
0.592, 4.504e-7, 1.823e-6, 1.372e-6, 3.968e-7, 1.761e-6, 1.365e-6, 4.321e-7, 1.796e-6, 1.364e-6, 4.134e-7, 1.793e-6, 1.379e-6
0.596, 4.456e-7, 1.819e-6, 1.373e-6, 3.916e-7, 1.758e-6, 1.366e-6, 4.269e-7, 1.792e-6, 1.365e-6, 4.081e-7, 1.789e-6, 1.381e-6
0.600, 4.396e-7, 1.814e-6, 1.375e-6, 3.865e-7, 1.754e-6, 1.367e-6, 4.220e-7, 1.788e-6, 1.366e-6, 4.026e-7, 1.784e-6, 1.382e-6
0.604, 4.341e-7, 1.810e-6, 1.376e-6, 3.812e-7, 1.750e-6, 1.368e-6, 4.169e-7, 1.784e-6, 1.367e-6, 3.977e-7, 1.780e-6, 1.383e-6
0.608, 4.295e-7, 1.806e-6, 1.376e-6, 3.768e-7, 1.746e-6, 1.369e-6, 4.124e-7, 1.780e-6, 1.368e-6, 3.921e-7, 1.776e-6, 1.384e-6
0.612, 4.241e-7, 1.802e-6, 1.377e-6, 3.716e-7, 1.741e-6, 1.370e-6, 4.073e-7, 1.776e-6, 1.369e-6, 3.876e-7, 1.772e-6, 1.384e-6
0.616, 4.194e-7, 1.797e-6, 1.378e-6, 3.673e-7, 1.738e-6, 1.370e-6, 4.035e-7, 1.772e-6, 1.369e-6, 3.828e-7, 1.768e-6, 1.385e-6
0.620, 4.148e-7, 1.793e-6, 1.378e-6, 3.631e-7, 1.734e-6, 1.371e-6, 3.985e-7, 1.768e-6, 1.370e-6, 3.784e-7, 1.763e-6, 1.385e-6
0.624, 4.107e-7, 1.789e-6, 1.379e-6, 3.589e-7, 1.730e-6, 1.371e-6, 3.943e-7, 1.764e-6, 1.370e-6, 3.744e-7, 1.759e-6, 1.385e-6
0.628, 4.063e-7, 1.785e-6, 1.379e-6, 3.549e-7, 1.726e-6, 1.371e-6, 3.904e-7, 1.761e-6, 1.370e-6, 3.700e-7, 1.755e-6, 1.385e-6
0.632, 4.025e-7, 1.781e-6, 1.379e-6, 3.510e-7, 1.722e-6, 1.371e-6, 3.871e-7, 1.757e-6, 1.370e-6, 3.666e-7, 1.751e-6, 1.385e-6
0.636, 3.980e-7, 1.777e-6, 1.379e-6, 3.474e-7, 1.719e-6, 1.371e-6, 3.831e-7, 1.753e-6, 1.370e-6, 3.621e-7, 1.747e-6, 1.385e-6
0.640, 3.950e-7, 1.774e-6, 1.379e-6, 3.441e-7, 1.715e-6, 1.371e-6, 3.798e-7, 1.750e-6, 1.370e-6, 3.588e-7, 1.744e-6, 1.385e-6
0.644, 3.915e-7, 1.771e-6, 1.379e-6, 3.406e-7, 1.711e-6, 1.371e-6, 3.760e-7, 1.746e-6, 1.370e-6, 3.556e-7, 1.740e-6, 1.385e-6
0.648, 3.889e-7, 1.767e-6, 1.378e-6, 3.382e-7, 1.708e-6, 1.370e-6, 3.734e-7, 1.743e-6, 1.370e-6, 3.528e-7, 1.737e-6, 1.384e-6
0.652, 3.863e-7, 1.764e-6, 1.378e-6, 3.354e-7, 1.705e-6, 1.370e-6, 3.706e-7, 1.740e-6, 1.369e-6, 3.500e-7, 1.733e-6, 1.383e-6
0.656, 3.831e-7, 1.760e-6, 1.377e-6, 3.324e-7, 1.702e-6, 1.369e-6, 3.682e-7, 1.737e-6, 1.369e-6, 3.472e-7, 1.730e-6, 1.383e-6
0.660, 3.807e-7, 1.758e-6, 1.377e-6, 3.304e-7, 1.699e-6, 1.369e-6, 3.653e-7, 1.734e-6, 1.369e-6, 3.451e-7, 1.727e-6, 1.382e-6
0.664, 3.787e-7, 1.755e-6, 1.376e-6, 3.288e-7, 1.696e-6, 1.368e-6, 3.640e-7, 1.731e-6, 1.367e-6, 3.430e-7, 1.725e-6, 1.382e-6
0.668, 3.766e-7, 1.752e-6, 1.375e-6, 3.272e-7, 1.694e-6, 1.367e-6, 3.624e-7, 1.729e-6, 1.367e-6, 3.411e-7, 1.722e-6, 1.381e-6
0.672, 3.754e-7, 1.750e-6, 1.375e-6, 3.252e-7, 1.691e-6, 1.366e-6, 3.609e-7, 1.727e-6, 1.366e-6, 3.394e-7, 1.719e-6, 1.380e-6
0.676, 3.738e-7, 1.748e-6, 1.374e-6, 3.246e-7, 1.690e-6, 1.365e-6, 3.595e-7, 1.725e-6, 1.365e-6, 3.380e-7, 1.717e-6, 1.379e-6
0.680, 3.735e-7, 1.746e-6, 1.373e-6, 3.238e-7, 1.688e-6, 1.364e-6, 3.589e-7, 1.723e-6, 1.365e-6, 3.376e-7, 1.715e-6, 1.378e-6
0.684, 3.728e-7, 1.744e-6, 1.372e-6, 3.228e-7, 1.686e-6, 1.363e-6, 3.580e-7, 1.722e-6, 1.364e-6, 3.371e-7, 1.714e-6, 1.377e-6
0.688, 3.721e-7, 1.743e-6, 1.371e-6, 3.227e-7, 1.685e-6, 1.362e-6, 3.580e-7, 1.721e-6, 1.363e-6, 3.366e-7, 1.712e-6, 1.375e-6
0.692, 3.723e-7, 1.742e-6, 1.370e-6, 3.229e-7, 1.684e-6, 1.361e-6, 3.582e-7, 1.720e-6, 1.362e-6, 3.366e-7, 1.711e-6, 1.375e-6
0.696, 3.726e-7, 1.741e-6, 1.369e-6, 3.235e-7, 1.683e-6, 1.360e-6, 3.585e-7, 1.719e-6, 1.361e-6, 3.368e-7, 1.710e-6, 1.373e-6
0.700, 3.732e-7, 1.741e-6, 1.368e-6, 3.244e-7, 1.683e-6, 1.359e-6, 3.594e-7, 1.720e-6, 1.360e-6, 3.379e-7, 1.710e-6, 1.372e-6
0.704, 3.745e-7, 1.741e-6, 1.367e-6, 3.258e-7, 1.683e-6, 1.358e-6, 3.611e-7, 1.720e-6, 1.359e-6, 3.387e-7, 1.710e-6, 1.371e-6
0.708, 3.762e-7, 1.742e-6, 1.366e-6, 3.273e-7, 1.684e-6, 1.356e-6, 3.628e-7, 1.721e-6, 1.359e-6, 3.406e-7, 1.711e-6, 1.370e-6
0.712, 3.788e-7, 1.743e-6, 1.365e-6, 3.299e-7, 1.685e-6, 1.355e-6, 3.652e-7, 1.723e-6, 1.357e-6, 3.428e-7, 1.712e-6, 1.369e-6
0.716, 3.806e-7, 1.745e-6, 1.364e-6, 3.324e-7, 1.687e-6, 1.354e-6, 3.680e-7, 1.725e-6, 1.357e-6, 3.450e-7, 1.713e-6, 1.368e-6
0.720, 3.835e-7, 1.747e-6, 1.363e-6, 3.355e-7, 1.689e-6, 1.353e-6, 3.717e-7, 1.728e-6, 1.356e-6, 3.488e-7, 1.716e-6, 1.367e-6
0.724, 3.878e-7, 1.750e-6, 1.362e-6, 3.396e-7, 1.692e-6, 1.352e-6, 3.761e-7, 1.731e-6, 1.355e-6, 3.523e-7, 1.718e-6, 1.366e-6
0.728, 3.921e-7, 1.753e-6, 1.361e-6, 3.442e-7, 1.696e-6, 1.351e-6, 3.807e-7, 1.735e-6, 1.354e-6, 3.569e-7, 1.722e-6, 1.365e-6
0.732, 3.972e-7, 1.757e-6, 1.360e-6, 3.499e-7, 1.700e-6, 1.350e-6, 3.868e-7, 1.740e-6, 1.353e-6, 3.625e-7, 1.727e-6, 1.364e-6
0.736, 4.036e-7, 1.763e-6, 1.359e-6, 3.561e-7, 1.706e-6, 1.350e-6, 3.935e-7, 1.746e-6, 1.353e-6, 3.686e-7, 1.732e-6, 1.363e-6
0.740, 4.100e-7, 1.769e-6, 1.359e-6, 3.632e-7, 1.712e-6, 1.349e-6, 4.006e-7, 1.753e-6, 1.353e-6, 3.759e-7, 1.738e-6, 1.362e-6
0.744, 4.186e-7, 1.777e-6, 1.358e-6, 3.723e-7, 1.720e-6, 1.348e-6, 4.103e-7, 1.762e-6, 1.352e-6, 3.844e-7, 1.746e-6, 1.362e-6
0.748, 4.276e-7, 1.785e-6, 1.357e-6, 3.815e-7, 1.729e-6, 1.347e-6, 4.203e-7, 1.772e-6, 1.352e-6, 3.935e-7, 1.755e-6, 1.362e-6
0.752, 4.379e-7, 1.795e-6, 1.357e-6, 3.924e-7, 1.739e-6, 1.347e-6, 4.322e-7, 1.784e-6, 1.351e-6, 4.048e-7, 1.766e-6, 1.361e-6
0.756, 4.496e-7, 1.807e-6, 1.357e-6, 4.047e-7, 1.751e-6, 1.346e-6, 4.453e-7, 1.797e-6, 1.351e-6, 4.168e-7, 1.778e-6, 1.361e-6
0.760, 4.633e-7, 1.820e-6, 1.356e-6, 4.182e-7, 1.765e-6, 1.346e-6, 4.599e-7, 1.812e-6, 1.352e-6, 4.305e-7, 1.791e-6, 1.361e-6
0.764, 4.777e-7, 1.835e-6, 1.357e-6, 4.336e-7, 1.780e-6, 1.347e-6, 4.770e-7, 1.829e-6, 1.352e-6, 4.461e-7, 1.807e-6, 1.361e-6
0.768, 4.949e-7, 1.852e-6, 1.357e-6, 4.506e-7, 1.798e-6, 1.347e-6, 4.954e-7, 1.848e-6, 1.353e-6, 4.633e-7, 1.825e-6, 1.361e-6
0.772, 5.136e-7, 1.871e-6, 1.358e-6, 4.700e-7, 1.818e-6, 1.348e-6, 5.170e-7, 1.871e-6, 1.354e-6, 4.829e-7, 1.845e-6, 1.362e-6
0.776, 5.355e-7, 1.894e-6, 1.358e-6, 4.919e-7, 1.841e-6, 1.349e-6, 5.412e-7, 1.896e-6, 1.355e-6, 5.048e-7, 1.868e-6, 1.363e-6
0.780, 5.576e-7, 1.918e-6, 1.361e-6, 5.154e-7, 1.866e-6, 1.350e-6, 5.669e-7, 1.924e-6, 1.357e-6, 5.295e-7, 1.894e-6, 1.365e-6
0.784, 5.845e-7, 1.947e-6, 1.362e-6, 5.428e-7, 1.895e-6, 1.352e-6, 5.964e-7, 1.956e-6, 1.360e-6, 5.565e-7, 1.924e-6, 1.367e-6
0.788, 6.133e-7, 1.978e-6, 1.364e-6, 5.719e-7, 1.927e-6, 1.355e-6, 6.294e-7, 1.992e-6, 1.363e-6, 5.858e-7, 1.956e-6, 1.370e-6
0.792, 6.451e-7, 2.013e-6, 1.368e-6, 6.051e-7, 1.963e-6, 1.358e-6, 6.651e-7, 2.032e-6, 1.367e-6, 6.198e-7, 1.993e-6, 1.374e-6
0.796, 6.813e-7, 2.053e-6, 1.372e-6, 6.409e-7, 2.003e-6, 1.362e-6, 7.057e-7, 2.078e-6, 1.372e-6, 6.571e-7, 2.035e-6, 1.378e-6
0.800, 7.211e-7, 2.097e-6, 1.376e-6, 6.806e-7, 2.048e-6, 1.367e-6, 7.506e-7, 2.128e-6, 1.377e-6, 6.980e-7, 2.081e-6, 1.383e-6
