0.004, 5.563e-7, -9.120e-7, -1.468e-6, -2.228e-7, -2.421e-7, -2.035e-7, 6.146e-7, -9.505e-7, -1.565e-6, -2.926e-7, -3.101e-7, -2.752e-7, 5.779e-7, -9.506e-7, -1.528e-6, -3.079e-7, -3.260e-7, -2.898e-7, 6.719e-7, -1.048e-6, -1.720e-6, -3.519e-7, -3.721e-7, -3.318e-7
0.008, 6.489e-7, -4.596e-7, -1.109e-6, -1.917e-7, -2.048e-7, -1.787e-7, 7.207e-7, -4.529e-7, -1.174e-6, -2.457e-7, -2.561e-7, -2.352e-7, 6.794e-7, -4.576e-7, -1.137e-6, -2.571e-7, -2.680e-7, -2.462e-7, 7.924e-7, -4.677e-7, -1.260e-6, -2.946e-7, -3.046e-7, -2.845e-7
0.012, 6.301e-7, -2.909e-7, -9.210e-7, -1.722e-7, -1.838e-7, -1.606e-7, 6.827e-7, -2.809e-7, -9.636e-7, -2.164e-7, -2.254e-7, -2.075e-7, 6.465e-7, -2.896e-7, -9.361e-7, -2.313e-7, -2.399e-7, -2.227e-7, 7.619e-7, -2.726e-7, -1.035e-6, -2.594e-7, -2.666e-7, -2.522e-7
0.016, 6.032e-7, -1.958e-7, -7.991e-7, -1.593e-7, -1.702e-7, -1.484e-7, 6.585e-7, -1.765e-7, -8.350e-7, -1.965e-7, -2.036e-7, -1.894e-7, 6.192e-7, -1.907e-7, -8.099e-7, -2.075e-7, -2.154e-7, -1.997e-7, 7.204e-7, -1.659e-7, -8.863e-7, -2.362e-7, -2.420e-7, -2.304e-7
0.020, 5.807e-7, -1.283e-7, -7.090e-7, -1.500e-7, -1.581e-7, -1.418e-7, 6.312e-7, -1.132e-7, -7.444e-7, -1.832e-7, -1.896e-7, -1.767e-7, 5.986e-7, -1.200e-7, -7.186e-7, -1.927e-7, -1.976e-7, -1.878e-7, 6.931e-7, -8.895e-8, -7.820e-7, -2.158e-7, -2.208e-7, -2.107e-7
0.024, 5.614e-7, -8.100e-8, -6.424e-7, -1.405e-7, -1.505e-7, -1.306e-7, 6.086e-7, -6.215e-8, -6.707e-7, -1.700e-7, -1.768e-7, -1.633e-7, 5.741e-7, -7.279e-8, -6.469e-7, -1.802e-7, -1.862e-7, -1.741e-7, 6.687e-7, -3.513e-8, -7.038e-7, -2.022e-7, -2.065e-7, -1.979e-7
0.028, 5.443e-7, -4.383e-8, -5.881e-7, -1.358e-7, -1.469e-7, -1.247e-7, 5.973e-7, -2.133e-8, -6.186e-7, -1.594e-7, -1.645e-7, -1.542e-7, 5.649e-7, -3.075e-8, -5.956e-7, -1.675e-7, -1.727e-7, -1.622e-7, 6.482e-7, 2.428e-9, -6.458e-7, -1.871e-7, -1.933e-7, -1.808e-7
0.032, 5.350e-7, -8.447e-9, -5.434e-7, -1.294e-7, -1.372e-7, -1.217e-7, 5.831e-7, 9.887e-9, -5.733e-7, -1.515e-7, -1.587e-7, -1.442e-7, 5.476e-7, -4.815e-9, -5.525e-7, -1.590e-7, -1.648e-7, -1.532e-7, 6.360e-7, 3.698e-8, -5.990e-7, -1.771e-7, -1.822e-7, -1.720e-7
0.036, 5.347e-7, 2.137e-8, -5.133e-7, -1.234e-7, -1.324e-7, -1.145e-7, 5.703e-7, 3.567e-8, -5.347e-7, -1.443e-7, -1.527e-7, -1.359e-7, 5.361e-7, 2.135e-8, -5.148e-7, -1.514e-7, -1.557e-7, -1.472e-7, 6.297e-7, 6.787e-8, -5.618e-7, -1.675e-7, -1.680e-7, -1.670e-7
0.040, 5.219e-7, 4.699e-8, -4.749e-7, -1.154e-7, -1.261e-7, -1.046e-7, 5.625e-7, 6.098e-8, -5.015e-7, -1.373e-7, -1.424e-7, -1.322e-7, 5.341e-7, 4.352e-8, -4.906e-7, -1.475e-7, -1.505e-7, -1.446e-7, 6.142e-7, 8.742e-8, -5.268e-7, -1.562e-7, -1.596e-7, -1.528e-7
0.044, 5.189e-7, 6.302e-8, -4.559e-7, -1.122e-7, -1.208e-7, -1.035e-7, 5.598e-7, 8.464e-8, -4.751e-7, -1.284e-7, -1.338e-7, -1.230e-7, 5.246e-7, 7.099e-8, -4.536e-7, -1.349e-7, -1.372e-7, -1.327e-7, 6.076e-7, 1.084e-7, -4.992e-7, -1.518e-7, -1.532e-7, -1.504e-7
0.048, 5.131e-7, 8.382e-8, -4.293e-7, -1.086e-7, -1.192e-7, -9.795e-8, 5.538e-7, 1.013e-7, -4.525e-7, -1.239e-7, -1.288e-7, -1.190e-7, 5.249e-7, 8.689e-8, -4.381e-7, -1.325e-7, -1.343e-7, -1.308e-7, 6.019e-7, 1.272e-7, -4.747e-7, -1.412e-7, -1.420e-7, -1.403e-7
0.052, 5.072e-7, 1.001e-7, -4.071e-7, -1.040e-7, -1.152e-7, -9.282e-8, 5.499e-7, 1.200e-7, -4.299e-7, -1.171e-7, -1.214e-7, -1.129e-7, 5.179e-7, 1.035e-7, -4.144e-7, -1.267e-7, -1.309e-7, -1.225e-7, 5.957e-7, 1.445e-7, -4.512e-7, -1.378e-7, -1.393e-7, -1.363e-7
0.056, 5.113e-7, 1.179e-7, -3.934e-7, -9.993e-8, -1.081e-7, -9.174e-8, 5.479e-7, 1.369e-7, -4.109e-7, -1.120e-7, -1.174e-7, -1.066e-7, 5.208e-7, 1.227e-7, -3.981e-7, -1.204e-7, -1.226e-7, -1.182e-7, 5.925e-7, 1.618e-7, -4.306e-7, -1.288e-7, -1.321e-7, -1.255e-7
0.060, 5.048e-7, 1.326e-7, -3.723e-7, -9.529e-8, -1.049e-7, -8.571e-8, 5.498e-7, 1.527e-7, -3.971e-7, -1.099e-7, -1.124e-7, -1.074e-7, 5.183e-7, 1.327e-7, -3.856e-7, -1.155e-7, -1.189e-7, -1.121e-7, 5.902e-7, 1.735e-7, -4.168e-7, -1.236e-7, -1.268e-7, -1.204e-7
0.064, 5.100e-7, 1.485e-7, -3.614e-7, -9.387e-8, -1.021e-7, -8.560e-8, 5.486e-7, 1.677e-7, -3.809e-7, -1.034e-7, -1.085e-7, -9.822e-8, 5.138e-7, 1.481e-7, -3.656e-7, -1.103e-7, -1.129e-7, -1.077e-7, 5.923e-7, 1.926e-7, -3.997e-7, -1.187e-7, -1.211e-7, -1.164e-7
0.068, 5.147e-7, 1.638e-7, -3.509e-7, -8.961e-8, -9.843e-8, -8.079e-8, 5.512e-7, 1.835e-7, -3.677e-7, -9.866e-8, -1.035e-7, -9.385e-8, 5.161e-7, 1.602e-7, -3.560e-7, -1.087e-7, -1.106e-7, -1.067e-7, 5.936e-7, 2.057e-7, -3.879e-7, -1.127e-7, -1.147e-7, -1.106e-7
0.072, 5.113e-7, 1.737e-7, -3.376e-7, -8.605e-8, -9.444e-8, -7.765e-8, 5.615e-7, 2.008e-7, -3.607e-7, -9.566e-8, -9.847e-8, -9.286e-8, 5.234e-7, 1.768e-7, -3.466e-7, -1.039e-7, -1.074e-7, -1.003e-7, 5.903e-7, 2.192e-7, -3.711e-7, -1.092e-7, -1.131e-7, -1.053e-7
0.076, 5.193e-7, 1.889e-7, -3.303e-7, -8.406e-8, -9.253e-8, -7.558e-8, 5.593e-7, 2.128e-7, -3.466e-7, -9.081e-8, -9.429e-8, -8.732e-8, 5.224e-7, 1.909e-7, -3.315e-7, -9.744e-8, -1.014e-7, -9.346e-8, 5.972e-7, 2.337e-7, -3.635e-7, -1.035e-7, -1.056e-7, -1.013e-7
0.080, 5.220e-7, 2.039e-7, -3.181e-7, -7.998e-8, -8.892e-8, -7.105e-8, 5.624e-7, 2.243e-7, -3.382e-7, -8.931e-8, -9.297e-8, -8.565e-8, 5.315e-7, 2.041e-7, -3.275e-7, -9.590e-8, -9.903e-8, -9.276e-8, 6.060e-7, 2.530e-7, -3.530e-7, -9.851e-8, -1.012e-7, -9.582e-8
0.084, 5.301e-7, 2.179e-7, -3.123e-7, -7.702e-8, -8.519e-8, -6.885e-8, 5.694e-7, 2.393e-7, -3.301e-7, -8.840e-8, -9.188e-8, -8.492e-8, 5.377e-7, 2.162e-7, -3.215e-7, -9.243e-8, -9.512e-8, -8.975e-8, 6.120e-7, 2.655e-7, -3.464e-7, -9.457e-8, -9.689e-8, -9.226e-8
0.088, 5.337e-7, 2.298e-7, -3.039e-7, -7.631e-8, -8.556e-8, -6.706e-8, 5.789e-7, 2.554e-7, -3.236e-7, -8.325e-8, -8.797e-8, -7.852e-8, 5.499e-7, 2.359e-7, -3.141e-7, -8.775e-8, -9.111e-8, -8.438e-8, 6.223e-7, 2.820e-7, -3.403e-7, -9.265e-8, -9.492e-8, -9.038e-8
0.092, 5.442e-7, 2.449e-7, -2.994e-7, -7.286e-8, -8.417e-8, -6.155e-8, 5.887e-7, 2.721e-7, -3.166e-7, -8.083e-8, -8.233e-8, -7.934e-8, 5.550e-7, 2.483e-7, -3.067e-7, -8.545e-8, -8.820e-8, -8.270e-8, 6.313e-7, 2.960e-7, -3.353e-7, -8.825e-8, -9.185e-8, -8.466e-8
0.096, 5.574e-7, 2.638e-7, -2.936e-7, -7.091e-8, -8.123e-8, -6.060e-8, 5.995e-7, 2.881e-7, -3.114e-7, -7.620e-8, -8.170e-8, -7.070e-8, 5.625e-7, 2.614e-7, -3.010e-7, -8.352e-8, -8.547e-8, -8.157e-8, 6.486e-7, 3.158e-7, -3.327e-7, -8.329e-8, -8.343e-8, -8.316e-8
0.100, 5.748e-7, 2.813e-7, -2.935e-7, -6.621e-8, -7.533e-8, -5.708e-8, 6.172e-7, 3.084e-7, -3.088e-7, -7.368e-8, -7.748e-8, -6.988e-8, 5.756e-7, 2.806e-7, -2.949e-7, -8.015e-8, -8.501e-8, -7.530e-8, 6.603e-7, 3.316e-7, -3.287e-7, -8.379e-8, -8.628e-8, -8.130e-8
0.104, 5.901e-7, 3.029e-7, -2.872e-7, -6.480e-8, -7.324e-8, -5.635e-8, 6.356e-7, 3.249e-7, -3.107e-7, -7.495e-8, -7.947e-8, -7.044e-8, 5.949e-7, 2.959e-7, -2.990e-7, -7.663e-8, -7.877e-8, -7.450e-8, 6.830e-7, 3.577e-7, -3.253e-7, -7.554e-8, -7.512e-8, -7.597e-8
0.108, 6.022e-7, 3.154e-7, -2.868e-7, -6.400e-8, -7.373e-8, -5.427e-8, 6.539e-7, 3.458e-7, -3.081e-7, -6.925e-8, -7.353e-8, -6.497e-8, 6.134e-7, 3.188e-7, -2.946e-7, -7.564e-8, -7.585e-8, -7.543e-8, 6.993e-7, 3.749e-7, -3.245e-7, -7.441e-8, -7.670e-8, -7.213e-8
0.112, 6.302e-7, 3.398e-7, -2.904e-7, -6.094e-8, -6.954e-8, -5.233e-8, 6.782e-7, 3.710e-7, -3.072e-7, -6.665e-8, -7.167e-8, -6.163e-8, 6.279e-7, 3.355e-7, -2.923e-7, -7.330e-8, -7.596e-8, -7.065e-8, 7.239e-7, 3.970e-7, -3.268e-7, -7.312e-8, -7.310e-8, -7.313e-8
0.116, 6.482e-7, 3.602e-7, -2.880e-7, -5.991e-8, -6.935e-8, -5.047e-8, 7.004e-7, 3.924e-7, -3.081e-7, -6.569e-8, -7.123e-8, -6.014e-8, 6.539e-7, 3.582e-7, -2.957e-7, -7.173e-8, -7.379e-8, -6.968e-8, 7.541e-7, 4.228e-7, -3.313e-7, -6.983e-8, -6.921e-8, -7.046e-8
0.120, 6.755e-7, 3.848e-7, -2.907e-7, -5.717e-8, -6.560e-8, -4.874e-8, 7.313e-7, 4.181e-7, -3.132e-7, -6.584e-8, -6.917e-8, -6.250e-8, 6.801e-7, 3.818e-7, -2.983e-7, -6.880e-8, -7.221e-8, -6.540e-8, 7.802e-7, 4.503e-7, -3.299e-7, -6.518e-8, -6.605e-8, -6.431e-8
0.124, 7.012e-7, 4.067e-7, -2.946e-7, -5.674e-8, -6.616e-8, -4.733e-8, 7.605e-7, 4.468e-7, -3.137e-7, -6.073e-8, -6.497e-8, -5.650e-8, 7.059e-7, 4.062e-7, -2.996e-7, -6.619e-8, -6.925e-8, -6.312e-8, 8.129e-7, 4.781e-7, -3.348e-7, -6.605e-8, -6.585e-8, -6.624e-8
0.128, 7.285e-7, 4.323e-7, -2.963e-7, -5.555e-8, -6.603e-8, -4.508e-8, 7.947e-7, 4.740e-7, -3.208e-7, -6.009e-8, -6.262e-8, -5.756e-8, 7.398e-7, 4.360e-7, -3.038e-7, -6.425e-8, -6.410e-8, -6.440e-8, 8.514e-7, 5.091e-7, -3.423e-7, -6.336e-8, -6.260e-8, -6.412e-8
0.132, 7.662e-7, 4.631e-7, -3.031e-7, -5.140e-8, -5.739e-8, -4.542e-8, 8.363e-7, 5.092e-7, -3.271e-7, -6.050e-8, -6.307e-8, -5.794e-8, 7.725e-7, 4.606e-7, -3.119e-7, -6.437e-8, -6.706e-8, -6.168e-8, 8.824e-7, 5.367e-7, -3.458e-7, -6.014e-8, -6.190e-8, -5.838e-8
0.136, 7.937e-7, 4.869e-7, -3.068e-7, -5.161e-8, -5.891e-8, -4.430e-8, 8.690e-7, 5.370e-7, -3.320e-7, -5.880e-8, -6.116e-8, -5.645e-8, 8.047e-7, 4.887e-7, -3.160e-7, -6.148e-8, -6.321e-8, -5.976e-8, 9.245e-7, 5.703e-7, -3.542e-7, -6.050e-8, -6.104e-8, -5.997e-8
0.140, 8.266e-7, 5.171e-7, -3.096e-7, -4.714e-8, -5.370e-8, -4.058e-8, 9.061e-7, 5.679e-7, -3.382e-7, -5.707e-8, -5.877e-8, -5.538e-8, 8.389e-7, 5.175e-7, -3.214e-7, -6.312e-8, -6.525e-8, -6.100e-8, 9.673e-7, 6.046e-7, -3.627e-7, -5.709e-8, -5.732e-8, -5.686e-8
0.144, 8.586e-7, 5.427e-7, -3.159e-7, -4.846e-8, -5.930e-8, -3.762e-8, 9.422e-7, 5.995e-7, -3.427e-7, -5.399e-8, -5.593e-8, -5.204e-8, 8.757e-7, 5.486e-7, -3.271e-7, -5.950e-8, -5.758e-8, -6.141e-8, 1.009e-6, 6.407e-7, -3.679e-7, -5.658e-8, -5.630e-8, -5.686e-8
0.148, 8.943e-7, 5.719e-7, -3.223e-7, -4.736e-8, -5.502e-8, -3.971e-8, 9.834e-7, 6.330e-7, -3.504e-7, -5.422e-8, -5.714e-8, -5.130e-8, 9.030e-7, 5.732e-7, -3.298e-7, -5.864e-8, -6.148e-8, -5.581e-8, 1.044e-6, 6.712e-7, -3.727e-7, -5.429e-8, -5.433e-8, -5.425e-8
0.152, 9.218e-7, 5.974e-7, -3.244e-7, -4.693e-8, -5.297e-8, -4.089e-8, 1.024e-6, 6.652e-7, -3.587e-7, -5.512e-8, -5.646e-8, -5.379e-8, 9.356e-7, 5.998e-7, -3.357e-7, -5.734e-8, -5.839e-8, -5.628e-8, 1.080e-6, 7.030e-7, -3.767e-7, -5.156e-8, -5.367e-8, -4.946e-8
0.156, 9.525e-7, 6.214e-7, -3.312e-7, -4.751e-8, -5.357e-8, -4.144e-8, 1.052e-6, 6.919e-7, -3.599e-7, -5.215e-8, -5.283e-8, -5.147e-8, 9.649e-7, 6.306e-7, -3.343e-7, -5.590e-8, -5.733e-8, -5.448e-8, 1.119e-6, 7.357e-7, -3.833e-7, -5.606e-8, -5.566e-8, -5.645e-8
0.160, 9.795e-7, 6.523e-7, -3.272e-7, -4.536e-8, -5.225e-8, -3.846e-8, 1.079e-6, 7.206e-7, -3.580e-7, -5.348e-8, -5.596e-8, -5.099e-8, 9.888e-7, 6.518e-7, -3.370e-7, -5.664e-8, -5.691e-8, -5.637e-8, 1.152e-6, 7.677e-7, -3.838e-7, -4.848e-8, -4.806e-8, -4.889e-8
0.164, 1.003e-6, 6.725e-7, -3.306e-7, -4.422e-8, -5.080e-8, -3.764e-8, 1.103e-6, 7.486e-7, -3.549e-7, -5.015e-8, -5.333e-8, -4.698e-8, 1.013e-6, 6.764e-7, -3.363e-7, -5.600e-8, -5.702e-8, -5.498e-8, 1.175e-6, 7.909e-7, -3.845e-7, -5.282e-8, -5.150e-8, -5.414e-8
0.168, 1.016e-6, 6.920e-7, -3.237e-7, -4.678e-8, -5.388e-8, -3.968e-8, 1.129e-6, 7.769e-7, -3.519e-7, -4.920e-8, -5.014e-8, -4.826e-8, 1.036e-6, 7.028e-7, -3.334e-7, -5.355e-8, -5.507e-8, -5.202e-8, 1.199e-6, 8.184e-7, -3.802e-7, -5.027e-8, -5.094e-8, -4.960e-8
0.172, 1.045e-6, 7.199e-7, -3.248e-7, -4.472e-8, -4.902e-8, -4.041e-8, 1.141e-6, 7.958e-7, -3.457e-7, -5.066e-8, -5.537e-8, -4.594e-8, 1.044e-6, 7.176e-7, -3.264e-7, -5.393e-8, -5.556e-8, -5.229e-8, 1.216e-6, 8.442e-7, -3.722e-7, -4.886e-8, -4.619e-8, -5.153e-8
0.176, 1.043e-6, 7.315e-7, -3.118e-7, -4.529e-8, -5.157e-8, -3.900e-8, 1.160e-6, 8.225e-7, -3.374e-7, -4.824e-8, -4.944e-8, -4.704e-8, 1.063e-6, 7.417e-7, -3.209e-7, -5.541e-8, -5.606e-8, -5.476e-8, 1.233e-6, 8.666e-7, -3.660e-7, -5.306e-8, -5.423e-8, -5.189e-8
0.180, 1.059e-6, 7.528e-7, -3.060e-7, -4.497e-8, -5.057e-8, -3.938e-8, 1.168e-6, 8.366e-7, -3.309e-7, -5.332e-8, -5.462e-8, -5.202e-8, 1.072e-6, 7.557e-7, -3.163e-7, -5.504e-8, -5.419e-8, -5.589e-8, 1.248e-6, 8.901e-7, -3.575e-7, -4.860e-8, -4.597e-8, -5.123e-8
0.184, 1.065e-6, 7.711e-7, -2.944e-7, -4.329e-8, -4.953e-8, -3.705e-8, 1.176e-6, 8.616e-7, -3.149e-7, -4.983e-8, -5.082e-8, -4.885e-8, 1.079e-6, 7.745e-7, -3.044e-7, -5.594e-8, -5.540e-8, -5.648e-8, 1.253e-6, 9.052e-7, -3.480e-7, -5.069e-8, -4.951e-8, -5.187e-8
0.188, 1.064e-6, 7.822e-7, -2.820e-7, -4.608e-8, -5.364e-8, -3.853e-8, 1.179e-6, 8.757e-7, -3.038e-7, -5.213e-8, -5.316e-8, -5.111e-8, 1.082e-6, 7.910e-7, -2.907e-7, -5.283e-8, -5.440e-8, -5.125e-8, 1.253e-6, 9.261e-7, -3.274e-7, -5.074e-8, -5.106e-8, -5.042e-8
0.192, 1.069e-6, 7.967e-7, -2.721e-7, -4.775e-8, -5.326e-8, -4.223e-8, 1.184e-6, 8.948e-7, -2.894e-7, -5.067e-8, -5.178e-8, -4.956e-8, 1.085e-6, 8.089e-7, -2.761e-7, -5.233e-8, -5.118e-8, -5.348e-8, 1.259e-6, 9.451e-7, -3.142e-7, -5.062e-8, -5.016e-8, -5.108e-8
0.196, 1.069e-6, 8.128e-7, -2.557e-7, -4.524e-8, -5.396e-8, -3.651e-8, 1.188e-6, 9.135e-7, -2.742e-7, -5.222e-8, -5.115e-8, -5.328e-8, 1.088e-6, 8.201e-7, -2.676e-7, -5.475e-8, -5.271e-8, -5.678e-8, 1.257e-6, 9.594e-7, -2.976e-7, -5.067e-8, -5.118e-8, -5.015e-8
0.200, 1.072e-6, 8.266e-7, -2.451e-7, -4.695e-8, -5.484e-8, -3.906e-8, 1.185e-6, 9.297e-7, -2.552e-7, -5.022e-8, -5.141e-8, -4.903e-8, 1.083e-6, 8.337e-7, -2.492e-7, -5.596e-8, -5.689e-8, -5.503e-8, 1.262e-6, 9.771e-7, -2.847e-7, -5.409e-8, -5.097e-8, -5.720e-8
0.204, 1.073e-6, 8.386e-7, -2.344e-7, -5.034e-8, -5.555e-8, -4.513e-8, 1.187e-6, 9.485e-7, -2.381e-7, -5.065e-8, -5.301e-8, -4.829e-8, 1.081e-6, 8.500e-7, -2.309e-7, -5.455e-8, -5.644e-8, -5.266e-8, 1.262e-6, 9.945e-7, -2.677e-7, -5.435e-8, -5.136e-8, -5.733e-8
0.208, 1.071e-6, 8.548e-7, -2.160e-7, -4.682e-8, -5.218e-8, -4.145e-8, 1.191e-6, 9.663e-7, -2.246e-7, -5.359e-8, -5.589e-8, -5.129e-8, 1.084e-6, 8.599e-7, -2.241e-7, -5.994e-8, -6.095e-8, -5.893e-8, 1.254e-6, 1.008e-6, -2.462e-7, -5.270e-8, -5.104e-8, -5.437e-8
0.212, 1.073e-6, 8.706e-7, -2.022e-7, -4.668e-8, -5.103e-8, -4.232e-8, 1.191e-6, 9.828e-7, -2.079e-7, -5.558e-8, -5.846e-8, -5.270e-8, 1.081e-6, 8.736e-7, -2.077e-7, -6.058e-8, -6.316e-8, -5.799e-8, 1.259e-6, 1.026e-6, -2.330e-7, -5.457e-8, -5.292e-8, -5.622e-8
0.216, 1.069e-6, 8.810e-7, -1.885e-7, -5.115e-8, -5.547e-8, -4.684e-8, 1.195e-6, 9.999e-7, -1.953e-7, -5.667e-8, -5.834e-8, -5.501e-8, 1.083e-6, 8.894e-7, -1.940e-7, -5.810e-8, -5.956e-8, -5.664e-8, 1.254e-6, 1.041e-6, -2.127e-7, -5.622e-8, -5.612e-8, -5.631e-8
0.220, 1.072e-6, 8.982e-7, -1.734e-7, -5.154e-8, -5.824e-8, -4.484e-8, 1.196e-6, 1.016e-6, -1.800e-7, -5.671e-8, -5.656e-8, -5.686e-8, 1.086e-6, 9.043e-7, -1.818e-7, -5.935e-8, -6.059e-8, -5.810e-8, 1.258e-6, 1.061e-6, -1.965e-7, -5.375e-8, -5.345e-8, -5.405e-8
0.224, 1.075e-6, 9.142e-7, -1.612e-7, -5.016e-8, -5.759e-8, -4.272e-8, 1.195e-6, 1.032e-6, -1.633e-7, -5.658e-8, -5.963e-8, -5.352e-8, 1.085e-6, 9.155e-7, -1.698e-7, -6.322e-8, -6.334e-8, -6.309e-8, 1.263e-6, 1.076e-6, -1.868e-7, -5.845e-8, -5.447e-8, -6.244e-8
0.228, 1.080e-6, 9.281e-7, -1.515e-7, -5.188e-8, -5.794e-8, -4.582e-8, 1.197e-6, 1.050e-6, -1.471e-7, -5.679e-8, -5.900e-8, -5.457e-8, 1.089e-6, 9.347e-7, -1.542e-7, -6.380e-8, -6.383e-8, -6.377e-8, 1.265e-6, 1.091e-6, -1.742e-7, -6.057e-8, -6.002e-8, -6.112e-8
0.232, 1.075e-6, 9.387e-7, -1.362e-7, -5.473e-8, -6.032e-8, -4.914e-8, 1.205e-6, 1.070e-6, -1.349e-7, -5.635e-8, -5.649e-8, -5.621e-8, 1.096e-6, 9.503e-7, -1.453e-7, -6.270e-8, -6.232e-8, -6.308e-8, 1.261e-6, 1.107e-6, -1.548e-7, -6.108e-8, -6.072e-8, -6.144e-8
0.236, 1.077e-6, 9.549e-7, -1.225e-7, -5.473e-8, -6.299e-8, -4.647e-8, 1.206e-6, 1.082e-6, -1.235e-7, -5.837e-8, -5.732e-8, -5.941e-8, 1.100e-6, 9.621e-7, -1.383e-7, -6.438e-8, -6.411e-8, -6.466e-8, 1.265e-6, 1.123e-6, -1.420e-7, -5.982e-8, -6.133e-8, -5.831e-8
0.240, 1.082e-6, 9.682e-7, -1.136e-7, -5.406e-8, -5.942e-8, -4.869e-8, 1.214e-6, 1.103e-6, -1.113e-7, -5.995e-8, -5.782e-8, -6.207e-8, 1.103e-6, 9.763e-7, -1.269e-7, -6.752e-8, -6.895e-8, -6.608e-8, 1.260e-6, 1.133e-6, -1.271e-7, -6.279e-8, -6.464e-8, -6.094e-8
0.244, 1.092e-6, 9.866e-7, -1.055e-7, -5.445e-8, -5.868e-8, -5.021e-8, 1.211e-6, 1.116e-6, -9.528e-8, -6.146e-8, -6.498e-8, -5.794e-8, 1.098e-6, 9.848e-7, -1.133e-7, -6.983e-8, -7.160e-8, -6.807e-8, 1.271e-6, 1.150e-6, -1.218e-7, -6.452e-8, -6.283e-8, -6.622e-8
0.248, 1.087e-6, 9.916e-7, -9.525e-8, -5.937e-8, -6.586e-8, -5.288e-8, 1.216e-6, 1.129e-6, -8.703e-8, -6.149e-8, -6.058e-8, -6.240e-8, 1.106e-6, 1.003e-6, -1.027e-7, -6.774e-8, -6.656e-8, -6.893e-8, 1.269e-6, 1.161e-6, -1.080e-7, -6.746e-8, -6.709e-8, -6.784e-8
0.252, 1.087e-6, 1.005e-6, -8.210e-8, -6.019e-8, -6.528e-8, -5.509e-8, 1.218e-6, 1.139e-6, -7.858e-8, -6.549e-8, -6.396e-8, -6.702e-8, 1.103e-6, 1.009e-6, -9.428e-8, -7.052e-8, -6.953e-8, -7.152e-8, 1.264e-6, 1.173e-6, -9.139e-8, -6.486e-8, -6.568e-8, -6.404e-8
0.256, 1.090e-6, 1.014e-6, -7.543e-8, -6.100e-8, -6.718e-8, -5.482e-8, 1.207e-6, 1.147e-6, -5.963e-8, -6.287e-8, -6.574e-8, -6.001e-8, 1.097e-6, 1.018e-6, -7.922e-8, -7.098e-8, -7.066e-8, -7.129e-8, 1.263e-6, 1.183e-6, -7.945e-8, -6.891e-8, -6.424e-8, -7.359e-8
0.260, 1.084e-6, 1.024e-6, -5.986e-8, -6.377e-8, -6.955e-8, -5.800e-8, 1.203e-6, 1.155e-6, -4.749e-8, -6.862e-8, -6.897e-8, -6.826e-8, 1.097e-6, 1.026e-6, -7.098e-8, -7.202e-8, -7.235e-8, -7.169e-8, 1.258e-6, 1.191e-6, -6.708e-8, -6.673e-8, -6.465e-8, -6.881e-8
0.264, 1.079e-6, 1.030e-6, -4.852e-8, -6.121e-8, -6.681e-8, -5.561e-8, 1.199e-6, 1.169e-6, -3.088e-8, -6.590e-8, -6.722e-8, -6.458e-8, 1.091e-6, 1.032e-6, -5.921e-8, -7.734e-8, -7.860e-8, -7.607e-8, 1.247e-6, 1.189e-6, -5.772e-8, -7.358e-8, -7.222e-8, -7.494e-8
0.268, 1.073e-6, 1.037e-6, -3.579e-8, -6.450e-8, -6.957e-8, -5.943e-8, 1.187e-6, 1.168e-6, -1.837e-8, -6.974e-8, -7.128e-8, -6.820e-8, 1.082e-6, 1.035e-6, -4.699e-8, -7.707e-8, -7.646e-8, -7.768e-8, 1.239e-6, 1.197e-6, -4.233e-8, -7.095e-8, -6.904e-8, -7.286e-8
0.272, 1.068e-6, 1.043e-6, -2.471e-8, -6.572e-8, -7.025e-8, -6.120e-8, 1.181e-6, 1.176e-6, -4.717e-9, -7.025e-8, -7.118e-8, -6.931e-8, 1.073e-6, 1.039e-6, -3.445e-8, -8.008e-8, -7.990e-8, -8.027e-8, 1.227e-6, 1.197e-6, -2.961e-8, -7.305e-8, -7.174e-8, -7.436e-8
0.276, 1.058e-6, 1.043e-6, -1.441e-8, -6.632e-8, -7.211e-8, -6.053e-8, 1.167e-6, 1.182e-6, 1.523e-8, -6.697e-8, -6.869e-8, -6.525e-8, 1.062e-6, 1.044e-6, -1.742e-8, -8.011e-8, -8.201e-8, -7.822e-8, 1.212e-6, 1.196e-6, -1.606e-8, -7.782e-8, -7.664e-8, -7.900e-8
0.280, 1.044e-6, 1.050e-6, 6.432e-9, -6.894e-8, -7.494e-8, -6.294e-8, 1.154e-6, 1.181e-6, 2.698e-8, -7.367e-8, -7.539e-8, -7.195e-8, 1.049e-6, 1.043e-6, -6.262e-9, -8.290e-8, -8.454e-8, -8.126e-8, 1.193e-6, 1.198e-6, 4.357e-9, -7.476e-8, -7.338e-8, -7.615e-8
0.284, 1.027e-6, 1.047e-6, 2.007e-8, -7.373e-8, -7.906e-8, -6.841e-8, 1.136e-6, 1.179e-6, 4.349e-8, -7.545e-8, -7.707e-8, -7.383e-8, 1.042e-6, 1.047e-6, 5.666e-9, -8.186e-8, -8.150e-8, -8.222e-8, 1.183e-6, 1.201e-6, 1.786e-8, -7.760e-8, -7.642e-8, -7.877e-8
0.288, 1.011e-6, 1.047e-6, 3.681e-8, -7.164e-8, -7.802e-8, -6.526e-8, 1.118e-6, 1.180e-6, 6.276e-8, -7.424e-8, -7.345e-8, -7.502e-8, 1.026e-6, 1.048e-6, 2.179e-8, -8.450e-8, -8.350e-8, -8.550e-8, 1.161e-6, 1.196e-6, 3.531e-8, -8.090e-8, -8.256e-8, -7.924e-8
0.292, 1.001e-6, 1.051e-6, 5.043e-8, -7.354e-8, -7.984e-8, -6.724e-8, 1.099e-6, 1.177e-6, 7.744e-8, -7.860e-8, -8.127e-8, -7.592e-8, 1.011e-6, 1.046e-6, 3.521e-8, -8.843e-8, -8.724e-8, -8.962e-8, 1.146e-6, 1.197e-6, 5.079e-8, -7.863e-8, -7.695e-8, -8.031e-8
0.296, 9.871e-7, 1.051e-6, 6.359e-8, -7.646e-8, -8.150e-8, -7.142e-8, 1.090e-6, 1.181e-6, 9.141e-8, -8.000e-8, -8.262e-8, -7.738e-8, 9.951e-7, 1.048e-6, 5.296e-8, -8.614e-8, -8.593e-8, -8.634e-8, 1.125e-6, 1.194e-6, 6.953e-8, -8.197e-8, -8.054e-8, -8.339e-8
0.300, 9.739e-7, 1.054e-6, 8.045e-8, -7.663e-8, -8.231e-8, -7.095e-8, 1.069e-6, 1.179e-6, 1.102e-7, -8.043e-8, -8.126e-8, -7.960e-8, 9.811e-7, 1.049e-6, 6.798e-8, -8.842e-8, -8.866e-8, -8.818e-8, 1.104e-6, 1.191e-6, 8.700e-8, -8.406e-8, -8.255e-8, -8.556e-8
0.304, 9.562e-7, 1.052e-6, 9.621e-8, -7.645e-8, -8.324e-8, -6.965e-8, 1.055e-6, 1.183e-6, 1.283e-7, -8.029e-8, -7.888e-8, -8.170e-8, 9.706e-7, 1.051e-6, 8.031e-8, -9.134e-8, -9.174e-8, -9.094e-8, 1.084e-6, 1.187e-6, 1.028e-7, -8.803e-8, -8.894e-8, -8.712e-8
0.308, 9.460e-7, 1.056e-6, 1.102e-7, -8.041e-8, -8.804e-8, -7.278e-8, 1.035e-6, 1.180e-6, 1.444e-7, -8.426e-8, -8.530e-8, -8.322e-8, 9.514e-7, 1.049e-6, 9.776e-8, -9.120e-8, -9.049e-8, -9.192e-8, 1.072e-6, 1.187e-6, 1.151e-7, -8.754e-8, -8.410e-8, -9.099e-8
0.312, 9.318e-7, 1.053e-6, 1.208e-7, -8.339e-8, -8.886e-8, -7.792e-8, 1.025e-6, 1.182e-6, 1.562e-7, -8.426e-8, -8.606e-8, -8.246e-8, 9.378e-7, 1.050e-6, 1.122e-7, -9.241e-8, -9.409e-8, -9.072e-8, 1.049e-6, 1.185e-6, 1.356e-7, -9.075e-8, -8.924e-8, -9.226e-8
0.316, 9.267e-7, 1.061e-6, 1.340e-7, -8.153e-8, -8.640e-8, -7.667e-8, 1.004e-6, 1.179e-6, 1.749e-7, -8.637e-8, -8.771e-8, -8.504e-8, 9.212e-7, 1.047e-6, 1.259e-7, -9.674e-8, -9.754e-8, -9.593e-8, 1.035e-6, 1.184e-6, 1.491e-7, -9.066e-8, -8.700e-8, -9.432e-8
0.320, 9.109e-7, 1.060e-6, 1.488e-7, -8.606e-8, -9.226e-8, -7.987e-8, 9.921e-7, 1.180e-6, 1.882e-7, -8.870e-8, -8.873e-8, -8.867e-8, 9.155e-7, 1.051e-6, 1.357e-7, -9.636e-8, -9.464e-8, -9.808e-8, 1.021e-6, 1.183e-6, 1.619e-7, -9.221e-8, -9.258e-8, -9.183e-8
0.324, 8.954e-7, 1.059e-6, 1.637e-7, -8.363e-8, -9.148e-8, -7.578e-8, 9.825e-7, 1.184e-6, 2.019e-7, -8.864e-8, -8.820e-8, -8.909e-8, 9.046e-7, 1.052e-6, 1.469e-7, -1.001e-7, -1.012e-7, -9.906e-8, 1.005e-6, 1.181e-6, 1.761e-7, -9.684e-8, -9.739e-8, -9.629e-8
0.328, 8.893e-7, 1.063e-6, 1.736e-7, -8.613e-8, -9.018e-8, -8.208e-8, 9.685e-7, 1.186e-6, 2.176e-7, -9.019e-8, -9.282e-8, -8.757e-8, 8.866e-7, 1.050e-6, 1.636e-7, -1.032e-7, -1.039e-7, -1.026e-7, 9.934e-7, 1.181e-6, 1.879e-7, -9.754e-8, -9.652e-8, -9.857e-8
0.332, 8.796e-7, 1.068e-6, 1.882e-7, -8.845e-8, -9.139e-8, -8.551e-8, 9.536e-7, 1.185e-6, 2.313e-7, -9.322e-8, -9.535e-8, -9.109e-8, 8.751e-7, 1.049e-6, 1.744e-7, -1.037e-7, -1.068e-7, -1.005e-7, 9.743e-7, 1.179e-6, 2.051e-7, -9.639e-8, -9.385e-8, -9.894e-8
0.336, 8.627e-7, 1.066e-6, 2.034e-7, -8.914e-8, -9.870e-8, -7.957e-8, 9.390e-7, 1.188e-6, 2.491e-7, -9.249e-8, -9.628e-8, -8.869e-8, 8.708e-7, 1.058e-6, 1.876e-7, -1.025e-7, -1.026e-7, -1.023e-7, 9.695e-7, 1.184e-6, 2.144e-7, -1.016e-7, -9.921e-8, -1.040e-7
0.340, 8.567e-7, 1.067e-6, 2.101e-7, -9.418e-8, -9.882e-8, -8.954e-8, 9.348e-7, 1.188e-6, 2.533e-7, -9.602e-8, -9.617e-8, -9.587e-8, 8.596e-7, 1.059e-6, 1.997e-7, -1.010e-7, -1.018e-7, -1.003e-7, 9.557e-7, 1.186e-6, 2.299e-7, -1.019e-7, -1.029e-7, -1.009e-7
0.344, 8.495e-7, 1.073e-6, 2.237e-7, -9.206e-8, -9.792e-8, -8.620e-8, 9.247e-7, 1.192e-6, 2.673e-7, -9.479e-8, -9.614e-8, -9.345e-8, 8.481e-7, 1.059e-6, 2.110e-7, -1.084e-7, -1.099e-7, -1.069e-7, 9.480e-7, 1.187e-6, 2.386e-7, -1.034e-7, -1.018e-7, -1.050e-7
0.348, 8.393e-7, 1.073e-6, 2.339e-7, -9.460e-8, -1.006e-7, -8.863e-8, 9.162e-7, 1.197e-6, 2.803e-7, -9.708e-8, -9.752e-8, -9.664e-8, 8.429e-7, 1.062e-6, 2.193e-7, -1.088e-7, -1.084e-7, -1.093e-7, 9.350e-7, 1.185e-6, 2.499e-7, -1.051e-7, -1.057e-7, -1.045e-7
0.352, 8.322e-7, 1.075e-6, 2.429e-7, -9.705e-8, -1.035e-7, -9.059e-8, 9.063e-7, 1.198e-6, 2.921e-7, -9.796e-8, -9.956e-8, -9.637e-8, 8.369e-7, 1.067e-6, 2.299e-7, -1.101e-7, -1.091e-7, -1.110e-7, 9.295e-7, 1.186e-6, 2.569e-7, -1.106e-7, -1.111e-7, -1.100e-7
0.356, 8.296e-7, 1.082e-6, 2.520e-7, -9.882e-8, -1.045e-7, -9.316e-8, 8.963e-7, 1.199e-6, 3.023e-7, -1.021e-7, -1.043e-7, -9.995e-8, 8.241e-7, 1.066e-6, 2.414e-7, -1.108e-7, -1.146e-7, -1.071e-7, 9.224e-7, 1.193e-6, 2.706e-7, -1.073e-7, -1.065e-7, -1.082e-7
0.360, 8.185e-7, 1.082e-6, 2.635e-7, -1.022e-7, -1.092e-7, -9.510e-8, 8.869e-7, 1.196e-6, 3.093e-7, -1.042e-7, -1.054e-7, -1.030e-7, 8.237e-7, 1.070e-6, 2.467e-7, -1.135e-7, -1.142e-7, -1.129e-7, 9.180e-7, 1.197e-6, 2.786e-7, -1.092e-7, -1.078e-7, -1.106e-7
0.364, 8.144e-7, 1.086e-6, 2.720e-7, -1.016e-7, -1.095e-7, -9.366e-8, 8.827e-7, 1.204e-6, 3.213e-7, -1.039e-7, -1.046e-7, -1.031e-7, 8.180e-7, 1.076e-6, 2.579e-7, -1.148e-7, -1.133e-7, -1.163e-7, 9.117e-7, 1.200e-6, 2.884e-7, -1.126e-7, -1.124e-7, -1.128e-7
0.368, 8.065e-7, 1.092e-6, 2.854e-7, -1.039e-7, -1.104e-7, -9.746e-8, 8.746e-7, 1.203e-6, 3.287e-7, -1.079e-7, -1.101e-7, -1.058e-7, 8.121e-7, 1.078e-6, 2.656e-7, -1.161e-7, -1.172e-7, -1.150e-7, 9.053e-7, 1.204e-6, 2.991e-7, -1.104e-7, -1.117e-7, -1.092e-7
0.372, 8.103e-7, 1.097e-6, 2.867e-7, -1.059e-7, -1.100e-7, -1.019e-7, 8.762e-7, 1.215e-6, 3.387e-7, -1.038e-7, -1.067e-7, -1.010e-7, 8.039e-7, 1.084e-6, 2.804e-7, -1.169e-7, -1.177e-7, -1.162e-7, 9.017e-7, 1.208e-6, 3.064e-7, -1.148e-7, -1.127e-7, -1.169e-7
0.376, 8.022e-7, 1.101e-6, 2.992e-7, -1.051e-7, -1.117e-7, -9.862e-8, 8.687e-7, 1.219e-6, 3.499e-7, -1.080e-7, -1.087e-7, -1.073e-7, 8.050e-7, 1.087e-6, 2.815e-7, -1.216e-7, -1.226e-7, -1.207e-7, 8.967e-7, 1.212e-6, 3.155e-7, -1.168e-7, -1.174e-7, -1.161e-7
0.380, 7.966e-7, 1.105e-6, 3.085e-7, -1.072e-7, -1.145e-7, -9.981e-8, 8.678e-7, 1.224e-6, 3.561e-7, -1.109e-7, -1.099e-7, -1.118e-7, 8.032e-7, 1.095e-6, 2.916e-7, -1.207e-7, -1.208e-7, -1.205e-7, 8.880e-7, 1.213e-6, 3.248e-7, -1.188e-7, -1.198e-7, -1.178e-7
0.384, 8.021e-7, 1.113e-6, 3.111e-7, -1.115e-7, -1.169e-7, -1.060e-7, 8.574e-7, 1.228e-6, 3.706e-7, -1.114e-7, -1.142e-7, -1.087e-7, 7.965e-7, 1.097e-6, 3.001e-7, -1.219e-7, -1.225e-7, -1.213e-7, 8.950e-7, 1.223e-6, 3.277e-7, -1.200e-7, -1.171e-7, -1.228e-7
0.388, 7.967e-7, 1.119e-6, 3.223e-7, -1.124e-7, -1.182e-7, -1.065e-7, 8.581e-7, 1.233e-6, 3.746e-7, -1.154e-7, -1.180e-7, -1.128e-7, 7.934e-7, 1.103e-6, 3.100e-7, -1.209e-7, -1.230e-7, -1.187e-7, 8.944e-7, 1.233e-6, 3.387e-7, -1.198e-7, -1.188e-7, -1.208e-7
0.392, 7.898e-7, 1.120e-6, 3.299e-7, -1.114e-7, -1.195e-7, -1.034e-7, 8.584e-7, 1.242e-6, 3.835e-7, -1.125e-7, -1.154e-7, -1.095e-7, 7.974e-7, 1.112e-6, 3.146e-7, -1.232e-7, -1.224e-7, -1.241e-7, 8.881e-7, 1.236e-6, 3.478e-7, -1.245e-7, -1.253e-7, -1.236e-7
0.396, 7.960e-7, 1.133e-6, 3.368e-7, -1.148e-7, -1.177e-7, -1.119e-7, 8.632e-7, 1.252e-6, 3.883e-7, -1.152e-7, -1.161e-7, -1.142e-7, 7.895e-7, 1.113e-6, 3.237e-7, -1.269e-7, -1.295e-7, -1.243e-7, 8.908e-7, 1.244e-6, 3.528e-7, -1.249e-7, -1.231e-7, -1.267e-7
0.400, 7.877e-7, 1.135e-6, 3.476e-7, -1.171e-7, -1.255e-7, -1.088e-7, 8.594e-7, 1.257e-6, 3.980e-7, -1.171e-7, -1.187e-7, -1.155e-7, 7.967e-7, 1.127e-6, 3.302e-7, -1.265e-7, -1.264e-7, -1.266e-7, 8.936e-7, 1.255e-6, 3.615e-7, -1.256e-7, -1.261e-7, -1.250e-7
0.404, 8.008e-7, 1.151e-6, 3.504e-7, -1.181e-7, -1.228e-7, -1.134e-7, 8.650e-7, 1.267e-6, 4.019e-7, -1.200e-7, -1.214e-7, -1.187e-7, 7.955e-7, 1.130e-6, 3.349e-7, -1.278e-7, -1.288e-7, -1.268e-7, 8.965e-7, 1.265e-6, 3.681e-7, -1.245e-7, -1.217e-7, -1.273e-7
0.408, 7.959e-7, 1.155e-6, 3.595e-7, -1.173e-7, -1.236e-7, -1.109e-7, 8.638e-7, 1.278e-6, 4.146e-7, -1.175e-7, -1.195e-7, -1.155e-7, 7.973e-7, 1.142e-6, 3.447e-7, -1.301e-7, -1.306e-7, -1.296e-7, 9.026e-7, 1.275e-6, 3.720e-7, -1.287e-7, -1.287e-7, -1.287e-7
0.412, 7.977e-7, 1.163e-6, 3.655e-7, -1.207e-7, -1.265e-7, -1.150e-7, 8.656e-7, 1.287e-6, 4.212e-7, -1.182e-7, -1.190e-7, -1.174e-7, 8.032e-7, 1.154e-6, 3.509e-7, -1.303e-7, -1.313e-7, -1.293e-7, 9.077e-7, 1.289e-6, 3.816e-7, -1.313e-7, -1.314e-7, -1.313e-7
0.416, 8.047e-7, 1.177e-6, 3.722e-7, -1.208e-7, -1.273e-7, -1.142e-7, 8.741e-7, 1.302e-6, 4.274e-7, -1.187e-7, -1.207e-7, -1.168e-7, 8.065e-7, 1.164e-6, 3.576e-7, -1.339e-7, -1.361e-7, -1.317e-7, 9.108e-7, 1.296e-6, 3.853e-7, -1.318e-7, -1.310e-7, -1.325e-7
0.420, 8.078e-7, 1.187e-6, 3.791e-7, -1.242e-7, -1.326e-7, -1.158e-7, 8.768e-7, 1.312e-6, 4.347e-7, -1.212e-7, -1.225e-7, -1.200e-7, 8.131e-7, 1.177e-6, 3.639e-7, -1.342e-7, -1.340e-7, -1.344e-7, 9.230e-7, 1.316e-6, 3.932e-7, -1.329e-7, -1.318e-7, -1.339e-7
0.424, 8.176e-7, 1.202e-6, 3.848e-7, -1.236e-7, -1.293e-7, -1.178e-7, 8.873e-7, 1.326e-6, 4.390e-7, -1.254e-7, -1.285e-7, -1.223e-7, 8.174e-7, 1.189e-6, 3.714e-7, -1.336e-7, -1.353e-7, -1.318e-7, 9.304e-7, 1.335e-6, 4.050e-7, -1.317e-7, -1.310e-7, -1.325e-7
0.428, 8.232e-7, 1.216e-6, 3.926e-7, -1.236e-7, -1.314e-7, -1.158e-7, 8.938e-7, 1.345e-6, 4.517e-7, -1.245e-7, -1.260e-7, -1.230e-7, 8.291e-7, 1.207e-6, 3.775e-7, -1.360e-7, -1.371e-7, -1.349e-7, 9.478e-7, 1.353e-6, 4.056e-7, -1.356e-7, -1.337e-7, -1.374e-7
0.432, 8.300e-7, 1.234e-6, 4.038e-7, -1.263e-7, -1.331e-7, -1.195e-7, 9.037e-7, 1.357e-6, 4.538e-7, -1.269e-7, -1.282e-7, -1.257e-7, 8.402e-7, 1.222e-6, 3.816e-7, -1.394e-7, -1.401e-7, -1.388e-7, 9.606e-7, 1.373e-6, 4.128e-7, -1.361e-7, -1.367e-7, -1.356e-7
0.436, 8.405e-7, 1.249e-6, 4.087e-7, -1.278e-7, -1.360e-7, -1.196e-7, 9.181e-7, 1.380e-6, 4.618e-7, -1.299e-7, -1.316e-7, -1.282e-7, 8.550e-7, 1.243e-6, 3.881e-7, -1.381e-7, -1.366e-7, -1.396e-7, 9.813e-7, 1.400e-6, 4.191e-7, -1.364e-7, -1.353e-7, -1.375e-7
0.440, 8.554e-7, 1.268e-6, 4.130e-7, -1.292e-7, -1.354e-7, -1.229e-7, 9.383e-7, 1.405e-6, 4.670e-7, -1.272e-7, -1.291e-7, -1.254e-7, 8.627e-7, 1.262e-6, 3.990e-7, -1.374e-7, -1.405e-7, -1.343e-7, 9.936e-7, 1.422e-6, 4.281e-7, -1.396e-7, -1.393e-7, -1.398e-7
0.444, 8.688e-7, 1.290e-6, 4.217e-7, -1.313e-7, -1.373e-7, -1.253e-7, 9.558e-7, 1.428e-6, 4.724e-7, -1.311e-7, -1.318e-7, -1.304e-7, 8.814e-7, 1.285e-6, 4.038e-7, -1.408e-7, -1.426e-7, -1.391e-7, 1.013e-6, 1.449e-6, 4.358e-7, -1.383e-7, -1.400e-7, -1.367e-7
0.448, 8.851e-7, 1.314e-6, 4.287e-7, -1.309e-7, -1.396e-7, -1.222e-7, 9.683e-7, 1.455e-6, 4.864e-7, -1.301e-7, -1.334e-7, -1.268e-7, 9.021e-7, 1.311e-6, 4.089e-7, -1.427e-7, -1.407e-7, -1.447e-7, 1.039e-6, 1.480e-6, 4.411e-7, -1.418e-7, -1.412e-7, -1.425e-7
0.452, 9.084e-7, 1.340e-6, 4.314e-7, -1.346e-7, -1.408e-7, -1.283e-7, 9.995e-7, 1.486e-6, 4.867e-7, -1.331e-7, -1.340e-7, -1.323e-7, 9.225e-7, 1.338e-6, 4.160e-7, -1.433e-7, -1.454e-7, -1.412e-7, 1.061e-6, 1.513e-6, 4.514e-7, -1.440e-7, -1.433e-7, -1.446e-7
0.456, 9.282e-7, 1.369e-6, 4.408e-7, -1.346e-7, -1.398e-7, -1.293e-7, 1.025e-6, 1.517e-6, 4.919e-7, -1.370e-7, -1.379e-7, -1.361e-7, 9.427e-7, 1.366e-6, 4.235e-7, -1.420e-7, -1.451e-7, -1.389e-7, 1.091e-6, 1.550e-6, 4.591e-7, -1.413e-7, -1.418e-7, -1.408e-7
0.460, 9.535e-7, 1.403e-6, 4.494e-7, -1.350e-7, -1.413e-7, -1.287e-7, 1.048e-6, 1.552e-6, 5.049e-7, -1.366e-7, -1.387e-7, -1.344e-7, 9.671e-7, 1.398e-6, 4.311e-7, -1.453e-7, -1.480e-7, -1.426e-7, 1.121e-6, 1.589e-6, 4.674e-7, -1.437e-7, -1.427e-7, -1.447e-7
0.464, 9.776e-7, 1.433e-6, 4.550e-7, -1.360e-7, -1.427e-7, -1.294e-7, 1.078e-6, 1.591e-6, 5.125e-7, -1.358e-7, -1.393e-7, -1.322e-7, 9.952e-7, 1.436e-6, 4.404e-7, -1.435e-7, -1.447e-7, -1.423e-7, 1.162e-6, 1.636e-6, 4.735e-7, -1.456e-7, -1.451e-7, -1.460e-7
0.468, 1.009e-6, 1.472e-6, 4.629e-7, -1.388e-7, -1.450e-7, -1.326e-7, 1.114e-6, 1.634e-6, 5.204e-7, -1.366e-7, -1.394e-7, -1.339e-7, 1.022e-6, 1.472e-6, 4.507e-7, -1.473e-7, -1.507e-7, -1.438e-7, 1.195e-6, 1.680e-6, 4.852e-7, -1.459e-7, -1.452e-7, -1.466e-7
0.472, 1.038e-6, 1.508e-6, 4.693e-7, -1.431e-7, -1.494e-7, -1.368e-7, 1.150e-6, 1.677e-6, 5.270e-7, -1.362e-7, -1.377e-7, -1.347e-7, 1.057e-6, 1.518e-6, 4.613e-7, -1.455e-7, -1.455e-7, -1.454e-7, 1.240e-6, 1.733e-6, 4.933e-7, -1.471e-7, -1.463e-7, -1.479e-7
0.476, 1.070e-6, 1.553e-6, 4.832e-7, -1.403e-7, -1.471e-7, -1.335e-7, 1.195e-6, 1.731e-6, 5.368e-7, -1.390e-7, -1.403e-7, -1.377e-7, 1.095e-6, 1.561e-6, 4.665e-7, -1.482e-7, -1.502e-7, -1.461e-7, 1.276e-6, 1.781e-6, 5.053e-7, -1.488e-7, -1.510e-7, -1.466e-7
0.480, 1.110e-6, 1.599e-6, 4.894e-7, -1.408e-7, -1.471e-7, -1.346e-7, 1.233e-6, 1.784e-6, 5.513e-7, -1.387e-7, -1.409e-7, -1.364e-7, 1.130e-6, 1.612e-6, 4.828e-7, -1.498e-7, -1.533e-7, -1.464e-7, 1.324e-6, 1.841e-6, 5.169e-7, -1.517e-7, -1.524e-7, -1.510e-7
0.484, 1.146e-6, 1.649e-6, 5.027e-7, -1.427e-7, -1.502e-7, -1.352e-7, 1.274e-6, 1.838e-6, 5.637e-7, -1.397e-7, -1.391e-7, -1.402e-7, 1.174e-6, 1.663e-6, 4.884e-7, -1.535e-7, -1.569e-7, -1.500e-7, 1.371e-6, 1.900e-6, 5.294e-7, -1.535e-7, -1.550e-7, -1.520e-7
0.488, 1.191e-6, 1.703e-6, 5.113e-7, -1.461e-7, -1.526e-7, -1.396e-7, 1.325e-6, 1.899e-6, 5.737e-7, -1.407e-7, -1.434e-7, -1.380e-7, 1.214e-6, 1.718e-6, 5.037e-7, -1.506e-7, -1.516e-7, -1.497e-7, 1.429e-6, 1.971e-6, 5.424e-7, -1.546e-7, -1.535e-7, -1.557e-7
0.492, 1.230e-6, 1.758e-6, 5.279e-7, -1.439e-7, -1.524e-7, -1.354e-7, 1.374e-6, 1.963e-6, 5.889e-7, -1.435e-7, -1.445e-7, -1.425e-7, 1.260e-6, 1.777e-6, 5.165e-7, -1.530e-7, -1.535e-7, -1.525e-7, 1.481e-6, 2.039e-6, 5.584e-7, -1.538e-7, -1.540e-7, -1.536e-7
0.496, 1.280e-6, 1.821e-6, 5.411e-7, -1.453e-7, -1.533e-7, -1.373e-7, 1.424e-6, 2.028e-6, 6.035e-7, -1.440e-7, -1.452e-7, -1.428e-7, 1.307e-6, 1.836e-6, 5.288e-7, -1.559e-7, -1.576e-7, -1.542e-7, 1.532e-6, 2.110e-6, 5.782e-7, -1.577e-7, -1.583e-7, -1.571e-7
0.500, 1.329e-6, 1.884e-6, 5.547e-7, -1.470e-7, -1.527e-7, -1.412e-7, 1.478e-6, 2.099e-6, 6.214e-7, -1.442e-7, -1.472e-7, -1.411e-7, 1.353e-6, 1.901e-6, 5.481e-7, -1.553e-7, -1.566e-7, -1.539e-7, 1.591e-6, 2.187e-6, 5.961e-7, -1.571e-7, -1.566e-7, -1.577e-7
0.504, 1.377e-6, 1.949e-6, 5.723e-7, -1.503e-7, -1.558e-7, -1.448e-7, 1.535e-6, 2.171e-6, 6.357e-7, -1.459e-7, -1.485e-7, -1.434e-7, 1.405e-6, 1.970e-6, 5.650e-7, -1.577e-7, -1.601e-7, -1.553e-7, 1.646e-6, 2.264e-6, 6.189e-7, -1.585e-7, -1.570e-7, -1.600e-7
0.508, 1.426e-6, 2.017e-6, 5.909e-7, -1.491e-7, -1.555e-7, -1.428e-7, 1.593e-6, 2.249e-6, 6.564e-7, -1.475e-7, -1.499e-7, -1.450e-7, 1.456e-6, 2.039e-6, 5.827e-7, -1.583e-7, -1.600e-7, -1.566e-7, 1.707e-6, 2.348e-6, 6.407e-7, -1.611e-7, -1.605e-7, -1.616e-7
0.512, 1.481e-6, 2.088e-6, 6.071e-7, -1.532e-7, -1.583e-7, -1.482e-7, 1.649e-6, 2.325e-6, 6.757e-7, -1.489e-7, -1.508e-7, -1.471e-7, 1.507e-6, 2.111e-6, 6.040e-7, -1.576e-7, -1.588e-7, -1.564e-7, 1.767e-6, 2.432e-6, 6.650e-7, -1.627e-7, -1.620e-7, -1.634e-7
0.516, 1.523e-6, 2.155e-6, 6.318e-7, -1.548e-7, -1.634e-7, -1.463e-7, 1.706e-6, 2.406e-6, 7.001e-7, -1.502e-7, -1.506e-7, -1.498e-7, 1.569e-6, 2.192e-6, 6.233e-7, -1.583e-7, -1.582e-7, -1.584e-7, 1.825e-6, 2.517e-6, 6.923e-7, -1.650e-7, -1.670e-7, -1.631e-7
0.520, 1.580e-6, 2.237e-6, 6.570e-7, -1.528e-7, -1.597e-7, -1.459e-7, 1.763e-6, 2.490e-6, 7.270e-7, -1.546e-7, -1.566e-7, -1.525e-7, 1.613e-6, 2.261e-6, 6.483e-7, -1.634e-7, -1.659e-7, -1.609e-7, 1.881e-6, 2.598e-6, 7.170e-7, -1.658e-7, -1.665e-7, -1.652e-7
0.524, 1.629e-6, 2.309e-6, 6.804e-7, -1.578e-7, -1.649e-7, -1.506e-7, 1.812e-6, 2.569e-6, 7.564e-7, -1.535e-7, -1.557e-7, -1.512e-7, 1.662e-6, 2.339e-6, 6.769e-7, -1.616e-7, -1.639e-7, -1.593e-7, 1.935e-6, 2.687e-6, 7.519e-7, -1.683e-7, -1.678e-7, -1.689e-7
0.528, 1.682e-6, 2.386e-6, 7.042e-7, -1.575e-7, -1.635e-7, -1.515e-7, 1.867e-6, 2.654e-6, 7.868e-7, -1.538e-7, -1.564e-7, -1.512e-7, 1.707e-6, 2.413e-6, 7.057e-7, -1.684e-7, -1.703e-7, -1.666e-7, 1.984e-6, 2.766e-6, 7.823e-7, -1.731e-7, -1.704e-7, -1.759e-7
0.532, 1.726e-6, 2.461e-6, 7.341e-7, -1.606e-7, -1.662e-7, -1.550e-7, 1.920e-6, 2.735e-6, 8.147e-7, -1.566e-7, -1.565e-7, -1.567e-7, 1.759e-6, 2.495e-6, 7.355e-7, -1.677e-7, -1.684e-7, -1.670e-7, 2.028e-6, 2.848e-6, 8.198e-7, -1.749e-7, -1.738e-7, -1.761e-7
0.536, 1.765e-6, 2.534e-6, 7.693e-7, -1.612e-7, -1.696e-7, -1.527e-7, 1.960e-6, 2.813e-6, 8.527e-7, -1.611e-7, -1.609e-7, -1.613e-7, 1.802e-6, 2.567e-6, 7.648e-7, -1.702e-7, -1.684e-7, -1.719e-7, 2.069e-6, 2.928e-6, 8.590e-7, -1.759e-7, -1.772e-7, -1.746e-7
0.540, 1.806e-6, 2.606e-6, 8.003e-7, -1.651e-7, -1.739e-7, -1.563e-7, 1.996e-6, 2.886e-6, 8.897e-7, -1.635e-7, -1.655e-7, -1.616e-7, 1.834e-6, 2.635e-6, 8.015e-7, -1.711e-7, -1.715e-7, -1.707e-7, 2.102e-6, 3.002e-6, 9.001e-7, -1.776e-7, -1.780e-7, -1.773e-7
0.544, 1.839e-6, 2.676e-6, 8.371e-7, -1.658e-7, -1.713e-7, -1.603e-7, 2.031e-6, 2.964e-6, 9.329e-7, -1.622e-7, -1.644e-7, -1.601e-7, 1.865e-6, 2.706e-6, 8.410e-7, -1.763e-7, -1.790e-7, -1.737e-7, 2.131e-6, 3.071e-6, 9.397e-7, -1.830e-7, -1.837e-7, -1.824e-7
0.548, 1.869e-6, 2.743e-6, 8.735e-7, -1.677e-7, -1.734e-7, -1.620e-7, 2.056e-6, 3.029e-6, 9.726e-7, -1.695e-7, -1.717e-7, -1.673e-7, 1.894e-6, 2.772e-6, 8.781e-7, -1.775e-7, -1.783e-7, -1.768e-7, 2.155e-6, 3.139e-6, 9.837e-7, -1.879e-7, -1.870e-7, -1.887e-7
0.552, 1.888e-6, 2.803e-6, 9.146e-7, -1.722e-7, -1.784e-7, -1.660e-7, 2.081e-6, 3.096e-6, 1.015e-6, -1.729e-7, -1.734e-7, -1.723e-7, 1.916e-6, 2.833e-6, 9.169e-7, -1.817e-7, -1.831e-7, -1.803e-7, 2.165e-6, 3.196e-6, 1.031e-6, -1.920e-7, -1.916e-7, -1.925e-7
0.556, 1.907e-6, 2.861e-6, 9.541e-7, -1.756e-7, -1.832e-7, -1.680e-7, 2.094e-6, 3.153e-6, 1.059e-6, -1.751e-7, -1.753e-7, -1.748e-7, 1.933e-6, 2.890e-6, 9.571e-7, -1.832e-7, -1.824e-7, -1.840e-7, 2.176e-6, 3.254e-6, 1.078e-6, -1.964e-7, -1.959e-7, -1.970e-7
0.560, 1.917e-6, 2.917e-6, 9.993e-7, -1.779e-7, -1.844e-7, -1.714e-7, 2.097e-6, 3.204e-6, 1.107e-6, -1.803e-7, -1.805e-7, -1.802e-7, 1.947e-6, 2.946e-6, 9.981e-7, -1.869e-7, -1.855e-7, -1.883e-7, 2.177e-6, 3.305e-6, 1.127e-6, -1.972e-7, -1.958e-7, -1.987e-7
0.564, 1.926e-6, 2.967e-6, 1.042e-6, -1.831e-7, -1.881e-7, -1.780e-7, 2.108e-6, 3.259e-6, 1.150e-6, -1.833e-7, -1.858e-7, -1.808e-7, 1.943e-6, 2.988e-6, 1.045e-6, -1.903e-7, -1.920e-7, -1.886e-7, 2.159e-6, 3.341e-6, 1.182e-6, -2.040e-7, -2.027e-7, -2.053e-7
0.568, 1.928e-6, 3.011e-6, 1.083e-6, -1.873e-7, -1.945e-7, -1.801e-7, 2.095e-6, 3.300e-6, 1.205e-6, -1.871e-7, -1.874e-7, -1.868e-7, 1.938e-6, 3.033e-6, 1.095e-6, -1.940e-7, -1.960e-7, -1.920e-7, 2.148e-6, 3.378e-6, 1.230e-6, -2.096e-7, -2.065e-7, -2.127e-7
0.572, 1.921e-6, 3.050e-6, 1.129e-6, -1.875e-7, -1.907e-7, -1.844e-7, 2.082e-6, 3.337e-6, 1.254e-6, -1.908e-7, -1.924e-7, -1.892e-7, 1.929e-6, 3.066e-6, 1.137e-6, -2.015e-7, -2.042e-7, -1.988e-7, 2.124e-6, 3.404e-6, 1.281e-6, -2.155e-7, -2.129e-7, -2.182e-7
0.576, 1.907e-6, 3.082e-6, 1.175e-6, -1.925e-7, -1.970e-7, -1.881e-7, 2.057e-6, 3.364e-6, 1.308e-6, -1.933e-7, -1.965e-7, -1.901e-7, 1.910e-6, 3.097e-6, 1.187e-6, -2.039e-7, -2.060e-7, -2.018e-7, 2.099e-6, 3.429e-6, 1.330e-6, -2.197e-7, -2.162e-7, -2.232e-7
0.580, 1.885e-6, 3.109e-6, 1.224e-6, -1.970e-7, -2.017e-7, -1.924e-7, 2.037e-6, 3.392e-6, 1.356e-6, -2.002e-7, -2.002e-7, -2.002e-7, 1.893e-6, 3.122e-6, 1.230e-6, -2.073e-7, -2.082e-7, -2.064e-7, 2.063e-6, 3.444e-6, 1.381e-6, -2.271e-7, -2.254e-7, -2.288e-7
0.584, 1.862e-6, 3.133e-6, 1.271e-6, -2.031e-7, -2.088e-7, -1.974e-7, 2.003e-6, 3.410e-6, 1.407e-6, -2.039e-7, -2.058e-7, -2.019e-7, 1.866e-6, 3.144e-6, 1.278e-6, -2.126e-7, -2.129e-7, -2.122e-7, 2.024e-6, 3.455e-6, 1.431e-6, -2.324e-7, -2.293e-7, -2.355e-7
0.588, 1.825e-6, 3.148e-6, 1.322e-6, -2.094e-7, -2.146e-7, -2.042e-7, 1.970e-6, 3.421e-6, 1.452e-6, -2.117e-7, -2.096e-7, -2.138e-7, 1.835e-6, 3.159e-6, 1.324e-6, -2.162e-7, -2.177e-7, -2.147e-7, 1.974e-6, 3.461e-6, 1.487e-6, -2.380e-7, -2.382e-7, -2.378e-7
0.592, 1.800e-6, 3.167e-6, 1.367e-6, -2.121e-7, -2.180e-7, -2.062e-7, 1.925e-6, 3.432e-6, 1.507e-6, -2.164e-7, -2.175e-7, -2.154e-7, 1.799e-6, 3.168e-6, 1.369e-6, -2.220e-7, -2.214e-7, -2.227e-7, 1.932e-6, 3.464e-6, 1.532e-6, -2.435e-7, -2.399e-7, -2.472e-7
0.596, 1.762e-6, 3.174e-6, 1.412e-6, -2.180e-7, -2.229e-7, -2.130e-7, 1.878e-6, 3.432e-6, 1.553e-6, -2.231e-7, -2.251e-7, -2.212e-7, 1.759e-6, 3.175e-6, 1.416e-6, -2.262e-7, -2.257e-7, -2.267e-7, 1.883e-6, 3.464e-6, 1.581e-6, -2.476e-7, -2.453e-7, -2.500e-7
0.600, 1.721e-6, 3.175e-6, 1.455e-6, -2.233e-7, -2.294e-7, -2.171e-7, 1.829e-6, 3.435e-6, 1.607e-6, -2.267e-7, -2.258e-7, -2.276e-7, 1.718e-6, 3.178e-6, 1.461e-6, -2.321e-7, -2.315e-7, -2.327e-7, 1.827e-6, 3.454e-6, 1.628e-6, -2.575e-7, -2.557e-7, -2.594e-7
0.604, 1.680e-6, 3.181e-6, 1.501e-6, -2.286e-7, -2.332e-7, -2.240e-7, 1.780e-6, 3.430e-6, 1.650e-6, -2.320e-7, -2.329e-7, -2.310e-7, 1.672e-6, 3.175e-6, 1.504e-6, -2.384e-7, -2.385e-7, -2.383e-7, 1.775e-6, 3.447e-6, 1.672e-6, -2.623e-7, -2.598e-7, -2.649e-7
0.608, 1.635e-6, 3.179e-6, 1.544e-6, -2.354e-7, -2.401e-7, -2.307e-7, 1.730e-6, 3.423e-6, 1.693e-6, -2.402e-7, -2.427e-7, -2.378e-7, 1.621e-6, 3.168e-6, 1.547e-6, -2.408e-7, -2.421e-7, -2.396e-7, 1.717e-6, 3.437e-6, 1.720e-6, -2.669e-7, -2.642e-7, -2.697e-7
0.612, 1.588e-6, 3.173e-6, 1.585e-6, -2.395e-7, -2.443e-7, -2.347e-7, 1.677e-6, 3.415e-6, 1.738e-6, -2.450e-7, -2.456e-7, -2.445e-7, 1.584e-6, 3.168e-6, 1.584e-6, -2.472e-7, -2.470e-7, -2.474e-7, 1.662e-6, 3.422e-6, 1.760e-6, -2.734e-7, -2.704e-7, -2.764e-7
0.616, 1.539e-6, 3.165e-6, 1.626e-6, -2.461e-7, -2.546e-7, -2.375e-7, 1.620e-6, 3.405e-6, 1.784e-6, -2.500e-7, -2.491e-7, -2.509e-7, 1.535e-6, 3.159e-6, 1.624e-6, -2.531e-7, -2.511e-7, -2.551e-7, 1.610e-6, 3.407e-6, 1.798e-6, -2.828e-7, -2.829e-7, -2.827e-7
0.620, 1.496e-6, 3.159e-6, 1.663e-6, -2.501e-7, -2.551e-7, -2.451e-7, 1.574e-6, 3.392e-6, 1.818e-6, -2.579e-7, -2.573e-7, -2.585e-7, 1.487e-6, 3.146e-6, 1.660e-6, -2.592e-7, -2.591e-7, -2.592e-7, 1.551e-6, 3.388e-6, 1.837e-6, -2.855e-7, -2.843e-7, -2.866e-7
0.624, 1.449e-6, 3.148e-6, 1.699e-6, -2.563e-7, -2.601e-7, -2.524e-7, 1.516e-6, 3.374e-6, 1.858e-6, -2.634e-7, -2.636e-7, -2.633e-7, 1.435e-6, 3.133e-6, 1.698e-6, -2.630e-7, -2.646e-7, -2.615e-7, 1.500e-6, 3.372e-6, 1.872e-6, -2.921e-7, -2.906e-7, -2.936e-7
0.628, 1.406e-6, 3.140e-6, 1.733e-6, -2.576e-7, -2.632e-7, -2.521e-7, 1.465e-6, 3.361e-6, 1.896e-6, -2.692e-7, -2.698e-7, -2.686e-7, 1.389e-6, 3.118e-6, 1.729e-6, -2.708e-7, -2.695e-7, -2.722e-7, 1.451e-6, 3.351e-6, 1.901e-6, -2.972e-7, -2.955e-7, -2.989e-7
0.632, 1.358e-6, 3.123e-6, 1.765e-6, -2.663e-7, -2.714e-7, -2.612e-7, 1.417e-6, 3.347e-6, 1.929e-6, -2.712e-7, -2.708e-7, -2.715e-7, 1.350e-6, 3.112e-6, 1.761e-6, -2.718e-7, -2.711e-7, -2.725e-7, 1.398e-6, 3.330e-6, 1.931e-6, -3.058e-7, -3.037e-7, -3.079e-7
0.636, 1.309e-6, 3.107e-6, 1.798e-6, -2.703e-7, -2.774e-7, -2.632e-7, 1.365e-6, 3.324e-6, 1.959e-6, -2.788e-7, -2.792e-7, -2.784e-7, 1.300e-6, 3.090e-6, 1.790e-6, -2.789e-7, -2.770e-7, -2.809e-7, 1.348e-6, 3.310e-6, 1.962e-6, -3.113e-7, -3.120e-7, -3.106e-7
0.640, 1.275e-6, 3.095e-6, 1.820e-6, -2.762e-7, -2.808e-7, -2.715e-7, 1.319e-6, 3.307e-6, 1.988e-6, -2.836e-7, -2.868e-7, -2.803e-7, 1.253e-6, 3.075e-6, 1.822e-6, -2.824e-7, -2.837e-7, -2.812e-7, 1.306e-6, 3.292e-6, 1.986e-6, -3.164e-7, -3.124e-7, -3.204e-7
0.644, 1.229e-6, 3.082e-6, 1.853e-6, -2.802e-7, -2.861e-7, -2.743e-7, 1.281e-6, 3.290e-6, 2.009e-6, -2.931e-7, -2.929e-7, -2.932e-7, 1.213e-6, 3.057e-6, 1.843e-6, -2.890e-7, -2.888e-7, -2.891e-7, 1.256e-6, 3.270e-6, 2.014e-6, -3.164e-7, -3.161e-7, -3.168e-7
0.648, 1.190e-6, 3.066e-6, 1.876e-6, -2.839e-7, -2.890e-7, -2.788e-7, 1.233e-6, 3.272e-6, 2.039e-6, -2.949e-7, -2.958e-7, -2.939e-7, 1.178e-6, 3.045e-6, 1.867e-6, -2.918e-7, -2.914e-7, -2.922e-7, 1.218e-6, 3.253e-6, 2.035e-6, -3.250e-7, -3.241e-7, -3.258e-7
0.652, 1.152e-6, 3.051e-6, 1.899e-6, -2.878e-7, -2.908e-7, -2.848e-7, 1.199e-6, 3.256e-6, 2.057e-6, -2.999e-7, -3.005e-7, -2.992e-7, 1.137e-6, 3.025e-6, 1.888e-6, -2.982e-7, -2.993e-7, -2.970e-7, 1.174e-6, 3.229e-6, 2.055e-6, -3.311e-7, -3.313e-7, -3.309e-7
0.656, 1.117e-6, 3.037e-6, 1.920e-6, -2.941e-7, -2.989e-7, -2.893e-7, 1.154e-6, 3.234e-6, 2.080e-6, -3.066e-7, -3.089e-7, -3.043e-7, 1.103e-6, 3.010e-6, 1.908e-6, -2.990e-7, -3.011e-7, -2.969e-7, 1.139e-6, 3.214e-6, 2.075e-6, -3.339e-7, -3.329e-7, -3.349e-7
0.660, 1.087e-6, 3.024e-6, 1.937e-6, -2.976e-7, -3.042e-7, -2.909e-7, 1.119e-6, 3.217e-6, 2.099e-6, -3.099e-7, -3.117e-7, -3.081e-7, 1.070e-6, 2.995e-6, 1.925e-6, -3.059e-7, -3.070e-7, -3.048e-7, 1.106e-6, 3.194e-6, 2.088e-6, -3.381e-7, -3.372e-7, -3.390e-7
0.664, 1.049e-6, 3.005e-6, 1.956e-6, -3.023e-7, -3.080e-7, -2.965e-7, 1.086e-6, 3.203e-6, 2.116e-6, -3.135e-7, -3.149e-7, -3.121e-7, 1.040e-6, 2.980e-6, 1.940e-6, -3.075e-7, -3.075e-7, -3.075e-7, 1.077e-6, 3.178e-6, 2.101e-6, -3.438e-7, -3.429e-7, -3.447e-7
0.668, 1.024e-6, 2.993e-6, 1.969e-6, -3.066e-7, -3.128e-7, -3.005e-7, 1.057e-6, 3.185e-6, 2.128e-6, -3.175e-7, -3.198e-7, -3.153e-7, 1.009e-6, 2.964e-6, 1.955e-6, -3.156e-7, -3.159e-7, -3.153e-7, 1.047e-6, 3.160e-6, 2.113e-6, -3.490e-7, -3.480e-7, -3.500e-7
0.672, 9.954e-7, 2.977e-6, 1.982e-6, -3.124e-7, -3.198e-7, -3.051e-7, 1.021e-6, 3.165e-6, 2.144e-6, -3.198e-7, -3.223e-7, -3.173e-7, 9.812e-7, 2.953e-6, 1.972e-6, -3.158e-7, -3.170e-7, -3.146e-7, 1.019e-6, 3.144e-6, 2.125e-6, -3.533e-7, -3.526e-7, -3.539e-7
0.676, 9.735e-7, 2.966e-6, 1.993e-6, -3.119e-7, -3.183e-7, -3.054e-7, 9.965e-7, 3.153e-6, 2.156e-6, -3.258e-7, -3.276e-7, -3.240e-7, 9.520e-7, 2.935e-6, 1.983e-6, -3.214e-7, -3.238e-7, -3.190e-7, 9.940e-7, 3.125e-6, 2.131e-6, -3.570e-7, -3.569e-7, -3.570e-7
0.680, 9.493e-7, 2.954e-6, 2.004e-6, -3.164e-7, -3.215e-7, -3.114e-7, 9.719e-7, 3.140e-6, 2.168e-6, -3.301e-7, -3.323e-7, -3.278e-7, 9.302e-7, 2.922e-6, 1.992e-6, -3.250e-7, -3.274e-7, -3.226e-7, 9.718e-7, 3.111e-6, 2.140e-6, -3.591e-7, -3.562e-7, -3.619e-7
0.684, 9.263e-7, 2.941e-6, 2.015e-6, -3.221e-7, -3.272e-7, -3.171e-7, 9.482e-7, 3.124e-6, 2.176e-6, -3.346e-7, -3.363e-7, -3.330e-7, 9.124e-7, 2.912e-6, 1.999e-6, -3.268e-7, -3.286e-7, -3.250e-7, 9.465e-7, 3.097e-6, 2.150e-6, -3.627e-7, -3.627e-7, -3.627e-7
0.688, 9.038e-7, 2.929e-6, 2.025e-6, -3.280e-7, -3.341e-7, -3.220e-7, 9.291e-7, 3.108e-6, 2.179e-6, -3.391e-7, -3.413e-7, -3.369e-7, 8.886e-7, 2.897e-6, 2.008e-6, -3.306e-7, -3.323e-7, -3.290e-7, 9.275e-7, 3.086e-6, 2.158e-6, -3.661e-7, -3.650e-7, -3.671e-7
0.692, 8.815e-7, 2.917e-6, 2.035e-6, -3.295e-7, -3.377e-7, -3.213e-7, 9.025e-7, 3.094e-6, 2.191e-6, -3.425e-7, -3.428e-7, -3.421e-7, 8.783e-7, 2.890e-6, 2.012e-6, -3.336e-7, -3.321e-7, -3.350e-7, 9.164e-7, 3.074e-6, 2.157e-6, -3.670e-7, -3.668e-7, -3.672e-7
0.696, 8.687e-7, 2.906e-6, 2.037e-6, -3.322e-7, -3.366e-7, -3.279e-7, 8.933e-7, 3.090e-6, 2.197e-6, -3.438e-7, -3.443e-7, -3.433e-7, 8.547e-7, 2.876e-6, 2.021e-6, -3.363e-7, -3.370e-7, -3.356e-7, 8.931e-7, 3.058e-6, 2.165e-6, -3.744e-7, -3.741e-7, -3.746e-7
0.700, 8.516e-7, 2.894e-6, 2.043e-6, -3.365e-7, -3.429e-7, -3.301e-7, 8.734e-7, 3.076e-6, 2.202e-6, -3.456e-7, -3.494e-7, -3.419e-7, 8.350e-7, 2.864e-6, 2.029e-6, -3.398e-7, -3.421e-7, -3.376e-7, 8.785e-7, 3.046e-6, 2.167e-6, -3.764e-7, -3.762e-7, -3.766e-7
0.704, 8.353e-7, 2.885e-6, 2.050e-6, -3.388e-7, -3.431e-7, -3.344e-7, 8.593e-7, 3.063e-6, 2.204e-6, -3.497e-7, -3.526e-7, -3.468e-7, 8.199e-7, 2.854e-6, 2.034e-6, -3.429e-7, -3.465e-7, -3.393e-7, 8.630e-7, 3.036e-6, 2.173e-6, -3.797e-7, -3.802e-7, -3.791e-7
0.708, 8.152e-7, 2.872e-6, 2.057e-6, -3.385e-7, -3.442e-7, -3.329e-7, 8.455e-7, 3.056e-6, 2.210e-6, -3.517e-7, -3.512e-7, -3.521e-7, 8.154e-7, 2.850e-6, 2.035e-6, -3.467e-7, -3.477e-7, -3.457e-7, 8.517e-7, 3.025e-6, 2.173e-6, -3.827e-7, -3.846e-7, -3.808e-7
0.712, 8.126e-7, 2.869e-6, 2.056e-6, -3.428e-7, -3.481e-7, -3.375e-7, 8.299e-7, 3.045e-6, 2.215e-6, -3.552e-7, -3.582e-7, -3.522e-7, 7.951e-7, 2.837e-6, 2.042e-6, -3.484e-7, -3.523e-7, -3.445e-7, 8.404e-7, 3.016e-6, 2.176e-6, -3.849e-7, -3.857e-7, -3.840e-7
0.716, 7.984e-7, 2.861e-6, 2.063e-6, -3.440e-7, -3.507e-7, -3.373e-7, 8.212e-7, 3.038e-6, 2.217e-6, -3.569e-7, -3.573e-7, -3.564e-7, 7.925e-7, 2.833e-6, 2.040e-6, -3.503e-7, -3.509e-7, -3.498e-7, 8.302e-7, 3.007e-6, 2.177e-6, -3.844e-7, -3.850e-7, -3.839e-7
0.720, 7.860e-7, 2.851e-6, 2.065e-6, -3.492e-7, -3.547e-7, -3.437e-7, 8.079e-7, 3.029e-6, 2.221e-6, -3.606e-7, -3.646e-7, -3.566e-7, 7.737e-7, 2.820e-6, 2.046e-6, -3.515e-7, -3.534e-7, -3.496e-7, 8.237e-7, 3.000e-6, 2.176e-6, -3.891e-7, -3.880e-7, -3.903e-7
0.724, 7.747e-7, 2.842e-6, 2.067e-6, -3.507e-7, -3.573e-7, -3.442e-7, 7.996e-7, 3.018e-6, 2.219e-6, -3.633e-7, -3.646e-7, -3.621e-7, 7.750e-7, 2.820e-6, 2.045e-6, -3.555e-7, -3.558e-7, -3.552e-7, 8.178e-7, 2.994e-6, 2.176e-6, -3.918e-7, -3.923e-7, -3.913e-7
0.728, 7.674e-7, 2.839e-6, 2.071e-6, -3.526e-7, -3.609e-7, -3.443e-7, 7.900e-7, 3.012e-6, 2.222e-6, -3.673e-7, -3.697e-7, -3.650e-7, 7.673e-7, 2.811e-6, 2.044e-6, -3.569e-7, -3.565e-7, -3.574e-7, 8.113e-7, 2.988e-6, 2.177e-6, -3.904e-7, -3.884e-7, -3.924e-7
0.732, 7.646e-7, 2.834e-6, 2.069e-6, -3.575e-7, -3.622e-7, -3.527e-7, 7.837e-7, 3.007e-6, 2.223e-6, -3.663e-7, -3.691e-7, -3.634e-7, 7.521e-7, 2.807e-6, 2.055e-6, -3.572e-7, -3.598e-7, -3.546e-7, 8.033e-7, 2.983e-6, 2.180e-6, -3.969e-7, -3.981e-7, -3.956e-7
0.736, 7.588e-7, 2.830e-6, 2.071e-6, -3.578e-7, -3.665e-7, -3.492e-7, 7.771e-7, 3.002e-6, 2.225e-6, -3.674e-7, -3.698e-7, -3.649e-7, 7.465e-7, 2.798e-6, 2.052e-6, -3.618e-7, -3.636e-7, -3.600e-7, 8.012e-7, 2.977e-6, 2.176e-6, -3.979e-7, -3.976e-7, -3.983e-7
0.740, 7.455e-7, 2.821e-6, 2.076e-6, -3.601e-7, -3.675e-7, -3.526e-7, 7.697e-7, 2.997e-6, 2.227e-6, -3.727e-7, -3.731e-7, -3.723e-7, 7.505e-7, 2.799e-6, 2.049e-6, -3.613e-7, -3.625e-7, -3.601e-7, 7.929e-7, 2.973e-6, 2.180e-6, -3.999e-7, -4.015e-7, -3.983e-7
0.744, 7.434e-7, 2.818e-6, 2.075e-6, -3.616e-7, -3.684e-7, -3.548e-7, 7.710e-7, 2.993e-6, 2.222e-6, -3.729e-7, -3.743e-7, -3.714e-7, 7.391e-7, 2.795e-6, 2.056e-6, -3.628e-7, -3.666e-7, -3.590e-7, 7.930e-7, 2.973e-6, 2.180e-6, -4.006e-7, -4.007e-7, -4.005e-7
0.748, 7.414e-7, 2.819e-6, 2.077e-6, -3.632e-7, -3.685e-7, -3.578e-7, 7.646e-7, 2.991e-6, 2.226e-6, -3.751e-7, -3.770e-7, -3.732e-7, 7.378e-7, 2.792e-6, 2.054e-6, -3.666e-7, -3.692e-7, -3.639e-7, 7.878e-7, 2.967e-6, 2.180e-6, -4.016e-7, -4.016e-7, -4.017e-7
0.752, 7.440e-7, 2.818e-6, 2.074e-6, -3.634e-7, -3.671e-7, -3.598e-7, 7.639e-7, 2.991e-6, 2.227e-6, -3.769e-7, -3.783e-7, -3.754e-7, 7.366e-7, 2.790e-6, 2.054e-6, -3.683e-7, -3.716e-7, -3.651e-7, 7.893e-7, 2.965e-6, 2.176e-6, -4.042e-7, -4.030e-7, -4.054e-7
0.756, 7.395e-7, 2.817e-6, 2.078e-6, -3.664e-7, -3.703e-7, -3.626e-7, 7.654e-7, 2.989e-6, 2.223e-6, -3.782e-7, -3.788e-7, -3.777e-7, 7.372e-7, 2.793e-6, 2.056e-6, -3.674e-7, -3.698e-7, -3.650e-7, 7.855e-7, 2.965e-6, 2.179e-6, -4.057e-7, -4.078e-7, -4.037e-7
0.760, 7.354e-7, 2.813e-6, 2.077e-6, -3.692e-7, -3.784e-7, -3.599e-7, 7.607e-7, 2.988e-6, 2.227e-6, -3.796e-7, -3.809e-7, -3.782e-7, 7.347e-7, 2.790e-6, 2.055e-6, -3.708e-7, -3.718e-7, -3.698e-7, 7.898e-7, 2.965e-6, 2.175e-6, -4.080e-7, -4.100e-7, -4.059e-7
0.764, 7.396e-7, 2.816e-6, 2.077e-6, -3.710e-7, -3.774e-7, -3.647e-7, 7.621e-7, 2.987e-6, 2.225e-6, -3.836e-7, -3.870e-7, -3.803e-7, 7.309e-7, 2.789e-6, 2.058e-6, -3.717e-7, -3.746e-7, -3.688e-7, 7.914e-7, 2.969e-6, 2.178e-6, -4.069e-7, -4.064e-7, -4.075e-7
0.768, 7.350e-7, 2.813e-6, 2.078e-6, -3.733e-7, -3.818e-7, -3.648e-7, 7.634e-7, 2.988e-6, 2.225e-6, -3.839e-7, -3.829e-7, -3.848e-7, 7.346e-7, 2.792e-6, 2.058e-6, -3.728e-7, -3.742e-7, -3.714e-7, 7.911e-7, 2.969e-6, 2.178e-6, -4.096e-7, -4.121e-7, -4.070e-7
0.772, 7.363e-7, 2.818e-6, 2.081e-6, -3.736e-7, -3.795e-7, -3.677e-7, 7.709e-7, 2.993e-6, 2.222e-6, -3.870e-7, -3.864e-7, -3.876e-7, 7.406e-7, 2.796e-6, 2.055e-6, -3.746e-7, -3.782e-7, -3.710e-7, 7.931e-7, 2.972e-6, 2.179e-6, -4.087e-7, -4.125e-7, -4.049e-7
0.776, 7.396e-7, 2.821e-6, 2.082e-6, -3.765e-7, -3.844e-7, -3.687e-7, 7.689e-7, 2.994e-6, 2.225e-6, -3.852e-7, -3.891e-7, -3.814e-7, 7.399e-7, 2.797e-6, 2.057e-6, -3.753e-7, -3.767e-7, -3.739e-7, 7.982e-7, 2.974e-6, 2.175e-6, -4.134e-7, -4.154e-7, -4.115e-7
0.780, 7.416e-7, 2.824e-6, 2.082e-6, -3.728e-7, -3.809e-7, -3.647e-7, 7.713e-7, 2.999e-6, 2.227e-6, -3.910e-7, -3.932e-7, -3.887e-7, 7.469e-7, 2.802e-6, 2.055e-6, -3.778e-7, -3.774e-7, -3.781e-7, 8.079e-7, 2.984e-6, 2.176e-6, -4.131e-7, -4.134e-7, -4.129e-7
0.784, 7.492e-7, 2.830e-6, 2.081e-6, -3.776e-7, -3.836e-7, -3.716e-7, 7.754e-7, 3.005e-6, 2.229e-6, -3.892e-7, -3.937e-7, -3.846e-7, 7.464e-7, 2.807e-6, 2.060e-6, -3.769e-7, -3.794e-7, -3.745e-7, 8.147e-7, 2.988e-6, 2.174e-6, -4.169e-7, -4.175e-7, -4.162e-7
0.788, 7.492e-7, 2.830e-6, 2.081e-6, -3.793e-7, -3.865e-7, -3.721e-7, 7.806e-7, 3.009e-6, 2.229e-6, -3.916e-7, -3.939e-7, -3.893e-7, 7.536e-7, 2.813e-6, 2.060e-6, -3.807e-7, -3.822e-7, -3.792e-7, 8.168e-7, 2.993e-6, 2.176e-6, -4.175e-7, -4.187e-7, -4.163e-7
0.792, 7.528e-7, 2.839e-6, 2.086e-6, -3.819e-7, -3.919e-7, -3.718e-7, 7.882e-7, 3.017e-6, 2.229e-6, -3.905e-7, -3.916e-7, -3.894e-7, 7.653e-7, 2.824e-6, 2.059e-6, -3.795e-7, -3.797e-7, -3.793e-7, 8.241e-7, 3.003e-6, 2.179e-6, -4.167e-7, -4.180e-7, -4.154e-7
0.796, 7.632e-7, 2.848e-6, 2.085e-6, -3.814e-7, -3.910e-7, -3.717e-7, 7.936e-7, 3.024e-6, 2.231e-6, -3.938e-7, -3.961e-7, -3.915e-7, 7.636e-7, 2.827e-6, 2.063e-6, -3.823e-7, -3.843e-7, -3.802e-7, 8.357e-7, 3.015e-6, 2.179e-6, -4.202e-7, -4.212e-7, -4.191e-7
0.800, 7.697e-7, 2.857e-6, 2.087e-6, -3.838e-7, -3.916e-7, -3.759e-7, 8.029e-7, 3.034e-6, 2.231e-6, -3.948e-7, -3.954e-7, -3.941e-7, 7.718e-7, 2.835e-6, 2.064e-6, -3.834e-7, -3.858e-7, -3.811e-7, 8.405e-7, 3.023e-6, 2.182e-6, -4.185e-7, -4.205e-7, -4.166e-7
0.804, 7.805e-7, 2.867e-6, 2.086e-6, -3.849e-7, -3.914e-7, -3.784e-7, 8.080e-7, 3.044e-6, 2.236e-6, -3.952e-7, -3.999e-7, -3.905e-7, 7.792e-7, 2.849e-6, 2.070e-6, -3.821e-7, -3.840e-7, -3.802e-7, 8.570e-7, 3.038e-6, 2.181e-6, -4.217e-7, -4.197e-7, -4.238e-7
0.808, 7.896e-7, 2.877e-6, 2.088e-6, -3.881e-7, -3.952e-7, -3.810e-7, 8.196e-7, 3.055e-6, 2.235e-6, -3.978e-7, -4.038e-7, -3.918e-7, 7.887e-7, 2.859e-6, 2.071e-6, -3.832e-7, -3.857e-7, -3.808e-7, 8.655e-7, 3.048e-6, 2.183e-6, -4.219e-7, -4.207e-7, -4.231e-7
0.812, 7.953e-7, 2.887e-6, 2.091e-6, -3.862e-7, -3.928e-7, -3.797e-7, 8.325e-7, 3.069e-6, 2.236e-6, -3.984e-7, -4.008e-7, -3.961e-7, 7.991e-7, 2.873e-6, 2.074e-6, -3.849e-7, -3.866e-7, -3.832e-7, 8.744e-7, 3.064e-6, 2.189e-6, -4.230e-7, -4.241e-7, -4.218e-7
0.816, 8.047e-7, 2.901e-6, 2.097e-6, -3.882e-7, -3.958e-7, -3.807e-7, 8.435e-7, 3.084e-6, 2.241e-6, -4.000e-7, -4.032e-7, -3.967e-7, 8.112e-7, 2.886e-6, 2.074e-6, -3.874e-7, -3.888e-7, -3.860e-7, 8.901e-7, 3.081e-6, 2.190e-6, -4.238e-7, -4.225e-7, -4.250e-7
0.820, 8.195e-7, 2.916e-6, 2.097e-6, -3.899e-7, -3.958e-7, -3.840e-7, 8.540e-7, 3.098e-6, 2.244e-6, -4.026e-7, -4.053e-7, -3.998e-7, 8.196e-7, 2.898e-6, 2.079e-6, -3.882e-7, -3.898e-7, -3.866e-7, 9.032e-7, 3.097e-6, 2.193e-6, -4.261e-7, -4.252e-7, -4.270e-7
0.824, 8.293e-7, 2.929e-6, 2.100e-6, -3.918e-7, -3.993e-7, -3.843e-7, 8.707e-7, 3.118e-6, 2.247e-6, -4.002e-7, -4.019e-7, -3.986e-7, 8.359e-7, 2.917e-6, 2.081e-6, -3.898e-7, -3.899e-7, -3.896e-7, 9.151e-7, 3.112e-6, 2.197e-6, -4.301e-7, -4.314e-7, -4.287e-7
0.828, 8.397e-7, 2.944e-6, 2.104e-6, -3.924e-7, -4.001e-7, -3.846e-7, 8.836e-7, 3.133e-6, 2.250e-6, -4.037e-7, -4.054e-7, -4.019e-7, 8.525e-7, 2.938e-6, 2.085e-6, -3.907e-7, -3.919e-7, -3.894e-7, 9.347e-7, 3.133e-6, 2.198e-6, -4.288e-7, -4.294e-7, -4.282e-7
0.832, 8.508e-7, 2.963e-6, 2.112e-6, -3.934e-7, -4.015e-7, -3.852e-7, 8.976e-7, 3.154e-6, 2.256e-6, -4.082e-7, -4.102e-7, -4.061e-7, 8.645e-7, 2.954e-6, 2.089e-6, -3.915e-7, -3.926e-7, -3.903e-7, 9.475e-7, 3.156e-6, 2.208e-6, -4.268e-7, -4.271e-7, -4.266e-7
0.836, 8.703e-7, 2.985e-6, 2.115e-6, -3.933e-7, -3.991e-7, -3.875e-7, 9.152e-7, 3.174e-6, 2.259e-6, -4.087e-7, -4.100e-7, -4.075e-7, 8.770e-7, 2.970e-6, 2.093e-6, -3.954e-7, -3.986e-7, -3.923e-7, 9.655e-7, 3.178e-6, 2.213e-6, -4.305e-7, -4.305e-7, -4.306e-7
0.840, 8.825e-7, 3.003e-6, 2.121e-6, -3.968e-7, -4.052e-7, -3.883e-7, 9.286e-7, 3.195e-6, 2.266e-6, -4.096e-7, -4.114e-7, -4.079e-7, 8.946e-7, 2.995e-6, 2.100e-6, -3.957e-7, -3.985e-7, -3.929e-7, 9.835e-7, 3.202e-6, 2.219e-6, -4.321e-7, -4.343e-7, -4.299e-7
0.844, 9.011e-7, 3.025e-6, 2.124e-6, -3.990e-7, -4.077e-7, -3.903e-7, 9.446e-7, 3.220e-6, 2.275e-6, -4.083e-7, -4.125e-7, -4.041e-7, 9.039e-7, 3.015e-6, 2.111e-6, -3.934e-7, -3.957e-7, -3.911e-7, 1.006e-6, 3.233e-6, 2.227e-6, -4.339e-7, -4.350e-7, -4.329e-7
0.848, 9.162e-7, 3.049e-6, 2.133e-6, -3.991e-7, -4.054e-7, -3.928e-7, 9.648e-7, 3.245e-6, 2.280e-6, -4.113e-7, -4.147e-7, -4.079e-7, 9.265e-7, 3.041e-6, 2.115e-6, -3.974e-7, -4.011e-7, -3.937e-7, 1.026e-6, 3.258e-6, 2.231e-6, -4.342e-7, -4.352e-7, -4.333e-7
0.852, 9.372e-7, 3.073e-6, 2.136e-6, -4.021e-7, -4.088e-7, -3.953e-7, 9.843e-7, 3.271e-6, 2.286e-6, -4.112e-7, -4.142e-7, -4.083e-7, 9.443e-7, 3.070e-6, 2.126e-6, -3.958e-7, -3.980e-7, -3.936e-7, 1.045e-6, 3.287e-6, 2.241e-6, -4.390e-7, -4.404e-7, -4.377e-7
0.856, 9.547e-7, 3.101e-6, 2.146e-6, -4.025e-7, -4.105e-7, -3.945e-7, 1.006e-6, 3.302e-6, 2.295e-6, -4.132e-7, -4.174e-7, -4.090e-7, 9.651e-7, 3.096e-6, 2.131e-6, -3.998e-7, -4.017e-7, -3.979e-7, 1.071e-6, 3.319e-6, 2.248e-6, -4.376e-7, -4.368e-7, -4.385e-7
0.860, 9.738e-7, 3.127e-6, 2.154e-6, -4.051e-7, -4.126e-7, -3.977e-7, 1.026e-6, 3.329e-6, 2.303e-6, -4.147e-7, -4.175e-7, -4.119e-7, 9.864e-7, 3.125e-6, 2.138e-6, -3.997e-7, -4.012e-7, -3.982e-7, 1.094e-6, 3.355e-6, 2.261e-6, -4.389e-7, -4.410e-7, -4.369e-7
0.864, 9.962e-7, 3.158e-6, 2.162e-6, -4.042e-7, -4.105e-7, -3.980e-7, 1.053e-6, 3.365e-6, 2.312e-6, -4.154e-7, -4.171e-7, -4.138e-7, 1.008e-6, 3.157e-6, 2.149e-6, -4.034e-7, -4.057e-7, -4.010e-7, 1.116e-6, 3.385e-6, 2.268e-6, -4.431e-7, -4.449e-7, -4.413e-7
0.868, 1.020e-6, 3.191e-6, 2.171e-6, -4.066e-7, -4.128e-7, -4.004e-7, 1.078e-6, 3.399e-6, 2.321e-6, -4.189e-7, -4.218e-7, -4.160e-7, 1.030e-6, 3.189e-6, 2.159e-6, -4.021e-7, -4.046e-7, -3.997e-7, 1.145e-6, 3.427e-6, 2.282e-6, -4.425e-7, -4.427e-7, -4.423e-7
0.872, 1.038e-6, 3.220e-6, 2.182e-6, -4.096e-7, -4.177e-7, -4.014e-7, 1.099e-6, 3.432e-6, 2.333e-6, -4.185e-7, -4.220e-7, -4.150e-7, 1.059e-6, 3.228e-6, 2.169e-6, -4.049e-7, -4.060e-7, -4.037e-7, 1.177e-6, 3.467e-6, 2.290e-6, -4.467e-7, -4.491e-7, -4.442e-7
0.876, 1.070e-6, 3.260e-6, 2.190e-6, -4.096e-7, -4.167e-7, -4.025e-7, 1.124e-6, 3.473e-6, 2.348e-6, -4.239e-7, -4.286e-7, -4.191e-7, 1.081e-6, 3.261e-6, 2.180e-6, -4.087e-7, -4.106e-7, -4.067e-7, 1.205e-6, 3.507e-6, 2.302e-6, -4.464e-7, -4.431e-7, -4.498e-7
0.880, 1.089e-6, 3.292e-6, 2.203e-6, -4.132e-7, -4.209e-7, -4.055e-7, 1.153e-6, 3.513e-6, 2.360e-6, -4.227e-7, -4.264e-7, -4.190e-7, 1.106e-6, 3.301e-6, 2.194e-6, -4.064e-7, -4.077e-7, -4.050e-7, 1.238e-6, 3.553e-6, 2.316e-6, -4.493e-7, -4.507e-7, -4.480e-7
0.884, 1.118e-6, 3.334e-6, 2.216e-6, -4.155e-7, -4.211e-7, -4.100e-7, 1.181e-6, 3.553e-6, 2.372e-6, -4.265e-7, -4.300e-7, -4.230e-7, 1.136e-6, 3.340e-6, 2.204e-6, -4.106e-7, -4.125e-7, -4.088e-7, 1.265e-6, 3.597e-6, 2.333e-6, -4.513e-7, -4.530e-7, -4.496e-7
0.888, 1.147e-6, 3.379e-6, 2.232e-6, -4.159e-7, -4.236e-7, -4.082e-7, 1.212e-6, 3.599e-6, 2.387e-6, -4.281e-7, -4.307e-7, -4.254e-7, 1.163e-6, 3.382e-6, 2.219e-6, -4.157e-7, -4.184e-7, -4.130e-7, 1.305e-6, 3.649e-6, 2.344e-6, -4.529e-7, -4.524e-7, -4.534e-7
0.892, 1.171e-6, 3.420e-6, 2.248e-6, -4.168e-7, -4.255e-7, -4.080e-7, 1.246e-6, 3.647e-6, 2.400e-6, -4.298e-7, -4.322e-7, -4.273e-7, 1.194e-6, 3.429e-6, 2.235e-6, -4.146e-7, -4.147e-7, -4.145e-7, 1.334e-6, 3.702e-6, 2.368e-6, -4.544e-7, -4.572e-7, -4.515e-7
0.896, 1.204e-6, 3.463e-6, 2.259e-6, -4.213e-7, -4.312e-7, -4.114e-7, 1.277e-6, 3.695e-6, 2.418e-6, -4.339e-7, -4.384e-7, -4.294e-7, 1.228e-6, 3.478e-6, 2.250e-6, -4.174e-7, -4.162e-7, -4.185e-7, 1.375e-6, 3.758e-6, 2.383e-6, -4.592e-7, -4.594e-7, -4.589e-7
0.900, 1.238e-6, 3.514e-6, 2.276e-6, -4.232e-7, -4.303e-7, -4.162e-7, 1.314e-6, 3.750e-6, 2.437e-6, -4.334e-7, -4.394e-7, -4.273e-7, 1.257e-6, 3.528e-6, 2.271e-6, -4.179e-7, -4.212e-7, -4.146e-7, 1.410e-6, 3.813e-6, 2.403e-6, -4.594e-7, -4.585e-7, -4.603e-7
