0.104, 9.699e-7, 3.961e-9, -9.659e-7, 9.173e-7, 3.087e-8, -8.865e-7, 1.031e-6, -3.415e-10, -1.032e-6, 9.467e-7, -1.792e-8, -9.647e-7
0.108, 1.161e-6, 4.152e-7, -7.461e-7, 1.082e-6, 3.964e-7, -6.851e-7, 1.205e-6, 4.137e-7, -7.912e-7, 1.129e-6, 3.798e-7, -7.490e-7
0.112, 1.180e-6, 5.270e-7, -6.534e-7, 1.095e-6, 4.955e-7, -5.996e-7, 1.212e-6, 5.249e-7, -6.874e-7, 1.148e-6, 4.897e-7, -6.579e-7
0.116, 1.204e-6, 6.030e-7, -6.014e-7, 1.115e-6, 5.637e-7, -5.514e-7, 1.227e-6, 5.989e-7, -6.281e-7, 1.172e-6, 5.657e-7, -6.066e-7
0.120, 1.234e-6, 6.647e-7, -5.691e-7, 1.141e-6, 6.203e-7, -5.209e-7, 1.250e-6, 6.593e-7, -5.907e-7, 1.204e-6, 6.296e-7, -5.744e-7
0.124, 1.264e-6, 7.170e-7, -5.472e-7, 1.168e-6, 6.683e-7, -5.000e-7, 1.275e-6, 7.093e-7, -5.653e-7, 1.236e-6, 6.835e-7, -5.525e-7
0.128, 1.294e-6, 7.632e-7, -5.309e-7, 1.195e-6, 7.107e-7, -4.844e-7, 1.299e-6, 7.535e-7, -5.460e-7, 1.268e-6, 7.313e-7, -5.363e-7
0.132, 1.321e-6, 8.041e-7, -5.170e-7, 1.220e-6, 7.492e-7, -4.705e-7, 1.324e-6, 7.938e-7, -5.302e-7, 1.297e-6, 7.744e-7, -5.224e-7
0.136, 1.344e-6, 8.405e-7, -5.035e-7, 1.240e-6, 7.828e-7, -4.570e-7, 1.344e-6, 8.284e-7, -5.158e-7, 1.321e-6, 8.126e-7, -5.084e-7
0.140, 1.360e-6, 8.708e-7, -4.890e-7, 1.254e-6, 8.111e-7, -4.426e-7, 1.358e-6, 8.579e-7, -5.005e-7, 1.338e-6, 8.450e-7, -4.935e-7
0.144, 1.370e-6, 8.973e-7, -4.725e-7, 1.263e-6, 8.359e-7, -4.269e-7, 1.367e-6, 8.830e-7, -4.842e-7, 1.349e-6, 8.726e-7, -4.763e-7
0.148, 1.373e-6, 9.192e-7, -4.538e-7, 1.266e-6, 8.567e-7, -4.091e-7, 1.371e-6, 9.040e-7, -4.665e-7, 1.353e-6, 8.956e-7, -4.570e-7
0.152, 1.370e-6, 9.371e-7, -4.325e-7, 1.262e-6, 8.736e-7, -3.884e-7, 1.367e-6, 9.205e-7, -4.463e-7, 1.349e-6, 9.146e-7, -4.345e-7
0.156, 1.360e-6, 9.511e-7, -4.088e-7, 1.252e-6, 8.868e-7, -3.656e-7, 1.358e-6, 9.336e-7, -4.242e-7, 1.338e-6, 9.287e-7, -4.093e-7
0.160, 1.345e-6, 9.623e-7, -3.827e-7, 1.238e-6, 8.975e-7, -3.409e-7, 1.343e-6, 9.429e-7, -3.999e-7, 1.322e-6, 9.401e-7, -3.822e-7
0.164, 1.325e-6, 9.701e-7, -3.548e-7, 1.220e-6, 9.055e-7, -3.149e-7, 1.324e-6, 9.493e-7, -3.743e-7, 1.300e-6, 9.482e-7, -3.519e-7
0.168, 1.302e-6, 9.760e-7, -3.258e-7, 1.199e-6, 9.110e-7, -2.879e-7, 1.301e-6, 9.537e-7, -3.474e-7, 1.276e-6, 9.541e-7, -3.214e-7
0.172, 1.275e-6, 9.801e-7, -2.952e-7, 1.174e-6, 9.153e-7, -2.591e-7, 1.275e-6, 9.559e-7, -3.191e-7, 1.247e-6, 9.580e-7, -2.892e-7
0.176, 1.247e-6, 9.827e-7, -2.647e-7, 1.149e-6, 9.185e-7, -2.306e-7, 1.247e-6, 9.560e-7, -2.910e-7, 1.217e-6, 9.606e-7, -2.566e-7
0.180, 1.220e-6, 9.856e-7, -2.346e-7, 1.124e-6, 9.218e-7, -2.018e-7, 1.220e-6, 9.568e-7, -2.630e-7, 1.188e-6, 9.628e-7, -2.248e-7
0.184, 1.192e-6, 9.875e-7, -2.049e-7, 1.098e-6, 9.245e-7, -1.738e-7, 1.192e-6, 9.570e-7, -2.353e-7, 1.158e-6, 9.649e-7, -1.931e-7
0.188, 1.166e-6, 9.892e-7, -1.764e-7, 1.073e-6, 9.268e-7, -1.463e-7, 1.165e-6, 9.563e-7, -2.083e-7, 1.129e-6, 9.660e-7, -1.625e-7
0.192, 1.140e-6, 9.916e-7, -1.484e-7, 1.049e-6, 9.294e-7, -1.197e-7, 1.139e-6, 9.564e-7, -1.822e-7, 1.101e-6, 9.680e-7, -1.332e-7
0.196, 1.116e-6, 9.939e-7, -1.216e-7, 1.027e-6, 9.332e-7, -9.413e-8, 1.115e-6, 9.575e-7, -1.573e-7, 1.075e-6, 9.702e-7, -1.050e-7
0.200, 1.093e-6, 9.966e-7, -9.633e-8, 1.007e-6, 9.367e-7, -6.995e-8, 1.091e-6, 9.581e-7, -1.334e-7, 1.051e-6, 9.727e-7, -7.819e-8
0.204, 1.072e-6, 9.997e-7, -7.232e-8, 9.873e-7, 9.404e-7, -4.685e-8, 1.071e-6, 9.595e-7, -1.110e-7, 1.028e-6, 9.750e-7, -5.256e-8
0.208, 1.053e-6, 1.003e-6, -4.958e-8, 9.693e-7, 9.449e-7, -2.445e-8, 1.051e-6, 9.615e-7, -8.931e-8, 1.007e-6, 9.782e-7, -2.882e-8
0.212, 1.035e-6, 1.006e-6, -2.849e-8, 9.537e-7, 9.497e-7, -3.958e-9, 1.035e-6, 9.647e-7, -7.004e-8, 9.885e-7, 9.815e-7, -7.004e-9
0.216, 1.018e-6, 1.010e-6, -8.115e-9, 9.388e-7, 9.551e-7, 1.637e-8, 1.019e-6, 9.678e-7, -5.080e-8, 9.704e-7, 9.847e-7, 1.435e-8
0.220, 1.002e-6, 1.013e-6, 1.112e-8, 9.240e-7, 9.597e-7, 3.562e-8, 1.004e-6, 9.709e-7, -3.289e-8, 9.530e-7, 9.873e-7, 3.431e-8
0.224, 9.864e-7, 1.015e-6, 2.901e-8, 9.105e-7, 9.642e-7, 5.364e-8, 9.901e-7, 9.743e-7, -1.582e-8, 9.366e-7, 9.899e-7, 5.326e-8
0.228, 9.709e-7, 1.018e-6, 4.671e-8, 8.972e-7, 9.686e-7, 7.139e-8, 9.765e-7, 9.771e-7, 5.525e-10, 9.202e-7, 9.918e-7, 7.153e-8
0.232, 9.551e-7, 1.019e-6, 6.410e-8, 8.836e-7, 9.724e-7, 8.879e-8, 9.639e-7, 9.806e-7, 1.669e-8, 9.040e-7, 9.932e-7, 8.928e-8
0.236, 9.396e-7, 1.020e-6, 8.055e-8, 8.697e-7, 9.754e-7, 1.057e-7, 9.516e-7, 9.835e-7, 3.192e-8, 8.877e-7, 9.939e-7, 1.063e-7
0.240, 9.233e-7, 1.020e-6, 9.688e-8, 8.563e-7, 9.787e-7, 1.224e-7, 9.388e-7, 9.863e-7, 4.744e-8, 8.714e-7, 9.945e-7, 1.230e-7
0.244, 9.072e-7, 1.020e-6, 1.128e-7, 8.424e-7, 9.810e-7, 1.385e-7, 9.263e-7, 9.886e-7, 6.228e-8, 8.544e-7, 9.938e-7, 1.394e-7
0.248, 8.907e-7, 1.019e-6, 1.283e-7, 8.275e-7, 9.824e-7, 1.549e-7, 9.134e-7, 9.902e-7, 7.682e-8, 8.372e-7, 9.923e-7, 1.551e-7
0.252, 8.737e-7, 1.017e-6, 1.436e-7, 8.127e-7, 9.836e-7, 1.709e-7, 9.002e-7, 9.917e-7, 9.150e-8, 8.197e-7, 9.909e-7, 1.712e-7
0.256, 8.560e-7, 1.015e-6, 1.590e-7, 7.971e-7, 9.840e-7, 1.869e-7, 8.868e-7, 9.928e-7, 1.061e-7, 8.020e-7, 9.888e-7, 1.868e-7
0.260, 8.382e-7, 1.013e-6, 1.743e-7, 7.819e-7, 9.850e-7, 2.031e-7, 8.734e-7, 9.943e-7, 1.208e-7, 7.844e-7, 9.865e-7, 2.020e-7
0.264, 8.208e-7, 1.010e-6, 1.890e-7, 7.662e-7, 9.842e-7, 2.180e-7, 8.602e-7, 9.949e-7, 1.347e-7, 7.664e-7, 9.837e-7, 2.173e-7
0.268, 8.031e-7, 1.007e-6, 2.040e-7, 7.504e-7, 9.840e-7, 2.336e-7, 8.463e-7, 9.952e-7, 1.489e-7, 7.492e-7, 9.811e-7, 2.319e-7
0.272, 7.859e-7, 1.004e-6, 2.183e-7, 7.354e-7, 9.839e-7, 2.485e-7, 8.335e-7, 9.961e-7, 1.625e-7, 7.319e-7, 9.781e-7, 2.462e-7
0.276, 7.692e-7, 1.001e-6, 2.317e-7, 7.205e-7, 9.835e-7, 2.630e-7, 8.207e-7, 9.965e-7, 1.758e-7, 7.154e-7, 9.753e-7, 2.600e-7
0.280, 7.529e-7, 9.983e-7, 2.453e-7, 7.059e-7, 9.830e-7, 2.772e-7, 8.077e-7, 9.972e-7, 1.895e-7, 6.990e-7, 9.725e-7, 2.735e-7
0.284, 7.374e-7, 9.954e-7, 2.580e-7, 6.920e-7, 9.828e-7, 2.908e-7, 7.968e-7, 9.987e-7, 2.019e-7, 6.846e-7, 9.707e-7, 2.860e-7
0.288, 7.228e-7, 9.931e-7, 2.702e-7, 6.785e-7, 9.824e-7, 3.040e-7, 7.852e-7, 9.996e-7, 2.144e-7, 6.704e-7, 9.681e-7, 2.977e-7
0.292, 7.094e-7, 9.909e-7, 2.815e-7, 6.662e-7, 9.825e-7, 3.164e-7, 7.744e-7, 1.001e-6, 2.263e-7, 6.569e-7, 9.661e-7, 3.092e-7
0.296, 6.967e-7, 9.888e-7, 2.922e-7, 6.544e-7, 9.826e-7, 3.282e-7, 7.649e-7, 1.003e-6, 2.377e-7, 6.445e-7, 9.645e-7, 3.199e-7
0.300, 6.842e-7, 9.873e-7, 3.031e-7, 6.436e-7, 9.835e-7, 3.399e-7, 7.557e-7, 1.005e-6, 2.490e-7, 6.328e-7, 9.631e-7, 3.303e-7
0.304, 6.734e-7, 9.862e-7, 3.128e-7, 6.332e-7, 9.838e-7, 3.507e-7, 7.470e-7, 1.006e-6, 2.594e-7, 6.221e-7, 9.616e-7, 3.395e-7
0.308, 6.634e-7, 9.849e-7, 3.215e-7, 6.242e-7, 9.849e-7, 3.607e-7, 7.399e-7, 1.009e-6, 2.693e-7, 6.126e-7, 9.608e-7, 3.482e-7
0.312, 6.541e-7, 9.842e-7, 3.302e-7, 6.150e-7, 9.856e-7, 3.706e-7, 7.329e-7, 1.012e-6, 2.790e-7, 6.036e-7, 9.602e-7, 3.566e-7
0.316, 6.448e-7, 9.834e-7, 3.386e-7, 6.068e-7, 9.867e-7, 3.799e-7, 7.259e-7, 1.014e-6, 2.885e-7, 5.947e-7, 9.593e-7, 3.646e-7
0.320, 6.367e-7, 9.826e-7, 3.459e-7, 5.990e-7, 9.877e-7, 3.886e-7, 7.196e-7, 1.017e-6, 2.972e-7, 5.870e-7, 9.587e-7, 3.717e-7
0.324, 6.291e-7, 9.826e-7, 3.536e-7, 5.926e-7, 9.896e-7, 3.970e-7, 7.145e-7, 1.020e-6, 3.059e-7, 5.798e-7, 9.583e-7, 3.785e-7
0.328, 6.220e-7, 9.821e-7, 3.601e-7, 5.858e-7, 9.909e-7, 4.050e-7, 7.094e-7, 1.023e-6, 3.139e-7, 5.727e-7, 9.577e-7, 3.850e-7
0.332, 6.153e-7, 9.822e-7, 3.669e-7, 5.790e-7, 9.923e-7, 4.133e-7, 7.046e-7, 1.026e-6, 3.217e-7, 5.662e-7, 9.575e-7, 3.912e-7
0.336, 6.096e-7, 9.826e-7, 3.730e-7, 5.733e-7, 9.934e-7, 4.201e-7, 7.011e-7, 1.030e-6, 3.290e-7, 5.608e-7, 9.578e-7, 3.970e-7
0.340, 6.038e-7, 9.826e-7, 3.788e-7, 5.680e-7, 9.951e-7, 4.272e-7, 6.964e-7, 1.033e-6, 3.365e-7, 5.557e-7, 9.578e-7, 4.020e-7
0.344, 5.978e-7, 9.821e-7, 3.843e-7, 5.625e-7, 9.966e-7, 4.341e-7, 6.921e-7, 1.036e-6, 3.438e-7, 5.502e-7, 9.572e-7, 4.070e-7
0.348, 5.932e-7, 9.826e-7, 3.893e-7, 5.571e-7, 9.975e-7, 4.403e-7, 6.894e-7, 1.039e-6, 3.501e-7, 5.461e-7, 9.575e-7, 4.114e-7
0.352, 5.885e-7, 9.827e-7, 3.942e-7, 5.526e-7, 9.988e-7, 4.462e-7, 6.857e-7, 1.042e-6, 3.564e-7, 5.407e-7, 9.568e-7, 4.161e-7
0.356, 5.838e-7, 9.826e-7, 3.987e-7, 5.482e-7, 9.999e-7, 4.518e-7, 6.824e-7, 1.045e-6, 3.626e-7, 5.368e-7, 9.569e-7, 4.201e-7
0.360, 5.794e-7, 9.827e-7, 4.033e-7, 5.435e-7, 1.001e-6, 4.574e-7, 6.790e-7, 1.048e-6, 3.688e-7, 5.322e-7, 9.562e-7, 4.240e-7
0.364, 5.753e-7, 9.828e-7, 4.075e-7, 5.394e-7, 1.002e-6, 4.626e-7, 6.763e-7, 1.051e-6, 3.742e-7, 5.281e-7, 9.561e-7, 4.280e-7
0.368, 5.714e-7, 9.830e-7, 4.117e-7, 5.352e-7, 1.003e-6, 4.679e-7, 6.734e-7, 1.053e-6, 3.799e-7, 5.246e-7, 9.561e-7, 4.315e-7
0.372, 5.676e-7, 9.828e-7, 4.152e-7, 5.309e-7, 1.003e-6, 4.725e-7, 6.700e-7, 1.055e-6, 3.853e-7, 5.209e-7, 9.555e-7, 4.346e-7
0.376, 5.645e-7, 9.828e-7, 4.184e-7, 5.276e-7, 1.005e-6, 4.770e-7, 6.673e-7, 1.058e-6, 3.902e-7, 5.181e-7, 9.557e-7, 4.376e-7
0.380, 5.607e-7, 9.828e-7, 4.221e-7, 5.232e-7, 1.005e-6, 4.814e-7, 6.648e-7, 1.060e-6, 3.952e-7, 5.148e-7, 9.549e-7, 4.401e-7
0.384, 5.572e-7, 9.825e-7, 4.252e-7, 5.201e-7, 1.005e-6, 4.853e-7, 6.614e-7, 1.061e-6, 3.999e-7, 5.115e-7, 9.546e-7, 4.431e-7
0.388, 5.556e-7, 9.834e-7, 4.278e-7, 5.176e-7, 1.006e-6, 4.889e-7, 6.603e-7, 1.064e-6, 4.040e-7, 5.106e-7, 9.555e-7, 4.449e-7
0.392, 5.525e-7, 9.831e-7, 4.306e-7, 5.143e-7, 1.007e-6, 4.922e-7, 6.578e-7, 1.066e-6, 4.081e-7, 5.078e-7, 9.550e-7, 4.472e-7
0.396, 5.500e-7, 9.833e-7, 4.333e-7, 5.106e-7, 1.007e-6, 4.961e-7, 6.546e-7, 1.067e-6, 4.126e-7, 5.052e-7, 9.549e-7, 4.497e-7
0.400, 5.480e-7, 9.835e-7, 4.355e-7, 5.078e-7, 1.007e-6, 4.992e-7, 6.527e-7, 1.069e-6, 4.163e-7, 5.033e-7, 9.546e-7, 4.513e-7
0.404, 5.462e-7, 9.838e-7, 4.377e-7, 5.059e-7, 1.008e-6, 5.018e-7, 6.505e-7, 1.070e-6, 4.197e-7, 5.020e-7, 9.547e-7, 4.528e-7
0.408, 5.450e-7, 9.843e-7, 4.393e-7, 5.033e-7, 1.008e-6, 5.047e-7, 6.488e-7, 1.072e-6, 4.231e-7, 5.004e-7, 9.551e-7, 4.546e-7
0.412, 5.431e-7, 9.845e-7, 4.415e-7, 5.014e-7, 1.009e-6, 5.072e-7, 6.464e-7, 1.073e-6, 4.265e-7, 4.992e-7, 9.551e-7, 4.559e-7
0.416, 5.417e-7, 9.850e-7, 4.433e-7, 4.989e-7, 1.009e-6, 5.096e-7, 6.448e-7, 1.074e-6, 4.294e-7, 4.984e-7, 9.558e-7, 4.574e-7
0.420, 5.410e-7, 9.858e-7, 4.448e-7, 4.977e-7, 1.009e-6, 5.115e-7, 6.428e-7, 1.075e-6, 4.326e-7, 4.977e-7, 9.564e-7, 4.586e-7
0.424, 5.407e-7, 9.868e-7, 4.462e-7, 4.969e-7, 1.010e-6, 5.133e-7, 6.418e-7, 1.077e-6, 4.351e-7, 4.985e-7, 9.580e-7, 4.595e-7
0.428, 5.409e-7, 9.886e-7, 4.477e-7, 4.959e-7, 1.011e-6, 5.153e-7, 6.400e-7, 1.078e-6, 4.379e-7, 4.987e-7, 9.594e-7, 4.607e-7
0.432, 5.409e-7, 9.900e-7, 4.492e-7, 4.946e-7, 1.012e-6, 5.178e-7, 6.389e-7, 1.080e-6, 4.406e-7, 4.991e-7, 9.610e-7, 4.619e-7
0.436, 5.415e-7, 9.918e-7, 4.503e-7, 4.942e-7, 1.014e-6, 5.193e-7, 6.379e-7, 1.081e-6, 4.432e-7, 5.001e-7, 9.628e-7, 4.628e-7
0.440, 5.432e-7, 9.943e-7, 4.511e-7, 4.947e-7, 1.015e-6, 5.206e-7, 6.379e-7, 1.083e-6, 4.452e-7, 5.021e-7, 9.656e-7, 4.634e-7
0.444, 5.440e-7, 9.966e-7, 4.525e-7, 4.957e-7, 1.017e-6, 5.216e-7, 6.375e-7, 1.085e-6, 4.472e-7, 5.045e-7, 9.686e-7, 4.640e-7
0.448, 5.471e-7, 1.000e-6, 4.530e-7, 4.972e-7, 1.020e-6, 5.228e-7, 6.372e-7, 1.087e-6, 4.496e-7, 5.070e-7, 9.719e-7, 4.649e-7
0.452, 5.498e-7, 1.004e-6, 4.539e-7, 4.987e-7, 1.023e-6, 5.239e-7, 6.386e-7, 1.090e-6, 4.512e-7, 5.105e-7, 9.759e-7, 4.654e-7
0.456, 5.538e-7, 1.008e-6, 4.543e-7, 5.015e-7, 1.026e-6, 5.245e-7, 6.399e-7, 1.093e-6, 4.527e-7, 5.147e-7, 9.806e-7, 4.660e-7
0.460, 5.569e-7, 1.012e-6, 4.552e-7, 5.043e-7, 1.030e-6, 5.254e-7, 6.406e-7, 1.095e-6, 4.546e-7, 5.189e-7, 9.853e-7, 4.664e-7
0.464, 5.622e-7, 1.018e-6, 4.555e-7, 5.073e-7, 1.034e-6, 5.266e-7, 6.420e-7, 1.099e-6, 4.570e-7, 5.242e-7, 9.912e-7, 4.670e-7
0.468, 5.669e-7, 1.023e-6, 4.566e-7, 5.110e-7, 1.038e-6, 5.272e-7, 6.450e-7, 1.103e-6, 4.578e-7, 5.298e-7, 9.974e-7, 4.676e-7
0.472, 5.732e-7, 1.030e-6, 4.570e-7, 5.164e-7, 1.044e-6, 5.276e-7, 6.480e-7, 1.107e-6, 4.593e-7, 5.367e-7, 1.005e-6, 4.681e-7
0.476, 5.793e-7, 1.037e-6, 4.578e-7, 5.209e-7, 1.050e-6, 5.290e-7, 6.513e-7, 1.112e-6, 4.608e-7, 5.441e-7, 1.013e-6, 4.688e-7
0.480, 5.865e-7, 1.045e-6, 4.585e-7, 5.271e-7, 1.056e-6, 5.294e-7, 6.552e-7, 1.117e-6, 4.622e-7, 5.516e-7, 1.021e-6, 4.696e-7
0.484, 5.942e-7, 1.054e-6, 4.594e-7, 5.331e-7, 1.063e-6, 5.303e-7, 6.590e-7, 1.123e-6, 4.641e-7, 5.599e-7, 1.030e-6, 4.703e-7
0.488, 6.022e-7, 1.063e-6, 4.604e-7, 5.405e-7, 1.071e-6, 5.310e-7, 6.643e-7, 1.130e-6, 4.654e-7, 5.690e-7, 1.040e-6, 4.713e-7
0.492, 6.114e-7, 1.072e-6, 4.610e-7, 5.479e-7, 1.080e-6, 5.321e-7, 6.699e-7, 1.137e-6, 4.668e-7, 5.785e-7, 1.051e-6, 4.723e-7
0.496, 6.208e-7, 1.083e-6, 4.621e-7, 5.569e-7, 1.090e-6, 5.327e-7, 6.761e-7, 1.145e-6, 4.684e-7, 5.891e-7, 1.063e-6, 4.734e-7
0.500, 6.306e-7, 1.094e-6, 4.631e-7, 5.652e-7, 1.099e-6, 5.338e-7, 6.818e-7, 1.152e-6, 4.703e-7, 5.993e-7, 1.074e-6, 4.748e-7
0.504, 6.407e-7, 1.105e-6, 4.645e-7, 5.752e-7, 1.110e-6, 5.345e-7, 6.887e-7, 1.161e-6, 4.718e-7, 6.103e-7, 1.087e-6, 4.764e-7
0.508, 6.507e-7, 1.117e-6, 4.661e-7, 5.843e-7, 1.120e-6, 5.361e-7, 6.959e-7, 1.170e-6, 4.739e-7, 6.211e-7, 1.099e-6, 4.780e-7
0.512, 6.609e-7, 1.129e-6, 4.681e-7, 5.938e-7, 1.131e-6, 5.376e-7, 7.035e-7, 1.179e-6, 4.760e-7, 6.318e-7, 1.112e-6, 4.804e-7
0.516, 6.716e-7, 1.142e-6, 4.701e-7, 6.048e-7, 1.144e-6, 5.390e-7, 7.112e-7, 1.189e-6, 4.782e-7, 6.433e-7, 1.126e-6, 4.825e-7
0.520, 6.819e-7, 1.154e-6, 4.720e-7, 6.146e-7, 1.155e-6, 5.408e-7, 7.192e-7, 1.200e-6, 4.805e-7, 6.540e-7, 1.139e-6, 4.851e-7
0.524, 6.917e-7, 1.167e-6, 4.750e-7, 6.244e-7, 1.168e-6, 5.432e-7, 7.268e-7, 1.210e-6, 4.833e-7, 6.638e-7, 1.152e-6, 4.884e-7
0.528, 7.004e-7, 1.178e-6, 4.781e-7, 6.343e-7, 1.180e-6, 5.460e-7, 7.345e-7, 1.221e-6, 4.861e-7, 6.728e-7, 1.165e-6, 4.921e-7
0.532, 7.093e-7, 1.190e-6, 4.809e-7, 6.433e-7, 1.192e-6, 5.483e-7, 7.417e-7, 1.231e-6, 4.892e-7, 6.820e-7, 1.178e-6, 4.956e-7
0.536, 7.163e-7, 1.202e-6, 4.852e-7, 6.512e-7, 1.203e-6, 5.522e-7, 7.482e-7, 1.241e-6, 4.930e-7, 6.891e-7, 1.189e-6, 5.000e-7
0.540, 7.235e-7, 1.213e-6, 4.891e-7, 6.592e-7, 1.215e-6, 5.556e-7, 7.545e-7, 1.251e-6, 4.969e-7, 6.968e-7, 1.201e-6, 5.043e-7
0.544, 7.288e-7, 1.223e-6, 4.940e-7, 6.661e-7, 1.226e-6, 5.594e-7, 7.599e-7, 1.261e-6, 5.012e-7, 7.011e-7, 1.211e-6, 5.096e-7
0.548, 7.330e-7, 1.232e-6, 4.989e-7, 6.724e-7, 1.236e-6, 5.638e-7, 7.647e-7, 1.270e-6, 5.056e-7, 7.056e-7, 1.221e-6, 5.151e-7
0.552, 7.363e-7, 1.240e-6, 5.040e-7, 6.777e-7, 1.246e-6, 5.681e-7, 7.690e-7, 1.279e-6, 5.103e-7, 7.081e-7, 1.229e-6, 5.207e-7
0.556, 7.381e-7, 1.248e-6, 5.094e-7, 6.806e-7, 1.254e-6, 5.732e-7, 7.716e-7, 1.287e-6, 5.157e-7, 7.088e-7, 1.236e-6, 5.272e-7
0.560, 7.382e-7, 1.254e-6, 5.157e-7, 6.826e-7, 1.262e-6, 5.790e-7, 7.729e-7, 1.294e-6, 5.215e-7, 7.086e-7, 1.242e-6, 5.336e-7
0.564, 7.371e-7, 1.259e-6, 5.222e-7, 6.838e-7, 1.268e-6, 5.845e-7, 7.733e-7, 1.301e-6, 5.274e-7, 7.061e-7, 1.247e-6, 5.408e-7
0.568, 7.351e-7, 1.264e-6, 5.287e-7, 6.831e-7, 1.274e-6, 5.909e-7, 7.732e-7, 1.307e-6, 5.337e-7, 7.032e-7, 1.251e-6, 5.480e-7
0.572, 7.310e-7, 1.267e-6, 5.359e-7, 6.810e-7, 1.279e-6, 5.977e-7, 7.710e-7, 1.311e-6, 5.404e-7, 6.977e-7, 1.253e-6, 5.557e-7
0.576, 7.255e-7, 1.269e-6, 5.433e-7, 6.782e-7, 1.282e-6, 6.042e-7, 7.683e-7, 1.315e-6, 5.470e-7, 6.915e-7, 1.255e-6, 5.636e-7
0.580, 7.198e-7, 1.270e-6, 5.505e-7, 6.736e-7, 1.285e-6, 6.115e-7, 7.643e-7, 1.318e-6, 5.539e-7, 6.842e-7, 1.255e-6, 5.711e-7
0.584, 7.131e-7, 1.271e-6, 5.577e-7, 6.683e-7, 1.287e-6, 6.182e-7, 7.590e-7, 1.320e-6, 5.612e-7, 6.758e-7, 1.255e-6, 5.789e-7
0.588, 7.040e-7, 1.270e-6, 5.657e-7, 6.608e-7, 1.287e-6, 6.262e-7, 7.526e-7, 1.321e-6, 5.687e-7, 6.655e-7, 1.253e-6, 5.877e-7
0.592, 6.962e-7, 1.269e-6, 5.730e-7, 6.541e-7, 1.287e-6, 6.331e-7, 7.453e-7, 1.322e-6, 5.765e-7, 6.561e-7, 1.251e-6, 5.954e-7
0.596, 6.863e-7, 1.267e-6, 5.806e-7, 6.450e-7, 1.286e-6, 6.406e-7, 7.376e-7, 1.321e-6, 5.837e-7, 6.454e-7, 1.249e-6, 6.032e-7
0.600, 6.767e-7, 1.265e-6, 5.879e-7, 6.356e-7, 1.284e-6, 6.483e-7, 7.285e-7, 1.320e-6, 5.917e-7, 6.340e-7, 1.245e-6, 6.110e-7
0.604, 6.660e-7, 1.261e-6, 5.952e-7, 6.262e-7, 1.282e-6, 6.554e-7, 7.195e-7, 1.318e-6, 5.988e-7, 6.229e-7, 1.241e-6, 6.183e-7
0.608, 6.558e-7, 1.258e-6, 6.023e-7, 6.163e-7, 1.279e-6, 6.625e-7, 7.097e-7, 1.316e-6, 6.062e-7, 6.110e-7, 1.237e-6, 6.259e-7
0.612, 6.448e-7, 1.254e-6, 6.091e-7, 6.054e-7, 1.275e-6, 6.696e-7, 6.991e-7, 1.313e-6, 6.136e-7, 5.997e-7, 1.232e-6, 6.325e-7
0.616, 6.348e-7, 1.250e-6, 6.155e-7, 5.952e-7, 1.271e-6, 6.761e-7, 6.895e-7, 1.310e-6, 6.205e-7, 5.882e-7, 1.227e-6, 6.391e-7
0.620, 6.238e-7, 1.246e-6, 6.218e-7, 5.844e-7, 1.267e-6, 6.825e-7, 6.786e-7, 1.306e-6, 6.271e-7, 5.769e-7, 1.222e-6, 6.451e-7
0.624, 6.133e-7, 1.241e-6, 6.278e-7, 5.734e-7, 1.262e-6, 6.887e-7, 6.681e-7, 1.302e-6, 6.337e-7, 5.659e-7, 1.217e-6, 6.512e-7
0.628, 6.038e-7, 1.237e-6, 6.328e-7, 5.637e-7, 1.258e-6, 6.942e-7, 6.580e-7, 1.298e-6, 6.396e-7, 5.558e-7, 1.212e-6, 6.563e-7
0.632, 5.937e-7, 1.232e-6, 6.383e-7, 5.534e-7, 1.253e-6, 6.998e-7, 6.476e-7, 1.293e-6, 6.456e-7, 5.452e-7, 1.207e-6, 6.618e-7
0.636, 5.847e-7, 1.228e-6, 6.432e-7, 5.429e-7, 1.248e-6, 7.054e-7, 6.374e-7, 1.289e-6, 6.515e-7, 5.356e-7, 1.202e-6, 6.666e-7
0.640, 5.751e-7, 1.223e-6, 6.480e-7, 5.337e-7, 1.244e-6, 7.100e-7, 6.273e-7, 1.284e-6, 6.567e-7, 5.265e-7, 1.197e-6, 6.709e-7
0.644, 5.672e-7, 1.219e-6, 6.518e-7, 5.246e-7, 1.239e-6, 7.140e-7, 6.184e-7, 1.280e-6, 6.612e-7, 5.180e-7, 1.192e-6, 6.744e-7
0.648, 5.598e-7, 1.215e-6, 6.551e-7, 5.161e-7, 1.234e-6, 7.181e-7, 6.097e-7, 1.275e-6, 6.657e-7, 5.106e-7, 1.188e-6, 6.776e-7
0.652, 5.523e-7, 1.211e-6, 6.586e-7, 5.076e-7, 1.229e-6, 7.218e-7, 6.014e-7, 1.271e-6, 6.697e-7, 5.029e-7, 1.184e-6, 6.809e-7
0.656, 5.455e-7, 1.207e-6, 6.615e-7, 5.004e-7, 1.225e-6, 7.249e-7, 5.929e-7, 1.267e-6, 6.738e-7, 4.964e-7, 1.180e-6, 6.837e-7
0.660, 5.402e-7, 1.204e-6, 6.639e-7, 4.938e-7, 1.221e-6, 7.276e-7, 5.853e-7, 1.262e-6, 6.771e-7, 4.902e-7, 1.176e-6, 6.862e-7
0.664, 5.337e-7, 1.200e-6, 6.665e-7, 4.871e-7, 1.217e-6, 7.302e-7, 5.789e-7, 1.259e-6, 6.802e-7, 4.850e-7, 1.173e-6, 6.881e-7
0.668, 5.286e-7, 1.198e-6, 6.691e-7, 4.810e-7, 1.214e-6, 7.325e-7, 5.729e-7, 1.256e-6, 6.830e-7, 4.798e-7, 1.170e-6, 6.903e-7
0.672, 5.243e-7, 1.195e-6, 6.706e-7, 4.756e-7, 1.210e-6, 7.343e-7, 5.664e-7, 1.252e-6, 6.857e-7, 4.758e-7, 1.168e-6, 6.917e-7
0.676, 5.201e-7, 1.193e-6, 6.726e-7, 4.705e-7, 1.207e-6, 7.364e-7, 5.611e-7, 1.249e-6, 6.879e-7, 4.719e-7, 1.165e-6, 6.934e-7
0.680, 5.169e-7, 1.191e-6, 6.741e-7, 4.667e-7, 1.204e-6, 7.376e-7, 5.564e-7, 1.247e-6, 6.903e-7, 4.694e-7, 1.164e-6, 6.947e-7
0.684, 5.139e-7, 1.189e-6, 6.755e-7, 4.627e-7, 1.202e-6, 7.392e-7, 5.519e-7, 1.244e-6, 6.923e-7, 4.666e-7, 1.162e-6, 6.958e-7
0.688, 5.119e-7, 1.188e-6, 6.764e-7, 4.596e-7, 1.200e-6, 7.404e-7, 5.482e-7, 1.242e-6, 6.941e-7, 4.648e-7, 1.162e-6, 6.968e-7
0.692, 5.101e-7, 1.187e-6, 6.774e-7, 4.574e-7, 1.199e-6, 7.412e-7, 5.456e-7, 1.241e-6, 6.956e-7, 4.633e-7, 1.161e-6, 6.978e-7
0.696, 5.086e-7, 1.187e-6, 6.787e-7, 4.551e-7, 1.197e-6, 7.421e-7, 5.436e-7, 1.241e-6, 6.970e-7, 4.631e-7, 1.162e-6, 6.986e-7
0.700, 5.079e-7, 1.188e-6, 6.798e-7, 4.532e-7, 1.197e-6, 7.435e-7, 5.416e-7, 1.240e-6, 6.985e-7, 4.630e-7, 1.162e-6, 6.992e-7
0.704, 5.081e-7, 1.188e-6, 6.804e-7, 4.523e-7, 1.196e-6, 7.438e-7, 5.403e-7, 1.240e-6, 6.999e-7, 4.637e-7, 1.164e-6, 6.999e-7
0.708, 5.085e-7, 1.190e-6, 6.812e-7, 4.522e-7, 1.197e-6, 7.444e-7, 5.398e-7, 1.241e-6, 7.011e-7, 4.644e-7, 1.165e-6, 7.008e-7
0.712, 5.100e-7, 1.192e-6, 6.817e-7, 4.528e-7, 1.198e-6, 7.447e-7, 5.401e-7, 1.242e-6, 7.021e-7, 4.667e-7, 1.168e-6, 7.015e-7
0.716, 5.110e-7, 1.194e-6, 6.832e-7, 4.534e-7, 1.199e-6, 7.455e-7, 5.414e-7, 1.245e-6, 7.031e-7, 4.693e-7, 1.171e-6, 7.020e-7
0.720, 5.141e-7, 1.198e-6, 6.837e-7, 4.555e-7, 1.202e-6, 7.461e-7, 5.431e-7, 1.247e-6, 7.044e-7, 4.732e-7, 1.176e-6, 7.026e-7
0.724, 5.178e-7, 1.202e-6, 6.843e-7, 4.586e-7, 1.205e-6, 7.462e-7, 5.459e-7, 1.251e-6, 7.052e-7, 4.775e-7, 1.181e-6, 7.032e-7
0.728, 5.217e-7, 1.207e-6, 6.851e-7, 4.613e-7, 1.209e-6, 7.472e-7, 5.492e-7, 1.256e-6, 7.069e-7, 4.826e-7, 1.187e-6, 7.042e-7
0.732, 5.272e-7, 1.213e-6, 6.859e-7, 4.652e-7, 1.213e-6, 7.476e-7, 5.533e-7, 1.261e-6, 7.081e-7, 4.886e-7, 1.194e-6, 7.050e-7
0.736, 5.335e-7, 1.220e-6, 6.864e-7, 4.706e-7, 1.219e-6, 7.481e-7, 5.592e-7, 1.268e-6, 7.089e-7, 4.961e-7, 1.202e-6, 7.059e-7
0.740, 5.397e-7, 1.228e-6, 6.882e-7, 4.761e-7, 1.225e-6, 7.490e-7, 5.654e-7, 1.276e-6, 7.108e-7, 5.040e-7, 1.211e-6, 7.072e-7
0.744, 5.478e-7, 1.237e-6, 6.893e-7, 4.829e-7, 1.233e-6, 7.500e-7, 5.734e-7, 1.285e-6, 7.120e-7, 5.132e-7, 1.221e-6, 7.083e-7
0.748, 5.566e-7, 1.247e-6, 6.908e-7, 4.905e-7, 1.242e-6, 7.510e-7, 5.821e-7, 1.296e-6, 7.139e-7, 5.233e-7, 1.233e-6, 7.100e-7
0.752, 5.668e-7, 1.259e-6, 6.925e-7, 4.994e-7, 1.252e-6, 7.523e-7, 5.918e-7, 1.308e-6, 7.161e-7, 5.351e-7, 1.247e-6, 7.117e-7
0.756, 5.788e-7, 1.272e-6, 6.937e-7, 5.094e-7, 1.263e-6, 7.535e-7, 6.029e-7, 1.321e-6, 7.182e-7, 5.478e-7, 1.261e-6, 7.136e-7
0.760, 5.906e-7, 1.287e-6, 6.963e-7, 5.207e-7, 1.276e-6, 7.553e-7, 6.154e-7, 1.337e-6, 7.211e-7, 5.620e-7, 1.278e-6, 7.157e-7
0.764, 6.046e-7, 1.303e-6, 6.984e-7, 5.330e-7, 1.290e-6, 7.573e-7, 6.292e-7, 1.353e-6, 7.239e-7, 5.775e-7, 1.296e-6, 7.183e-7
0.768, 6.192e-7, 1.321e-6, 7.013e-7, 5.462e-7, 1.306e-6, 7.596e-7, 6.449e-7, 1.372e-6, 7.268e-7, 5.946e-7, 1.316e-6, 7.211e-7
0.772, 6.364e-7, 1.340e-6, 7.041e-7, 5.615e-7, 1.324e-6, 7.623e-7, 6.617e-7, 1.392e-6, 7.305e-7, 6.129e-7, 1.338e-6, 7.249e-7
0.776, 6.538e-7, 1.362e-6, 7.083e-7, 5.777e-7, 1.343e-6, 7.651e-7, 6.805e-7, 1.415e-6, 7.347e-7, 6.334e-7, 1.362e-6, 7.290e-7
0.780, 6.731e-7, 1.385e-6, 7.122e-7, 5.957e-7, 1.364e-6, 7.687e-7, 7.013e-7, 1.441e-6, 7.393e-7, 6.545e-7, 1.388e-6, 7.335e-7
0.784, 6.948e-7, 1.411e-6, 7.167e-7, 6.147e-7, 1.388e-6, 7.729e-7, 7.232e-7, 1.468e-6, 7.447e-7, 6.775e-7, 1.416e-6, 7.389e-7
0.788, 7.176e-7, 1.440e-6, 7.219e-7, 6.353e-7, 1.413e-6, 7.775e-7, 7.477e-7, 1.498e-6, 7.504e-7, 7.043e-7, 1.448e-6, 7.441e-7
0.792, 7.419e-7, 1.470e-6, 7.280e-7, 6.584e-7, 1.441e-6, 7.825e-7, 7.738e-7, 1.531e-6, 7.573e-7, 7.303e-7, 1.482e-6, 7.513e-7
0.796, 7.686e-7, 1.503e-6, 7.345e-7, 6.830e-7, 1.471e-6, 7.885e-7, 8.022e-7, 1.567e-6, 7.649e-7, 7.602e-7, 1.519e-6, 7.584e-7
0.800, 7.968e-7, 1.539e-6, 7.420e-7, 7.084e-7, 1.504e-6, 7.954e-7, 8.326e-7, 1.606e-6, 7.734e-7, 7.914e-7, 1.558e-6, 7.669e-7
