0.899, -1.955e-5, -1.544e-6, -2.039e-5, -1.583e-6, -2.055e-5, -1.334e-6, -1.686e-5, -1.164e-6
0.898, -1.683e-5, -2.159e-6, -1.759e-5, -2.130e-6, -1.758e-5, -2.037e-6, -1.447e-5, -1.806e-6
0.897, -1.550e-5, -2.454e-6, -1.622e-5, -2.404e-6, -1.616e-5, -2.358e-6, -1.331e-5, -2.098e-6
0.896, -1.458e-5, -2.628e-6, -1.528e-5, -2.576e-6, -1.525e-5, -2.555e-6, -1.257e-5, -2.272e-6
0.895, -1.386e-5, -2.736e-6, -1.457e-5, -2.698e-6, -1.455e-5, -2.685e-6, -1.199e-5, -2.383e-6
0.894, -1.326e-5, -2.814e-6, -1.396e-5, -2.783e-6, -1.395e-5, -2.783e-6, -1.151e-5, -2.470e-6
0.893, -1.268e-5, -2.859e-6, -1.338e-5, -2.849e-6, -1.345e-5, -2.857e-6, -1.108e-5, -2.514e-6
0.892, -1.217e-5, -2.893e-6, -1.285e-5, -2.889e-6, -1.296e-5, -2.899e-6, -1.069e-5, -2.550e-6
0.891, -1.167e-5, -2.896e-6, -1.234e-5, -2.909e-6, -1.249e-5, -2.931e-6, -1.033e-5, -2.556e-6
0.890, -1.120e-5, -2.890e-6, -1.187e-5, -2.910e-6, -1.207e-5, -2.934e-6, -9.965e-6, -2.558e-6
0.889, -1.077e-5, -2.863e-6, -1.143e-5, -2.893e-6, -1.165e-5, -2.927e-6, -9.631e-6, -2.541e-6
0.888, -1.033e-5, -2.810e-6, -1.099e-5, -2.864e-6, -1.127e-5, -2.917e-6, -9.304e-6, -2.505e-6
0.887, -9.941e-6, -2.764e-6, -1.061e-5, -2.813e-6, -1.090e-5, -2.872e-6, -8.997e-6, -2.471e-6
0.886, -9.577e-6, -2.691e-6, -1.022e-5, -2.757e-6, -1.053e-5, -2.832e-6, -8.717e-6, -2.419e-6
0.885, -9.200e-6, -2.629e-6, -9.864e-6, -2.687e-6, -1.021e-5, -2.774e-6, -8.428e-6, -2.364e-6
0.884, -8.885e-6, -2.553e-6, -9.523e-6, -2.620e-6, -9.872e-6, -2.702e-6, -8.163e-6, -2.295e-6
0.883, -8.568e-6, -2.470e-6, -9.202e-6, -2.533e-6, -9.586e-6, -2.638e-6, -7.918e-6, -2.232e-6
0.882, -8.267e-6, -2.392e-6, -8.876e-6, -2.453e-6, -9.288e-6, -2.561e-6, -7.687e-6, -2.170e-6
0.881, -8.009e-6, -2.308e-6, -8.634e-6, -2.377e-6, -9.022e-6, -2.481e-6, -7.455e-6, -2.098e-6
0.880, -7.741e-6, -2.230e-6, -8.362e-6, -2.290e-6, -8.763e-6, -2.406e-6, -7.241e-6, -2.024e-6
0.879, -7.513e-6, -2.149e-6, -8.111e-6, -2.214e-6, -8.514e-6, -2.329e-6, -7.035e-6, -1.952e-6
0.878, -7.275e-6, -2.072e-6, -7.881e-6, -2.123e-6, -8.292e-6, -2.247e-6, -6.842e-6, -1.891e-6
0.877, -7.069e-6, -1.996e-6, -7.670e-6, -2.054e-6, -8.090e-6, -2.173e-6, -6.663e-6, -1.819e-6
0.876, -6.865e-6, -1.925e-6, -7.489e-6, -1.961e-6, -7.881e-6, -2.097e-6, -6.484e-6, -1.768e-6
0.875, -6.696e-6, -1.863e-6, -7.287e-6, -1.899e-6, -7.671e-6, -2.019e-6, -6.321e-6, -1.697e-6
0.874, -6.516e-6, -1.789e-6, -7.108e-6, -1.830e-6, -7.508e-6, -1.950e-6, -6.174e-6, -1.637e-6
0.873, -6.357e-6, -1.725e-6, -6.953e-6, -1.769e-6, -7.335e-6, -1.886e-6, -6.026e-6, -1.574e-6
0.872, -6.202e-6, -1.663e-6, -6.804e-6, -1.693e-6, -7.184e-6, -1.819e-6, -5.875e-6, -1.521e-6
0.871, -6.065e-6, -1.609e-6, -6.644e-6, -1.641e-6, -7.009e-6, -1.756e-6, -5.762e-6, -1.474e-6
0.870, -5.932e-6, -1.559e-6, -6.518e-6, -1.581e-6, -6.879e-6, -1.697e-6, -5.639e-6, -1.420e-6
0.869, -5.814e-6, -1.504e-6, -6.387e-6, -1.529e-6, -6.730e-6, -1.641e-6, -5.534e-6, -1.377e-6
0.868, -5.700e-6, -1.449e-6, -6.261e-6, -1.482e-6, -6.609e-6, -1.592e-6, -5.421e-6, -1.326e-6
0.867, -5.573e-6, -1.411e-6, -6.145e-6, -1.436e-6, -6.508e-6, -1.538e-6, -5.313e-6, -1.283e-6
0.866, -5.464e-6, -1.375e-6, -6.059e-6, -1.388e-6, -6.393e-6, -1.481e-6, -5.205e-6, -1.245e-6
0.865, -5.377e-6, -1.328e-6, -5.939e-6, -1.342e-6, -6.267e-6, -1.448e-6, -5.123e-6, -1.215e-6
0.864, -5.284e-6, -1.283e-6, -5.839e-6, -1.305e-6, -6.164e-6, -1.402e-6, -5.042e-6, -1.177e-6
0.863, -5.208e-6, -1.260e-6, -5.763e-6, -1.267e-6, -6.057e-6, -1.360e-6, -4.941e-6, -1.143e-6
0.862, -5.125e-6, -1.216e-6, -5.674e-6, -1.226e-6, -5.970e-6, -1.326e-6, -4.862e-6, -1.116e-6
0.861, -5.022e-6, -1.193e-6, -5.578e-6, -1.199e-6, -5.901e-6, -1.281e-6, -4.796e-6, -1.080e-6
0.860, -4.941e-6, -1.165e-6, -5.507e-6, -1.154e-6, -5.809e-6, -1.252e-6, -4.721e-6, -1.064e-6
0.859, -4.888e-6, -1.136e-6, -5.441e-6, -1.142e-6, -5.722e-6, -1.221e-6, -4.646e-6, -1.021e-6
0.858, -4.813e-6, -1.106e-6, -5.379e-6, -1.103e-6, -5.650e-6, -1.192e-6, -4.577e-6, -1.007e-6
0.857, -4.754e-6, -1.087e-6, -5.328e-6, -1.089e-6, -5.573e-6, -1.159e-6, -4.513e-6, -9.795e-7
0.856, -4.710e-6, -1.059e-6, -5.247e-6, -1.056e-6, -5.495e-6, -1.141e-6, -4.457e-6, -9.655e-7
0.855, -4.648e-6, -1.043e-6, -5.169e-6, -1.039e-6, -5.430e-6, -1.105e-6, -4.419e-6, -9.415e-7
0.854, -4.593e-6, -1.021e-6, -5.127e-6, -1.019e-6, -5.360e-6, -1.081e-6, -4.353e-6, -9.085e-7
0.853, -4.531e-6, -1.010e-6, -5.075e-6, -9.971e-7, -5.303e-6, -1.051e-6, -4.289e-6, -8.937e-7
0.852, -4.468e-6, -9.681e-7, -5.024e-6, -9.729e-7, -5.258e-6, -1.047e-6, -4.250e-6, -8.782e-7
0.851, -4.444e-6, -9.624e-7, -4.982e-6, -9.510e-7, -5.183e-6, -1.019e-6, -4.204e-6, -8.591e-7
0.850, -4.377e-6, -9.415e-7, -4.927e-6, -9.391e-7, -5.147e-6, -9.999e-7, -4.152e-6, -8.422e-7
0.849, -4.350e-6, -9.295e-7, -4.875e-6, -9.191e-7, -5.098e-6, -9.771e-7, -4.131e-6, -8.317e-7
0.848, -4.304e-6, -9.223e-7, -4.853e-6, -9.058e-7, -5.052e-6, -9.512e-7, -4.080e-6, -8.116e-7
0.847, -4.271e-6, -8.957e-7, -4.792e-6, -8.823e-7, -4.994e-6, -9.486e-7, -4.043e-6, -8.016e-7
0.846, -4.235e-6, -8.898e-7, -4.763e-6, -8.713e-7, -4.959e-6, -9.303e-7, -3.997e-6, -7.875e-7
0.845, -4.209e-6, -8.743e-7, -4.723e-6, -8.622e-7, -4.909e-6, -9.084e-7, -3.958e-6, -7.710e-7
0.844, -4.170e-6, -8.698e-7, -4.688e-6, -8.529e-7, -4.887e-6, -8.938e-7, -3.931e-6, -7.599e-7
0.843, -4.115e-6, -8.456e-7, -4.659e-6, -8.404e-7, -4.849e-6, -8.870e-7, -3.901e-6, -7.454e-7
0.842, -4.109e-6, -8.348e-7, -4.621e-6, -8.254e-7, -4.789e-6, -8.742e-7, -3.867e-6, -7.408e-7
0.841, -4.075e-6, -8.294e-7, -4.594e-6, -8.152e-7, -4.762e-6, -8.563e-7, -3.835e-6, -7.250e-7
0.840, -4.032e-6, -8.166e-7, -4.554e-6, -7.955e-7, -4.748e-6, -8.545e-7, -3.819e-6, -7.180e-7
0.839, -4.019e-6, -8.069e-7, -4.547e-6, -7.930e-7, -4.710e-6, -8.417e-7, -3.780e-6, -7.067e-7
0.838, -3.992e-6, -7.956e-7, -4.514e-6, -7.833e-7, -4.673e-6, -8.260e-7, -3.759e-6, -6.967e-7
0.837, -3.964e-6, -7.939e-7, -4.495e-6, -7.704e-7, -4.648e-6, -8.163e-7, -3.743e-6, -6.904e-7
0.836, -3.946e-6, -7.804e-7, -4.466e-6, -7.622e-7, -4.626e-6, -8.049e-7, -3.728e-6, -6.815e-7
0.835, -3.930e-6, -7.724e-7, -4.443e-6, -7.421e-7, -4.593e-6, -7.902e-7, -3.700e-6, -6.830e-7
0.834, -3.904e-6, -7.635e-7, -4.430e-6, -7.450e-7, -4.577e-6, -7.887e-7, -3.677e-6, -6.712e-7
0.833, -3.897e-6, -7.558e-7, -4.402e-6, -7.367e-7, -4.550e-6, -7.750e-7, -3.662e-6, -6.594e-7
0.832, -3.886e-6, -7.468e-7, -4.386e-6, -7.304e-7, -4.514e-6, -7.636e-7, -3.635e-6, -6.491e-7
0.831, -3.874e-6, -7.394e-7, -4.364e-6, -7.141e-7, -4.500e-6, -7.614e-7, -3.632e-6, -6.476e-7
0.830, -3.837e-6, -7.297e-7, -4.357e-6, -7.078e-7, -4.482e-6, -7.470e-7, -3.608e-6, -6.459e-7
0.829, -3.834e-6, -7.300e-7, -4.342e-6, -6.984e-7, -4.455e-6, -7.411e-7, -3.587e-6, -6.301e-7
0.828, -3.816e-6, -7.207e-7, -4.321e-6, -6.963e-7, -4.447e-6, -7.346e-7, -3.595e-6, -6.307e-7
0.827, -3.819e-6, -7.135e-7, -4.303e-6, -6.926e-7, -4.422e-6, -7.327e-7, -3.568e-6, -6.213e-7
0.826, -3.791e-6, -7.058e-7, -4.298e-6, -6.790e-7, -4.419e-6, -7.129e-7, -3.540e-6, -6.178e-7
0.825, -3.781e-6, -7.026e-7, -4.285e-6, -6.666e-7, -4.385e-6, -7.144e-7, -3.537e-6, -6.146e-7
0.824, -3.773e-6, -6.979e-7, -4.263e-6, -6.581e-7, -4.379e-6, -7.062e-7, -3.531e-6, -6.072e-7
0.823, -3.755e-6, -6.926e-7, -4.256e-6, -6.632e-7, -4.371e-6, -7.009e-7, -3.511e-6, -5.916e-7
0.822, -3.753e-6, -6.794e-7, -4.255e-6, -6.541e-7, -4.345e-6, -6.945e-7, -3.501e-6, -5.888e-7
0.821, -3.724e-6, -6.817e-7, -4.235e-6, -6.532e-7, -4.361e-6, -6.804e-7, -3.481e-6, -5.884e-7
0.820, -3.719e-6, -6.747e-7, -4.233e-6, -6.440e-7, -4.345e-6, -6.770e-7, -3.491e-6, -5.824e-7
0.819, -3.715e-6, -6.712e-7, -4.233e-6, -6.440e-7, -4.330e-6, -6.766e-7, -3.453e-6, -5.715e-7
0.818, -3.714e-6, -6.621e-7, -4.210e-6, -6.359e-7, -4.313e-6, -6.727e-7, -3.465e-6, -5.741e-7
0.817, -3.711e-6, -6.689e-7, -4.227e-6, -6.307e-7, -4.287e-6, -6.652e-7, -3.445e-6, -5.664e-7
0.816, -3.703e-6, -6.651e-7, -4.207e-6, -6.221e-7, -4.297e-6, -6.492e-7, -3.449e-6, -5.639e-7
0.815, -3.698e-6, -6.467e-7, -4.189e-6, -6.269e-7, -4.280e-6, -6.576e-7, -3.454e-6, -5.577e-7
0.814, -3.702e-6, -6.437e-7, -4.194e-6, -6.170e-7, -4.255e-6, -6.448e-7, -3.435e-6, -5.590e-7
0.813, -3.687e-6, -6.408e-7, -4.197e-6, -6.166e-7, -4.270e-6, -6.371e-7, -3.423e-6, -5.504e-7
0.812, -3.688e-6, -6.414e-7, -4.185e-6, -6.079e-7, -4.257e-6, -6.399e-7, -3.436e-6, -5.488e-7
0.811, -3.685e-6, -6.329e-7, -4.181e-6, -6.074e-7, -4.242e-6, -6.375e-7, -3.415e-6, -5.439e-7
0.810, -3.681e-6, -6.326e-7, -4.168e-6, -6.057e-7, -4.247e-6, -6.327e-7, -3.416e-6, -5.433e-7
0.809, -3.672e-6, -6.196e-7, -4.172e-6, -6.032e-7, -4.249e-6, -6.351e-7, -3.411e-6, -5.349e-7
0.808, -3.676e-6, -6.244e-7, -4.171e-6, -5.968e-7, -4.240e-6, -6.221e-7, -3.417e-6, -5.320e-7
0.807, -3.676e-6, -6.168e-7, -4.178e-6, -5.978e-7, -4.246e-6, -6.222e-7, -3.410e-6, -5.330e-7
0.806, -3.682e-6, -6.212e-7, -4.176e-6, -5.917e-7, -4.222e-6, -6.088e-7, -3.393e-6, -5.253e-7
0.805, -3.669e-6, -6.211e-7, -4.174e-6, -5.893e-7, -4.226e-6, -6.078e-7, -3.393e-6, -5.278e-7
0.804, -3.675e-6, -6.244e-7, -4.163e-6, -5.825e-7, -4.220e-6, -5.998e-7, -3.408e-6, -5.167e-7
0.803, -3.682e-6, -6.083e-7, -4.169e-6, -5.792e-7, -4.225e-6, -6.055e-7, -3.409e-6, -5.243e-7
0.802, -3.682e-6, -6.028e-7, -4.174e-6, -5.795e-7, -4.223e-6, -6.017e-7, -3.396e-6, -5.156e-7
0.801, -3.683e-6, -6.045e-7, -4.166e-6, -5.685e-7, -4.213e-6, -5.932e-7, -3.418e-6, -5.192e-7
0.800, -3.685e-6, -6.037e-7, -4.176e-6, -5.711e-7, -4.214e-6, -5.955e-7, -3.400e-6, -5.126e-7
0.799, -3.670e-6, -5.942e-7, -4.186e-6, -5.690e-7, -4.218e-6, -5.932e-7, -3.396e-6, -5.110e-7
0.798, -3.683e-6, -5.912e-7, -4.187e-6, -5.579e-7, -4.209e-6, -5.896e-7, -3.378e-6, -5.137e-7
0.797, -3.689e-6, -5.900e-7, -4.195e-6, -5.675e-7, -4.216e-6, -5.797e-7, -3.386e-6, -5.052e-7
0.796, -3.686e-6, -5.894e-7, -4.185e-6, -5.675e-7, -4.226e-6, -5.843e-7, -3.401e-6, -4.992e-7
0.795, -3.680e-6, -5.835e-7, -4.187e-6, -5.677e-7, -4.212e-6, -5.866e-7, -3.395e-6, -5.014e-7
0.794, -3.698e-6, -5.843e-7, -4.200e-6, -5.501e-7, -4.226e-6, -5.790e-7, -3.393e-6, -5.061e-7
0.793, -3.694e-6, -5.780e-7, -4.193e-6, -5.578e-7, -4.219e-6, -5.723e-7, -3.405e-6, -4.887e-7
0.792, -3.698e-6, -5.799e-7, -4.196e-6, -5.548e-7, -4.225e-6, -5.780e-7, -3.401e-6, -4.924e-7
0.791, -3.724e-6, -5.733e-7, -4.207e-6, -5.465e-7, -4.213e-6, -5.686e-7, -3.398e-6, -4.977e-7
0.790, -3.708e-6, -5.729e-7, -4.204e-6, -5.527e-7, -4.214e-6, -5.685e-7, -3.408e-6, -4.892e-7
0.789, -3.704e-6, -5.761e-7, -4.218e-6, -5.494e-7, -4.229e-6, -5.664e-7, -3.407e-6, -4.862e-7
0.788, -3.700e-6, -5.809e-7, -4.224e-6, -5.405e-7, -4.251e-6, -5.619e-7, -3.420e-6, -4.936e-7
0.787, -3.710e-6, -5.669e-7, -4.210e-6, -5.366e-7, -4.242e-6, -5.662e-7, -3.410e-6, -4.889e-7
0.786, -3.719e-6, -5.773e-7, -4.217e-6, -5.459e-7, -4.250e-6, -5.602e-7, -3.427e-6, -4.852e-7
0.785, -3.726e-6, -5.601e-7, -4.215e-6, -5.402e-7, -4.262e-6, -5.650e-7, -3.437e-6, -4.901e-7
0.784, -3.745e-6, -5.714e-7, -4.240e-6, -5.366e-7, -4.241e-6, -5.603e-7, -3.428e-6, -4.858e-7
0.783, -3.742e-6, -5.665e-7, -4.248e-6, -5.442e-7, -4.247e-6, -5.625e-7, -3.428e-6, -4.798e-7
0.782, -3.764e-6, -5.640e-7, -4.242e-6, -5.366e-7, -4.254e-6, -5.577e-7, -3.453e-6, -4.850e-7
0.781, -3.768e-6, -5.564e-7, -4.264e-6, -5.389e-7, -4.267e-6, -5.655e-7, -3.446e-6, -4.847e-7
0.780, -3.769e-6, -5.642e-7, -4.265e-6, -5.330e-7, -4.280e-6, -5.563e-7, -3.446e-6, -4.826e-7
0.779, -3.775e-6, -5.640e-7, -4.282e-6, -5.344e-7, -4.285e-6, -5.529e-7, -3.447e-6, -4.852e-7
0.778, -3.802e-6, -5.637e-7, -4.277e-6, -5.381e-7, -4.280e-6, -5.548e-7, -3.477e-6, -4.891e-7
0.777, -3.782e-6, -5.607e-7, -4.291e-6, -5.322e-7, -4.292e-6, -5.568e-7, -3.469e-6, -4.817e-7
0.776, -3.801e-6, -5.645e-7, -4.294e-6, -5.363e-7, -4.301e-6, -5.549e-7, -3.484e-6, -4.778e-7
0.775, -3.808e-6, -5.646e-7, -4.301e-6, -5.290e-7, -4.303e-6, -5.539e-7, -3.493e-6, -4.829e-7
0.774, -3.823e-6, -5.566e-7, -4.318e-6, -5.351e-7, -4.311e-6, -5.611e-7, -3.491e-6, -4.729e-7
0.773, -3.837e-6, -5.557e-7, -4.316e-6, -5.268e-7, -4.324e-6, -5.549e-7, -3.503e-6, -4.857e-7
0.772, -3.841e-6, -5.547e-7, -4.322e-6, -5.425e-7, -4.336e-6, -5.573e-7, -3.508e-6, -4.700e-7
0.771, -3.838e-6, -5.514e-7, -4.351e-6, -5.398e-7, -4.360e-6, -5.586e-7, -3.515e-6, -4.683e-7
0.770, -3.862e-6, -5.522e-7, -4.358e-6, -5.271e-7, -4.343e-6, -5.546e-7, -3.524e-6, -4.886e-7
0.769, -3.872e-6, -5.513e-7, -4.376e-6, -5.346e-7, -4.363e-6, -5.545e-7, -3.538e-6, -4.740e-7
0.768, -3.877e-6, -5.538e-7, -4.374e-6, -5.274e-7, -4.382e-6, -5.556e-7, -3.537e-6, -4.798e-7
0.767, -3.869e-6, -5.627e-7, -4.386e-6, -5.253e-7, -4.408e-6, -5.509e-7, -3.564e-6, -4.848e-7
0.766, -3.898e-6, -5.510e-7, -4.400e-6, -5.295e-7, -4.410e-6, -5.572e-7, -3.572e-6, -4.839e-7
0.765, -3.908e-6, -5.514e-7, -4.409e-6, -5.295e-7, -4.421e-6, -5.505e-7, -3.585e-6, -4.785e-7
0.764, -3.923e-6, -5.530e-7, -4.436e-6, -5.313e-7, -4.440e-6, -5.515e-7, -3.586e-6, -4.739e-7
0.763, -3.949e-6, -5.467e-7, -4.435e-6, -5.289e-7, -4.428e-6, -5.504e-7, -3.605e-6, -4.782e-7
0.762, -3.962e-6, -5.479e-7, -4.449e-6, -5.231e-7, -4.427e-6, -5.420e-7, -3.607e-6, -4.774e-7
0.761, -3.967e-6, -5.529e-7, -4.475e-6, -5.324e-7, -4.441e-6, -5.370e-7, -3.607e-6, -4.638e-7
0.760, -3.977e-6, -5.498e-7, -4.482e-6, -5.174e-7, -4.465e-6, -5.377e-7, -3.620e-6, -4.728e-7
0.759, -3.985e-6, -5.420e-7, -4.489e-6, -5.245e-7, -4.499e-6, -5.492e-7, -3.632e-6, -4.714e-7
0.758, -3.999e-6, -5.402e-7, -4.503e-6, -5.242e-7, -4.491e-6, -5.478e-7, -3.650e-6, -4.743e-7
0.757, -3.995e-6, -5.454e-7, -4.510e-6, -5.175e-7, -4.515e-6, -5.483e-7, -3.654e-6, -4.763e-7
0.756, -4.032e-6, -5.421e-7, -4.523e-6, -5.185e-7, -4.491e-6, -5.397e-7, -3.659e-6, -4.750e-7
0.755, -4.027e-6, -5.417e-7, -4.535e-6, -5.222e-7, -4.508e-6, -5.448e-7, -3.660e-6, -4.698e-7
0.754, -4.046e-6, -5.408e-7, -4.553e-6, -5.110e-7, -4.523e-6, -5.404e-7, -3.670e-6, -4.750e-7
0.753, -4.057e-6, -5.372e-7, -4.565e-6, -5.236e-7, -4.539e-6, -5.487e-7, -3.683e-6, -4.659e-7
0.752, -4.058e-6, -5.408e-7, -4.589e-6, -5.235e-7, -4.555e-6, -5.464e-7, -3.683e-6, -4.680e-7
0.751, -4.062e-6, -5.402e-7, -4.583e-6, -5.234e-7, -4.571e-6, -5.409e-7, -3.706e-6, -4.696e-7
0.750, -4.077e-6, -5.433e-7, -4.574e-6, -5.193e-7, -4.587e-6, -5.471e-7, -3.730e-6, -4.738e-7
0.749, -4.092e-6, -5.388e-7, -4.621e-6, -5.252e-7, -4.591e-6, -5.457e-7, -3.725e-6, -4.698e-7
0.748, -4.099e-6, -5.437e-7, -4.631e-6, -5.168e-7, -4.618e-6, -5.390e-7, -3.735e-6, -4.706e-7
0.747, -4.132e-6, -5.453e-7, -4.630e-6, -5.287e-7, -4.609e-6, -5.439e-7, -3.760e-6, -4.693e-7
0.746, -4.135e-6, -5.453e-7, -4.654e-6, -5.186e-7, -4.636e-6, -5.425e-7, -3.760e-6, -4.723e-7
0.745, -4.146e-6, -5.483e-7, -4.664e-6, -5.252e-7, -4.641e-6, -5.456e-7, -3.760e-6, -4.707e-7
0.744, -4.154e-6, -5.502e-7, -4.691e-6, -5.256e-7, -4.666e-6, -5.400e-7, -3.776e-6, -4.718e-7
0.743, -4.162e-6, -5.434e-7, -4.682e-6, -5.225e-7, -4.667e-6, -5.482e-7, -3.799e-6, -4.726e-7
0.742, -4.185e-6, -5.456e-7, -4.692e-6, -5.243e-7, -4.686e-6, -5.478e-7, -3.802e-6, -4.734e-7
0.741, -4.205e-6, -5.431e-7, -4.703e-6, -5.331e-7, -4.691e-6, -5.485e-7, -3.835e-6, -4.719e-7
0.740, -4.210e-6, -5.435e-7, -4.736e-6, -5.205e-7, -4.718e-6, -5.528e-7, -3.825e-6, -4.766e-7
0.739, -4.224e-6, -5.433e-7, -4.740e-6, -5.255e-7, -4.728e-6, -5.491e-7, -3.850e-6, -4.772e-7
0.738, -4.223e-6, -5.492e-7, -4.761e-6, -5.227e-7, -4.759e-6, -5.449e-7, -3.852e-6, -4.822e-7
0.737, -4.246e-6, -5.596e-7, -4.754e-6, -5.309e-7, -4.752e-6, -5.429e-7, -3.885e-6, -4.762e-7
0.736, -4.263e-6, -5.398e-7, -4.784e-6, -5.267e-7, -4.776e-6, -5.559e-7, -3.889e-6, -4.816e-7
0.735, -4.276e-6, -5.468e-7, -4.789e-6, -5.241e-7, -4.792e-6, -5.475e-7, -3.885e-6, -4.763e-7
0.734, -4.297e-6, -5.508e-7, -4.820e-6, -5.316e-7, -4.800e-6, -5.471e-7, -3.895e-6, -4.751e-7
0.733, -4.314e-6, -5.478e-7, -4.836e-6, -5.247e-7, -4.825e-6, -5.521e-7, -3.905e-6, -4.811e-7
0.732, -4.337e-6, -5.491e-7, -4.841e-6, -5.290e-7, -4.835e-6, -5.502e-7, -3.919e-6, -4.764e-7
0.731, -4.342e-6, -5.457e-7, -4.852e-6, -5.252e-7, -4.849e-6, -5.482e-7, -3.943e-6, -4.784e-7
0.730, -4.353e-6, -5.503e-7, -4.863e-6, -5.230e-7, -4.858e-6, -5.503e-7, -3.951e-6, -4.851e-7
0.729, -4.368e-6, -5.478e-7, -4.882e-6, -5.252e-7, -4.877e-6, -5.500e-7, -3.955e-6, -4.831e-7
0.728, -4.388e-6, -5.496e-7, -4.895e-6, -5.143e-7, -4.895e-6, -5.538e-7, -3.981e-6, -4.909e-7
0.727, -4.404e-6, -5.470e-7, -4.906e-6, -5.321e-7, -4.906e-6, -5.494e-7, -3.993e-6, -4.804e-7
0.726, -4.417e-6, -5.448e-7, -4.930e-6, -5.218e-7, -4.926e-6, -5.513e-7, -4.002e-6, -4.814e-7
0.725, -4.421e-6, -5.439e-7, -4.933e-6, -5.323e-7, -4.941e-6, -5.541e-7, -4.018e-6, -4.739e-7
0.724, -4.444e-6, -5.517e-7, -4.947e-6, -5.241e-7, -4.963e-6, -5.484e-7, -4.035e-6, -4.859e-7
0.723, -4.464e-6, -5.614e-7, -4.973e-6, -5.185e-7, -4.957e-6, -5.451e-7, -4.040e-6, -4.834e-7
0.722, -4.459e-6, -5.525e-7, -4.987e-6, -5.300e-7, -4.986e-6, -5.506e-7, -4.061e-6, -4.823e-7
0.721, -4.481e-6, -5.532e-7, -5.002e-6, -5.302e-7, -4.997e-6, -5.525e-7, -4.052e-6, -4.770e-7
0.720, -4.498e-6, -5.455e-7, -5.012e-6, -5.343e-7, -5.001e-6, -5.564e-7, -4.078e-6, -4.778e-7
0.719, -4.521e-6, -5.526e-7, -5.029e-6, -5.304e-7, -5.010e-6, -5.489e-7, -4.069e-6, -4.834e-7
0.718, -4.519e-6, -5.554e-7, -5.044e-6, -5.392e-7, -5.032e-6, -5.481e-7, -4.094e-6, -4.753e-7
0.717, -4.522e-6, -5.502e-7, -5.033e-6, -5.277e-7, -5.043e-6, -5.513e-7, -4.119e-6, -4.778e-7
0.716, -4.538e-6, -5.541e-7, -5.057e-6, -5.389e-7, -5.065e-6, -5.471e-7, -4.121e-6, -4.735e-7
0.715, -4.561e-6, -5.500e-7, -5.062e-6, -5.307e-7, -5.079e-6, -5.499e-7, -4.143e-6, -4.779e-7
0.714, -4.557e-6, -5.481e-7, -5.088e-6, -5.323e-7, -5.112e-6, -5.477e-7, -4.137e-6, -4.837e-7
0.713, -4.570e-6, -5.504e-7, -5.104e-6, -5.371e-7, -5.114e-6, -5.554e-7, -4.151e-6, -4.737e-7
0.712, -4.590e-6, -5.516e-7, -5.102e-6, -5.381e-7, -5.112e-6, -5.532e-7, -4.163e-6, -4.799e-7
0.711, -4.599e-6, -5.514e-7, -5.120e-6, -5.373e-7, -5.140e-6, -5.596e-7, -4.179e-6, -4.804e-7
0.710, -4.623e-6, -5.484e-7, -5.135e-6, -5.393e-7, -5.145e-6, -5.584e-7, -4.186e-6, -4.829e-7
0.709, -4.623e-6, -5.567e-7, -5.139e-6, -5.358e-7, -5.173e-6, -5.560e-7, -4.193e-6, -4.820e-7
0.708, -4.640e-6, -5.533e-7, -5.168e-6, -5.346e-7, -5.179e-6, -5.600e-7, -4.199e-6, -4.817e-7
0.707, -4.644e-6, -5.539e-7, -5.150e-6, -5.356e-7, -5.209e-6, -5.662e-7, -4.233e-6, -4.898e-7
0.706, -4.673e-6, -5.610e-7, -5.187e-6, -5.436e-7, -5.188e-6, -5.573e-7, -4.217e-6, -4.821e-7
0.705, -4.681e-6, -5.570e-7, -5.191e-6, -5.396e-7, -5.214e-6, -5.626e-7, -4.232e-6, -4.870e-7
0.704, -4.688e-6, -5.546e-7, -5.206e-6, -5.449e-7, -5.217e-6, -5.671e-7, -4.236e-6, -4.885e-7
0.703, -4.710e-6, -5.585e-7, -5.207e-6, -5.466e-7, -5.233e-6, -5.701e-7, -4.259e-6, -4.876e-7
0.702, -4.714e-6, -5.629e-7, -5.224e-6, -5.541e-7, -5.249e-6, -5.654e-7, -4.260e-6, -4.891e-7
0.701, -4.717e-6, -5.653e-7, -5.241e-6, -5.483e-7, -5.264e-6, -5.669e-7, -4.280e-6, -4.886e-7
0.700, -4.727e-6, -5.699e-7, -5.244e-6, -5.506e-7, -5.289e-6, -5.707e-7, -4.284e-6, -4.916e-7
0.699, -4.743e-6, -5.711e-7, -5.257e-6, -5.534e-7, -5.298e-6, -5.641e-7, -4.294e-6, -4.913e-7
0.698, -4.760e-6, -5.687e-7, -5.267e-6, -5.504e-7, -5.304e-6, -5.694e-7, -4.315e-6, -4.937e-7
0.697, -4.767e-6, -5.660e-7, -5.283e-6, -5.549e-7, -5.320e-6, -5.726e-7, -4.323e-6, -4.963e-7
0.696, -4.803e-6, -5.660e-7, -5.289e-6, -5.513e-7, -5.335e-6, -5.733e-7, -4.345e-6, -4.946e-7
0.695, -4.807e-6, -5.741e-7, -5.317e-6, -5.554e-7, -5.345e-6, -5.758e-7, -4.346e-6, -4.966e-7
0.694, -4.811e-6, -5.653e-7, -5.316e-6, -5.561e-7, -5.370e-6, -5.755e-7, -4.364e-6, -4.977e-7
0.693, -4.812e-6, -5.679e-7, -5.321e-6, -5.677e-7, -5.380e-6, -5.760e-7, -4.379e-6, -4.920e-7
0.692, -4.847e-6, -5.727e-7, -5.342e-6, -5.548e-7, -5.382e-6, -5.738e-7, -4.371e-6, -4.936e-7
0.691, -4.862e-6, -5.716e-7, -5.356e-6, -5.563e-7, -5.397e-6, -5.781e-7, -4.395e-6, -4.955e-7
0.690, -4.860e-6, -5.570e-7, -5.371e-6, -5.620e-7, -5.414e-6, -5.852e-7, -4.393e-6, -4.932e-7
0.689, -4.876e-6, -5.660e-7, -5.365e-6, -5.636e-7, -5.421e-6, -5.812e-7, -4.427e-6, -4.947e-7
0.688, -4.876e-6, -5.738e-7, -5.378e-6, -5.587e-7, -5.441e-6, -5.749e-7, -4.427e-6, -4.965e-7
0.687, -4.888e-6, -5.800e-7, -5.407e-6, -5.528e-7, -5.457e-6, -5.716e-7, -4.431e-6, -5.023e-7
0.686, -4.894e-6, -5.708e-7, -5.403e-6, -5.584e-7, -5.474e-6, -5.844e-7, -4.442e-6, -4.954e-7
0.685, -4.923e-6, -5.773e-7, -5.428e-6, -5.587e-7, -5.470e-6, -5.802e-7, -4.438e-6, -4.924e-7
0.684, -4.923e-6, -5.701e-7, -5.406e-6, -5.726e-7, -5.495e-6, -5.813e-7, -4.471e-6, -4.879e-7
0.683, -4.922e-6, -5.681e-7, -5.413e-6, -5.565e-7, -5.501e-6, -5.812e-7, -4.478e-6, -4.992e-7
0.682, -4.942e-6, -5.744e-7, -5.439e-6, -5.622e-7, -5.521e-6, -5.718e-7, -4.475e-6, -4.927e-7
0.681, -4.954e-6, -5.669e-7, -5.447e-6, -5.546e-7, -5.530e-6, -5.859e-7, -4.486e-6, -5.031e-7
0.680, -4.963e-6, -5.675e-7, -5.463e-6, -5.679e-7, -5.543e-6, -5.809e-7, -4.500e-6, -4.930e-7
0.679, -4.967e-6, -5.726e-7, -5.468e-6, -5.661e-7, -5.538e-6, -5.827e-7, -4.514e-6, -4.926e-7
0.678, -4.978e-6, -5.828e-7, -5.470e-6, -5.710e-7, -5.551e-6, -5.797e-7, -4.517e-6, -4.891e-7
0.677, -4.993e-6, -5.710e-7, -5.477e-6, -5.620e-7, -5.572e-6, -5.835e-7, -4.523e-6, -5.009e-7
0.676, -4.994e-6, -5.878e-7, -5.488e-6, -5.724e-7, -5.579e-6, -5.788e-7, -4.535e-6, -4.968e-7
0.675, -5.009e-6, -5.757e-7, -5.482e-6, -5.728e-7, -5.583e-6, -5.865e-7, -4.544e-6, -4.958e-7
0.674, -5.008e-6, -5.764e-7, -5.490e-6, -5.734e-7, -5.603e-6, -5.913e-7, -4.558e-6, -4.937e-7
0.673, -5.012e-6, -5.832e-7, -5.520e-6, -5.754e-7, -5.610e-6, -5.905e-7, -4.540e-6, -4.951e-7
0.672, -5.030e-6, -5.854e-7, -5.515e-6, -5.769e-7, -5.607e-6, -5.785e-7, -4.563e-6, -4.930e-7
0.671, -5.034e-6, -5.811e-7, -5.523e-6, -5.694e-7, -5.626e-6, -5.858e-7, -4.575e-6, -4.949e-7
0.670, -5.052e-6, -5.859e-7, -5.538e-6, -5.657e-7, -5.627e-6, -5.785e-7, -4.564e-6, -5.004e-7
0.669, -5.047e-6, -5.855e-7, -5.546e-6, -5.717e-7, -5.640e-6, -5.800e-7, -4.574e-6, -5.004e-7
0.668, -5.048e-6, -5.828e-7, -5.535e-6, -5.668e-7, -5.654e-6, -5.908e-7, -4.590e-6, -5.065e-7
0.667, -5.069e-6, -5.705e-7, -5.549e-6, -5.808e-7, -5.642e-6, -5.998e-7, -4.594e-6, -4.954e-7
0.666, -5.080e-6, -5.822e-7, -5.549e-6, -5.766e-7, -5.652e-6, -5.927e-7, -4.607e-6, -4.972e-7
0.665, -5.064e-6, -5.783e-7, -5.564e-6, -5.741e-7, -5.672e-6, -5.940e-7, -4.600e-6, -5.021e-7
0.664, -5.082e-6, -5.869e-7, -5.551e-6, -5.729e-7, -5.677e-6, -5.953e-7, -4.620e-6, -5.018e-7
0.663, -5.082e-6, -5.886e-7, -5.575e-6, -5.801e-7, -5.688e-6, -5.921e-7, -4.616e-6, -5.021e-7
0.662, -5.066e-6, -5.849e-7, -5.568e-6, -5.852e-7, -5.706e-6, -5.906e-7, -4.627e-6, -4.972e-7
0.661, -5.099e-6, -5.944e-7, -5.560e-6, -5.854e-7, -5.697e-6, -5.856e-7, -4.641e-6, -4.948e-7
0.660, -5.113e-6, -5.872e-7, -5.584e-6, -5.774e-7, -5.703e-6, -5.980e-7, -4.624e-6, -5.079e-7
0.659, -5.098e-6, -5.913e-7, -5.580e-6, -5.828e-7, -5.713e-6, -5.953e-7, -4.641e-6, -5.049e-7
0.658, -5.095e-6, -5.938e-7, -5.580e-6, -5.851e-7, -5.736e-6, -5.972e-7, -4.658e-6, -4.993e-7
0.657, -5.098e-6, -5.939e-7, -5.602e-6, -5.866e-7, -5.742e-6, -5.928e-7, -4.647e-6, -5.041e-7
0.656, -5.090e-6, -5.868e-7, -5.593e-6, -5.890e-7, -5.746e-6, -6.003e-7, -4.659e-6, -5.009e-7
0.655, -5.114e-6, -5.844e-7, -5.595e-6, -5.826e-7, -5.739e-6, -5.984e-7, -4.667e-6, -5.054e-7
0.654, -5.126e-6, -5.888e-7, -5.601e-6, -5.863e-7, -5.750e-6, -6.017e-7, -4.675e-6, -5.090e-7
0.653, -5.113e-6, -5.941e-7, -5.598e-6, -5.881e-7, -5.767e-6, -5.973e-7, -4.665e-6, -5.005e-7
0.652, -5.130e-6, -5.947e-7, -5.593e-6, -5.863e-7, -5.767e-6, -6.055e-7, -4.671e-6, -5.100e-7
0.651, -5.125e-6, -5.938e-7, -5.601e-6, -5.885e-7, -5.764e-6, -6.027e-7, -4.673e-6, -4.980e-7
0.650, -5.132e-6, -5.968e-7, -5.623e-6, -5.920e-7, -5.775e-6, -6.002e-7, -4.685e-6, -5.004e-7
0.649, -5.136e-6, -5.942e-7, -5.624e-6, -5.840e-7, -5.785e-6, -6.041e-7, -4.671e-6, -5.146e-7
0.648, -5.142e-6, -5.963e-7, -5.613e-6, -5.886e-7, -5.785e-6, -6.040e-7, -4.690e-6, -5.065e-7
0.647, -5.133e-6, -5.988e-7, -5.623e-6, -5.916e-7, -5.800e-6, -6.037e-7, -4.684e-6, -5.103e-7
0.646, -5.148e-6, -5.943e-7, -5.617e-6, -5.903e-7, -5.802e-6, -6.074e-7, -4.704e-6, -5.096e-7
0.645, -5.145e-6, -5.980e-7, -5.618e-6, -5.946e-7, -5.798e-6, -6.068e-7, -4.694e-6, -5.073e-7
0.644, -5.149e-6, -5.985e-7, -5.600e-6, -5.978e-7, -5.805e-6, -6.013e-7, -4.711e-6, -5.071e-7
0.643, -5.159e-6, -6.023e-7, -5.615e-6, -5.906e-7, -5.799e-6, -6.089e-7, -4.712e-6, -5.149e-7
0.642, -5.144e-6, -6.052e-7, -5.635e-6, -5.916e-7, -5.819e-6, -6.043e-7, -4.701e-6, -5.082e-7
0.641, -5.169e-6, -5.981e-7, -5.619e-6, -6.018e-7, -5.819e-6, -6.104e-7, -4.729e-6, -5.050e-7
0.640, -5.151e-6, -5.956e-7, -5.623e-6, -5.909e-7, -5.820e-6, -6.170e-7, -4.712e-6, -5.149e-7
0.639, -5.159e-6, -6.102e-7, -5.627e-6, -5.990e-7, -5.833e-6, -6.057e-7, -4.733e-6, -5.093e-7
0.638, -5.160e-6, -6.118e-7, -5.625e-6, -5.948e-7, -5.837e-6, -6.003e-7, -4.733e-6, -5.107e-7
0.637, -5.165e-6, -6.013e-7, -5.626e-6, -6.000e-7, -5.846e-6, -6.120e-7, -4.729e-6, -5.112e-7
0.636, -5.177e-6, -6.079e-7, -5.633e-6, -5.995e-7, -5.834e-6, -6.112e-7, -4.736e-6, -5.119e-7
0.635, -5.164e-6, -6.078e-7, -5.632e-6, -6.077e-7, -5.844e-6, -6.074e-7, -4.730e-6, -5.061e-7
0.634, -5.174e-6, -6.021e-7, -5.642e-6, -6.029e-7, -5.833e-6, -6.154e-7, -4.727e-6, -5.109e-7
0.633, -5.170e-6, -6.118e-7, -5.629e-6, -6.054e-7, -5.854e-6, -6.144e-7, -4.739e-6, -5.119e-7
0.632, -5.172e-6, -6.120e-7, -5.633e-6, -6.034e-7, -5.838e-6, -6.119e-7, -4.733e-6, -5.154e-7
0.631, -5.165e-6, -6.079e-7, -5.642e-6, -6.059e-7, -5.868e-6, -6.180e-7, -4.725e-6, -5.166e-7
0.630, -5.162e-6, -6.096e-7, -5.626e-6, -6.046e-7, -5.865e-6, -6.179e-7, -4.740e-6, -5.108e-7
0.629, -5.172e-6, -6.104e-7, -5.635e-6, -6.103e-7, -5.862e-6, -6.207e-7, -4.733e-6, -5.154e-7
0.628, -5.181e-6, -6.221e-7, -5.637e-6, -6.144e-7, -5.850e-6, -6.097e-7, -4.739e-6, -5.115e-7
0.627, -5.169e-6, -6.090e-7, -5.633e-6, -6.094e-7, -5.866e-6, -6.179e-7, -4.739e-6, -5.154e-7
0.626, -5.174e-6, -6.186e-7, -5.627e-6, -6.112e-7, -5.878e-6, -6.145e-7, -4.748e-6, -5.204e-7
0.625, -5.175e-6, -6.146e-7, -5.632e-6, -6.101e-7, -5.869e-6, -6.224e-7, -4.751e-6, -5.167e-7
0.624, -5.183e-6, -6.126e-7, -5.636e-6, -6.143e-7, -5.876e-6, -6.227e-7, -4.744e-6, -5.102e-7
0.623, -5.176e-6, -6.134e-7, -5.625e-6, -6.128e-7, -5.880e-6, -6.214e-7, -4.771e-6, -5.192e-7
0.622, -5.173e-6, -6.149e-7, -5.631e-6, -6.159e-7, -5.880e-6, -6.200e-7, -4.761e-6, -5.146e-7
0.621, -5.182e-6, -6.167e-7, -5.636e-6, -6.149e-7, -5.879e-6, -6.162e-7, -4.748e-6, -5.121e-7
0.620, -5.171e-6, -6.164e-7, -5.636e-6, -6.174e-7, -5.891e-6, -6.274e-7, -4.750e-6, -5.207e-7
0.619, -5.157e-6, -6.198e-7, -5.640e-6, -6.108e-7, -5.889e-6, -6.194e-7, -4.754e-6, -5.236e-7
0.618, -5.169e-6, -6.139e-7, -5.631e-6, -6.146e-7, -5.906e-6, -6.254e-7, -4.759e-6, -5.215e-7
0.617, -5.176e-6, -6.126e-7, -5.633e-6, -6.108e-7, -5.885e-6, -6.324e-7, -4.758e-6, -5.214e-7
0.616, -5.180e-6, -6.134e-7, -5.634e-6, -6.171e-7, -5.888e-6, -6.285e-7, -4.754e-6, -5.114e-7
0.615, -5.179e-6, -6.253e-7, -5.626e-6, -6.179e-7, -5.896e-6, -6.193e-7, -4.753e-6, -5.187e-7
0.614, -5.188e-6, -6.248e-7, -5.635e-6, -6.183e-7, -5.889e-6, -6.213e-7, -4.745e-6, -5.205e-7
0.613, -5.176e-6, -6.224e-7, -5.622e-6, -6.234e-7, -5.884e-6, -6.217e-7, -4.754e-6, -5.182e-7
0.612, -5.179e-6, -6.295e-7, -5.632e-6, -6.206e-7, -5.890e-6, -6.246e-7, -4.757e-6, -5.247e-7
0.611, -5.176e-6, -6.204e-7, -5.625e-6, -6.162e-7, -5.898e-6, -6.322e-7, -4.760e-6, -5.206e-7
0.610, -5.157e-6, -6.261e-7, -5.618e-6, -6.208e-7, -5.911e-6, -6.275e-7, -4.754e-6, -5.247e-7
0.609, -5.170e-6, -6.169e-7, -5.621e-6, -6.186e-7, -5.899e-6, -6.227e-7, -4.760e-6, -5.249e-7
0.608, -5.158e-6, -6.236e-7, -5.633e-6, -6.192e-7, -5.907e-6, -6.309e-7, -4.742e-6, -5.262e-7
0.607, -5.184e-6, -6.271e-7, -5.625e-6, -6.163e-7, -5.887e-6, -6.331e-7, -4.757e-6, -5.255e-7
0.606, -5.175e-6, -6.174e-7, -5.621e-6, -6.195e-7, -5.908e-6, -6.288e-7, -4.763e-6, -5.259e-7
0.605, -5.164e-6, -6.256e-7, -5.630e-6, -6.258e-7, -5.908e-6, -6.359e-7, -4.751e-6, -5.222e-7
0.604, -5.154e-6, -6.240e-7, -5.633e-6, -6.195e-7, -5.928e-6, -6.317e-7, -4.743e-6, -5.215e-7
0.603, -5.174e-6, -6.249e-7, -5.632e-6, -6.176e-7, -5.905e-6, -6.298e-7, -4.745e-6, -5.289e-7
0.602, -5.175e-6, -6.216e-7, -5.626e-6, -6.226e-7, -5.922e-6, -6.317e-7, -4.769e-6, -5.229e-7
0.601, -5.177e-6, -6.357e-7, -5.616e-6, -6.306e-7, -5.904e-6, -6.208e-7, -4.754e-6, -5.173e-7
0.600, -5.172e-6, -6.226e-7, -5.608e-6, -6.285e-7, -5.914e-6, -6.356e-7, -4.769e-6, -5.180e-7
0.599, -5.164e-6, -6.159e-7, -5.618e-6, -6.275e-7, -5.907e-6, -6.418e-7, -4.762e-6, -5.184e-7
0.598, -5.154e-6, -6.341e-7, -5.618e-6, -6.203e-7, -5.917e-6, -6.224e-7, -4.756e-6, -5.247e-7
0.597, -5.156e-6, -6.319e-7, -5.618e-6, -6.233e-7, -5.918e-6, -6.341e-7, -4.756e-6, -5.239e-7
0.596, -5.159e-6, -6.271e-7, -5.618e-6, -6.210e-7, -5.921e-6, -6.330e-7, -4.766e-6, -5.238e-7
0.595, -5.156e-6, -6.222e-7, -5.619e-6, -6.200e-7, -5.931e-6, -6.335e-7, -4.749e-6, -5.289e-7
0.594, -5.167e-6, -6.239e-7, -5.605e-6, -6.238e-7, -5.909e-6, -6.330e-7, -4.758e-6, -5.236e-7
0.593, -5.146e-6, -6.280e-7, -5.610e-6, -6.273e-7, -5.931e-6, -6.409e-7, -4.761e-6, -5.255e-7
0.592, -5.156e-6, -6.319e-7, -5.616e-6, -6.339e-7, -5.931e-6, -6.319e-7, -4.763e-6, -5.174e-7
0.591, -5.154e-6, -6.297e-7, -5.602e-6, -6.230e-7, -5.920e-6, -6.412e-7, -4.765e-6, -5.249e-7
0.590, -5.160e-6, -6.369e-7, -5.608e-6, -6.342e-7, -5.925e-6, -6.305e-7, -4.754e-6, -5.243e-7
0.589, -5.165e-6, -6.273e-7, -5.609e-6, -6.317e-7, -5.911e-6, -6.379e-7, -4.766e-6, -5.233e-7
0.588, -5.158e-6, -6.263e-7, -5.609e-6, -6.272e-7, -5.928e-6, -6.353e-7, -4.752e-6, -5.287e-7
0.587, -5.164e-6, -6.302e-7, -5.595e-6, -6.354e-7, -5.909e-6, -6.394e-7, -4.763e-6, -5.234e-7
0.586, -5.142e-6, -6.314e-7, -5.590e-6, -6.368e-7, -5.927e-6, -6.376e-7, -4.771e-6, -5.225e-7
0.585, -5.162e-6, -6.304e-7, -5.608e-6, -6.368e-7, -5.922e-6, -6.405e-7, -4.757e-6, -5.229e-7
0.584, -5.168e-6, -6.270e-7, -5.600e-6, -6.348e-7, -5.917e-6, -6.494e-7, -4.765e-6, -5.192e-7
0.583, -5.156e-6, -6.349e-7, -5.594e-6, -6.282e-7, -5.930e-6, -6.349e-7, -4.765e-6, -5.257e-7
0.582, -5.147e-6, -6.305e-7, -5.614e-6, -6.281e-7, -5.939e-6, -6.440e-7, -4.767e-6, -5.255e-7
0.581, -5.153e-6, -6.341e-7, -5.609e-6, -6.289e-7, -5.938e-6, -6.395e-7, -4.761e-6, -5.271e-7
0.580, -5.160e-6, -6.379e-7, -5.619e-6, -6.312e-7, -5.928e-6, -6.389e-7, -4.758e-6, -5.268e-7
0.579, -5.160e-6, -6.389e-7, -5.614e-6, -6.259e-7, -5.921e-6, -6.375e-7, -4.755e-6, -5.289e-7
0.578, -5.170e-6, -6.341e-7, -5.594e-6, -6.376e-7, -5.926e-6, -6.393e-7, -4.782e-6, -5.224e-7
0.577, -5.144e-6, -6.371e-7, -5.595e-6, -6.325e-7, -5.933e-6, -6.367e-7, -4.773e-6, -5.294e-7
0.576, -5.147e-6, -6.314e-7, -5.590e-6, -6.333e-7, -5.934e-6, -6.407e-7, -4.763e-6, -5.299e-7
0.575, -5.153e-6, -6.374e-7, -5.606e-6, -6.304e-7, -5.935e-6, -6.421e-7, -4.770e-6, -5.350e-7
0.574, -5.156e-6, -6.346e-7, -5.603e-6, -6.355e-7, -5.939e-6, -6.417e-7, -4.764e-6, -5.303e-7
0.573, -5.159e-6, -6.369e-7, -5.608e-6, -6.374e-7, -5.932e-6, -6.383e-7, -4.761e-6, -5.254e-7
0.572, -5.150e-6, -6.311e-7, -5.600e-6, -6.336e-7, -5.930e-6, -6.421e-7, -4.759e-6, -5.287e-7
0.571, -5.149e-6, -6.369e-7, -5.615e-6, -6.372e-7, -5.939e-6, -6.436e-7, -4.759e-6, -5.276e-7
0.570, -5.145e-6, -6.231e-7, -5.582e-6, -6.399e-7, -5.933e-6, -6.474e-7, -4.771e-6, -5.291e-7
0.569, -5.146e-6, -6.335e-7, -5.606e-6, -6.391e-7, -5.940e-6, -6.440e-7, -4.772e-6, -5.248e-7
0.568, -5.154e-6, -6.377e-7, -5.589e-6, -6.383e-7, -5.938e-6, -6.392e-7, -4.767e-6, -5.293e-7
0.567, -5.160e-6, -6.317e-7, -5.612e-6, -6.402e-7, -5.935e-6, -6.435e-7, -4.762e-6, -5.193e-7
0.566, -5.146e-6, -6.344e-7, -5.600e-6, -6.338e-7, -5.952e-6, -6.426e-7, -4.781e-6, -5.256e-7
0.565, -5.151e-6, -6.332e-7, -5.608e-6, -6.371e-7, -5.944e-6, -6.335e-7, -4.757e-6, -5.290e-7
0.564, -5.134e-6, -6.296e-7, -5.600e-6, -6.360e-7, -5.956e-6, -6.439e-7, -4.768e-6, -5.257e-7
0.563, -5.153e-6, -6.333e-7, -5.607e-6, -6.315e-7, -5.949e-6, -6.452e-7, -4.756e-6, -5.332e-7
0.562, -5.155e-6, -6.368e-7, -5.606e-6, -6.406e-7, -5.946e-6, -6.383e-7, -4.771e-6, -5.211e-7
0.561, -5.144e-6, -6.356e-7, -5.606e-6, -6.412e-7, -5.956e-6, -6.430e-7, -4.771e-6, -5.216e-7
0.560, -5.148e-6, -6.319e-7, -5.614e-6, -6.284e-7, -5.961e-6, -6.371e-7, -4.767e-6, -5.321e-7
0.559, -5.150e-6, -6.417e-7, -5.619e-6, -6.372e-7, -5.962e-6, -6.372e-7, -4.769e-6, -5.205e-7
0.558, -5.157e-6, -6.328e-7, -5.601e-6, -6.392e-7, -5.957e-6, -6.420e-7, -4.771e-6, -5.214e-7
0.557, -5.132e-6, -6.346e-7, -5.622e-6, -6.332e-7, -5.968e-6, -6.421e-7, -4.760e-6, -5.297e-7
0.556, -5.149e-6, -6.327e-7, -5.605e-6, -6.463e-7, -5.966e-6, -6.387e-7, -4.782e-6, -5.121e-7
0.555, -5.153e-6, -6.279e-7, -5.626e-6, -6.342e-7, -5.972e-6, -6.487e-7, -4.756e-6, -5.229e-7
0.554, -5.154e-6, -6.382e-7, -5.601e-6, -6.408e-7, -5.967e-6, -6.389e-7, -4.773e-6, -5.204e-7
0.553, -5.161e-6, -6.321e-7, -5.621e-6, -6.338e-7, -5.958e-6, -6.417e-7, -4.773e-6, -5.265e-7
0.552, -5.147e-6, -6.358e-7, -5.623e-6, -6.386e-7, -5.976e-6, -6.399e-7, -4.756e-6, -5.221e-7
0.551, -5.149e-6, -6.320e-7, -5.624e-6, -6.364e-7, -5.978e-6, -6.411e-7, -4.777e-6, -5.258e-7
0.550, -5.152e-6, -6.341e-7, -5.622e-6, -6.419e-7, -5.967e-6, -6.379e-7, -4.759e-6, -5.225e-7
0.549, -5.157e-6, -6.388e-7, -5.616e-6, -6.348e-7, -5.967e-6, -6.354e-7, -4.776e-6, -5.296e-7
0.548, -5.163e-6, -6.399e-7, -5.629e-6, -6.441e-7, -5.975e-6, -6.363e-7, -4.751e-6, -5.214e-7
0.547, -5.148e-6, -6.333e-7, -5.622e-6, -6.436e-7, -5.987e-6, -6.426e-7, -4.779e-6, -5.230e-7
0.546, -5.151e-6, -6.363e-7, -5.614e-6, -6.398e-7, -5.976e-6, -6.441e-7, -4.775e-6, -5.272e-7
0.545, -5.161e-6, -6.318e-7, -5.626e-6, -6.462e-7, -5.975e-6, -6.461e-7, -4.771e-6, -5.237e-7
0.544, -5.176e-6, -6.284e-7, -5.632e-6, -6.370e-7, -5.974e-6, -6.451e-7, -4.773e-6, -5.287e-7
0.543, -5.168e-6, -6.313e-7, -5.627e-6, -6.389e-7, -5.993e-6, -6.423e-7, -4.774e-6, -5.230e-7
0.542, -5.167e-6, -6.429e-7, -5.617e-6, -6.354e-7, -5.982e-6, -6.406e-7, -4.788e-6, -5.266e-7
0.541, -5.171e-6, -6.334e-7, -5.633e-6, -6.386e-7, -5.974e-6, -6.417e-7, -4.775e-6, -5.234e-7
0.540, -5.160e-6, -6.282e-7, -5.635e-6, -6.410e-7, -5.991e-6, -6.502e-7, -4.782e-6, -5.225e-7
0.539, -5.163e-6, -6.342e-7, -5.650e-6, -6.388e-7, -5.983e-6, -6.463e-7, -4.784e-6, -5.267e-7
0.538, -5.174e-6, -6.395e-7, -5.634e-6, -6.452e-7, -5.986e-6, -6.395e-7, -4.794e-6, -5.194e-7
0.537, -5.148e-6, -6.284e-7, -5.637e-6, -6.407e-7, -5.996e-6, -6.466e-7, -4.793e-6, -5.199e-7
0.536, -5.165e-6, -6.366e-7, -5.654e-6, -6.373e-7, -6.005e-6, -6.423e-7, -4.775e-6, -5.295e-7
0.535, -5.169e-6, -6.458e-7, -5.649e-6, -6.377e-7, -5.993e-6, -6.429e-7, -4.778e-6, -5.262e-7
0.534, -5.177e-6, -6.367e-7, -5.645e-6, -6.376e-7, -6.002e-6, -6.422e-7, -4.798e-6, -5.239e-7
0.533, -5.171e-6, -6.402e-7, -5.644e-6, -6.368e-7, -6.004e-6, -6.417e-7, -4.806e-6, -5.283e-7
0.532, -5.173e-6, -6.316e-7, -5.647e-6, -6.415e-7, -6.012e-6, -6.452e-7, -4.798e-6, -5.235e-7
0.531, -5.179e-6, -6.415e-7, -5.642e-6, -6.453e-7, -5.998e-6, -6.421e-7, -4.804e-6, -5.245e-7
0.530, -5.183e-6, -6.406e-7, -5.657e-6, -6.462e-7, -6.005e-6, -6.455e-7, -4.790e-6, -5.248e-7
0.529, -5.174e-6, -6.463e-7, -5.660e-6, -6.380e-7, -6.010e-6, -6.430e-7, -4.796e-6, -5.308e-7
0.528, -5.175e-6, -6.395e-7, -5.655e-6, -6.460e-7, -6.003e-6, -6.441e-7, -4.802e-6, -5.195e-7
0.527, -5.184e-6, -6.425e-7, -5.652e-6, -6.454e-7, -6.012e-6, -6.486e-7, -4.792e-6, -5.198e-7
0.526, -5.169e-6, -6.452e-7, -5.663e-6, -6.429e-7, -6.025e-6, -6.386e-7, -4.782e-6, -5.249e-7
0.525, -5.182e-6, -6.354e-7, -5.660e-6, -6.426e-7, -6.014e-6, -6.505e-7, -4.797e-6, -5.299e-7
0.524, -5.182e-6, -6.408e-7, -5.660e-6, -6.457e-7, -6.023e-6, -6.414e-7, -4.795e-6, -5.295e-7
0.523, -5.179e-6, -6.454e-7, -5.658e-6, -6.486e-7, -6.015e-6, -6.400e-7, -4.800e-6, -5.301e-7
0.522, -5.184e-6, -6.405e-7, -5.668e-6, -6.405e-7, -6.021e-6, -6.558e-7, -4.792e-6, -5.337e-7
0.521, -5.180e-6, -6.407e-7, -5.654e-6, -6.497e-7, -6.008e-6, -6.560e-7, -4.809e-6, -5.262e-7
0.520, -5.177e-6, -6.462e-7, -5.666e-6, -6.507e-7, -6.015e-6, -6.500e-7, -4.797e-6, -5.286e-7
0.519, -5.179e-6, -6.425e-7, -5.650e-6, -6.474e-7, -6.021e-6, -6.549e-7, -4.815e-6, -5.297e-7
0.518, -5.187e-6, -6.482e-7, -5.655e-6, -6.516e-7, -6.021e-6, -6.479e-7, -4.802e-6, -5.297e-7
0.517, -5.182e-6, -6.401e-7, -5.671e-6, -6.398e-7, -6.023e-6, -6.571e-7, -4.803e-6, -5.381e-7
0.516, -5.166e-6, -6.470e-7, -5.651e-6, -6.455e-7, -6.028e-6, -6.532e-7, -4.807e-6, -5.337e-7
0.515, -5.207e-6, -6.455e-7, -5.679e-6, -6.466e-7, -6.003e-6, -6.546e-7, -4.788e-6, -5.343e-7
0.514, -5.182e-6, -6.436e-7, -5.668e-6, -6.524e-7, -6.021e-6, -6.571e-7, -4.788e-6, -5.339e-7
0.513, -5.183e-6, -6.415e-7, -5.664e-6, -6.555e-7, -6.014e-6, -6.521e-7, -4.799e-6, -5.241e-7
0.512, -5.184e-6, -6.491e-7, -5.659e-6, -6.531e-7, -6.031e-6, -6.489e-7, -4.800e-6, -5.312e-7
0.511, -5.187e-6, -6.421e-7, -5.673e-6, -6.532e-7, -6.027e-6, -6.540e-7, -4.793e-6, -5.291e-7
0.510, -5.190e-6, -6.509e-7, -5.659e-6, -6.528e-7, -6.006e-6, -6.487e-7, -4.790e-6, -5.285e-7
0.509, -5.172e-6, -6.445e-7, -5.672e-6, -6.503e-7, -6.020e-6, -6.522e-7, -4.787e-6, -5.276e-7
0.508, -5.194e-6, -6.292e-7, -5.663e-6, -6.442e-7, -6.012e-6, -6.586e-7, -4.806e-6, -5.372e-7
0.507, -5.182e-6, -6.461e-7, -5.678e-6, -6.471e-7, -6.028e-6, -6.441e-7, -4.799e-6, -5.307e-7
0.506, -5.185e-6, -6.414e-7, -5.683e-6, -6.523e-7, -6.027e-6, -6.528e-7, -4.803e-6, -5.290e-7
0.505, -5.192e-6, -6.508e-7, -5.676e-6, -6.435e-7, -6.045e-6, -6.437e-7, -4.805e-6, -5.369e-7
0.504, -5.177e-6, -6.404e-7, -5.679e-6, -6.431e-7, -6.035e-6, -6.471e-7, -4.809e-6, -5.297e-7
0.503, -5.202e-6, -6.385e-7, -5.689e-6, -6.453e-7, -6.043e-6, -6.451e-7, -4.812e-6, -5.313e-7
0.502, -5.197e-6, -6.392e-7, -5.705e-6, -6.449e-7, -6.030e-6, -6.451e-7, -4.796e-6, -5.280e-7
0.501, -5.194e-6, -6.431e-7, -5.687e-6, -6.469e-7, -6.046e-6, -6.466e-7, -4.816e-6, -5.263e-7
0.500, -5.196e-6, -6.406e-7, -5.682e-6, -6.449e-7, -6.043e-6, -6.470e-7, -4.827e-6, -5.241e-7
0.499, -5.199e-6, -6.337e-7, -5.688e-6, -6.372e-7, -6.054e-6, -6.489e-7, -4.824e-6, -5.335e-7
0.498, -5.207e-6, -6.419e-7, -5.698e-6, -6.443e-7, -6.040e-6, -6.417e-7, -4.818e-6, -5.272e-7
0.497, -5.208e-6, -6.406e-7, -5.698e-6, -6.441e-7, -6.052e-6, -6.413e-7, -4.824e-6, -5.233e-7
0.496, -5.219e-6, -6.371e-7, -5.709e-6, -6.390e-7, -6.061e-6, -6.436e-7, -4.835e-6, -5.266e-7
0.495, -5.217e-6, -6.337e-7, -5.705e-6, -6.450e-7, -6.056e-6, -6.449e-7, -4.846e-6, -5.237e-7
0.494, -5.210e-6, -6.450e-7, -5.711e-6, -6.452e-7, -6.070e-6, -6.363e-7, -4.830e-6, -5.227e-7
0.493, -5.222e-6, -6.426e-7, -5.720e-6, -6.385e-7, -6.070e-6, -6.451e-7, -4.838e-6, -5.296e-7
0.492, -5.217e-6, -6.367e-7, -5.726e-6, -6.575e-7, -6.067e-6, -6.469e-7, -4.839e-6, -5.222e-7
0.491, -5.220e-6, -6.443e-7, -5.723e-6, -6.484e-7, -6.070e-6, -6.421e-7, -4.842e-6, -5.296e-7
0.490, -5.224e-6, -6.466e-7, -5.745e-6, -6.485e-7, -6.077e-6, -6.499e-7, -4.823e-6, -5.304e-7
0.489, -5.221e-6, -6.378e-7, -5.739e-6, -6.454e-7, -6.074e-6, -6.553e-7, -4.844e-6, -5.302e-7
0.488, -5.240e-6, -6.416e-7, -5.721e-6, -6.454e-7, -6.059e-6, -6.473e-7, -4.852e-6, -5.313e-7
0.487, -5.211e-6, -6.467e-7, -5.736e-6, -6.440e-7, -6.091e-6, -6.487e-7, -4.844e-6, -5.375e-7
0.486, -5.226e-6, -6.469e-7, -5.724e-6, -6.534e-7, -6.082e-6, -6.509e-7, -4.844e-6, -5.236e-7
0.485, -5.209e-6, -6.482e-7, -5.732e-6, -6.516e-7, -6.092e-6, -6.543e-7, -4.842e-6, -5.291e-7
0.484, -5.241e-6, -6.373e-7, -5.726e-6, -6.485e-7, -6.070e-6, -6.538e-7, -4.857e-6, -5.347e-7
0.483, -5.255e-6, -6.423e-7, -5.741e-6, -6.485e-7, -6.068e-6, -6.534e-7, -4.842e-6, -5.328e-7
0.482, -5.234e-6, -6.500e-7, -5.732e-6, -6.516e-7, -6.087e-6, -6.482e-7, -4.841e-6, -5.287e-7
0.481, -5.230e-6, -6.463e-7, -5.742e-6, -6.486e-7, -6.076e-6, -6.508e-7, -4.851e-6, -5.341e-7
0.480, -5.239e-6, -6.530e-7, -5.745e-6, -6.510e-7, -6.090e-6, -6.474e-7, -4.849e-6, -5.337e-7
0.479, -5.246e-6, -6.443e-7, -5.762e-6, -6.547e-7, -6.093e-6, -6.510e-7, -4.848e-6, -5.256e-7
0.478, -5.242e-6, -6.497e-7, -5.739e-6, -6.481e-7, -6.084e-6, -6.525e-7, -4.864e-6, -5.351e-7
0.477, -5.244e-6, -6.542e-7, -5.735e-6, -6.476e-7, -6.069e-6, -6.409e-7, -4.849e-6, -5.385e-7
0.476, -5.244e-6, -6.472e-7, -5.744e-6, -6.488e-7, -6.087e-6, -6.451e-7, -4.862e-6, -5.349e-7
0.475, -5.235e-6, -6.471e-7, -5.762e-6, -6.491e-7, -6.094e-6, -6.508e-7, -4.843e-6, -5.318e-7
0.474, -5.252e-6, -6.435e-7, -5.758e-6, -6.446e-7, -6.090e-6, -6.551e-7, -4.855e-6, -5.351e-7
0.473, -5.256e-6, -6.494e-7, -5.764e-6, -6.574e-7, -6.100e-6, -6.493e-7, -4.845e-6, -5.318e-7
0.472, -5.254e-6, -6.540e-7, -5.773e-6, -6.450e-7, -6.098e-6, -6.484e-7, -4.859e-6, -5.394e-7
0.471, -5.253e-6, -6.400e-7, -5.775e-6, -6.540e-7, -6.097e-6, -6.553e-7, -4.854e-6, -5.296e-7
0.470, -5.265e-6, -6.487e-7, -5.773e-6, -6.547e-7, -6.090e-6, -6.466e-7, -4.862e-6, -5.274e-7
0.469, -5.252e-6, -6.492e-7, -5.764e-6, -6.515e-7, -6.107e-6, -6.488e-7, -4.868e-6, -5.332e-7
0.468, -5.275e-6, -6.426e-7, -5.778e-6, -6.425e-7, -6.106e-6, -6.516e-7, -4.867e-6, -5.379e-7
0.467, -5.266e-6, -6.469e-7, -5.782e-6, -6.555e-7, -6.109e-6, -6.500e-7, -4.868e-6, -5.288e-7
0.466, -5.254e-6, -6.466e-7, -5.791e-6, -6.505e-7, -6.119e-6, -6.412e-7, -4.890e-6, -5.327e-7
0.465, -5.263e-6, -6.395e-7, -5.783e-6, -6.558e-7, -6.124e-6, -6.473e-7, -4.882e-6, -5.306e-7
0.464, -5.279e-6, -6.466e-7, -5.792e-6, -6.516e-7, -6.123e-6, -6.441e-7, -4.886e-6, -5.297e-7
0.463, -5.255e-6, -6.425e-7, -5.811e-6, -6.569e-7, -6.132e-6, -6.465e-7, -4.879e-6, -5.256e-7
0.462, -5.278e-6, -6.448e-7, -5.805e-6, -6.535e-7, -6.135e-6, -6.432e-7, -4.889e-6, -5.262e-7
0.461, -5.281e-6, -6.387e-7, -5.796e-6, -6.510e-7, -6.124e-6, -6.430e-7, -4.890e-6, -5.297e-7
0.460, -5.279e-6, -6.497e-7, -5.787e-6, -6.523e-7, -6.133e-6, -6.430e-7, -4.891e-6, -5.318e-7
0.459, -5.296e-6, -6.416e-7, -5.821e-6, -6.522e-7, -6.139e-6, -6.510e-7, -4.880e-6, -5.320e-7
0.458, -5.298e-6, -6.427e-7, -5.817e-6, -6.494e-7, -6.151e-6, -6.516e-7, -4.895e-6, -5.330e-7
0.457, -5.299e-6, -6.479e-7, -5.814e-6, -6.501e-7, -6.150e-6, -6.424e-7, -4.913e-6, -5.318e-7
0.456, -5.299e-6, -6.497e-7, -5.823e-6, -6.474e-7, -6.152e-6, -6.488e-7, -4.903e-6, -5.335e-7
0.455, -5.310e-6, -6.463e-7, -5.833e-6, -6.535e-7, -6.142e-6, -6.474e-7, -4.906e-6, -5.341e-7
0.454, -5.298e-6, -6.464e-7, -5.836e-6, -6.537e-7, -6.159e-6, -6.462e-7, -4.904e-6, -5.356e-7
0.453, -5.314e-6, -6.474e-7, -5.826e-6, -6.588e-7, -6.143e-6, -6.428e-7, -4.911e-6, -5.330e-7
0.452, -5.298e-6, -6.479e-7, -5.827e-6, -6.505e-7, -6.166e-6, -6.457e-7, -4.908e-6, -5.337e-7
0.451, -5.310e-6, -6.442e-7, -5.832e-6, -6.599e-7, -6.145e-6, -6.463e-7, -4.919e-6, -5.236e-7
0.450, -5.318e-6, -6.462e-7, -5.848e-6, -6.493e-7, -6.153e-6, -6.460e-7, -4.914e-6, -5.356e-7
0.449, -5.315e-6, -6.413e-7, -5.854e-6, -6.551e-7, -6.182e-6, -6.476e-7, -4.903e-6, -5.278e-7
0.448, -5.323e-6, -6.446e-7, -5.842e-6, -6.444e-7, -6.166e-6, -6.454e-7, -4.929e-6, -5.288e-7
0.447, -5.325e-6, -6.399e-7, -5.861e-6, -6.512e-7, -6.176e-6, -6.509e-7, -4.921e-6, -5.335e-7
0.446, -5.342e-6, -6.474e-7, -5.861e-6, -6.602e-7, -6.179e-6, -6.504e-7, -4.926e-6, -5.316e-7
0.445, -5.332e-6, -6.409e-7, -5.877e-6, -6.527e-7, -6.179e-6, -6.463e-7, -4.931e-6, -5.284e-7
0.444, -5.340e-6, -6.514e-7, -5.869e-6, -6.593e-7, -6.184e-6, -6.467e-7, -4.936e-6, -5.250e-7
0.443, -5.341e-6, -6.470e-7, -5.875e-6, -6.540e-7, -6.195e-6, -6.484e-7, -4.933e-6, -5.293e-7
0.442, -5.340e-6, -6.481e-7, -5.880e-6, -6.489e-7, -6.189e-6, -6.519e-7, -4.932e-6, -5.335e-7
0.441, -5.363e-6, -6.469e-7, -5.900e-6, -6.555e-7, -6.190e-6, -6.535e-7, -4.934e-6, -5.285e-7
0.440, -5.354e-6, -6.458e-7, -5.892e-6, -6.587e-7, -6.195e-6, -6.441e-7, -4.951e-6, -5.312e-7
0.439, -5.364e-6, -6.449e-7, -5.883e-6, -6.445e-7, -6.195e-6, -6.513e-7, -4.959e-6, -5.365e-7
0.438, -5.367e-6, -6.421e-7, -5.903e-6, -6.517e-7, -6.208e-6, -6.505e-7, -4.933e-6, -5.335e-7
0.437, -5.369e-6, -6.471e-7, -5.906e-6, -6.632e-7, -6.210e-6, -6.489e-7, -4.950e-6, -5.265e-7
0.436, -5.370e-6, -6.537e-7, -5.920e-6, -6.546e-7, -6.218e-6, -6.417e-7, -4.952e-6, -5.276e-7
0.435, -5.380e-6, -6.444e-7, -5.912e-6, -6.548e-7, -6.218e-6, -6.509e-7, -4.955e-6, -5.328e-7
0.434, -5.391e-6, -6.475e-7, -5.922e-6, -6.535e-7, -6.216e-6, -6.483e-7, -4.962e-6, -5.334e-7
0.433, -5.382e-6, -6.456e-7, -5.909e-6, -6.569e-7, -6.228e-6, -6.533e-7, -4.976e-6, -5.259e-7
0.432, -5.401e-6, -6.523e-7, -5.931e-6, -6.628e-7, -6.215e-6, -6.446e-7, -4.971e-6, -5.240e-7
0.431, -5.385e-6, -6.549e-7, -5.940e-6, -6.667e-7, -6.238e-6, -6.512e-7, -4.970e-6, -5.290e-7
0.430, -5.383e-6, -6.422e-7, -5.928e-6, -6.517e-7, -6.243e-6, -6.559e-7, -4.984e-6, -5.331e-7
0.429, -5.408e-6, -6.512e-7, -5.942e-6, -6.526e-7, -6.239e-6, -6.465e-7, -4.984e-6, -5.388e-7
0.428, -5.402e-6, -6.554e-7, -5.946e-6, -6.666e-7, -6.238e-6, -6.469e-7, -4.989e-6, -5.242e-7
0.427, -5.392e-6, -6.482e-7, -5.950e-6, -6.624e-7, -6.262e-6, -6.574e-7, -4.990e-6, -5.288e-7
0.426, -5.425e-6, -6.508e-7, -5.940e-6, -6.604e-7, -6.251e-6, -6.513e-7, -4.998e-6, -5.312e-7
0.425, -5.409e-6, -6.522e-7, -5.945e-6, -6.690e-7, -6.261e-6, -6.531e-7, -5.010e-6, -5.292e-7
0.424, -5.426e-6, -6.519e-7, -5.956e-6, -6.610e-7, -6.252e-6, -6.542e-7, -5.002e-6, -5.337e-7
0.423, -5.423e-6, -6.525e-7, -5.968e-6, -6.592e-7, -6.255e-6, -6.510e-7, -4.997e-6, -5.356e-7
0.422, -5.426e-6, -6.611e-7, -5.983e-6, -6.570e-7, -6.258e-6, -6.574e-7, -5.002e-6, -5.325e-7
0.421, -5.424e-6, -6.489e-7, -5.968e-6, -6.582e-7, -6.262e-6, -6.586e-7, -5.003e-6, -5.368e-7
0.420, -5.414e-6, -6.653e-7, -5.975e-6, -6.646e-7, -6.284e-6, -6.513e-7, -5.005e-6, -5.341e-7
0.419, -5.427e-6, -6.497e-7, -5.977e-6, -6.614e-7, -6.284e-6, -6.622e-7, -5.011e-6, -5.394e-7
0.418, -5.430e-6, -6.562e-7, -5.978e-6, -6.653e-7, -6.285e-6, -6.582e-7, -5.013e-6, -5.374e-7
0.417, -5.441e-6, -6.513e-7, -5.998e-6, -6.667e-7, -6.278e-6, -6.623e-7, -5.012e-6, -5.422e-7
0.416, -5.441e-6, -6.550e-7, -6.001e-6, -6.569e-7, -6.289e-6, -6.613e-7, -5.001e-6, -5.418e-7
0.415, -5.469e-6, -6.563e-7, -5.989e-6, -6.692e-7, -6.282e-6, -6.605e-7, -5.029e-6, -5.412e-7
0.414, -5.461e-6, -6.537e-7, -6.012e-6, -6.650e-7, -6.292e-6, -6.617e-7, -5.026e-6, -5.351e-7
0.413, -5.452e-6, -6.528e-7, -6.000e-6, -6.641e-7, -6.303e-6, -6.634e-7, -5.032e-6, -5.445e-7
0.412, -5.461e-6, -6.526e-7, -6.003e-6, -6.632e-7, -6.294e-6, -6.671e-7, -5.024e-6, -5.400e-7
0.411, -5.466e-6, -6.579e-7, -6.021e-6, -6.635e-7, -6.294e-6, -6.598e-7, -5.040e-6, -5.413e-7
0.410, -5.472e-6, -6.586e-7, -6.025e-6, -6.628e-7, -6.311e-6, -6.629e-7, -5.034e-6, -5.494e-7
0.409, -5.472e-6, -6.587e-7, -6.031e-6, -6.661e-7, -6.295e-6, -6.628e-7, -5.026e-6, -5.437e-7
0.408, -5.468e-6, -6.607e-7, -6.018e-6, -6.715e-7, -6.313e-6, -6.580e-7, -5.052e-6, -5.353e-7
0.407, -5.489e-6, -6.632e-7, -6.031e-6, -6.646e-7, -6.333e-6, -6.581e-7, -5.053e-6, -5.456e-7
0.406, -5.468e-6, -6.613e-7, -6.032e-6, -6.619e-7, -6.335e-6, -6.631e-7, -5.054e-6, -5.434e-7
0.405, -5.490e-6, -6.622e-7, -6.040e-6, -6.634e-7, -6.317e-6, -6.619e-7, -5.065e-6, -5.434e-7
0.404, -5.513e-6, -6.570e-7, -6.045e-6, -6.611e-7, -6.322e-6, -6.627e-7, -5.069e-6, -5.399e-7
0.403, -5.496e-6, -6.654e-7, -6.049e-6, -6.669e-7, -6.337e-6, -6.629e-7, -5.075e-6, -5.436e-7
0.402, -5.495e-6, -6.594e-7, -6.060e-6, -6.701e-7, -6.344e-6, -6.648e-7, -5.066e-6, -5.427e-7
0.401, -5.508e-6, -6.547e-7, -6.070e-6, -6.642e-7, -6.349e-6, -6.648e-7, -5.069e-6, -5.413e-7
0.400, -5.508e-6, -6.662e-7, -6.079e-6, -6.709e-7, -6.360e-6, -6.589e-7, -5.065e-6, -5.384e-7
0.399, -5.525e-6, -6.558e-7, -6.078e-6, -6.614e-7, -6.351e-6, -6.619e-7, -5.073e-6, -5.417e-7
0.398, -5.524e-6, -6.618e-7, -6.084e-6, -6.691e-7, -6.371e-6, -6.648e-7, -5.069e-6, -5.400e-7
0.397, -5.526e-6, -6.638e-7, -6.095e-6, -6.699e-7, -6.366e-6, -6.598e-7, -5.080e-6, -5.409e-7
0.396, -5.542e-6, -6.634e-7, -6.106e-6, -6.776e-7, -6.373e-6, -6.576e-7, -5.081e-6, -5.358e-7
0.395, -5.518e-6, -6.639e-7, -6.102e-6, -6.698e-7, -6.387e-6, -6.597e-7, -5.087e-6, -5.417e-7
0.394, -5.558e-6, -6.551e-7, -6.106e-6, -6.649e-7, -6.381e-6, -6.708e-7, -5.097e-6, -5.440e-7
0.393, -5.546e-6, -6.542e-7, -6.107e-6, -6.711e-7, -6.383e-6, -6.750e-7, -5.112e-6, -5.390e-7
0.392, -5.552e-6, -6.598e-7, -6.120e-6, -6.633e-7, -6.394e-6, -6.629e-7, -5.104e-6, -5.473e-7
0.391, -5.561e-6, -6.578e-7, -6.106e-6, -6.669e-7, -6.411e-6, -6.667e-7, -5.126e-6, -5.466e-7
0.390, -5.561e-6, -6.552e-7, -6.141e-6, -6.689e-7, -6.407e-6, -6.753e-7, -5.095e-6, -5.458e-7
0.389, -5.581e-6, -6.551e-7, -6.135e-6, -6.739e-7, -6.411e-6, -6.700e-7, -5.117e-6, -5.401e-7
0.388, -5.575e-6, -6.635e-7, -6.147e-6, -6.706e-7, -6.417e-6, -6.605e-7, -5.129e-6, -5.412e-7
0.387, -5.573e-6, -6.561e-7, -6.140e-6, -6.692e-7, -6.429e-6, -6.661e-7, -5.126e-6, -5.447e-7
0.386, -5.603e-6, -6.594e-7, -6.151e-6, -6.700e-7, -6.421e-6, -6.652e-7, -5.134e-6, -5.394e-7
0.385, -5.599e-6, -6.618e-7, -6.176e-6, -6.715e-7, -6.426e-6, -6.639e-7, -5.128e-6, -5.412e-7
0.384, -5.586e-6, -6.529e-7, -6.155e-6, -6.690e-7, -6.433e-6, -6.693e-7, -5.132e-6, -5.399e-7
0.383, -5.610e-6, -6.638e-7, -6.156e-6, -6.721e-7, -6.433e-6, -6.678e-7, -5.152e-6, -5.378e-7
0.382, -5.605e-6, -6.627e-7, -6.169e-6, -6.747e-7, -6.444e-6, -6.600e-7, -5.153e-6, -5.347e-7
0.381, -5.606e-6, -6.613e-7, -6.197e-6, -6.646e-7, -6.462e-6, -6.658e-7, -5.150e-6, -5.417e-7
0.380, -5.621e-6, -6.553e-7, -6.193e-6, -6.726e-7, -6.468e-6, -6.733e-7, -5.152e-6, -5.360e-7
0.379, -5.622e-6, -6.661e-7, -6.190e-6, -6.794e-7, -6.456e-6, -6.619e-7, -5.166e-6, -5.372e-7
0.378, -5.620e-6, -6.660e-7, -6.191e-6, -6.715e-7, -6.472e-6, -6.655e-7, -5.179e-6, -5.411e-7
0.377, -5.637e-6, -6.607e-7, -6.201e-6, -6.669e-7, -6.485e-6, -6.648e-7, -5.192e-6, -5.435e-7
0.376, -5.633e-6, -6.627e-7, -6.217e-6, -6.717e-7, -6.481e-6, -6.647e-7, -5.176e-6, -5.395e-7
0.375, -5.655e-6, -6.627e-7, -6.214e-6, -6.701e-7, -6.496e-6, -6.623e-7, -5.194e-6, -5.432e-7
0.374, -5.661e-6, -6.658e-7, -6.222e-6, -6.726e-7, -6.512e-6, -6.594e-7, -5.209e-6, -5.396e-7
0.373, -5.669e-6, -6.650e-7, -6.231e-6, -6.785e-7, -6.500e-6, -6.613e-7, -5.201e-6, -5.314e-7
0.372, -5.683e-6, -6.599e-7, -6.243e-6, -6.761e-7, -6.502e-6, -6.691e-7, -5.199e-6, -5.305e-7
0.371, -5.674e-6, -6.625e-7, -6.258e-6, -6.649e-7, -6.518e-6, -6.644e-7, -5.200e-6, -5.455e-7
0.370, -5.690e-6, -6.666e-7, -6.262e-6, -6.668e-7, -6.517e-6, -6.645e-7, -5.228e-6, -5.399e-7
0.369, -5.697e-6, -6.622e-7, -6.258e-6, -6.725e-7, -6.517e-6, -6.684e-7, -5.229e-6, -5.422e-7
0.368, -5.703e-6, -6.671e-7, -6.279e-6, -6.672e-7, -6.527e-6, -6.680e-7, -5.219e-6, -5.404e-7
0.367, -5.712e-6, -6.722e-7, -6.279e-6, -6.795e-7, -6.553e-6, -6.617e-7, -5.240e-6, -5.266e-7
0.366, -5.704e-6, -6.647e-7, -6.303e-6, -6.642e-7, -6.555e-6, -6.625e-7, -5.224e-6, -5.360e-7
0.365, -5.728e-6, -6.638e-7, -6.298e-6, -6.810e-7, -6.548e-6, -6.589e-7, -5.249e-6, -5.303e-7
0.364, -5.726e-6, -6.630e-7, -6.306e-6, -6.712e-7, -6.569e-6, -6.601e-7, -5.262e-6, -5.345e-7
0.363, -5.737e-6, -6.600e-7, -6.320e-6, -6.751e-7, -6.582e-6, -6.677e-7, -5.268e-6, -5.358e-7
0.362, -5.736e-6, -6.573e-7, -6.322e-6, -6.787e-7, -6.582e-6, -6.695e-7, -5.265e-6, -5.314e-7
0.361, -5.749e-6, -6.620e-7, -6.330e-6, -6.691e-7, -6.590e-6, -6.575e-7, -5.278e-6, -5.339e-7
0.360, -5.767e-6, -6.599e-7, -6.347e-6, -6.715e-7, -6.592e-6, -6.595e-7, -5.273e-6, -5.362e-7
0.359, -5.766e-6, -6.700e-7, -6.356e-6, -6.726e-7, -6.613e-6, -6.559e-7, -5.300e-6, -5.302e-7
0.358, -5.782e-6, -6.616e-7, -6.366e-6, -6.659e-7, -6.619e-6, -6.628e-7, -5.299e-6, -5.400e-7
0.357, -5.783e-6, -6.580e-7, -6.358e-6, -6.650e-7, -6.624e-6, -6.600e-7, -5.322e-6, -5.387e-7
0.356, -5.800e-6, -6.654e-7, -6.377e-6, -6.663e-7, -6.633e-6, -6.619e-7, -5.315e-6, -5.376e-7
0.355, -5.816e-6, -6.630e-7, -6.386e-6, -6.693e-7, -6.653e-6, -6.623e-7, -5.335e-6, -5.360e-7
0.354, -5.797e-6, -6.620e-7, -6.408e-6, -6.760e-7, -6.653e-6, -6.608e-7, -5.318e-6, -5.299e-7
0.353, -5.828e-6, -6.690e-7, -6.407e-6, -6.721e-7, -6.662e-6, -6.612e-7, -5.352e-6, -5.347e-7
0.352, -5.833e-6, -6.669e-7, -6.426e-6, -6.714e-7, -6.676e-6, -6.598e-7, -5.343e-6, -5.380e-7
0.351, -5.847e-6, -6.638e-7, -6.440e-6, -6.797e-7, -6.695e-6, -6.622e-7, -5.355e-6, -5.262e-7
0.350, -5.851e-6, -6.636e-7, -6.439e-6, -6.726e-7, -6.696e-6, -6.631e-7, -5.359e-6, -5.323e-7
0.349, -5.848e-6, -6.637e-7, -6.463e-6, -6.740e-7, -6.715e-6, -6.596e-7, -5.370e-6, -5.310e-7
0.348, -5.878e-6, -6.703e-7, -6.454e-6, -6.700e-7, -6.708e-6, -6.613e-7, -5.399e-6, -5.359e-7
0.347, -5.864e-6, -6.691e-7, -6.482e-6, -6.780e-7, -6.731e-6, -6.629e-7, -5.397e-6, -5.375e-7
0.346, -5.898e-6, -6.702e-7, -6.491e-6, -6.712e-7, -6.740e-6, -6.610e-7, -5.411e-6, -5.378e-7
0.345, -5.893e-6, -6.629e-7, -6.484e-6, -6.749e-7, -6.738e-6, -6.678e-7, -5.421e-6, -5.341e-7
0.344, -5.895e-6, -6.646e-7, -6.503e-6, -6.749e-7, -6.772e-6, -6.673e-7, -5.422e-6, -5.380e-7
0.343, -5.925e-6, -6.716e-7, -6.517e-6, -6.720e-7, -6.757e-6, -6.641e-7, -5.421e-6, -5.406e-7
0.342, -5.911e-6, -6.603e-7, -6.521e-6, -6.756e-7, -6.781e-6, -6.738e-7, -5.439e-6, -5.396e-7
0.341, -5.923e-6, -6.805e-7, -6.528e-6, -6.806e-7, -6.778e-6, -6.644e-7, -5.435e-6, -5.383e-7
0.340, -5.951e-6, -6.709e-7, -6.539e-6, -6.800e-7, -6.787e-6, -6.684e-7, -5.447e-6, -5.373e-7
0.339, -5.956e-6, -6.724e-7, -6.558e-6, -6.754e-7, -6.787e-6, -6.684e-7, -5.460e-6, -5.413e-7
0.338, -5.972e-6, -6.702e-7, -6.560e-6, -6.737e-7, -6.798e-6, -6.678e-7, -5.469e-6, -5.420e-7
0.337, -5.969e-6, -6.702e-7, -6.574e-6, -6.821e-7, -6.823e-6, -6.722e-7, -5.477e-6, -5.421e-7
0.336, -5.953e-6, -6.801e-7, -6.578e-6, -6.858e-7, -6.837e-6, -6.679e-7, -5.484e-6, -5.362e-7
0.335, -5.994e-6, -6.687e-7, -6.603e-6, -6.798e-7, -6.838e-6, -6.720e-7, -5.484e-6, -5.426e-7
0.334, -6.004e-6, -6.770e-7, -6.606e-6, -6.853e-7, -6.854e-6, -6.672e-7, -5.499e-6, -5.354e-7
0.333, -6.011e-6, -6.735e-7, -6.626e-6, -6.834e-7, -6.863e-6, -6.721e-7, -5.498e-6, -5.403e-7
0.332, -6.031e-6, -6.730e-7, -6.614e-6, -6.798e-7, -6.868e-6, -6.699e-7, -5.526e-6, -5.433e-7
0.331, -6.024e-6, -6.760e-7, -6.644e-6, -6.879e-7, -6.892e-6, -6.629e-7, -5.525e-6, -5.396e-7
0.330, -6.055e-6, -6.836e-7, -6.657e-6, -6.782e-7, -6.895e-6, -6.576e-7, -5.542e-6, -5.433e-7
0.329, -6.057e-6, -6.714e-7, -6.673e-6, -6.793e-7, -6.915e-6, -6.669e-7, -5.561e-6, -5.397e-7
0.328, -6.071e-6, -6.683e-7, -6.672e-6, -6.767e-7, -6.916e-6, -6.705e-7, -5.573e-6, -5.413e-7
0.327, -6.084e-6, -6.684e-7, -6.705e-6, -6.731e-7, -6.935e-6, -6.645e-7, -5.576e-6, -5.432e-7
0.326, -6.095e-6, -6.734e-7, -6.710e-6, -6.739e-7, -6.951e-6, -6.616e-7, -5.591e-6, -5.376e-7
0.325, -6.124e-6, -6.659e-7, -6.734e-6, -6.773e-7, -6.959e-6, -6.705e-7, -5.597e-6, -5.319e-7
0.324, -6.122e-6, -6.710e-7, -6.746e-6, -6.799e-7, -6.984e-6, -6.618e-7, -5.623e-6, -5.323e-7
0.323, -6.137e-6, -6.632e-7, -6.762e-6, -6.759e-7, -6.986e-6, -6.747e-7, -5.633e-6, -5.307e-7
0.322, -6.149e-6, -6.719e-7, -6.795e-6, -6.737e-7, -7.021e-6, -6.635e-7, -5.622e-6, -5.404e-7
0.321, -6.172e-6, -6.701e-7, -6.785e-6, -6.820e-7, -7.024e-6, -6.661e-7, -5.652e-6, -5.268e-7
0.320, -6.183e-6, -6.709e-7, -6.794e-6, -6.803e-7, -7.044e-6, -6.583e-7, -5.669e-6, -5.305e-7
0.319, -6.207e-6, -6.680e-7, -6.802e-6, -6.769e-7, -7.049e-6, -6.660e-7, -5.691e-6, -5.343e-7
0.318, -6.213e-6, -6.667e-7, -6.850e-6, -6.903e-7, -7.087e-6, -6.713e-7, -5.694e-6, -5.256e-7
0.317, -6.239e-6, -6.701e-7, -6.843e-6, -6.776e-7, -7.093e-6, -6.668e-7, -5.713e-6, -5.326e-7
0.316, -6.259e-6, -6.687e-7, -6.881e-6, -6.801e-7, -7.107e-6, -6.648e-7, -5.726e-6, -5.329e-7
0.315, -6.272e-6, -6.709e-7, -6.898e-6, -6.804e-7, -7.124e-6, -6.626e-7, -5.733e-6, -5.309e-7
0.314, -6.294e-6, -6.750e-7, -6.924e-6, -6.740e-7, -7.141e-6, -6.622e-7, -5.751e-6, -5.354e-7
0.313, -6.310e-6, -6.731e-7, -6.938e-6, -6.821e-7, -7.151e-6, -6.570e-7, -5.760e-6, -5.304e-7
0.312, -6.318e-6, -6.701e-7, -6.949e-6, -6.810e-7, -7.185e-6, -6.641e-7, -5.771e-6, -5.331e-7
0.311, -6.334e-6, -6.670e-7, -6.967e-6, -6.814e-7, -7.200e-6, -6.705e-7, -5.801e-6, -5.347e-7
0.310, -6.362e-6, -6.741e-7, -6.975e-6, -6.774e-7, -7.217e-6, -6.697e-7, -5.808e-6, -5.372e-7
0.309, -6.367e-6, -6.704e-7, -7.016e-6, -6.743e-7, -7.230e-6, -6.649e-7, -5.816e-6, -5.336e-7
0.308, -6.399e-6, -6.766e-7, -7.051e-6, -6.866e-7, -7.249e-6, -6.607e-7, -5.835e-6, -5.262e-7
0.307, -6.407e-6, -6.740e-7, -7.042e-6, -6.860e-7, -7.271e-6, -6.655e-7, -5.860e-6, -5.267e-7
0.306, -6.433e-6, -6.712e-7, -7.070e-6, -6.756e-7, -7.291e-6, -6.613e-7, -5.874e-6, -5.375e-7
0.305, -6.453e-6, -6.777e-7, -7.079e-6, -6.748e-7, -7.303e-6, -6.655e-7, -5.897e-6, -5.372e-7
0.304, -6.472e-6, -6.751e-7, -7.105e-6, -6.804e-7, -7.310e-6, -6.648e-7, -5.895e-6, -5.369e-7
0.303, -6.490e-6, -6.670e-7, -7.131e-6, -6.879e-7, -7.348e-6, -6.719e-7, -5.927e-6, -5.329e-7
0.302, -6.527e-6, -6.744e-7, -7.164e-6, -6.854e-7, -7.357e-6, -6.657e-7, -5.936e-6, -5.315e-7
0.301, -6.538e-6, -6.766e-7, -7.171e-6, -6.845e-7, -7.371e-6, -6.687e-7, -5.958e-6, -5.323e-7
0.300, -6.523e-6, -6.736e-7, -7.189e-6, -6.903e-7, -7.414e-6, -6.724e-7, -5.971e-6, -5.344e-7
0.299, -6.553e-6, -6.808e-7, -7.214e-6, -6.879e-7, -7.435e-6, -6.739e-7, -5.990e-6, -5.356e-7
0.298, -6.598e-6, -6.739e-7, -7.226e-6, -6.825e-7, -7.431e-6, -6.755e-7, -6.022e-6, -5.354e-7
0.297, -6.613e-6, -6.838e-7, -7.249e-6, -6.856e-7, -7.475e-6, -6.654e-7, -6.044e-6, -5.347e-7
0.296, -6.632e-6, -6.707e-7, -7.271e-6, -6.833e-7, -7.483e-6, -6.780e-7, -6.056e-6, -5.351e-7
0.295, -6.638e-6, -6.753e-7, -7.300e-6, -6.823e-7, -7.525e-6, -6.783e-7, -6.067e-6, -5.416e-7
0.294, -6.670e-6, -6.757e-7, -7.311e-6, -6.918e-7, -7.530e-6, -6.732e-7, -6.093e-6, -5.339e-7
0.293, -6.692e-6, -6.709e-7, -7.345e-6, -6.830e-7, -7.555e-6, -6.769e-7, -6.114e-6, -5.338e-7
0.292, -6.714e-6, -6.857e-7, -7.361e-6, -6.927e-7, -7.587e-6, -6.639e-7, -6.142e-6, -5.344e-7
0.291, -6.751e-6, -6.743e-7, -7.409e-6, -6.921e-7, -7.608e-6, -6.732e-7, -6.140e-6, -5.321e-7
0.290, -6.763e-6, -6.790e-7, -7.439e-6, -6.867e-7, -7.635e-6, -6.724e-7, -6.153e-6, -5.369e-7
0.289, -6.788e-6, -6.754e-7, -7.428e-6, -6.931e-7, -7.646e-6, -6.702e-7, -6.202e-6, -5.327e-7
0.288, -6.815e-6, -6.678e-7, -7.476e-6, -6.836e-7, -7.667e-6, -6.787e-7, -6.208e-6, -5.382e-7
0.287, -6.831e-6, -6.746e-7, -7.492e-6, -6.846e-7, -7.704e-6, -6.736e-7, -6.226e-6, -5.441e-7
0.286, -6.872e-6, -6.720e-7, -7.534e-6, -6.808e-7, -7.724e-6, -6.742e-7, -6.253e-6, -5.419e-7
0.285, -6.887e-6, -6.806e-7, -7.539e-6, -6.868e-7, -7.756e-6, -6.734e-7, -6.287e-6, -5.376e-7
0.284, -6.934e-6, -6.806e-7, -7.597e-6, -6.906e-7, -7.764e-6, -6.718e-7, -6.306e-6, -5.331e-7
0.283, -6.949e-6, -6.782e-7, -7.607e-6, -6.886e-7, -7.809e-6, -6.732e-7, -6.333e-6, -5.383e-7
0.282, -6.978e-6, -6.830e-7, -7.640e-6, -6.841e-7, -7.837e-6, -6.658e-7, -6.347e-6, -5.412e-7
0.281, -6.999e-6, -6.726e-7, -7.669e-6, -6.843e-7, -7.860e-6, -6.753e-7, -6.378e-6, -5.337e-7
0.280, -7.036e-6, -6.697e-7, -7.697e-6, -6.883e-7, -7.887e-6, -6.753e-7, -6.393e-6, -5.263e-7
0.279, -7.082e-6, -6.817e-7, -7.745e-6, -6.812e-7, -7.908e-6, -6.671e-7, -6.410e-6, -5.308e-7
0.278, -7.094e-6, -6.714e-7, -7.768e-6, -6.889e-7, -7.951e-6, -6.732e-7, -6.444e-6, -5.299e-7
0.277, -7.130e-6, -6.750e-7, -7.798e-6, -6.848e-7, -7.969e-6, -6.613e-7, -6.467e-6, -5.327e-7
0.276, -7.154e-6, -6.761e-7, -7.828e-6, -6.913e-7, -8.016e-6, -6.680e-7, -6.508e-6, -5.296e-7
0.275, -7.202e-6, -6.796e-7, -7.857e-6, -6.849e-7, -8.039e-6, -6.650e-7, -6.534e-6, -5.254e-7
0.274, -7.239e-6, -6.742e-7, -7.907e-6, -6.870e-7, -8.075e-6, -6.722e-7, -6.553e-6, -5.263e-7
0.273, -7.272e-6, -6.833e-7, -7.918e-6, -6.809e-7, -8.093e-6, -6.651e-7, -6.592e-6, -5.332e-7
0.272, -7.285e-6, -6.706e-7, -7.975e-6, -6.859e-7, -8.138e-6, -6.686e-7, -6.612e-6, -5.288e-7
0.271, -7.333e-6, -6.688e-7, -8.004e-6, -6.861e-7, -8.181e-6, -6.738e-7, -6.642e-6, -5.243e-7
0.270, -7.368e-6, -6.755e-7, -8.028e-6, -6.832e-7, -8.205e-6, -6.665e-7, -6.683e-6, -5.253e-7
0.269, -7.400e-6, -6.782e-7, -8.066e-6, -6.841e-7, -8.247e-6, -6.655e-7, -6.706e-6, -5.265e-7
0.268, -7.443e-6, -6.751e-7, -8.105e-6, -6.868e-7, -8.277e-6, -6.627e-7, -6.752e-6, -5.243e-7
0.267, -7.488e-6, -6.703e-7, -8.159e-6, -6.856e-7, -8.310e-6, -6.695e-7, -6.768e-6, -5.225e-7
0.266, -7.537e-6, -6.797e-7, -8.199e-6, -6.798e-7, -8.349e-6, -6.651e-7, -6.792e-6, -5.260e-7
0.265, -7.564e-6, -6.623e-7, -8.240e-6, -6.849e-7, -8.397e-6, -6.780e-7, -6.830e-6, -5.260e-7
0.264, -7.602e-6, -6.729e-7, -8.258e-6, -6.825e-7, -8.427e-6, -6.694e-7, -6.874e-6, -5.241e-7
0.263, -7.643e-6, -6.699e-7, -8.304e-6, -6.824e-7, -8.474e-6, -6.624e-7, -6.909e-6, -5.242e-7
0.262, -7.699e-6, -6.690e-7, -8.354e-6, -6.849e-7, -8.497e-6, -6.633e-7, -6.935e-6, -5.262e-7
0.261, -7.722e-6, -6.699e-7, -8.392e-6, -6.797e-7, -8.553e-6, -6.635e-7, -6.963e-6, -5.182e-7
0.260, -7.781e-6, -6.707e-7, -8.445e-6, -6.781e-7, -8.593e-6, -6.625e-7, -7.008e-6, -5.295e-7
0.259, -7.821e-6, -6.649e-7, -8.486e-6, -6.820e-7, -8.648e-6, -6.646e-7, -7.048e-6, -5.207e-7
0.258, -7.869e-6, -6.672e-7, -8.537e-6, -6.802e-7, -8.682e-6, -6.680e-7, -7.095e-6, -5.243e-7
0.257, -7.908e-6, -6.698e-7, -8.579e-6, -6.766e-7, -8.731e-6, -6.531e-7, -7.131e-6, -5.227e-7
0.256, -7.967e-6, -6.647e-7, -8.626e-6, -6.790e-7, -8.777e-6, -6.568e-7, -7.161e-6, -5.210e-7
0.255, -8.011e-6, -6.686e-7, -8.676e-6, -6.812e-7, -8.820e-6, -6.542e-7, -7.200e-6, -5.109e-7
0.254, -8.052e-6, -6.688e-7, -8.728e-6, -6.812e-7, -8.872e-6, -6.547e-7, -7.268e-6, -5.145e-7
0.253, -8.118e-6, -6.622e-7, -8.775e-6, -6.730e-7, -8.905e-6, -6.560e-7, -7.291e-6, -5.182e-7
0.252, -8.167e-6, -6.625e-7, -8.838e-6, -6.774e-7, -8.977e-6, -6.593e-7, -7.340e-6, -5.140e-7
0.251, -8.212e-6, -6.638e-7, -8.891e-6, -6.750e-7, -9.015e-6, -6.549e-7, -7.375e-6, -5.138e-7
0.250, -8.271e-6, -6.667e-7, -8.936e-6, -6.692e-7, -9.085e-6, -6.444e-7, -7.441e-6, -5.159e-7
0.249, -8.330e-6, -6.661e-7, -8.991e-6, -6.721e-7, -9.134e-6, -6.519e-7, -7.486e-6, -5.081e-7
0.248, -8.391e-6, -6.626e-7, -9.062e-6, -6.713e-7, -9.183e-6, -6.533e-7, -7.513e-6, -5.117e-7
0.247, -8.434e-6, -6.620e-7, -9.111e-6, -6.735e-7, -9.249e-6, -6.518e-7, -7.579e-6, -5.068e-7
0.246, -8.523e-6, -6.533e-7, -9.185e-6, -6.710e-7, -9.298e-6, -6.566e-7, -7.625e-6, -5.132e-7
0.245, -8.571e-6, -6.605e-7, -9.218e-6, -6.730e-7, -9.357e-6, -6.442e-7, -7.684e-6, -5.072e-7
0.244, -8.628e-6, -6.660e-7, -9.300e-6, -6.645e-7, -9.438e-6, -6.448e-7, -7.733e-6, -5.098e-7
0.243, -8.705e-6, -6.551e-7, -9.380e-6, -6.756e-7, -9.501e-6, -6.475e-7, -7.782e-6, -4.996e-7
0.242, -8.785e-6, -6.573e-7, -9.427e-6, -6.708e-7, -9.553e-6, -6.448e-7, -7.850e-6, -5.003e-7
0.241, -8.840e-6, -6.494e-7, -9.511e-6, -6.664e-7, -9.623e-6, -6.479e-7, -7.911e-6, -5.080e-7
0.240, -8.905e-6, -6.452e-7, -9.589e-6, -6.678e-7, -9.702e-6, -6.511e-7, -7.957e-6, -5.085e-7
0.239, -8.989e-6, -6.529e-7, -9.641e-6, -6.676e-7, -9.761e-6, -6.429e-7, -8.041e-6, -5.046e-7
0.238, -9.067e-6, -6.557e-7, -9.715e-6, -6.606e-7, -9.833e-6, -6.427e-7, -8.108e-6, -5.023e-7
0.237, -9.117e-6, -6.540e-7, -9.801e-6, -6.712e-7, -9.925e-6, -6.377e-7, -8.148e-6, -4.989e-7
0.236, -9.232e-6, -6.466e-7, -9.883e-6, -6.699e-7, -9.988e-6, -6.477e-7, -8.223e-6, -4.933e-7
0.235, -9.297e-6, -6.546e-7, -9.947e-6, -6.615e-7, -1.008e-5, -6.418e-7, -8.303e-6, -4.942e-7
0.234, -9.392e-6, -6.556e-7, -1.004e-5, -6.550e-7, -1.014e-5, -6.400e-7, -8.361e-6, -5.051e-7
0.233, -9.483e-6, -6.593e-7, -1.013e-5, -6.619e-7, -1.023e-5, -6.380e-7, -8.435e-6, -4.958e-7
0.232, -9.559e-6, -6.486e-7, -1.021e-5, -6.627e-7, -1.032e-5, -6.390e-7, -8.513e-6, -4.969e-7
0.231, -9.652e-6, -6.504e-7, -1.031e-5, -6.528e-7, -1.041e-5, -6.432e-7, -8.581e-6, -5.046e-7
0.230, -9.736e-6, -6.526e-7, -1.039e-5, -6.551e-7, -1.050e-5, -6.376e-7, -8.664e-6, -4.965e-7
0.229, -9.854e-6, -6.500e-7, -1.049e-5, -6.665e-7, -1.058e-5, -6.381e-7, -8.728e-6, -4.901e-7
0.228, -9.938e-6, -6.499e-7, -1.059e-5, -6.525e-7, -1.069e-5, -6.358e-7, -8.824e-6, -5.016e-7
0.227, -1.003e-5, -6.489e-7, -1.067e-5, -6.606e-7, -1.078e-5, -6.399e-7, -8.909e-6, -4.902e-7
0.226, -1.014e-5, -6.423e-7, -1.078e-5, -6.545e-7, -1.087e-5, -6.375e-7, -8.982e-6, -4.943e-7
0.225, -1.025e-5, -6.484e-7, -1.091e-5, -6.681e-7, -1.098e-5, -6.308e-7, -9.062e-6, -4.878e-7
0.224, -1.034e-5, -6.432e-7, -1.099e-5, -6.564e-7, -1.108e-5, -6.363e-7, -9.148e-6, -4.915e-7
0.223, -1.046e-5, -6.474e-7, -1.110e-5, -6.588e-7, -1.118e-5, -6.336e-7, -9.239e-6, -4.900e-7
0.222, -1.058e-5, -6.427e-7, -1.120e-5, -6.534e-7, -1.128e-5, -6.342e-7, -9.331e-6, -4.910e-7
0.221, -1.069e-5, -6.448e-7, -1.132e-5, -6.551e-7, -1.140e-5, -6.314e-7, -9.423e-6, -4.921e-7
0.220, -1.081e-5, -6.434e-7, -1.145e-5, -6.570e-7, -1.151e-5, -6.314e-7, -9.519e-6, -4.849e-7
0.219, -1.092e-5, -6.479e-7, -1.154e-5, -6.494e-7, -1.163e-5, -6.275e-7, -9.636e-6, -4.930e-7
0.218, -1.107e-5, -6.409e-7, -1.167e-5, -6.498e-7, -1.175e-5, -6.345e-7, -9.733e-6, -4.931e-7
0.217, -1.118e-5, -6.429e-7, -1.180e-5, -6.485e-7, -1.186e-5, -6.322e-7, -9.830e-6, -4.876e-7
0.216, -1.130e-5, -6.392e-7, -1.192e-5, -6.546e-7, -1.199e-5, -6.331e-7, -9.938e-6, -4.798e-7
0.215, -1.145e-5, -6.479e-7, -1.206e-5, -6.489e-7, -1.210e-5, -6.211e-7, -1.004e-5, -4.824e-7
0.214, -1.158e-5, -6.379e-7, -1.217e-5, -6.544e-7, -1.223e-5, -6.296e-7, -1.015e-5, -4.817e-7
0.213, -1.170e-5, -6.440e-7, -1.231e-5, -6.549e-7, -1.237e-5, -6.170e-7, -1.026e-5, -4.796e-7
0.212, -1.186e-5, -6.356e-7, -1.243e-5, -6.524e-7, -1.251e-5, -6.325e-7, -1.039e-5, -4.794e-7
0.211, -1.199e-5, -6.367e-7, -1.257e-5, -6.406e-7, -1.264e-5, -6.312e-7, -1.049e-5, -4.873e-7
0.210, -1.214e-5, -6.372e-7, -1.273e-5, -6.525e-7, -1.278e-5, -6.262e-7, -1.061e-5, -4.781e-7
0.209, -1.229e-5, -6.382e-7, -1.286e-5, -6.429e-7, -1.293e-5, -6.180e-7, -1.073e-5, -4.798e-7
0.208, -1.244e-5, -6.237e-7, -1.300e-5, -6.454e-7, -1.305e-5, -6.292e-7, -1.085e-5, -4.804e-7
0.207, -1.258e-5, -6.338e-7, -1.316e-5, -6.410e-7, -1.322e-5, -6.250e-7, -1.097e-5, -4.818e-7
0.206, -1.274e-5, -6.282e-7, -1.331e-5, -6.443e-7, -1.335e-5, -6.248e-7, -1.109e-5, -4.745e-7
0.205, -1.290e-5, -6.303e-7, -1.345e-5, -6.418e-7, -1.350e-5, -6.193e-7, -1.123e-5, -4.754e-7
0.204, -1.305e-5, -6.306e-7, -1.362e-5, -6.437e-7, -1.365e-5, -6.185e-7, -1.135e-5, -4.755e-7
0.203, -1.323e-5, -6.343e-7, -1.375e-5, -6.400e-7, -1.379e-5, -6.113e-7, -1.148e-5, -4.681e-7
0.202, -1.339e-5, -6.316e-7, -1.392e-5, -6.379e-7, -1.396e-5, -6.199e-7, -1.161e-5, -4.771e-7
0.201, -1.355e-5, -6.315e-7, -1.407e-5, -6.405e-7, -1.412e-5, -6.121e-7, -1.175e-5, -4.716e-7
0.200, -1.371e-5, -6.308e-7, -1.423e-5, -6.471e-7, -1.427e-5, -6.154e-7, -1.188e-5, -4.669e-7
0.199, -1.387e-5, -6.279e-7, -1.439e-5, -6.344e-7, -1.444e-5, -6.091e-7, -1.202e-5, -4.710e-7
0.198, -1.404e-5, -6.307e-7, -1.457e-5, -6.402e-7, -1.460e-5, -6.089e-7, -1.214e-5, -4.648e-7
0.197, -1.421e-5, -6.232e-7, -1.472e-5, -6.301e-7, -1.476e-5, -6.123e-7, -1.227e-5, -4.716e-7
0.196, -1.440e-5, -6.307e-7, -1.491e-5, -6.341e-7, -1.492e-5, -6.074e-7, -1.241e-5, -4.649e-7
0.195, -1.458e-5, -6.235e-7, -1.507e-5, -6.391e-7, -1.508e-5, -6.163e-7, -1.256e-5, -4.605e-7
0.194, -1.475e-5, -6.319e-7, -1.524e-5, -6.384e-7, -1.524e-5, -6.021e-7, -1.268e-5, -4.617e-7
0.193, -1.492e-5, -6.218e-7, -1.539e-5, -6.311e-7, -1.541e-5, -6.077e-7, -1.283e-5, -4.672e-7
0.192, -1.508e-5, -6.184e-7, -1.555e-5, -6.339e-7, -1.558e-5, -6.032e-7, -1.298e-5, -4.605e-7
0.191, -1.526e-5, -6.280e-7, -1.571e-5, -6.335e-7, -1.575e-5, -6.026e-7, -1.313e-5, -4.600e-7
0.190, -1.546e-5, -6.269e-7, -1.589e-5, -6.279e-7, -1.592e-5, -6.006e-7, -1.326e-5, -4.607e-7
0.189, -1.563e-5, -6.208e-7, -1.606e-5, -6.262e-7, -1.608e-5, -6.011e-7, -1.338e-5, -4.582e-7
0.188, -1.580e-5, -6.188e-7, -1.621e-5, -6.355e-7, -1.625e-5, -6.035e-7, -1.355e-5, -4.499e-7
0.187, -1.599e-5, -6.237e-7, -1.639e-5, -6.251e-7, -1.641e-5, -5.960e-7, -1.369e-5, -4.511e-7
0.186, -1.616e-5, -6.335e-7, -1.653e-5, -6.354e-7, -1.657e-5, -5.948e-7, -1.384e-5, -4.507e-7
0.185, -1.633e-5, -6.194e-7, -1.672e-5, -6.317e-7, -1.674e-5, -5.976e-7, -1.396e-5, -4.500e-7
0.184, -1.651e-5, -6.215e-7, -1.687e-5, -6.300e-7, -1.688e-5, -5.960e-7, -1.409e-5, -4.480e-7
0.183, -1.666e-5, -6.177e-7, -1.703e-5, -6.229e-7, -1.707e-5, -5.994e-7, -1.425e-5, -4.477e-7
0.182, -1.685e-5, -6.168e-7, -1.718e-5, -6.304e-7, -1.722e-5, -5.984e-7, -1.438e-5, -4.485e-7
0.181, -1.702e-5, -6.156e-7, -1.734e-5, -6.247e-7, -1.737e-5, -5.962e-7, -1.451e-5, -4.488e-7
0.180, -1.718e-5, -6.124e-7, -1.751e-5, -6.290e-7, -1.754e-5, -5.921e-7, -1.463e-5, -4.380e-7
0.179, -1.736e-5, -6.072e-7, -1.766e-5, -6.156e-7, -1.768e-5, -5.952e-7, -1.478e-5, -4.505e-7
0.178, -1.751e-5, -6.140e-7, -1.781e-5, -6.240e-7, -1.785e-5, -5.865e-7, -1.491e-5, -4.418e-7
0.177, -1.767e-5, -6.125e-7, -1.797e-5, -6.213e-7, -1.799e-5, -5.846e-7, -1.502e-5, -4.404e-7
0.176, -1.783e-5, -6.072e-7, -1.810e-5, -6.206e-7, -1.813e-5, -5.885e-7, -1.514e-5, -4.328e-7
0.175, -1.798e-5, -6.050e-7, -1.825e-5, -6.226e-7, -1.828e-5, -5.889e-7, -1.527e-5, -4.358e-7
0.174, -1.813e-5, -6.127e-7, -1.839e-5, -6.185e-7, -1.844e-5, -5.801e-7, -1.539e-5, -4.364e-7
0.173, -1.828e-5, -6.121e-7, -1.850e-5, -6.218e-7, -1.855e-5, -5.788e-7, -1.552e-5, -4.314e-7
0.172, -1.841e-5, -6.125e-7, -1.863e-5, -6.192e-7, -1.869e-5, -5.800e-7, -1.564e-5, -4.331e-7
0.171, -1.857e-5, -6.108e-7, -1.877e-5, -6.135e-7, -1.881e-5, -5.783e-7, -1.573e-5, -4.264e-7
0.170, -1.869e-5, -6.090e-7, -1.888e-5, -6.196e-7, -1.897e-5, -5.766e-7, -1.587e-5, -4.256e-7
0.169, -1.883e-5, -6.051e-7, -1.900e-5, -6.150e-7, -1.908e-5, -5.764e-7, -1.594e-5, -4.262e-7
0.168, -1.893e-5, -6.028e-7, -1.913e-5, -6.166e-7, -1.920e-5, -5.748e-7, -1.605e-5, -4.223e-7
0.167, -1.906e-5, -6.026e-7, -1.921e-5, -6.147e-7, -1.930e-5, -5.696e-7, -1.616e-5, -4.190e-7
0.166, -1.918e-5, -6.049e-7, -1.933e-5, -6.157e-7, -1.942e-5, -5.703e-7, -1.623e-5, -4.211e-7
0.165, -1.928e-5, -6.031e-7, -1.941e-5, -6.140e-7, -1.952e-5, -5.693e-7, -1.634e-5, -4.146e-7
0.164, -1.938e-5, -5.960e-7, -1.950e-5, -6.126e-7, -1.963e-5, -5.732e-7, -1.642e-5, -4.149e-7
0.163, -1.948e-5, -5.950e-7, -1.958e-5, -6.091e-7, -1.970e-5, -5.729e-7, -1.649e-5, -4.120e-7
0.162, -1.956e-5, -6.023e-7, -1.966e-5, -6.122e-7, -1.980e-5, -5.649e-7, -1.657e-5, -4.083e-7
0.161, -1.964e-5, -5.984e-7, -1.972e-5, -6.073e-7, -1.988e-5, -5.618e-7, -1.664e-5, -4.007e-7
0.160, -1.971e-5, -6.017e-7, -1.979e-5, -6.076e-7, -1.995e-5, -5.561e-7, -1.669e-5, -4.055e-7
0.159, -1.978e-5, -5.951e-7, -1.985e-5, -6.068e-7, -2.003e-5, -5.545e-7, -1.676e-5, -4.027e-7
0.158, -1.984e-5, -5.880e-7, -1.991e-5, -6.096e-7, -2.009e-5, -5.623e-7, -1.682e-5, -4.005e-7
0.157, -1.988e-5, -6.006e-7, -1.993e-5, -6.012e-7, -2.013e-5, -5.468e-7, -1.686e-5, -4.038e-7
0.156, -1.993e-5, -5.936e-7, -1.997e-5, -5.991e-7, -2.017e-5, -5.554e-7, -1.690e-5, -4.039e-7
0.155, -1.996e-5, -5.802e-7, -2.002e-5, -6.025e-7, -2.022e-5, -5.599e-7, -1.692e-5, -3.969e-7
0.154, -1.999e-5, -5.899e-7, -2.001e-5, -6.047e-7, -2.025e-5, -5.533e-7, -1.697e-5, -3.919e-7
0.153, -2.000e-5, -5.880e-7, -2.001e-5, -5.998e-7, -2.028e-5, -5.508e-7, -1.699e-5, -3.960e-7
0.152, -2.001e-5, -5.934e-7, -2.003e-5, -5.983e-7, -2.029e-5, -5.369e-7, -1.699e-5, -3.865e-7
0.151, -2.001e-5, -5.846e-7, -2.002e-5, -5.927e-7, -2.031e-5, -5.458e-7, -1.700e-5, -3.883e-7
0.150, -2.001e-5, -5.830e-7, -2.001e-5, -5.965e-7, -2.032e-5, -5.449e-7, -1.701e-5, -3.841e-7
0.149, -1.997e-5, -5.783e-7, -1.998e-5, -5.869e-7, -2.031e-5, -5.436e-7, -1.701e-5, -3.842e-7
0.148, -1.996e-5, -5.828e-7, -1.996e-5, -5.912e-7, -2.031e-5, -5.349e-7, -1.698e-5, -3.846e-7
0.147, -1.990e-5, -5.803e-7, -1.990e-5, -5.887e-7, -2.027e-5, -5.357e-7, -1.698e-5, -3.794e-7
0.146, -1.986e-5, -5.724e-7, -1.985e-5, -5.919e-7, -2.025e-5, -5.358e-7, -1.695e-5, -3.768e-7
0.145, -1.979e-5, -5.711e-7, -1.979e-5, -5.843e-7, -2.020e-5, -5.384e-7, -1.691e-5, -3.759e-7
0.144, -1.972e-5, -5.735e-7, -1.973e-5, -5.954e-7, -2.015e-5, -5.311e-7, -1.685e-5, -3.648e-7
0.143, -1.966e-5, -5.724e-7, -1.964e-5, -5.851e-7, -2.009e-5, -5.314e-7, -1.681e-5, -3.670e-7
0.142, -1.957e-5, -5.663e-7, -1.957e-5, -5.858e-7, -2.002e-5, -5.301e-7, -1.676e-5, -3.674e-7
0.141, -1.946e-5, -5.668e-7, -1.946e-5, -5.813e-7, -1.994e-5, -5.260e-7, -1.668e-5, -3.670e-7
0.140, -1.934e-5, -5.640e-7, -1.936e-5, -5.829e-7, -1.987e-5, -5.213e-7, -1.661e-5, -3.592e-7
0.139, -1.926e-5, -5.686e-7, -1.926e-5, -5.746e-7, -1.976e-5, -5.140e-7, -1.652e-5, -3.632e-7
0.138, -1.911e-5, -5.677e-7, -1.913e-5, -5.760e-7, -1.966e-5, -5.161e-7, -1.644e-5, -3.538e-7
0.137, -1.899e-5, -5.587e-7, -1.900e-5, -5.838e-7, -1.954e-5, -5.202e-7, -1.634e-5, -3.523e-7
0.136, -1.882e-5, -5.566e-7, -1.885e-5, -5.741e-7, -1.943e-5, -5.190e-7, -1.621e-5, -3.489e-7
0.135, -1.868e-5, -5.585e-7, -1.870e-5, -5.684e-7, -1.928e-5, -5.128e-7, -1.612e-5, -3.536e-7
0.134, -1.852e-5, -5.558e-7, -1.854e-5, -5.731e-7, -1.914e-5, -5.122e-7, -1.601e-5, -3.479e-7
0.133, -1.833e-5, -5.501e-7, -1.837e-5, -5.719e-7, -1.898e-5, -5.080e-7, -1.586e-5, -3.466e-7
0.132, -1.815e-5, -5.506e-7, -1.819e-5, -5.713e-7, -1.883e-5, -5.097e-7, -1.572e-5, -3.351e-7
0.131, -1.797e-5, -5.487e-7, -1.801e-5, -5.692e-7, -1.866e-5, -5.026e-7, -1.559e-5, -3.396e-7
0.130, -1.776e-5, -5.446e-7, -1.780e-5, -5.569e-7, -1.847e-5, -5.000e-7, -1.543e-5, -3.480e-7
0.129, -1.754e-5, -5.482e-7, -1.761e-5, -5.674e-7, -1.830e-5, -4.936e-7, -1.527e-5, -3.341e-7
0.128, -1.733e-5, -5.386e-7, -1.740e-5, -5.603e-7, -1.809e-5, -5.020e-7, -1.509e-5, -3.393e-7
0.127, -1.710e-5, -5.346e-7, -1.719e-5, -5.614e-7, -1.789e-5, -4.947e-7, -1.491e-5, -3.309e-7
0.126, -1.685e-5, -5.371e-7, -1.695e-5, -5.498e-7, -1.769e-5, -4.915e-7, -1.474e-5, -3.319e-7
0.125, -1.661e-5, -5.305e-7, -1.673e-5, -5.480e-7, -1.745e-5, -4.905e-7, -1.454e-5, -3.296e-7
0.124, -1.637e-5, -5.329e-7, -1.649e-5, -5.491e-7, -1.723e-5, -4.827e-7, -1.435e-5, -3.244e-7
0.123, -1.613e-5, -5.250e-7, -1.625e-5, -5.482e-7, -1.700e-5, -4.836e-7, -1.415e-5, -3.246e-7
0.122, -1.586e-5, -5.223e-7, -1.601e-5, -5.405e-7, -1.676e-5, -4.806e-7, -1.395e-5, -3.234e-7
0.121, -1.560e-5, -5.236e-7, -1.574e-5, -5.352e-7, -1.651e-5, -4.742e-7, -1.375e-5, -3.165e-7
0.120, -1.534e-5, -5.165e-7, -1.548e-5, -5.311e-7, -1.625e-5, -4.715e-7, -1.353e-5, -3.149e-7
0.119, -1.506e-5, -5.133e-7, -1.523e-5, -5.348e-7, -1.600e-5, -4.696e-7, -1.331e-5, -3.128e-7
0.118, -1.478e-5, -5.027e-7, -1.496e-5, -5.238e-7, -1.575e-5, -4.714e-7, -1.308e-5, -3.167e-7
0.117, -1.453e-5, -5.139e-7, -1.469e-5, -5.245e-7, -1.544e-5, -4.603e-7, -1.284e-5, -3.064e-7
0.116, -1.424e-5, -4.990e-7, -1.443e-5, -5.195e-7, -1.519e-5, -4.676e-7, -1.262e-5, -3.082e-7
0.115, -1.395e-5, -4.978e-7, -1.416e-5, -5.220e-7, -1.491e-5, -4.565e-7, -1.239e-5, -2.963e-7
0.114, -1.366e-5, -4.986e-7, -1.389e-5, -5.139e-7, -1.462e-5, -4.574e-7, -1.214e-5, -3.060e-7
0.113, -1.338e-5, -4.868e-7, -1.360e-5, -5.085e-7, -1.437e-5, -4.529e-7, -1.191e-5, -3.007e-7
0.112, -1.310e-5, -4.894e-7, -1.333e-5, -5.068e-7, -1.406e-5, -4.471e-7, -1.166e-5, -2.942e-7
0.111, -1.281e-5, -4.805e-7, -1.304e-5, -5.027e-7, -1.378e-5, -4.448e-7, -1.143e-5, -2.993e-7
0.110, -1.252e-5, -4.887e-7, -1.276e-5, -4.982e-7, -1.350e-5, -4.348e-7, -1.119e-5, -2.905e-7
0.109, -1.224e-5, -4.747e-7, -1.248e-5, -4.978e-7, -1.321e-5, -4.342e-7, -1.096e-5, -2.877e-7
0.108, -1.197e-5, -4.653e-7, -1.222e-5, -4.913e-7, -1.292e-5, -4.424e-7, -1.071e-5, -2.880e-7
0.107, -1.167e-5, -4.654e-7, -1.194e-5, -4.905e-7, -1.266e-5, -4.348e-7, -1.047e-5, -2.837e-7
0.106, -1.139e-5, -4.687e-7, -1.167e-5, -4.807e-7, -1.237e-5, -4.227e-7, -1.024e-5, -2.855e-7
0.105, -1.111e-5, -4.516e-7, -1.141e-5, -4.821e-7, -1.209e-5, -4.281e-7, -9.993e-6, -2.721e-7
0.104, -1.084e-5, -4.458e-7, -1.114e-5, -4.720e-7, -1.180e-5, -4.284e-7, -9.756e-6, -2.773e-7
0.103, -1.059e-5, -4.556e-7, -1.089e-5, -4.694e-7, -1.153e-5, -4.118e-7, -9.529e-6, -2.707e-7
0.102, -1.034e-5, -4.511e-7, -1.063e-5, -4.598e-7, -1.126e-5, -4.055e-7, -9.295e-6, -2.695e-7
0.101, -1.007e-5, -4.360e-7, -1.037e-5, -4.544e-7, -1.099e-5, -4.134e-7, -9.064e-6, -2.678e-7
0.100, -9.802e-6, -4.355e-7, -1.012e-5, -4.557e-7, -1.073e-5, -4.041e-7, -8.861e-6, -2.672e-7
0.099, -9.568e-6, -4.314e-7, -9.884e-6, -4.489e-7, -1.047e-5, -4.085e-7, -8.624e-6, -2.618e-7
0.098, -9.322e-6, -4.279e-7, -9.654e-6, -4.458e-7, -1.022e-5, -3.925e-7, -8.414e-6, -2.601e-7
0.097, -9.092e-6, -4.235e-7, -9.433e-6, -4.389e-7, -9.969e-6, -3.876e-7, -8.194e-6, -2.489e-7
0.096, -8.861e-6, -4.083e-7, -9.203e-6, -4.439e-7, -9.721e-6, -3.944e-7, -7.995e-6, -2.440e-7
0.095, -8.629e-6, -4.049e-7, -8.993e-6, -4.361e-7, -9.485e-6, -3.858e-7, -7.782e-6, -2.499e-7
0.094, -8.413e-6, -4.063e-7, -8.779e-6, -4.224e-7, -9.264e-6, -3.845e-7, -7.613e-6, -2.545e-7
0.093, -8.224e-6, -4.081e-7, -8.569e-6, -4.209e-7, -9.016e-6, -3.703e-7, -7.412e-6, -2.414e-7
0.092, -7.994e-6, -4.091e-7, -8.375e-6, -4.161e-7, -8.825e-6, -3.671e-7, -7.215e-6, -2.421e-7
0.091, -7.831e-6, -3.976e-7, -8.192e-6, -4.202e-7, -8.591e-6, -3.677e-7, -7.035e-6, -2.412e-7
0.090, -7.624e-6, -3.834e-7, -7.982e-6, -4.177e-7, -8.394e-6, -3.702e-7, -6.879e-6, -2.349e-7
0.089, -7.429e-6, -3.867e-7, -7.787e-6, -4.075e-7, -8.202e-6, -3.650e-7, -6.725e-6, -2.310e-7
0.088, -7.254e-6, -3.886e-7, -7.624e-6, -4.030e-7, -8.005e-6, -3.578e-7, -6.547e-6, -2.344e-7
0.087, -7.105e-6, -3.829e-7, -7.454e-6, -4.034e-7, -7.806e-6, -3.610e-7, -6.397e-6, -2.313e-7
0.086, -6.925e-6, -3.780e-7, -7.301e-6, -3.949e-7, -7.624e-6, -3.540e-7, -6.230e-6, -2.251e-7
0.085, -6.749e-6, -3.696e-7, -7.134e-6, -3.893e-7, -7.468e-6, -3.537e-7, -6.091e-6, -2.324e-7
0.084, -6.602e-6, -3.726e-7, -6.981e-6, -3.958e-7, -7.313e-6, -3.498e-7, -5.957e-6, -2.245e-7
0.083, -6.458e-6, -3.688e-7, -6.847e-6, -3.904e-7, -7.132e-6, -3.516e-7, -5.813e-6, -2.206e-7
0.082, -6.339e-6, -3.650e-7, -6.721e-6, -3.805e-7, -6.963e-6, -3.464e-7, -5.681e-6, -2.237e-7
0.081, -6.191e-6, -3.632e-7, -6.574e-6, -3.777e-7, -6.834e-6, -3.379e-7, -5.558e-6, -2.181e-7
0.080, -6.064e-6, -3.623e-7, -6.444e-6, -3.742e-7, -6.686e-6, -3.373e-7, -5.449e-6, -2.222e-7
0.079, -5.950e-6, -3.535e-7, -6.321e-6, -3.696e-7, -6.546e-6, -3.345e-7, -5.325e-6, -2.165e-7
0.078, -5.825e-6, -3.381e-7, -6.214e-6, -3.703e-7, -6.421e-6, -3.462e-7, -5.222e-6, -2.168e-7
0.077, -5.709e-6, -3.497e-7, -6.086e-6, -3.622e-7, -6.297e-6, -3.314e-7, -5.127e-6, -2.156e-7
0.076, -5.599e-6, -3.413e-7, -6.001e-6, -3.645e-7, -6.181e-6, -3.296e-7, -5.006e-6, -2.111e-7
0.075, -5.503e-6, -3.462e-7, -5.899e-6, -3.596e-7, -6.070e-6, -3.203e-7, -4.913e-6, -2.080e-7
0.074, -5.425e-6, -3.372e-7, -5.799e-6, -3.645e-7, -5.942e-6, -3.205e-7, -4.831e-6, -2.032e-7
0.073, -5.314e-6, -3.427e-7, -5.699e-6, -3.434e-7, -5.878e-6, -3.074e-7, -4.758e-6, -2.119e-7
0.072, -5.230e-6, -3.341e-7, -5.623e-6, -3.489e-7, -5.758e-6, -3.131e-7, -4.657e-6, -1.987e-7
0.071, -5.143e-6, -3.282e-7, -5.537e-6, -3.427e-7, -5.676e-6, -3.101e-7, -4.585e-6, -2.066e-7
0.070, -5.060e-6, -3.270e-7, -5.474e-6, -3.564e-7, -5.588e-6, -3.075e-7, -4.510e-6, -1.933e-7
0.069, -4.983e-6, -3.211e-7, -5.387e-6, -3.384e-7, -5.505e-6, -3.044e-7, -4.448e-6, -1.987e-7
0.068, -4.914e-6, -3.218e-7, -5.332e-6, -3.399e-7, -5.432e-6, -3.020e-7, -4.380e-6, -1.967e-7
0.067, -4.864e-6, -3.157e-7, -5.239e-6, -3.375e-7, -5.356e-6, -2.981e-7, -4.336e-6, -1.923e-7
0.066, -4.803e-6, -3.202e-7, -5.185e-6, -3.343e-7, -5.277e-6, -2.946e-7, -4.267e-6, -1.861e-7
0.065, -4.728e-6, -3.178e-7, -5.119e-6, -3.306e-7, -5.205e-6, -2.916e-7, -4.204e-6, -1.910e-7
0.064, -4.684e-6, -3.131e-7, -5.085e-6, -3.290e-7, -5.141e-6, -2.895e-7, -4.142e-6, -1.861e-7
0.063, -4.618e-6, -3.115e-7, -5.015e-6, -3.327e-7, -5.090e-6, -2.867e-7, -4.101e-6, -1.825e-7
0.062, -4.573e-6, -3.043e-7, -4.982e-6, -3.206e-7, -5.034e-6, -2.948e-7, -4.040e-6, -1.905e-7
0.061, -4.518e-6, -3.097e-7, -4.918e-6, -3.175e-7, -4.988e-6, -2.814e-7, -4.010e-6, -1.821e-7
0.060, -4.498e-6, -3.051e-7, -4.872e-6, -3.238e-7, -4.901e-6, -2.843e-7, -3.968e-6, -1.815e-7
0.059, -4.446e-6, -2.974e-7, -4.833e-6, -3.243e-7, -4.876e-6, -2.826e-7, -3.931e-6, -1.783e-7
0.058, -4.402e-6, -2.946e-7, -4.793e-6, -3.146e-7, -4.830e-6, -2.868e-7, -3.886e-6, -1.794e-7
0.057, -4.357e-6, -3.019e-7, -4.763e-6, -3.121e-7, -4.796e-6, -2.867e-7, -3.841e-6, -1.815e-7
0.056, -4.327e-6, -2.967e-7, -4.714e-6, -3.152e-7, -4.741e-6, -2.760e-7, -3.815e-6, -1.795e-7
0.055, -4.284e-6, -2.959e-7, -4.679e-6, -3.116e-7, -4.708e-6, -2.764e-7, -3.793e-6, -1.812e-7
0.054, -4.267e-6, -3.015e-7, -4.655e-6, -3.188e-7, -4.666e-6, -2.738e-7, -3.756e-6, -1.731e-7
0.053, -4.225e-6, -3.035e-7, -4.611e-6, -3.073e-7, -4.642e-6, -2.723e-7, -3.731e-6, -1.765e-7
0.052, -4.209e-6, -3.002e-7, -4.584e-6, -3.047e-7, -4.596e-6, -2.717e-7, -3.708e-6, -1.759e-7
0.051, -4.170e-6, -2.859e-7, -4.559e-6, -3.101e-7, -4.562e-6, -2.817e-7, -3.664e-6, -1.714e-7
0.050, -4.140e-6, -2.884e-7, -4.527e-6, -3.165e-7, -4.539e-6, -2.750e-7, -3.657e-6, -1.689e-7
0.049, -4.142e-6, -2.931e-7, -4.508e-6, -3.097e-7, -4.502e-6, -2.751e-7, -3.622e-6, -1.708e-7
0.048, -4.083e-6, -2.964e-7, -4.477e-6, -3.065e-7, -4.491e-6, -2.721e-7, -3.604e-6, -1.804e-7
0.047, -4.081e-6, -2.906e-7, -4.444e-6, -3.060e-7, -4.456e-6, -2.772e-7, -3.585e-6, -1.747e-7
0.046, -4.060e-6, -2.889e-7, -4.423e-6, -2.957e-7, -4.426e-6, -2.713e-7, -3.569e-6, -1.809e-7
0.045, -3.993e-6, -2.946e-7, -4.400e-6, -3.072e-7, -4.418e-6, -2.624e-7, -3.553e-6, -1.737e-7
0.044, -4.011e-6, -2.885e-7, -4.390e-6, -3.024e-7, -4.374e-6, -2.669e-7, -3.512e-6, -1.761e-7
0.043, -3.991e-6, -2.888e-7, -4.371e-6, -3.062e-7, -4.357e-6, -2.694e-7, -3.505e-6, -1.749e-7
0.042, -3.968e-6, -2.867e-7, -4.357e-6, -3.062e-7, -4.347e-6, -2.716e-7, -3.480e-6, -1.716e-7
0.041, -3.961e-6, -2.890e-7, -4.333e-6, -3.064e-7, -4.326e-6, -2.704e-7, -3.468e-6, -1.707e-7
0.040, -3.922e-6, -2.827e-7, -4.305e-6, -3.032e-7, -4.311e-6, -2.721e-7, -3.454e-6, -1.722e-7
0.039, -3.907e-6, -2.900e-7, -4.295e-6, -2.974e-7, -4.300e-6, -2.623e-7, -3.446e-6, -1.736e-7
0.038, -3.907e-6, -2.811e-7, -4.291e-6, -3.011e-7, -4.260e-6, -2.739e-7, -3.423e-6, -1.752e-7
0.037, -3.882e-6, -2.847e-7, -4.259e-6, -2.992e-7, -4.240e-6, -2.719e-7, -3.408e-6, -1.731e-7
0.036, -3.872e-6, -2.845e-7, -4.251e-6, -3.027e-7, -4.233e-6, -2.666e-7, -3.394e-6, -1.707e-7
0.035, -3.857e-6, -2.825e-7, -4.243e-6, -3.007e-7, -4.226e-6, -2.675e-7, -3.383e-6, -1.679e-7
0.034, -3.845e-6, -2.938e-7, -4.209e-6, -3.012e-7, -4.193e-6, -2.639e-7, -3.375e-6, -1.651e-7
0.033, -3.828e-6, -2.800e-7, -4.214e-6, -3.025e-7, -4.189e-6, -2.637e-7, -3.366e-6, -1.616e-7
0.032, -3.805e-6, -2.820e-7, -4.198e-6, -2.963e-7, -4.185e-6, -2.653e-7, -3.357e-6, -1.669e-7
0.031, -3.804e-6, -2.770e-7, -4.187e-6, -2.960e-7, -4.167e-6, -2.666e-7, -3.344e-6, -1.660e-7
0.030, -3.806e-6, -2.753e-7, -4.178e-6, -2.944e-7, -4.161e-6, -2.671e-7, -3.333e-6, -1.694e-7
0.029, -3.789e-6, -2.814e-7, -4.168e-6, -2.950e-7, -4.154e-6, -2.594e-7, -3.326e-6, -1.731e-7
0.028, -3.792e-6, -2.768e-7, -4.143e-6, -2.943e-7, -4.125e-6, -2.616e-7, -3.324e-6, -1.650e-7
0.027, -3.789e-6, -2.728e-7, -4.151e-6, -3.007e-7, -4.122e-6, -2.676e-7, -3.323e-6, -1.598e-7
0.026, -3.765e-6, -2.765e-7, -4.137e-6, -2.910e-7, -4.107e-6, -2.619e-7, -3.303e-6, -1.691e-7
0.025, -3.773e-6, -2.731e-7, -4.130e-6, -2.924e-7, -4.102e-6, -2.639e-7, -3.303e-6, -1.642e-7
0.024, -3.767e-6, -2.755e-7, -4.127e-6, -2.954e-7, -4.094e-6, -2.598e-7, -3.290e-6, -1.636e-7
0.023, -3.751e-6, -2.726e-7, -4.114e-6, -2.916e-7, -4.097e-6, -2.590e-7, -3.299e-6, -1.598e-7
0.022, -3.754e-6, -2.769e-7, -4.107e-6, -2.921e-7, -4.069e-6, -2.545e-7, -3.295e-6, -1.618e-7
0.021, -3.740e-6, -2.757e-7, -4.105e-6, -2.843e-7, -4.073e-6, -2.575e-7, -3.275e-6, -1.693e-7
0.020, -3.737e-6, -2.745e-7, -4.108e-6, -2.838e-7, -4.071e-6, -2.601e-7, -3.276e-6, -1.613e-7
0.019, -3.745e-6, -2.747e-7, -4.106e-6, -2.846e-7, -4.047e-6, -2.552e-7, -3.262e-6, -1.646e-7
0.018, -3.733e-6, -2.683e-7, -4.099e-6, -2.925e-7, -4.058e-6, -2.587e-7, -3.264e-6, -1.530e-7
0.017, -3.736e-6, -2.745e-7, -4.093e-6, -2.860e-7, -4.053e-6, -2.465e-7, -3.251e-6, -1.623e-7
0.016, -3.740e-6, -2.733e-7, -4.098e-6, -2.892e-7, -4.037e-6, -2.431e-7, -3.245e-6, -1.609e-7
0.015, -3.737e-6, -2.711e-7, -4.081e-6, -2.825e-7, -4.038e-6, -2.573e-7, -3.254e-6, -1.660e-7
0.014, -3.740e-6, -2.660e-7, -4.074e-6, -2.838e-7, -4.035e-6, -2.562e-7, -3.247e-6, -1.625e-7
0.013, -3.729e-6, -2.681e-7, -4.071e-6, -2.776e-7, -4.031e-6, -2.535e-7, -3.266e-6, -1.669e-7
0.012, -3.731e-6, -2.713e-7, -4.069e-6, -2.837e-7, -4.013e-6, -2.527e-7, -3.247e-6, -1.618e-7
0.011, -3.721e-6, -2.626e-7, -4.094e-6, -2.827e-7, -4.037e-6, -2.495e-7, -3.232e-6, -1.624e-7
0.010, -3.704e-6, -2.683e-7, -4.083e-6, -2.847e-7, -4.047e-6, -2.530e-7, -3.247e-6, -1.603e-7
0.009, -3.711e-6, -2.696e-7, -4.062e-6, -2.790e-7, -4.030e-6, -2.460e-7, -3.244e-6, -1.628e-7
0.008, -3.734e-6, -2.723e-7, -4.073e-6, -2.832e-7, -4.008e-6, -2.420e-7, -3.237e-6, -1.559e-7
0.007, -3.705e-6, -2.634e-7, -4.077e-6, -2.902e-7, -4.030e-6, -2.501e-7, -3.246e-6, -1.516e-7
0.006, -3.722e-6, -2.685e-7, -4.076e-6, -2.779e-7, -4.020e-6, -2.487e-7, -3.247e-6, -1.565e-7
0.005, -3.698e-6, -2.609e-7, -4.075e-6, -2.789e-7, -4.040e-6, -2.518e-7, -3.243e-6, -1.622e-7
0.004, -3.724e-6, -2.654e-7, -4.073e-6, -2.807e-7, -4.031e-6, -2.448e-7, -3.254e-6, -1.604e-7
0.003, -3.729e-6, -2.634e-7, -4.076e-6, -2.709e-7, -4.018e-6, -2.490e-7, -3.237e-6, -1.658e-7
0.002, -3.736e-6, -2.669e-7, -4.080e-6, -2.788e-7, -4.015e-6, -2.470e-7, -3.242e-6, -1.607e-7
0.001, -3.717e-6, -2.592e-7, -4.084e-6, -2.754e-7, -4.036e-6, -2.476e-7, -3.243e-6, -1.613e-7
