0.004	4.808e-7	-2.517e-7	-7.325e-7	-4.730e-7	-5.120e-7	-4.341e-7	5.559e-7	-2.764e-7	-8.323e-7	-5.358e-7	-5.836e-7	-4.881e-7	4.660e-7	-2.354e-7	-7.014e-7	-4.634e-7	-5.062e-7	-4.206e-7	4.597e-7	-2.428e-7	-7.025e-7	-4.708e-7	-5.156e-7	-4.261e-7
0.008	4.844e-7	-5.522e-8	-5.396e-7	-3.508e-7	-3.726e-7	-3.291e-7	5.599e-7	-5.327e-8	-6.132e-7	-3.990e-7	-4.268e-7	-3.712e-7	4.705e-7	-4.575e-8	-5.162e-7	-3.375e-7	-3.600e-7	-3.150e-7	4.665e-7	-4.680e-8	-5.133e-7	-3.404e-7	-3.629e-7	-3.180e-7
0.012	4.430e-7	2.398e-9	-4.406e-7	-2.819e-7	-2.947e-7	-2.692e-7	5.200e-7	1.857e-8	-5.015e-7	-3.209e-7	-3.399e-7	-3.020e-7	4.269e-7	1.353e-8	-4.134e-7	-2.677e-7	-2.807e-7	-2.546e-7	4.255e-7	1.513e-8	-4.104e-7	-2.690e-7	-2.832e-7	-2.549e-7
0.016	4.089e-7	3.862e-8	-3.703e-7	-2.360e-7	-2.446e-7	-2.274e-7	4.805e-7	5.785e-8	-4.227e-7	-2.716e-7	-2.831e-7	-2.601e-7	4.034e-7	4.976e-8	-3.536e-7	-2.232e-7	-2.305e-7	-2.158e-7	3.909e-7	4.742e-8	-3.435e-7	-2.195e-7	-2.296e-7	-2.094e-7
0.020	3.886e-7	6.387e-8	-3.248e-7	-2.010e-7	-2.094e-7	-1.927e-7	4.539e-7	8.582e-8	-3.680e-7	-2.326e-7	-2.466e-7	-2.187e-7	3.725e-7	6.626e-8	-3.062e-7	-1.935e-7	-1.986e-7	-1.884e-7	3.758e-7	7.336e-8	-3.024e-7	-1.906e-7	-1.924e-7	-1.887e-7
0.024	3.681e-7	7.835e-8	-2.898e-7	-1.791e-7	-1.839e-7	-1.743e-7	4.306e-7	1.007e-7	-3.299e-7	-2.057e-7	-2.156e-7	-1.959e-7	3.588e-7	8.818e-8	-2.706e-7	-1.685e-7	-1.719e-7	-1.651e-7	3.512e-7	8.504e-8	-2.662e-7	-1.694e-7	-1.732e-7	-1.655e-7
0.028	3.534e-7	8.948e-8	-2.639e-7	-1.594e-7	-1.626e-7	-1.562e-7	4.179e-7	1.160e-7	-3.019e-7	-1.830e-7	-1.920e-7	-1.740e-7	3.422e-7	9.870e-8	-2.435e-7	-1.521e-7	-1.552e-7	-1.489e-7	3.381e-7	9.739e-8	-2.408e-7	-1.494e-7	-1.498e-7	-1.489e-7
0.032	3.334e-7	9.608e-8	-2.373e-7	-1.462e-7	-1.489e-7	-1.436e-7	4.034e-7	1.253e-7	-2.781e-7	-1.701e-7	-1.757e-7	-1.646e-7	3.322e-7	1.072e-7	-2.250e-7	-1.361e-7	-1.384e-7	-1.339e-7	3.246e-7	1.050e-7	-2.196e-7	-1.368e-7	-1.399e-7	-1.337e-7
0.036	3.259e-7	1.042e-7	-2.217e-7	-1.335e-7	-1.347e-7	-1.323e-7	3.935e-7	1.379e-7	-2.557e-7	-1.552e-7	-1.599e-7	-1.504e-7	3.232e-7	1.152e-7	-2.080e-7	-1.266e-7	-1.261e-7	-1.272e-7	3.138e-7	1.108e-7	-2.030e-7	-1.251e-7	-1.296e-7	-1.206e-7
0.040	3.195e-7	1.137e-7	-2.058e-7	-1.243e-7	-1.254e-7	-1.233e-7	3.810e-7	1.384e-7	-2.427e-7	-1.479e-7	-1.547e-7	-1.411e-7	3.085e-7	1.155e-7	-1.930e-7	-1.144e-7	-1.177e-7	-1.112e-7	3.048e-7	1.173e-7	-1.875e-7	-1.110e-7	-1.130e-7	-1.089e-7
0.044	3.144e-7	1.213e-7	-1.931e-7	-1.138e-7	-1.164e-7	-1.112e-7	3.744e-7	1.480e-7	-2.264e-7	-1.399e-7	-1.468e-7	-1.331e-7	3.033e-7	1.210e-7	-1.823e-7	-1.085e-7	-1.087e-7	-1.084e-7	2.998e-7	1.224e-7	-1.773e-7	-1.058e-7	-1.046e-7	-1.070e-7
0.048	3.037e-7	1.228e-7	-1.809e-7	-1.082e-7	-1.100e-7	-1.065e-7	3.658e-7	1.500e-7	-2.158e-7	-1.281e-7	-1.328e-7	-1.235e-7	2.973e-7	1.241e-7	-1.732e-7	-1.012e-7	-1.036e-7	-9.877e-8	2.895e-7	1.240e-7	-1.655e-7	-9.870e-8	-1.002e-7	-9.717e-8
0.052	2.972e-7	1.277e-7	-1.695e-7	-9.789e-8	-9.836e-8	-9.742e-8	3.575e-7	1.550e-7	-2.025e-7	-1.238e-7	-1.282e-7	-1.194e-7	2.962e-7	1.281e-7	-1.681e-7	-9.644e-8	-9.635e-8	-9.653e-8	2.947e-7	1.340e-7	-1.607e-7	-9.198e-8	-8.990e-8	-9.407e-8
0.056	2.927e-7	1.283e-7	-1.644e-7	-9.493e-8	-9.537e-8	-9.450e-8	3.643e-7	1.647e-7	-1.997e-7	-1.134e-7	-1.171e-7	-1.097e-7	2.850e-7	1.304e-7	-1.546e-7	-8.961e-8	-9.100e-8	-8.822e-8	2.802e-7	1.296e-7	-1.506e-7	-8.792e-8	-8.919e-8	-8.666e-8
0.060	2.897e-7	1.313e-7	-1.584e-7	-9.273e-8	-9.238e-8	-9.307e-8	3.512e-7	1.601e-7	-1.911e-7	-1.107e-7	-1.169e-7	-1.046e-7	2.814e-7	1.330e-7	-1.484e-7	-8.550e-8	-8.503e-8	-8.596e-8	2.866e-7	1.396e-7	-1.470e-7	-8.174e-8	-8.179e-8	-8.170e-8
0.064	2.893e-7	1.343e-7	-1.550e-7	-8.825e-8	-8.863e-8	-8.788e-8	3.432e-7	1.633e-7	-1.799e-7	-1.043e-7	-1.118e-7	-9.686e-8	2.805e-7	1.397e-7	-1.408e-7	-7.867e-8	-7.696e-8	-8.038e-8	2.824e-7	1.413e-7	-1.411e-7	-7.855e-8	-7.559e-8	-8.151e-8
0.068	2.886e-7	1.403e-7	-1.483e-7	-8.115e-8	-8.107e-8	-8.123e-8	3.456e-7	1.703e-7	-1.753e-7	-1.015e-7	-1.067e-7	-9.635e-8	2.772e-7	1.368e-7	-1.404e-7	-7.862e-8	-8.007e-8	-7.717e-8	2.723e-7	1.377e-7	-1.346e-7	-7.440e-8	-7.427e-8	-7.453e-8
0.072	2.850e-7	1.394e-7	-1.455e-7	-7.791e-8	-7.654e-8	-7.928e-8	3.452e-7	1.730e-7	-1.721e-7	-9.583e-8	-9.957e-8	-9.210e-8	2.759e-7	1.421e-7	-1.339e-7	-7.720e-8	-7.835e-8	-7.605e-8	2.710e-7	1.382e-7	-1.328e-7	-7.328e-8	-7.349e-8	-7.306e-8
0.076	2.789e-7	1.404e-7	-1.384e-7	-7.520e-8	-7.404e-8	-7.636e-8	3.511e-7	1.802e-7	-1.709e-7	-9.446e-8	-9.662e-8	-9.230e-8	2.735e-7	1.426e-7	-1.309e-7	-7.289e-8	-7.361e-8	-7.217e-8	2.669e-7	1.402e-7	-1.267e-7	-6.961e-8	-7.143e-8	-6.780e-8
0.080	2.821e-7	1.464e-7	-1.356e-7	-7.133e-8	-6.984e-8	-7.282e-8	3.464e-7	1.821e-7	-1.643e-7	-9.030e-8	-9.494e-8	-8.565e-8	2.761e-7	1.456e-7	-1.305e-7	-6.966e-8	-6.833e-8	-7.099e-8	2.746e-7	1.475e-7	-1.271e-7	-6.578e-8	-6.466e-8	-6.689e-8
0.084	2.747e-7	1.450e-7	-1.297e-7	-7.120e-8	-6.879e-8	-7.360e-8	3.437e-7	1.808e-7	-1.629e-7	-8.766e-8	-8.993e-8	-8.540e-8	2.728e-7	1.472e-7	-1.256e-7	-6.504e-8	-6.684e-8	-6.323e-8	2.667e-7	1.458e-7	-1.208e-7	-6.472e-8	-6.703e-8	-6.242e-8
0.088	2.768e-7	1.489e-7	-1.279e-7	-6.729e-8	-6.492e-8	-6.967e-8	3.438e-7	1.865e-7	-1.573e-7	-8.619e-8	-8.999e-8	-8.238e-8	2.739e-7	1.496e-7	-1.243e-7	-6.453e-8	-6.484e-8	-6.421e-8	2.670e-7	1.494e-7	-1.176e-7	-6.005e-8	-5.987e-8	-6.024e-8
0.092	2.737e-7	1.464e-7	-1.273e-7	-6.617e-8	-6.653e-8	-6.581e-8	3.380e-7	1.851e-7	-1.529e-7	-8.128e-8	-8.345e-8	-7.912e-8	2.736e-7	1.515e-7	-1.221e-7	-6.191e-8	-6.159e-8	-6.223e-8	2.658e-7	1.510e-7	-1.148e-7	-6.194e-8	-6.309e-8	-6.078e-8
0.096	2.761e-7	1.536e-7	-1.225e-7	-6.197e-8	-6.251e-8	-6.142e-8	3.366e-7	1.900e-7	-1.466e-7	-7.902e-8	-8.349e-8	-7.456e-8	2.735e-7	1.517e-7	-1.218e-7	-5.971e-8	-5.994e-8	-5.948e-8	2.707e-7	1.527e-7	-1.180e-7	-5.805e-8	-5.697e-8	-5.913e-8
0.100	2.792e-7	1.538e-7	-1.254e-7	-6.087e-8	-5.906e-8	-6.268e-8	3.393e-7	1.920e-7	-1.473e-7	-7.327e-8	-7.713e-8	-6.941e-8	2.668e-7	1.541e-7	-1.127e-7	-5.673e-8	-5.903e-8	-5.442e-8	2.675e-7	1.534e-7	-1.141e-7	-5.842e-8	-5.785e-8	-5.898e-8
0.104	2.709e-7	1.515e-7	-1.194e-7	-6.064e-8	-6.100e-8	-6.027e-8	3.432e-7	1.923e-7	-1.510e-7	-7.841e-8	-8.314e-8	-7.368e-8	2.734e-7	1.575e-7	-1.159e-7	-5.466e-8	-5.355e-8	-5.577e-8	2.676e-7	1.579e-7	-1.097e-7	-5.383e-8	-5.267e-8	-5.499e-8
0.108	2.690e-7	1.543e-7	-1.147e-7	-5.786e-8	-5.820e-8	-5.753e-8	3.446e-7	1.967e-7	-1.479e-7	-7.726e-8	-7.879e-8	-7.573e-8	2.772e-7	1.584e-7	-1.188e-7	-5.503e-8	-5.358e-8	-5.649e-8	2.639e-7	1.576e-7	-1.063e-7	-5.178e-8	-5.541e-8	-4.815e-8
0.112	2.779e-7	1.599e-7	-1.180e-7	-5.703e-8	-5.544e-8	-5.863e-8	3.404e-7	1.925e-7	-1.478e-7	-7.244e-8	-7.843e-8	-6.646e-8	2.727e-7	1.587e-7	-1.139e-7	-5.228e-8	-5.394e-8	-5.061e-8	2.678e-7	1.629e-7	-1.049e-7	-5.000e-8	-4.817e-8	-5.182e-8
0.116	2.817e-7	1.632e-7	-1.186e-7	-5.654e-8	-5.400e-8	-5.908e-8	3.451e-7	1.990e-7	-1.461e-7	-6.862e-8	-7.277e-8	-6.446e-8	2.748e-7	1.640e-7	-1.108e-7	-5.058e-8	-5.080e-8	-5.036e-8	2.681e-7	1.629e-7	-1.052e-7	-5.053e-8	-5.017e-8	-5.089e-8
0.120	2.749e-7	1.618e-7	-1.131e-7	-5.244e-8	-5.282e-8	-5.206e-8	3.512e-7	2.055e-7	-1.458e-7	-6.806e-8	-6.870e-8	-6.741e-8	2.778e-7	1.656e-7	-1.122e-7	-5.031e-8	-4.826e-8	-5.237e-8	2.709e-7	1.638e-7	-1.071e-7	-4.984e-8	-5.108e-8	-4.861e-8
0.124	2.835e-7	1.656e-7	-1.179e-7	-5.039e-8	-5.000e-8	-5.077e-8	3.442e-7	2.050e-7	-1.392e-7	-6.506e-8	-7.053e-8	-5.959e-8	2.701e-7	1.623e-7	-1.078e-7	-4.991e-8	-4.964e-8	-5.017e-8	2.711e-7	1.653e-7	-1.058e-7	-5.022e-8	-4.847e-8	-5.197e-8
0.128	2.780e-7	1.651e-7	-1.129e-7	-5.029e-8	-5.188e-8	-4.870e-8	3.415e-7	2.049e-7	-1.366e-7	-6.432e-8	-6.925e-8	-5.939e-8	2.797e-7	1.692e-7	-1.105e-7	-4.858e-8	-4.817e-8	-4.899e-8	2.793e-7	1.700e-7	-1.093e-7	-4.930e-8	-4.860e-8	-5.001e-8
0.132	2.838e-7	1.686e-7	-1.152e-7	-5.063e-8	-4.758e-8	-5.368e-8	3.503e-7	2.087e-7	-1.416e-7	-6.573e-8	-6.995e-8	-6.150e-8	2.780e-7	1.680e-7	-1.100e-7	-4.935e-8	-4.981e-8	-4.889e-8	2.719e-7	1.685e-7	-1.034e-7	-4.722e-8	-4.748e-8	-4.697e-8
0.136	2.846e-7	1.697e-7	-1.149e-7	-5.058e-8	-4.860e-8	-5.257e-8	3.569e-7	2.129e-7	-1.440e-7	-6.038e-8	-6.494e-8	-5.582e-8	2.797e-7	1.726e-7	-1.071e-7	-4.471e-8	-4.690e-8	-4.252e-8	2.776e-7	1.737e-7	-1.039e-7	-4.486e-8	-4.410e-8	-4.562e-8
0.140	2.760e-7	1.679e-7	-1.081e-7	-4.824e-8	-4.957e-8	-4.691e-8	3.541e-7	2.152e-7	-1.390e-7	-6.217e-8	-6.450e-8	-5.984e-8	2.888e-7	1.770e-7	-1.118e-7	-4.487e-8	-4.364e-8	-4.610e-8	2.783e-7	1.733e-7	-1.050e-7	-4.452e-8	-4.502e-8	-4.403e-8
0.144	2.902e-7	1.768e-7	-1.134e-7	-4.520e-8	-4.187e-8	-4.854e-8	3.558e-7	2.208e-7	-1.350e-7	-5.950e-8	-6.389e-8	-5.510e-8	2.830e-7	1.760e-7	-1.069e-7	-4.522e-8	-4.619e-8	-4.426e-8	2.828e-7	1.772e-7	-1.056e-7	-4.518e-8	-4.441e-8	-4.595e-8
0.148	2.937e-7	1.809e-7	-1.128e-7	-4.799e-8	-4.710e-8	-4.887e-8	3.654e-7	2.260e-7	-1.394e-7	-5.830e-8	-6.115e-8	-5.545e-8	2.860e-7	1.789e-7	-1.071e-7	-4.240e-8	-4.338e-8	-4.142e-8	2.822e-7	1.801e-7	-1.021e-7	-4.069e-8	-4.005e-8	-4.134e-8
0.152	2.927e-7	1.832e-7	-1.095e-7	-4.373e-8	-4.674e-8	-4.072e-8	3.575e-7	2.221e-7	-1.353e-7	-5.975e-8	-6.410e-8	-5.541e-8	2.932e-7	1.797e-7	-1.135e-7	-4.504e-8	-4.278e-8	-4.730e-8	2.902e-7	1.830e-7	-1.071e-7	-4.211e-8	-4.105e-8	-4.317e-8
0.156	2.952e-7	1.844e-7	-1.108e-7	-4.249e-8	-4.047e-8	-4.451e-8	3.653e-7	2.281e-7	-1.372e-7	-5.880e-8	-6.057e-8	-5.704e-8	2.973e-7	1.846e-7	-1.127e-7	-4.543e-8	-4.606e-8	-4.481e-8	2.908e-7	1.851e-7	-1.057e-7	-4.085e-8	-3.907e-8	-4.263e-8
0.160	3.033e-7	1.919e-7	-1.114e-7	-4.360e-8	-4.117e-8	-4.603e-8	3.671e-7	2.284e-7	-1.387e-7	-5.834e-8	-6.404e-8	-5.264e-8	2.931e-7	1.833e-7	-1.098e-7	-4.278e-8	-4.530e-8	-4.025e-8	2.946e-7	1.881e-7	-1.065e-7	-3.942e-8	-3.715e-8	-4.169e-8
0.164	3.015e-7	1.894e-7	-1.121e-7	-4.385e-8	-4.445e-8	-4.326e-8	3.700e-7	2.307e-7	-1.393e-7	-5.846e-8	-6.142e-8	-5.549e-8	3.006e-7	1.917e-7	-1.089e-7	-3.946e-8	-3.915e-8	-3.978e-8	2.973e-7	1.930e-7	-1.043e-7	-3.825e-8	-3.634e-8	-4.017e-8
0.168	3.047e-7	1.947e-7	-1.100e-7	-3.885e-8	-3.879e-8	-3.892e-8	3.746e-7	2.401e-7	-1.345e-7	-5.582e-8	-5.891e-8	-5.273e-8	3.056e-7	1.923e-7	-1.133e-7	-4.336e-8	-4.123e-8	-4.549e-8	3.030e-7	1.963e-7	-1.066e-7	-3.714e-8	-3.523e-8	-3.904e-8
0.172	3.111e-7	1.994e-7	-1.117e-7	-4.199e-8	-4.049e-8	-4.349e-8	3.786e-7	2.375e-7	-1.411e-7	-5.640e-8	-6.317e-8	-4.963e-8	3.052e-7	1.926e-7	-1.126e-7	-4.214e-8	-4.154e-8	-4.274e-8	3.078e-7	1.994e-7	-1.084e-7	-3.701e-8	-3.289e-8	-4.113e-8
0.176	3.137e-7	1.994e-7	-1.143e-7	-4.099e-8	-3.938e-8	-4.261e-8	3.855e-7	2.451e-7	-1.404e-7	-5.674e-8	-6.296e-8	-5.053e-8	3.072e-7	1.974e-7	-1.098e-7	-3.892e-8	-3.876e-8	-3.908e-8	3.078e-7	2.001e-7	-1.077e-7	-3.771e-8	-3.706e-8	-3.835e-8
0.180	3.168e-7	2.046e-7	-1.122e-7	-3.929e-8	-3.863e-8	-3.996e-8	3.934e-7	2.533e-7	-1.400e-7	-5.085e-8	-5.516e-8	-4.653e-8	3.155e-7	2.056e-7	-1.099e-7	-3.984e-8	-3.936e-8	-4.033e-8	3.135e-7	2.031e-7	-1.104e-7	-3.849e-8	-3.687e-8	-4.011e-8
0.184	3.245e-7	2.098e-7	-1.147e-7	-3.887e-8	-3.629e-8	-4.145e-8	3.975e-7	2.549e-7	-1.425e-7	-5.537e-8	-5.887e-8	-5.187e-8	3.193e-7	2.057e-7	-1.137e-7	-3.918e-8	-4.106e-8	-3.731e-8	3.098e-7	2.046e-7	-1.052e-7	-3.573e-8	-3.329e-8	-3.816e-8
0.188	3.304e-7	2.132e-7	-1.172e-7	-3.739e-8	-3.504e-8	-3.974e-8	3.993e-7	2.609e-7	-1.385e-7	-5.101e-8	-5.620e-8	-4.581e-8	3.197e-7	2.108e-7	-1.089e-7	-3.796e-8	-3.953e-8	-3.638e-8	3.207e-7	2.105e-7	-1.103e-7	-3.661e-8	-3.458e-8	-3.863e-8
0.192	3.313e-7	2.143e-7	-1.171e-7	-3.952e-8	-3.930e-8	-3.973e-8	4.028e-7	2.621e-7	-1.407e-7	-4.985e-8	-5.273e-8	-4.698e-8	3.293e-7	2.185e-7	-1.107e-7	-3.612e-8	-3.590e-8	-3.634e-8	3.249e-7	2.160e-7	-1.089e-7	-3.687e-8	-3.623e-8	-3.751e-8
0.196	3.381e-7	2.206e-7	-1.175e-7	-3.659e-8	-3.284e-8	-4.034e-8	4.096e-7	2.685e-7	-1.411e-7	-5.133e-8	-5.649e-8	-4.616e-8	3.275e-7	2.168e-7	-1.106e-7	-3.868e-8	-4.076e-8	-3.659e-8	3.321e-7	2.192e-7	-1.130e-7	-3.634e-8	-3.273e-8	-3.994e-8
0.200	3.411e-7	2.252e-7	-1.159e-7	-3.850e-8	-3.687e-8	-4.013e-8	4.192e-7	2.736e-7	-1.456e-7	-5.119e-8	-5.330e-8	-4.908e-8	3.337e-7	2.202e-7	-1.135e-7	-3.505e-8	-3.538e-8	-3.473e-8	3.345e-7	2.248e-7	-1.097e-7	-3.268e-8	-3.317e-8	-3.219e-8
0.204	3.454e-7	2.276e-7	-1.177e-7	-3.510e-8	-3.563e-8	-3.458e-8	4.175e-7	2.783e-7	-1.393e-7	-4.718e-8	-5.154e-8	-4.281e-8	3.460e-7	2.296e-7	-1.164e-7	-3.763e-8	-3.328e-8	-4.197e-8	3.435e-7	2.286e-7	-1.149e-7	-3.586e-8	-3.241e-8	-3.931e-8
0.208	3.515e-7	2.334e-7	-1.181e-7	-3.658e-8	-3.697e-8	-3.620e-8	4.247e-7	2.831e-7	-1.416e-7	-4.494e-8	-5.004e-8	-3.984e-8	3.503e-7	2.338e-7	-1.165e-7	-3.743e-8	-3.556e-8	-3.931e-8	3.459e-7	2.323e-7	-1.136e-7	-3.507e-8	-3.164e-8	-3.850e-8
0.212	3.543e-7	2.372e-7	-1.171e-7	-3.671e-8	-3.592e-8	-3.750e-8	4.345e-7	2.894e-7	-1.452e-7	-5.071e-8	-5.479e-8	-4.664e-8	3.550e-7	2.379e-7	-1.171e-7	-3.482e-8	-3.298e-8	-3.667e-8	3.529e-7	2.400e-7	-1.129e-7	-3.270e-8	-3.133e-8	-3.406e-8
0.216	3.631e-7	2.445e-7	-1.186e-7	-3.527e-8	-3.448e-8	-3.607e-8	4.398e-7	2.946e-7	-1.452e-7	-4.869e-8	-5.153e-8	-4.584e-8	3.613e-7	2.431e-7	-1.182e-7	-3.530e-8	-3.546e-8	-3.514e-8	3.564e-7	2.409e-7	-1.156e-7	-3.291e-8	-3.247e-8	-3.335e-8
0.220	3.654e-7	2.490e-7	-1.164e-7	-3.584e-8	-3.561e-8	-3.606e-8	4.468e-7	2.961e-7	-1.506e-7	-5.287e-8	-5.587e-8	-4.986e-8	3.660e-7	2.443e-7	-1.217e-7	-3.313e-8	-3.405e-8	-3.221e-8	3.591e-7	2.476e-7	-1.115e-7	-2.981e-8	-2.999e-8	-2.963e-8
0.224	3.759e-7	2.547e-7	-1.211e-7	-3.432e-8	-3.174e-8	-3.690e-8	4.526e-7	3.040e-7	-1.487e-7	-4.729e-8	-5.292e-8	-4.166e-8	3.693e-7	2.495e-7	-1.198e-7	-3.420e-8	-3.601e-8	-3.239e-8	3.652e-7	2.491e-7	-1.161e-7	-3.123e-8	-2.967e-8	-3.279e-8
0.228	3.795e-7	2.590e-7	-1.205e-7	-3.537e-8	-3.278e-8	-3.795e-8	4.540e-7	3.083e-7	-1.457e-7	-4.723e-8	-5.304e-8	-4.142e-8	3.722e-7	2.521e-7	-1.201e-7	-3.528e-8	-3.420e-8	-3.635e-8	3.709e-7	2.521e-7	-1.188e-7	-3.293e-8	-3.068e-8	-3.518e-8
0.232	3.858e-7	2.643e-7	-1.215e-7	-3.450e-8	-3.435e-8	-3.465e-8	4.624e-7	3.170e-7	-1.453e-7	-4.732e-8	-5.253e-8	-4.211e-8	3.782e-7	2.587e-7	-1.195e-7	-3.339e-8	-3.307e-8	-3.371e-8	3.793e-7	2.605e-7	-1.188e-7	-3.276e-8	-2.909e-8	-3.643e-8
0.236	3.841e-7	2.654e-7	-1.187e-7	-3.597e-8	-3.340e-8	-3.854e-8	4.739e-7	3.205e-7	-1.534e-7	-4.688e-8	-5.018e-8	-4.358e-8	3.889e-7	2.664e-7	-1.224e-7	-3.261e-8	-3.176e-8	-3.347e-8	3.754e-7	2.610e-7	-1.144e-7	-3.151e-8	-3.289e-8	-3.013e-8
0.240	3.943e-7	2.744e-7	-1.199e-7	-3.316e-8	-3.028e-8	-3.604e-8	4.759e-7	3.261e-7	-1.497e-7	-4.677e-8	-5.053e-8	-4.301e-8	3.847e-7	2.644e-7	-1.204e-7	-3.465e-8	-3.606e-8	-3.324e-8	3.843e-7	2.668e-7	-1.175e-7	-2.934e-8	-2.580e-8	-3.288e-8
0.244	3.990e-7	2.773e-7	-1.218e-7	-3.581e-8	-3.340e-8	-3.822e-8	4.839e-7	3.304e-7	-1.535e-7	-4.778e-8	-5.120e-8	-4.436e-8	3.899e-7	2.679e-7	-1.220e-7	-3.192e-8	-3.229e-8	-3.155e-8	3.907e-7	2.729e-7	-1.178e-7	-3.076e-8	-2.917e-8	-3.235e-8
0.248	4.000e-7	2.788e-7	-1.212e-7	-3.492e-8	-3.522e-8	-3.461e-8	4.832e-7	3.307e-7	-1.524e-7	-4.653e-8	-5.040e-8	-4.265e-8	3.979e-7	2.776e-7	-1.203e-7	-3.069e-8	-2.766e-8	-3.372e-8	3.973e-7	2.801e-7	-1.172e-7	-2.796e-8	-2.737e-8	-2.854e-8
0.252	4.061e-7	2.862e-7	-1.199e-7	-2.957e-8	-2.849e-8	-3.065e-8	4.922e-7	3.423e-7	-1.500e-7	-4.547e-8	-4.862e-8	-4.233e-8	4.007e-7	2.766e-7	-1.240e-7	-3.403e-8	-3.386e-8	-3.420e-8	3.961e-7	2.760e-7	-1.201e-7	-3.315e-8	-3.319e-8	-3.311e-8
0.256	4.081e-7	2.871e-7	-1.210e-7	-3.324e-8	-3.140e-8	-3.508e-8	4.963e-7	3.441e-7	-1.522e-7	-4.434e-8	-4.600e-8	-4.267e-8	4.097e-7	2.853e-7	-1.244e-7	-3.115e-8	-3.084e-8	-3.146e-8	4.003e-7	2.823e-7	-1.180e-7	-3.198e-8	-3.313e-8	-3.084e-8
0.260	4.129e-7	2.924e-7	-1.205e-7	-3.275e-8	-3.051e-8	-3.499e-8	5.010e-7	3.473e-7	-1.537e-7	-4.512e-8	-4.875e-8	-4.149e-8	4.020e-7	2.825e-7	-1.194e-7	-3.129e-8	-3.406e-8	-2.852e-8	4.007e-7	2.867e-7	-1.141e-7	-2.898e-8	-2.763e-8	-3.034e-8
0.264	4.174e-7	2.957e-7	-1.217e-7	-3.296e-8	-3.064e-8	-3.528e-8	5.043e-7	3.520e-7	-1.523e-7	-4.725e-8	-4.909e-8	-4.540e-8	4.104e-7	2.876e-7	-1.228e-7	-3.136e-8	-3.161e-8	-3.111e-8	4.093e-7	2.909e-7	-1.184e-7	-2.797e-8	-2.690e-8	-2.903e-8
0.268	4.169e-7	2.980e-7	-1.189e-7	-3.155e-8	-3.007e-8	-3.303e-8	4.993e-7	3.518e-7	-1.475e-7	-4.356e-8	-4.926e-8	-3.786e-8	4.106e-7	2.910e-7	-1.196e-7	-3.113e-8	-3.076e-8	-3.150e-8	4.139e-7	2.938e-7	-1.201e-7	-3.110e-8	-2.788e-8	-3.431e-8
0.272	4.218e-7	3.019e-7	-1.198e-7	-3.207e-8	-3.073e-8	-3.340e-8	5.074e-7	3.542e-7	-1.531e-7	-4.738e-8	-5.083e-8	-4.393e-8	4.160e-7	2.929e-7	-1.231e-7	-3.058e-8	-3.143e-8	-2.972e-8	4.160e-7	2.959e-7	-1.201e-7	-2.849e-8	-2.551e-8	-3.147e-8
0.276	4.188e-7	3.024e-7	-1.164e-7	-3.018e-8	-3.139e-8	-2.898e-8	5.042e-7	3.599e-7	-1.443e-7	-4.110e-8	-4.388e-8	-3.833e-8	4.211e-7	3.002e-7	-1.209e-7	-3.222e-8	-2.988e-8	-3.456e-8	4.179e-7	2.979e-7	-1.200e-7	-3.119e-8	-3.043e-8	-3.195e-8
0.280	4.155e-7	3.034e-7	-1.121e-7	-3.029e-8	-3.210e-8	-2.848e-8	5.084e-7	3.619e-7	-1.464e-7	-4.156e-8	-4.285e-8	-4.026e-8	4.249e-7	3.024e-7	-1.226e-7	-3.167e-8	-2.708e-8	-3.627e-8	4.170e-7	2.996e-7	-1.175e-7	-3.128e-8	-3.172e-8	-3.085e-8
0.284	4.253e-7	3.093e-7	-1.159e-7	-3.106e-8	-2.851e-8	-3.361e-8	5.129e-7	3.673e-7	-1.456e-7	-4.203e-8	-4.609e-8	-3.797e-8	4.241e-7	3.054e-7	-1.187e-7	-2.932e-8	-2.832e-8	-3.031e-8	4.192e-7	3.018e-7	-1.173e-7	-3.106e-8	-2.860e-8	-3.352e-8
0.288	4.256e-7	3.120e-7	-1.136e-7	-3.146e-8	-3.007e-8	-3.285e-8	5.136e-7	3.668e-7	-1.468e-7	-4.549e-8	-4.744e-8	-4.354e-8	4.235e-7	3.029e-7	-1.206e-7	-3.169e-8	-3.163e-8	-3.175e-8	4.221e-7	3.069e-7	-1.151e-7	-2.709e-8	-2.377e-8	-3.040e-8
0.292	4.261e-7	3.155e-7	-1.107e-7	-3.058e-8	-2.821e-8	-3.296e-8	5.174e-7	3.712e-7	-1.461e-7	-4.530e-8	-4.790e-8	-4.270e-8	4.272e-7	3.091e-7	-1.181e-7	-3.177e-8	-3.244e-8	-3.111e-8	4.205e-7	3.052e-7	-1.152e-7	-2.817e-8	-2.665e-8	-2.968e-8
0.296	4.284e-7	3.149e-7	-1.134e-7	-3.186e-8	-3.015e-8	-3.358e-8	5.195e-7	3.744e-7	-1.451e-7	-4.275e-8	-4.436e-8	-4.115e-8	4.271e-7	3.108e-7	-1.163e-7	-3.153e-8	-2.941e-8	-3.365e-8	4.241e-7	3.081e-7	-1.160e-7	-3.132e-8	-3.061e-8	-3.204e-8
0.300	4.334e-7	3.224e-7	-1.110e-7	-3.204e-8	-3.105e-8	-3.302e-8	5.152e-7	3.736e-7	-1.416e-7	-4.543e-8	-4.951e-8	-4.136e-8	4.269e-7	3.114e-7	-1.155e-7	-3.152e-8	-3.052e-8	-3.252e-8	4.253e-7	3.121e-7	-1.131e-7	-2.950e-8	-2.825e-8	-3.075e-8
0.304	4.345e-7	3.226e-7	-1.119e-7	-3.294e-8	-3.248e-8	-3.340e-8	5.215e-7	3.812e-7	-1.403e-7	-4.073e-8	-4.609e-8	-3.536e-8	4.244e-7	3.117e-7	-1.127e-7	-3.066e-8	-2.827e-8	-3.304e-8	4.266e-7	3.125e-7	-1.141e-7	-3.080e-8	-2.870e-8	-3.289e-8
0.308	4.361e-7	3.286e-7	-1.074e-7	-3.073e-8	-2.763e-8	-3.384e-8	5.252e-7	3.852e-7	-1.400e-7	-4.164e-8	-4.485e-8	-3.843e-8	4.279e-7	3.140e-7	-1.138e-7	-3.156e-8	-3.378e-8	-2.935e-8	4.220e-7	3.130e-7	-1.090e-7	-2.962e-8	-2.842e-8	-3.082e-8
0.312	4.395e-7	3.324e-7	-1.070e-7	-3.349e-8	-3.134e-8	-3.565e-8	5.273e-7	3.884e-7	-1.389e-7	-4.354e-8	-4.544e-8	-4.163e-8	4.244e-7	3.160e-7	-1.084e-7	-3.041e-8	-3.176e-8	-2.906e-8	4.211e-7	3.147e-7	-1.063e-7	-2.961e-8	-2.821e-8	-3.101e-8
0.316	4.351e-7	3.326e-7	-1.024e-7	-3.479e-8	-3.364e-8	-3.594e-8	5.246e-7	3.874e-7	-1.373e-7	-4.518e-8	-4.843e-8	-4.194e-8	4.285e-7	3.178e-7	-1.107e-7	-3.123e-8	-3.180e-8	-3.067e-8	4.265e-7	3.193e-7	-1.072e-7	-2.874e-8	-2.795e-8	-2.953e-8
0.320	4.413e-7	3.381e-7	-1.031e-7	-3.246e-8	-3.238e-8	-3.254e-8	5.229e-7	3.899e-7	-1.329e-7	-4.502e-8	-4.893e-8	-4.110e-8	4.307e-7	3.221e-7	-1.086e-7	-3.290e-8	-3.253e-8	-3.328e-8	4.348e-7	3.253e-7	-1.095e-7	-2.820e-8	-2.510e-8	-3.130e-8
0.324	4.476e-7	3.432e-7	-1.043e-7	-3.681e-8	-3.327e-8	-4.036e-8	5.283e-7	3.938e-7	-1.345e-7	-4.603e-8	-5.099e-8	-4.106e-8	4.276e-7	3.233e-7	-1.043e-7	-2.974e-8	-3.088e-8	-2.859e-8	4.354e-7	3.303e-7	-1.051e-7	-2.930e-8	-2.470e-8	-3.390e-8
0.328	4.445e-7	3.485e-7	-9.600e-8	-3.165e-8	-3.242e-8	-3.088e-8	5.260e-7	3.989e-7	-1.271e-7	-4.484e-8	-4.904e-8	-4.064e-8	4.336e-7	3.291e-7	-1.045e-7	-3.121e-8	-3.082e-8	-3.159e-8	4.375e-7	3.313e-7	-1.061e-7	-2.883e-8	-2.577e-8	-3.190e-8
0.332	4.485e-7	3.549e-7	-9.364e-8	-3.414e-8	-3.273e-8	-3.555e-8	5.336e-7	4.043e-7	-1.293e-7	-4.446e-8	-4.643e-8	-4.249e-8	4.385e-7	3.323e-7	-1.061e-7	-3.053e-8	-2.941e-8	-3.166e-8	4.349e-7	3.335e-7	-1.014e-7	-3.321e-8	-3.112e-8	-3.529e-8
0.336	4.493e-7	3.588e-7	-9.049e-8	-3.205e-8	-3.030e-8	-3.380e-8	5.326e-7	4.101e-7	-1.224e-7	-4.451e-8	-4.874e-8	-4.029e-8	4.360e-7	3.330e-7	-1.030e-7	-3.398e-8	-3.415e-8	-3.381e-8	4.388e-7	3.334e-7	-1.054e-7	-3.263e-8	-3.194e-8	-3.332e-8
0.340	4.547e-7	3.632e-7	-9.145e-8	-3.492e-8	-3.192e-8	-3.793e-8	5.422e-7	4.137e-7	-1.285e-7	-4.863e-8	-5.225e-8	-4.502e-8	4.396e-7	3.388e-7	-1.008e-7	-3.285e-8	-3.418e-8	-3.152e-8	4.379e-7	3.413e-7	-9.663e-8	-3.100e-8	-3.043e-8	-3.157e-8
0.344	4.603e-7	3.715e-7	-8.888e-8	-3.624e-8	-3.401e-8	-3.846e-8	5.423e-7	4.193e-7	-1.229e-7	-4.540e-8	-4.827e-8	-4.252e-8	4.479e-7	3.461e-7	-1.018e-7	-3.451e-8	-3.369e-8	-3.534e-8	4.431e-7	3.458e-7	-9.726e-8	-3.287e-8	-3.274e-8	-3.300e-8
0.348	4.627e-7	3.765e-7	-8.625e-8	-3.778e-8	-3.622e-8	-3.935e-8	5.492e-7	4.266e-7	-1.226e-7	-4.666e-8	-4.841e-8	-4.491e-8	4.522e-7	3.537e-7	-9.844e-8	-3.278e-8	-3.241e-8	-3.316e-8	4.456e-7	3.515e-7	-9.408e-8	-3.178e-8	-3.134e-8	-3.223e-8
0.352	4.669e-7	3.825e-7	-8.441e-8	-3.672e-8	-3.321e-8	-4.023e-8	5.517e-7	4.324e-7	-1.193e-7	-4.624e-8	-5.076e-8	-4.172e-8	4.510e-7	3.563e-7	-9.471e-8	-3.540e-8	-3.656e-8	-3.425e-8	4.519e-7	3.561e-7	-9.581e-8	-3.268e-8	-2.942e-8	-3.593e-8
0.356	4.730e-7	3.960e-7	-7.698e-8	-3.659e-8	-3.439e-8	-3.879e-8	5.570e-7	4.399e-7	-1.171e-7	-4.921e-8	-5.255e-8	-4.588e-8	4.567e-7	3.618e-7	-9.487e-8	-3.316e-8	-3.307e-8	-3.325e-8	4.564e-7	3.654e-7	-9.094e-8	-3.152e-8	-2.935e-8	-3.370e-8
0.360	4.751e-7	4.009e-7	-7.418e-8	-3.732e-8	-3.515e-8	-3.949e-8	5.648e-7	4.531e-7	-1.117e-7	-4.505e-8	-4.814e-8	-4.196e-8	4.636e-7	3.709e-7	-9.265e-8	-3.535e-8	-3.378e-8	-3.692e-8	4.566e-7	3.675e-7	-8.916e-8	-3.454e-8	-3.323e-8	-3.585e-8
0.364	4.845e-7	4.108e-7	-7.373e-8	-3.891e-8	-3.551e-8	-4.230e-8	5.639e-7	4.568e-7	-1.071e-7	-4.809e-8	-5.061e-8	-4.557e-8	4.681e-7	3.767e-7	-9.145e-8	-3.324e-8	-3.202e-8	-3.446e-8	4.664e-7	3.789e-7	-8.750e-8	-3.424e-8	-3.231e-8	-3.617e-8
0.368	4.878e-7	4.210e-7	-6.680e-8	-3.822e-8	-3.621e-8	-4.022e-8	5.715e-7	4.686e-7	-1.029e-7	-4.826e-8	-5.114e-8	-4.538e-8	4.681e-7	3.833e-7	-8.473e-8	-3.680e-8	-3.531e-8	-3.829e-8	4.720e-7	3.834e-7	-8.857e-8	-3.466e-8	-3.335e-8	-3.596e-8
0.372	4.966e-7	4.326e-7	-6.399e-8	-4.252e-8	-4.184e-8	-4.320e-8	5.766e-7	4.762e-7	-1.005e-7	-4.860e-8	-5.380e-8	-4.340e-8	4.764e-7	3.943e-7	-8.209e-8	-3.471e-8	-3.375e-8	-3.566e-8	4.803e-7	3.973e-7	-8.301e-8	-3.522e-8	-3.168e-8	-3.877e-8
0.376	5.050e-7	4.482e-7	-5.683e-8	-3.831e-8	-3.929e-8	-3.732e-8	5.830e-7	4.881e-7	-9.482e-8	-5.235e-8	-5.616e-8	-4.855e-8	4.826e-7	3.982e-7	-8.447e-8	-3.861e-8	-3.626e-8	-4.097e-8	4.873e-7	4.045e-7	-8.281e-8	-3.495e-8	-3.167e-8	-3.823e-8
0.380	5.124e-7	4.603e-7	-5.215e-8	-4.072e-8	-3.793e-8	-4.351e-8	5.911e-7	4.993e-7	-9.176e-8	-5.169e-8	-5.488e-8	-4.850e-8	4.853e-7	4.078e-7	-7.753e-8	-3.735e-8	-3.679e-8	-3.792e-8	4.912e-7	4.134e-7	-7.776e-8	-3.551e-8	-3.366e-8	-3.737e-8
0.384	5.264e-7	4.754e-7	-5.102e-8	-4.144e-8	-3.969e-8	-4.319e-8	5.989e-7	5.129e-7	-8.598e-8	-5.154e-8	-5.545e-8	-4.763e-8	4.962e-7	4.212e-7	-7.502e-8	-3.786e-8	-3.802e-8	-3.771e-8	4.949e-7	4.212e-7	-7.365e-8	-3.678e-8	-3.443e-8	-3.914e-8
0.388	5.310e-7	4.905e-7	-4.044e-8	-4.232e-8	-4.272e-8	-4.192e-8	6.085e-7	5.286e-7	-7.991e-8	-4.934e-8	-5.337e-8	-4.531e-8	5.087e-7	4.379e-7	-7.087e-8	-3.798e-8	-3.488e-8	-4.108e-8	5.073e-7	4.364e-7	-7.084e-8	-3.811e-8	-3.610e-8	-4.012e-8
0.392	5.464e-7	5.112e-7	-3.521e-8	-4.417e-8	-4.038e-8	-4.796e-8	6.296e-7	5.508e-7	-7.882e-8	-5.151e-8	-5.229e-8	-5.072e-8	5.145e-7	4.483e-7	-6.613e-8	-4.100e-8	-3.886e-8	-4.314e-8	5.119e-7	4.474e-7	-6.453e-8	-3.959e-8	-3.977e-8	-3.941e-8
0.396	5.592e-7	5.307e-7	-2.847e-8	-4.546e-8	-4.266e-8	-4.827e-8	6.311e-7	5.591e-7	-7.197e-8	-5.481e-8	-5.821e-8	-5.141e-8	5.189e-7	4.598e-7	-5.916e-8	-3.985e-8	-3.954e-8	-4.016e-8	5.246e-7	4.650e-7	-5.962e-8	-3.895e-8	-3.650e-8	-4.140e-8
0.400	5.766e-7	5.510e-7	-2.553e-8	-4.920e-8	-4.701e-8	-5.138e-8	6.428e-7	5.791e-7	-6.374e-8	-5.725e-8	-6.220e-8	-5.230e-8	5.262e-7	4.714e-7	-5.478e-8	-4.443e-8	-4.253e-8	-4.632e-8	5.365e-7	4.788e-7	-5.771e-8	-3.915e-8	-3.662e-8	-4.167e-8
0.404	5.819e-7	5.682e-7	-1.368e-8	-5.029e-8	-5.266e-8	-4.791e-8	6.599e-7	6.027e-7	-5.715e-8	-5.682e-8	-5.830e-8	-5.533e-8	5.467e-7	4.960e-7	-5.075e-8	-4.268e-8	-4.091e-8	-4.444e-8	5.514e-7	4.990e-7	-5.241e-8	-4.184e-8	-4.124e-8	-4.245e-8
0.408	6.026e-7	5.954e-7	-7.159e-9	-5.067e-8	-4.666e-8	-5.467e-8	6.749e-7	6.265e-7	-4.840e-8	-5.791e-8	-6.260e-8	-5.322e-8	5.545e-7	5.114e-7	-4.315e-8	-4.413e-8	-4.493e-8	-4.334e-8	5.584e-7	5.129e-7	-4.549e-8	-4.359e-8	-4.160e-8	-4.559e-8
0.412	6.170e-7	6.184e-7	1.393e-9	-5.395e-8	-5.122e-8	-5.669e-8	6.900e-7	6.478e-7	-4.215e-8	-5.902e-8	-5.871e-8	-5.934e-8	5.736e-7	5.314e-7	-4.216e-8	-4.614e-8	-4.456e-8	-4.772e-8	5.713e-7	5.330e-7	-3.824e-8	-4.479e-8	-4.482e-8	-4.476e-8
0.416	6.413e-7	6.542e-7	1.289e-8	-5.340e-8	-5.274e-8	-5.406e-8	7.073e-7	6.734e-7	-3.388e-8	-6.355e-8	-6.528e-8	-6.182e-8	5.852e-7	5.524e-7	-3.282e-8	-4.615e-8	-4.543e-8	-4.686e-8	5.882e-7	5.568e-7	-3.139e-8	-4.473e-8	-4.282e-8	-4.663e-8
0.420	6.611e-7	6.822e-7	2.106e-8	-5.757e-8	-5.645e-8	-5.870e-8	7.254e-7	7.024e-7	-2.304e-8	-6.625e-8	-6.732e-8	-6.519e-8	6.011e-7	5.757e-7	-2.533e-8	-4.798e-8	-4.729e-8	-4.867e-8	6.044e-7	5.809e-7	-2.352e-8	-4.517e-8	-4.241e-8	-4.793e-8
0.424	6.779e-7	7.122e-7	3.430e-8	-5.790e-8	-5.458e-8	-6.123e-8	7.520e-7	7.358e-7	-1.618e-8	-6.696e-8	-6.821e-8	-6.570e-8	6.220e-7	6.047e-7	-1.729e-8	-5.098e-8	-4.954e-8	-5.241e-8	6.209e-7	6.043e-7	-1.669e-8	-4.954e-8	-4.872e-8	-5.037e-8
0.428	7.044e-7	7.491e-7	4.467e-8	-6.459e-8	-6.252e-8	-6.666e-8	7.692e-7	7.677e-7	-1.529e-9	-6.596e-8	-6.811e-8	-6.381e-8	6.364e-7	6.310e-7	-5.406e-9	-5.199e-8	-5.105e-8	-5.294e-8	6.418e-7	6.327e-7	-9.067e-9	-5.275e-8	-5.132e-8	-5.417e-8
0.432	7.337e-7	7.928e-7	5.916e-8	-6.499e-8	-6.269e-8	-6.730e-8	8.009e-7	8.039e-7	2.998e-9	-7.416e-8	-7.258e-8	-7.574e-8	6.633e-7	6.602e-7	-3.083e-9	-5.594e-8	-5.451e-8	-5.737e-8	6.563e-7	6.635e-7	7.250e-9	-5.153e-8	-5.269e-8	-5.036e-8
0.436	7.637e-7	8.330e-7	6.930e-8	-6.793e-8	-6.609e-8	-6.977e-8	8.206e-7	8.436e-7	2.298e-8	-7.392e-8	-7.575e-8	-7.209e-8	6.824e-7	6.943e-7	1.191e-8	-5.734e-8	-5.427e-8	-6.041e-8	6.869e-7	6.973e-7	1.039e-8	-5.615e-8	-5.343e-8	-5.887e-8
0.440	7.961e-7	8.824e-7	8.623e-8	-7.107e-8	-6.490e-8	-7.724e-8	8.551e-7	8.888e-7	3.369e-8	-7.656e-8	-7.916e-8	-7.396e-8	7.020e-7	7.250e-7	2.301e-8	-5.892e-8	-5.852e-8	-5.933e-8	7.085e-7	7.342e-7	2.577e-8	-5.717e-8	-5.314e-8	-6.119e-8
0.444	8.267e-7	9.320e-7	1.053e-7	-7.461e-8	-7.455e-8	-7.468e-8	8.744e-7	9.276e-7	5.321e-8	-8.135e-8	-8.321e-8	-7.948e-8	7.335e-7	7.675e-7	3.397e-8	-6.137e-8	-5.907e-8	-6.367e-8	7.400e-7	7.746e-7	3.462e-8	-6.038e-8	-5.729e-8	-6.347e-8
0.448	8.642e-7	9.835e-7	1.193e-7	-8.079e-8	-7.551e-8	-8.607e-8	9.135e-7	9.818e-7	6.831e-8	-8.001e-8	-8.178e-8	-7.823e-8	7.554e-7	8.110e-7	5.560e-8	-6.107e-8	-6.215e-8	-5.999e-8	7.661e-7	8.141e-7	4.799e-8	-6.492e-8	-6.278e-8	-6.705e-8
0.452	9.037e-7	1.044e-6	1.398e-7	-8.360e-8	-8.112e-8	-8.607e-8	9.535e-7	1.037e-6	8.326e-8	-8.937e-8	-9.089e-8	-8.785e-8	7.887e-7	8.544e-7	6.561e-8	-6.655e-8	-6.489e-8	-6.820e-8	7.948e-7	8.600e-7	6.516e-8	-6.493e-8	-6.134e-8	-6.852e-8
0.456	9.439e-7	1.104e-6	1.597e-7	-8.669e-8	-8.483e-8	-8.856e-8	9.875e-7	1.091e-6	1.040e-7	-9.200e-8	-9.691e-8	-8.710e-8	8.188e-7	9.021e-7	8.324e-8	-6.838e-8	-6.820e-8	-6.856e-8	8.301e-7	9.130e-7	8.282e-8	-6.891e-8	-6.626e-8	-7.156e-8
0.460	9.869e-7	1.168e-6	1.810e-7	-9.169e-8	-8.823e-8	-9.515e-8	1.029e-6	1.155e-6	1.259e-7	-9.498e-8	-9.638e-8	-9.358e-8	8.571e-7	9.562e-7	9.909e-8	-7.233e-8	-7.227e-8	-7.238e-8	8.682e-7	9.652e-7	9.700e-8	-7.303e-8	-7.016e-8	-7.591e-8
0.464	1.031e-6	1.240e-6	2.086e-7	-9.332e-8	-8.966e-8	-9.699e-8	1.073e-6	1.224e-6	1.514e-7	-9.855e-8	-1.020e-7	-9.512e-8	8.957e-7	1.010e-6	1.143e-7	-8.012e-8	-8.001e-8	-8.024e-8	9.057e-7	1.018e-6	1.127e-7	-7.972e-8	-7.745e-8	-8.198e-8
0.468	1.082e-6	1.316e-6	2.334e-7	-1.018e-7	-9.825e-8	-1.053e-7	1.123e-6	1.294e-6	1.710e-7	-1.054e-7	-1.074e-7	-1.033e-7	9.323e-7	1.067e-6	1.349e-7	-8.489e-8	-8.465e-8	-8.513e-8	9.468e-7	1.080e-6	1.333e-7	-8.127e-8	-7.779e-8	-8.475e-8
0.472	1.134e-6	1.393e-6	2.589e-7	-1.062e-7	-1.044e-7	-1.080e-7	1.170e-6	1.368e-6	1.977e-7	-1.094e-7	-1.100e-7	-1.088e-7	9.791e-7	1.135e-6	1.560e-7	-8.885e-8	-8.640e-8	-9.131e-8	9.861e-7	1.140e-6	1.542e-7	-8.615e-8	-8.379e-8	-8.851e-8
0.476	1.184e-6	1.473e-6	2.890e-7	-1.148e-7	-1.121e-7	-1.174e-7	1.228e-6	1.447e-6	2.194e-7	-1.167e-7	-1.182e-7	-1.152e-7	1.023e-6	1.201e-6	1.787e-7	-9.141e-8	-8.825e-8	-9.458e-8	1.031e-6	1.209e-6	1.780e-7	-9.309e-8	-9.094e-8	-9.525e-8
0.480	1.242e-6	1.557e-6	3.154e-7	-1.240e-7	-1.198e-7	-1.281e-7	1.275e-6	1.528e-6	2.537e-7	-1.213e-7	-1.234e-7	-1.192e-7	1.064e-6	1.269e-6	2.046e-7	-9.721e-8	-9.645e-8	-9.796e-8	1.080e-6	1.281e-6	2.005e-7	-9.759e-8	-9.331e-8	-1.019e-7
0.484	1.299e-6	1.649e-6	3.500e-7	-1.287e-7	-1.249e-7	-1.324e-7	1.333e-6	1.614e-6	2.814e-7	-1.310e-7	-1.312e-7	-1.308e-7	1.111e-6	1.337e-6	2.266e-7	-1.054e-7	-1.057e-7	-1.051e-7	1.127e-6	1.355e-6	2.280e-7	-1.018e-7	-9.825e-8	-1.053e-7
0.488	1.356e-6	1.738e-6	3.817e-7	-1.369e-7	-1.328e-7	-1.409e-7	1.388e-6	1.703e-6	3.149e-7	-1.375e-7	-1.394e-7	-1.356e-7	1.160e-6	1.415e-6	2.554e-7	-1.088e-7	-1.089e-7	-1.086e-7	1.174e-6	1.430e-6	2.558e-7	-1.084e-7	-1.056e-7	-1.111e-7
0.492	1.407e-6	1.829e-6	4.226e-7	-1.461e-7	-1.430e-7	-1.492e-7	1.450e-6	1.799e-6	3.486e-7	-1.441e-7	-1.439e-7	-1.443e-7	1.211e-6	1.493e-6	2.817e-7	-1.180e-7	-1.176e-7	-1.184e-7	1.222e-6	1.506e-6	2.841e-7	-1.166e-7	-1.147e-7	-1.185e-7
0.496	1.463e-6	1.923e-6	4.597e-7	-1.517e-7	-1.498e-7	-1.537e-7	1.497e-6	1.888e-6	3.909e-7	-1.514e-7	-1.519e-7	-1.509e-7	1.263e-6	1.574e-6	3.113e-7	-1.245e-7	-1.211e-7	-1.279e-7	1.280e-6	1.589e-6	3.094e-7	-1.237e-7	-1.207e-7	-1.266e-7
0.500	1.528e-6	2.026e-6	4.977e-7	-1.604e-7	-1.566e-7	-1.642e-7	1.557e-6	1.984e-6	4.269e-7	-1.635e-7	-1.643e-7	-1.627e-7	1.305e-6	1.650e-6	3.448e-7	-1.316e-7	-1.292e-7	-1.340e-7	1.326e-6	1.672e-6	3.453e-7	-1.273e-7	-1.224e-7	-1.322e-7
0.504	1.582e-6	2.116e-6	5.333e-7	-1.734e-7	-1.681e-7	-1.786e-7	1.616e-6	2.080e-6	4.639e-7	-1.681e-7	-1.690e-7	-1.671e-7	1.352e-6	1.735e-6	3.826e-7	-1.386e-7	-1.368e-7	-1.403e-7	1.370e-6	1.752e-6	3.824e-7	-1.398e-7	-1.351e-7	-1.445e-7
0.508	1.627e-6	2.210e-6	5.834e-7	-1.825e-7	-1.768e-7	-1.881e-7	1.672e-6	2.179e-6	5.067e-7	-1.803e-7	-1.796e-7	-1.810e-7	1.396e-6	1.809e-6	4.125e-7	-1.469e-7	-1.458e-7	-1.481e-7	1.413e-6	1.830e-6	4.169e-7	-1.440e-7	-1.422e-7	-1.458e-7
0.512	1.673e-6	2.299e-6	6.268e-7	-1.929e-7	-1.880e-7	-1.977e-7	1.718e-6	2.271e-6	5.527e-7	-1.874e-7	-1.853e-7	-1.895e-7	1.443e-6	1.892e-6	4.489e-7	-1.551e-7	-1.498e-7	-1.605e-7	1.464e-6	1.912e-6	4.471e-7	-1.549e-7	-1.553e-7	-1.546e-7
0.516	1.723e-6	2.392e-6	6.692e-7	-2.022e-7	-1.977e-7	-2.067e-7	1.766e-6	2.363e-6	5.977e-7	-2.027e-7	-2.050e-7	-2.004e-7	1.478e-6	1.966e-6	4.878e-7	-1.651e-7	-1.626e-7	-1.676e-7	1.505e-6	1.993e-6	4.883e-7	-1.634e-7	-1.582e-7	-1.686e-7
0.520	1.754e-6	2.477e-6	7.236e-7	-2.137e-7	-2.099e-7	-2.174e-7	1.815e-6	2.455e-6	6.404e-7	-2.122e-7	-2.112e-7	-2.133e-7	1.519e-6	2.040e-6	5.212e-7	-1.740e-7	-1.722e-7	-1.758e-7	1.538e-6	2.067e-6	5.287e-7	-1.697e-7	-1.673e-7	-1.721e-7
0.524	1.789e-6	2.555e-6	7.663e-7	-2.253e-7	-2.206e-7	-2.299e-7	1.854e-6	2.545e-6	6.906e-7	-2.206e-7	-2.183e-7	-2.228e-7	1.553e-6	2.117e-6	5.638e-7	-1.803e-7	-1.766e-7	-1.841e-7	1.569e-6	2.138e-6	5.689e-7	-1.834e-7	-1.805e-7	-1.862e-7
0.528	1.820e-6	2.636e-6	8.155e-7	-2.339e-7	-2.272e-7	-2.407e-7	1.883e-6	2.627e-6	7.436e-7	-2.322e-7	-2.324e-7	-2.320e-7	1.573e-6	2.181e-6	6.081e-7	-1.916e-7	-1.901e-7	-1.930e-7	1.598e-6	2.207e-6	6.091e-7	-1.904e-7	-1.865e-7	-1.943e-7
0.532	1.838e-6	2.701e-6	8.632e-7	-2.462e-7	-2.402e-7	-2.521e-7	1.915e-6	2.707e-6	7.918e-7	-2.434e-7	-2.421e-7	-2.446e-7	1.599e-6	2.249e-6	6.497e-7	-2.013e-7	-2.002e-7	-2.024e-7	1.616e-6	2.269e-6	6.535e-7	-1.999e-7	-1.967e-7	-2.032e-7
0.536	1.849e-6	2.764e-6	9.154e-7	-2.572e-7	-2.522e-7	-2.623e-7	1.933e-6	2.781e-6	8.480e-7	-2.514e-7	-2.513e-7	-2.516e-7	1.617e-6	2.310e-6	6.924e-7	-2.107e-7	-2.082e-7	-2.132e-7	1.638e-6	2.330e-6	6.919e-7	-2.131e-7	-2.082e-7	-2.180e-7
0.540	1.850e-6	2.820e-6	9.690e-7	-2.707e-7	-2.666e-7	-2.748e-7	1.948e-6	2.844e-6	8.957e-7	-2.659e-7	-2.654e-7	-2.663e-7	1.626e-6	2.360e-6	7.340e-7	-2.207e-7	-2.166e-7	-2.249e-7	1.644e-6	2.382e-6	7.382e-7	-2.208e-7	-2.166e-7	-2.250e-7
0.544	1.852e-6	2.872e-6	1.020e-6	-2.854e-7	-2.819e-7	-2.888e-7	1.957e-6	2.904e-6	9.473e-7	-2.777e-7	-2.780e-7	-2.774e-7	1.631e-6	2.409e-6	7.772e-7	-2.313e-7	-2.280e-7	-2.345e-7	1.643e-6	2.429e-6	7.860e-7	-2.277e-7	-2.237e-7	-2.318e-7
0.548	1.845e-6	2.914e-6	1.069e-6	-2.948e-7	-2.899e-7	-2.996e-7	1.954e-6	2.956e-6	1.002e-6	-2.887e-7	-2.894e-7	-2.880e-7	1.626e-6	2.451e-6	8.249e-7	-2.387e-7	-2.388e-7	-2.386e-7	1.644e-6	2.472e-6	8.274e-7	-2.387e-7	-2.316e-7	-2.457e-7
0.552	1.826e-6	2.947e-6	1.122e-6	-3.066e-7	-3.018e-7	-3.114e-7	1.945e-6	3.004e-6	1.059e-6	-2.994e-7	-2.987e-7	-3.001e-7	1.616e-6	2.489e-6	8.728e-7	-2.468e-7	-2.442e-7	-2.494e-7	1.642e-6	2.509e-6	8.671e-7	-2.498e-7	-2.434e-7	-2.562e-7
0.556	1.803e-6	2.975e-6	1.172e-6	-3.166e-7	-3.138e-7	-3.194e-7	1.927e-6	3.041e-6	1.113e-6	-3.107e-7	-3.116e-7	-3.097e-7	1.607e-6	2.520e-6	9.133e-7	-2.598e-7	-2.546e-7	-2.650e-7	1.628e-6	2.538e-6	9.107e-7	-2.606e-7	-2.536e-7	-2.676e-7
0.560	1.772e-6	2.997e-6	1.225e-6	-3.269e-7	-3.216e-7	-3.322e-7	1.910e-6	3.076e-6	1.166e-6	-3.224e-7	-3.234e-7	-3.215e-7	1.588e-6	2.545e-6	9.569e-7	-2.683e-7	-2.655e-7	-2.711e-7	1.597e-6	2.557e-6	9.600e-7	-2.671e-7	-2.634e-7	-2.707e-7
0.564	1.734e-6	3.009e-6	1.275e-6	-3.396e-7	-3.347e-7	-3.444e-7	1.883e-6	3.103e-6	1.220e-6	-3.332e-7	-3.326e-7	-3.339e-7	1.565e-6	2.565e-6	9.995e-7	-2.763e-7	-2.729e-7	-2.798e-7	1.578e-6	2.576e-6	9.986e-7	-2.798e-7	-2.752e-7	-2.845e-7
0.568	1.693e-6	3.021e-6	1.329e-6	-3.490e-7	-3.479e-7	-3.500e-7	1.845e-6	3.118e-6	1.273e-6	-3.474e-7	-3.482e-7	-3.466e-7	1.532e-6	2.576e-6	1.045e-6	-2.842e-7	-2.814e-7	-2.871e-7	1.544e-6	2.594e-6	1.050e-6	-2.826e-7	-2.783e-7	-2.870e-7
0.572	1.652e-6	3.025e-6	1.373e-6	-3.580e-7	-3.535e-7	-3.624e-7	1.809e-6	3.135e-6	1.326e-6	-3.556e-7	-3.568e-7	-3.545e-7	1.503e-6	2.589e-6	1.086e-6	-2.946e-7	-2.910e-7	-2.983e-7	1.511e-6	2.600e-6	1.089e-6	-2.941e-7	-2.899e-7	-2.982e-7
0.576	1.601e-6	3.024e-6	1.423e-6	-3.683e-7	-3.631e-7	-3.736e-7	1.772e-6	3.146e-6	1.374e-6	-3.669e-7	-3.669e-7	-3.669e-7	1.464e-6	2.593e-6	1.129e-6	-3.016e-7	-2.979e-7	-3.053e-7	1.474e-6	2.604e-6	1.130e-6	-3.008e-7	-2.963e-7	-3.054e-7
0.580	1.544e-6	3.016e-6	1.473e-6	-3.771e-7	-3.755e-7	-3.788e-7	1.720e-6	3.151e-6	1.431e-6	-3.740e-7	-3.749e-7	-3.730e-7	1.427e-6	2.598e-6	1.171e-6	-3.092e-7	-3.045e-7	-3.138e-7	1.433e-6	2.605e-6	1.173e-6	-3.117e-7	-3.071e-7	-3.163e-7
0.584	1.489e-6	3.003e-6	1.514e-6	-3.879e-7	-3.855e-7	-3.903e-7	1.670e-6	3.146e-6	1.476e-6	-3.839e-7	-3.840e-7	-3.837e-7	1.386e-6	2.597e-6	1.211e-6	-3.138e-7	-3.102e-7	-3.174e-7	1.393e-6	2.605e-6	1.212e-6	-3.182e-7	-3.124e-7	-3.240e-7
0.588	1.442e-6	3.001e-6	1.560e-6	-3.945e-7	-3.915e-7	-3.976e-7	1.617e-6	3.144e-6	1.528e-6	-3.935e-7	-3.947e-7	-3.923e-7	1.336e-6	2.588e-6	1.252e-6	-3.244e-7	-3.212e-7	-3.277e-7	1.345e-6	2.596e-6	1.251e-6	-3.252e-7	-3.211e-7	-3.292e-7
0.592	1.387e-6	2.985e-6	1.598e-6	-4.012e-7	-3.961e-7	-4.062e-7	1.572e-6	3.143e-6	1.572e-6	-4.012e-7	-4.025e-7	-4.000e-7	1.291e-6	2.581e-6	1.290e-6	-3.310e-7	-3.287e-7	-3.333e-7	1.298e-6	2.587e-6	1.288e-6	-3.334e-7	-3.292e-7	-3.376e-7
0.596	1.331e-6	2.969e-6	1.638e-6	-4.088e-7	-4.033e-7	-4.143e-7	1.516e-6	3.131e-6	1.615e-6	-4.091e-7	-4.086e-7	-4.097e-7	1.248e-6	2.573e-6	1.325e-6	-3.368e-7	-3.362e-7	-3.373e-7	1.246e-6	2.574e-6	1.327e-6	-3.358e-7	-3.342e-7	-3.375e-7
0.600	1.271e-6	2.949e-6	1.677e-6	-4.171e-7	-4.148e-7	-4.195e-7	1.460e-6	3.120e-6	1.659e-6	-4.154e-7	-4.179e-7	-4.130e-7	1.205e-6	2.562e-6	1.357e-6	-3.424e-7	-3.394e-7	-3.455e-7	1.206e-6	2.562e-6	1.357e-6	-3.441e-7	-3.417e-7	-3.466e-7
0.604	1.215e-6	2.926e-6	1.711e-6	-4.229e-7	-4.216e-7	-4.243e-7	1.405e-6	3.104e-6	1.699e-6	-4.245e-7	-4.268e-7	-4.222e-7	1.161e-6	2.551e-6	1.390e-6	-3.471e-7	-3.444e-7	-3.498e-7	1.157e-6	2.548e-6	1.391e-6	-3.488e-7	-3.462e-7	-3.515e-7
0.608	1.168e-6	2.911e-6	1.743e-6	-4.281e-7	-4.230e-7	-4.332e-7	1.356e-6	3.092e-6	1.736e-6	-4.293e-7	-4.301e-7	-4.285e-7	1.111e-6	2.534e-6	1.423e-6	-3.532e-7	-3.531e-7	-3.533e-7	1.105e-6	2.527e-6	1.422e-6	-3.543e-7	-3.511e-7	-3.575e-7
0.612	1.117e-6	2.888e-6	1.770e-6	-4.343e-7	-4.307e-7	-4.378e-7	1.300e-6	3.074e-6	1.774e-6	-4.361e-7	-4.403e-7	-4.320e-7	1.070e-6	2.521e-6	1.451e-6	-3.577e-7	-3.558e-7	-3.596e-7	1.071e-6	2.516e-6	1.445e-6	-3.599e-7	-3.537e-7	-3.660e-7
0.616	1.070e-6	2.868e-6	1.798e-6	-4.387e-7	-4.357e-7	-4.418e-7	1.254e-6	3.058e-6	1.804e-6	-4.429e-7	-4.445e-7	-4.412e-7	1.024e-6	2.500e-6	1.476e-6	-3.630e-7	-3.616e-7	-3.645e-7	1.025e-6	2.496e-6	1.471e-6	-3.638e-7	-3.607e-7	-3.669e-7
0.620	1.013e-6	2.842e-6	1.829e-6	-4.425e-7	-4.423e-7	-4.428e-7	1.200e-6	3.034e-6	1.834e-6	-4.484e-7	-4.478e-7	-4.491e-7	9.935e-7	2.489e-6	1.496e-6	-3.667e-7	-3.638e-7	-3.696e-7	9.880e-7	2.482e-6	1.494e-6	-3.675e-7	-3.656e-7	-3.695e-7
0.624	9.744e-7	2.823e-6	1.849e-6	-4.468e-7	-4.446e-7	-4.490e-7	1.153e-6	3.014e-6	1.861e-6	-4.558e-7	-4.587e-7	-4.528e-7	9.493e-7	2.468e-6	1.518e-6	-3.713e-7	-3.697e-7	-3.730e-7	9.470e-7	2.465e-6	1.518e-6	-3.685e-7	-3.635e-7	-3.736e-7
0.628	9.305e-7	2.798e-6	1.868e-6	-4.514e-7	-4.491e-7	-4.537e-7	1.116e-6	2.999e-6	1.884e-6	-4.574e-7	-4.585e-7	-4.563e-7	9.152e-7	2.454e-6	1.538e-6	-3.745e-7	-3.726e-7	-3.764e-7	9.063e-7	2.443e-6	1.537e-6	-3.751e-7	-3.742e-7	-3.761e-7
0.632	8.995e-7	2.783e-6	1.883e-6	-4.538e-7	-4.489e-7	-4.587e-7	1.074e-6	2.982e-6	1.908e-6	-4.641e-7	-4.659e-7	-4.624e-7	8.747e-7	2.435e-6	1.560e-6	-3.782e-7	-3.791e-7	-3.773e-7	8.762e-7	2.426e-6	1.550e-6	-3.782e-7	-3.741e-7	-3.822e-7
0.636	8.600e-7	2.761e-6	1.901e-6	-4.576e-7	-4.550e-7	-4.603e-7	1.029e-6	2.961e-6	1.933e-6	-4.659e-7	-4.688e-7	-4.629e-7	8.473e-7	2.419e-6	1.572e-6	-3.806e-7	-3.789e-7	-3.824e-7	8.483e-7	2.411e-6	1.563e-6	-3.818e-7	-3.791e-7	-3.845e-7
0.640	8.275e-7	2.741e-6	1.913e-6	-4.608e-7	-4.584e-7	-4.633e-7	9.900e-7	2.941e-6	1.951e-6	-4.700e-7	-4.744e-7	-4.657e-7	8.142e-7	2.402e-6	1.588e-6	-3.840e-7	-3.827e-7	-3.853e-7	8.183e-7	2.395e-6	1.576e-6	-3.844e-7	-3.813e-7	-3.875e-7
0.644	7.930e-7	2.719e-6	1.926e-6	-4.619e-7	-4.608e-7	-4.629e-7	9.626e-7	2.924e-6	1.961e-6	-4.747e-7	-4.779e-7	-4.715e-7	7.896e-7	2.386e-6	1.597e-6	-3.871e-7	-3.869e-7	-3.873e-7	7.815e-7	2.376e-6	1.594e-6	-3.848e-7	-3.840e-7	-3.856e-7
0.648	7.677e-7	2.702e-6	1.934e-6	-4.659e-7	-4.636e-7	-4.683e-7	9.266e-7	2.901e-6	1.975e-6	-4.772e-7	-4.818e-7	-4.726e-7	7.581e-7	2.371e-6	1.612e-6	-3.887e-7	-3.881e-7	-3.893e-7	7.660e-7	2.365e-6	1.599e-6	-3.874e-7	-3.828e-7	-3.920e-7
0.652	7.384e-7	2.682e-6	1.943e-6	-4.674e-7	-4.687e-7	-4.662e-7	8.916e-7	2.884e-6	1.992e-6	-4.796e-7	-4.847e-7	-4.746e-7	7.385e-7	2.355e-6	1.617e-6	-3.900e-7	-3.880e-7	-3.920e-7	7.383e-7	2.348e-6	1.609e-6	-3.896e-7	-3.877e-7	-3.916e-7
0.656	7.120e-7	2.662e-6	1.950e-6	-4.684e-7	-4.659e-7	-4.709e-7	8.737e-7	2.870e-6	1.997e-6	-4.809e-7	-4.837e-7	-4.780e-7	7.166e-7	2.342e-6	1.625e-6	-3.922e-7	-3.911e-7	-3.934e-7	7.133e-7	2.331e-6	1.618e-6	-3.915e-7	-3.906e-7	-3.924e-7
0.660	6.903e-7	2.646e-6	1.955e-6	-4.708e-7	-4.712e-7	-4.704e-7	8.470e-7	2.854e-6	2.007e-6	-4.838e-7	-4.846e-7	-4.829e-7	7.032e-7	2.329e-6	1.626e-6	-3.963e-7	-3.947e-7	-3.978e-7	6.920e-7	2.314e-6	1.622e-6	-3.914e-7	-3.927e-7	-3.901e-7
0.664	6.734e-7	2.633e-6	1.959e-6	-4.712e-7	-4.694e-7	-4.730e-7	8.244e-7	2.836e-6	2.011e-6	-4.855e-7	-4.879e-7	-4.832e-7	6.800e-7	2.315e-6	1.635e-6	-3.939e-7	-3.939e-7	-3.940e-7	6.735e-7	2.304e-6	1.630e-6	-3.920e-7	-3.912e-7	-3.928e-7
0.668	6.524e-7	2.615e-6	1.962e-6	-4.733e-7	-4.729e-7	-4.737e-7	8.005e-7	2.821e-6	2.021e-6	-4.879e-7	-4.913e-7	-4.846e-7	6.676e-7	2.303e-6	1.635e-6	-3.972e-7	-3.951e-7	-3.992e-7	6.628e-7	2.293e-6	1.630e-6	-3.938e-7	-3.926e-7	-3.949e-7
0.672	6.435e-7	2.605e-6	1.961e-6	-4.730e-7	-4.741e-7	-4.720e-7	7.826e-7	2.808e-6	2.025e-6	-4.890e-7	-4.927e-7	-4.853e-7	6.461e-7	2.288e-6	1.642e-6	-3.980e-7	-3.973e-7	-3.987e-7	6.452e-7	2.276e-6	1.631e-6	-3.948e-7	-3.907e-7	-3.990e-7
0.676	6.271e-7	2.588e-6	1.961e-6	-4.735e-7	-4.737e-7	-4.733e-7	7.662e-7	2.796e-6	2.030e-6	-4.908e-7	-4.961e-7	-4.855e-7	6.352e-7	2.279e-6	1.644e-6	-3.981e-7	-3.981e-7	-3.982e-7	6.328e-7	2.267e-6	1.634e-6	-3.936e-7	-3.929e-7	-3.943e-7
0.680	6.119e-7	2.578e-6	1.966e-6	-4.723e-7	-4.694e-7	-4.752e-7	7.523e-7	2.782e-6	2.030e-6	-4.919e-7	-4.931e-7	-4.907e-7	6.248e-7	2.266e-6	1.641e-6	-4.024e-7	-4.020e-7	-4.028e-7	6.186e-7	2.253e-6	1.634e-6	-3.942e-7	-3.958e-7	-3.925e-7
0.684	6.085e-7	2.567e-6	1.959e-6	-4.723e-7	-4.684e-7	-4.761e-7	7.455e-7	2.777e-6	2.031e-6	-4.916e-7	-4.966e-7	-4.865e-7	6.056e-7	2.253e-6	1.647e-6	-4.011e-7	-4.027e-7	-3.995e-7	6.088e-7	2.238e-6	1.630e-6	-3.985e-7	-3.974e-7	-3.996e-7
0.688	5.944e-7	2.554e-6	1.960e-6	-4.732e-7	-4.727e-7	-4.737e-7	7.279e-7	2.763e-6	2.035e-6	-4.924e-7	-4.971e-7	-4.878e-7	6.017e-7	2.246e-6	1.645e-6	-3.998e-7	-3.982e-7	-4.013e-7	6.047e-7	2.236e-6	1.631e-6	-3.976e-7	-3.958e-7	-3.994e-7
0.692	5.888e-7	2.546e-6	1.957e-6	-4.726e-7	-4.723e-7	-4.728e-7	7.145e-7	2.749e-6	2.034e-6	-4.930e-7	-4.951e-7	-4.909e-7	5.942e-7	2.238e-6	1.644e-6	-4.033e-7	-4.044e-7	-4.023e-7	5.950e-7	2.225e-6	1.630e-6	-3.977e-7	-3.974e-7	-3.979e-7
0.696	5.739e-7	2.530e-6	1.956e-6	-4.728e-7	-4.744e-7	-4.711e-7	7.054e-7	2.738e-6	2.033e-6	-4.954e-7	-5.002e-7	-4.906e-7	5.855e-7	2.229e-6	1.644e-6	-3.988e-7	-3.967e-7	-4.009e-7	5.882e-7	2.219e-6	1.630e-6	-3.970e-7	-3.953e-7	-3.986e-7
0.700	5.754e-7	2.527e-6	1.952e-6	-4.752e-7	-4.745e-7	-4.758e-7	7.042e-7	2.732e-6	2.028e-6	-4.962e-7	-4.999e-7	-4.926e-7	5.810e-7	2.221e-6	1.640e-6	-3.979e-7	-3.990e-7	-3.968e-7	5.755e-7	2.209e-6	1.634e-6	-3.945e-7	-3.932e-7	-3.958e-7
0.704	5.664e-7	2.516e-6	1.949e-6	-4.727e-7	-4.702e-7	-4.752e-7	7.003e-7	2.726e-6	2.026e-6	-4.948e-7	-4.972e-7	-4.923e-7	5.741e-7	2.214e-6	1.640e-6	-4.010e-7	-4.014e-7	-4.005e-7	5.692e-7	2.199e-6	1.630e-6	-3.942e-7	-3.945e-7	-3.939e-7
0.708	5.690e-7	2.509e-6	1.940e-6	-4.741e-7	-4.742e-7	-4.741e-7	6.856e-7	2.712e-6	2.027e-6	-4.953e-7	-4.990e-7	-4.915e-7	5.705e-7	2.208e-6	1.637e-6	-3.996e-7	-3.975e-7	-4.017e-7	5.769e-7	2.198e-6	1.621e-6	-3.977e-7	-3.953e-7	-4.001e-7
0.712	5.681e-7	2.502e-6	1.934e-6	-4.756e-7	-4.747e-7	-4.765e-7	6.851e-7	2.706e-6	2.021e-6	-4.961e-7	-5.009e-7	-4.914e-7	5.652e-7	2.201e-6	1.635e-6	-3.985e-7	-3.987e-7	-3.984e-7	5.687e-7	2.192e-6	1.624e-6	-3.956e-7	-3.958e-7	-3.955e-7
0.716	5.626e-7	2.498e-6	1.935e-6	-4.713e-7	-4.709e-7	-4.716e-7	6.829e-7	2.706e-6	2.023e-6	-4.967e-7	-5.011e-7	-4.923e-7	5.601e-7	2.193e-6	1.633e-6	-4.018e-7	-4.025e-7	-4.012e-7	5.666e-7	2.184e-6	1.617e-6	-3.943e-7	-3.936e-7	-3.950e-7
0.720	5.606e-7	2.493e-6	1.932e-6	-4.695e-7	-4.682e-7	-4.709e-7	6.824e-7	2.699e-6	2.017e-6	-4.961e-7	-5.019e-7	-4.904e-7	5.631e-7	2.190e-6	1.627e-6	-4.013e-7	-4.015e-7	-4.011e-7	5.661e-7	2.180e-6	1.614e-6	-3.927e-7	-3.913e-7	-3.941e-7
0.724	5.628e-7	2.487e-6	1.925e-6	-4.716e-7	-4.704e-7	-4.728e-7	6.815e-7	2.695e-6	2.014e-6	-4.950e-7	-5.009e-7	-4.891e-7	5.585e-7	2.186e-6	1.628e-6	-4.001e-7	-4.010e-7	-3.993e-7	5.659e-7	2.175e-6	1.609e-6	-3.967e-7	-3.936e-7	-3.997e-7
0.728	5.604e-7	2.482e-6	1.922e-6	-4.676e-7	-4.679e-7	-4.673e-7	6.807e-7	2.692e-6	2.011e-6	-4.954e-7	-4.978e-7	-4.930e-7	5.618e-7	2.184e-6	1.622e-6	-3.995e-7	-4.015e-7	-3.976e-7	5.626e-7	2.169e-6	1.607e-6	-3.958e-7	-3.962e-7	-3.954e-7
0.732	5.614e-7	2.477e-6	1.916e-6	-4.692e-7	-4.665e-7	-4.720e-7	6.858e-7	2.689e-6	2.004e-6	-4.942e-7	-4.969e-7	-4.915e-7	5.594e-7	2.180e-6	1.621e-6	-3.985e-7	-4.006e-7	-3.964e-7	5.619e-7	2.169e-6	1.607e-6	-3.942e-7	-3.935e-7	-3.948e-7
0.736	5.605e-7	2.473e-6	1.912e-6	-4.691e-7	-4.667e-7	-4.714e-7	6.832e-7	2.684e-6	2.001e-6	-4.971e-7	-5.010e-7	-4.933e-7	5.593e-7	2.176e-6	1.617e-6	-3.964e-7	-3.988e-7	-3.940e-7	5.607e-7	2.165e-6	1.605e-6	-3.918e-7	-3.921e-7	-3.915e-7
0.740	5.665e-7	2.473e-6	1.906e-6	-4.701e-7	-4.702e-7	-4.700e-7	6.863e-7	2.683e-6	1.997e-6	-4.940e-7	-4.977e-7	-4.904e-7	5.648e-7	2.179e-6	1.614e-6	-3.951e-7	-3.969e-7	-3.932e-7	5.691e-7	2.168e-6	1.598e-6	-3.929e-7	-3.909e-7	-3.949e-7
0.744	5.643e-7	2.470e-6	1.905e-6	-4.669e-7	-4.688e-7	-4.650e-7	6.869e-7	2.682e-6	1.995e-6	-4.936e-7	-4.980e-7	-4.891e-7	5.691e-7	2.178e-6	1.609e-6	-3.962e-7	-3.946e-7	-3.978e-7	5.721e-7	2.168e-6	1.596e-6	-3.903e-7	-3.903e-7	-3.903e-7
0.748	5.743e-7	2.470e-6	1.896e-6	-4.668e-7	-4.645e-7	-4.691e-7	6.976e-7	2.687e-6	1.989e-6	-4.943e-7	-4.999e-7	-4.888e-7	5.641e-7	2.173e-6	1.608e-6	-3.960e-7	-4.001e-7	-3.919e-7	5.689e-7	2.162e-6	1.593e-6	-3.911e-7	-3.913e-7	-3.910e-7
0.752	5.719e-7	2.468e-6	1.896e-6	-4.643e-7	-4.662e-7	-4.624e-7	6.918e-7	2.683e-6	1.991e-6	-4.906e-7	-4.948e-7	-4.865e-7	5.787e-7	2.179e-6	1.601e-6	-3.950e-7	-3.930e-7	-3.970e-7	5.808e-7	2.166e-6	1.585e-6	-3.902e-7	-3.890e-7	-3.913e-7
0.756	5.761e-7	2.465e-6	1.889e-6	-4.651e-7	-4.670e-7	-4.633e-7	7.030e-7	2.685e-6	1.982e-6	-4.919e-7	-4.953e-7	-4.885e-7	5.799e-7	2.179e-6	1.599e-6	-3.946e-7	-3.935e-7	-3.957e-7	5.851e-7	2.168e-6	1.583e-6	-3.924e-7	-3.920e-7	-3.927e-7
0.760	5.823e-7	2.469e-6	1.887e-6	-4.621e-7	-4.624e-7	-4.617e-7	7.115e-7	2.695e-6	1.983e-6	-4.874e-7	-4.902e-7	-4.846e-7	5.870e-7	2.181e-6	1.594e-6	-3.979e-7	-4.004e-7	-3.955e-7	5.867e-7	2.166e-6	1.579e-6	-3.904e-7	-3.898e-7	-3.910e-7
0.764	5.922e-7	2.474e-6	1.881e-6	-4.617e-7	-4.609e-7	-4.625e-7	7.165e-7	2.692e-6	1.975e-6	-4.932e-7	-4.953e-7	-4.912e-7	5.910e-7	2.180e-6	1.589e-6	-3.929e-7	-3.936e-7	-3.922e-7	5.931e-7	2.174e-6	1.581e-6	-3.849e-7	-3.839e-7	-3.859e-7
0.768	6.038e-7	2.477e-6	1.873e-6	-4.611e-7	-4.596e-7	-4.626e-7	7.290e-7	2.699e-6	1.970e-6	-4.914e-7	-4.971e-7	-4.857e-7	5.927e-7	2.184e-6	1.592e-6	-3.928e-7	-3.964e-7	-3.892e-7	5.974e-7	2.172e-6	1.575e-6	-3.883e-7	-3.881e-7	-3.885e-7
0.772	6.108e-7	2.480e-6	1.869e-6	-4.588e-7	-4.579e-7	-4.596e-7	7.338e-7	2.702e-6	1.969e-6	-4.888e-7	-4.941e-7	-4.836e-7	6.014e-7	2.190e-6	1.588e-6	-3.933e-7	-3.955e-7	-3.911e-7	6.094e-7	2.178e-6	1.569e-6	-3.889e-7	-3.886e-7	-3.891e-7
0.776	6.203e-7	2.486e-6	1.865e-6	-4.591e-7	-4.580e-7	-4.603e-7	7.415e-7	2.706e-6	1.964e-6	-4.884e-7	-4.951e-7	-4.818e-7	6.103e-7	2.196e-6	1.586e-6	-3.912e-7	-3.922e-7	-3.903e-7	6.188e-7	2.185e-6	1.567e-6	-3.865e-7	-3.843e-7	-3.887e-7
0.780	6.248e-7	2.489e-6	1.864e-6	-4.567e-7	-4.556e-7	-4.578e-7	7.524e-7	2.715e-6	1.962e-6	-4.908e-7	-4.977e-7	-4.839e-7	6.123e-7	2.196e-6	1.584e-6	-3.932e-7	-3.940e-7	-3.924e-7	6.277e-7	2.190e-6	1.562e-6	-3.837e-7	-3.812e-7	-3.861e-7
0.784	6.341e-7	2.495e-6	1.861e-6	-4.559e-7	-4.556e-7	-4.562e-7	7.630e-7	2.724e-6	1.961e-6	-4.878e-7	-4.921e-7	-4.836e-7	6.250e-7	2.204e-6	1.579e-6	-3.922e-7	-3.927e-7	-3.916e-7	6.340e-7	2.192e-6	1.558e-6	-3.859e-7	-3.843e-7	-3.875e-7
0.788	6.437e-7	2.499e-6	1.855e-6	-4.580e-7	-4.585e-7	-4.574e-7	7.770e-7	2.728e-6	1.951e-6	-4.885e-7	-4.923e-7	-4.846e-7	6.370e-7	2.213e-6	1.576e-6	-3.902e-7	-3.908e-7	-3.896e-7	6.442e-7	2.203e-6	1.559e-6	-3.826e-7	-3.829e-7	-3.822e-7
0.792	6.554e-7	2.508e-6	1.852e-6	-4.549e-7	-4.520e-7	-4.577e-7	7.831e-7	2.736e-6	1.953e-6	-4.879e-7	-4.924e-7	-4.834e-7	6.426e-7	2.219e-6	1.576e-6	-3.881e-7	-3.912e-7	-3.850e-7	6.501e-7	2.210e-6	1.560e-6	-3.835e-7	-3.831e-7	-3.839e-7
0.796	6.677e-7	2.519e-6	1.851e-6	-4.533e-7	-4.530e-7	-4.536e-7	7.967e-7	2.749e-6	1.952e-6	-4.886e-7	-4.949e-7	-4.823e-7	6.543e-7	2.227e-6	1.573e-6	-3.876e-7	-3.883e-7	-3.869e-7	6.623e-7	2.216e-6	1.553e-6	-3.819e-7	-3.787e-7	-3.851e-7
0.800	6.783e-7	2.524e-6	1.845e-6	-4.526e-7	-4.513e-7	-4.539e-7	8.141e-7	2.762e-6	1.948e-6	-4.843e-7	-4.881e-7	-4.805e-7	6.665e-7	2.238e-6	1.571e-6	-3.879e-7	-3.881e-7	-3.877e-7	6.741e-7	2.227e-6	1.553e-6	-3.829e-7	-3.814e-7	-3.844e-7
0.804	6.912e-7	2.535e-6	1.844e-6	-4.530e-7	-4.502e-7	-4.559e-7	8.281e-7	2.771e-6	1.943e-6	-4.866e-7	-4.933e-7	-4.799e-7	6.711e-7	2.243e-6	1.572e-6	-3.879e-7	-3.911e-7	-3.846e-7	6.838e-7	2.236e-6	1.552e-6	-3.814e-7	-3.789e-7	-3.839e-7
0.808	7.027e-7	2.542e-6	1.839e-6	-4.540e-7	-4.513e-7	-4.566e-7	8.379e-7	2.783e-6	1.945e-6	-4.837e-7	-4.887e-7	-4.786e-7	6.889e-7	2.258e-6	1.569e-6	-3.880e-7	-3.883e-7	-3.877e-7	6.970e-7	2.246e-6	1.549e-6	-3.817e-7	-3.805e-7	-3.829e-7
0.812	7.128e-7	2.552e-6	1.840e-6	-4.533e-7	-4.528e-7	-4.539e-7	8.522e-7	2.793e-6	1.941e-6	-4.861e-7	-4.924e-7	-4.797e-7	7.005e-7	2.268e-6	1.568e-6	-3.857e-7	-3.848e-7	-3.866e-7	7.112e-7	2.261e-6	1.550e-6	-3.813e-7	-3.797e-7	-3.830e-7
0.816	7.264e-7	2.565e-6	1.838e-6	-4.532e-7	-4.523e-7	-4.540e-7	8.663e-7	2.807e-6	1.941e-6	-4.863e-7	-4.920e-7	-4.805e-7	7.112e-7	2.280e-6	1.569e-6	-3.843e-7	-3.863e-7	-3.822e-7	7.208e-7	2.271e-6	1.550e-6	-3.780e-7	-3.766e-7	-3.794e-7
0.820	7.394e-7	2.578e-6	1.838e-6	-4.510e-7	-4.494e-7	-4.526e-7	8.842e-7	2.826e-6	1.941e-6	-4.856e-7	-4.929e-7	-4.783e-7	7.217e-7	2.291e-6	1.569e-6	-3.868e-7	-3.876e-7	-3.860e-7	7.332e-7	2.280e-6	1.547e-6	-3.788e-7	-3.769e-7	-3.806e-7
0.824	7.527e-7	2.591e-6	1.838e-6	-4.517e-7	-4.517e-7	-4.516e-7	8.981e-7	2.839e-6	1.941e-6	-4.874e-7	-4.920e-7	-4.828e-7	7.386e-7	2.306e-6	1.567e-6	-3.856e-7	-3.864e-7	-3.847e-7	7.467e-7	2.297e-6	1.550e-6	-3.763e-7	-3.761e-7	-3.765e-7
0.828	7.625e-7	2.602e-6	1.839e-6	-4.513e-7	-4.510e-7	-4.515e-7	9.161e-7	2.857e-6	1.941e-6	-4.846e-7	-4.884e-7	-4.808e-7	7.539e-7	2.323e-6	1.569e-6	-3.840e-7	-3.841e-7	-3.838e-7	7.586e-7	2.311e-6	1.552e-6	-3.792e-7	-3.795e-7	-3.788e-7
0.832	7.770e-7	2.615e-6	1.838e-6	-4.493e-7	-4.486e-7	-4.501e-7	9.336e-7	2.877e-6	1.943e-6	-4.849e-7	-4.885e-7	-4.814e-7	7.709e-7	2.341e-6	1.570e-6	-3.851e-7	-3.849e-7	-3.853e-7	7.726e-7	2.326e-6	1.554e-6	-3.785e-7	-3.808e-7	-3.762e-7
0.836	7.929e-7	2.635e-6	1.842e-6	-4.490e-7	-4.491e-7	-4.490e-7	9.515e-7	2.895e-6	1.944e-6	-4.869e-7	-4.887e-7	-4.850e-7	7.872e-7	2.354e-6	1.566e-6	-3.863e-7	-3.883e-7	-3.843e-7	7.845e-7	2.340e-6	1.555e-6	-3.769e-7	-3.796e-7	-3.743e-7
0.840	8.181e-7	2.652e-6	1.834e-6	-4.516e-7	-4.530e-7	-4.501e-7	9.641e-7	2.913e-6	1.949e-6	-4.853e-7	-4.913e-7	-4.793e-7	7.967e-7	2.371e-6	1.575e-6	-3.849e-7	-3.850e-7	-3.847e-7	8.069e-7	2.362e-6	1.555e-6	-3.804e-7	-3.797e-7	-3.810e-7
0.844	8.295e-7	2.671e-6	1.841e-6	-4.491e-7	-4.478e-7	-4.505e-7	9.865e-7	2.936e-6	1.949e-6	-4.844e-7	-4.880e-7	-4.808e-7	8.078e-7	2.386e-6	1.579e-6	-3.860e-7	-3.875e-7	-3.846e-7	8.219e-7	2.378e-6	1.556e-6	-3.794e-7	-3.790e-7	-3.798e-7
0.848	8.520e-7	2.693e-6	1.841e-6	-4.494e-7	-4.464e-7	-4.523e-7	1.012e-6	2.965e-6	1.953e-6	-4.846e-7	-4.900e-7	-4.792e-7	8.268e-7	2.407e-6	1.580e-6	-3.865e-7	-3.897e-7	-3.833e-7	8.357e-7	2.396e-6	1.560e-6	-3.784e-7	-3.778e-7	-3.791e-7
0.852	8.717e-7	2.714e-6	1.842e-6	-4.483e-7	-4.468e-7	-4.498e-7	1.024e-6	2.983e-6	1.958e-6	-4.858e-7	-4.929e-7	-4.787e-7	8.458e-7	2.430e-6	1.584e-6	-3.884e-7	-3.904e-7	-3.864e-7	8.534e-7	2.417e-6	1.564e-6	-3.776e-7	-3.750e-7	-3.802e-7
0.856	8.877e-7	2.735e-6	1.848e-6	-4.491e-7	-4.483e-7	-4.499e-7	1.050e-6	3.011e-6	1.961e-6	-4.874e-7	-4.906e-7	-4.842e-7	8.665e-7	2.453e-6	1.587e-6	-3.844e-7	-3.845e-7	-3.843e-7	8.732e-7	2.440e-6	1.567e-6	-3.777e-7	-3.757e-7	-3.796e-7
0.860	9.073e-7	2.761e-6	1.854e-6	-4.489e-7	-4.454e-7	-4.524e-7	1.078e-6	3.039e-6	1.961e-6	-4.910e-7	-4.971e-7	-4.849e-7	8.797e-7	2.473e-6	1.593e-6	-3.858e-7	-3.906e-7	-3.810e-7	8.871e-7	2.462e-6	1.575e-6	-3.750e-7	-3.750e-7	-3.749e-7
0.864	9.255e-7	2.782e-6	1.857e-6	-4.494e-7	-4.480e-7	-4.508e-7	1.096e-6	3.067e-6	1.971e-6	-4.864e-7	-4.880e-7	-4.848e-7	9.027e-7	2.501e-6	1.599e-6	-3.866e-7	-3.874e-7	-3.858e-7	9.076e-7	2.488e-6	1.580e-6	-3.807e-7	-3.827e-7	-3.787e-7
0.868	9.487e-7	2.809e-6	1.860e-6	-4.491e-7	-4.472e-7	-4.511e-7	1.122e-6	3.102e-6	1.980e-6	-4.843e-7	-4.892e-7	-4.794e-7	9.204e-7	2.527e-6	1.607e-6	-3.883e-7	-3.909e-7	-3.857e-7	9.334e-7	2.515e-6	1.581e-6	-3.819e-7	-3.820e-7	-3.819e-7
0.872	9.715e-7	2.840e-6	1.869e-6	-4.496e-7	-4.500e-7	-4.492e-7	1.141e-6	3.125e-6	1.984e-6	-4.914e-7	-4.976e-7	-4.852e-7	9.466e-7	2.556e-6	1.609e-6	-3.886e-7	-3.902e-7	-3.870e-7	9.574e-7	2.547e-6	1.590e-6	-3.802e-7	-3.804e-7	-3.801e-7
0.876	9.963e-7	2.869e-6	1.873e-6	-4.515e-7	-4.510e-7	-4.519e-7	1.170e-6	3.166e-6	1.996e-6	-4.892e-7	-4.947e-7	-4.836e-7	9.675e-7	2.586e-6	1.618e-6	-3.866e-7	-3.864e-7	-3.869e-7	9.795e-7	2.578e-6	1.599e-6	-3.829e-7	-3.818e-7	-3.840e-7
0.880	1.020e-6	2.903e-6	1.883e-6	-4.498e-7	-4.480e-7	-4.516e-7	1.197e-6	3.201e-6	2.004e-6	-4.924e-7	-4.992e-7	-4.856e-7	9.887e-7	2.616e-6	1.627e-6	-3.902e-7	-3.942e-7	-3.862e-7	9.953e-7	2.603e-6	1.607e-6	-3.812e-7	-3.815e-7	-3.809e-7
0.884	1.046e-6	2.937e-6	1.891e-6	-4.520e-7	-4.513e-7	-4.526e-7	1.227e-6	3.242e-6	2.015e-6	-4.914e-7	-4.993e-7	-4.834e-7	1.016e-6	2.653e-6	1.637e-6	-3.882e-7	-3.893e-7	-3.872e-7	1.026e-6	2.641e-6	1.615e-6	-3.813e-7	-3.798e-7	-3.827e-7
0.888	1.069e-6	2.970e-6	1.901e-6	-4.536e-7	-4.525e-7	-4.548e-7	1.255e-6	3.283e-6	2.027e-6	-4.942e-7	-5.000e-7	-4.885e-7	1.046e-6	2.688e-6	1.642e-6	-3.905e-7	-3.914e-7	-3.896e-7	1.056e-6	2.679e-6	1.623e-6	-3.815e-7	-3.824e-7	-3.806e-7
0.892	1.104e-6	3.014e-6	1.910e-6	-4.525e-7	-4.500e-7	-4.550e-7	1.288e-6	3.327e-6	2.038e-6	-4.944e-7	-4.993e-7	-4.895e-7	1.070e-6	2.725e-6	1.655e-6	-3.911e-7	-3.935e-7	-3.887e-7	1.076e-6	2.713e-6	1.636e-6	-3.823e-7	-3.811e-7	-3.834e-7
0.896	1.127e-6	3.049e-6	1.922e-6	-4.552e-7	-4.573e-7	-4.531e-7	1.314e-6	3.369e-6	2.055e-6	-4.957e-7	-5.004e-7	-4.910e-7	1.101e-6	2.768e-6	1.667e-6	-3.908e-7	-3.898e-7	-3.919e-7	1.113e-6	2.759e-6	1.646e-6	-3.856e-7	-3.865e-7	-3.847e-7
0.900	1.162e-6	3.095e-6	1.933e-6	-4.527e-7	-4.528e-7	-4.527e-7	1.352e-6	3.422e-6	2.070e-6	-4.964e-7	-4.994e-7	-4.935e-7	1.133e-6	2.811e-6	1.677e-6	-3.952e-7	-3.958e-7	-3.946e-7	1.143e-6	2.799e-6	1.656e-6	-3.873e-7	-3.876e-7	-3.870e-7
