0.104, 3.208e-7, -1.145e-7, -4.353e-7, 7.298e-7, -3.319e-7, -1.062e-6, 3.184e-7, -9.706e-8, -4.155e-7, 3.172e-7, -1.521e-7, -4.693e-7
0.108, 3.660e-7, 3.579e-8, -3.303e-7, 8.247e-7, 3.138e-8, -7.933e-7, 3.671e-7, 5.198e-8, -3.151e-7, 3.630e-7, 2.183e-9, -3.608e-7
0.112, 3.563e-7, 7.998e-8, -2.763e-7, 7.929e-7, 1.399e-7, -6.530e-7, 3.573e-7, 9.251e-8, -2.648e-7, 3.536e-7, 5.031e-8, -3.033e-7
0.116, 3.493e-7, 1.069e-7, -2.424e-7, 7.696e-7, 2.052e-7, -5.643e-7, 3.504e-7, 1.172e-7, -2.333e-7, 3.470e-7, 8.071e-8, -2.663e-7
0.120, 3.449e-7, 1.265e-7, -2.184e-7, 7.531e-7, 2.507e-7, -5.024e-7, 3.461e-7, 1.348e-7, -2.113e-7, 3.431e-7, 1.035e-7, -2.395e-7
0.124, 3.433e-7, 1.423e-7, -2.010e-7, 7.443e-7, 2.862e-7, -4.581e-7, 3.441e-7, 1.490e-7, -1.951e-7, 3.416e-7, 1.223e-7, -2.193e-7
0.128, 3.434e-7, 1.555e-7, -1.879e-7, 7.390e-7, 3.143e-7, -4.247e-7, 3.439e-7, 1.611e-7, -1.828e-7, 3.416e-7, 1.381e-7, -2.034e-7
0.132, 3.453e-7, 1.681e-7, -1.773e-7, 7.387e-7, 3.391e-7, -3.995e-7, 3.458e-7, 1.727e-7, -1.731e-7, 3.432e-7, 1.525e-7, -1.906e-7
0.136, 3.481e-7, 1.792e-7, -1.688e-7, 7.403e-7, 3.610e-7, -3.793e-7, 3.484e-7, 1.832e-7, -1.652e-7, 3.457e-7, 1.656e-7, -1.801e-7
0.140, 3.517e-7, 1.902e-7, -1.614e-7, 7.445e-7, 3.817e-7, -3.628e-7, 3.517e-7, 1.931e-7, -1.585e-7, 3.490e-7, 1.785e-7, -1.705e-7
0.144, 3.556e-7, 2.009e-7, -1.548e-7, 7.510e-7, 4.012e-7, -3.498e-7, 3.551e-7, 2.026e-7, -1.524e-7, 3.531e-7, 1.904e-7, -1.626e-7
0.148, 3.600e-7, 2.108e-7, -1.492e-7, 7.576e-7, 4.194e-7, -3.382e-7, 3.598e-7, 2.121e-7, -1.477e-7, 3.580e-7, 2.023e-7, -1.557e-7
0.152, 3.652e-7, 2.212e-7, -1.440e-7, 7.653e-7, 4.377e-7, -3.276e-7, 3.645e-7, 2.216e-7, -1.429e-7, 3.631e-7, 2.141e-7, -1.491e-7
0.156, 3.705e-7, 2.316e-7, -1.389e-7, 7.738e-7, 4.562e-7, -3.176e-7, 3.694e-7, 2.311e-7, -1.384e-7, 3.679e-7, 2.255e-7, -1.424e-7
0.160, 3.765e-7, 2.421e-7, -1.344e-7, 7.843e-7, 4.748e-7, -3.095e-7, 3.750e-7, 2.408e-7, -1.341e-7, 3.739e-7, 2.374e-7, -1.365e-7
0.164, 3.820e-7, 2.526e-7, -1.295e-7, 7.936e-7, 4.930e-7, -3.006e-7, 3.803e-7, 2.505e-7, -1.298e-7, 3.792e-7, 2.487e-7, -1.305e-7
0.168, 3.876e-7, 2.633e-7, -1.244e-7, 8.037e-7, 5.123e-7, -2.914e-7, 3.857e-7, 2.603e-7, -1.254e-7, 3.852e-7, 2.608e-7, -1.244e-7
0.172, 3.938e-7, 2.746e-7, -1.192e-7, 8.145e-7, 5.323e-7, -2.823e-7, 3.907e-7, 2.704e-7, -1.203e-7, 3.915e-7, 2.731e-7, -1.184e-7
0.176, 3.999e-7, 2.861e-7, -1.138e-7, 8.263e-7, 5.529e-7, -2.734e-7, 3.971e-7, 2.810e-7, -1.161e-7, 3.977e-7, 2.856e-7, -1.120e-7
0.180, 4.071e-7, 2.984e-7, -1.087e-7, 8.396e-7, 5.751e-7, -2.644e-7, 4.033e-7, 2.922e-7, -1.111e-7, 4.051e-7, 2.992e-7, -1.059e-7
0.184, 4.143e-7, 3.114e-7, -1.029e-7, 8.529e-7, 5.986e-7, -2.543e-7, 4.097e-7, 3.038e-7, -1.059e-7, 4.123e-7, 3.131e-7, -9.919e-8
0.188, 4.220e-7, 3.250e-7, -9.704e-8, 8.681e-7, 6.239e-7, -2.442e-7, 4.165e-7, 3.161e-7, -1.004e-7, 4.204e-7, 3.279e-7, -9.244e-8
0.192, 4.305e-7, 3.396e-7, -9.087e-8, 8.853e-7, 6.513e-7, -2.339e-7, 4.245e-7, 3.295e-7, -9.497e-8, 4.293e-7, 3.437e-7, -8.559e-8
0.196, 4.392e-7, 3.543e-7, -8.499e-8, 9.031e-7, 6.794e-7, -2.237e-7, 4.326e-7, 3.431e-7, -8.957e-8, 4.387e-7, 3.601e-7, -7.866e-8
0.200, 4.493e-7, 3.705e-7, -7.876e-8, 9.242e-7, 7.109e-7, -2.132e-7, 4.416e-7, 3.576e-7, -8.401e-8, 4.493e-7, 3.779e-7, -7.145e-8
0.204, 4.599e-7, 3.877e-7, -7.224e-8, 9.455e-7, 7.437e-7, -2.018e-7, 4.507e-7, 3.728e-7, -7.792e-8, 4.603e-7, 3.963e-7, -6.400e-8
0.208, 4.703e-7, 4.053e-7, -6.494e-8, 9.692e-7, 7.787e-7, -1.905e-7, 4.606e-7, 3.889e-7, -7.168e-8, 4.715e-7, 4.153e-7, -5.614e-8
0.212, 4.820e-7, 4.240e-7, -5.802e-8, 9.946e-7, 8.155e-7, -1.791e-7, 4.711e-7, 4.056e-7, -6.555e-8, 4.841e-7, 4.357e-7, -4.842e-8
0.216, 4.938e-7, 4.433e-7, -5.052e-8, 1.021e-6, 8.542e-7, -1.671e-7, 4.816e-7, 4.230e-7, -5.864e-8, 4.970e-7, 4.568e-7, -4.021e-8
0.220, 5.065e-7, 4.635e-7, -4.297e-8, 1.049e-6, 8.943e-7, -1.544e-7, 4.931e-7, 4.414e-7, -5.167e-8, 5.104e-7, 4.789e-7, -3.154e-8
0.224, 5.196e-7, 4.846e-7, -3.493e-8, 1.076e-6, 9.352e-7, -1.406e-7, 5.049e-7, 4.601e-7, -4.480e-8, 5.241e-7, 5.012e-7, -2.285e-8
0.228, 5.321e-7, 5.060e-7, -2.610e-8, 1.104e-6, 9.773e-7, -1.270e-7, 5.156e-7, 4.789e-7, -3.677e-8, 5.375e-7, 5.244e-7, -1.307e-8
0.232, 5.438e-7, 5.268e-7, -1.699e-8, 1.131e-6, 1.019e-6, -1.117e-7, 5.272e-7, 4.983e-7, -2.893e-8, 5.505e-7, 5.474e-7, -3.064e-9
0.236, 5.561e-7, 5.487e-7, -7.378e-9, 1.157e-6, 1.061e-6, -9.611e-8, 5.379e-7, 5.177e-7, -2.020e-8, 5.626e-7, 5.702e-7, 7.607e-9
0.240, 5.672e-7, 5.700e-7, 2.811e-9, 1.181e-6, 1.103e-6, -7.827e-8, 5.484e-7, 5.374e-7, -1.100e-8, 5.745e-7, 5.940e-7, 1.945e-8
0.244, 5.778e-7, 5.918e-7, 1.404e-8, 1.204e-6, 1.144e-6, -6.048e-8, 5.584e-7, 5.567e-7, -1.688e-9, 5.859e-7, 6.169e-7, 3.096e-8
0.248, 5.875e-7, 6.129e-7, 2.535e-8, 1.224e-6, 1.184e-6, -4.081e-8, 5.671e-7, 5.759e-7, 8.826e-9, 5.961e-7, 6.397e-7, 4.365e-8
0.252, 5.959e-7, 6.339e-7, 3.797e-8, 1.241e-6, 1.222e-6, -1.917e-8, 5.748e-7, 5.948e-7, 1.995e-8, 6.049e-7, 6.623e-7, 5.744e-8
0.256, 6.031e-7, 6.546e-7, 5.154e-8, 1.255e-6, 1.259e-6, 3.028e-9, 5.815e-7, 6.135e-7, 3.199e-8, 6.125e-7, 6.844e-7, 7.188e-8
0.260, 6.096e-7, 6.749e-7, 6.527e-8, 1.266e-6, 1.294e-6, 2.734e-8, 5.874e-7, 6.320e-7, 4.461e-8, 6.183e-7, 7.059e-7, 8.759e-8
0.264, 6.150e-7, 6.951e-7, 8.010e-8, 1.274e-6, 1.327e-6, 5.280e-8, 5.916e-7, 6.495e-7, 5.791e-8, 6.234e-7, 7.269e-7, 1.035e-7
0.268, 6.191e-7, 7.145e-7, 9.541e-8, 1.279e-6, 1.358e-6, 7.904e-8, 5.954e-7, 6.672e-7, 7.187e-8, 6.277e-7, 7.479e-7, 1.202e-7
0.272, 6.218e-7, 7.340e-7, 1.121e-7, 1.282e-6, 1.389e-6, 1.073e-7, 5.981e-7, 6.846e-7, 8.649e-8, 6.314e-7, 7.691e-7, 1.377e-7
0.276, 6.245e-7, 7.532e-7, 1.288e-7, 1.283e-6, 1.418e-6, 1.358e-7, 6.007e-7, 7.024e-7, 1.017e-7, 6.330e-7, 7.888e-7, 1.559e-7
0.280, 6.260e-7, 7.724e-7, 1.463e-7, 1.280e-6, 1.446e-6, 1.654e-7, 6.018e-7, 7.196e-7, 1.177e-7, 6.340e-7, 8.089e-7, 1.749e-7
0.284, 6.265e-7, 7.913e-7, 1.647e-7, 1.276e-6, 1.473e-6, 1.967e-7, 6.025e-7, 7.369e-7, 1.344e-7, 6.340e-7, 8.288e-7, 1.948e-7
0.288, 6.281e-7, 8.109e-7, 1.828e-7, 1.272e-6, 1.499e-6, 2.266e-7, 6.036e-7, 7.546e-7, 1.509e-7, 6.342e-7, 8.484e-7, 2.142e-7
0.292, 6.282e-7, 8.298e-7, 2.016e-7, 1.267e-6, 1.524e-6, 2.572e-7, 6.041e-7, 7.721e-7, 1.680e-7, 6.341e-7, 8.680e-7, 2.339e-7
0.296, 6.289e-7, 8.491e-7, 2.202e-7, 1.262e-6, 1.550e-6, 2.871e-7, 6.048e-7, 7.901e-7, 1.853e-7, 6.338e-7, 8.878e-7, 2.540e-7
0.300, 6.289e-7, 8.684e-7, 2.395e-7, 1.256e-6, 1.574e-6, 3.176e-7, 6.053e-7, 8.081e-7, 2.028e-7, 6.336e-7, 9.080e-7, 2.745e-7
0.304, 6.296e-7, 8.883e-7, 2.587e-7, 1.251e-6, 1.598e-6, 3.472e-7, 6.062e-7, 8.268e-7, 2.205e-7, 6.333e-7, 9.282e-7, 2.949e-7
0.308, 6.301e-7, 9.084e-7, 2.783e-7, 1.246e-6, 1.622e-6, 3.765e-7, 6.068e-7, 8.457e-7, 2.389e-7, 6.337e-7, 9.490e-7, 3.153e-7
0.312, 6.322e-7, 9.292e-7, 2.971e-7, 1.243e-6, 1.647e-6, 4.043e-7, 6.094e-7, 8.656e-7, 2.561e-7, 6.344e-7, 9.700e-7, 3.356e-7
0.316, 6.335e-7, 9.504e-7, 3.169e-7, 1.239e-6, 1.671e-6, 4.325e-7, 6.107e-7, 8.852e-7, 2.745e-7, 6.351e-7, 9.910e-7, 3.558e-7
0.320, 6.352e-7, 9.718e-7, 3.366e-7, 1.236e-6, 1.696e-6, 4.598e-7, 6.131e-7, 9.059e-7, 2.929e-7, 6.367e-7, 1.013e-6, 3.762e-7
0.324, 6.381e-7, 9.939e-7, 3.558e-7, 1.235e-6, 1.721e-6, 4.857e-7, 6.159e-7, 9.269e-7, 3.110e-7, 6.394e-7, 1.036e-6, 3.963e-7
0.328, 6.411e-7, 1.016e-6, 3.753e-7, 1.235e-6, 1.746e-6, 5.112e-7, 6.195e-7, 9.488e-7, 3.293e-7, 6.420e-7, 1.058e-6, 4.163e-7
0.332, 6.452e-7, 1.040e-6, 3.951e-7, 1.235e-6, 1.771e-6, 5.362e-7, 6.229e-7, 9.710e-7, 3.480e-7, 6.447e-7, 1.081e-6, 4.366e-7
0.336, 6.490e-7, 1.064e-6, 4.147e-7, 1.236e-6, 1.796e-6, 5.604e-7, 6.278e-7, 9.942e-7, 3.663e-7, 6.482e-7, 1.105e-6, 4.569e-7
0.340, 6.535e-7, 1.088e-6, 4.346e-7, 1.238e-6, 1.822e-6, 5.840e-7, 6.324e-7, 1.018e-6, 3.852e-7, 6.523e-7, 1.130e-6, 4.774e-7
0.344, 6.574e-7, 1.113e-6, 4.551e-7, 1.240e-6, 1.847e-6, 6.075e-7, 6.372e-7, 1.042e-6, 4.044e-7, 6.567e-7, 1.155e-6, 4.978e-7
0.348, 6.633e-7, 1.138e-6, 4.749e-7, 1.244e-6, 1.873e-6, 6.296e-7, 6.434e-7, 1.067e-6, 4.233e-7, 6.616e-7, 1.180e-6, 5.182e-7
0.352, 6.688e-7, 1.164e-6, 4.952e-7, 1.248e-6, 1.900e-6, 6.517e-7, 6.490e-7, 1.092e-6, 4.429e-7, 6.669e-7, 1.206e-6, 5.388e-7
0.356, 6.742e-7, 1.190e-6, 5.159e-7, 1.252e-6, 1.926e-6, 6.735e-7, 6.549e-7, 1.118e-6, 4.628e-7, 6.725e-7, 1.232e-6, 5.593e-7
0.360, 6.805e-7, 1.217e-6, 5.366e-7, 1.257e-6, 1.952e-6, 6.948e-7, 6.617e-7, 1.144e-6, 4.827e-7, 6.777e-7, 1.258e-6, 5.802e-7
0.364, 6.863e-7, 1.244e-6, 5.577e-7, 1.262e-6, 1.978e-6, 7.153e-7, 6.679e-7, 1.171e-6, 5.028e-7, 6.837e-7, 1.285e-6, 6.009e-7
0.368, 6.933e-7, 1.272e-6, 5.784e-7, 1.269e-6, 2.005e-6, 7.356e-7, 6.753e-7, 1.199e-6, 5.232e-7, 6.905e-7, 1.312e-6, 6.220e-7
0.372, 6.996e-7, 1.300e-6, 6.001e-7, 1.276e-6, 2.032e-6, 7.556e-7, 6.825e-7, 1.227e-6, 5.442e-7, 6.965e-7, 1.340e-6, 6.433e-7
0.376, 7.069e-7, 1.328e-6, 6.213e-7, 1.284e-6, 2.059e-6, 7.749e-7, 6.898e-7, 1.255e-6, 5.653e-7, 7.037e-7, 1.368e-6, 6.643e-7
0.380, 7.136e-7, 1.357e-6, 6.433e-7, 1.292e-6, 2.086e-6, 7.939e-7, 6.971e-7, 1.284e-6, 5.867e-7, 7.109e-7, 1.397e-6, 6.858e-7
0.384, 7.216e-7, 1.387e-6, 6.649e-7, 1.303e-6, 2.115e-6, 8.120e-7, 7.056e-7, 1.314e-6, 6.082e-7, 7.183e-7, 1.426e-6, 7.075e-7
0.388, 7.303e-7, 1.417e-6, 6.868e-7, 1.315e-6, 2.145e-6, 8.301e-7, 7.148e-7, 1.345e-6, 6.298e-7, 7.277e-7, 1.457e-6, 7.288e-7
0.392, 7.388e-7, 1.448e-6, 7.090e-7, 1.328e-6, 2.175e-6, 8.468e-7, 7.235e-7, 1.375e-6, 6.519e-7, 7.365e-7, 1.486e-6, 7.500e-7
0.396, 7.480e-7, 1.479e-6, 7.312e-7, 1.342e-6, 2.205e-6, 8.638e-7, 7.329e-7, 1.407e-6, 6.739e-7, 7.455e-7, 1.517e-6, 7.719e-7
0.400, 7.577e-7, 1.511e-6, 7.535e-7, 1.357e-6, 2.237e-6, 8.800e-7, 7.428e-7, 1.439e-6, 6.962e-7, 7.558e-7, 1.549e-6, 7.937e-7
0.404, 7.686e-7, 1.544e-6, 7.758e-7, 1.375e-6, 2.270e-6, 8.950e-7, 7.535e-7, 1.472e-6, 7.187e-7, 7.665e-7, 1.582e-6, 8.153e-7
0.408, 7.803e-7, 1.578e-6, 7.981e-7, 1.396e-6, 2.306e-6, 9.099e-7, 7.650e-7, 1.506e-6, 7.414e-7, 7.787e-7, 1.616e-6, 8.370e-7
0.412, 7.927e-7, 1.613e-6, 8.205e-7, 1.419e-6, 2.343e-6, 9.247e-7, 7.772e-7, 1.542e-6, 7.644e-7, 7.915e-7, 1.650e-6, 8.584e-7
0.416, 8.063e-7, 1.649e-6, 8.427e-7, 1.445e-6, 2.383e-6, 9.379e-7, 7.905e-7, 1.578e-6, 7.873e-7, 8.057e-7, 1.686e-6, 8.799e-7
0.420, 8.216e-7, 1.686e-6, 8.648e-7, 1.475e-6, 2.425e-6, 9.504e-7, 8.051e-7, 1.615e-6, 8.101e-7, 8.216e-7, 1.722e-6, 9.008e-7
0.424, 8.389e-7, 1.725e-6, 8.865e-7, 1.510e-6, 2.472e-6, 9.619e-7, 8.218e-7, 1.655e-6, 8.328e-7, 8.395e-7, 1.761e-6, 9.217e-7
0.428, 8.568e-7, 1.765e-6, 9.085e-7, 1.547e-6, 2.521e-6, 9.736e-7, 8.385e-7, 1.694e-6, 8.558e-7, 8.583e-7, 1.801e-6, 9.428e-7
0.432, 8.771e-7, 1.808e-6, 9.310e-7, 1.589e-6, 2.574e-6, 9.856e-7, 8.573e-7, 1.737e-6, 8.795e-7, 8.791e-7, 1.843e-6, 9.640e-7
0.436, 8.996e-7, 1.852e-6, 9.525e-7, 1.636e-6, 2.632e-6, 9.951e-7, 8.788e-7, 1.781e-6, 9.020e-7, 9.027e-7, 1.887e-6, 9.844e-7
0.440, 9.243e-7, 1.898e-6, 9.740e-7, 1.690e-6, 2.695e-6, 1.005e-6, 9.020e-7, 1.827e-6, 9.249e-7, 9.290e-7, 1.933e-6, 1.004e-6
0.444, 9.519e-7, 1.947e-6, 9.955e-7, 1.749e-6, 2.764e-6, 1.014e-6, 9.279e-7, 1.876e-6, 9.476e-7, 9.579e-7, 1.983e-6, 1.025e-6
0.448, 9.822e-7, 1.999e-6, 1.017e-6, 1.814e-6, 2.838e-6, 1.023e-6, 9.561e-7, 1.927e-6, 9.705e-7, 9.890e-7, 2.034e-6, 1.045e-6
0.452, 1.017e-6, 2.054e-6, 1.037e-6, 1.889e-6, 2.920e-6, 1.032e-6, 9.878e-7, 1.981e-6, 9.929e-7, 1.026e-6, 2.090e-6, 1.064e-6
0.456, 1.054e-6, 2.112e-6, 1.058e-6, 1.967e-6, 3.008e-6, 1.041e-6, 1.022e-6, 2.038e-6, 1.016e-6, 1.064e-6, 2.148e-6, 1.084e-6
0.460, 1.095e-6, 2.174e-6, 1.079e-6, 2.053e-6, 3.104e-6, 1.051e-6, 1.059e-6, 2.098e-6, 1.039e-6, 1.107e-6, 2.210e-6, 1.103e-6
0.464, 1.140e-6, 2.240e-6, 1.100e-6, 2.148e-6, 3.209e-6, 1.061e-6, 1.101e-6, 2.162e-6, 1.061e-6, 1.155e-6, 2.278e-6, 1.123e-6
0.468, 1.190e-6, 2.311e-6, 1.121e-6, 2.250e-6, 3.322e-6, 1.072e-6, 1.147e-6, 2.231e-6, 1.084e-6, 1.208e-6, 2.349e-6, 1.141e-6
0.472, 1.244e-6, 2.386e-6, 1.142e-6, 2.358e-6, 3.443e-6, 1.085e-6, 1.196e-6, 2.303e-6, 1.107e-6, 1.264e-6, 2.425e-6, 1.161e-6
0.476, 1.303e-6, 2.465e-6, 1.163e-6, 2.472e-6, 3.573e-6, 1.101e-6, 1.250e-6, 2.381e-6, 1.130e-6, 1.326e-6, 2.507e-6, 1.180e-6
0.480, 1.367e-6, 2.550e-6, 1.183e-6, 2.593e-6, 3.712e-6, 1.119e-6, 1.309e-6, 2.462e-6, 1.154e-6, 1.393e-6, 2.593e-6, 1.200e-6
0.484, 1.436e-6, 2.641e-6, 1.205e-6, 2.719e-6, 3.860e-6, 1.142e-6, 1.372e-6, 2.549e-6, 1.177e-6, 1.465e-6, 2.685e-6, 1.220e-6
0.488, 1.511e-6, 2.738e-6, 1.227e-6, 2.850e-6, 4.018e-6, 1.168e-6, 1.441e-6, 2.642e-6, 1.201e-6, 1.543e-6, 2.784e-6, 1.241e-6
0.492, 1.590e-6, 2.840e-6, 1.250e-6, 2.982e-6, 4.182e-6, 1.200e-6, 1.514e-6, 2.740e-6, 1.226e-6, 1.625e-6, 2.888e-6, 1.262e-6
0.496, 1.674e-6, 2.948e-6, 1.273e-6, 3.116e-6, 4.353e-6, 1.237e-6, 1.592e-6, 2.844e-6, 1.252e-6, 1.713e-6, 2.998e-6, 1.285e-6
0.500, 1.763e-6, 3.061e-6, 1.298e-6, 3.248e-6, 4.529e-6, 1.281e-6, 1.674e-6, 2.953e-6, 1.279e-6, 1.805e-6, 3.115e-6, 1.309e-6
0.504, 1.856e-6, 3.181e-6, 1.325e-6, 3.376e-6, 4.707e-6, 1.331e-6, 1.761e-6, 3.068e-6, 1.307e-6, 1.901e-6, 3.237e-6, 1.336e-6
0.508, 1.951e-6, 3.305e-6, 1.354e-6, 3.497e-6, 4.885e-6, 1.388e-6, 1.850e-6, 3.187e-6, 1.337e-6, 1.999e-6, 3.363e-6, 1.364e-6
0.512, 2.048e-6, 3.434e-6, 1.386e-6, 3.610e-6, 5.061e-6, 1.451e-6, 1.943e-6, 3.312e-6, 1.369e-6, 2.098e-6, 3.494e-6, 1.396e-6
0.516, 2.148e-6, 3.568e-6, 1.420e-6, 3.713e-6, 5.233e-6, 1.520e-6, 2.037e-6, 3.441e-6, 1.404e-6, 2.199e-6, 3.630e-6, 1.430e-6
0.520, 2.246e-6, 3.704e-6, 1.458e-6, 3.803e-6, 5.397e-6, 1.594e-6, 2.132e-6, 3.574e-6, 1.441e-6, 2.299e-6, 3.768e-6, 1.469e-6
0.524, 2.341e-6, 3.842e-6, 1.501e-6, 3.875e-6, 5.548e-6, 1.673e-6, 2.225e-6, 3.708e-6, 1.483e-6, 2.395e-6, 3.908e-6, 1.513e-6
0.528, 2.434e-6, 3.982e-6, 1.548e-6, 3.933e-6, 5.688e-6, 1.755e-6, 2.318e-6, 3.846e-6, 1.528e-6, 2.488e-6, 4.049e-6, 1.561e-6
0.532, 2.522e-6, 4.121e-6, 1.599e-6, 3.972e-6, 5.811e-6, 1.839e-6, 2.406e-6, 3.983e-6, 1.577e-6, 2.574e-6, 4.188e-6, 1.614e-6
0.536, 2.601e-6, 4.257e-6, 1.656e-6, 3.990e-6, 5.916e-6, 1.926e-6, 2.488e-6, 4.120e-6, 1.632e-6, 2.651e-6, 4.324e-6, 1.673e-6
0.540, 2.672e-6, 4.390e-6, 1.719e-6, 3.989e-6, 6.002e-6, 2.013e-6, 2.564e-6, 4.254e-6, 1.690e-6, 2.719e-6, 4.456e-6, 1.737e-6
0.544, 2.733e-6, 4.518e-6, 1.786e-6, 3.970e-6, 6.069e-6, 2.099e-6, 2.632e-6, 4.386e-6, 1.754e-6, 2.776e-6, 4.582e-6, 1.806e-6
0.548, 2.781e-6, 4.639e-6, 1.858e-6, 3.932e-6, 6.115e-6, 2.183e-6, 2.689e-6, 4.511e-6, 1.822e-6, 2.820e-6, 4.700e-6, 1.880e-6
0.552, 2.818e-6, 4.752e-6, 1.934e-6, 3.876e-6, 6.141e-6, 2.265e-6, 2.736e-6, 4.630e-6, 1.894e-6, 2.851e-6, 4.809e-6, 1.958e-6
0.556, 2.840e-6, 4.855e-6, 2.015e-6, 3.804e-6, 6.148e-6, 2.345e-6, 2.770e-6, 4.741e-6, 1.971e-6, 2.867e-6, 4.907e-6, 2.040e-6
0.560, 2.848e-6, 4.947e-6, 2.100e-6, 3.717e-6, 6.139e-6, 2.422e-6, 2.791e-6, 4.843e-6, 2.052e-6, 2.868e-6, 4.994e-6, 2.126e-6
0.564, 2.841e-6, 5.028e-6, 2.187e-6, 3.618e-6, 6.112e-6, 2.494e-6, 2.800e-6, 4.935e-6, 2.135e-6, 2.856e-6, 5.069e-6, 2.214e-6
0.568, 2.821e-6, 5.098e-6, 2.277e-6, 3.509e-6, 6.072e-6, 2.563e-6, 2.795e-6, 5.016e-6, 2.221e-6, 2.829e-6, 5.132e-6, 2.304e-6
0.572, 2.786e-6, 5.154e-6, 2.368e-6, 3.390e-6, 6.018e-6, 2.628e-6, 2.776e-6, 5.086e-6, 2.310e-6, 2.788e-6, 5.183e-6, 2.394e-6
0.576, 2.741e-6, 5.200e-6, 2.459e-6, 3.265e-6, 5.955e-6, 2.689e-6, 2.745e-6, 5.145e-6, 2.400e-6, 2.736e-6, 5.221e-6, 2.485e-6
0.580, 2.685e-6, 5.234e-6, 2.549e-6, 3.138e-6, 5.883e-6, 2.745e-6, 2.705e-6, 5.193e-6, 2.488e-6, 2.674e-6, 5.248e-6, 2.574e-6
0.584, 2.619e-6, 5.258e-6, 2.638e-6, 3.009e-6, 5.805e-6, 2.796e-6, 2.653e-6, 5.230e-6, 2.577e-6, 2.603e-6, 5.265e-6, 2.662e-6
0.588, 2.543e-6, 5.270e-6, 2.727e-6, 2.876e-6, 5.721e-6, 2.845e-6, 2.591e-6, 5.257e-6, 2.666e-6, 2.522e-6, 5.270e-6, 2.749e-6
0.592, 2.462e-6, 5.275e-6, 2.813e-6, 2.747e-6, 5.635e-6, 2.888e-6, 2.523e-6, 5.275e-6, 2.752e-6, 2.437e-6, 5.268e-6, 2.832e-6
0.596, 2.376e-6, 5.270e-6, 2.894e-6, 2.620e-6, 5.545e-6, 2.926e-6, 2.448e-6, 5.283e-6, 2.835e-6, 2.346e-6, 5.257e-6, 2.910e-6
0.600, 2.284e-6, 5.257e-6, 2.973e-6, 2.494e-6, 5.455e-6, 2.961e-6, 2.367e-6, 5.283e-6, 2.916e-6, 2.252e-6, 5.239e-6, 2.986e-6
0.604, 2.190e-6, 5.237e-6, 3.047e-6, 2.373e-6, 5.364e-6, 2.991e-6, 2.282e-6, 5.275e-6, 2.993e-6, 2.156e-6, 5.214e-6, 3.058e-6
0.608, 2.095e-6, 5.212e-6, 3.116e-6, 2.257e-6, 5.275e-6, 3.017e-6, 2.195e-6, 5.261e-6, 3.067e-6, 2.058e-6, 5.183e-6, 3.125e-6
0.612, 2.000e-6, 5.181e-6, 3.181e-6, 2.148e-6, 5.187e-6, 3.039e-6, 2.105e-6, 5.241e-6, 3.136e-6, 1.961e-6, 5.147e-6, 3.186e-6
0.616, 1.905e-6, 5.146e-6, 3.241e-6, 2.043e-6, 5.101e-6, 3.057e-6, 2.016e-6, 5.216e-6, 3.200e-6, 1.865e-6, 5.108e-6, 3.242e-6
0.620, 1.812e-6, 5.108e-6, 3.296e-6, 1.945e-6, 5.017e-6, 3.072e-6, 1.926e-6, 5.186e-6, 3.260e-6, 1.772e-6, 5.065e-6, 3.293e-6
0.624, 1.721e-6, 5.066e-6, 3.345e-6, 1.853e-6, 4.937e-6, 3.084e-6, 1.839e-6, 5.153e-6, 3.314e-6, 1.681e-6, 5.020e-6, 3.339e-6
0.628, 1.634e-6, 5.023e-6, 3.389e-6, 1.767e-6, 4.859e-6, 3.092e-6, 1.752e-6, 5.116e-6, 3.364e-6, 1.594e-6, 4.973e-6, 3.379e-6
0.632, 1.550e-6, 4.977e-6, 3.427e-6, 1.687e-6, 4.784e-6, 3.098e-6, 1.669e-6, 5.077e-6, 3.408e-6, 1.510e-6, 4.924e-6, 3.414e-6
0.636, 1.469e-6, 4.930e-6, 3.462e-6, 1.611e-6, 4.713e-6, 3.101e-6, 1.588e-6, 5.036e-6, 3.448e-6, 1.430e-6, 4.874e-6, 3.444e-6
0.640, 1.392e-6, 4.883e-6, 3.491e-6, 1.543e-6, 4.645e-6, 3.102e-6, 1.510e-6, 4.993e-6, 3.483e-6, 1.355e-6, 4.824e-6, 3.469e-6
0.644, 1.321e-6, 4.835e-6, 3.515e-6, 1.480e-6, 4.580e-6, 3.100e-6, 1.437e-6, 4.950e-6, 3.513e-6, 1.284e-6, 4.774e-6, 3.490e-6
0.648, 1.253e-6, 4.787e-6, 3.534e-6, 1.423e-6, 4.519e-6, 3.097e-6, 1.368e-6, 4.906e-6, 3.538e-6, 1.218e-6, 4.724e-6, 3.506e-6
0.652, 1.188e-6, 4.739e-6, 3.551e-6, 1.369e-6, 4.460e-6, 3.092e-6, 1.301e-6, 4.861e-6, 3.560e-6, 1.155e-6, 4.674e-6, 3.519e-6
0.656, 1.129e-6, 4.691e-6, 3.562e-6, 1.320e-6, 4.406e-6, 3.086e-6, 1.239e-6, 4.817e-6, 3.577e-6, 1.097e-6, 4.625e-6, 3.528e-6
0.660, 1.074e-6, 4.644e-6, 3.570e-6, 1.277e-6, 4.353e-6, 3.077e-6, 1.181e-6, 4.772e-6, 3.590e-6, 1.044e-6, 4.576e-6, 3.532e-6
0.664, 1.022e-6, 4.598e-6, 3.576e-6, 1.236e-6, 4.305e-6, 3.068e-6, 1.126e-6, 4.727e-6, 3.601e-6, 9.937e-7, 4.529e-6, 3.535e-6
0.668, 9.746e-7, 4.552e-6, 3.578e-6, 1.200e-6, 4.258e-6, 3.059e-6, 1.075e-6, 4.684e-6, 3.608e-6, 9.473e-7, 4.482e-6, 3.535e-6
0.672, 9.304e-7, 4.508e-6, 3.577e-6, 1.167e-6, 4.215e-6, 3.048e-6, 1.028e-6, 4.640e-6, 3.613e-6, 9.051e-7, 4.436e-6, 3.531e-6
0.676, 8.896e-7, 4.465e-6, 3.575e-6, 1.137e-6, 4.174e-6, 3.037e-6, 9.839e-7, 4.598e-6, 3.614e-6, 8.665e-7, 4.393e-6, 3.526e-6
0.680, 8.529e-7, 4.423e-6, 3.570e-6, 1.111e-6, 4.136e-6, 3.025e-6, 9.431e-7, 4.557e-6, 3.614e-6, 8.311e-7, 4.350e-6, 3.519e-6
0.684, 8.180e-7, 4.381e-6, 3.563e-6, 1.087e-6, 4.100e-6, 3.013e-6, 9.061e-7, 4.517e-6, 3.611e-6, 7.979e-7, 4.308e-6, 3.510e-6
0.688, 7.866e-7, 4.342e-6, 3.555e-6, 1.066e-6, 4.067e-6, 3.001e-6, 8.714e-7, 4.477e-6, 3.606e-6, 7.679e-7, 4.268e-6, 3.500e-6
0.692, 7.580e-7, 4.304e-6, 3.546e-6, 1.048e-6, 4.036e-6, 2.988e-6, 8.399e-7, 4.439e-6, 3.600e-6, 7.410e-7, 4.230e-6, 3.489e-6
0.696, 7.313e-7, 4.266e-6, 3.535e-6, 1.031e-6, 4.007e-6, 2.976e-6, 8.101e-7, 4.403e-6, 3.592e-6, 7.157e-7, 4.192e-6, 3.476e-6
0.700, 7.072e-7, 4.230e-6, 3.523e-6, 1.016e-6, 3.979e-6, 2.963e-6, 7.825e-7, 4.366e-6, 3.584e-6, 6.930e-7, 4.156e-6, 3.463e-6
0.704, 6.853e-7, 4.196e-6, 3.510e-6, 1.003e-6, 3.954e-6, 2.951e-6, 7.580e-7, 4.331e-6, 3.573e-6, 6.722e-7, 4.122e-6, 3.450e-6
0.708, 6.651e-7, 4.162e-6, 3.497e-6, 9.923e-7, 3.931e-6, 2.938e-6, 7.351e-7, 4.297e-6, 3.562e-6, 6.545e-7, 4.089e-6, 3.435e-6
0.712, 6.470e-7, 4.130e-6, 3.483e-6, 9.825e-7, 3.909e-6, 2.927e-6, 7.142e-7, 4.265e-6, 3.551e-6, 6.375e-7, 4.057e-6, 3.420e-6
0.716, 6.308e-7, 4.100e-6, 3.469e-6, 9.742e-7, 3.889e-6, 2.915e-6, 6.947e-7, 4.233e-6, 3.539e-6, 6.219e-7, 4.027e-6, 3.405e-6
0.720, 6.154e-7, 4.070e-6, 3.454e-6, 9.683e-7, 3.871e-6, 2.902e-6, 6.770e-7, 4.203e-6, 3.526e-6, 6.086e-7, 3.998e-6, 3.390e-6
0.724, 6.031e-7, 4.042e-6, 3.439e-6, 9.631e-7, 3.854e-6, 2.891e-6, 6.618e-7, 4.174e-6, 3.512e-6, 5.960e-7, 3.970e-6, 3.374e-6
0.728, 5.901e-7, 4.014e-6, 3.424e-6, 9.576e-7, 3.838e-6, 2.881e-6, 6.470e-7, 4.146e-6, 3.499e-6, 5.855e-7, 3.944e-6, 3.359e-6
0.732, 5.791e-7, 3.989e-6, 3.410e-6, 9.549e-7, 3.824e-6, 2.870e-6, 6.336e-7, 4.120e-6, 3.486e-6, 5.757e-7, 3.919e-6, 3.343e-6
0.736, 5.697e-7, 3.964e-6, 3.394e-6, 9.527e-7, 3.812e-6, 2.859e-6, 6.222e-7, 4.094e-6, 3.472e-6, 5.673e-7, 3.895e-6, 3.328e-6
0.740, 5.609e-7, 3.940e-6, 3.379e-6, 9.505e-7, 3.800e-6, 2.849e-6, 6.118e-7, 4.069e-6, 3.458e-6, 5.597e-7, 3.872e-6, 3.312e-6
0.744, 5.534e-7, 3.918e-6, 3.364e-6, 9.512e-7, 3.790e-6, 2.839e-6, 6.026e-7, 4.046e-6, 3.444e-6, 5.537e-7, 3.851e-6, 3.297e-6
0.748, 5.465e-7, 3.896e-6, 3.349e-6, 9.510e-7, 3.781e-6, 2.830e-6, 5.938e-7, 4.023e-6, 3.429e-6, 5.475e-7, 3.830e-6, 3.282e-6
0.752, 5.406e-7, 3.875e-6, 3.335e-6, 9.520e-7, 3.774e-6, 2.822e-6, 5.868e-7, 4.002e-6, 3.415e-6, 5.425e-7, 3.810e-6, 3.268e-6
0.756, 5.353e-7, 3.856e-6, 3.320e-6, 9.541e-7, 3.767e-6, 2.813e-6, 5.805e-7, 3.982e-6, 3.401e-6, 5.383e-7, 3.792e-6, 3.253e-6
0.760, 5.309e-7, 3.837e-6, 3.306e-6, 9.574e-7, 3.762e-6, 2.805e-6, 5.744e-7, 3.962e-6, 3.388e-6, 5.353e-7, 3.774e-6, 3.239e-6
0.764, 5.276e-7, 3.820e-6, 3.292e-6, 9.612e-7, 3.758e-6, 2.797e-6, 5.691e-7, 3.943e-6, 3.374e-6, 5.324e-7, 3.758e-6, 3.225e-6
0.768, 5.247e-7, 3.803e-6, 3.278e-6, 9.647e-7, 3.755e-6, 2.790e-6, 5.652e-7, 3.926e-6, 3.361e-6, 5.301e-7, 3.742e-6, 3.212e-6
0.772, 5.224e-7, 3.787e-6, 3.265e-6, 9.705e-7, 3.753e-6, 2.783e-6, 5.616e-7, 3.909e-6, 3.347e-6, 5.290e-7, 3.728e-6, 3.199e-6
0.776, 5.206e-7, 3.772e-6, 3.252e-6, 9.755e-7, 3.752e-6, 2.777e-6, 5.588e-7, 3.893e-6, 3.334e-6, 5.280e-7, 3.714e-6, 3.186e-6
0.780, 5.189e-7, 3.758e-6, 3.239e-6, 9.828e-7, 3.753e-6, 2.771e-6, 5.568e-7, 3.878e-6, 3.321e-6, 5.277e-7, 3.701e-6, 3.173e-6
0.784, 5.189e-7, 3.746e-6, 3.227e-6, 9.905e-7, 3.756e-6, 2.765e-6, 5.551e-7, 3.864e-6, 3.309e-6, 5.276e-7, 3.689e-6, 3.161e-6
0.788, 5.182e-7, 3.733e-6, 3.215e-6, 9.984e-7, 3.759e-6, 2.760e-6, 5.537e-7, 3.851e-6, 3.297e-6, 5.277e-7, 3.677e-6, 3.150e-6
0.792, 5.187e-7, 3.722e-6, 3.203e-6, 1.007e-6, 3.763e-6, 2.756e-6, 5.535e-7, 3.839e-6, 3.285e-6, 5.290e-7, 3.667e-6, 3.138e-6
0.796, 5.193e-7, 3.711e-6, 3.192e-6, 1.018e-6, 3.770e-6, 2.752e-6, 5.539e-7, 3.827e-6, 3.273e-6, 5.310e-7, 3.658e-6, 3.127e-6
0.800, 5.207e-7, 3.701e-6, 3.180e-6, 1.029e-6, 3.777e-6, 2.748e-6, 5.544e-7, 3.817e-6, 3.262e-6, 5.328e-7, 3.649e-6, 3.116e-6
