0.896, -9.580e-7, 8.759e-6, 9.717e-6, -1.094e-6, 9.270e-6, 1.036e-5, -1.044e-6, 8.692e-6, 9.736e-6, -1.228e-6, 9.201e-6, 1.043e-5, -9.401e-7, 9.317e-6, 1.026e-5, -1.161e-6, 9.972e-6, 1.113e-5, -1.094e-6, 9.517e-6, 1.061e-5, -1.321e-6, 9.878e-6, 1.120e-5
0.892, -1.122e-6, 6.883e-6, 8.005e-6, -1.255e-6, 7.244e-6, 8.498e-6, -1.207e-6, 6.743e-6, 7.951e-6, -1.378e-6, 7.095e-6, 8.473e-6, -1.140e-6, 7.243e-6, 8.383e-6, -1.357e-6, 7.681e-6, 9.039e-6, -1.292e-6, 7.311e-6, 8.603e-6, -1.489e-6, 7.541e-6, 9.031e-6
0.888, -1.078e-6, 5.871e-6, 6.949e-6, -1.195e-6, 6.163e-6, 7.358e-6, -1.151e-6, 5.713e-6, 6.864e-6, -1.300e-6, 5.992e-6, 7.292e-6, -1.102e-6, 6.140e-6, 7.242e-6, -1.296e-6, 6.482e-6, 7.779e-6, -1.232e-6, 6.168e-6, 7.400e-6, -1.399e-6, 6.341e-6, 7.740e-6
0.884, -1.018e-6, 5.193e-6, 6.212e-6, -1.121e-6, 5.445e-6, 6.565e-6, -1.080e-6, 5.032e-6, 6.112e-6, -1.211e-6, 5.266e-6, 6.477e-6, -1.043e-6, 5.409e-6, 6.453e-6, -1.215e-6, 5.695e-6, 6.910e-6, -1.156e-6, 5.419e-6, 6.575e-6, -1.298e-6, 5.560e-6, 6.857e-6
0.880, -9.599e-7, 4.701e-6, 5.661e-6, -1.050e-6, 4.925e-6, 5.975e-6, -1.013e-6, 4.540e-6, 5.552e-6, -1.128e-6, 4.743e-6, 5.871e-6, -9.832e-7, 4.883e-6, 5.866e-6, -1.139e-6, 5.129e-6, 6.268e-6, -1.082e-6, 4.884e-6, 5.966e-6, -1.206e-6, 5.001e-6, 6.207e-6
0.876, -9.093e-7, 4.322e-6, 5.231e-6, -9.885e-7, 4.525e-6, 5.514e-6, -9.554e-7, 4.163e-6, 5.118e-6, -1.057e-6, 4.343e-6, 5.400e-6, -9.309e-7, 4.479e-6, 5.410e-6, -1.070e-6, 4.699e-6, 5.769e-6, -1.018e-6, 4.475e-6, 5.494e-6, -1.127e-6, 4.577e-6, 5.704e-6
0.872, -8.646e-7, 4.021e-6, 4.886e-6, -9.344e-7, 4.209e-6, 5.143e-6, -9.054e-7, 3.864e-6, 4.770e-6, -9.968e-7, 4.027e-6, 5.024e-6, -8.854e-7, 4.160e-6, 5.045e-6, -1.010e-6, 4.359e-6, 5.369e-6, -9.630e-7, 4.153e-6, 5.116e-6, -1.058e-6, 4.242e-6, 5.301e-6
0.868, -8.256e-7, 3.773e-6, 4.599e-6, -8.898e-7, 3.949e-6, 4.838e-6, -8.613e-7, 3.620e-6, 4.482e-6, -9.451e-7, 3.769e-6, 4.714e-6, -8.451e-7, 3.898e-6, 4.743e-6, -9.605e-7, 4.081e-6, 5.042e-6, -9.161e-7, 3.890e-6, 4.806e-6, -1.000e-6, 3.970e-6, 4.971e-6
0.864, -7.917e-7, 3.566e-6, 4.358e-6, -8.489e-7, 3.732e-6, 4.581e-6, -8.229e-7, 3.418e-6, 4.241e-6, -8.989e-7, 3.555e-6, 4.454e-6, -8.100e-7, 3.681e-6, 4.491e-6, -9.161e-7, 3.850e-6, 4.766e-6, -8.750e-7, 3.672e-6, 4.547e-6, -9.508e-7, 3.743e-6, 4.694e-6
0.860, -7.609e-7, 3.391e-6, 4.152e-6, -8.134e-7, 3.548e-6, 4.361e-6, -7.894e-7, 3.245e-6, 4.035e-6, -8.589e-7, 3.373e-6, 4.231e-6, -7.790e-7, 3.496e-6, 4.275e-6, -8.771e-7, 3.654e-6, 4.531e-6, -8.386e-7, 3.487e-6, 4.325e-6, -9.065e-7, 3.552e-6, 4.459e-6
0.856, -7.360e-7, 3.238e-6, 3.974e-6, -7.829e-7, 3.388e-6, 4.171e-6, -7.613e-7, 3.096e-6, 3.857e-6, -8.262e-7, 3.215e-6, 4.041e-6, -7.524e-7, 3.336e-6, 4.089e-6, -8.438e-7, 3.485e-6, 4.329e-6, -8.079e-7, 3.327e-6, 4.135e-6, -8.690e-7, 3.386e-6, 4.255e-6
0.852, -7.139e-7, 3.104e-6, 3.818e-6, -7.569e-7, 3.248e-6, 4.005e-6, -7.372e-7, 2.965e-6, 3.702e-6, -7.967e-7, 3.077e-6, 3.874e-6, -7.297e-7, 3.196e-6, 3.926e-6, -8.143e-7, 3.337e-6, 4.152e-6, -7.806e-7, 3.187e-6, 3.968e-6, -8.365e-7, 3.242e-6, 4.078e-6
0.848, -6.950e-7, 2.986e-6, 3.681e-6, -7.339e-7, 3.125e-6, 3.858e-6, -7.168e-7, 2.849e-6, 3.566e-6, -7.707e-7, 2.956e-6, 3.726e-6, -7.100e-7, 3.072e-6, 3.782e-6, -7.893e-7, 3.206e-6, 3.996e-6, -7.575e-7, 3.064e-6, 3.821e-6, -8.080e-7, 3.115e-6, 3.923e-6
0.844, -6.796e-7, 2.880e-6, 3.559e-6, -7.158e-7, 3.013e-6, 3.729e-6, -6.995e-7, 2.746e-6, 3.445e-6, -7.492e-7, 2.847e-6, 3.597e-6, -6.940e-7, 2.962e-6, 3.656e-6, -7.687e-7, 3.089e-6, 3.858e-6, -7.385e-7, 2.953e-6, 3.692e-6, -7.851e-7, 3.000e-6, 3.785e-6
0.840, -6.653e-7, 2.785e-6, 3.450e-6, -6.986e-7, 2.914e-6, 3.612e-6, -6.842e-7, 2.653e-6, 3.337e-6, -7.307e-7, 2.750e-6, 3.481e-6, -6.792e-7, 2.863e-6, 3.542e-6, -7.496e-7, 2.985e-6, 3.735e-6, -7.216e-7, 2.854e-6, 3.576e-6, -7.635e-7, 2.899e-6, 3.663e-6
0.836, -6.543e-7, 2.698e-6, 3.352e-6, -6.839e-7, 2.825e-6, 3.508e-6, -6.706e-7, 2.569e-6, 3.240e-6, -7.155e-7, 2.662e-6, 3.377e-6, -6.674e-7, 2.773e-6, 3.440e-6, -7.338e-7, 2.891e-6, 3.625e-6, -7.069e-7, 2.765e-6, 3.472e-6, -7.455e-7, 2.807e-6, 3.553e-6
0.832, -6.438e-7, 2.619e-6, 3.263e-6, -6.726e-7, 2.742e-6, 3.415e-6, -6.588e-7, 2.493e-6, 3.152e-6, -7.018e-7, 2.582e-6, 3.284e-6, -6.575e-7, 2.691e-6, 3.348e-6, -7.202e-7, 2.805e-6, 3.525e-6, -6.955e-7, 2.683e-6, 3.379e-6, -7.315e-7, 2.723e-6, 3.454e-6
0.828, -6.355e-7, 2.547e-6, 3.182e-6, -6.628e-7, 2.666e-6, 3.329e-6, -6.497e-7, 2.423e-6, 3.073e-6, -6.903e-7, 2.508e-6, 3.198e-6, -6.487e-7, 2.615e-6, 3.264e-6, -7.087e-7, 2.726e-6, 3.434e-6, -6.846e-7, 2.609e-6, 3.294e-6, -7.184e-7, 2.646e-6, 3.364e-6
0.824, -6.289e-7, 2.480e-6, 3.109e-6, -6.541e-7, 2.597e-6, 3.251e-6, -6.419e-7, 2.358e-6, 3.000e-6, -6.798e-7, 2.441e-6, 3.121e-6, -6.417e-7, 2.546e-6, 3.188e-6, -6.997e-7, 2.653e-6, 3.352e-6, -6.769e-7, 2.539e-6, 3.216e-6, -7.076e-7, 2.575e-6, 3.283e-6
0.820, -6.226e-7, 2.418e-6, 3.040e-6, -6.465e-7, 2.533e-6, 3.180e-6, -6.361e-7, 2.297e-6, 2.933e-6, -6.713e-7, 2.378e-6, 3.050e-6, -6.352e-7, 2.482e-6, 3.117e-6, -6.917e-7, 2.585e-6, 3.277e-6, -6.687e-7, 2.476e-6, 3.145e-6, -6.973e-7, 2.510e-6, 3.208e-6
0.816, -6.182e-7, 2.360e-6, 2.978e-6, -6.404e-7, 2.474e-6, 3.114e-6, -6.297e-7, 2.242e-6, 2.872e-6, -6.644e-7, 2.320e-6, 2.984e-6, -6.302e-7, 2.422e-6, 3.052e-6, -6.846e-7, 2.523e-6, 3.207e-6, -6.627e-7, 2.417e-6, 3.079e-6, -6.890e-7, 2.450e-6, 3.139e-6
0.812, -6.151e-7, 2.306e-6, 2.921e-6, -6.356e-7, 2.418e-6, 3.053e-6, -6.263e-7, 2.189e-6, 2.816e-6, -6.589e-7, 2.266e-6, 2.925e-6, -6.265e-7, 2.366e-6, 2.993e-6, -6.783e-7, 2.465e-6, 3.143e-6, -6.588e-7, 2.361e-6, 3.019e-6, -6.824e-7, 2.393e-6, 3.075e-6
0.808, -6.129e-7, 2.255e-6, 2.868e-6, -6.317e-7, 2.365e-6, 2.997e-6, -6.233e-7, 2.140e-6, 2.764e-6, -6.543e-7, 2.215e-6, 2.869e-6, -6.242e-7, 2.313e-6, 2.938e-6, -6.745e-7, 2.410e-6, 3.084e-6, -6.548e-7, 2.309e-6, 2.964e-6, -6.779e-7, 2.340e-6, 3.017e-6
0.804, -6.114e-7, 2.207e-6, 2.818e-6, -6.288e-7, 2.316e-6, 2.945e-6, -6.205e-7, 2.094e-6, 2.715e-6, -6.507e-7, 2.167e-6, 2.818e-6, -6.228e-7, 2.264e-6, 2.886e-6, -6.708e-7, 2.358e-6, 3.029e-6, -6.528e-7, 2.259e-6, 2.912e-6, -6.737e-7, 2.289e-6, 2.963e-6
0.800, -6.098e-7, 2.162e-6, 2.772e-6, -6.267e-7, 2.270e-6, 2.897e-6, -6.199e-7, 2.050e-6, 2.670e-6, -6.487e-7, 2.122e-6, 2.771e-6, -6.217e-7, 2.217e-6, 2.839e-6, -6.688e-7, 2.310e-6, 2.979e-6, -6.508e-7, 2.214e-6, 2.864e-6, -6.712e-7, 2.242e-6, 2.913e-6
0.796, -6.096e-7, 2.119e-6, 2.729e-6, -6.265e-7, 2.226e-6, 2.852e-6, -6.191e-7, 2.009e-6, 2.628e-6, -6.464e-7, 2.080e-6, 2.726e-6, -6.218e-7, 2.173e-6, 2.794e-6, -6.675e-7, 2.264e-6, 2.931e-6, -6.500e-7, 2.170e-6, 2.820e-6, -6.686e-7, 2.198e-6, 2.867e-6
0.792, -6.106e-7, 2.078e-6, 2.688e-6, -6.262e-7, 2.184e-6, 2.810e-6, -6.192e-7, 1.970e-6, 2.589e-6, -6.458e-7, 2.039e-6, 2.685e-6, -6.222e-7, 2.130e-6, 2.752e-6, -6.673e-7, 2.219e-6, 2.886e-6, -6.506e-7, 2.127e-6, 2.778e-6, -6.678e-7, 2.155e-6, 2.823e-6
0.788, -6.120e-7, 2.039e-6, 2.651e-6, -6.266e-7, 2.144e-6, 2.771e-6, -6.192e-7, 1.933e-6, 2.552e-6, -6.450e-7, 2.001e-6, 2.646e-6, -6.234e-7, 2.090e-6, 2.714e-6, -6.667e-7, 2.178e-6, 2.845e-6, -6.507e-7, 2.088e-6, 2.739e-6, -6.671e-7, 2.115e-6, 2.782e-6
0.784, -6.137e-7, 2.002e-6, 2.615e-6, -6.267e-7, 2.107e-6, 2.733e-6, -6.213e-7, 1.897e-6, 2.518e-6, -6.458e-7, 1.964e-6, 2.610e-6, -6.250e-7, 2.052e-6, 2.677e-6, -6.674e-7, 2.139e-6, 2.806e-6, -6.516e-7, 2.050e-6, 2.702e-6, -6.667e-7, 2.077e-6, 2.744e-6
0.780, -6.168e-7, 1.966e-6, 2.582e-6, -6.285e-7, 2.070e-6, 2.699e-6, -6.232e-7, 1.863e-6, 2.486e-6, -6.470e-7, 1.929e-6, 2.576e-6, -6.278e-7, 2.015e-6, 2.642e-6, -6.693e-7, 2.101e-6, 2.770e-6, -6.539e-7, 2.014e-6, 2.668e-6, -6.678e-7, 2.040e-6, 2.708e-6
0.776, -6.193e-7, 1.931e-6, 2.551e-6, -6.304e-7, 2.035e-6, 2.666e-6, -6.265e-7, 1.829e-6, 2.456e-6, -6.485e-7, 1.896e-6, 2.545e-6, -6.305e-7, 1.979e-6, 2.610e-6, -6.715e-7, 2.064e-6, 2.735e-6, -6.562e-7, 1.979e-6, 2.635e-6, -6.687e-7, 2.006e-6, 2.675e-6
0.772, -6.230e-7, 1.898e-6, 2.521e-6, -6.334e-7, 2.002e-6, 2.635e-6, -6.296e-7, 1.798e-6, 2.427e-6, -6.510e-7, 1.864e-6, 2.515e-6, -6.336e-7, 1.945e-6, 2.579e-6, -6.741e-7, 2.029e-6, 2.703e-6, -6.595e-7, 1.945e-6, 2.605e-6, -6.707e-7, 1.973e-6, 2.643e-6
0.768, -6.270e-7, 1.866e-6, 2.493e-6, -6.367e-7, 1.970e-6, 2.606e-6, -6.333e-7, 1.767e-6, 2.400e-6, -6.536e-7, 1.832e-6, 2.486e-6, -6.373e-7, 1.913e-6, 2.550e-6, -6.760e-7, 1.996e-6, 2.672e-6, -6.621e-7, 1.913e-6, 2.575e-6, -6.727e-7, 1.940e-6, 2.613e-6
0.764, -6.330e-7, 1.834e-6, 2.467e-6, -6.404e-7, 1.939e-6, 2.579e-6, -6.382e-7, 1.737e-6, 2.375e-6, -6.584e-7, 1.802e-6, 2.461e-6, -6.427e-7, 1.881e-6, 2.523e-6, -6.802e-7, 1.963e-6, 2.643e-6, -6.667e-7, 1.882e-6, 2.548e-6, -6.761e-7, 1.909e-6, 2.585e-6
0.760, -6.380e-7, 1.804e-6, 2.442e-6, -6.447e-7, 1.908e-6, 2.553e-6, -6.422e-7, 1.708e-6, 2.350e-6, -6.616e-7, 1.773e-6, 2.435e-6, -6.478e-7, 1.849e-6, 2.497e-6, -6.836e-7, 1.932e-6, 2.615e-6, -6.710e-7, 1.851e-6, 2.522e-6, -6.786e-7, 1.879e-6, 2.558e-6
0.756, -6.433e-7, 1.774e-6, 2.418e-6, -6.491e-7, 1.880e-6, 2.529e-6, -6.472e-7, 1.680e-6, 2.327e-6, -6.656e-7, 1.745e-6, 2.411e-6, -6.532e-7, 1.819e-6, 2.472e-6, -6.883e-7, 1.901e-6, 2.589e-6, -6.763e-7, 1.822e-6, 2.498e-6, -6.833e-7, 1.850e-6, 2.533e-6
0.752, -6.489e-7, 1.746e-6, 2.395e-6, -6.544e-7, 1.851e-6, 2.506e-6, -6.531e-7, 1.652e-6, 2.306e-6, -6.694e-7, 1.719e-6, 2.388e-6, -6.589e-7, 1.790e-6, 2.449e-6, -6.931e-7, 1.872e-6, 2.565e-6, -6.814e-7, 1.793e-6, 2.474e-6, -6.875e-7, 1.821e-6, 2.509e-6
0.748, -6.561e-7, 1.718e-6, 2.374e-6, -6.609e-7, 1.823e-6, 2.484e-6, -6.599e-7, 1.625e-6, 2.285e-6, -6.750e-7, 1.692e-6, 2.367e-6, -6.666e-7, 1.760e-6, 2.427e-6, -6.991e-7, 1.842e-6, 2.542e-6, -6.881e-7, 1.765e-6, 2.453e-6, -6.925e-7, 1.794e-6, 2.486e-6
0.744, -6.635e-7, 1.689e-6, 2.353e-6, -6.671e-7, 1.796e-6, 2.463e-6, -6.663e-7, 1.599e-6, 2.265e-6, -6.806e-7, 1.666e-6, 2.346e-6, -6.732e-7, 1.732e-6, 2.406e-6, -7.048e-7, 1.814e-6, 2.519e-6, -6.949e-7, 1.737e-6, 2.432e-6, -6.971e-7, 1.767e-6, 2.464e-6
0.740, -6.707e-7, 1.662e-6, 2.333e-6, -6.738e-7, 1.770e-6, 2.444e-6, -6.738e-7, 1.573e-6, 2.247e-6, -6.871e-7, 1.640e-6, 2.327e-6, -6.804e-7, 1.705e-6, 2.385e-6, -7.119e-7, 1.787e-6, 2.499e-6, -7.012e-7, 1.711e-6, 2.412e-6, -7.025e-7, 1.742e-6, 2.444e-6
0.736, -6.790e-7, 1.635e-6, 2.314e-6, -6.809e-7, 1.744e-6, 2.425e-6, -6.815e-7, 1.548e-6, 2.229e-6, -6.933e-7, 1.616e-6, 2.309e-6, -6.895e-7, 1.677e-6, 2.366e-6, -7.184e-7, 1.760e-6, 2.478e-6, -7.089e-7, 1.684e-6, 2.393e-6, -7.087e-7, 1.716e-6, 2.425e-6
0.732, -6.881e-7, 1.609e-6, 2.297e-6, -6.891e-7, 1.718e-6, 2.407e-6, -6.899e-7, 1.523e-6, 2.212e-6, -7.004e-7, 1.592e-6, 2.292e-6, -6.978e-7, 1.650e-6, 2.347e-6, -7.262e-7, 1.734e-6, 2.460e-6, -7.173e-7, 1.658e-6, 2.375e-6, -7.148e-7, 1.691e-6, 2.406e-6
0.728, -6.976e-7, 1.582e-6, 2.280e-6, -6.977e-7, 1.693e-6, 2.390e-6, -6.986e-7, 1.498e-6, 2.196e-6, -7.078e-7, 1.567e-6, 2.275e-6, -7.073e-7, 1.623e-6, 2.330e-6, -7.340e-7, 1.708e-6, 2.442e-6, -7.260e-7, 1.632e-6, 2.358e-6, -7.226e-7, 1.666e-6, 2.389e-6
0.724, -7.068e-7, 1.556e-6, 2.263e-6, -7.059e-7, 1.668e-6, 2.374e-6, -7.078e-7, 1.473e-6, 2.181e-6, -7.160e-7, 1.544e-6, 2.260e-6, -7.163e-7, 1.597e-6, 2.313e-6, -7.429e-7, 1.681e-6, 2.424e-6, -7.346e-7, 1.606e-6, 2.341e-6, -7.291e-7, 1.643e-6, 2.372e-6
0.720, -7.179e-7, 1.530e-6, 2.248e-6, -7.157e-7, 1.643e-6, 2.358e-6, -7.176e-7, 1.449e-6, 2.166e-6, -7.246e-7, 1.521e-6, 2.245e-6, -7.271e-7, 1.570e-6, 2.297e-6, -7.521e-7, 1.656e-6, 2.408e-6, -7.443e-7, 1.581e-6, 2.325e-6, -7.364e-7, 1.619e-6, 2.356e-6
0.716, -7.298e-7, 1.503e-6, 2.233e-6, -7.262e-7, 1.618e-6, 2.344e-6, -7.289e-7, 1.424e-6, 2.153e-6, -7.341e-7, 1.497e-6, 2.232e-6, -7.372e-7, 1.544e-6, 2.281e-6, -7.621e-7, 1.630e-6, 2.393e-6, -7.549e-7, 1.556e-6, 2.311e-6, -7.451e-7, 1.596e-6, 2.341e-6
0.712, -7.404e-7, 1.478e-6, 2.219e-6, -7.372e-7, 1.594e-6, 2.331e-6, -7.396e-7, 1.400e-6, 2.139e-6, -7.439e-7, 1.474e-6, 2.218e-6, -7.498e-7, 1.517e-6, 2.267e-6, -7.729e-7, 1.606e-6, 2.379e-6, -7.664e-7, 1.530e-6, 2.297e-6, -7.544e-7, 1.573e-6, 2.327e-6
0.708, -7.524e-7, 1.452e-6, 2.205e-6, -7.483e-7, 1.569e-6, 2.317e-6, -7.506e-7, 1.375e-6, 2.126e-6, -7.543e-7, 1.452e-6, 2.206e-6, -7.623e-7, 1.490e-6, 2.253e-6, -7.829e-7, 1.581e-6, 2.364e-6, -7.776e-7, 1.505e-6, 2.283e-6, -7.635e-7, 1.550e-6, 2.313e-6
0.704, -7.654e-7, 1.426e-6, 2.191e-6, -7.602e-7, 1.544e-6, 2.305e-6, -7.637e-7, 1.351e-6, 2.114e-6, -7.650e-7, 1.429e-6, 2.194e-6, -7.756e-7, 1.464e-6, 2.239e-6, -7.947e-7, 1.556e-6, 2.350e-6, -7.896e-7, 1.480e-6, 2.270e-6, -7.731e-7, 1.527e-6, 2.300e-6
0.700, -7.797e-7, 1.399e-6, 2.179e-6, -7.736e-7, 1.520e-6, 2.293e-6, -7.765e-7, 1.326e-6, 2.103e-6, -7.772e-7, 1.406e-6, 2.183e-6, -7.894e-7, 1.437e-6, 2.226e-6, -8.083e-7, 1.530e-6, 2.338e-6, -8.027e-7, 1.455e-6, 2.257e-6, -7.852e-7, 1.503e-6, 2.288e-6
0.696, -7.944e-7, 1.373e-6, 2.167e-6, -7.871e-7, 1.495e-6, 2.282e-6, -7.905e-7, 1.301e-6, 2.092e-6, -7.900e-7, 1.383e-6, 2.173e-6, -8.040e-7, 1.410e-6, 2.214e-6, -8.219e-7, 1.505e-6, 2.327e-6, -8.167e-7, 1.429e-6, 2.245e-6, -7.964e-7, 1.481e-6, 2.277e-6
0.692, -8.091e-7, 1.346e-6, 2.155e-6, -8.022e-7, 1.470e-6, 2.272e-6, -8.049e-7, 1.276e-6, 2.081e-6, -8.032e-7, 1.360e-6, 2.163e-6, -8.196e-7, 1.382e-6, 2.202e-6, -8.354e-7, 1.480e-6, 2.315e-6, -8.315e-7, 1.403e-6, 2.234e-6, -8.088e-7, 1.457e-6, 2.266e-6
0.688, -8.255e-7, 1.318e-6, 2.144e-6, -8.179e-7, 1.444e-6, 2.262e-6, -8.210e-7, 1.250e-6, 2.071e-6, -8.170e-7, 1.336e-6, 2.153e-6, -8.359e-7, 1.354e-6, 2.190e-6, -8.506e-7, 1.454e-6, 2.305e-6, -8.467e-7, 1.377e-6, 2.223e-6, -8.217e-7, 1.434e-6, 2.256e-6
0.684, -8.431e-7, 1.290e-6, 2.133e-6, -8.348e-7, 1.418e-6, 2.253e-6, -8.378e-7, 1.224e-6, 2.061e-6, -8.332e-7, 1.312e-6, 2.146e-6, -8.529e-7, 1.326e-6, 2.179e-6, -8.667e-7, 1.428e-6, 2.295e-6, -8.642e-7, 1.350e-6, 2.214e-6, -8.358e-7, 1.411e-6, 2.247e-6
0.680, -8.612e-7, 1.262e-6, 2.123e-6, -8.523e-7, 1.392e-6, 2.244e-6, -8.545e-7, 1.197e-6, 2.052e-6, -8.486e-7, 1.288e-6, 2.137e-6, -8.712e-7, 1.298e-6, 2.169e-6, -8.833e-7, 1.402e-6, 2.285e-6, -8.811e-7, 1.323e-6, 2.204e-6, -8.505e-7, 1.387e-6, 2.238e-6
0.676, -8.790e-7, 1.233e-6, 2.112e-6, -8.711e-7, 1.364e-6, 2.236e-6, -8.733e-7, 1.170e-6, 2.043e-6, -8.662e-7, 1.263e-6, 2.130e-6, -8.909e-7, 1.268e-6, 2.159e-6, -9.017e-7, 1.375e-6, 2.277e-6, -8.996e-7, 1.295e-6, 2.194e-6, -8.672e-7, 1.363e-6, 2.230e-6
0.672, -8.992e-7, 1.204e-6, 2.103e-6, -8.900e-7, 1.338e-6, 2.228e-6, -8.927e-7, 1.142e-6, 2.034e-6, -8.842e-7, 1.238e-6, 2.123e-6, -9.106e-7, 1.238e-6, 2.148e-6, -9.213e-7, 1.347e-6, 2.269e-6, -9.197e-7, 1.266e-6, 2.186e-6, -8.844e-7, 1.338e-6, 2.222e-6
0.668, -9.204e-7, 1.172e-6, 2.093e-6, -9.114e-7, 1.309e-6, 2.220e-6, -9.126e-7, 1.114e-6, 2.026e-6, -9.039e-7, 1.212e-6, 2.116e-6, -9.323e-7, 1.206e-6, 2.139e-6, -9.418e-7, 1.319e-6, 2.261e-6, -9.399e-7, 1.237e-6, 2.177e-6, -9.021e-7, 1.313e-6, 2.215e-6
0.664, -9.418e-7, 1.142e-6, 2.084e-6, -9.338e-7, 1.280e-6, 2.214e-6, -9.346e-7, 1.084e-6, 2.019e-6, -9.242e-7, 1.186e-6, 2.110e-6, -9.545e-7, 1.175e-6, 2.129e-6, -9.635e-7, 1.290e-6, 2.253e-6, -9.621e-7, 1.207e-6, 2.169e-6, -9.220e-7, 1.287e-6, 2.209e-6
0.660, -9.638e-7, 1.110e-6, 2.074e-6, -9.567e-7, 1.250e-6, 2.207e-6, -9.564e-7, 1.054e-6, 2.010e-6, -9.459e-7, 1.158e-6, 2.104e-6, -9.773e-7, 1.142e-6, 2.120e-6, -9.867e-7, 1.260e-6, 2.246e-6, -9.854e-7, 1.176e-6, 2.161e-6, -9.432e-7, 1.259e-6, 2.203e-6
0.656, -9.874e-7, 1.077e-6, 2.064e-6, -9.816e-7, 1.219e-6, 2.200e-6, -9.798e-7, 1.023e-6, 2.003e-6, -9.690e-7, 1.130e-6, 2.099e-6, -1.000e-6, 1.110e-6, 2.110e-6, -1.011e-6, 1.229e-6, 2.240e-6, -1.009e-6, 1.144e-6, 2.153e-6, -9.648e-7, 1.232e-6, 2.197e-6
0.652, -1.013e-6, 1.043e-6, 2.056e-6, -1.008e-6, 1.187e-6, 2.195e-6, -1.004e-6, 9.911e-7, 1.995e-6, -9.935e-7, 1.101e-6, 2.094e-6, -1.027e-6, 1.075e-6, 2.101e-6, -1.037e-6, 1.197e-6, 2.234e-6, -1.035e-6, 1.110e-6, 2.146e-6, -9.889e-7, 1.203e-6, 2.192e-6
0.648, -1.037e-6, 1.009e-6, 2.046e-6, -1.035e-6, 1.154e-6, 2.189e-6, -1.029e-6, 9.587e-7, 1.988e-6, -1.018e-6, 1.071e-6, 2.089e-6, -1.053e-6, 1.040e-6, 2.093e-6, -1.063e-6, 1.164e-6, 2.228e-6, -1.062e-6, 1.077e-6, 2.139e-6, -1.014e-6, 1.173e-6, 2.187e-6
0.644, -1.062e-6, 9.736e-7, 2.036e-6, -1.063e-6, 1.119e-6, 2.183e-6, -1.055e-6, 9.252e-7, 1.980e-6, -1.045e-6, 1.040e-6, 2.085e-6, -1.080e-6, 1.004e-6, 2.083e-6, -1.092e-6, 1.131e-6, 2.222e-6, -1.089e-6, 1.042e-6, 2.131e-6, -1.040e-6, 1.142e-6, 2.182e-6
0.640, -1.089e-6, 9.372e-7, 2.026e-6, -1.093e-6, 1.084e-6, 2.177e-6, -1.081e-6, 8.908e-7, 1.972e-6, -1.074e-6, 1.007e-6, 2.080e-6, -1.107e-6, 9.666e-7, 2.074e-6, -1.121e-6, 1.096e-6, 2.217e-6, -1.117e-6, 1.006e-6, 2.123e-6, -1.068e-6, 1.110e-6, 2.179e-6
0.636, -1.116e-6, 9.007e-7, 2.017e-6, -1.124e-6, 1.048e-6, 2.171e-6, -1.109e-6, 8.556e-7, 1.964e-6, -1.103e-6, 9.734e-7, 2.077e-6, -1.135e-6, 9.291e-7, 2.064e-6, -1.153e-6, 1.059e-6, 2.212e-6, -1.148e-6, 9.685e-7, 2.117e-6, -1.098e-6, 1.077e-6, 2.175e-6
0.632, -1.143e-6, 8.633e-7, 2.006e-6, -1.155e-6, 1.011e-6, 2.166e-6, -1.137e-6, 8.193e-7, 1.956e-6, -1.134e-6, 9.390e-7, 2.073e-6, -1.163e-6, 8.905e-7, 2.054e-6, -1.184e-6, 1.022e-6, 2.206e-6, -1.178e-6, 9.307e-7, 2.109e-6, -1.129e-6, 1.042e-6, 2.171e-6
0.628, -1.168e-6, 8.258e-7, 1.994e-6, -1.186e-6, 9.729e-7, 2.159e-6, -1.164e-6, 7.831e-7, 1.947e-6, -1.164e-6, 9.035e-7, 2.068e-6, -1.191e-6, 8.523e-7, 2.043e-6, -1.217e-6, 9.840e-7, 2.201e-6, -1.208e-6, 8.922e-7, 2.101e-6, -1.160e-6, 1.007e-6, 2.168e-6
0.624, -1.196e-6, 7.867e-7, 1.982e-6, -1.219e-6, 9.336e-7, 2.153e-6, -1.192e-6, 7.454e-7, 1.937e-6, -1.196e-6, 8.676e-7, 2.064e-6, -1.219e-6, 8.123e-7, 2.031e-6, -1.250e-6, 9.450e-7, 2.195e-6, -1.239e-6, 8.529e-7, 2.092e-6, -1.193e-6, 9.709e-7, 2.163e-6
0.620, -1.221e-6, 7.478e-7, 1.969e-6, -1.252e-6, 8.936e-7, 2.146e-6, -1.220e-6, 7.073e-7, 1.927e-6, -1.229e-6, 8.302e-7, 2.059e-6, -1.247e-6, 7.726e-7, 2.019e-6, -1.284e-6, 9.048e-7, 2.189e-6, -1.270e-6, 8.125e-7, 2.082e-6, -1.226e-6, 9.333e-7, 2.160e-6
0.616, -1.247e-6, 7.088e-7, 1.955e-6, -1.284e-6, 8.532e-7, 2.138e-6, -1.247e-6, 6.696e-7, 1.916e-6, -1.262e-6, 7.922e-7, 2.054e-6, -1.274e-6, 7.316e-7, 2.006e-6, -1.318e-6, 8.640e-7, 2.182e-6, -1.301e-6, 7.717e-7, 2.072e-6, -1.262e-6, 8.940e-7, 2.156e-6
0.612, -1.271e-6, 6.692e-7, 1.940e-6, -1.318e-6, 8.120e-7, 2.130e-6, -1.273e-6, 6.315e-7, 1.904e-6, -1.295e-6, 7.530e-7, 2.048e-6, -1.300e-6, 6.914e-7, 1.992e-6, -1.352e-6, 8.224e-7, 2.174e-6, -1.331e-6, 7.305e-7, 2.062e-6, -1.296e-6, 8.555e-7, 2.152e-6
0.608, -1.294e-6, 6.299e-7, 1.923e-6, -1.349e-6, 7.705e-7, 2.119e-6, -1.297e-6, 5.932e-7, 1.890e-6, -1.328e-6, 7.137e-7, 2.041e-6, -1.325e-6, 6.508e-7, 1.975e-6, -1.385e-6, 7.807e-7, 2.166e-6, -1.360e-6, 6.892e-7, 2.049e-6, -1.331e-6, 8.145e-7, 2.146e-6
0.604, -1.315e-6, 5.901e-7, 1.905e-6, -1.379e-6, 7.285e-7, 2.108e-6, -1.321e-6, 5.542e-7, 1.875e-6, -1.360e-6, 6.735e-7, 2.034e-6, -1.347e-6, 6.107e-7, 1.958e-6, -1.419e-6, 7.377e-7, 2.156e-6, -1.389e-6, 6.475e-7, 2.036e-6, -1.368e-6, 7.728e-7, 2.140e-6
0.600, -1.334e-6, 5.513e-7, 1.885e-6, -1.411e-6, 6.856e-7, 2.096e-6, -1.344e-6, 5.158e-7, 1.859e-6, -1.392e-6, 6.331e-7, 2.025e-6, -1.369e-6, 5.699e-7, 1.939e-6, -1.452e-6, 6.947e-7, 2.146e-6, -1.415e-6, 6.055e-7, 2.021e-6, -1.403e-6, 7.305e-7, 2.134e-6
0.596, -1.351e-6, 5.132e-7, 1.864e-6, -1.438e-6, 6.441e-7, 2.082e-6, -1.363e-6, 4.782e-7, 1.841e-6, -1.422e-6, 5.931e-7, 2.015e-6, -1.388e-6, 5.302e-7, 1.918e-6, -1.481e-6, 6.525e-7, 2.134e-6, -1.440e-6, 5.642e-7, 2.004e-6, -1.437e-6, 6.887e-7, 2.126e-6
0.592, -1.365e-6, 4.745e-7, 1.840e-6, -1.464e-6, 6.018e-7, 2.065e-6, -1.380e-6, 4.407e-7, 1.820e-6, -1.451e-6, 5.525e-7, 2.003e-6, -1.405e-6, 4.907e-7, 1.895e-6, -1.511e-6, 6.087e-7, 2.120e-6, -1.463e-6, 5.228e-7, 1.986e-6, -1.471e-6, 6.452e-7, 2.116e-6
0.588, -1.378e-6, 4.374e-7, 1.815e-6, -1.488e-6, 5.600e-7, 2.048e-6, -1.396e-6, 4.029e-7, 1.799e-6, -1.479e-6, 5.123e-7, 1.991e-6, -1.419e-6, 4.517e-7, 1.871e-6, -1.538e-6, 5.659e-7, 2.104e-6, -1.483e-6, 4.819e-7, 1.965e-6, -1.503e-6, 6.029e-7, 2.106e-6
0.584, -1.388e-6, 4.007e-7, 1.788e-6, -1.510e-6, 5.191e-7, 2.029e-6, -1.408e-6, 3.672e-7, 1.775e-6, -1.503e-6, 4.725e-7, 1.975e-6, -1.430e-6, 4.140e-7, 1.844e-6, -1.562e-6, 5.242e-7, 2.087e-6, -1.501e-6, 4.418e-7, 1.943e-6, -1.533e-6, 5.606e-7, 2.094e-6
0.580, -1.393e-6, 3.654e-7, 1.758e-6, -1.527e-6, 4.787e-7, 2.006e-6, -1.418e-6, 3.317e-7, 1.749e-6, -1.525e-6, 4.334e-7, 1.958e-6, -1.438e-6, 3.775e-7, 1.815e-6, -1.584e-6, 4.827e-7, 2.067e-6, -1.514e-6, 4.025e-7, 1.917e-6, -1.560e-6, 5.190e-7, 2.079e-6
0.576, -1.397e-6, 3.309e-7, 1.727e-6, -1.543e-6, 4.391e-7, 1.982e-6, -1.424e-6, 2.971e-7, 1.721e-6, -1.544e-6, 3.946e-7, 1.939e-6, -1.442e-6, 3.411e-7, 1.783e-6, -1.602e-6, 4.421e-7, 2.044e-6, -1.526e-6, 3.642e-7, 1.890e-6, -1.586e-6, 4.770e-7, 2.063e-6
0.572, -1.396e-6, 2.969e-7, 1.693e-6, -1.555e-6, 4.000e-7, 1.955e-6, -1.428e-6, 2.632e-7, 1.691e-6, -1.560e-6, 3.567e-7, 1.916e-6, -1.445e-6, 3.060e-7, 1.751e-6, -1.618e-6, 4.016e-7, 2.020e-6, -1.534e-6, 3.261e-7, 1.860e-6, -1.608e-6, 4.355e-7, 2.044e-6
0.568, -1.394e-6, 2.643e-7, 1.658e-6, -1.562e-6, 3.631e-7, 1.925e-6, -1.428e-6, 2.304e-7, 1.658e-6, -1.572e-6, 3.197e-7, 1.892e-6, -1.442e-6, 2.722e-7, 1.715e-6, -1.629e-6, 3.629e-7, 1.992e-6, -1.538e-6, 2.894e-7, 1.828e-6, -1.627e-6, 3.957e-7, 2.023e-6
0.564, -1.386e-6, 2.332e-7, 1.620e-6, -1.566e-6, 3.262e-7, 1.893e-6, -1.424e-6, 1.991e-7, 1.623e-6, -1.582e-6, 2.836e-7, 1.865e-6, -1.438e-6, 2.391e-7, 1.677e-6, -1.638e-6, 3.246e-7, 1.962e-6, -1.538e-6, 2.539e-7, 1.792e-6, -1.641e-6, 3.562e-7, 1.997e-6
0.560, -1.377e-6, 2.032e-7, 1.580e-6, -1.567e-6, 2.911e-7, 1.858e-6, -1.417e-6, 1.685e-7, 1.586e-6, -1.586e-6, 2.489e-7, 1.835e-6, -1.429e-6, 2.080e-7, 1.637e-6, -1.641e-6, 2.886e-7, 1.929e-6, -1.534e-6, 2.201e-7, 1.755e-6, -1.653e-6, 3.177e-7, 1.970e-6
0.556, -1.365e-6, 1.745e-7, 1.540e-6, -1.564e-6, 2.571e-7, 1.821e-6, -1.409e-6, 1.392e-7, 1.548e-6, -1.588e-6, 2.150e-7, 1.803e-6, -1.419e-6, 1.774e-7, 1.596e-6, -1.641e-6, 2.526e-7, 1.894e-6, -1.529e-6, 1.869e-7, 1.716e-6, -1.660e-6, 2.806e-7, 1.941e-6
0.552, -1.350e-6, 1.470e-7, 1.497e-6, -1.557e-6, 2.238e-7, 1.781e-6, -1.396e-6, 1.117e-7, 1.507e-6, -1.585e-6, 1.823e-7, 1.767e-6, -1.404e-6, 1.484e-7, 1.552e-6, -1.637e-6, 2.183e-7, 1.855e-6, -1.519e-6, 1.555e-7, 1.674e-6, -1.662e-6, 2.448e-7, 1.907e-6
0.548, -1.332e-6, 1.214e-7, 1.454e-6, -1.545e-6, 1.933e-7, 1.739e-6, -1.380e-6, 8.483e-8, 1.465e-6, -1.579e-6, 1.508e-7, 1.730e-6, -1.386e-6, 1.219e-7, 1.508e-6, -1.630e-6, 1.854e-7, 1.815e-6, -1.505e-6, 1.251e-7, 1.630e-6, -1.662e-6, 2.102e-7, 1.872e-6
0.544, -1.313e-6, 9.701e-8, 1.410e-6, -1.532e-6, 1.635e-7, 1.695e-6, -1.364e-6, 5.945e-8, 1.423e-6, -1.570e-6, 1.209e-7, 1.690e-6, -1.367e-6, 9.551e-8, 1.462e-6, -1.618e-6, 1.540e-7, 1.772e-6, -1.489e-6, 9.653e-8, 1.585e-6, -1.657e-6, 1.764e-7, 1.833e-6
0.540, -1.292e-6, 7.330e-8, 1.365e-6, -1.514e-6, 1.354e-7, 1.649e-6, -1.344e-6, 3.548e-8, 1.379e-6, -1.557e-6, 9.183e-8, 1.649e-6, -1.345e-6, 7.095e-8, 1.416e-6, -1.604e-6, 1.236e-7, 1.727e-6, -1.470e-6, 6.883e-8, 1.539e-6, -1.648e-6, 1.448e-7, 1.792e-6
0.536, -1.268e-6, 5.201e-8, 1.320e-6, -1.494e-6, 1.083e-7, 1.603e-6, -1.322e-6, 1.308e-8, 1.335e-6, -1.541e-6, 6.396e-8, 1.605e-6, -1.322e-6, 4.747e-8, 1.370e-6, -1.585e-6, 9.510e-8, 1.680e-6, -1.449e-6, 4.215e-8, 1.491e-6, -1.636e-6, 1.133e-7, 1.749e-6
0.532, -1.243e-6, 3.177e-8, 1.275e-6, -1.471e-6, 8.329e-8, 1.554e-6, -1.298e-6, -8.162e-9, 1.290e-6, -1.521e-6, 3.823e-8, 1.559e-6, -1.296e-6, 2.617e-8, 1.322e-6, -1.564e-6, 6.796e-8, 1.632e-6, -1.424e-6, 1.842e-8, 1.442e-6, -1.619e-6, 8.465e-8, 1.703e-6
0.528, -1.216e-6, 1.364e-8, 1.230e-6, -1.444e-6, 6.012e-8, 1.505e-6, -1.273e-6, -2.815e-8, 1.245e-6, -1.498e-6, 1.426e-8, 1.512e-6, -1.270e-6, 5.548e-9, 1.276e-6, -1.540e-6, 4.297e-8, 1.583e-6, -1.398e-6, -4.432e-9, 1.393e-6, -1.598e-6, 5.731e-8, 1.656e-6
0.524, -1.189e-6, -3.458e-9, 1.186e-6, -1.418e-6, 3.802e-8, 1.456e-6, -1.247e-6, -4.603e-8, 1.201e-6, -1.474e-6, -8.850e-9, 1.465e-6, -1.242e-6, -1.261e-8, 1.230e-6, -1.513e-6, 1.890e-8, 1.532e-6, -1.371e-6, -2.599e-8, 1.345e-6, -1.576e-6, 3.135e-8, 1.607e-6
0.520, -1.161e-6, -1.872e-8, 1.142e-6, -1.388e-6, 1.824e-8, 1.406e-6, -1.219e-6, -6.291e-8, 1.156e-6, -1.447e-6, -3.025e-8, 1.417e-6, -1.213e-6, -2.974e-8, 1.183e-6, -1.485e-6, -3.440e-9, 1.481e-6, -1.342e-6, -4.599e-8, 1.296e-6, -1.550e-6, 6.473e-9, 1.557e-6
0.516, -1.132e-6, -3.202e-8, 1.100e-6, -1.357e-6, -7.214e-11, 1.357e-6, -1.191e-6, -7.786e-8, 1.113e-6, -1.418e-6, -4.960e-8, 1.369e-6, -1.184e-6, -4.487e-8, 1.139e-6, -1.454e-6, -2.395e-8, 1.430e-6, -1.311e-6, -6.417e-8, 1.247e-6, -1.521e-6, -1.612e-8, 1.505e-6
0.512, -1.105e-6, -4.461e-8, 1.060e-6, -1.327e-6, -1.749e-8, 1.309e-6, -1.163e-6, -9.200e-8, 1.071e-6, -1.389e-6, -6.796e-8, 1.321e-6, -1.155e-6, -5.914e-8, 1.096e-6, -1.424e-6, -4.327e-8, 1.380e-6, -1.281e-6, -8.067e-8, 1.201e-6, -1.493e-6, -3.783e-8, 1.455e-6
0.508, -1.077e-6, -5.562e-8, 1.021e-6, -1.295e-6, -3.249e-8, 1.262e-6, -1.136e-6, -1.049e-7, 1.031e-6, -1.359e-6, -8.519e-8, 1.274e-6, -1.126e-6, -7.205e-8, 1.054e-6, -1.392e-6, -6.076e-8, 1.331e-6, -1.251e-6, -9.691e-8, 1.154e-6, -1.462e-6, -5.805e-8, 1.404e-6
0.504, -1.051e-6, -6.585e-8, 9.847e-7, -1.263e-6, -4.646e-8, 1.216e-6, -1.108e-6, -1.162e-7, 9.920e-7, -1.328e-6, -1.005e-7, 1.228e-6, -1.098e-6, -8.385e-8, 1.014e-6, -1.359e-6, -7.721e-8, 1.282e-6, -1.220e-6, -1.108e-7, 1.110e-6, -1.430e-6, -7.628e-8, 1.353e-6
0.500, -1.022e-6, -7.305e-8, 9.490e-7, -1.230e-6, -5.850e-8, 1.171e-6, -1.081e-6, -1.256e-7, 9.551e-7, -1.296e-6, -1.144e-7, 1.182e-6, -1.070e-6, -9.364e-8, 9.760e-7, -1.326e-6, -9.118e-8, 1.235e-6, -1.190e-6, -1.227e-7, 1.067e-6, -1.396e-6, -9.261e-8, 1.303e-6
0.496, -9.964e-7, -8.002e-8, 9.164e-7, -1.198e-6, -6.905e-8, 1.129e-6, -1.055e-6, -1.345e-7, 9.201e-7, -1.266e-6, -1.271e-7, 1.139e-6, -1.042e-6, -1.020e-7, 9.402e-7, -1.294e-6, -1.045e-7, 1.190e-6, -1.160e-6, -1.336e-7, 1.027e-6, -1.363e-6, -1.080e-7, 1.255e-6
0.492, -9.714e-7, -8.595e-8, 8.855e-7, -1.167e-6, -7.792e-8, 1.089e-6, -1.029e-6, -1.414e-7, 8.872e-7, -1.234e-6, -1.377e-7, 1.097e-6, -1.016e-6, -1.092e-7, 9.071e-7, -1.262e-6, -1.158e-7, 1.146e-6, -1.131e-6, -1.427e-7, 9.880e-7, -1.330e-6, -1.211e-7, 1.208e-6
0.488, -9.473e-7, -8.961e-8, 8.577e-7, -1.137e-6, -8.599e-8, 1.051e-6, -1.004e-6, -1.474e-7, 8.567e-7, -1.204e-6, -1.472e-7, 1.057e-6, -9.905e-7, -1.153e-7, 8.752e-7, -1.229e-6, -1.255e-7, 1.104e-6, -1.102e-6, -1.505e-7, 9.516e-7, -1.296e-6, -1.330e-7, 1.163e-6
0.484, -9.245e-7, -9.288e-8, 8.316e-7, -1.107e-6, -9.158e-8, 1.016e-6, -9.799e-7, -1.514e-7, 8.285e-7, -1.174e-6, -1.549e-7, 1.019e-6, -9.661e-7, -1.195e-7, 8.466e-7, -1.199e-6, -1.338e-7, 1.065e-6, -1.075e-6, -1.568e-7, 9.184e-7, -1.263e-6, -1.427e-7, 1.120e-6
0.480, -9.031e-7, -9.536e-8, 8.077e-7, -1.079e-6, -9.701e-8, 9.819e-7, -9.571e-7, -1.550e-7, 8.021e-7, -1.146e-6, -1.617e-7, 9.842e-7, -9.434e-7, -1.232e-7, 8.202e-7, -1.169e-6, -1.408e-7, 1.028e-6, -1.049e-6, -1.621e-7, 8.873e-7, -1.232e-6, -1.517e-7, 1.080e-6
0.476, -8.824e-7, -9.626e-8, 7.861e-7, -1.052e-6, -1.004e-7, 9.520e-7, -9.357e-7, -1.577e-7, 7.780e-7, -1.118e-6, -1.670e-7, 9.513e-7, -9.212e-7, -1.253e-7, 7.959e-7, -1.141e-6, -1.463e-7, 9.945e-7, -1.025e-6, -1.657e-7, 8.589e-7, -1.201e-6, -1.586e-7, 1.042e-6
0.472, -8.633e-7, -9.665e-8, 7.667e-7, -1.028e-6, -1.038e-7, 9.239e-7, -9.163e-7, -1.597e-7, 7.566e-7, -1.093e-6, -1.717e-7, 9.211e-7, -9.015e-7, -1.272e-7, 7.743e-7, -1.114e-6, -1.511e-7, 9.633e-7, -1.002e-6, -1.690e-7, 8.327e-7, -1.172e-6, -1.649e-7, 1.007e-6
0.468, -8.458e-7, -9.618e-8, 7.496e-7, -1.003e-6, -1.048e-7, 8.986e-7, -8.976e-7, -1.603e-7, 7.374e-7, -1.067e-6, -1.741e-7, 8.929e-7, -8.815e-7, -1.271e-7, 7.544e-7, -1.089e-6, -1.542e-7, 9.343e-7, -9.787e-7, -1.699e-7, 8.088e-7, -1.143e-6, -1.688e-7, 9.742e-7
0.464, -8.297e-7, -9.498e-8, 7.347e-7, -9.805e-7, -1.056e-7, 8.748e-7, -8.796e-7, -1.600e-7, 7.196e-7, -1.044e-6, -1.764e-7, 8.672e-7, -8.643e-7, -1.270e-7, 7.373e-7, -1.065e-6, -1.570e-7, 9.076e-7, -9.574e-7, -1.701e-7, 7.873e-7, -1.116e-6, -1.723e-7, 9.436e-7
0.460, -8.151e-7, -9.327e-8, 7.218e-7, -9.607e-7, -1.062e-7, 8.545e-7, -8.646e-7, -1.593e-7, 7.052e-7, -1.023e-6, -1.780e-7, 8.451e-7, -8.490e-7, -1.266e-7, 7.224e-7, -1.042e-6, -1.577e-7, 8.847e-7, -9.397e-7, -1.705e-7, 7.693e-7, -1.091e-6, -1.744e-7, 9.167e-7
0.456, -8.014e-7, -9.118e-8, 7.102e-7, -9.417e-7, -1.052e-7, 8.366e-7, -8.491e-7, -1.578e-7, 6.913e-7, -1.002e-6, -1.776e-7, 8.243e-7, -8.336e-7, -1.249e-7, 7.087e-7, -1.022e-6, -1.579e-7, 8.636e-7, -9.211e-7, -1.687e-7, 7.524e-7, -1.067e-6, -1.756e-7, 8.918e-7
0.452, -7.893e-7, -8.881e-8, 7.005e-7, -9.236e-7, -1.040e-7, 8.196e-7, -8.365e-7, -1.562e-7, 6.803e-7, -9.836e-7, -1.778e-7, 8.058e-7, -8.197e-7, -1.228e-7, 6.969e-7, -1.002e-6, -1.584e-7, 8.440e-7, -9.051e-7, -1.675e-7, 7.376e-7, -1.045e-6, -1.758e-7, 8.691e-7
0.448, -7.785e-7, -8.607e-8, 6.924e-7, -9.086e-7, -1.025e-7, 8.062e-7, -8.249e-7, -1.539e-7, 6.709e-7, -9.674e-7, -1.774e-7, 7.900e-7, -8.091e-7, -1.207e-7, 6.883e-7, -9.849e-7, -1.573e-7, 8.276e-7, -8.913e-7, -1.652e-7, 7.261e-7, -1.025e-6, -1.752e-7, 8.501e-7
0.444, -7.691e-7, -8.316e-8, 6.860e-7, -8.946e-7, -1.005e-7, 7.941e-7, -8.137e-7, -1.513e-7, 6.624e-7, -9.515e-7, -1.762e-7, 7.753e-7, -7.973e-7, -1.175e-7, 6.798e-7, -9.690e-7, -1.559e-7, 8.131e-7, -8.777e-7, -1.620e-7, 7.157e-7, -1.007e-6, -1.740e-7, 8.326e-7
0.440, -7.601e-7, -8.000e-8, 6.801e-7, -8.811e-7, -9.844e-8, 7.827e-7, -8.042e-7, -1.487e-7, 6.555e-7, -9.371e-7, -1.743e-7, 7.628e-7, -7.879e-7, -1.148e-7, 6.731e-7, -9.543e-7, -1.539e-7, 8.004e-7, -8.663e-7, -1.589e-7, 7.074e-7, -9.892e-7, -1.719e-7, 8.173e-7
0.436, -7.532e-7, -7.716e-8, 6.760e-7, -8.702e-7, -9.618e-8, 7.740e-7, -7.963e-7, -1.458e-7, 6.505e-7, -9.251e-7, -1.724e-7, 7.527e-7, -7.797e-7, -1.118e-7, 6.678e-7, -9.417e-7, -1.522e-7, 7.895e-7, -8.559e-7, -1.561e-7, 6.998e-7, -9.744e-7, -1.702e-7, 8.043e-7
0.432, -7.481e-7, -7.473e-8, 6.734e-7, -8.609e-7, -9.427e-8, 7.667e-7, -7.896e-7, -1.433e-7, 6.463e-7, -9.150e-7, -1.711e-7, 7.438e-7, -7.736e-7, -1.096e-7, 6.640e-7, -9.312e-7, -1.507e-7, 7.805e-7, -8.481e-7, -1.532e-7, 6.949e-7, -9.610e-7, -1.681e-7, 7.929e-7
0.428, -7.429e-7, -7.225e-8, 6.707e-7, -8.527e-7, -9.195e-8, 7.608e-7, -7.844e-7, -1.410e-7, 6.434e-7, -9.046e-7, -1.685e-7, 7.361e-7, -7.678e-7, -1.066e-7, 6.612e-7, -9.213e-7, -1.483e-7, 7.730e-7, -8.401e-7, -1.495e-7, 6.906e-7, -9.488e-7, -1.651e-7, 7.838e-7
0.424, -7.391e-7, -6.964e-8, 6.694e-7, -8.456e-7, -8.989e-8, 7.557e-7, -7.786e-7, -1.377e-7, 6.409e-7, -8.966e-7, -1.664e-7, 7.302e-7, -7.631e-7, -1.038e-7, 6.593e-7, -9.129e-7, -1.459e-7, 7.669e-7, -8.340e-7, -1.462e-7, 6.878e-7, -9.380e-7, -1.622e-7, 7.758e-7
0.420, -7.351e-7, -6.696e-8, 6.682e-7, -8.393e-7, -8.788e-8, 7.515e-7, -7.749e-7, -1.353e-7, 6.395e-7, -8.889e-7, -1.641e-7, 7.248e-7, -7.582e-7, -1.007e-7, 6.575e-7, -9.047e-7, -1.434e-7, 7.614e-7, -8.281e-7, -1.428e-7, 6.853e-7, -9.284e-7, -1.593e-7, 7.692e-7
0.416, -7.333e-7, -6.540e-8, 6.679e-7, -8.337e-7, -8.579e-8, 7.479e-7, -7.719e-7, -1.327e-7, 6.391e-7, -8.829e-7, -1.622e-7, 7.206e-7, -7.553e-7, -9.822e-8, 6.571e-7, -8.988e-7, -1.414e-7, 7.574e-7, -8.236e-7, -1.394e-7, 6.842e-7, -9.205e-7, -1.568e-7, 7.638e-7
0.412, -7.319e-7, -6.354e-8, 6.683e-7, -8.306e-7, -8.493e-8, 7.457e-7, -7.694e-7, -1.306e-7, 6.389e-7, -8.787e-7, -1.604e-7, 7.183e-7, -7.530e-7, -9.633e-8, 6.567e-7, -8.942e-7, -1.399e-7, 7.542e-7, -8.200e-7, -1.366e-7, 6.834e-7, -9.135e-7, -1.540e-7, 7.596e-7
0.408, -7.314e-7, -6.255e-8, 6.689e-7, -8.282e-7, -8.407e-8, 7.441e-7, -7.687e-7, -1.292e-7, 6.395e-7, -8.750e-7, -1.591e-7, 7.159e-7, -7.515e-7, -9.428e-8, 6.573e-7, -8.899e-7, -1.380e-7, 7.518e-7, -8.178e-7, -1.342e-7, 6.836e-7, -9.085e-7, -1.520e-7, 7.565e-7
0.404, -7.312e-7, -6.127e-8, 6.699e-7, -8.254e-7, -8.243e-8, 7.430e-7, -7.675e-7, -1.275e-7, 6.400e-7, -8.718e-7, -1.576e-7, 7.142e-7, -7.508e-7, -9.262e-8, 6.582e-7, -8.867e-7, -1.366e-7, 7.501e-7, -8.165e-7, -1.320e-7, 6.845e-7, -9.042e-7, -1.497e-7, 7.545e-7
0.400, -7.316e-7, -6.105e-8, 6.705e-7, -8.243e-7, -8.212e-8, 7.422e-7, -7.666e-7, -1.259e-7, 6.407e-7, -8.694e-7, -1.566e-7, 7.127e-7, -7.503e-7, -9.172e-8, 6.586e-7, -8.843e-7, -1.357e-7, 7.485e-7, -8.153e-7, -1.300e-7, 6.853e-7, -9.003e-7, -1.478e-7, 7.525e-7
0.396, -7.325e-7, -6.089e-8, 6.716e-7, -8.244e-7, -8.227e-8, 7.422e-7, -7.678e-7, -1.254e-7, 6.424e-7, -8.687e-7, -1.560e-7, 7.127e-7, -7.508e-7, -9.102e-8, 6.598e-7, -8.837e-7, -1.353e-7, 7.483e-7, -8.160e-7, -1.288e-7, 6.872e-7, -8.985e-7, -1.467e-7, 7.518e-7
0.392, -7.342e-7, -6.131e-8, 6.729e-7, -8.252e-7, -8.305e-8, 7.422e-7, -7.691e-7, -1.251e-7, 6.439e-7, -8.688e-7, -1.560e-7, 7.128e-7, -7.528e-7, -9.087e-8, 6.620e-7, -8.837e-7, -1.357e-7, 7.480e-7, -8.170e-7, -1.277e-7, 6.893e-7, -8.977e-7, -1.458e-7, 7.519e-7
0.388, -7.358e-7, -6.267e-8, 6.731e-7, -8.258e-7, -8.415e-8, 7.417e-7, -7.698e-7, -1.249e-7, 6.449e-7, -8.687e-7, -1.562e-7, 7.124e-7, -7.535e-7, -9.122e-8, 6.622e-7, -8.834e-7, -1.361e-7, 7.473e-7, -8.175e-7, -1.278e-7, 6.897e-7, -8.970e-7, -1.457e-7, 7.513e-7
0.384, -7.377e-7, -6.285e-8, 6.749e-7, -8.274e-7, -8.542e-8, 7.419e-7, -7.719e-7, -1.251e-7, 6.468e-7, -8.699e-7, -1.565e-7, 7.134e-7, -7.555e-7, -9.182e-8, 6.636e-7, -8.845e-7, -1.366e-7, 7.479e-7, -8.198e-7, -1.278e-7, 6.920e-7, -8.973e-7, -1.454e-7, 7.519e-7
0.380, -7.412e-7, -6.526e-8, 6.759e-7, -8.297e-7, -8.761e-8, 7.421e-7, -7.751e-7, -1.267e-7, 6.484e-7, -8.722e-7, -1.584e-7, 7.138e-7, -7.576e-7, -9.289e-8, 6.648e-7, -8.864e-7, -1.383e-7, 7.481e-7, -8.224e-7, -1.281e-7, 6.943e-7, -8.985e-7, -1.466e-7, 7.519e-7
0.376, -7.442e-7, -6.765e-8, 6.765e-7, -8.325e-7, -8.993e-8, 7.426e-7, -7.782e-7, -1.286e-7, 6.497e-7, -8.752e-7, -1.605e-7, 7.147e-7, -7.609e-7, -9.481e-8, 6.661e-7, -8.889e-7, -1.405e-7, 7.484e-7, -8.256e-7, -1.294e-7, 6.962e-7, -9.010e-7, -1.477e-7, 7.533e-7
0.372, -7.474e-7, -7.004e-8, 6.774e-7, -8.361e-7, -9.295e-8, 7.431e-7, -7.816e-7, -1.298e-7, 6.518e-7, -8.779e-7, -1.624e-7, 7.155e-7, -7.639e-7, -9.653e-8, 6.674e-7, -8.914e-7, -1.424e-7, 7.490e-7, -8.289e-7, -1.311e-7, 6.978e-7, -9.032e-7, -1.490e-7, 7.542e-7
0.368, -7.511e-7, -7.366e-8, 6.774e-7, -8.398e-7, -9.668e-8, 7.431e-7, -7.846e-7, -1.323e-7, 6.523e-7, -8.815e-7, -1.654e-7, 7.161e-7, -7.675e-7, -9.935e-8, 6.682e-7, -8.949e-7, -1.455e-7, 7.494e-7, -8.332e-7, -1.331e-7, 7.001e-7, -9.065e-7, -1.516e-7, 7.549e-7
0.364, -7.550e-7, -7.730e-8, 6.777e-7, -8.441e-7, -1.006e-7, 7.435e-7, -7.890e-7, -1.351e-7, 6.539e-7, -8.861e-7, -1.691e-7, 7.169e-7, -7.712e-7, -1.023e-7, 6.690e-7, -8.991e-7, -1.491e-7, 7.500e-7, -8.379e-7, -1.360e-7, 7.019e-7, -9.112e-7, -1.545e-7, 7.567e-7
0.360, -7.591e-7, -8.128e-8, 6.778e-7, -8.492e-7, -1.056e-7, 7.436e-7, -7.940e-7, -1.389e-7, 6.551e-7, -8.911e-7, -1.728e-7, 7.183e-7, -7.760e-7, -1.064e-7, 6.697e-7, -9.038e-7, -1.531e-7, 7.507e-7, -8.437e-7, -1.398e-7, 7.039e-7, -9.166e-7, -1.587e-7, 7.579e-7
0.356, -7.643e-7, -8.685e-8, 6.775e-7, -8.539e-7, -1.108e-7, 7.432e-7, -7.994e-7, -1.436e-7, 6.558e-7, -8.966e-7, -1.780e-7, 7.186e-7, -7.803e-7, -1.106e-7, 6.697e-7, -9.088e-7, -1.585e-7, 7.503e-7, -8.491e-7, -1.440e-7, 7.051e-7, -9.225e-7, -1.640e-7, 7.584e-7
0.352, -7.688e-7, -9.180e-8, 6.770e-7, -8.595e-7, -1.168e-7, 7.427e-7, -8.042e-7, -1.480e-7, 6.562e-7, -9.024e-7, -1.830e-7, 7.194e-7, -7.848e-7, -1.151e-7, 6.697e-7, -9.138e-7, -1.631e-7, 7.508e-7, -8.550e-7, -1.486e-7, 7.064e-7, -9.284e-7, -1.685e-7, 7.599e-7
0.348, -7.742e-7, -9.783e-8, 6.764e-7, -8.649e-7, -1.231e-7, 7.418e-7, -8.101e-7, -1.532e-7, 6.569e-7, -9.084e-7, -1.886e-7, 7.198e-7, -7.895e-7, -1.199e-7, 6.697e-7, -9.204e-7, -1.694e-7, 7.510e-7, -8.618e-7, -1.542e-7, 7.076e-7, -9.352e-7, -1.740e-7, 7.611e-7
0.344, -7.787e-7, -1.038e-7, 6.749e-7, -8.712e-7, -1.302e-7, 7.410e-7, -8.155e-7, -1.585e-7, 6.570e-7, -9.150e-7, -1.949e-7, 7.201e-7, -7.952e-7, -1.264e-7, 6.688e-7, -9.258e-7, -1.760e-7, 7.498e-7, -8.688e-7, -1.604e-7, 7.084e-7, -9.429e-7, -1.809e-7, 7.619e-7
0.340, -7.841e-7, -1.107e-7, 6.734e-7, -8.768e-7, -1.376e-7, 7.392e-7, -8.223e-7, -1.649e-7, 6.574e-7, -9.222e-7, -2.018e-7, 7.203e-7, -8.005e-7, -1.326e-7, 6.679e-7, -9.324e-7, -1.831e-7, 7.494e-7, -8.761e-7, -1.670e-7, 7.091e-7, -9.507e-7, -1.882e-7, 7.625e-7
0.336, -7.898e-7, -1.183e-7, 6.716e-7, -8.830e-7, -1.456e-7, 7.374e-7, -8.282e-7, -1.717e-7, 6.565e-7, -9.293e-7, -2.100e-7, 7.193e-7, -8.065e-7, -1.399e-7, 6.666e-7, -9.392e-7, -1.906e-7, 7.486e-7, -8.836e-7, -1.742e-7, 7.094e-7, -9.584e-7, -1.960e-7, 7.624e-7
0.332, -7.956e-7, -1.265e-7, 6.691e-7, -8.898e-7, -1.544e-7, 7.354e-7, -8.360e-7, -1.796e-7, 6.563e-7, -9.375e-7, -2.181e-7, 7.194e-7, -8.131e-7, -1.471e-7, 6.660e-7, -9.474e-7, -1.994e-7, 7.480e-7, -8.918e-7, -1.826e-7, 7.092e-7, -9.681e-7, -2.049e-7, 7.632e-7
0.328, -8.008e-7, -1.343e-7, 6.665e-7, -8.967e-7, -1.633e-7, 7.334e-7, -8.429e-7, -1.873e-7, 6.555e-7, -9.460e-7, -2.271e-7, 7.188e-7, -8.194e-7, -1.552e-7, 6.642e-7, -9.548e-7, -2.082e-7, 7.467e-7, -9.001e-7, -1.908e-7, 7.092e-7, -9.779e-7, -2.144e-7, 7.634e-7
0.324, -8.070e-7, -1.427e-7, 6.644e-7, -9.037e-7, -1.723e-7, 7.314e-7, -8.506e-7, -1.959e-7, 6.547e-7, -9.543e-7, -2.361e-7, 7.182e-7, -8.262e-7, -1.637e-7, 6.624e-7, -9.625e-7, -2.175e-7, 7.450e-7, -9.094e-7, -2.001e-7, 7.093e-7, -9.874e-7, -2.240e-7, 7.633e-7
0.320, -8.137e-7, -1.520e-7, 6.617e-7, -9.113e-7, -1.827e-7, 7.287e-7, -8.586e-7, -2.046e-7, 6.541e-7, -9.630e-7, -2.460e-7, 7.171e-7, -8.338e-7, -1.729e-7, 6.609e-7, -9.715e-7, -2.276e-7, 7.439e-7, -9.192e-7, -2.101e-7, 7.091e-7, -9.983e-7, -2.348e-7, 7.635e-7
0.316, -8.207e-7, -1.624e-7, 6.583e-7, -9.186e-7, -1.933e-7, 7.253e-7, -8.670e-7, -2.141e-7, 6.529e-7, -9.734e-7, -2.570e-7, 7.165e-7, -8.402e-7, -1.818e-7, 6.584e-7, -9.803e-7, -2.383e-7, 7.420e-7, -9.293e-7, -2.208e-7, 7.085e-7, -1.010e-6, -2.462e-7, 7.633e-7
0.312, -8.272e-7, -1.721e-7, 6.550e-7, -9.265e-7, -2.044e-7, 7.222e-7, -8.766e-7, -2.247e-7, 6.519e-7, -9.831e-7, -2.680e-7, 7.152e-7, -8.488e-7, -1.922e-7, 6.566e-7, -9.903e-7, -2.497e-7, 7.406e-7, -9.398e-7, -2.318e-7, 7.080e-7, -1.022e-6, -2.584e-7, 7.632e-7
0.308, -8.349e-7, -1.823e-7, 6.526e-7, -9.342e-7, -2.150e-7, 7.192e-7, -8.855e-7, -2.349e-7, 6.506e-7, -9.929e-7, -2.787e-7, 7.142e-7, -8.563e-7, -2.023e-7, 6.540e-7, -9.998e-7, -2.608e-7, 7.390e-7, -9.501e-7, -2.428e-7, 7.073e-7, -1.033e-6, -2.705e-7, 7.629e-7
0.304, -8.413e-7, -1.932e-7, 6.482e-7, -9.425e-7, -2.270e-7, 7.155e-7, -8.944e-7, -2.458e-7, 6.485e-7, -1.003e-6, -2.906e-7, 7.125e-7, -8.642e-7, -2.129e-7, 6.514e-7, -1.009e-6, -2.726e-7, 7.363e-7, -9.602e-7, -2.546e-7, 7.055e-7, -1.045e-6, -2.832e-7, 7.621e-7
0.300, -8.486e-7, -2.041e-7, 6.445e-7, -9.507e-7, -2.390e-7, 7.117e-7, -9.036e-7, -2.562e-7, 6.474e-7, -1.014e-6, -3.026e-7, 7.111e-7, -8.726e-7, -2.238e-7, 6.488e-7, -1.019e-6, -2.847e-7, 7.345e-7, -9.713e-7, -2.663e-7, 7.050e-7, -1.058e-6, -2.963e-7, 7.618e-7
0.296, -8.552e-7, -2.152e-7, 6.400e-7, -9.578e-7, -2.504e-7, 7.074e-7, -9.116e-7, -2.671e-7, 6.445e-7, -1.023e-6, -3.142e-7, 7.087e-7, -8.799e-7, -2.342e-7, 6.458e-7, -1.027e-6, -2.964e-7, 7.305e-7, -9.814e-7, -2.784e-7, 7.030e-7, -1.069e-6, -3.085e-7, 7.607e-7
0.292, -8.612e-7, -2.260e-7, 6.352e-7, -9.650e-7, -2.620e-7, 7.030e-7, -9.201e-7, -2.778e-7, 6.423e-7, -1.032e-6, -3.257e-7, 7.067e-7, -8.881e-7, -2.454e-7, 6.428e-7, -1.037e-6, -3.084e-7, 7.284e-7, -9.915e-7, -2.903e-7, 7.012e-7, -1.081e-6, -3.213e-7, 7.593e-7
0.288, -8.674e-7, -2.366e-7, 6.307e-7, -9.713e-7, -2.733e-7, 6.981e-7, -9.278e-7, -2.886e-7, 6.392e-7, -1.042e-6, -3.375e-7, 7.041e-7, -8.951e-7, -2.562e-7, 6.390e-7, -1.045e-6, -3.203e-7, 7.249e-7, -1.002e-6, -3.027e-7, 6.990e-7, -1.092e-6, -3.340e-7, 7.578e-7
0.284, -8.733e-7, -2.473e-7, 6.259e-7, -9.771e-7, -2.842e-7, 6.928e-7, -9.360e-7, -2.999e-7, 6.361e-7, -1.050e-6, -3.486e-7, 7.009e-7, -9.016e-7, -2.668e-7, 6.348e-7, -1.054e-6, -3.323e-7, 7.215e-7, -1.011e-6, -3.144e-7, 6.967e-7, -1.102e-6, -3.465e-7, 7.556e-7
0.280, -8.776e-7, -2.576e-7, 6.200e-7, -9.820e-7, -2.954e-7, 6.866e-7, -9.424e-7, -3.099e-7, 6.325e-7, -1.057e-6, -3.597e-7, 6.973e-7, -9.081e-7, -2.776e-7, 6.305e-7, -1.060e-6, -3.431e-7, 7.171e-7, -1.019e-6, -3.258e-7, 6.927e-7, -1.111e-6, -3.585e-7, 7.523e-7
0.276, -8.809e-7, -2.676e-7, 6.133e-7, -9.856e-7, -3.053e-7, 6.803e-7, -9.478e-7, -3.196e-7, 6.282e-7, -1.063e-6, -3.694e-7, 6.931e-7, -9.127e-7, -2.874e-7, 6.253e-7, -1.066e-6, -3.537e-7, 7.120e-7, -1.026e-6, -3.364e-7, 6.893e-7, -1.118e-6, -3.689e-7, 7.489e-7
0.272, -8.833e-7, -2.770e-7, 6.063e-7, -9.881e-7, -3.149e-7, 6.731e-7, -9.520e-7, -3.297e-7, 6.223e-7, -1.066e-6, -3.794e-7, 6.870e-7, -9.170e-7, -2.976e-7, 6.194e-7, -1.070e-6, -3.641e-7, 7.056e-7, -1.031e-6, -3.474e-7, 6.838e-7, -1.123e-6, -3.798e-7, 7.436e-7
0.268, -8.859e-7, -2.870e-7, 5.989e-7, -9.901e-7, -3.248e-7, 6.653e-7, -9.562e-7, -3.389e-7, 6.173e-7, -1.071e-6, -3.892e-7, 6.814e-7, -9.206e-7, -3.075e-7, 6.131e-7, -1.074e-6, -3.747e-7, 6.992e-7, -1.036e-6, -3.574e-7, 6.784e-7, -1.129e-6, -3.904e-7, 7.382e-7
0.264, -8.866e-7, -2.957e-7, 5.909e-7, -9.911e-7, -3.345e-7, 6.565e-7, -9.585e-7, -3.481e-7, 6.104e-7, -1.073e-6, -3.981e-7, 6.745e-7, -9.234e-7, -3.171e-7, 6.063e-7, -1.076e-6, -3.845e-7, 6.920e-7, -1.040e-6, -3.680e-7, 6.716e-7, -1.133e-6, -4.006e-7, 7.321e-7
0.260, -8.871e-7, -3.051e-7, 5.820e-7, -9.902e-7, -3.435e-7, 6.466e-7, -9.602e-7, -3.574e-7, 6.028e-7, -1.074e-6, -4.075e-7, 6.662e-7, -9.247e-7, -3.267e-7, 5.981e-7, -1.078e-6, -3.944e-7, 6.838e-7, -1.042e-6, -3.781e-7, 6.638e-7, -1.135e-6, -4.108e-7, 7.242e-7
0.256, -8.864e-7, -3.142e-7, 5.722e-7, -9.890e-7, -3.526e-7, 6.364e-7, -9.614e-7, -3.663e-7, 5.951e-7, -1.074e-6, -4.164e-7, 6.573e-7, -9.253e-7, -3.355e-7, 5.898e-7, -1.079e-6, -4.044e-7, 6.743e-7, -1.043e-6, -3.878e-7, 6.555e-7, -1.136e-6, -4.207e-7, 7.154e-7
0.252, -8.855e-7, -3.231e-7, 5.624e-7, -9.873e-7, -3.621e-7, 6.252e-7, -9.613e-7, -3.756e-7, 5.857e-7, -1.073e-6, -4.254e-7, 6.479e-7, -9.256e-7, -3.454e-7, 5.801e-7, -1.078e-6, -4.139e-7, 6.642e-7, -1.044e-6, -3.979e-7, 6.462e-7, -1.137e-6, -4.310e-7, 7.061e-7
0.248, -8.840e-7, -3.323e-7, 5.516e-7, -9.856e-7, -3.717e-7, 6.139e-7, -9.604e-7, -3.847e-7, 5.757e-7, -1.073e-6, -4.355e-7, 6.373e-7, -9.250e-7, -3.544e-7, 5.707e-7, -1.078e-6, -4.244e-7, 6.535e-7, -1.045e-6, -4.082e-7, 6.366e-7, -1.137e-6, -4.414e-7, 6.952e-7
0.244, -8.828e-7, -3.420e-7, 5.408e-7, -9.828e-7, -3.812e-7, 6.016e-7, -9.600e-7, -3.940e-7, 5.659e-7, -1.072e-6, -4.453e-7, 6.266e-7, -9.254e-7, -3.650e-7, 5.604e-7, -1.077e-6, -4.349e-7, 6.419e-7, -1.044e-6, -4.185e-7, 6.257e-7, -1.137e-6, -4.530e-7, 6.843e-7
0.240, -8.813e-7, -3.518e-7, 5.295e-7, -9.816e-7, -3.921e-7, 5.895e-7, -9.598e-7, -4.045e-7, 5.553e-7, -1.071e-6, -4.560e-7, 6.146e-7, -9.253e-7, -3.757e-7, 5.496e-7, -1.076e-6, -4.466e-7, 6.298e-7, -1.045e-6, -4.307e-7, 6.146e-7, -1.137e-6, -4.649e-7, 6.719e-7
0.236, -8.814e-7, -3.623e-7, 5.191e-7, -9.816e-7, -4.038e-7, 5.778e-7, -9.615e-7, -4.165e-7, 5.450e-7, -1.072e-6, -4.683e-7, 6.036e-7, -9.262e-7, -3.870e-7, 5.392e-7, -1.079e-6, -4.598e-7, 6.187e-7, -1.047e-6, -4.430e-7, 6.039e-7, -1.139e-6, -4.790e-7, 6.604e-7
0.232, -8.821e-7, -3.744e-7, 5.078e-7, -9.813e-7, -4.158e-7, 5.655e-7, -9.626e-7, -4.279e-7, 5.347e-7, -1.074e-6, -4.818e-7, 5.923e-7, -9.277e-7, -3.990e-7, 5.287e-7, -1.081e-6, -4.734e-7, 6.071e-7, -1.050e-6, -4.568e-7, 5.929e-7, -1.142e-6, -4.933e-7, 6.489e-7
0.228, -8.836e-7, -3.864e-7, 4.973e-7, -9.834e-7, -4.297e-7, 5.537e-7, -9.670e-7, -4.420e-7, 5.251e-7, -1.078e-6, -4.964e-7, 5.812e-7, -9.307e-7, -4.125e-7, 5.182e-7, -1.084e-6, -4.886e-7, 5.959e-7, -1.054e-6, -4.719e-7, 5.819e-7, -1.148e-6, -5.104e-7, 6.373e-7
0.224, -8.862e-7, -3.997e-7, 4.866e-7, -9.876e-7, -4.448e-7, 5.428e-7, -9.709e-7, -4.558e-7, 5.151e-7, -1.084e-6, -5.122e-7, 5.713e-7, -9.343e-7, -4.259e-7, 5.084e-7, -1.091e-6, -5.055e-7, 5.852e-7, -1.059e-6, -4.871e-7, 5.718e-7, -1.155e-6, -5.278e-7, 6.268e-7
0.220, -8.901e-7, -4.130e-7, 4.771e-7, -9.927e-7, -4.607e-7, 5.320e-7, -9.768e-7, -4.710e-7, 5.058e-7, -1.091e-6, -5.298e-7, 5.611e-7, -9.407e-7, -4.417e-7, 4.990e-7, -1.098e-6, -5.234e-7, 5.748e-7, -1.066e-6, -5.048e-7, 5.615e-7, -1.164e-6, -5.480e-7, 6.165e-7
0.216, -8.970e-7, -4.291e-7, 4.679e-7, -1.000e-6, -4.783e-7, 5.221e-7, -9.858e-7, -4.888e-7, 4.971e-7, -1.101e-6, -5.491e-7, 5.520e-7, -9.479e-7, -4.579e-7, 4.900e-7, -1.108e-6, -5.427e-7, 5.648e-7, -1.076e-6, -5.237e-7, 5.525e-7, -1.177e-6, -5.696e-7, 6.073e-7
0.212, -9.042e-7, -4.448e-7, 4.594e-7, -1.010e-6, -4.962e-7, 5.136e-7, -9.946e-7, -5.055e-7, 4.891e-7, -1.113e-6, -5.691e-7, 5.439e-7, -9.567e-7, -4.744e-7, 4.823e-7, -1.119e-6, -5.628e-7, 5.565e-7, -1.087e-6, -5.428e-7, 5.443e-7, -1.191e-6, -5.919e-7, 5.991e-7
0.208, -9.139e-7, -4.619e-7, 4.520e-7, -1.021e-6, -5.154e-7, 5.055e-7, -1.007e-6, -5.247e-7, 4.823e-7, -1.127e-6, -5.902e-7, 5.367e-7, -9.678e-7, -4.930e-7, 4.748e-7, -1.134e-6, -5.847e-7, 5.490e-7, -1.100e-6, -5.633e-7, 5.366e-7, -1.208e-6, -6.164e-7, 5.920e-7
0.204, -9.248e-7, -4.791e-7, 4.456e-7, -1.034e-6, -5.353e-7, 4.989e-7, -1.020e-6, -5.438e-7, 4.762e-7, -1.144e-6, -6.126e-7, 5.310e-7, -9.795e-7, -5.112e-7, 4.683e-7, -1.149e-6, -6.066e-7, 5.426e-7, -1.115e-6, -5.851e-7, 5.304e-7, -1.226e-6, -6.406e-7, 5.858e-7
0.200, -9.369e-7, -4.968e-7, 4.401e-7, -1.049e-6, -5.556e-7, 4.931e-7, -1.034e-6, -5.635e-7, 4.708e-7, -1.161e-6, -6.347e-7, 5.259e-7, -9.924e-7, -5.294e-7, 4.630e-7, -1.166e-6, -6.288e-7, 5.370e-7, -1.131e-6, -6.062e-7, 5.245e-7, -1.246e-6, -6.653e-7, 5.812e-7
0.196, -9.489e-7, -5.144e-7, 4.345e-7, -1.063e-6, -5.752e-7, 4.877e-7, -1.049e-6, -5.831e-7, 4.658e-7, -1.178e-6, -6.568e-7, 5.210e-7, -1.005e-6, -5.477e-7, 4.578e-7, -1.182e-6, -6.500e-7, 5.322e-7, -1.146e-6, -6.268e-7, 5.190e-7, -1.266e-6, -6.896e-7, 5.765e-7
0.192, -9.611e-7, -5.314e-7, 4.297e-7, -1.077e-6, -5.943e-7, 4.829e-7, -1.063e-6, -6.015e-7, 4.612e-7, -1.194e-6, -6.773e-7, 5.168e-7, -1.018e-6, -5.651e-7, 4.531e-7, -1.198e-6, -6.706e-7, 5.274e-7, -1.161e-6, -6.470e-7, 5.143e-7, -1.285e-6, -7.126e-7, 5.724e-7
0.188, -9.727e-7, -5.476e-7, 4.252e-7, -1.090e-6, -6.116e-7, 4.785e-7, -1.076e-6, -6.188e-7, 4.568e-7, -1.209e-6, -6.964e-7, 5.124e-7, -1.030e-6, -5.806e-7, 4.490e-7, -1.212e-6, -6.889e-7, 5.234e-7, -1.175e-6, -6.656e-7, 5.096e-7, -1.301e-6, -7.327e-7, 5.688e-7
0.184, -9.827e-7, -5.617e-7, 4.210e-7, -1.101e-6, -6.272e-7, 4.741e-7, -1.087e-6, -6.345e-7, 4.528e-7, -1.221e-6, -7.131e-7, 5.083e-7, -1.040e-6, -5.951e-7, 4.445e-7, -1.224e-6, -7.046e-7, 5.189e-7, -1.187e-6, -6.820e-7, 5.046e-7, -1.314e-6, -7.501e-7, 5.641e-7
0.180, -9.908e-7, -5.746e-7, 4.162e-7, -1.108e-6, -6.398e-7, 4.686e-7, -1.095e-6, -6.479e-7, 4.474e-7, -1.230e-6, -7.268e-7, 5.030e-7, -1.046e-6, -6.065e-7, 4.397e-7, -1.231e-6, -7.171e-7, 5.139e-7, -1.195e-6, -6.953e-7, 4.992e-7, -1.323e-6, -7.644e-7, 5.591e-7
0.176, -9.943e-7, -5.839e-7, 4.104e-7, -1.111e-6, -6.489e-7, 4.623e-7, -1.099e-6, -6.579e-7, 4.415e-7, -1.233e-6, -7.362e-7, 4.968e-7, -1.049e-6, -6.151e-7, 4.339e-7, -1.233e-6, -7.256e-7, 5.074e-7, -1.198e-6, -7.053e-7, 4.927e-7, -1.325e-6, -7.733e-7, 5.517e-7
0.172, -9.951e-7, -5.908e-7, 4.043e-7, -1.109e-6, -6.541e-7, 4.552e-7, -1.100e-6, -6.650e-7, 4.354e-7, -1.231e-6, -7.418e-7, 4.891e-7, -1.049e-6, -6.210e-7, 4.279e-7, -1.229e-6, -7.294e-7, 5.000e-7, -1.197e-6, -7.116e-7, 4.850e-7, -1.321e-6, -7.773e-7, 5.441e-7
0.168, -9.907e-7, -5.944e-7, 3.962e-7, -1.102e-6, -6.558e-7, 4.462e-7, -1.095e-6, -6.677e-7, 4.276e-7, -1.221e-6, -7.420e-7, 4.792e-7, -1.042e-6, -6.221e-7, 4.201e-7, -1.219e-6, -7.288e-7, 4.903e-7, -1.189e-6, -7.137e-7, 4.756e-7, -1.310e-6, -7.762e-7, 5.336e-7
0.164, -9.814e-7, -5.942e-7, 3.872e-7, -1.089e-6, -6.535e-7, 4.356e-7, -1.084e-6, -6.671e-7, 4.172e-7, -1.205e-6, -7.376e-7, 4.672e-7, -1.031e-6, -6.207e-7, 4.101e-7, -1.203e-6, -7.239e-7, 4.788e-7, -1.175e-6, -7.116e-7, 4.638e-7, -1.290e-6, -7.702e-7, 5.198e-7
0.160, -9.688e-7, -5.919e-7, 3.769e-7, -1.070e-6, -6.473e-7, 4.229e-7, -1.068e-6, -6.631e-7, 4.052e-7, -1.183e-6, -7.294e-7, 4.533e-7, -1.015e-6, -6.158e-7, 3.991e-7, -1.179e-6, -7.146e-7, 4.645e-7, -1.156e-6, -7.056e-7, 4.506e-7, -1.264e-6, -7.601e-7, 5.041e-7
0.156, -9.513e-7, -5.858e-7, 3.655e-7, -1.046e-6, -6.375e-7, 4.082e-7, -1.046e-6, -6.543e-7, 3.918e-7, -1.154e-6, -7.165e-7, 4.371e-7, -9.937e-7, -6.074e-7, 3.863e-7, -1.150e-6, -7.016e-7, 4.488e-7, -1.132e-6, -6.959e-7, 4.361e-7, -1.231e-6, -7.454e-7, 4.856e-7
0.152, -9.286e-7, -5.771e-7, 3.515e-7, -1.017e-6, -6.249e-7, 3.917e-7, -1.021e-6, -6.438e-7, 3.769e-7, -1.119e-6, -7.013e-7, 4.179e-7, -9.698e-7, -5.978e-7, 3.719e-7, -1.117e-6, -6.868e-7, 4.303e-7, -1.103e-6, -6.838e-7, 4.188e-7, -1.193e-6, -7.281e-7, 4.645e-7
0.148, -9.026e-7, -5.659e-7, 3.366e-7, -9.825e-7, -6.094e-7, 3.731e-7, -9.896e-7, -6.299e-7, 3.597e-7, -1.080e-6, -6.822e-7, 3.975e-7, -9.406e-7, -5.850e-7, 3.556e-7, -1.078e-6, -6.684e-7, 4.095e-7, -1.067e-6, -6.682e-7, 3.992e-7, -1.147e-6, -7.062e-7, 4.409e-7
0.144, -8.737e-7, -5.533e-7, 3.204e-7, -9.461e-7, -5.926e-7, 3.534e-7, -9.560e-7, -6.144e-7, 3.416e-7, -1.038e-6, -6.621e-7, 3.755e-7, -9.089e-7, -5.703e-7, 3.386e-7, -1.037e-6, -6.495e-7, 3.873e-7, -1.030e-6, -6.513e-7, 3.789e-7, -1.100e-6, -6.845e-7, 4.159e-7
0.140, -8.429e-7, -5.390e-7, 3.039e-7, -9.085e-7, -5.748e-7, 3.337e-7, -9.211e-7, -5.974e-7, 3.237e-7, -9.939e-7, -6.405e-7, 3.534e-7, -8.765e-7, -5.555e-7, 3.209e-7, -9.942e-7, -6.292e-7, 3.650e-7, -9.910e-7, -6.329e-7, 3.581e-7, -1.051e-6, -6.612e-7, 3.901e-7
0.136, -8.108e-7, -5.237e-7, 2.871e-7, -8.683e-7, -5.557e-7, 3.126e-7, -8.835e-7, -5.791e-7, 3.044e-7, -9.484e-7, -6.186e-7, 3.299e-7, -8.415e-7, -5.395e-7, 3.021e-7, -9.500e-7, -6.084e-7, 3.416e-7, -9.502e-7, -6.138e-7, 3.364e-7, -1.001e-6, -6.374e-7, 3.634e-7
0.132, -7.776e-7, -5.082e-7, 2.693e-7, -8.290e-7, -5.372e-7, 2.918e-7, -8.470e-7, -5.614e-7, 2.856e-7, -9.037e-7, -5.971e-7, 3.065e-7, -8.069e-7, -5.234e-7, 2.835e-7, -9.053e-7, -5.878e-7, 3.174e-7, -9.095e-7, -5.946e-7, 3.149e-7, -9.510e-7, -6.144e-7, 3.366e-7
0.128, -7.450e-7, -4.928e-7, 2.523e-7, -7.916e-7, -5.196e-7, 2.719e-7, -8.112e-7, -5.441e-7, 2.671e-7, -8.605e-7, -5.765e-7, 2.840e-7, -7.736e-7, -5.076e-7, 2.660e-7, -8.636e-7, -5.688e-7, 2.949e-7, -8.700e-7, -5.761e-7, 2.938e-7, -9.042e-7, -5.929e-7, 3.113e-7
0.124, -7.144e-7, -4.782e-7, 2.362e-7, -7.548e-7, -5.023e-7, 2.525e-7, -7.762e-7, -5.268e-7, 2.494e-7, -8.197e-7, -5.571e-7, 2.626e-7, -7.407e-7, -4.924e-7, 2.482e-7, -8.239e-7, -5.505e-7, 2.734e-7, -8.317e-7, -5.579e-7, 2.738e-7, -8.598e-7, -5.723e-7, 2.875e-7
0.120, -6.851e-7, -4.643e-7, 2.208e-7, -7.216e-7, -4.874e-7, 2.342e-7, -7.429e-7, -5.108e-7, 2.321e-7, -7.819e-7, -5.392e-7, 2.427e-7, -7.107e-7, -4.786e-7, 2.321e-7, -7.867e-7, -5.340e-7, 2.527e-7, -7.963e-7, -5.417e-7, 2.547e-7, -8.183e-7, -5.538e-7, 2.645e-7
0.116, -6.565e-7, -4.503e-7, 2.062e-7, -6.891e-7, -4.722e-7, 2.169e-7, -7.117e-7, -4.952e-7, 2.165e-7, -7.452e-7, -5.218e-7, 2.234e-7, -6.808e-7, -4.645e-7, 2.163e-7, -7.513e-7, -5.176e-7, 2.337e-7, -7.619e-7, -5.253e-7, 2.366e-7, -7.786e-7, -5.357e-7, 2.429e-7
0.112, -6.308e-7, -4.385e-7, 1.923e-7, -6.606e-7, -4.591e-7, 2.015e-7, -6.826e-7, -4.814e-7, 2.012e-7, -7.138e-7, -5.073e-7, 2.065e-7, -6.540e-7, -4.519e-7, 2.021e-7, -7.198e-7, -5.037e-7, 2.161e-7, -7.314e-7, -5.110e-7, 2.204e-7, -7.437e-7, -5.202e-7, 2.235e-7
0.108, -6.075e-7, -4.271e-7, 1.803e-7, -6.347e-7, -4.468e-7, 1.879e-7, -6.573e-7, -4.687e-7, 1.886e-7, -6.852e-7, -4.936e-7, 1.915e-7, -6.290e-7, -4.403e-7, 1.887e-7, -6.910e-7, -4.906e-7, 2.003e-7, -7.034e-7, -4.978e-7, 2.055e-7, -7.123e-7, -5.063e-7, 2.061e-7
0.104, -5.859e-7, -4.164e-7, 1.695e-7, -6.119e-7, -4.359e-7, 1.760e-7, -6.340e-7, -4.570e-7, 1.770e-7, -6.593e-7, -4.815e-7, 1.777e-7, -6.073e-7, -4.301e-7, 1.772e-7, -6.659e-7, -4.794e-7, 1.865e-7, -6.780e-7, -4.857e-7, 1.922e-7, -6.854e-7, -4.939e-7, 1.915e-7
0.100, -5.670e-7, -4.071e-7, 1.599e-7, -5.911e-7, -4.268e-7, 1.643e-7, -6.128e-7, -4.465e-7, 1.663e-7, -6.367e-7, -4.705e-7, 1.662e-7, -5.884e-7, -4.208e-7, 1.676e-7, -6.432e-7, -4.690e-7, 1.742e-7, -6.559e-7, -4.748e-7, 1.811e-7, -6.609e-7, -4.825e-7, 1.784e-7
0.096, -5.508e-7, -3.988e-7, 1.520e-7, -5.731e-7, -4.178e-7, 1.552e-7, -5.943e-7, -4.368e-7, 1.575e-7, -6.168e-7, -4.613e-7, 1.556e-7, -5.713e-7, -4.130e-7, 1.583e-7, -6.231e-7, -4.599e-7, 1.631e-7, -6.358e-7, -4.651e-7, 1.706e-7, -6.393e-7, -4.729e-7, 1.664e-7
0.092, -5.353e-7, -3.913e-7, 1.441e-7, -5.575e-7, -4.105e-7, 1.470e-7, -5.782e-7, -4.288e-7, 1.495e-7, -5.996e-7, -4.525e-7, 1.471e-7, -5.562e-7, -4.055e-7, 1.508e-7, -6.064e-7, -4.519e-7, 1.545e-7, -6.189e-7, -4.569e-7, 1.619e-7, -6.213e-7, -4.644e-7, 1.569e-7
0.088, -5.226e-7, -3.849e-7, 1.377e-7, -5.439e-7, -4.043e-7, 1.396e-7, -5.650e-7, -4.225e-7, 1.425e-7, -5.846e-7, -4.451e-7, 1.395e-7, -5.425e-7, -3.987e-7, 1.438e-7, -5.911e-7, -4.452e-7, 1.459e-7, -6.036e-7, -4.496e-7, 1.540e-7, -6.059e-7, -4.574e-7, 1.485e-7
0.084, -5.110e-7, -3.789e-7, 1.322e-7, -5.308e-7, -3.972e-7, 1.335e-7, -5.506e-7, -4.142e-7, 1.364e-7, -5.707e-7, -4.381e-7, 1.325e-7, -5.302e-7, -3.925e-7, 1.377e-7, -5.776e-7, -4.387e-7, 1.389e-7, -5.900e-7, -4.426e-7, 1.474e-7, -5.907e-7, -4.501e-7, 1.406e-7
0.080, -5.007e-7, -3.739e-7, 1.269e-7, -5.204e-7, -3.926e-7, 1.278e-7, -5.402e-7, -4.091e-7, 1.311e-7, -5.592e-7, -4.326e-7, 1.266e-7, -5.203e-7, -3.878e-7, 1.325e-7, -5.658e-7, -4.333e-7, 1.325e-7, -5.792e-7, -4.375e-7, 1.417e-7, -5.785e-7, -4.446e-7, 1.339e-7
0.076, -4.914e-7, -3.687e-7, 1.227e-7, -5.109e-7, -3.876e-7, 1.233e-7, -5.301e-7, -4.036e-7, 1.265e-7, -5.485e-7, -4.268e-7, 1.217e-7, -5.111e-7, -3.829e-7, 1.281e-7, -5.558e-7, -4.280e-7, 1.278e-7, -5.696e-7, -4.322e-7, 1.374e-7, -5.680e-7, -4.391e-7, 1.288e-7
0.072, -4.838e-7, -3.647e-7, 1.191e-7, -5.023e-7, -3.833e-7, 1.191e-7, -5.211e-7, -3.992e-7, 1.219e-7, -5.398e-7, -4.227e-7, 1.172e-7, -5.033e-7, -3.790e-7, 1.243e-7, -5.473e-7, -4.243e-7, 1.230e-7, -5.604e-7, -4.281e-7, 1.324e-7, -5.584e-7, -4.346e-7, 1.238e-7
0.068, -4.767e-7, -3.613e-7, 1.154e-7, -4.950e-7, -3.794e-7, 1.156e-7, -5.139e-7, -3.950e-7, 1.189e-7, -5.308e-7, -4.180e-7, 1.128e-7, -4.961e-7, -3.753e-7, 1.207e-7, -5.385e-7, -4.203e-7, 1.182e-7, -5.530e-7, -4.242e-7, 1.288e-7, -5.501e-7, -4.305e-7, 1.196e-7
0.064, -4.699e-7, -3.579e-7, 1.120e-7, -4.883e-7, -3.764e-7, 1.119e-7, -5.067e-7, -3.911e-7, 1.156e-7, -5.239e-7, -4.145e-7, 1.095e-7, -4.898e-7, -3.726e-7, 1.173e-7, -5.316e-7, -4.168e-7, 1.149e-7, -5.459e-7, -4.210e-7, 1.249e-7, -5.429e-7, -4.269e-7, 1.160e-7
0.060, -4.643e-7, -3.548e-7, 1.095e-7, -4.819e-7, -3.730e-7, 1.088e-7, -5.003e-7, -3.879e-7, 1.124e-7, -5.177e-7, -4.115e-7, 1.062e-7, -4.840e-7, -3.693e-7, 1.147e-7, -5.248e-7, -4.133e-7, 1.115e-7, -5.397e-7, -4.176e-7, 1.220e-7, -5.360e-7, -4.235e-7, 1.125e-7
0.056, -4.596e-7, -3.523e-7, 1.073e-7, -4.772e-7, -3.706e-7, 1.066e-7, -4.955e-7, -3.854e-7, 1.102e-7, -5.120e-7, -4.085e-7, 1.035e-7, -4.790e-7, -3.671e-7, 1.120e-7, -5.194e-7, -4.110e-7, 1.083e-7, -5.348e-7, -4.156e-7, 1.192e-7, -5.305e-7, -4.207e-7, 1.099e-7
0.052, -4.553e-7, -3.502e-7, 1.050e-7, -4.718e-7, -3.682e-7, 1.036e-7, -4.897e-7, -3.825e-7, 1.073e-7, -5.070e-7, -4.064e-7, 1.006e-7, -4.751e-7, -3.650e-7, 1.101e-7, -5.137e-7, -4.083e-7, 1.054e-7, -5.297e-7, -4.129e-7, 1.168e-7, -5.257e-7, -4.186e-7, 1.071e-7
0.048, -4.503e-7, -3.482e-7, 1.021e-7, -4.675e-7, -3.665e-7, 1.011e-7, -4.852e-7, -3.805e-7, 1.046e-7, -5.022e-7, -4.042e-7, 9.801e-8, -4.706e-7, -3.635e-7, 1.071e-7, -5.087e-7, -4.065e-7, 1.023e-7, -5.249e-7, -4.111e-7, 1.138e-7, -5.202e-7, -4.166e-7, 1.036e-7
0.044, -4.473e-7, -3.465e-7, 1.008e-7, -4.634e-7, -3.645e-7, 9.887e-8, -4.823e-7, -3.791e-7, 1.032e-7, -4.985e-7, -4.024e-7, 9.611e-8, -4.673e-7, -3.616e-7, 1.057e-7, -5.050e-7, -4.049e-7, 1.000e-7, -5.213e-7, -4.095e-7, 1.118e-7, -5.163e-7, -4.151e-7, 1.013e-7
0.040, -4.441e-7, -3.449e-7, 9.925e-8, -4.596e-7, -3.625e-7, 9.700e-8, -4.794e-7, -3.779e-7, 1.015e-7, -4.941e-7, -4.002e-7, 9.390e-8, -4.644e-7, -3.602e-7, 1.042e-7, -5.006e-7, -4.032e-7, 9.746e-8, -5.198e-7, -4.100e-7, 1.098e-7, -5.133e-7, -4.136e-7, 9.975e-8
0.036, -4.412e-7, -3.436e-7, 9.759e-8, -4.567e-7, -3.618e-7, 9.498e-8, -4.757e-7, -3.760e-7, 9.966e-8, -4.905e-7, -3.985e-7, 9.194e-8, -4.619e-7, -3.594e-7, 1.026e-7, -4.971e-7, -4.019e-7, 9.523e-8, -5.151e-7, -4.068e-7, 1.082e-7, -5.095e-7, -4.124e-7, 9.716e-8
0.032, -4.386e-7, -3.428e-7, 9.577e-8, -4.538e-7, -3.607e-7, 9.313e-8, -4.731e-7, -3.756e-7, 9.749e-8, -4.874e-7, -3.976e-7, 8.971e-8, -4.590e-7, -3.589e-7, 1.001e-7, -4.947e-7, -4.016e-7, 9.310e-8, -5.116e-7, -4.056e-7, 1.060e-7, -5.067e-7, -4.119e-7, 9.475e-8
0.028, -4.360e-7, -3.419e-7, 9.413e-8, -4.507e-7, -3.595e-7, 9.122e-8, -4.704e-7, -3.744e-7, 9.602e-8, -4.844e-7, -3.969e-7, 8.750e-8, -4.566e-7, -3.578e-7, 9.874e-8, -4.911e-7, -4.004e-7, 9.073e-8, -5.088e-7, -4.045e-7, 1.043e-7, -5.043e-7, -4.111e-7, 9.323e-8
0.024, -4.344e-7, -3.419e-7, 9.251e-8, -4.488e-7, -3.596e-7, 8.922e-8, -4.687e-7, -3.743e-7, 9.439e-8, -4.826e-7, -3.966e-7, 8.595e-8, -4.549e-7, -3.581e-7, 9.684e-8, -4.894e-7, -4.005e-7, 8.892e-8, -5.074e-7, -4.043e-7, 1.031e-7, -5.019e-7, -4.110e-7, 9.094e-8
0.020, -4.333e-7, -3.417e-7, 9.160e-8, -4.466e-7, -3.591e-7, 8.751e-8, -4.679e-7, -3.743e-7, 9.365e-8, -4.807e-7, -3.963e-7, 8.433e-8, -4.542e-7, -3.582e-7, 9.600e-8, -4.881e-7, -4.008e-7, 8.734e-8, -5.053e-7, -4.043e-7, 1.010e-7, -5.007e-7, -4.111e-7, 8.958e-8
0.016, -4.318e-7, -3.416e-7, 9.015e-8, -4.451e-7, -3.590e-7, 8.605e-8, -4.658e-7, -3.742e-7, 9.156e-8, -4.787e-7, -3.963e-7, 8.234e-8, -4.515e-7, -3.575e-7, 9.393e-8, -4.850e-7, -4.002e-7, 8.483e-8, -5.043e-7, -4.045e-7, 9.978e-8, -4.991e-7, -4.113e-7, 8.780e-8
0.012, -4.306e-7, -3.419e-7, 8.874e-8, -4.442e-7, -3.593e-7, 8.488e-8, -4.653e-7, -3.750e-7, 9.028e-8, -4.775e-7, -3.962e-7, 8.131e-8, -4.517e-7, -3.584e-7, 9.336e-8, -4.843e-7, -4.005e-7, 8.380e-8, -5.034e-7, -4.050e-7, 9.846e-8, -4.986e-7, -4.121e-7, 8.648e-8
0.008, -4.301e-7, -3.426e-7, 8.755e-8, -4.427e-7, -3.598e-7, 8.289e-8, -4.638e-7, -3.751e-7, 8.874e-8, -4.757e-7, -3.971e-7, 7.866e-8, -4.507e-7, -3.592e-7, 9.150e-8, -4.820e-7, -4.009e-7, 8.119e-8, -5.029e-7, -4.064e-7, 9.655e-8, -4.970e-7, -4.127e-7, 8.438e-8
0.004, -4.292e-7, -3.431e-7, 8.611e-8, -4.418e-7, -3.601e-7, 8.167e-8, -4.629e-7, -3.763e-7, 8.666e-8, -4.748e-7, -3.977e-7, 7.712e-8, -4.501e-7, -3.599e-7, 9.017e-8, -4.814e-7, -4.018e-7, 7.957e-8, -5.029e-7, -4.074e-7, 9.556e-8, -4.962e-7, -4.137e-7, 8.255e-8
-0.000, -4.288e-7, -3.439e-7, 8.486e-8, -4.418e-7, -3.611e-7, 8.077e-8, -4.634e-7, -3.774e-7, 8.604e-8, -4.754e-7, -3.993e-7, 7.614e-8, -4.504e-7, -3.615e-7, 8.888e-8, -4.810e-7, -4.034e-7, 7.765e-8, -5.058e-7, -4.120e-7, 9.372e-8, -4.972e-7, -4.158e-7, 8.138e-8
