0.896	-1.817e-6	1.558e-6	3.375e-6	-2.557e-6	2.310e-6	4.867e-6	-2.164e-6	1.622e-6	3.786e-6	-2.963e-6	2.628e-6	5.592e-6	-1.824e-6	1.632e-6	3.457e-6	-2.528e-6	2.439e-6	4.967e-6	-1.869e-6	1.650e-6	3.520e-6	-2.585e-6	2.464e-6	5.048e-6
0.892	-1.604e-6	1.078e-6	2.682e-6	-2.237e-6	1.515e-6	3.752e-6	-1.931e-6	1.072e-6	3.003e-6	-2.636e-6	1.681e-6	4.318e-6	-1.609e-6	1.136e-6	2.745e-6	-2.208e-6	1.616e-6	3.824e-6	-1.649e-6	1.137e-6	2.786e-6	-2.257e-6	1.613e-6	3.870e-6
0.888	-1.396e-6	8.484e-7	2.245e-6	-1.935e-6	1.147e-6	3.082e-6	-1.689e-6	8.204e-7	2.510e-6	-2.295e-6	1.252e-6	3.548e-6	-1.401e-6	8.972e-7	2.298e-6	-1.909e-6	1.230e-6	3.139e-6	-1.435e-6	8.920e-7	2.327e-6	-1.950e-6	1.219e-6	3.169e-6
0.884	-1.241e-6	6.931e-7	1.934e-6	-1.706e-6	9.111e-7	2.617e-6	-1.505e-6	6.519e-7	2.157e-6	-2.035e-6	9.784e-7	3.014e-6	-1.244e-6	7.362e-7	1.980e-6	-1.683e-6	9.825e-7	2.666e-6	-1.273e-6	7.274e-7	2.001e-6	-1.718e-6	9.674e-7	2.686e-6
0.880	-1.119e-6	5.793e-7	1.698e-6	-1.528e-6	7.431e-7	2.271e-6	-1.360e-6	5.290e-7	1.889e-6	-1.831e-6	7.843e-7	2.616e-6	-1.121e-6	6.189e-7	1.740e-6	-1.507e-6	8.071e-7	2.315e-6	-1.148e-6	6.073e-7	1.755e-6	-1.538e-6	7.901e-7	2.328e-6
0.876	-1.019e-6	4.921e-7	1.511e-6	-1.386e-6	6.169e-7	2.003e-6	-1.243e-6	4.345e-7	1.677e-6	-1.667e-6	6.383e-7	2.305e-6	-1.022e-6	5.271e-7	1.550e-6	-1.368e-6	6.744e-7	2.042e-6	-1.046e-6	5.152e-7	1.561e-6	-1.395e-6	6.566e-7	2.052e-6
0.872	-9.370e-7	4.227e-7	1.360e-6	-1.269e-6	5.186e-7	1.788e-6	-1.145e-6	3.598e-7	1.505e-6	-1.531e-6	5.253e-7	2.057e-6	-9.402e-7	4.549e-7	1.395e-6	-1.254e-6	5.714e-7	1.825e-6	-9.622e-7	4.417e-7	1.404e-6	-1.278e-6	5.528e-7	1.831e-6
0.868	-8.694e-7	3.653e-7	1.235e-6	-1.171e-6	4.396e-7	1.611e-6	-1.063e-6	2.987e-7	1.362e-6	-1.419e-6	4.336e-7	1.853e-6	-8.714e-7	3.959e-7	1.267e-6	-1.158e-6	4.885e-7	1.647e-6	-8.922e-7	3.819e-7	1.274e-6	-1.180e-6	4.692e-7	1.649e-6
0.864	-8.109e-7	3.186e-7	1.129e-6	-1.089e-6	3.749e-7	1.464e-6	-9.941e-7	2.480e-7	1.242e-6	-1.322e-6	3.586e-7	1.680e-6	-8.139e-7	3.464e-7	1.160e-6	-1.077e-6	4.200e-7	1.497e-6	-8.331e-7	3.319e-7	1.165e-6	-1.098e-6	4.009e-7	1.499e-6
0.860	-7.618e-7	2.775e-7	1.039e-6	-1.019e-6	3.199e-7	1.339e-6	-9.344e-7	2.055e-7	1.140e-6	-1.240e-6	2.953e-7	1.535e-6	-7.650e-7	3.040e-7	1.069e-6	-1.008e-6	3.629e-7	1.371e-6	-7.822e-7	2.894e-7	1.072e-6	-1.028e-6	3.432e-7	1.371e-6
0.856	-7.203e-7	2.424e-7	9.626e-7	-9.588e-7	2.732e-7	1.232e-6	-8.825e-7	1.684e-7	1.051e-6	-1.168e-6	2.424e-7	1.410e-6	-7.228e-7	2.675e-7	9.903e-7	-9.487e-7	3.141e-7	1.263e-6	-7.398e-7	2.527e-7	9.925e-7	-9.678e-7	2.940e-7	1.262e-6
0.852	-6.832e-7	2.125e-7	8.957e-7	-9.067e-7	2.335e-7	1.140e-6	-8.382e-7	1.362e-7	9.744e-7	-1.106e-6	1.961e-7	1.302e-6	-6.859e-7	2.363e-7	9.222e-7	-8.970e-7	2.718e-7	1.169e-6	-7.023e-7	2.209e-7	9.232e-7	-9.149e-7	2.521e-7	1.167e-6
0.848	-6.501e-7	1.864e-7	8.366e-7	-8.598e-7	1.989e-7	1.059e-6	-7.984e-7	1.087e-7	9.071e-7	-1.052e-6	1.563e-7	1.208e-6	-6.543e-7	2.086e-7	8.628e-7	-8.525e-7	2.350e-7	1.088e-6	-6.701e-7	1.928e-7	8.629e-7	-8.675e-7	2.162e-7	1.084e-6
0.844	-6.233e-7	1.625e-7	7.858e-7	-8.203e-7	1.674e-7	9.877e-7	-7.652e-7	8.317e-8	8.484e-7	-1.005e-6	1.204e-7	1.125e-6	-6.269e-7	1.836e-7	8.105e-7	-8.139e-7	2.030e-7	1.017e-6	-6.421e-7	1.679e-7	8.100e-7	-8.290e-7	1.832e-7	1.012e-6
0.840	-5.982e-7	1.414e-7	7.396e-7	-7.851e-7	1.406e-7	9.257e-7	-7.340e-7	6.189e-8	7.959e-7	-9.619e-7	9.054e-8	1.052e-6	-6.025e-7	1.617e-7	7.643e-7	-7.795e-7	1.743e-7	9.538e-7	-6.168e-7	1.460e-7	7.628e-7	-7.943e-7	1.547e-7	9.490e-7
0.836	-5.760e-7	1.230e-7	6.990e-7	-7.538e-7	1.163e-7	8.701e-7	-7.074e-7	4.248e-8	7.499e-7	-9.243e-7	6.348e-8	9.878e-7	-5.808e-7	1.422e-7	7.229e-7	-7.491e-7	1.492e-7	8.983e-7	-5.944e-7	1.261e-7	7.205e-7	-7.638e-7	1.291e-7	8.929e-7
0.832	-5.566e-7	1.064e-7	6.629e-7	-7.260e-7	9.494e-8	8.209e-7	-6.835e-7	2.505e-8	7.086e-7	-8.913e-7	3.864e-8	9.300e-7	-5.623e-7	1.242e-7	6.864e-7	-7.226e-7	1.262e-7	8.487e-7	-5.758e-7	1.080e-7	6.839e-7	-7.366e-7	1.064e-7	8.429e-7
0.828	-5.404e-7	9.030e-8	6.307e-7	-7.022e-7	7.460e-8	7.768e-7	-6.628e-7	8.843e-9	6.717e-7	-8.622e-7	1.628e-8	8.785e-7	-5.453e-7	1.082e-7	6.535e-7	-6.988e-7	1.054e-7	8.042e-7	-5.594e-7	9.120e-8	6.506e-7	-7.129e-7	8.537e-8	7.983e-7
0.824	-5.253e-7	7.634e-8	6.016e-7	-6.799e-7	5.728e-8	7.372e-7	-6.445e-7	-5.771e-9	6.388e-7	-8.360e-7	-3.684e-9	8.323e-7	-5.308e-7	9.312e-8	6.239e-7	-6.780e-7	8.647e-8	7.645e-7	-5.440e-7	7.646e-8	6.205e-7	-6.913e-7	6.665e-8	7.580e-7
0.820	-5.124e-7	6.322e-8	5.756e-7	-6.617e-7	4.065e-8	7.023e-7	-6.285e-7	-1.935e-8	6.092e-7	-8.133e-7	-2.231e-8	7.910e-7	-5.186e-7	7.931e-8	5.979e-7	-6.601e-7	6.878e-8	7.289e-7	-5.316e-7	6.218e-8	5.938e-7	-6.732e-7	4.921e-8	7.224e-7
0.816	-5.011e-7	5.124e-8	5.523e-7	-6.449e-7	2.534e-8	6.702e-7	-6.139e-7	-3.158e-8	5.823e-7	-7.925e-7	-3.924e-8	7.532e-7	-5.079e-7	6.603e-8	5.739e-7	-6.434e-7	5.315e-8	6.966e-7	-5.209e-7	4.942e-8	5.704e-7	-6.570e-7	3.316e-8	6.902e-7
0.812	-4.907e-7	4.014e-8	5.308e-7	-6.297e-7	1.178e-8	6.415e-7	-6.009e-7	-4.293e-8	5.580e-7	-7.737e-7	-5.459e-8	7.191e-7	-4.976e-7	5.472e-8	5.524e-7	-6.296e-7	3.824e-8	6.679e-7	-5.107e-7	3.735e-8	5.481e-7	-6.434e-7	1.799e-8	6.614e-7
0.808	-4.822e-7	2.918e-8	5.114e-7	-6.164e-7	-1.017e-9	6.154e-7	-5.904e-7	-5.419e-8	5.362e-7	-7.577e-7	-6.945e-8	6.883e-7	-4.901e-7	4.291e-8	5.330e-7	-6.174e-7	2.411e-8	6.415e-7	-5.023e-7	2.555e-8	5.278e-7	-6.307e-7	3.973e-9	6.346e-7
0.804	-4.748e-7	1.895e-8	4.938e-7	-6.048e-7	-1.334e-8	5.915e-7	-5.802e-7	-6.452e-8	5.156e-7	-7.434e-7	-8.302e-8	6.603e-7	-4.820e-7	3.242e-8	5.145e-7	-6.060e-7	1.128e-8	6.173e-7	-4.952e-7	1.476e-8	5.099e-7	-6.188e-7	-8.840e-9	6.099e-7
0.800	-4.681e-7	9.443e-9	4.776e-7	-5.952e-7	-2.524e-8	5.699e-7	-5.712e-7	-7.388e-8	4.973e-7	-7.308e-7	-9.612e-8	6.347e-7	-4.763e-7	2.201e-8	4.983e-7	-5.973e-7	-1.091e-9	5.962e-7	-4.884e-7	4.917e-9	4.933e-7	-6.097e-7	-2.123e-8	5.884e-7
0.796	-4.625e-7	6.943e-10	4.631e-7	-5.857e-7	-3.568e-8	5.500e-7	-5.641e-7	-8.311e-8	4.810e-7	-7.197e-7	-1.086e-7	6.112e-7	-4.702e-7	1.282e-8	4.830e-7	-5.882e-7	-1.237e-8	5.759e-7	-4.834e-7	-4.983e-9	4.784e-7	-6.021e-7	-3.347e-8	5.686e-7
0.792	-4.581e-7	-8.212e-9	4.498e-7	-5.783e-7	-4.653e-8	5.318e-7	-5.573e-7	-9.185e-8	4.654e-7	-7.099e-7	-1.199e-7	5.900e-7	-4.666e-7	3.441e-9	4.700e-7	-5.826e-7	-2.408e-8	5.585e-7	-4.795e-7	-1.481e-8	4.647e-7	-5.954e-7	-4.451e-8	5.509e-7
0.788	-4.539e-7	-1.644e-8	4.374e-7	-5.717e-7	-5.619e-8	5.155e-7	-5.520e-7	-1.006e-7	4.514e-7	-7.016e-7	-1.312e-7	5.704e-7	-4.623e-7	-5.426e-9	4.569e-7	-5.763e-7	-3.475e-8	5.416e-7	-4.754e-7	-2.367e-8	4.517e-7	-5.897e-7	-5.558e-8	5.341e-7
0.784	-4.501e-7	-2.431e-8	4.258e-7	-5.660e-7	-6.574e-8	5.002e-7	-5.471e-7	-1.084e-7	4.387e-7	-6.946e-7	-1.418e-7	5.528e-7	-4.591e-7	-1.396e-8	4.451e-7	-5.717e-7	-4.532e-8	5.264e-7	-4.722e-7	-3.241e-8	4.398e-7	-5.838e-7	-6.554e-8	5.183e-7
0.780	-4.468e-7	-3.220e-8	4.146e-7	-5.613e-7	-7.507e-8	4.862e-7	-5.429e-7	-1.167e-7	4.262e-7	-6.887e-7	-1.523e-7	5.364e-7	-4.569e-7	-2.225e-8	4.346e-7	-5.671e-7	-5.522e-8	5.118e-7	-4.702e-7	-4.099e-8	4.292e-7	-5.803e-7	-7.587e-8	5.045e-7
0.776	-4.450e-7	-3.955e-8	4.054e-7	-5.573e-7	-8.356e-8	4.738e-7	-5.400e-7	-1.241e-7	4.159e-7	-6.832e-7	-1.615e-7	5.217e-7	-4.552e-7	-3.000e-8	4.252e-7	-5.636e-7	-6.414e-8	4.995e-7	-4.681e-7	-4.853e-8	4.195e-7	-5.774e-7	-8.545e-8	4.919e-7
0.772	-4.433e-7	-4.673e-8	3.966e-7	-5.542e-7	-9.198e-8	4.622e-7	-5.376e-7	-1.313e-7	4.063e-7	-6.789e-7	-1.713e-7	5.076e-7	-4.538e-7	-3.776e-8	4.160e-7	-5.609e-7	-7.388e-8	4.871e-7	-4.665e-7	-5.626e-8	4.103e-7	-5.743e-7	-9.425e-8	4.800e-7
0.768	-4.417e-7	-5.362e-8	3.880e-7	-5.510e-7	-1.002e-7	4.508e-7	-5.352e-7	-1.385e-7	3.967e-7	-6.755e-7	-1.808e-7	4.947e-7	-4.526e-7	-4.536e-8	4.072e-7	-5.597e-7	-8.330e-8	4.764e-7	-4.653e-7	-6.378e-8	4.015e-7	-5.725e-7	-1.037e-7	4.688e-7
0.764	-4.412e-7	-6.076e-8	3.804e-7	-5.493e-7	-1.087e-7	4.406e-7	-5.339e-7	-1.458e-7	3.881e-7	-6.725e-7	-1.897e-7	4.828e-7	-4.521e-7	-5.264e-8	3.994e-7	-5.585e-7	-9.203e-8	4.665e-7	-4.650e-7	-7.159e-8	3.934e-7	-5.711e-7	-1.129e-7	4.582e-7
0.760	-4.410e-7	-6.796e-8	3.730e-7	-5.482e-7	-1.167e-7	4.315e-7	-5.324e-7	-1.524e-7	3.800e-7	-6.708e-7	-1.990e-7	4.718e-7	-4.520e-7	-5.972e-8	3.923e-7	-5.573e-7	-1.001e-7	4.572e-7	-4.656e-7	-7.929e-8	3.863e-7	-5.690e-7	-1.205e-7	4.486e-7
0.756	-4.402e-7	-7.372e-8	3.664e-7	-5.467e-7	-1.243e-7	4.224e-7	-5.320e-7	-1.590e-7	3.730e-7	-6.678e-7	-2.069e-7	4.609e-7	-4.511e-7	-6.637e-8	3.848e-7	-5.567e-7	-1.086e-7	4.481e-7	-4.649e-7	-8.572e-8	3.792e-7	-5.697e-7	-1.297e-7	4.400e-7
0.752	-4.400e-7	-8.025e-8	3.598e-7	-5.465e-7	-1.323e-7	4.142e-7	-5.312e-7	-1.657e-7	3.655e-7	-6.662e-7	-2.158e-7	4.504e-7	-4.523e-7	-7.376e-8	3.786e-7	-5.563e-7	-1.170e-7	4.393e-7	-4.650e-7	-9.272e-8	3.723e-7	-5.695e-7	-1.376e-7	4.320e-7
0.748	-4.405e-7	-8.670e-8	3.538e-7	-5.467e-7	-1.399e-7	4.069e-7	-5.319e-7	-1.725e-7	3.594e-7	-6.662e-7	-2.246e-7	4.416e-7	-4.529e-7	-8.011e-8	3.728e-7	-5.575e-7	-1.249e-7	4.326e-7	-4.665e-7	-9.984e-8	3.666e-7	-5.700e-7	-1.455e-7	4.245e-7
0.744	-4.405e-7	-9.276e-8	3.477e-7	-5.461e-7	-1.469e-7	3.992e-7	-5.311e-7	-1.782e-7	3.528e-7	-6.651e-7	-2.320e-7	4.331e-7	-4.531e-7	-8.658e-8	3.665e-7	-5.572e-7	-1.327e-7	4.245e-7	-4.663e-7	-1.061e-7	3.602e-7	-5.704e-7	-1.539e-7	4.165e-7
0.740	-4.407e-7	-9.854e-8	3.421e-7	-5.470e-7	-1.541e-7	3.929e-7	-5.317e-7	-1.846e-7	3.472e-7	-6.647e-7	-2.401e-7	4.246e-7	-4.538e-7	-9.254e-8	3.613e-7	-5.579e-7	-1.401e-7	4.177e-7	-4.676e-7	-1.125e-7	3.550e-7	-5.711e-7	-1.612e-7	4.100e-7
0.736	-4.420e-7	-1.046e-7	3.374e-7	-5.481e-7	-1.616e-7	3.866e-7	-5.323e-7	-1.906e-7	3.417e-7	-6.651e-7	-2.479e-7	4.172e-7	-4.553e-7	-9.920e-8	3.561e-7	-5.594e-7	-1.479e-7	4.115e-7	-4.693e-7	-1.194e-7	3.499e-7	-5.729e-7	-1.690e-7	4.039e-7
0.732	-4.435e-7	-1.106e-7	3.328e-7	-5.496e-7	-1.687e-7	3.810e-7	-5.333e-7	-1.965e-7	3.368e-7	-6.656e-7	-2.556e-7	4.100e-7	-4.574e-7	-1.056e-7	3.518e-7	-5.610e-7	-1.552e-7	4.058e-7	-4.710e-7	-1.257e-7	3.453e-7	-5.747e-7	-1.767e-7	3.980e-7
0.728	-4.442e-7	-1.160e-7	3.282e-7	-5.501e-7	-1.751e-7	3.750e-7	-5.341e-7	-2.018e-7	3.323e-7	-6.654e-7	-2.625e-7	4.028e-7	-4.582e-7	-1.113e-7	3.468e-7	-5.621e-7	-1.625e-7	3.996e-7	-4.717e-7	-1.313e-7	3.404e-7	-5.758e-7	-1.834e-7	3.924e-7
0.724	-4.449e-7	-1.213e-7	3.235e-7	-5.518e-7	-1.818e-7	3.700e-7	-5.344e-7	-2.074e-7	3.270e-7	-6.658e-7	-2.692e-7	3.967e-7	-4.596e-7	-1.172e-7	3.423e-7	-5.644e-7	-1.699e-7	3.945e-7	-4.737e-7	-1.372e-7	3.365e-7	-5.776e-7	-1.910e-7	3.867e-7
0.720	-4.462e-7	-1.268e-7	3.194e-7	-5.532e-7	-1.886e-7	3.646e-7	-5.361e-7	-2.131e-7	3.230e-7	-6.657e-7	-2.757e-7	3.900e-7	-4.613e-7	-1.231e-7	3.382e-7	-5.663e-7	-1.768e-7	3.895e-7	-4.753e-7	-1.432e-7	3.321e-7	-5.803e-7	-1.986e-7	3.817e-7
0.716	-4.482e-7	-1.322e-7	3.161e-7	-5.544e-7	-1.944e-7	3.599e-7	-5.369e-7	-2.180e-7	3.189e-7	-6.667e-7	-2.822e-7	3.845e-7	-4.622e-7	-1.280e-7	3.342e-7	-5.687e-7	-1.837e-7	3.849e-7	-4.775e-7	-1.486e-7	3.290e-7	-5.821e-7	-2.050e-7	3.771e-7
0.712	-4.488e-7	-1.372e-7	3.116e-7	-5.567e-7	-2.011e-7	3.556e-7	-5.380e-7	-2.230e-7	3.150e-7	-6.670e-7	-2.883e-7	3.787e-7	-4.645e-7	-1.337e-7	3.307e-7	-5.701e-7	-1.900e-7	3.801e-7	-4.788e-7	-1.543e-7	3.245e-7	-5.846e-7	-2.117e-7	3.729e-7
0.708	-4.509e-7	-1.424e-7	3.085e-7	-5.579e-7	-2.067e-7	3.512e-7	-5.399e-7	-2.282e-7	3.117e-7	-6.679e-7	-2.942e-7	3.737e-7	-4.657e-7	-1.387e-7	3.270e-7	-5.732e-7	-1.971e-7	3.761e-7	-4.804e-7	-1.593e-7	3.212e-7	-5.877e-7	-2.185e-7	3.692e-7
0.704	-4.521e-7	-1.470e-7	3.051e-7	-5.600e-7	-2.131e-7	3.469e-7	-5.407e-7	-2.328e-7	3.079e-7	-6.689e-7	-3.006e-7	3.683e-7	-4.678e-7	-1.441e-7	3.237e-7	-5.750e-7	-2.033e-7	3.718e-7	-4.823e-7	-1.651e-7	3.172e-7	-5.896e-7	-2.248e-7	3.648e-7
0.700	-4.534e-7	-1.515e-7	3.018e-7	-5.618e-7	-2.183e-7	3.435e-7	-5.429e-7	-2.379e-7	3.050e-7	-6.696e-7	-3.057e-7	3.639e-7	-4.703e-7	-1.495e-7	3.208e-7	-5.778e-7	-2.097e-7	3.681e-7	-4.845e-7	-1.702e-7	3.143e-7	-5.925e-7	-2.316e-7	3.608e-7
0.696	-4.547e-7	-1.559e-7	2.988e-7	-5.638e-7	-2.242e-7	3.396e-7	-5.443e-7	-2.422e-7	3.020e-7	-6.709e-7	-3.116e-7	3.593e-7	-4.715e-7	-1.540e-7	3.176e-7	-5.800e-7	-2.155e-7	3.645e-7	-4.861e-7	-1.745e-7	3.116e-7	-5.950e-7	-2.376e-7	3.574e-7
0.692	-4.564e-7	-1.606e-7	2.958e-7	-5.657e-7	-2.299e-7	3.358e-7	-5.462e-7	-2.470e-7	2.992e-7	-6.717e-7	-3.173e-7	3.543e-7	-4.735e-7	-1.589e-7	3.146e-7	-5.818e-7	-2.215e-7	3.603e-7	-4.884e-7	-1.795e-7	3.089e-7	-5.981e-7	-2.440e-7	3.540e-7
0.688	-4.577e-7	-1.646e-7	2.930e-7	-5.663e-7	-2.339e-7	3.324e-7	-5.465e-7	-2.503e-7	2.963e-7	-6.723e-7	-3.222e-7	3.501e-7	-4.745e-7	-1.631e-7	3.115e-7	-5.842e-7	-2.269e-7	3.573e-7	-4.893e-7	-1.835e-7	3.058e-7	-5.995e-7	-2.491e-7	3.504e-7
0.684	-4.594e-7	-1.688e-7	2.906e-7	-5.693e-7	-2.398e-7	3.295e-7	-5.488e-7	-2.549e-7	2.939e-7	-6.739e-7	-3.273e-7	3.466e-7	-4.764e-7	-1.676e-7	3.088e-7	-5.869e-7	-2.327e-7	3.542e-7	-4.924e-7	-1.891e-7	3.034e-7	-6.031e-7	-2.554e-7	3.477e-7
0.680	-4.618e-7	-1.735e-7	2.883e-7	-5.712e-7	-2.448e-7	3.264e-7	-5.503e-7	-2.590e-7	2.913e-7	-6.751e-7	-3.321e-7	3.430e-7	-4.781e-7	-1.717e-7	3.064e-7	-5.893e-7	-2.383e-7	3.510e-7	-4.946e-7	-1.936e-7	3.010e-7	-6.058e-7	-2.612e-7	3.445e-7
0.676	-4.627e-7	-1.771e-7	2.856e-7	-5.727e-7	-2.491e-7	3.236e-7	-5.514e-7	-2.622e-7	2.892e-7	-6.763e-7	-3.368e-7	3.395e-7	-4.800e-7	-1.757e-7	3.043e-7	-5.922e-7	-2.434e-7	3.488e-7	-4.963e-7	-1.976e-7	2.987e-7	-6.087e-7	-2.663e-7	3.425e-7
0.672	-4.642e-7	-1.807e-7	2.835e-7	-5.750e-7	-2.536e-7	3.214e-7	-5.536e-7	-2.662e-7	2.874e-7	-6.785e-7	-3.415e-7	3.371e-7	-4.820e-7	-1.799e-7	3.021e-7	-5.942e-7	-2.485e-7	3.458e-7	-4.980e-7	-2.014e-7	2.966e-7	-6.111e-7	-2.718e-7	3.393e-7
0.668	-4.655e-7	-1.841e-7	2.814e-7	-5.766e-7	-2.582e-7	3.183e-7	-5.541e-7	-2.694e-7	2.848e-7	-6.791e-7	-3.456e-7	3.335e-7	-4.843e-7	-1.839e-7	3.004e-7	-5.972e-7	-2.535e-7	3.437e-7	-5.006e-7	-2.058e-7	2.948e-7	-6.144e-7	-2.770e-7	3.374e-7
0.664	-4.687e-7	-1.886e-7	2.801e-7	-5.789e-7	-2.627e-7	3.162e-7	-5.574e-7	-2.735e-7	2.839e-7	-6.816e-7	-3.504e-7	3.312e-7	-4.862e-7	-1.876e-7	2.986e-7	-6.001e-7	-2.588e-7	3.414e-7	-5.026e-7	-2.100e-7	2.927e-7	-6.173e-7	-2.824e-7	3.349e-7
0.660	-4.701e-7	-1.919e-7	2.783e-7	-5.813e-7	-2.668e-7	3.145e-7	-5.585e-7	-2.765e-7	2.820e-7	-6.827e-7	-3.543e-7	3.284e-7	-4.884e-7	-1.917e-7	2.967e-7	-6.026e-7	-2.635e-7	3.391e-7	-5.043e-7	-2.134e-7	2.909e-7	-6.198e-7	-2.870e-7	3.328e-7
0.656	-4.720e-7	-1.957e-7	2.763e-7	-5.830e-7	-2.707e-7	3.123e-7	-5.598e-7	-2.796e-7	2.802e-7	-6.839e-7	-3.580e-7	3.260e-7	-4.900e-7	-1.953e-7	2.947e-7	-6.046e-7	-2.679e-7	3.366e-7	-5.070e-7	-2.175e-7	2.894e-7	-6.232e-7	-2.920e-7	3.312e-7
0.652	-4.742e-7	-1.992e-7	2.749e-7	-5.854e-7	-2.749e-7	3.105e-7	-5.623e-7	-2.833e-7	2.790e-7	-6.859e-7	-3.625e-7	3.234e-7	-4.925e-7	-1.993e-7	2.932e-7	-6.075e-7	-2.727e-7	3.348e-7	-5.095e-7	-2.218e-7	2.877e-7	-6.258e-7	-2.966e-7	3.292e-7
0.648	-4.755e-7	-2.020e-7	2.735e-7	-5.876e-7	-2.789e-7	3.087e-7	-5.634e-7	-2.858e-7	2.775e-7	-6.873e-7	-3.659e-7	3.214e-7	-4.951e-7	-2.029e-7	2.922e-7	-6.103e-7	-2.774e-7	3.329e-7	-5.121e-7	-2.252e-7	2.869e-7	-6.294e-7	-3.016e-7	3.278e-7
0.644	-4.780e-7	-2.054e-7	2.726e-7	-5.900e-7	-2.829e-7	3.071e-7	-5.654e-7	-2.890e-7	2.764e-7	-6.890e-7	-3.699e-7	3.191e-7	-4.961e-7	-2.058e-7	2.903e-7	-6.122e-7	-2.814e-7	3.308e-7	-5.146e-7	-2.289e-7	2.856e-7	-6.320e-7	-3.056e-7	3.263e-7
0.640	-4.803e-7	-2.090e-7	2.713e-7	-5.929e-7	-2.869e-7	3.060e-7	-5.681e-7	-2.922e-7	2.760e-7	-6.908e-7	-3.732e-7	3.177e-7	-4.992e-7	-2.098e-7	2.894e-7	-6.159e-7	-2.859e-7	3.299e-7	-5.174e-7	-2.326e-7	2.849e-7	-6.354e-7	-3.104e-7	3.249e-7
0.636	-4.820e-7	-2.119e-7	2.701e-7	-5.950e-7	-2.905e-7	3.045e-7	-5.697e-7	-2.952e-7	2.746e-7	-6.932e-7	-3.769e-7	3.162e-7	-5.015e-7	-2.137e-7	2.878e-7	-6.180e-7	-2.902e-7	3.278e-7	-5.199e-7	-2.364e-7	2.836e-7	-6.382e-7	-3.148e-7	3.234e-7
0.632	-4.844e-7	-2.155e-7	2.689e-7	-5.978e-7	-2.948e-7	3.030e-7	-5.720e-7	-2.986e-7	2.734e-7	-6.947e-7	-3.802e-7	3.145e-7	-5.042e-7	-2.174e-7	2.868e-7	-6.217e-7	-2.946e-7	3.271e-7	-5.222e-7	-2.399e-7	2.823e-7	-6.417e-7	-3.193e-7	3.224e-7
0.628	-4.873e-7	-2.190e-7	2.683e-7	-6.004e-7	-2.982e-7	3.023e-7	-5.740e-7	-3.012e-7	2.727e-7	-6.961e-7	-3.836e-7	3.125e-7	-5.063e-7	-2.207e-7	2.856e-7	-6.240e-7	-2.985e-7	3.255e-7	-5.243e-7	-2.433e-7	2.811e-7	-6.448e-7	-3.234e-7	3.214e-7
0.624	-4.894e-7	-2.220e-7	2.675e-7	-6.025e-7	-3.016e-7	3.009e-7	-5.759e-7	-3.037e-7	2.722e-7	-6.989e-7	-3.872e-7	3.118e-7	-5.089e-7	-2.241e-7	2.848e-7	-6.266e-7	-3.026e-7	3.240e-7	-5.278e-7	-2.473e-7	2.805e-7	-6.479e-7	-3.275e-7	3.204e-7
0.620	-4.922e-7	-2.258e-7	2.664e-7	-6.065e-7	-3.058e-7	3.006e-7	-5.786e-7	-3.074e-7	2.712e-7	-7.010e-7	-3.903e-7	3.107e-7	-5.119e-7	-2.283e-7	2.836e-7	-6.293e-7	-3.065e-7	3.228e-7	-5.303e-7	-2.508e-7	2.795e-7	-6.506e-7	-3.316e-7	3.190e-7
0.616	-4.947e-7	-2.293e-7	2.655e-7	-6.083e-7	-3.091e-7	2.992e-7	-5.809e-7	-3.102e-7	2.707e-7	-7.035e-7	-3.940e-7	3.095e-7	-5.145e-7	-2.317e-7	2.827e-7	-6.329e-7	-3.108e-7	3.222e-7	-5.333e-7	-2.543e-7	2.790e-7	-6.546e-7	-3.362e-7	3.184e-7
0.612	-4.976e-7	-2.326e-7	2.650e-7	-6.118e-7	-3.134e-7	2.984e-7	-5.831e-7	-3.134e-7	2.697e-7	-7.057e-7	-3.970e-7	3.087e-7	-5.176e-7	-2.357e-7	2.819e-7	-6.354e-7	-3.146e-7	3.208e-7	-5.363e-7	-2.583e-7	2.780e-7	-6.576e-7	-3.402e-7	3.174e-7
0.608	-5.005e-7	-2.362e-7	2.643e-7	-6.147e-7	-3.168e-7	2.979e-7	-5.857e-7	-3.164e-7	2.693e-7	-7.078e-7	-4.003e-7	3.075e-7	-5.190e-7	-2.385e-7	2.805e-7	-6.384e-7	-3.185e-7	3.199e-7	-5.391e-7	-2.616e-7	2.776e-7	-6.607e-7	-3.441e-7	3.166e-7
0.604	-5.032e-7	-2.398e-7	2.634e-7	-6.172e-7	-3.205e-7	2.968e-7	-5.878e-7	-3.194e-7	2.683e-7	-7.098e-7	-4.037e-7	3.061e-7	-5.221e-7	-2.427e-7	2.795e-7	-6.410e-7	-3.228e-7	3.182e-7	-5.421e-7	-2.659e-7	2.763e-7	-6.647e-7	-3.489e-7	3.158e-7
0.600	-5.061e-7	-2.435e-7	2.625e-7	-6.209e-7	-3.244e-7	2.965e-7	-5.900e-7	-3.225e-7	2.675e-7	-7.119e-7	-4.064e-7	3.055e-7	-5.247e-7	-2.462e-7	2.786e-7	-6.443e-7	-3.270e-7	3.172e-7	-5.453e-7	-2.694e-7	2.759e-7	-6.677e-7	-3.525e-7	3.152e-7
0.596	-5.087e-7	-2.467e-7	2.619e-7	-6.236e-7	-3.278e-7	2.958e-7	-5.924e-7	-3.254e-7	2.669e-7	-7.132e-7	-4.092e-7	3.039e-7	-5.274e-7	-2.498e-7	2.776e-7	-6.467e-7	-3.302e-7	3.165e-7	-5.474e-7	-2.727e-7	2.747e-7	-6.711e-7	-3.569e-7	3.142e-7
0.592	-5.109e-7	-2.501e-7	2.608e-7	-6.264e-7	-3.318e-7	2.946e-7	-5.936e-7	-3.280e-7	2.655e-7	-7.158e-7	-4.128e-7	3.030e-7	-5.291e-7	-2.534e-7	2.757e-7	-6.493e-7	-3.343e-7	3.150e-7	-5.495e-7	-2.762e-7	2.733e-7	-6.738e-7	-3.604e-7	3.134e-7
0.588	-5.133e-7	-2.536e-7	2.597e-7	-6.304e-7	-3.359e-7	2.944e-7	-5.960e-7	-3.314e-7	2.645e-7	-7.178e-7	-4.159e-7	3.020e-7	-5.320e-7	-2.572e-7	2.748e-7	-6.526e-7	-3.384e-7	3.142e-7	-5.516e-7	-2.798e-7	2.718e-7	-6.774e-7	-3.649e-7	3.125e-7
0.584	-5.161e-7	-2.574e-7	2.587e-7	-6.324e-7	-3.394e-7	2.930e-7	-5.981e-7	-3.347e-7	2.634e-7	-7.196e-7	-4.188e-7	3.009e-7	-5.335e-7	-2.608e-7	2.727e-7	-6.551e-7	-3.421e-7	3.130e-7	-5.539e-7	-2.835e-7	2.704e-7	-6.805e-7	-3.690e-7	3.115e-7
0.580	-5.173e-7	-2.605e-7	2.568e-7	-6.347e-7	-3.424e-7	2.923e-7	-5.992e-7	-3.373e-7	2.619e-7	-7.210e-7	-4.214e-7	2.996e-7	-5.349e-7	-2.636e-7	2.713e-7	-6.570e-7	-3.457e-7	3.113e-7	-5.555e-7	-2.863e-7	2.692e-7	-6.829e-7	-3.727e-7	3.102e-7
0.576	-5.198e-7	-2.642e-7	2.556e-7	-6.378e-7	-3.462e-7	2.916e-7	-6.012e-7	-3.406e-7	2.606e-7	-7.222e-7	-4.243e-7	2.979e-7	-5.367e-7	-2.673e-7	2.694e-7	-6.591e-7	-3.491e-7	3.100e-7	-5.577e-7	-2.903e-7	2.674e-7	-6.861e-7	-3.766e-7	3.095e-7
0.572	-5.214e-7	-2.670e-7	2.544e-7	-6.402e-7	-3.498e-7	2.904e-7	-6.027e-7	-3.434e-7	2.594e-7	-7.241e-7	-4.271e-7	2.969e-7	-5.377e-7	-2.705e-7	2.673e-7	-6.607e-7	-3.527e-7	3.080e-7	-5.581e-7	-2.932e-7	2.649e-7	-6.882e-7	-3.803e-7	3.079e-7
0.568	-5.224e-7	-2.702e-7	2.521e-7	-6.423e-7	-3.528e-7	2.895e-7	-6.029e-7	-3.459e-7	2.570e-7	-7.253e-7	-4.300e-7	2.953e-7	-5.383e-7	-2.737e-7	2.646e-7	-6.622e-7	-3.560e-7	3.062e-7	-5.598e-7	-2.965e-7	2.633e-7	-6.901e-7	-3.836e-7	3.065e-7
0.564	-5.233e-7	-2.735e-7	2.498e-7	-6.445e-7	-3.566e-7	2.879e-7	-6.044e-7	-3.495e-7	2.549e-7	-7.262e-7	-4.329e-7	2.933e-7	-5.391e-7	-2.769e-7	2.621e-7	-6.633e-7	-3.595e-7	3.038e-7	-5.605e-7	-2.998e-7	2.606e-7	-6.918e-7	-3.871e-7	3.047e-7
0.560	-5.238e-7	-2.768e-7	2.470e-7	-6.462e-7	-3.598e-7	2.863e-7	-6.044e-7	-3.515e-7	2.528e-7	-7.267e-7	-4.351e-7	2.916e-7	-5.391e-7	-2.799e-7	2.592e-7	-6.645e-7	-3.626e-7	3.019e-7	-5.608e-7	-3.026e-7	2.582e-7	-6.928e-7	-3.899e-7	3.029e-7
0.556	-5.248e-7	-2.799e-7	2.449e-7	-6.465e-7	-3.625e-7	2.840e-7	-6.047e-7	-3.540e-7	2.507e-7	-7.264e-7	-4.370e-7	2.894e-7	-5.382e-7	-2.828e-7	2.554e-7	-6.645e-7	-3.653e-7	2.992e-7	-5.600e-7	-3.053e-7	2.547e-7	-6.921e-7	-3.927e-7	2.994e-7
0.552	-5.236e-7	-2.820e-7	2.416e-7	-6.478e-7	-3.656e-7	2.822e-7	-6.037e-7	-3.569e-7	2.468e-7	-7.255e-7	-4.392e-7	2.863e-7	-5.368e-7	-2.857e-7	2.512e-7	-6.645e-7	-3.681e-7	2.963e-7	-5.588e-7	-3.076e-7	2.512e-7	-6.931e-7	-3.958e-7	2.973e-7
0.548	-5.236e-7	-2.849e-7	2.388e-7	-6.456e-7	-3.668e-7	2.789e-7	-6.033e-7	-3.590e-7	2.443e-7	-7.253e-7	-4.413e-7	2.840e-7	-5.361e-7	-2.883e-7	2.478e-7	-6.637e-7	-3.703e-7	2.934e-7	-5.581e-7	-3.103e-7	2.478e-7	-6.926e-7	-3.980e-7	2.946e-7
0.544	-5.227e-7	-2.876e-7	2.351e-7	-6.465e-7	-3.695e-7	2.771e-7	-6.023e-7	-3.611e-7	2.412e-7	-7.240e-7	-4.429e-7	2.812e-7	-5.349e-7	-2.909e-7	2.440e-7	-6.627e-7	-3.729e-7	2.898e-7	-5.566e-7	-3.128e-7	2.438e-7	-6.920e-7	-4.003e-7	2.917e-7
0.540	-5.213e-7	-2.896e-7	2.317e-7	-6.451e-7	-3.715e-7	2.736e-7	-6.009e-7	-3.631e-7	2.378e-7	-7.220e-7	-4.441e-7	2.779e-7	-5.331e-7	-2.932e-7	2.399e-7	-6.612e-7	-3.748e-7	2.864e-7	-5.556e-7	-3.155e-7	2.401e-7	-6.904e-7	-4.025e-7	2.879e-7
0.536	-5.202e-7	-2.922e-7	2.279e-7	-6.447e-7	-3.740e-7	2.708e-7	-6.001e-7	-3.657e-7	2.344e-7	-7.210e-7	-4.457e-7	2.753e-7	-5.309e-7	-2.955e-7	2.354e-7	-6.599e-7	-3.772e-7	2.827e-7	-5.530e-7	-3.172e-7	2.358e-7	-6.888e-7	-4.043e-7	2.846e-7
0.532	-5.180e-7	-2.941e-7	2.238e-7	-6.422e-7	-3.753e-7	2.668e-7	-5.982e-7	-3.678e-7	2.305e-7	-7.188e-7	-4.472e-7	2.716e-7	-5.284e-7	-2.975e-7	2.309e-7	-6.577e-7	-3.787e-7	2.790e-7	-5.513e-7	-3.195e-7	2.318e-7	-6.873e-7	-4.063e-7	2.810e-7
0.528	-5.160e-7	-2.967e-7	2.194e-7	-6.403e-7	-3.772e-7	2.631e-7	-5.958e-7	-3.696e-7	2.262e-7	-7.164e-7	-4.489e-7	2.675e-7	-5.256e-7	-2.998e-7	2.258e-7	-6.551e-7	-3.813e-7	2.738e-7	-5.487e-7	-3.219e-7	2.268e-7	-6.837e-7	-4.075e-7	2.762e-7
0.524	-5.133e-7	-2.983e-7	2.151e-7	-6.384e-7	-3.790e-7	2.594e-7	-5.941e-7	-3.716e-7	2.225e-7	-7.137e-7	-4.497e-7	2.640e-7	-5.227e-7	-3.018e-7	2.210e-7	-6.527e-7	-3.826e-7	2.701e-7	-5.464e-7	-3.242e-7	2.222e-7	-6.814e-7	-4.092e-7	2.722e-7
0.520	-5.112e-7	-3.010e-7	2.102e-7	-6.354e-7	-3.800e-7	2.553e-7	-5.919e-7	-3.738e-7	2.181e-7	-7.112e-7	-4.517e-7	2.595e-7	-5.194e-7	-3.034e-7	2.161e-7	-6.496e-7	-3.844e-7	2.652e-7	-5.433e-7	-3.261e-7	2.171e-7	-6.772e-7	-4.101e-7	2.671e-7
0.516	-5.079e-7	-3.027e-7	2.052e-7	-6.319e-7	-3.813e-7	2.506e-7	-5.887e-7	-3.750e-7	2.137e-7	-7.076e-7	-4.520e-7	2.556e-7	-5.162e-7	-3.056e-7	2.106e-7	-6.459e-7	-3.858e-7	2.601e-7	-5.402e-7	-3.278e-7	2.123e-7	-6.744e-7	-4.115e-7	2.629e-7
0.512	-5.037e-7	-3.035e-7	2.003e-7	-6.284e-7	-3.822e-7	2.462e-7	-5.856e-7	-3.764e-7	2.092e-7	-7.040e-7	-4.528e-7	2.512e-7	-5.126e-7	-3.066e-7	2.060e-7	-6.416e-7	-3.867e-7	2.549e-7	-5.363e-7	-3.287e-7	2.076e-7	-6.698e-7	-4.120e-7	2.577e-7
0.508	-5.014e-7	-3.053e-7	1.961e-7	-6.255e-7	-3.831e-7	2.424e-7	-5.830e-7	-3.779e-7	2.051e-7	-7.008e-7	-4.531e-7	2.477e-7	-5.089e-7	-3.082e-7	2.007e-7	-6.383e-7	-3.878e-7	2.505e-7	-5.331e-7	-3.304e-7	2.027e-7	-6.662e-7	-4.127e-7	2.535e-7
0.504	-4.977e-7	-3.067e-7	1.910e-7	-6.215e-7	-3.845e-7	2.371e-7	-5.814e-7	-3.799e-7	2.015e-7	-6.977e-7	-4.545e-7	2.432e-7	-5.061e-7	-3.103e-7	1.958e-7	-6.353e-7	-3.894e-7	2.459e-7	-5.300e-7	-3.321e-7	1.979e-7	-6.623e-7	-4.135e-7	2.488e-7
0.500	-4.941e-7	-3.083e-7	1.858e-7	-6.177e-7	-3.850e-7	2.326e-7	-5.781e-7	-3.814e-7	1.967e-7	-6.938e-7	-4.551e-7	2.388e-7	-5.022e-7	-3.115e-7	1.907e-7	-6.307e-7	-3.902e-7	2.404e-7	-5.262e-7	-3.333e-7	1.929e-7	-6.572e-7	-4.143e-7	2.430e-7
0.496	-4.914e-7	-3.097e-7	1.817e-7	-6.136e-7	-3.859e-7	2.277e-7	-5.759e-7	-3.829e-7	1.930e-7	-6.905e-7	-4.556e-7	2.349e-7	-4.987e-7	-3.128e-7	1.859e-7	-6.275e-7	-3.914e-7	2.360e-7	-5.229e-7	-3.344e-7	1.886e-7	-6.533e-7	-4.147e-7	2.386e-7
0.492	-4.871e-7	-3.102e-7	1.770e-7	-6.101e-7	-3.869e-7	2.232e-7	-5.729e-7	-3.841e-7	1.888e-7	-6.864e-7	-4.560e-7	2.304e-7	-4.946e-7	-3.140e-7	1.805e-7	-6.233e-7	-3.921e-7	2.312e-7	-5.183e-7	-3.347e-7	1.836e-7	-6.488e-7	-4.152e-7	2.336e-7
0.488	-4.835e-7	-3.114e-7	1.721e-7	-6.055e-7	-3.871e-7	2.184e-7	-5.697e-7	-3.854e-7	1.844e-7	-6.822e-7	-4.562e-7	2.260e-7	-4.910e-7	-3.152e-7	1.758e-7	-6.182e-7	-3.928e-7	2.254e-7	-5.158e-7	-3.365e-7	1.793e-7	-6.442e-7	-4.155e-7	2.287e-7
0.484	-4.809e-7	-3.129e-7	1.679e-7	-6.022e-7	-3.878e-7	2.144e-7	-5.671e-7	-3.865e-7	1.806e-7	-6.789e-7	-4.568e-7	2.220e-7	-4.874e-7	-3.162e-7	1.712e-7	-6.143e-7	-3.935e-7	2.208e-7	-5.118e-7	-3.370e-7	1.748e-7	-6.400e-7	-4.159e-7	2.241e-7
0.480	-4.766e-7	-3.135e-7	1.631e-7	-5.981e-7	-3.884e-7	2.097e-7	-5.640e-7	-3.872e-7	1.769e-7	-6.756e-7	-4.572e-7	2.184e-7	-4.838e-7	-3.169e-7	1.668e-7	-6.104e-7	-3.939e-7	2.165e-7	-5.082e-7	-3.379e-7	1.703e-7	-6.354e-7	-4.164e-7	2.190e-7
0.476	-4.733e-7	-3.143e-7	1.590e-7	-5.930e-7	-3.877e-7	2.053e-7	-5.619e-7	-3.886e-7	1.733e-7	-6.716e-7	-4.572e-7	2.144e-7	-4.805e-7	-3.177e-7	1.628e-7	-6.060e-7	-3.940e-7	2.120e-7	-5.049e-7	-3.383e-7	1.666e-7	-6.304e-7	-4.155e-7	2.149e-7
0.472	-4.706e-7	-3.149e-7	1.557e-7	-5.899e-7	-3.887e-7	2.012e-7	-5.605e-7	-3.900e-7	1.705e-7	-6.682e-7	-4.571e-7	2.111e-7	-4.778e-7	-3.186e-7	1.593e-7	-6.033e-7	-3.950e-7	2.083e-7	-5.026e-7	-3.395e-7	1.631e-7	-6.273e-7	-4.164e-7	2.109e-7
0.468	-4.668e-7	-3.152e-7	1.517e-7	-5.852e-7	-3.886e-7	1.966e-7	-5.577e-7	-3.908e-7	1.669e-7	-6.649e-7	-4.574e-7	2.075e-7	-4.743e-7	-3.193e-7	1.550e-7	-5.982e-7	-3.948e-7	2.034e-7	-4.986e-7	-3.398e-7	1.589e-7	-6.226e-7	-4.162e-7	2.064e-7
0.464	-4.632e-7	-3.157e-7	1.475e-7	-5.812e-7	-3.889e-7	1.923e-7	-5.547e-7	-3.915e-7	1.632e-7	-6.603e-7	-4.572e-7	2.032e-7	-4.711e-7	-3.200e-7	1.510e-7	-5.936e-7	-3.948e-7	1.988e-7	-4.954e-7	-3.401e-7	1.552e-7	-6.179e-7	-4.158e-7	2.021e-7
0.460	-4.608e-7	-3.165e-7	1.442e-7	-5.771e-7	-3.887e-7	1.884e-7	-5.532e-7	-3.925e-7	1.607e-7	-6.573e-7	-4.577e-7	1.996e-7	-4.681e-7	-3.203e-7	1.478e-7	-5.904e-7	-3.950e-7	1.953e-7	-4.925e-7	-3.404e-7	1.521e-7	-6.138e-7	-4.154e-7	1.983e-7
0.456	-4.574e-7	-3.169e-7	1.405e-7	-5.734e-7	-3.888e-7	1.846e-7	-5.514e-7	-3.935e-7	1.580e-7	-6.543e-7	-4.571e-7	1.972e-7	-4.653e-7	-3.209e-7	1.444e-7	-5.861e-7	-3.947e-7	1.914e-7	-4.898e-7	-3.406e-7	1.491e-7	-6.098e-7	-4.155e-7	1.943e-7
0.452	-4.549e-7	-3.173e-7	1.377e-7	-5.691e-7	-3.886e-7	1.805e-7	-5.494e-7	-3.945e-7	1.549e-7	-6.499e-7	-4.569e-7	1.929e-7	-4.627e-7	-3.215e-7	1.412e-7	-5.816e-7	-3.948e-7	1.868e-7	-4.871e-7	-3.416e-7	1.455e-7	-6.055e-7	-4.148e-7	1.907e-7
0.448	-4.524e-7	-3.177e-7	1.347e-7	-5.660e-7	-3.889e-7	1.770e-7	-5.477e-7	-3.953e-7	1.524e-7	-6.474e-7	-4.569e-7	1.905e-7	-4.605e-7	-3.221e-7	1.384e-7	-5.790e-7	-3.949e-7	1.840e-7	-4.842e-7	-3.416e-7	1.426e-7	-6.022e-7	-4.148e-7	1.873e-7
0.444	-4.499e-7	-3.179e-7	1.319e-7	-5.624e-7	-3.884e-7	1.740e-7	-5.462e-7	-3.960e-7	1.503e-7	-6.439e-7	-4.565e-7	1.874e-7	-4.582e-7	-3.225e-7	1.357e-7	-5.753e-7	-3.948e-7	1.804e-7	-4.822e-7	-3.420e-7	1.402e-7	-5.983e-7	-4.142e-7	1.840e-7
0.440	-4.474e-7	-3.185e-7	1.289e-7	-5.582e-7	-3.880e-7	1.702e-7	-5.446e-7	-3.969e-7	1.477e-7	-6.408e-7	-4.564e-7	1.843e-7	-4.558e-7	-3.233e-7	1.326e-7	-5.716e-7	-3.948e-7	1.768e-7	-4.793e-7	-3.423e-7	1.370e-7	-5.946e-7	-4.139e-7	1.808e-7
0.436	-4.457e-7	-3.190e-7	1.267e-7	-5.548e-7	-3.876e-7	1.672e-7	-5.432e-7	-3.975e-7	1.456e-7	-6.374e-7	-4.559e-7	1.815e-7	-4.534e-7	-3.233e-7	1.302e-7	-5.682e-7	-3.941e-7	1.740e-7	-4.775e-7	-3.424e-7	1.351e-7	-5.901e-7	-4.126e-7	1.775e-7
0.432	-4.444e-7	-3.202e-7	1.242e-7	-5.522e-7	-3.878e-7	1.644e-7	-5.424e-7	-3.990e-7	1.433e-7	-6.348e-7	-4.559e-7	1.789e-7	-4.525e-7	-3.247e-7	1.277e-7	-5.655e-7	-3.947e-7	1.708e-7	-4.760e-7	-3.433e-7	1.327e-7	-5.875e-7	-4.130e-7	1.744e-7
0.428	-4.420e-7	-3.202e-7	1.218e-7	-5.499e-7	-3.878e-7	1.621e-7	-5.412e-7	-3.996e-7	1.416e-7	-6.325e-7	-4.555e-7	1.770e-7	-4.503e-7	-3.246e-7	1.258e-7	-5.627e-7	-3.940e-7	1.687e-7	-4.745e-7	-3.436e-7	1.309e-7	-5.843e-7	-4.122e-7	1.721e-7
0.424	-4.395e-7	-3.206e-7	1.189e-7	-5.461e-7	-3.877e-7	1.584e-7	-5.406e-7	-4.009e-7	1.397e-7	-6.297e-7	-4.555e-7	1.742e-7	-4.489e-7	-3.255e-7	1.234e-7	-5.593e-7	-3.940e-7	1.654e-7	-4.726e-7	-3.441e-7	1.285e-7	-5.809e-7	-4.118e-7	1.691e-7
0.420	-4.375e-7	-3.208e-7	1.167e-7	-5.428e-7	-3.868e-7	1.560e-7	-5.387e-7	-4.013e-7	1.374e-7	-6.264e-7	-4.546e-7	1.718e-7	-4.471e-7	-3.260e-7	1.211e-7	-5.561e-7	-3.934e-7	1.627e-7	-4.712e-7	-3.448e-7	1.264e-7	-5.775e-7	-4.110e-7	1.665e-7
0.416	-4.376e-7	-3.219e-7	1.157e-7	-5.409e-7	-3.872e-7	1.538e-7	-5.385e-7	-4.028e-7	1.358e-7	-6.248e-7	-4.548e-7	1.700e-7	-4.462e-7	-3.267e-7	1.195e-7	-5.543e-7	-3.936e-7	1.606e-7	-4.691e-7	-3.450e-7	1.241e-7	-5.750e-7	-4.104e-7	1.646e-7
0.412	-4.354e-7	-3.223e-7	1.131e-7	-5.381e-7	-3.866e-7	1.515e-7	-5.382e-7	-4.036e-7	1.346e-7	-6.220e-7	-4.543e-7	1.677e-7	-4.447e-7	-3.272e-7	1.176e-7	-5.513e-7	-3.934e-7	1.579e-7	-4.681e-7	-3.455e-7	1.225e-7	-5.719e-7	-4.102e-7	1.618e-7
0.408	-4.340e-7	-3.231e-7	1.109e-7	-5.361e-7	-3.868e-7	1.492e-7	-5.380e-7	-4.049e-7	1.331e-7	-6.206e-7	-4.542e-7	1.664e-7	-4.445e-7	-3.287e-7	1.158e-7	-5.486e-7	-3.929e-7	1.557e-7	-4.674e-7	-3.463e-7	1.211e-7	-5.703e-7	-4.104e-7	1.599e-7
0.404	-4.328e-7	-3.237e-7	1.091e-7	-5.328e-7	-3.863e-7	1.465e-7	-5.364e-7	-4.056e-7	1.308e-7	-6.175e-7	-4.536e-7	1.639e-7	-4.424e-7	-3.290e-7	1.134e-7	-5.463e-7	-3.928e-7	1.535e-7	-4.655e-7	-3.468e-7	1.187e-7	-5.656e-7	-4.089e-7	1.567e-7
0.400	-4.322e-7	-3.243e-7	1.079e-7	-5.310e-7	-3.865e-7	1.445e-7	-5.372e-7	-4.073e-7	1.299e-7	-6.161e-7	-4.539e-7	1.622e-7	-4.422e-7	-3.298e-7	1.124e-7	-5.441e-7	-3.926e-7	1.515e-7	-4.645e-7	-3.472e-7	1.173e-7	-5.637e-7	-4.086e-7	1.552e-7
0.396	-4.318e-7	-3.251e-7	1.067e-7	-5.305e-7	-3.870e-7	1.434e-7	-5.374e-7	-4.079e-7	1.295e-7	-6.145e-7	-4.536e-7	1.608e-7	-4.420e-7	-3.305e-7	1.115e-7	-5.426e-7	-3.924e-7	1.503e-7	-4.652e-7	-3.484e-7	1.168e-7	-5.626e-7	-4.086e-7	1.540e-7
0.392	-4.311e-7	-3.264e-7	1.047e-7	-5.278e-7	-3.868e-7	1.410e-7	-5.371e-7	-4.097e-7	1.273e-7	-6.128e-7	-4.539e-7	1.588e-7	-4.414e-7	-3.318e-7	1.096e-7	-5.404e-7	-3.927e-7	1.477e-7	-4.637e-7	-3.491e-7	1.146e-7	-5.602e-7	-4.085e-7	1.517e-7
0.388	-4.307e-7	-3.271e-7	1.036e-7	-5.256e-7	-3.868e-7	1.388e-7	-5.360e-7	-4.108e-7	1.252e-7	-6.111e-7	-4.540e-7	1.571e-7	-4.404e-7	-3.325e-7	1.079e-7	-5.398e-7	-3.935e-7	1.463e-7	-4.625e-7	-3.498e-7	1.127e-7	-5.583e-7	-4.083e-7	1.500e-7
0.384	-4.299e-7	-3.279e-7	1.020e-7	-5.248e-7	-3.874e-7	1.374e-7	-5.369e-7	-4.121e-7	1.248e-7	-6.097e-7	-4.540e-7	1.557e-7	-4.413e-7	-3.339e-7	1.074e-7	-5.381e-7	-3.933e-7	1.448e-7	-4.621e-7	-3.504e-7	1.117e-7	-5.563e-7	-4.081e-7	1.482e-7
0.380	-4.309e-7	-3.295e-7	1.014e-7	-5.254e-7	-3.887e-7	1.368e-7	-5.371e-7	-4.135e-7	1.236e-7	-6.092e-7	-4.546e-7	1.545e-7	-4.409e-7	-3.350e-7	1.060e-7	-5.373e-7	-3.937e-7	1.436e-7	-4.626e-7	-3.519e-7	1.107e-7	-5.560e-7	-4.091e-7	1.469e-7
0.376	-4.309e-7	-3.310e-7	9.988e-8	-5.244e-7	-3.897e-7	1.346e-7	-5.381e-7	-4.153e-7	1.227e-7	-6.093e-7	-4.554e-7	1.539e-7	-4.413e-7	-3.368e-7	1.045e-7	-5.365e-7	-3.948e-7	1.418e-7	-4.633e-7	-3.534e-7	1.099e-7	-5.546e-7	-4.091e-7	1.455e-7
0.372	-4.317e-7	-3.329e-7	9.881e-8	-5.242e-7	-3.905e-7	1.337e-7	-5.386e-7	-4.170e-7	1.216e-7	-6.093e-7	-4.571e-7	1.522e-7	-4.421e-7	-3.385e-7	1.036e-7	-5.365e-7	-3.956e-7	1.409e-7	-4.635e-7	-3.550e-7	1.085e-7	-5.545e-7	-4.098e-7	1.446e-7
0.368	-4.320e-7	-3.342e-7	9.783e-8	-5.250e-7	-3.922e-7	1.328e-7	-5.401e-7	-4.192e-7	1.209e-7	-6.097e-7	-4.582e-7	1.515e-7	-4.433e-7	-3.401e-7	1.032e-7	-5.370e-7	-3.972e-7	1.398e-7	-4.641e-7	-3.566e-7	1.075e-7	-5.547e-7	-4.110e-7	1.437e-7
0.364	-4.334e-7	-3.364e-7	9.700e-8	-5.262e-7	-3.943e-7	1.319e-7	-5.417e-7	-4.215e-7	1.202e-7	-6.106e-7	-4.597e-7	1.509e-7	-4.443e-7	-3.422e-7	1.021e-7	-5.385e-7	-3.991e-7	1.394e-7	-4.648e-7	-3.579e-7	1.069e-7	-5.558e-7	-4.124e-7	1.433e-7
0.360	-4.350e-7	-3.384e-7	9.657e-8	-5.282e-7	-3.965e-7	1.317e-7	-5.437e-7	-4.237e-7	1.200e-7	-6.121e-7	-4.618e-7	1.503e-7	-4.463e-7	-3.446e-7	1.017e-7	-5.394e-7	-4.002e-7	1.391e-7	-4.662e-7	-3.600e-7	1.062e-7	-5.561e-7	-4.139e-7	1.422e-7
0.356	-4.372e-7	-3.413e-7	9.589e-8	-5.308e-7	-3.990e-7	1.319e-7	-5.453e-7	-4.261e-7	1.193e-7	-6.145e-7	-4.637e-7	1.507e-7	-4.484e-7	-3.471e-7	1.014e-7	-5.420e-7	-4.032e-7	1.388e-7	-4.677e-7	-3.620e-7	1.057e-7	-5.585e-7	-4.163e-7	1.422e-7
0.352	-4.395e-7	-3.439e-7	9.562e-8	-5.340e-7	-4.024e-7	1.315e-7	-5.485e-7	-4.295e-7	1.191e-7	-6.178e-7	-4.671e-7	1.507e-7	-4.508e-7	-3.498e-7	1.011e-7	-5.442e-7	-4.057e-7	1.385e-7	-4.697e-7	-3.646e-7	1.051e-7	-5.606e-7	-4.188e-7	1.418e-7
0.348	-4.427e-7	-3.471e-7	9.562e-8	-5.374e-7	-4.053e-7	1.321e-7	-5.518e-7	-4.322e-7	1.197e-7	-6.208e-7	-4.701e-7	1.507e-7	-4.534e-7	-3.527e-7	1.007e-7	-5.487e-7	-4.094e-7	1.393e-7	-4.728e-7	-3.677e-7	1.051e-7	-5.637e-7	-4.216e-7	1.422e-7
0.344	-4.465e-7	-3.508e-7	9.572e-8	-5.427e-7	-4.100e-7	1.327e-7	-5.559e-7	-4.363e-7	1.196e-7	-6.258e-7	-4.746e-7	1.512e-7	-4.574e-7	-3.564e-7	1.011e-7	-5.530e-7	-4.133e-7	1.396e-7	-4.768e-7	-3.714e-7	1.054e-7	-5.682e-7	-4.256e-7	1.427e-7
0.340	-4.501e-7	-3.543e-7	9.585e-8	-5.481e-7	-4.145e-7	1.336e-7	-5.598e-7	-4.399e-7	1.199e-7	-6.309e-7	-4.790e-7	1.519e-7	-4.615e-7	-3.602e-7	1.013e-7	-5.581e-7	-4.178e-7	1.403e-7	-4.795e-7	-3.743e-7	1.052e-7	-5.731e-7	-4.294e-7	1.437e-7
0.336	-4.553e-7	-3.591e-7	9.617e-8	-5.540e-7	-4.198e-7	1.342e-7	-5.645e-7	-4.443e-7	1.202e-7	-6.363e-7	-4.836e-7	1.527e-7	-4.658e-7	-3.642e-7	1.016e-7	-5.638e-7	-4.223e-7	1.415e-7	-4.835e-7	-3.784e-7	1.052e-7	-5.782e-7	-4.341e-7	1.441e-7
0.332	-4.607e-7	-3.637e-7	9.705e-8	-5.626e-7	-4.264e-7	1.362e-7	-5.707e-7	-4.492e-7	1.215e-7	-6.435e-7	-4.892e-7	1.543e-7	-4.714e-7	-3.688e-7	1.027e-7	-5.710e-7	-4.278e-7	1.432e-7	-4.887e-7	-3.826e-7	1.060e-7	-5.856e-7	-4.398e-7	1.458e-7
0.328	-4.662e-7	-3.683e-7	9.791e-8	-5.693e-7	-4.318e-7	1.375e-7	-5.758e-7	-4.537e-7	1.222e-7	-6.509e-7	-4.951e-7	1.558e-7	-4.774e-7	-3.739e-7	1.035e-7	-5.790e-7	-4.342e-7	1.448e-7	-4.943e-7	-3.873e-7	1.070e-7	-5.918e-7	-4.447e-7	1.470e-7
0.324	-4.722e-7	-3.733e-7	9.891e-8	-5.787e-7	-4.388e-7	1.399e-7	-5.820e-7	-4.588e-7	1.232e-7	-6.594e-7	-5.015e-7	1.578e-7	-4.828e-7	-3.788e-7	1.040e-7	-5.866e-7	-4.399e-7	1.467e-7	-4.996e-7	-3.918e-7	1.078e-7	-6.004e-7	-4.510e-7	1.493e-7
0.320	-4.789e-7	-3.789e-7	1.000e-7	-5.878e-7	-4.456e-7	1.422e-7	-5.889e-7	-4.642e-7	1.247e-7	-6.682e-7	-5.081e-7	1.602e-7	-4.897e-7	-3.840e-7	1.057e-7	-5.963e-7	-4.477e-7	1.486e-7	-5.056e-7	-3.966e-7	1.090e-7	-6.090e-7	-4.577e-7	1.513e-7
0.316	-4.857e-7	-3.844e-7	1.014e-7	-5.963e-7	-4.523e-7	1.440e-7	-5.952e-7	-4.693e-7	1.259e-7	-6.766e-7	-5.149e-7	1.617e-7	-4.950e-7	-3.885e-7	1.065e-7	-6.051e-7	-4.542e-7	1.509e-7	-5.107e-7	-4.012e-7	1.095e-7	-6.180e-7	-4.647e-7	1.533e-7
0.312	-4.944e-7	-3.909e-7	1.035e-7	-6.087e-7	-4.609e-7	1.479e-7	-6.035e-7	-4.755e-7	1.280e-7	-6.884e-7	-5.230e-7	1.654e-7	-5.033e-7	-3.951e-7	1.081e-7	-6.159e-7	-4.619e-7	1.540e-7	-5.192e-7	-4.074e-7	1.117e-7	-6.289e-7	-4.722e-7	1.567e-7
0.308	-5.006e-7	-3.960e-7	1.047e-7	-6.191e-7	-4.686e-7	1.505e-7	-6.102e-7	-4.809e-7	1.293e-7	-6.973e-7	-5.299e-7	1.673e-7	-5.105e-7	-4.003e-7	1.101e-7	-6.260e-7	-4.692e-7	1.568e-7	-5.250e-7	-4.123e-7	1.127e-7	-6.381e-7	-4.793e-7	1.588e-7
0.304	-5.091e-7	-4.026e-7	1.065e-7	-6.305e-7	-4.768e-7	1.536e-7	-6.177e-7	-4.871e-7	1.305e-7	-7.085e-7	-5.384e-7	1.701e-7	-5.171e-7	-4.058e-7	1.113e-7	-6.371e-7	-4.775e-7	1.597e-7	-5.316e-7	-4.175e-7	1.141e-7	-6.490e-7	-4.874e-7	1.617e-7
0.300	-5.157e-7	-4.077e-7	1.080e-7	-6.421e-7	-4.855e-7	1.566e-7	-6.244e-7	-4.920e-7	1.323e-7	-7.187e-7	-5.454e-7	1.733e-7	-5.238e-7	-4.108e-7	1.130e-7	-6.476e-7	-4.853e-7	1.624e-7	-5.386e-7	-4.229e-7	1.156e-7	-6.593e-7	-4.946e-7	1.647e-7
0.296	-5.222e-7	-4.129e-7	1.093e-7	-6.523e-7	-4.928e-7	1.595e-7	-6.304e-7	-4.971e-7	1.334e-7	-7.283e-7	-5.527e-7	1.756e-7	-5.295e-7	-4.152e-7	1.142e-7	-6.574e-7	-4.921e-7	1.653e-7	-5.436e-7	-4.270e-7	1.165e-7	-6.686e-7	-5.016e-7	1.669e-7
0.292	-5.284e-7	-4.182e-7	1.102e-7	-6.626e-7	-5.007e-7	1.619e-7	-6.362e-7	-5.019e-7	1.344e-7	-7.381e-7	-5.600e-7	1.780e-7	-5.354e-7	-4.204e-7	1.150e-7	-6.663e-7	-4.987e-7	1.676e-7	-5.485e-7	-4.312e-7	1.173e-7	-6.775e-7	-5.084e-7	1.691e-7
0.288	-5.338e-7	-4.222e-7	1.116e-7	-6.727e-7	-5.077e-7	1.650e-7	-6.415e-7	-5.057e-7	1.358e-7	-7.462e-7	-5.658e-7	1.804e-7	-5.401e-7	-4.244e-7	1.157e-7	-6.760e-7	-5.059e-7	1.701e-7	-5.540e-7	-4.356e-7	1.184e-7	-6.863e-7	-5.148e-7	1.716e-7
0.284	-5.385e-7	-4.262e-7	1.123e-7	-6.809e-7	-5.139e-7	1.670e-7	-6.453e-7	-5.091e-7	1.361e-7	-7.541e-7	-5.717e-7	1.825e-7	-5.435e-7	-4.272e-7	1.162e-7	-6.835e-7	-5.117e-7	1.718e-7	-5.574e-7	-4.386e-7	1.189e-7	-6.943e-7	-5.207e-7	1.737e-7
0.280	-5.425e-7	-4.300e-7	1.125e-7	-6.895e-7	-5.205e-7	1.691e-7	-6.485e-7	-5.127e-7	1.359e-7	-7.612e-7	-5.773e-7	1.839e-7	-5.464e-7	-4.301e-7	1.163e-7	-6.895e-7	-5.166e-7	1.729e-7	-5.604e-7	-4.416e-7	1.188e-7	-7.002e-7	-5.257e-7	1.745e-7
0.276	-5.446e-7	-4.324e-7	1.122e-7	-6.949e-7	-5.251e-7	1.698e-7	-6.501e-7	-5.146e-7	1.356e-7	-7.656e-7	-5.812e-7	1.845e-7	-5.482e-7	-4.324e-7	1.158e-7	-6.941e-7	-5.207e-7	1.733e-7	-5.611e-7	-4.435e-7	1.176e-7	-7.051e-7	-5.295e-7	1.757e-7
0.272	-5.450e-7	-4.334e-7	1.116e-7	-6.990e-7	-5.288e-7	1.701e-7	-6.497e-7	-5.151e-7	1.347e-7	-7.689e-7	-5.841e-7	1.848e-7	-5.477e-7	-4.333e-7	1.144e-7	-6.977e-7	-5.237e-7	1.741e-7	-5.611e-7	-4.440e-7	1.171e-7	-7.078e-7	-5.324e-7	1.754e-7
0.268	-5.454e-7	-4.348e-7	1.106e-7	-7.025e-7	-5.317e-7	1.707e-7	-6.498e-7	-5.163e-7	1.336e-7	-7.710e-7	-5.863e-7	1.847e-7	-5.483e-7	-4.342e-7	1.141e-7	-6.997e-7	-5.255e-7	1.742e-7	-5.611e-7	-4.449e-7	1.162e-7	-7.101e-7	-5.346e-7	1.755e-7
0.264	-5.436e-7	-4.347e-7	1.089e-7	-7.031e-7	-5.330e-7	1.701e-7	-6.473e-7	-5.153e-7	1.320e-7	-7.711e-7	-5.870e-7	1.841e-7	-5.455e-7	-4.334e-7	1.120e-7	-6.991e-7	-5.263e-7	1.728e-7	-5.587e-7	-4.441e-7	1.147e-7	-7.090e-7	-5.347e-7	1.743e-7
0.260	-5.409e-7	-4.343e-7	1.065e-7	-7.021e-7	-5.338e-7	1.683e-7	-6.445e-7	-5.151e-7	1.294e-7	-7.696e-7	-5.872e-7	1.824e-7	-5.431e-7	-4.331e-7	1.099e-7	-6.964e-7	-5.254e-7	1.710e-7	-5.559e-7	-4.434e-7	1.125e-7	-7.069e-7	-5.344e-7	1.725e-7
0.256	-5.375e-7	-4.331e-7	1.044e-7	-6.983e-7	-5.323e-7	1.660e-7	-6.396e-7	-5.129e-7	1.267e-7	-7.650e-7	-5.852e-7	1.798e-7	-5.390e-7	-4.315e-7	1.075e-7	-6.935e-7	-5.243e-7	1.692e-7	-5.517e-7	-4.420e-7	1.097e-7	-7.032e-7	-5.330e-7	1.703e-7
0.252	-5.331e-7	-4.316e-7	1.015e-7	-6.946e-7	-5.311e-7	1.635e-7	-6.346e-7	-5.108e-7	1.238e-7	-7.599e-7	-5.832e-7	1.766e-7	-5.342e-7	-4.295e-7	1.047e-7	-6.883e-7	-5.226e-7	1.657e-7	-5.466e-7	-4.397e-7	1.069e-7	-6.975e-7	-5.306e-7	1.669e-7
0.248	-5.270e-7	-4.286e-7	9.847e-8	-6.873e-7	-5.273e-7	1.600e-7	-6.282e-7	-5.076e-7	1.206e-7	-7.535e-7	-5.798e-7	1.737e-7	-5.283e-7	-4.265e-7	1.018e-7	-6.809e-7	-5.185e-7	1.624e-7	-5.405e-7	-4.367e-7	1.038e-7	-6.904e-7	-5.269e-7	1.635e-7
0.244	-5.206e-7	-4.256e-7	9.509e-8	-6.791e-7	-5.237e-7	1.553e-7	-6.208e-7	-5.039e-7	1.169e-7	-7.452e-7	-5.755e-7	1.697e-7	-5.218e-7	-4.233e-7	9.857e-8	-6.725e-7	-5.141e-7	1.584e-7	-5.331e-7	-4.331e-7	1.000e-7	-6.813e-7	-5.221e-7	1.592e-7
0.240	-5.132e-7	-4.219e-7	9.131e-8	-6.696e-7	-5.188e-7	1.508e-7	-6.129e-7	-4.996e-7	1.133e-7	-7.343e-7	-5.699e-7	1.644e-7	-5.147e-7	-4.201e-7	9.460e-8	-6.629e-7	-5.091e-7	1.538e-7	-5.264e-7	-4.296e-7	9.686e-8	-6.720e-7	-5.170e-7	1.549e-7
0.236	-5.059e-7	-4.178e-7	8.808e-8	-6.581e-7	-5.122e-7	1.458e-7	-6.053e-7	-4.958e-7	1.095e-7	-7.234e-7	-5.636e-7	1.598e-7	-5.069e-7	-4.154e-7	9.141e-8	-6.513e-7	-5.027e-7	1.486e-7	-5.185e-7	-4.252e-7	9.323e-8	-6.599e-7	-5.103e-7	1.496e-7
0.232	-4.973e-7	-4.134e-7	8.389e-8	-6.460e-7	-5.060e-7	1.401e-7	-5.960e-7	-4.908e-7	1.052e-7	-7.108e-7	-5.568e-7	1.541e-7	-4.998e-7	-4.118e-7	8.802e-8	-6.389e-7	-4.959e-7	1.430e-7	-5.103e-7	-4.206e-7	8.977e-8	-6.477e-7	-5.035e-7	1.443e-7
0.228	-4.896e-7	-4.096e-7	7.997e-8	-6.333e-7	-4.986e-7	1.348e-7	-5.880e-7	-4.864e-7	1.016e-7	-6.986e-7	-5.503e-7	1.483e-7	-4.924e-7	-4.078e-7	8.454e-8	-6.270e-7	-4.890e-7	1.379e-7	-5.027e-7	-4.167e-7	8.604e-8	-6.360e-7	-4.970e-7	1.390e-7
0.224	-4.815e-7	-4.053e-7	7.617e-8	-6.198e-7	-4.912e-7	1.286e-7	-5.792e-7	-4.815e-7	9.770e-8	-6.853e-7	-5.425e-7	1.428e-7	-4.846e-7	-4.038e-7	8.077e-8	-6.135e-7	-4.814e-7	1.321e-7	-4.947e-7	-4.125e-7	8.226e-8	-6.225e-7	-4.891e-7	1.334e-7
0.220	-4.730e-7	-4.001e-7	7.286e-8	-6.053e-7	-4.829e-7	1.224e-7	-5.703e-7	-4.764e-7	9.387e-8	-6.708e-7	-5.341e-7	1.368e-7	-4.765e-7	-3.993e-7	7.728e-8	-5.998e-7	-4.735e-7	1.263e-7	-4.864e-7	-4.074e-7	7.905e-8	-6.082e-7	-4.807e-7	1.276e-7
0.216	-4.656e-7	-3.958e-7	6.979e-8	-5.905e-7	-4.742e-7	1.163e-7	-5.619e-7	-4.715e-7	9.036e-8	-6.572e-7	-5.261e-7	1.312e-7	-4.694e-7	-3.950e-7	7.442e-8	-5.863e-7	-4.656e-7	1.207e-7	-4.789e-7	-4.032e-7	7.575e-8	-5.944e-7	-4.724e-7	1.220e-7
0.212	-4.574e-7	-3.910e-7	6.633e-8	-5.768e-7	-4.665e-7	1.103e-7	-5.537e-7	-4.670e-7	8.673e-8	-6.434e-7	-5.178e-7	1.256e-7	-4.617e-7	-3.904e-7	7.121e-8	-5.730e-7	-4.574e-7	1.155e-7	-4.704e-7	-3.979e-7	7.253e-8	-5.807e-7	-4.644e-7	1.163e-7
0.208	-4.496e-7	-3.861e-7	6.343e-8	-5.617e-7	-4.572e-7	1.045e-7	-5.459e-7	-4.619e-7	8.403e-8	-6.282e-7	-5.087e-7	1.195e-7	-4.540e-7	-3.858e-7	6.823e-8	-5.596e-7	-4.495e-7	1.100e-7	-4.637e-7	-3.936e-7	7.003e-8	-5.677e-7	-4.566e-7	1.111e-7
0.204	-4.425e-7	-3.823e-7	6.019e-8	-5.485e-7	-4.496e-7	9.892e-8	-5.380e-7	-4.571e-7	8.083e-8	-6.148e-7	-5.009e-7	1.140e-7	-4.478e-7	-3.823e-7	6.557e-8	-5.476e-7	-4.422e-7	1.054e-7	-4.568e-7	-3.895e-7	6.734e-8	-5.547e-7	-4.490e-7	1.057e-7
0.200	-4.357e-7	-3.777e-7	5.808e-8	-5.354e-7	-4.414e-7	9.403e-8	-5.311e-7	-4.523e-7	7.882e-8	-6.026e-7	-4.930e-7	1.096e-7	-4.418e-7	-3.779e-7	6.394e-8	-5.347e-7	-4.342e-7	1.005e-7	-4.502e-7	-3.851e-7	6.502e-8	-5.422e-7	-4.406e-7	1.016e-7
0.196	-4.295e-7	-3.736e-7	5.590e-8	-5.226e-7	-4.336e-7	8.893e-8	-5.248e-7	-4.484e-7	7.634e-8	-5.898e-7	-4.854e-7	1.044e-7	-4.364e-7	-3.747e-7	6.177e-8	-5.226e-7	-4.268e-7	9.581e-8	-4.447e-7	-3.815e-7	6.311e-8	-5.309e-7	-4.337e-7	9.719e-8
0.192	-4.233e-7	-3.697e-7	5.352e-8	-5.106e-7	-4.259e-7	8.471e-8	-5.181e-7	-4.442e-7	7.390e-8	-5.779e-7	-4.777e-7	1.003e-7	-4.309e-7	-3.708e-7	6.011e-8	-5.116e-7	-4.194e-7	9.214e-8	-4.383e-7	-3.772e-7	6.111e-8	-5.190e-7	-4.259e-7	9.315e-8
0.188	-4.173e-7	-3.657e-7	5.162e-8	-4.985e-7	-4.183e-7	8.016e-8	-5.117e-7	-4.399e-7	7.180e-8	-5.666e-7	-4.704e-7	9.623e-8	-4.256e-7	-3.672e-7	5.848e-8	-5.003e-7	-4.124e-7	8.792e-8	-4.330e-7	-3.741e-7	5.892e-8	-5.085e-7	-4.195e-7	8.898e-8
0.184	-4.126e-7	-3.620e-7	5.061e-8	-4.880e-7	-4.113e-7	7.663e-8	-5.064e-7	-4.360e-7	7.042e-8	-5.563e-7	-4.636e-7	9.270e-8	-4.205e-7	-3.637e-7	5.679e-8	-4.915e-7	-4.064e-7	8.516e-8	-4.282e-7	-3.703e-7	5.791e-8	-4.983e-7	-4.124e-7	8.590e-8
0.180	-4.075e-7	-3.587e-7	4.883e-8	-4.780e-7	-4.046e-7	7.340e-8	-5.005e-7	-4.319e-7	6.859e-8	-5.454e-7	-4.564e-7	8.901e-8	-4.162e-7	-3.605e-7	5.572e-8	-4.818e-7	-3.997e-7	8.207e-8	-4.237e-7	-3.669e-7	5.675e-8	-4.891e-7	-4.062e-7	8.289e-8
0.176	-4.036e-7	-3.555e-7	4.807e-8	-4.692e-7	-3.987e-7	7.042e-8	-4.956e-7	-4.281e-7	6.749e-8	-5.374e-7	-4.511e-7	8.633e-8	-4.118e-7	-3.573e-7	5.444e-8	-4.740e-7	-3.941e-7	7.991e-8	-4.194e-7	-3.636e-7	5.582e-8	-4.811e-7	-4.005e-7	8.062e-8
0.172	-3.986e-7	-3.519e-7	4.665e-8	-4.612e-7	-3.931e-7	6.816e-8	-4.915e-7	-4.251e-7	6.641e-8	-5.291e-7	-4.453e-7	8.376e-8	-4.087e-7	-3.547e-7	5.404e-8	-4.657e-7	-3.887e-7	7.702e-8	-4.155e-7	-3.608e-7	5.475e-8	-4.731e-7	-3.947e-7	7.833e-8
0.168	-3.945e-7	-3.488e-7	4.574e-8	-4.523e-7	-3.870e-7	6.524e-8	-4.869e-7	-4.220e-7	6.483e-8	-5.208e-7	-4.395e-7	8.137e-8	-4.048e-7	-3.519e-7	5.289e-8	-4.588e-7	-3.839e-7	7.490e-8	-4.114e-7	-3.577e-7	5.370e-8	-4.660e-7	-3.900e-7	7.606e-8
0.164	-3.917e-7	-3.464e-7	4.524e-8	-4.458e-7	-3.816e-7	6.422e-8	-4.829e-7	-4.185e-7	6.441e-8	-5.139e-7	-4.341e-7	7.981e-8	-4.011e-7	-3.486e-7	5.249e-8	-4.521e-7	-3.791e-7	7.295e-8	-4.077e-7	-3.546e-7	5.305e-8	-4.591e-7	-3.847e-7	7.440e-8
0.160	-3.874e-7	-3.432e-7	4.419e-8	-4.390e-7	-3.769e-7	6.217e-8	-4.785e-7	-4.151e-7	6.338e-8	-5.063e-7	-4.292e-7	7.706e-8	-3.973e-7	-3.460e-7	5.124e-8	-4.461e-7	-3.741e-7	7.202e-8	-4.037e-7	-3.515e-7	5.224e-8	-4.521e-7	-3.796e-7	7.247e-8
0.156	-3.848e-7	-3.411e-7	4.373e-8	-4.332e-7	-3.724e-7	6.077e-8	-4.750e-7	-4.121e-7	6.290e-8	-5.004e-7	-4.248e-7	7.567e-8	-3.947e-7	-3.437e-7	5.106e-8	-4.406e-7	-3.699e-7	7.067e-8	-4.009e-7	-3.489e-7	5.195e-8	-4.472e-7	-3.755e-7	7.168e-8
0.152	-3.818e-7	-3.382e-7	4.360e-8	-4.283e-7	-3.687e-7	5.962e-8	-4.722e-7	-4.099e-7	6.236e-8	-4.962e-7	-4.215e-7	7.468e-8	-3.926e-7	-3.421e-7	5.051e-8	-4.362e-7	-3.667e-7	6.944e-8	-3.987e-7	-3.470e-7	5.172e-8	-4.419e-7	-3.719e-7	6.999e-8
0.148	-3.792e-7	-3.355e-7	4.367e-8	-4.233e-7	-3.646e-7	5.873e-8	-4.692e-7	-4.069e-7	6.226e-8	-4.910e-7	-4.166e-7	7.440e-8	-3.894e-7	-3.388e-7	5.058e-8	-4.310e-7	-3.625e-7	6.846e-8	-3.956e-7	-3.438e-7	5.177e-8	-4.373e-7	-3.677e-7	6.961e-8
0.144	-3.765e-7	-3.334e-7	4.306e-8	-4.182e-7	-3.604e-7	5.777e-8	-4.662e-7	-4.045e-7	6.169e-8	-4.858e-7	-4.129e-7	7.292e-8	-3.867e-7	-3.367e-7	4.993e-8	-4.271e-7	-3.594e-7	6.770e-8	-3.919e-7	-3.413e-7	5.059e-8	-4.330e-7	-3.644e-7	6.861e-8
0.140	-3.738e-7	-3.313e-7	4.257e-8	-4.145e-7	-3.574e-7	5.719e-8	-4.626e-7	-4.017e-7	6.082e-8	-4.819e-7	-4.099e-7	7.209e-8	-3.848e-7	-3.348e-7	4.999e-8	-4.232e-7	-3.563e-7	6.690e-8	-3.897e-7	-3.392e-7	5.054e-8	-4.291e-7	-3.609e-7	6.813e-8
0.136	-3.711e-7	-3.287e-7	4.241e-8	-4.095e-7	-3.537e-7	5.581e-8	-4.594e-7	-3.986e-7	6.073e-8	-4.766e-7	-4.059e-7	7.064e-8	-3.815e-7	-3.322e-7	4.921e-8	-4.182e-7	-3.524e-7	6.586e-8	-3.866e-7	-3.366e-7	4.999e-8	-4.245e-7	-3.576e-7	6.696e-8
0.132	-3.691e-7	-3.264e-7	4.270e-8	-4.064e-7	-3.507e-7	5.575e-8	-4.567e-7	-3.965e-7	6.023e-8	-4.734e-7	-4.030e-7	7.041e-8	-3.787e-7	-3.296e-7	4.910e-8	-4.151e-7	-3.495e-7	6.558e-8	-3.842e-7	-3.342e-7	5.003e-8	-4.212e-7	-3.545e-7	6.668e-8
0.128	-3.664e-7	-3.245e-7	4.193e-8	-4.023e-7	-3.473e-7	5.499e-8	-4.540e-7	-3.942e-7	5.975e-8	-4.690e-7	-3.999e-7	6.912e-8	-3.764e-7	-3.278e-7	4.861e-8	-4.114e-7	-3.468e-7	6.460e-8	-3.813e-7	-3.320e-7	4.932e-8	-4.167e-7	-3.515e-7	6.517e-8
0.124	-3.649e-7	-3.227e-7	4.213e-8	-4.001e-7	-3.455e-7	5.463e-8	-4.515e-7	-3.918e-7	5.968e-8	-4.663e-7	-3.974e-7	6.893e-8	-3.749e-7	-3.262e-7	4.872e-8	-4.092e-7	-3.448e-7	6.446e-8	-3.793e-7	-3.300e-7	4.937e-8	-4.145e-7	-3.490e-7	6.546e-8
0.120	-3.624e-7	-3.205e-7	4.189e-8	-3.965e-7	-3.423e-7	5.422e-8	-4.489e-7	-3.898e-7	5.910e-8	-4.625e-7	-3.940e-7	6.852e-8	-3.718e-7	-3.236e-7	4.821e-8	-4.053e-7	-3.415e-7	6.372e-8	-3.765e-7	-3.273e-7	4.926e-8	-4.104e-7	-3.459e-7	6.450e-8
0.116	-3.606e-7	-3.186e-7	4.198e-8	-3.945e-7	-3.403e-7	5.411e-8	-4.469e-7	-3.876e-7	5.926e-8	-4.608e-7	-3.926e-7	6.824e-8	-3.701e-7	-3.219e-7	4.816e-8	-4.033e-7	-3.395e-7	6.380e-8	-3.746e-7	-3.255e-7	4.905e-8	-4.080e-7	-3.435e-7	6.444e-8
0.112	-3.579e-7	-3.167e-7	4.122e-8	-3.916e-7	-3.376e-7	5.397e-8	-4.440e-7	-3.852e-7	5.880e-8	-4.578e-7	-3.903e-7	6.754e-8	-3.682e-7	-3.198e-7	4.835e-8	-3.999e-7	-3.370e-7	6.284e-8	-3.721e-7	-3.233e-7	4.871e-8	-4.049e-7	-3.412e-7	6.371e-8
0.108	-3.569e-7	-3.152e-7	4.173e-8	-3.882e-7	-3.355e-7	5.264e-8	-4.419e-7	-3.833e-7	5.860e-8	-4.539e-7	-3.874e-7	6.652e-8	-3.651e-7	-3.175e-7	4.759e-8	-3.977e-7	-3.347e-7	6.296e-8	-3.704e-7	-3.213e-7	4.914e-8	-4.019e-7	-3.386e-7	6.327e-8
0.104	-3.547e-7	-3.136e-7	4.112e-8	-3.868e-7	-3.335e-7	5.331e-8	-4.393e-7	-3.812e-7	5.809e-8	-4.518e-7	-3.855e-7	6.629e-8	-3.639e-7	-3.162e-7	4.772e-8	-3.948e-7	-3.330e-7	6.185e-8	-3.687e-7	-3.200e-7	4.873e-8	-3.998e-7	-3.369e-7	6.296e-8
0.100	-3.533e-7	-3.116e-7	4.170e-8	-3.845e-7	-3.315e-7	5.292e-8	-4.373e-7	-3.794e-7	5.790e-8	-4.500e-7	-3.836e-7	6.634e-8	-3.616e-7	-3.141e-7	4.743e-8	-3.930e-7	-3.308e-7	6.224e-8	-3.657e-7	-3.174e-7	4.835e-8	-3.976e-7	-3.348e-7	6.288e-8
0.096	-3.513e-7	-3.099e-7	4.143e-8	-3.819e-7	-3.292e-7	5.268e-8	-4.350e-7	-3.772e-7	5.782e-8	-4.463e-7	-3.811e-7	6.516e-8	-3.594e-7	-3.123e-7	4.712e-8	-3.898e-7	-3.282e-7	6.156e-8	-3.636e-7	-3.154e-7	4.819e-8	-3.943e-7	-3.324e-7	6.193e-8
0.092	-3.495e-7	-3.084e-7	4.114e-8	-3.797e-7	-3.274e-7	5.233e-8	-4.323e-7	-3.755e-7	5.679e-8	-4.448e-7	-3.794e-7	6.534e-8	-3.578e-7	-3.109e-7	4.692e-8	-3.883e-7	-3.271e-7	6.117e-8	-3.619e-7	-3.140e-7	4.790e-8	-3.930e-7	-3.313e-7	6.174e-8
0.088	-3.479e-7	-3.074e-7	4.053e-8	-3.780e-7	-3.261e-7	5.196e-8	-4.308e-7	-3.741e-7	5.669e-8	-4.420e-7	-3.776e-7	6.445e-8	-3.557e-7	-3.090e-7	4.672e-8	-3.858e-7	-3.254e-7	6.047e-8	-3.598e-7	-3.122e-7	4.762e-8	-3.898e-7	-3.289e-7	6.087e-8
0.084	-3.466e-7	-3.058e-7	4.079e-8	-3.758e-7	-3.246e-7	5.122e-8	-4.287e-7	-3.724e-7	5.627e-8	-4.399e-7	-3.756e-7	6.429e-8	-3.541e-7	-3.076e-7	4.650e-8	-3.837e-7	-3.234e-7	6.029e-8	-3.581e-7	-3.107e-7	4.735e-8	-3.872e-7	-3.268e-7	6.045e-8
0.080	-3.450e-7	-3.042e-7	4.080e-8	-3.738e-7	-3.227e-7	5.114e-8	-4.262e-7	-3.704e-7	5.582e-8	-4.380e-7	-3.743e-7	6.372e-8	-3.525e-7	-3.065e-7	4.600e-8	-3.810e-7	-3.217e-7	5.935e-8	-3.555e-7	-3.088e-7	4.666e-8	-3.856e-7	-3.255e-7	6.014e-8
0.076	-3.441e-7	-3.034e-7	4.071e-8	-3.724e-7	-3.212e-7	5.120e-8	-4.254e-7	-3.692e-7	5.613e-8	-4.364e-7	-3.730e-7	6.333e-8	-3.501e-7	-3.047e-7	4.546e-8	-3.799e-7	-3.204e-7	5.946e-8	-3.544e-7	-3.073e-7	4.708e-8	-3.838e-7	-3.239e-7	5.991e-8
0.072	-3.431e-7	-3.024e-7	4.068e-8	-3.700e-7	-3.195e-7	5.053e-8	-4.233e-7	-3.677e-7	5.562e-8	-4.347e-7	-3.717e-7	6.298e-8	-3.489e-7	-3.033e-7	4.556e-8	-3.785e-7	-3.192e-7	5.923e-8	-3.526e-7	-3.058e-7	4.680e-8	-3.822e-7	-3.225e-7	5.968e-8
0.068	-3.407e-7	-3.006e-7	4.004e-8	-3.676e-7	-3.178e-7	4.984e-8	-4.214e-7	-3.663e-7	5.516e-8	-4.321e-7	-3.701e-7	6.200e-8	-3.472e-7	-3.020e-7	4.521e-8	-3.755e-7	-3.170e-7	5.852e-8	-3.506e-7	-3.044e-7	4.618e-8	-3.795e-7	-3.206e-7	5.893e-8
0.064	-3.407e-7	-2.999e-7	4.079e-8	-3.664e-7	-3.163e-7	5.009e-8	-4.194e-7	-3.648e-7	5.469e-8	-4.307e-7	-3.686e-7	6.209e-8	-3.452e-7	-3.005e-7	4.479e-8	-3.741e-7	-3.160e-7	5.817e-8	-3.494e-7	-3.030e-7	4.634e-8	-3.781e-7	-3.191e-7	5.901e-8
0.060	-3.390e-7	-2.989e-7	4.003e-8	-3.643e-7	-3.147e-7	4.957e-8	-4.187e-7	-3.639e-7	5.475e-8	-4.288e-7	-3.680e-7	6.084e-8	-3.451e-7	-3.000e-7	4.509e-8	-3.723e-7	-3.145e-7	5.784e-8	-3.482e-7	-3.025e-7	4.571e-8	-3.764e-7	-3.177e-7	5.874e-8
0.056	-3.384e-7	-2.984e-7	3.997e-8	-3.627e-7	-3.139e-7	4.876e-8	-4.171e-7	-3.631e-7	5.404e-8	-4.271e-7	-3.661e-7	6.099e-8	-3.430e-7	-2.987e-7	4.424e-8	-3.704e-7	-3.132e-7	5.717e-8	-3.469e-7	-3.012e-7	4.566e-8	-3.739e-7	-3.163e-7	5.761e-8
0.052	-3.379e-7	-2.983e-7	3.952e-8	-3.613e-7	-3.130e-7	4.832e-8	-4.160e-7	-3.624e-7	5.357e-8	-4.258e-7	-3.653e-7	6.050e-8	-3.423e-7	-2.982e-7	4.415e-8	-3.694e-7	-3.127e-7	5.669e-8	-3.455e-7	-3.005e-7	4.499e-8	-3.728e-7	-3.154e-7	5.741e-8
0.048	-3.374e-7	-2.979e-7	3.957e-8	-3.603e-7	-3.121e-7	4.825e-8	-4.150e-7	-3.618e-7	5.321e-8	-4.247e-7	-3.647e-7	6.006e-8	-3.411e-7	-2.972e-7	4.390e-8	-3.676e-7	-3.109e-7	5.668e-8	-3.454e-7	-2.998e-7	4.553e-8	-3.707e-7	-3.141e-7	5.659e-8
0.044	-3.365e-7	-2.976e-7	3.886e-8	-3.583e-7	-3.110e-7	4.735e-8	-4.141e-7	-3.612e-7	5.291e-8	-4.225e-7	-3.635e-7	5.907e-8	-3.404e-7	-2.972e-7	4.323e-8	-3.658e-7	-3.101e-7	5.565e-8	-3.433e-7	-2.989e-7	4.442e-8	-3.692e-7	-3.129e-7	5.630e-8
0.040	-3.362e-7	-2.975e-7	3.870e-8	-3.578e-7	-3.106e-7	4.713e-8	-4.125e-7	-3.604e-7	5.220e-8	-4.209e-7	-3.627e-7	5.815e-8	-3.386e-7	-2.959e-7	4.267e-8	-3.645e-7	-3.097e-7	5.486e-8	-3.428e-7	-2.987e-7	4.404e-8	-3.674e-7	-3.119e-7	5.551e-8
0.036	-3.363e-7	-2.977e-7	3.866e-8	-3.569e-7	-3.103e-7	4.658e-8	-4.121e-7	-3.598e-7	5.230e-8	-4.201e-7	-3.626e-7	5.754e-8	-3.387e-7	-2.959e-7	4.276e-8	-3.630e-7	-3.083e-7	5.468e-8	-3.416e-7	-2.980e-7	4.358e-8	-3.662e-7	-3.110e-7	5.516e-8
0.032	-3.365e-7	-2.975e-7	3.901e-8	-3.562e-7	-3.097e-7	4.648e-8	-4.121e-7	-3.601e-7	5.198e-8	-4.185e-7	-3.617e-7	5.681e-8	-3.385e-7	-2.959e-7	4.254e-8	-3.618e-7	-3.076e-7	5.416e-8	-3.417e-7	-2.980e-7	4.375e-8	-3.652e-7	-3.103e-7	5.486e-8
0.028	-3.370e-7	-2.984e-7	3.860e-8	-3.568e-7	-3.108e-7	4.599e-8	-4.122e-7	-3.605e-7	5.166e-8	-4.179e-7	-3.618e-7	5.609e-8	-3.386e-7	-2.964e-7	4.213e-8	-3.608e-7	-3.072e-7	5.357e-8	-3.413e-7	-2.981e-7	4.321e-8	-3.640e-7	-3.097e-7	5.436e-8
0.024	-3.373e-7	-2.992e-7	3.814e-8	-3.562e-7	-3.110e-7	4.522e-8	-4.111e-7	-3.604e-7	5.073e-8	-4.175e-7	-3.621e-7	5.536e-8	-3.383e-7	-2.965e-7	4.181e-8	-3.595e-7	-3.063e-7	5.324e-8	-3.413e-7	-2.984e-7	4.291e-8	-3.627e-7	-3.094e-7	5.334e-8
0.020	-3.384e-7	-3.004e-7	3.800e-8	-3.563e-7	-3.120e-7	4.428e-8	-4.119e-7	-3.615e-7	5.045e-8	-4.165e-7	-3.619e-7	5.460e-8	-3.388e-7	-2.974e-7	4.141e-8	-3.592e-7	-3.066e-7	5.259e-8	-3.415e-7	-2.988e-7	4.268e-8	-3.620e-7	-3.087e-7	5.330e-8
0.016	-3.384e-7	-3.011e-7	3.733e-8	-3.555e-7	-3.117e-7	4.379e-8	-4.110e-7	-3.618e-7	4.919e-8	-4.167e-7	-3.634e-7	5.331e-8	-3.382e-7	-2.978e-7	4.043e-8	-3.571e-7	-3.056e-7	5.154e-8	-3.416e-7	-2.998e-7	4.173e-8	-3.604e-7	-3.085e-7	5.190e-8
0.012	-3.406e-7	-3.032e-7	3.740e-8	-3.542e-7	-3.105e-7	4.374e-8	-4.131e-7	-3.635e-7	4.953e-8	-4.169e-7	-3.641e-7	5.275e-8	-3.402e-7	-2.991e-7	4.107e-8	-3.576e-7	-3.061e-7	5.144e-8	-3.423e-7	-3.008e-7	4.149e-8	-3.605e-7	-3.086e-7	5.194e-8
0.008	-3.421e-7	-3.050e-7	3.710e-8	-3.521e-7	-3.092e-7	4.286e-8	-4.133e-7	-3.645e-7	4.873e-8	-4.161e-7	-3.641e-7	5.206e-8	-3.404e-7	-3.002e-7	4.018e-8	-3.568e-7	-3.061e-7	5.075e-8	-3.432e-7	-3.020e-7	4.126e-8	-3.596e-7	-3.083e-7	5.122e-8
0.004	-3.429e-7	-3.066e-7	3.638e-8	-3.516e-7	-3.091e-7	4.252e-8	-4.146e-7	-3.665e-7	4.818e-8	-4.157e-7	-3.651e-7	5.063e-8	-3.417e-7	-3.016e-7	4.010e-8	-3.559e-7	-3.063e-7	4.962e-8	-3.443e-7	-3.035e-7	4.081e-8	-3.591e-7	-3.089e-7	5.026e-8
0.000	-3.453e-7	-3.089e-7	3.642e-8	-3.509e-7	-3.089e-7	4.204e-8	-4.160e-7	-3.679e-7	4.809e-8	-4.154e-7	-3.658e-7	4.960e-8	-3.426e-7	-3.033e-7	3.931e-8	-3.557e-7	-3.066e-7	4.915e-8	-3.456e-7	-3.052e-7	4.034e-8	-3.588e-7	-3.089e-7	4.984e-8
