0.896, -1.001e-5, 6.566e-6, 1.658e-5, -9.430e-6, 6.102e-6, 1.553e-5, -8.265e-6, 5.623e-6, 1.389e-5, -8.728e-6, 6.937e-6, 1.566e-5, -7.740e-6, 5.291e-6, 1.303e-5, -9.132e-6, 6.170e-6, 1.530e-5, -7.186e-6, 4.677e-6, 1.186e-5, -8.801e-6, 5.673e-6, 1.447e-5
0.892, -8.889e-6, 4.688e-6, 1.358e-5, -8.362e-6, 4.273e-6, 1.263e-5, -7.351e-6, 3.930e-6, 1.128e-5, -7.745e-6, 5.127e-6, 1.287e-5, -6.934e-6, 3.721e-6, 1.066e-5, -8.153e-6, 4.293e-6, 1.245e-5, -6.419e-6, 3.275e-6, 9.695e-6, -7.844e-6, 3.931e-6, 1.177e-5
0.888, -7.867e-6, 3.618e-6, 1.149e-5, -7.395e-6, 3.240e-6, 1.064e-5, -6.495e-6, 2.998e-6, 9.493e-6, -6.830e-6, 4.128e-6, 1.096e-5, -6.155e-6, 2.875e-6, 9.030e-6, -7.220e-6, 3.288e-6, 1.051e-5, -5.696e-6, 2.509e-6, 8.205e-6, -6.948e-6, 2.988e-6, 9.935e-6
0.884, -7.052e-6, 2.856e-6, 9.907e-6, -6.629e-6, 2.506e-6, 9.135e-6, -5.809e-6, 2.342e-6, 8.151e-6, -6.098e-6, 3.428e-6, 9.526e-6, -5.532e-6, 2.282e-6, 7.814e-6, -6.474e-6, 2.588e-6, 9.062e-6, -5.118e-6, 1.969e-6, 7.087e-6, -6.232e-6, 2.328e-6, 8.560e-6
0.880, -6.392e-6, 2.268e-6, 8.660e-6, -6.011e-6, 1.944e-6, 7.955e-6, -5.256e-6, 1.836e-6, 7.092e-6, -5.511e-6, 2.889e-6, 8.400e-6, -5.027e-6, 1.829e-6, 6.856e-6, -5.871e-6, 2.056e-6, 7.928e-6, -4.653e-6, 1.556e-6, 6.208e-6, -5.654e-6, 1.824e-6, 7.478e-6
0.876, -5.840e-6, 1.804e-6, 7.644e-6, -5.498e-6, 1.501e-6, 6.998e-6, -4.801e-6, 1.434e-6, 6.235e-6, -5.029e-6, 2.458e-6, 7.487e-6, -4.613e-6, 1.468e-6, 6.081e-6, -5.371e-6, 1.637e-6, 7.008e-6, -4.268e-6, 1.226e-6, 5.494e-6, -5.175e-6, 1.426e-6, 6.601e-6
0.872, -5.379e-6, 1.419e-6, 6.798e-6, -5.069e-6, 1.135e-6, 6.204e-6, -4.423e-6, 1.096e-6, 5.519e-6, -4.627e-6, 2.100e-6, 6.726e-6, -4.267e-6, 1.167e-6, 5.434e-6, -4.955e-6, 1.290e-6, 6.245e-6, -3.949e-6, 9.513e-7, 4.900e-6, -4.775e-6, 1.097e-6, 5.871e-6
0.868, -4.988e-6, 1.096e-6, 6.084e-6, -4.706e-6, 8.293e-7, 5.535e-6, -4.101e-6, 8.107e-7, 4.912e-6, -4.291e-6, 1.800e-6, 6.092e-6, -3.977e-6, 9.125e-7, 4.890e-6, -4.602e-6, 9.995e-7, 5.602e-6, -3.679e-6, 7.195e-7, 4.398e-6, -4.434e-6, 8.211e-7, 5.255e-6
0.864, -4.653e-6, 8.188e-7, 5.471e-6, -4.396e-6, 5.676e-7, 4.963e-6, -3.830e-6, 5.651e-7, 4.395e-6, -3.999e-6, 1.543e-6, 5.542e-6, -3.728e-6, 6.924e-7, 4.420e-6, -4.301e-6, 7.511e-7, 5.052e-6, -3.449e-6, 5.194e-7, 3.968e-6, -4.146e-6, 5.841e-7, 4.730e-6
0.860, -4.363e-6, 5.796e-7, 4.942e-6, -4.124e-6, 3.439e-7, 4.468e-6, -3.587e-6, 3.602e-7, 3.948e-6, -3.754e-6, 1.313e-6, 5.068e-6, -3.514e-6, 5.012e-7, 4.015e-6, -4.040e-6, 5.366e-7, 4.576e-6, -3.250e-6, 3.447e-7, 3.595e-6, -3.893e-6, 3.806e-7, 4.273e-6
0.856, -4.108e-6, 3.707e-7, 4.478e-6, -3.888e-6, 1.482e-7, 4.036e-6, -3.379e-6, 1.758e-7, 3.554e-6, -3.539e-6, 1.117e-6, 4.656e-6, -3.327e-6, 3.323e-7, 3.659e-6, -3.811e-6, 3.492e-7, 4.160e-6, -3.079e-6, 1.903e-7, 3.269e-6, -3.673e-6, 2.019e-7, 3.874e-6
0.852, -3.882e-6, 1.892e-7, 4.071e-6, -3.677e-6, -2.278e-8, 3.654e-6, -3.198e-6, 1.209e-8, 3.210e-6, -3.342e-6, 9.494e-7, 4.291e-6, -3.164e-6, 1.830e-7, 3.347e-6, -3.607e-6, 1.846e-7, 3.792e-6, -2.927e-6, 5.346e-8, 2.980e-6, -3.477e-6, 4.579e-8, 3.523e-6
0.848, -3.679e-6, 2.836e-8, 3.707e-6, -3.490e-6, -1.735e-7, 3.317e-6, -3.033e-6, -1.317e-7, 2.901e-6, -3.171e-6, 7.973e-7, 3.968e-6, -3.017e-6, 4.926e-8, 3.067e-6, -3.427e-6, 3.883e-8, 3.466e-6, -2.793e-6, -6.990e-8, 2.723e-6, -3.305e-6, -9.374e-8, 3.211e-6
0.844, -3.501e-6, -1.137e-7, 3.387e-6, -3.321e-6, -3.063e-7, 3.014e-6, -2.886e-6, -2.590e-7, 2.627e-6, -3.020e-6, 6.614e-7, 3.681e-6, -2.889e-6, -7.203e-8, 2.817e-6, -3.269e-6, -9.194e-8, 3.177e-6, -2.674e-6, -1.812e-7, 2.493e-6, -3.151e-6, -2.184e-7, 2.933e-6
0.840, -3.332e-6, -2.370e-7, 3.095e-6, -3.163e-6, -4.206e-7, 2.742e-6, -2.756e-6, -3.743e-7, 2.381e-6, -2.873e-6, 5.475e-7, 3.420e-6, -2.770e-6, -1.801e-7, 2.590e-6, -3.121e-6, -2.066e-7, 2.914e-6, -2.564e-6, -2.792e-7, 2.284e-6, -3.009e-6, -3.268e-7, 2.682e-6
0.836, -3.174e-6, -3.419e-7, 2.832e-6, -3.015e-6, -5.183e-7, 2.496e-6, -2.623e-6, -4.699e-7, 2.153e-6, -2.747e-6, 4.443e-7, 3.191e-6, -2.658e-6, -2.737e-7, 2.384e-6, -2.982e-6, -3.047e-7, 2.678e-6, -2.460e-6, -3.645e-7, 2.095e-6, -2.875e-6, -4.203e-7, 2.455e-6
0.832, -3.027e-6, -4.333e-7, 2.593e-6, -2.876e-6, -6.028e-7, 2.273e-6, -2.509e-6, -5.572e-7, 1.952e-6, -2.619e-6, 3.568e-7, 2.976e-6, -2.552e-6, -3.561e-7, 2.196e-6, -2.855e-6, -3.919e-7, 2.463e-6, -2.365e-6, -4.405e-7, 1.925e-6, -2.751e-6, -5.024e-7, 2.248e-6
0.828, -2.887e-6, -5.105e-7, 2.376e-6, -2.744e-6, -6.747e-7, 2.069e-6, -2.397e-6, -6.303e-7, 1.767e-6, -2.502e-6, 2.798e-7, 2.782e-6, -2.454e-6, -4.284e-7, 2.026e-6, -2.733e-6, -4.667e-7, 2.266e-6, -2.274e-6, -5.063e-7, 1.767e-6, -2.634e-6, -5.734e-7, 2.060e-6
0.824, -2.754e-6, -5.776e-7, 2.177e-6, -2.621e-6, -7.371e-7, 1.884e-6, -2.292e-6, -6.953e-7, 1.596e-6, -2.393e-6, 2.115e-7, 2.604e-6, -2.360e-6, -4.920e-7, 1.868e-6, -2.620e-6, -5.338e-7, 2.086e-6, -2.187e-6, -5.642e-7, 1.622e-6, -2.525e-6, -6.361e-7, 1.889e-6
0.820, -2.630e-6, -6.334e-7, 1.997e-6, -2.503e-6, -7.881e-7, 1.715e-6, -2.194e-6, -7.512e-7, 1.443e-6, -2.285e-6, 1.547e-7, 2.440e-6, -2.271e-6, -5.467e-7, 1.724e-6, -2.514e-6, -5.902e-7, 1.923e-6, -2.103e-6, -6.140e-7, 1.489e-6, -2.421e-6, -6.884e-7, 1.733e-6
0.816, -2.512e-6, -6.804e-7, 1.832e-6, -2.390e-6, -8.315e-7, 1.559e-6, -2.097e-6, -7.977e-7, 1.300e-6, -2.188e-6, 1.034e-7, 2.291e-6, -2.185e-6, -5.939e-7, 1.591e-6, -2.413e-6, -6.394e-7, 1.773e-6, -2.023e-6, -6.567e-7, 1.366e-6, -2.323e-6, -7.340e-7, 1.589e-6
0.812, -2.400e-6, -7.192e-7, 1.681e-6, -2.282e-6, -8.669e-7, 1.415e-6, -2.008e-6, -8.381e-7, 1.170e-6, -2.092e-6, 6.075e-8, 2.153e-6, -2.102e-6, -6.341e-7, 1.468e-6, -2.317e-6, -6.819e-7, 1.635e-6, -1.947e-6, -6.932e-7, 1.254e-6, -2.229e-6, -7.730e-7, 1.456e-6
0.808, -2.290e-6, -7.502e-7, 1.540e-6, -2.181e-6, -8.958e-7, 1.285e-6, -1.922e-6, -8.734e-7, 1.049e-6, -2.002e-6, 2.625e-8, 2.029e-6, -2.022e-6, -6.681e-7, 1.354e-6, -2.225e-6, -7.172e-7, 1.507e-6, -1.872e-6, -7.231e-7, 1.149e-6, -2.139e-6, -8.052e-7, 1.334e-6
0.804, -2.189e-6, -7.749e-7, 1.414e-6, -2.084e-6, -9.192e-7, 1.165e-6, -1.845e-6, -9.030e-7, 9.415e-7, -1.915e-6, -2.514e-9, 1.912e-6, -1.948e-6, -6.968e-7, 1.251e-6, -2.139e-6, -7.479e-7, 1.391e-6, -1.802e-6, -7.485e-7, 1.054e-6, -2.056e-6, -8.325e-7, 1.223e-6
0.800, -2.091e-6, -7.931e-7, 1.298e-6, -1.993e-6, -9.368e-7, 1.057e-6, -1.768e-6, -9.260e-7, 8.420e-7, -1.836e-6, -2.781e-8, 1.808e-6, -1.877e-6, -7.205e-7, 1.156e-6, -2.059e-6, -7.734e-7, 1.286e-6, -1.736e-6, -7.690e-7, 9.665e-7, -1.977e-6, -8.549e-7, 1.122e-6
0.796, -1.998e-6, -8.072e-7, 1.191e-6, -1.905e-6, -9.492e-7, 9.554e-7, -1.692e-6, -9.455e-7, 7.466e-7, -1.760e-6, -4.679e-8, 1.713e-6, -1.807e-6, -7.400e-7, 1.067e-6, -1.982e-6, -7.944e-7, 1.187e-6, -1.671e-6, -7.856e-7, 8.852e-7, -1.900e-6, -8.723e-7, 1.028e-6
0.792, -1.912e-6, -8.156e-7, 1.097e-6, -1.823e-6, -9.575e-7, 8.655e-7, -1.621e-6, -9.587e-7, 6.628e-7, -1.692e-6, -6.472e-8, 1.627e-6, -1.744e-6, -7.550e-7, 9.887e-7, -1.911e-6, -8.116e-7, 1.099e-6, -1.611e-6, -7.984e-7, 8.124e-7, -1.830e-6, -8.864e-7, 9.434e-7
0.788, -1.831e-6, -8.207e-7, 1.011e-6, -1.748e-6, -9.627e-7, 7.853e-7, -1.563e-6, -9.728e-7, 5.898e-7, -1.621e-6, -7.540e-8, 1.546e-6, -1.685e-6, -7.678e-7, 9.174e-7, -1.846e-6, -8.256e-7, 1.020e-6, -1.555e-6, -8.090e-7, 7.458e-7, -1.765e-6, -8.976e-7, 8.676e-7
0.784, -1.755e-6, -8.210e-7, 9.335e-7, -1.675e-6, -9.633e-7, 7.116e-7, -1.501e-6, -9.800e-7, 5.206e-7, -1.560e-6, -8.484e-8, 1.476e-6, -1.629e-6, -7.766e-7, 8.522e-7, -1.783e-6, -8.356e-7, 9.479e-7, -1.500e-6, -8.148e-7, 6.857e-7, -1.703e-6, -9.049e-7, 7.983e-7
0.780, -1.683e-6, -8.182e-7, 8.650e-7, -1.607e-6, -9.603e-7, 6.466e-7, -1.446e-6, -9.853e-7, 4.610e-7, -1.501e-6, -8.940e-8, 1.412e-6, -1.577e-6, -7.825e-7, 7.946e-7, -1.727e-6, -8.427e-7, 8.839e-7, -1.451e-6, -8.188e-7, 6.325e-7, -1.646e-6, -9.090e-7, 7.373e-7
0.776, -1.616e-6, -8.136e-7, 8.027e-7, -1.544e-6, -9.561e-7, 5.877e-7, -1.394e-6, -9.896e-7, 4.040e-7, -1.448e-6, -9.330e-8, 1.355e-6, -1.529e-6, -7.878e-7, 7.410e-7, -1.673e-6, -8.489e-7, 8.244e-7, -1.406e-6, -8.212e-7, 5.844e-7, -1.592e-6, -9.121e-7, 6.803e-7
0.772, -1.552e-6, -8.041e-7, 7.477e-7, -1.484e-6, -9.481e-7, 5.358e-7, -1.345e-6, -9.895e-7, 3.556e-7, -1.397e-6, -9.424e-8, 1.303e-6, -1.483e-6, -7.890e-7, 6.941e-7, -1.623e-6, -8.513e-7, 7.721e-7, -1.362e-6, -8.198e-7, 5.418e-7, -1.542e-6, -9.107e-7, 6.311e-7
0.768, -1.493e-6, -7.929e-7, 6.998e-7, -1.428e-6, -9.374e-7, 4.906e-7, -1.303e-6, -9.894e-7, 3.135e-7, -1.347e-6, -9.107e-8, 1.256e-6, -1.440e-6, -7.877e-7, 6.527e-7, -1.577e-6, -8.515e-7, 7.254e-7, -1.321e-6, -8.167e-7, 5.040e-7, -1.495e-6, -9.081e-7, 5.869e-7
0.764, -1.437e-6, -7.795e-7, 6.577e-7, -1.376e-6, -9.242e-7, 4.517e-7, -1.256e-6, -9.818e-7, 2.745e-7, -1.307e-6, -9.075e-8, 1.216e-6, -1.401e-6, -7.848e-7, 6.163e-7, -1.534e-6, -8.498e-7, 6.846e-7, -1.283e-6, -8.114e-7, 4.714e-7, -1.452e-6, -9.029e-7, 5.486e-7
0.760, -1.386e-6, -7.647e-7, 6.214e-7, -1.327e-6, -9.099e-7, 4.174e-7, -1.220e-6, -9.806e-7, 2.393e-7, -1.265e-6, -8.241e-8, 1.182e-6, -1.365e-6, -7.803e-7, 5.845e-7, -1.495e-6, -8.471e-7, 6.480e-7, -1.247e-6, -8.048e-7, 4.427e-7, -1.411e-6, -8.966e-7, 5.148e-7
0.756, -1.337e-6, -7.475e-7, 5.892e-7, -1.281e-6, -8.938e-7, 3.875e-7, -1.182e-6, -9.744e-7, 2.074e-7, -1.228e-6, -7.574e-8, 1.152e-6, -1.331e-6, -7.745e-7, 5.566e-7, -1.457e-6, -8.416e-7, 6.157e-7, -1.214e-6, -7.960e-7, 4.178e-7, -1.373e-6, -8.882e-7, 4.851e-7
0.752, -1.291e-6, -7.301e-7, 5.613e-7, -1.237e-6, -8.766e-7, 3.608e-7, -1.150e-6, -9.683e-7, 1.816e-7, -1.188e-6, -6.596e-8, 1.122e-6, -1.299e-6, -7.669e-7, 5.316e-7, -1.422e-6, -8.355e-7, 5.869e-7, -1.182e-6, -7.868e-7, 3.957e-7, -1.337e-6, -8.786e-7, 4.584e-7
0.748, -1.249e-6, -7.110e-7, 5.381e-7, -1.198e-6, -8.592e-7, 3.387e-7, -1.116e-6, -9.572e-7, 1.587e-7, -1.156e-6, -5.905e-8, 1.097e-6, -1.268e-6, -7.581e-7, 5.104e-7, -1.390e-6, -8.279e-7, 5.622e-7, -1.152e-6, -7.756e-7, 3.766e-7, -1.303e-6, -8.677e-7, 4.356e-7
0.744, -1.210e-6, -6.924e-7, 5.180e-7, -1.162e-6, -8.416e-7, 3.201e-7, -1.087e-6, -9.504e-7, 1.367e-7, -1.125e-6, -4.912e-8, 1.076e-6, -1.241e-6, -7.494e-7, 4.918e-7, -1.361e-6, -8.203e-7, 5.404e-7, -1.126e-6, -7.648e-7, 3.607e-7, -1.273e-6, -8.572e-7, 4.157e-7
0.740, -1.176e-6, -6.742e-7, 5.014e-7, -1.127e-6, -8.236e-7, 3.039e-7, -1.061e-6, -9.433e-7, 1.182e-7, -1.097e-6, -3.844e-8, 1.058e-6, -1.216e-6, -7.398e-7, 4.759e-7, -1.333e-6, -8.119e-7, 5.216e-7, -1.101e-6, -7.532e-7, 3.474e-7, -1.245e-6, -8.459e-7, 3.987e-7
0.736, -1.142e-6, -6.547e-7, 4.874e-7, -1.096e-6, -8.051e-7, 2.912e-7, -1.036e-6, -9.341e-7, 1.015e-7, -1.070e-6, -2.836e-8, 1.042e-6, -1.191e-6, -7.287e-7, 4.620e-7, -1.307e-6, -8.025e-7, 5.050e-7, -1.077e-6, -7.405e-7, 3.363e-7, -1.218e-6, -8.334e-7, 3.843e-7
0.732, -1.110e-6, -6.352e-7, 4.751e-7, -1.067e-6, -7.864e-7, 2.804e-7, -1.010e-6, -9.223e-7, 8.809e-8, -1.047e-6, -1.975e-8, 1.027e-6, -1.168e-6, -7.173e-7, 4.510e-7, -1.284e-6, -7.924e-7, 4.913e-7, -1.054e-6, -7.269e-7, 3.272e-7, -1.193e-6, -8.200e-7, 3.726e-7
0.728, -1.083e-6, -6.171e-7, 4.658e-7, -1.040e-6, -7.686e-7, 2.714e-7, -9.898e-7, -9.133e-7, 7.652e-8, -1.024e-6, -9.562e-9, 1.014e-6, -1.148e-6, -7.061e-7, 4.414e-7, -1.261e-6, -7.818e-7, 4.790e-7, -1.034e-6, -7.142e-7, 3.197e-7, -1.170e-6, -8.071e-7, 3.626e-7
0.724, -1.055e-6, -5.985e-7, 4.566e-7, -1.015e-6, -7.523e-7, 2.627e-7, -9.715e-7, -9.071e-7, 6.437e-8, -9.999e-7, 2.697e-9, 1.003e-6, -1.126e-6, -6.943e-7, 4.317e-7, -1.239e-6, -7.714e-7, 4.675e-7, -1.013e-6, -7.006e-7, 3.124e-7, -1.147e-6, -7.942e-7, 3.530e-7
0.720, -1.032e-6, -5.812e-7, 4.503e-7, -9.933e-7, -7.363e-7, 2.570e-7, -9.507e-7, -8.953e-7, 5.540e-8, -9.834e-7, 9.146e-9, 9.925e-7, -1.108e-6, -6.830e-7, 4.251e-7, -1.219e-6, -7.606e-7, 4.584e-7, -9.954e-7, -6.877e-7, 3.078e-7, -1.127e-6, -7.818e-7, 3.453e-7
0.716, -1.011e-6, -5.655e-7, 4.455e-7, -9.724e-7, -7.204e-7, 2.519e-7, -9.330e-7, -8.874e-7, 4.562e-8, -9.682e-7, 1.864e-8, 9.869e-7, -1.091e-6, -6.715e-7, 4.197e-7, -1.201e-6, -7.502e-7, 4.513e-7, -9.796e-7, -6.748e-7, 3.048e-7, -1.110e-6, -7.692e-7, 3.404e-7
0.712, -9.900e-7, -5.489e-7, 4.412e-7, -9.533e-7, -7.052e-7, 2.481e-7, -9.205e-7, -8.819e-7, 3.859e-8, -9.486e-7, 3.151e-8, 9.801e-7, -1.074e-6, -6.592e-7, 4.149e-7, -1.184e-6, -7.392e-7, 4.446e-7, -9.631e-7, -6.613e-7, 3.018e-7, -1.092e-6, -7.560e-7, 3.361e-7
0.708, -9.700e-7, -5.331e-7, 4.369e-7, -9.339e-7, -6.897e-7, 2.442e-7, -9.045e-7, -8.707e-7, 3.380e-8, -9.318e-7, 3.868e-8, 9.705e-7, -1.057e-6, -6.465e-7, 4.103e-7, -1.166e-6, -7.277e-7, 4.381e-7, -9.466e-7, -6.480e-7, 2.986e-7, -1.073e-6, -7.427e-7, 3.307e-7
0.704, -9.526e-7, -5.187e-7, 4.338e-7, -9.174e-7, -6.759e-7, 2.415e-7, -8.869e-7, -8.622e-7, 2.475e-8, -9.210e-7, 4.708e-8, 9.681e-7, -1.042e-6, -6.349e-7, 4.068e-7, -1.150e-6, -7.169e-7, 4.332e-7, -9.316e-7, -6.351e-7, 2.965e-7, -1.058e-6, -7.306e-7, 3.278e-7
0.700, -9.358e-7, -5.045e-7, 4.313e-7, -9.005e-7, -6.610e-7, 2.395e-7, -8.759e-7, -8.548e-7, 2.109e-8, -9.048e-7, 5.830e-8, 9.631e-7, -1.026e-6, -6.221e-7, 4.043e-7, -1.134e-6, -7.060e-7, 4.284e-7, -9.177e-7, -6.218e-7, 2.959e-7, -1.043e-6, -7.182e-7, 3.249e-7
0.696, -9.207e-7, -4.908e-7, 4.299e-7, -8.856e-7, -6.479e-7, 2.377e-7, -8.662e-7, -8.488e-7, 1.743e-8, -8.890e-7, 7.025e-8, 9.592e-7, -1.012e-6, -6.098e-7, 4.019e-7, -1.120e-6, -6.945e-7, 4.254e-7, -9.032e-7, -6.083e-7, 2.949e-7, -1.029e-6, -7.060e-7, 3.227e-7
0.692, -9.040e-7, -4.756e-7, 4.285e-7, -8.707e-7, -6.334e-7, 2.373e-7, -8.519e-7, -8.374e-7, 1.448e-8, -8.759e-7, 7.957e-8, 9.555e-7, -9.964e-7, -5.957e-7, 4.007e-7, -1.104e-6, -6.818e-7, 4.221e-7, -8.897e-7, -5.948e-7, 2.948e-7, -1.013e-6, -6.924e-7, 3.211e-7
0.688, -8.887e-7, -4.624e-7, 4.263e-7, -8.566e-7, -6.209e-7, 2.357e-7, -8.366e-7, -8.278e-7, 8.793e-9, -8.663e-7, 8.728e-8, 9.536e-7, -9.815e-7, -5.837e-7, 3.978e-7, -1.089e-6, -6.710e-7, 4.180e-7, -8.755e-7, -5.821e-7, 2.934e-7, -9.998e-7, -6.812e-7, 3.186e-7
0.684, -8.751e-7, -4.491e-7, 4.260e-7, -8.416e-7, -6.066e-7, 2.350e-7, -8.282e-7, -8.187e-7, 9.451e-9, -8.498e-7, 9.925e-8, 9.491e-7, -9.676e-7, -5.701e-7, 3.975e-7, -1.075e-6, -6.587e-7, 4.162e-7, -8.625e-7, -5.683e-7, 2.942e-7, -9.858e-7, -6.683e-7, 3.176e-7
0.680, -8.606e-7, -4.358e-7, 4.248e-7, -8.295e-7, -5.948e-7, 2.347e-7, -8.144e-7, -8.091e-7, 5.371e-9, -8.402e-7, 1.081e-7, 9.483e-7, -9.538e-7, -5.577e-7, 3.961e-7, -1.061e-6, -6.470e-7, 4.138e-7, -8.496e-7, -5.564e-7, 2.932e-7, -9.737e-7, -6.568e-7, 3.170e-7
0.676, -8.464e-7, -4.219e-7, 4.245e-7, -8.148e-7, -5.804e-7, 2.344e-7, -8.021e-7, -7.980e-7, 4.054e-9, -8.263e-7, 1.197e-7, 9.460e-7, -9.391e-7, -5.434e-7, 3.956e-7, -1.045e-6, -6.333e-7, 4.122e-7, -8.359e-7, -5.423e-7, 2.936e-7, -9.588e-7, -6.432e-7, 3.157e-7
0.672, -8.334e-7, -4.098e-7, 4.236e-7, -8.034e-7, -5.688e-7, 2.346e-7, -7.926e-7, -7.910e-7, 1.655e-9, -8.145e-7, 1.309e-7, 9.454e-7, -9.260e-7, -5.316e-7, 3.944e-7, -1.033e-6, -6.228e-7, 4.101e-7, -8.250e-7, -5.312e-7, 2.938e-7, -9.469e-7, -6.324e-7, 3.145e-7
0.668, -8.199e-7, -3.955e-7, 4.244e-7, -7.898e-7, -5.546e-7, 2.352e-7, -7.834e-7, -7.823e-7, 1.144e-9, -7.986e-7, 1.464e-7, 9.450e-7, -9.110e-7, -5.165e-7, 3.946e-7, -1.018e-6, -6.077e-7, 4.098e-7, -8.105e-7, -5.166e-7, 2.940e-7, -9.329e-7, -6.182e-7, 3.147e-7
0.664, -8.088e-7, -3.842e-7, 4.246e-7, -7.790e-7, -5.432e-7, 2.357e-7, -7.695e-7, -7.723e-7, -2.769e-9, -7.929e-7, 1.550e-7, 9.479e-7, -8.995e-7, -5.048e-7, 3.947e-7, -1.005e-6, -5.965e-7, 4.087e-7, -8.008e-7, -5.061e-7, 2.948e-7, -9.221e-7, -6.076e-7, 3.145e-7
0.660, -7.977e-7, -3.722e-7, 4.255e-7, -7.677e-7, -5.301e-7, 2.376e-7, -7.615e-7, -7.621e-7, -6.550e-10, -7.808e-7, 1.662e-7, 9.470e-7, -8.875e-7, -4.918e-7, 3.958e-7, -9.940e-7, -5.844e-7, 4.095e-7, -7.900e-7, -4.942e-7, 2.958e-7, -9.111e-7, -5.960e-7, 3.151e-7
0.656, -7.863e-7, -3.606e-7, 4.257e-7, -7.562e-7, -5.188e-7, 2.374e-7, -7.506e-7, -7.513e-7, -7.042e-10, -7.700e-7, 1.754e-7, 9.454e-7, -8.754e-7, -4.797e-7, 3.957e-7, -9.806e-7, -5.720e-7, 4.086e-7, -7.790e-7, -4.835e-7, 2.955e-7, -8.992e-7, -5.844e-7, 3.147e-7
0.652, -7.753e-7, -3.496e-7, 4.257e-7, -7.456e-7, -5.068e-7, 2.388e-7, -7.398e-7, -7.409e-7, -1.068e-9, -7.607e-7, 1.854e-7, 9.461e-7, -8.630e-7, -4.673e-7, 3.958e-7, -9.681e-7, -5.599e-7, 4.082e-7, -7.683e-7, -4.723e-7, 2.960e-7, -8.872e-7, -5.728e-7, 3.144e-7
0.648, -7.649e-7, -3.390e-7, 4.259e-7, -7.359e-7, -4.962e-7, 2.397e-7, -7.294e-7, -7.331e-7, -3.693e-9, -7.524e-7, 1.966e-7, 9.490e-7, -8.522e-7, -4.562e-7, 3.961e-7, -9.567e-7, -5.488e-7, 4.079e-7, -7.586e-7, -4.627e-7, 2.958e-7, -8.776e-7, -5.633e-7, 3.143e-7
0.644, -7.547e-7, -3.282e-7, 4.265e-7, -7.247e-7, -4.846e-7, 2.400e-7, -7.245e-7, -7.258e-7, -1.284e-9, -7.401e-7, 2.085e-7, 9.485e-7, -8.413e-7, -4.447e-7, 3.966e-7, -9.455e-7, -5.372e-7, 4.082e-7, -7.487e-7, -4.524e-7, 2.963e-7, -8.668e-7, -5.522e-7, 3.147e-7
0.640, -7.467e-7, -3.188e-7, 4.279e-7, -7.160e-7, -4.749e-7, 2.411e-7, -7.176e-7, -7.175e-7, 1.708e-10, -7.310e-7, 2.177e-7, 9.487e-7, -8.315e-7, -4.342e-7, 3.973e-7, -9.351e-7, -5.261e-7, 4.090e-7, -7.401e-7, -4.430e-7, 2.971e-7, -8.575e-7, -5.425e-7, 3.150e-7
0.636, -7.378e-7, -3.096e-7, 4.283e-7, -7.071e-7, -4.653e-7, 2.418e-7, -7.077e-7, -7.093e-7, -1.609e-9, -7.254e-7, 2.262e-7, 9.516e-7, -8.223e-7, -4.246e-7, 3.978e-7, -9.252e-7, -5.162e-7, 4.090e-7, -7.318e-7, -4.347e-7, 2.971e-7, -8.482e-7, -5.334e-7, 3.149e-7
0.632, -7.295e-7, -3.008e-7, 4.287e-7, -6.985e-7, -4.555e-7, 2.430e-7, -7.010e-7, -7.026e-7, -1.550e-9, -7.170e-7, 2.368e-7, 9.539e-7, -8.128e-7, -4.144e-7, 3.984e-7, -9.145e-7, -5.050e-7, 4.095e-7, -7.232e-7, -4.259e-7, 2.974e-7, -8.398e-7, -5.245e-7, 3.153e-7
0.628, -7.214e-7, -2.914e-7, 4.300e-7, -6.915e-7, -4.460e-7, 2.454e-7, -6.950e-7, -6.942e-7, 7.902e-10, -7.087e-7, 2.451e-7, 9.539e-7, -8.037e-7, -4.046e-7, 3.991e-7, -9.056e-7, -4.950e-7, 4.107e-7, -7.156e-7, -4.174e-7, 2.982e-7, -8.308e-7, -5.148e-7, 3.160e-7
0.624, -7.140e-7, -2.832e-7, 4.308e-7, -6.824e-7, -4.356e-7, 2.468e-7, -6.871e-7, -6.870e-7, 6.270e-11, -7.031e-7, 2.545e-7, 9.576e-7, -7.952e-7, -3.948e-7, 4.004e-7, -8.967e-7, -4.850e-7, 4.117e-7, -7.080e-7, -4.093e-7, 2.987e-7, -8.224e-7, -5.060e-7, 3.165e-7
0.620, -7.071e-7, -2.746e-7, 4.325e-7, -6.756e-7, -4.271e-7, 2.485e-7, -6.848e-7, -6.802e-7, 4.565e-9, -6.954e-7, 2.634e-7, 9.588e-7, -7.883e-7, -3.859e-7, 4.024e-7, -8.889e-7, -4.757e-7, 4.132e-7, -7.014e-7, -4.015e-7, 2.999e-7, -8.157e-7, -4.978e-7, 3.179e-7
0.616, -7.012e-7, -2.676e-7, 4.336e-7, -6.685e-7, -4.196e-7, 2.489e-7, -6.779e-7, -6.766e-7, 1.262e-9, -6.899e-7, 2.734e-7, 9.633e-7, -7.811e-7, -3.784e-7, 4.027e-7, -8.809e-7, -4.672e-7, 4.137e-7, -6.947e-7, -3.951e-7, 2.996e-7, -8.080e-7, -4.903e-7, 3.176e-7
0.612, -6.928e-7, -2.598e-7, 4.330e-7, -6.610e-7, -4.113e-7, 2.497e-7, -6.710e-7, -6.689e-7, 2.098e-9, -6.833e-7, 2.799e-7, 9.632e-7, -7.727e-7, -3.702e-7, 4.025e-7, -8.711e-7, -4.582e-7, 4.129e-7, -6.879e-7, -3.886e-7, 2.994e-7, -7.999e-7, -4.830e-7, 3.169e-7
0.608, -6.888e-7, -2.529e-7, 4.359e-7, -6.561e-7, -4.035e-7, 2.526e-7, -6.672e-7, -6.608e-7, 6.394e-9, -6.808e-7, 2.852e-7, 9.660e-7, -7.680e-7, -3.628e-7, 4.053e-7, -8.663e-7, -4.501e-7, 4.163e-7, -6.828e-7, -3.818e-7, 3.010e-7, -7.950e-7, -4.758e-7, 3.192e-7
0.604, -6.834e-7, -2.458e-7, 4.375e-7, -6.487e-7, -3.954e-7, 2.533e-7, -6.636e-7, -6.550e-7, 8.586e-9, -6.734e-7, 2.926e-7, 9.661e-7, -7.624e-7, -3.558e-7, 4.066e-7, -8.582e-7, -4.414e-7, 4.168e-7, -6.773e-7, -3.759e-7, 3.014e-7, -7.877e-7, -4.682e-7, 3.194e-7
0.600, -6.774e-7, -2.391e-7, 4.383e-7, -6.436e-7, -3.880e-7, 2.556e-7, -6.587e-7, -6.496e-7, 9.107e-9, -6.704e-7, 2.991e-7, 9.695e-7, -7.562e-7, -3.493e-7, 4.069e-7, -8.522e-7, -4.343e-7, 4.180e-7, -6.718e-7, -3.700e-7, 3.019e-7, -7.822e-7, -4.619e-7, 3.204e-7
0.596, -6.730e-7, -2.330e-7, 4.400e-7, -6.392e-7, -3.817e-7, 2.575e-7, -6.550e-7, -6.444e-7, 1.065e-8, -6.675e-7, 3.047e-7, 9.722e-7, -7.523e-7, -3.431e-7, 4.092e-7, -8.475e-7, -4.275e-7, 4.200e-7, -6.679e-7, -3.649e-7, 3.030e-7, -7.773e-7, -4.559e-7, 3.214e-7
0.592, -6.688e-7, -2.269e-7, 4.418e-7, -6.342e-7, -3.743e-7, 2.599e-7, -6.521e-7, -6.410e-7, 1.111e-8, -6.635e-7, 3.127e-7, 9.762e-7, -7.476e-7, -3.368e-7, 4.108e-7, -8.414e-7, -4.202e-7, 4.211e-7, -6.638e-7, -3.598e-7, 3.040e-7, -7.724e-7, -4.497e-7, 3.227e-7
0.588, -6.651e-7, -2.212e-7, 4.439e-7, -6.299e-7, -3.678e-7, 2.621e-7, -6.499e-7, -6.375e-7, 1.248e-8, -6.602e-7, 3.195e-7, 9.797e-7, -7.442e-7, -3.317e-7, 4.125e-7, -8.375e-7, -4.142e-7, 4.233e-7, -6.602e-7, -3.550e-7, 3.053e-7, -7.675e-7, -4.438e-7, 3.237e-7
0.584, -6.601e-7, -2.156e-7, 4.445e-7, -6.257e-7, -3.619e-7, 2.638e-7, -6.454e-7, -6.344e-7, 1.100e-8, -6.586e-7, 3.257e-7, 9.843e-7, -7.394e-7, -3.263e-7, 4.131e-7, -8.323e-7, -4.079e-7, 4.245e-7, -6.564e-7, -3.506e-7, 3.058e-7, -7.628e-7, -4.385e-7, 3.243e-7
0.580, -6.578e-7, -2.106e-7, 4.471e-7, -6.228e-7, -3.561e-7, 2.667e-7, -6.470e-7, -6.295e-7, 1.747e-8, -6.549e-7, 3.293e-7, 9.842e-7, -7.377e-7, -3.220e-7, 4.157e-7, -8.295e-7, -4.027e-7, 4.268e-7, -6.541e-7, -3.467e-7, 3.074e-7, -7.600e-7, -4.336e-7, 3.264e-7
0.576, -6.549e-7, -2.059e-7, 4.490e-7, -6.198e-7, -3.513e-7, 2.685e-7, -6.446e-7, -6.263e-7, 1.828e-8, -6.541e-7, 3.334e-7, 9.876e-7, -7.353e-7, -3.184e-7, 4.169e-7, -8.262e-7, -3.980e-7, 4.282e-7, -6.513e-7, -3.432e-7, 3.081e-7, -7.568e-7, -4.297e-7, 3.272e-7
0.572, -6.523e-7, -2.017e-7, 4.506e-7, -6.163e-7, -3.459e-7, 2.704e-7, -6.432e-7, -6.232e-7, 1.998e-8, -6.521e-7, 3.374e-7, 9.895e-7, -7.333e-7, -3.145e-7, 4.188e-7, -8.235e-7, -3.933e-7, 4.302e-7, -6.496e-7, -3.402e-7, 3.094e-7, -7.537e-7, -4.256e-7, 3.282e-7
0.568, -6.500e-7, -1.976e-7, 4.524e-7, -6.141e-7, -3.409e-7, 2.733e-7, -6.430e-7, -6.198e-7, 2.322e-8, -6.513e-7, 3.400e-7, 9.913e-7, -7.323e-7, -3.113e-7, 4.209e-7, -8.211e-7, -3.886e-7, 4.325e-7, -6.482e-7, -3.372e-7, 3.111e-7, -7.508e-7, -4.210e-7, 3.298e-7
0.564, -6.480e-7, -1.932e-7, 4.548e-7, -6.126e-7, -3.364e-7, 2.762e-7, -6.429e-7, -6.179e-7, 2.502e-8, -6.503e-7, 3.441e-7, 9.945e-7, -7.303e-7, -3.075e-7, 4.228e-7, -8.193e-7, -3.846e-7, 4.347e-7, -6.461e-7, -3.338e-7, 3.123e-7, -7.494e-7, -4.180e-7, 3.314e-7
0.560, -6.471e-7, -1.896e-7, 4.576e-7, -6.102e-7, -3.314e-7, 2.788e-7, -6.413e-7, -6.150e-7, 2.636e-8, -6.509e-7, 3.475e-7, 9.984e-7, -7.302e-7, -3.051e-7, 4.252e-7, -8.174e-7, -3.803e-7, 4.371e-7, -6.455e-7, -3.315e-7, 3.140e-7, -7.473e-7, -4.139e-7, 3.334e-7
0.556, -6.455e-7, -1.856e-7, 4.599e-7, -6.089e-7, -3.270e-7, 2.819e-7, -6.427e-7, -6.137e-7, 2.900e-8, -6.499e-7, 3.515e-7, 1.001e-6, -7.299e-7, -3.020e-7, 4.279e-7, -8.164e-7, -3.767e-7, 4.397e-7, -6.445e-7, -3.288e-7, 3.158e-7, -7.459e-7, -4.104e-7, 3.355e-7
0.552, -6.424e-7, -1.819e-7, 4.604e-7, -6.057e-7, -3.223e-7, 2.834e-7, -6.389e-7, -6.107e-7, 2.822e-8, -6.508e-7, 3.540e-7, 1.005e-6, -7.269e-7, -2.990e-7, 4.280e-7, -8.135e-7, -3.733e-7, 4.402e-7, -6.423e-7, -3.262e-7, 3.161e-7, -7.427e-7, -4.072e-7, 3.355e-7
0.548, -6.417e-7, -1.794e-7, 4.623e-7, -6.061e-7, -3.206e-7, 2.855e-7, -6.401e-7, -6.108e-7, 2.939e-8, -6.519e-7, 3.548e-7, 1.007e-6, -7.287e-7, -2.986e-7, 4.300e-7, -8.136e-7, -3.718e-7, 4.418e-7, -6.425e-7, -3.255e-7, 3.171e-7, -7.422e-7, -4.054e-7, 3.368e-7
0.544, -6.422e-7, -1.765e-7, 4.657e-7, -6.060e-7, -3.177e-7, 2.883e-7, -6.410e-7, -6.090e-7, 3.201e-8, -6.543e-7, 3.558e-7, 1.010e-6, -7.299e-7, -2.976e-7, 4.323e-7, -8.147e-7, -3.695e-7, 4.452e-7, -6.432e-7, -3.239e-7, 3.194e-7, -7.426e-7, -4.036e-7, 3.391e-7
0.540, -6.419e-7, -1.748e-7, 4.671e-7, -6.048e-7, -3.141e-7, 2.907e-7, -6.430e-7, -6.117e-7, 3.126e-8, -6.539e-7, 3.605e-7, 1.014e-6, -7.296e-7, -2.960e-7, 4.336e-7, -8.143e-7, -3.681e-7, 4.463e-7, -6.430e-7, -3.229e-7, 3.201e-7, -7.424e-7, -4.018e-7, 3.406e-7
0.536, -6.400e-7, -1.711e-7, 4.690e-7, -6.037e-7, -3.113e-7, 2.925e-7, -6.448e-7, -6.091e-7, 3.566e-8, -6.526e-7, 3.608e-7, 1.013e-6, -7.297e-7, -2.945e-7, 4.352e-7, -8.139e-7, -3.654e-7, 4.485e-7, -6.426e-7, -3.211e-7, 3.215e-7, -7.408e-7, -3.992e-7, 3.416e-7
0.532, -6.400e-7, -1.692e-7, 4.708e-7, -6.039e-7, -3.085e-7, 2.953e-7, -6.442e-7, -6.089e-7, 3.529e-8, -6.560e-7, 3.618e-7, 1.018e-6, -7.313e-7, -2.941e-7, 4.372e-7, -8.145e-7, -3.642e-7, 4.502e-7, -6.429e-7, -3.203e-7, 3.226e-7, -7.413e-7, -3.980e-7, 3.433e-7
0.528, -6.410e-7, -1.678e-7, 4.733e-7, -6.055e-7, -3.067e-7, 2.988e-7, -6.507e-7, -6.112e-7, 3.943e-8, -6.548e-7, 3.640e-7, 1.019e-6, -7.337e-7, -2.941e-7, 4.396e-7, -8.167e-7, -3.634e-7, 4.533e-7, -6.445e-7, -3.198e-7, 3.247e-7, -7.418e-7, -3.963e-7, 3.455e-7
0.524, -6.396e-7, -1.653e-7, 4.743e-7, -6.040e-7, -3.039e-7, 3.001e-7, -6.487e-7, -6.102e-7, 3.854e-8, -6.573e-7, 3.647e-7, 1.022e-6, -7.332e-7, -2.926e-7, 4.406e-7, -8.157e-7, -3.616e-7, 4.541e-7, -6.436e-7, -3.184e-7, 3.251e-7, -7.414e-7, -3.948e-7, 3.466e-7
0.520, -6.407e-7, -1.642e-7, 4.765e-7, -6.061e-7, -3.029e-7, 3.032e-7, -6.549e-7, -6.127e-7, 4.218e-8, -6.577e-7, 3.645e-7, 1.022e-6, -7.362e-7, -2.938e-7, 4.425e-7, -8.184e-7, -3.617e-7, 4.567e-7, -6.453e-7, -3.186e-7, 3.267e-7, -7.428e-7, -3.942e-7, 3.486e-7
0.516, -6.406e-7, -1.627e-7, 4.779e-7, -6.056e-7, -3.004e-7, 3.052e-7, -6.528e-7, -6.122e-7, 4.062e-8, -6.609e-7, 3.649e-7, 1.026e-6, -7.370e-7, -2.932e-7, 4.438e-7, -8.187e-7, -3.607e-7, 4.581e-7, -6.453e-7, -3.179e-7, 3.274e-7, -7.415e-7, -3.925e-7, 3.490e-7
0.512, -6.413e-7, -1.620e-7, 4.793e-7, -6.057e-7, -2.987e-7, 3.071e-7, -6.556e-7, -6.136e-7, 4.204e-8, -6.621e-7, 3.650e-7, 1.027e-6, -7.391e-7, -2.944e-7, 4.447e-7, -8.203e-7, -3.605e-7, 4.597e-7, -6.459e-7, -3.179e-7, 3.280e-7, -7.424e-7, -3.918e-7, 3.505e-7
0.508, -6.408e-7, -1.604e-7, 4.805e-7, -6.063e-7, -2.986e-7, 3.076e-7, -6.570e-7, -6.148e-7, 4.221e-8, -6.634e-7, 3.637e-7, 1.027e-6, -7.403e-7, -2.951e-7, 4.452e-7, -8.215e-7, -3.611e-7, 4.604e-7, -6.466e-7, -3.178e-7, 3.287e-7, -7.427e-7, -3.917e-7, 3.510e-7
0.504, -6.424e-7, -1.606e-7, 4.819e-7, -6.084e-7, -2.980e-7, 3.104e-7, -6.606e-7, -6.173e-7, 4.323e-8, -6.674e-7, 3.619e-7, 1.029e-6, -7.435e-7, -2.967e-7, 4.467e-7, -8.248e-7, -3.625e-7, 4.623e-7, -6.493e-7, -3.194e-7, 3.299e-7, -7.453e-7, -3.928e-7, 3.524e-7
0.500, -6.420e-7, -1.588e-7, 4.832e-7, -6.089e-7, -2.966e-7, 3.123e-7, -6.638e-7, -6.202e-7, 4.359e-8, -6.662e-7, 3.642e-7, 1.030e-6, -7.444e-7, -2.968e-7, 4.475e-7, -8.251e-7, -3.614e-7, 4.638e-7, -6.489e-7, -3.182e-7, 3.307e-7, -7.455e-7, -3.915e-7, 3.540e-7
0.496, -6.436e-7, -1.597e-7, 4.839e-7, -6.110e-7, -2.970e-7, 3.140e-7, -6.643e-7, -6.222e-7, 4.203e-8, -6.715e-7, 3.615e-7, 1.033e-6, -7.474e-7, -2.990e-7, 4.483e-7, -8.278e-7, -3.630e-7, 4.647e-7, -6.508e-7, -3.193e-7, 3.315e-7, -7.466e-7, -3.918e-7, 3.548e-7
0.492, -6.442e-7, -1.602e-7, 4.840e-7, -6.104e-7, -2.958e-7, 3.146e-7, -6.667e-7, -6.233e-7, 4.336e-8, -6.719e-7, 3.585e-7, 1.030e-6, -7.483e-7, -3.003e-7, 4.480e-7, -8.294e-7, -3.642e-7, 4.652e-7, -6.517e-7, -3.202e-7, 3.316e-7, -7.469e-7, -3.923e-7, 3.546e-7
0.488, -6.445e-7, -1.594e-7, 4.851e-7, -6.119e-7, -2.959e-7, 3.159e-7, -6.657e-7, -6.243e-7, 4.142e-8, -6.763e-7, 3.567e-7, 1.033e-6, -7.494e-7, -3.011e-7, 4.483e-7, -8.311e-7, -3.649e-7, 4.663e-7, -6.520e-7, -3.205e-7, 3.316e-7, -7.479e-7, -3.925e-7, 3.554e-7
0.484, -6.444e-7, -1.582e-7, 4.862e-7, -6.113e-7, -2.939e-7, 3.174e-7, -6.655e-7, -6.254e-7, 4.011e-8, -6.769e-7, 3.571e-7, 1.034e-6, -7.502e-7, -3.011e-7, 4.491e-7, -8.314e-7, -3.645e-7, 4.669e-7, -6.519e-7, -3.194e-7, 3.325e-7, -7.473e-7, -3.906e-7, 3.567e-7
0.480, -6.445e-7, -1.589e-7, 4.855e-7, -6.132e-7, -2.949e-7, 3.183e-7, -6.712e-7, -6.303e-7, 4.094e-8, -6.758e-7, 3.551e-7, 1.031e-6, -7.525e-7, -3.042e-7, 4.484e-7, -8.331e-7, -3.663e-7, 4.668e-7, -6.530e-7, -3.209e-7, 3.321e-7, -7.483e-7, -3.921e-7, 3.561e-7
0.476, -6.457e-7, -1.603e-7, 4.854e-7, -6.142e-7, -2.956e-7, 3.187e-7, -6.736e-7, -6.342e-7, 3.933e-8, -6.767e-7, 3.532e-7, 1.030e-6, -7.546e-7, -3.068e-7, 4.478e-7, -8.349e-7, -3.688e-7, 4.661e-7, -6.541e-7, -3.224e-7, 3.317e-7, -7.497e-7, -3.934e-7, 3.563e-7
0.472, -6.460e-7, -1.602e-7, 4.858e-7, -6.138e-7, -2.948e-7, 3.190e-7, -6.701e-7, -6.359e-7, 3.416e-8, -6.817e-7, 3.514e-7, 1.033e-6, -7.549e-7, -3.081e-7, 4.468e-7, -8.356e-7, -3.691e-7, 4.665e-7, -6.537e-7, -3.224e-7, 3.313e-7, -7.493e-7, -3.930e-7, 3.562e-7
0.468, -6.449e-7, -1.607e-7, 4.842e-7, -6.135e-7, -2.946e-7, 3.189e-7, -6.713e-7, -6.382e-7, 3.310e-8, -6.820e-7, 3.495e-7, 1.031e-6, -7.553e-7, -3.096e-7, 4.457e-7, -8.358e-7, -3.705e-7, 4.654e-7, -6.534e-7, -3.227e-7, 3.308e-7, -7.487e-7, -3.928e-7, 3.559e-7
0.464, -6.449e-7, -1.604e-7, 4.845e-7, -6.138e-7, -2.946e-7, 3.192e-7, -6.727e-7, -6.432e-7, 2.952e-8, -6.813e-7, 3.498e-7, 1.031e-6, -7.560e-7, -3.113e-7, 4.447e-7, -8.365e-7, -3.715e-7, 4.650e-7, -6.533e-7, -3.232e-7, 3.301e-7, -7.486e-7, -3.930e-7, 3.556e-7
0.460, -6.465e-7, -1.616e-7, 4.849e-7, -6.155e-7, -2.961e-7, 3.194e-7, -6.755e-7, -6.451e-7, 3.037e-8, -6.829e-7, 3.443e-7, 1.027e-6, -7.580e-7, -3.142e-7, 4.439e-7, -8.385e-7, -3.741e-7, 4.643e-7, -6.549e-7, -3.251e-7, 3.298e-7, -7.501e-7, -3.945e-7, 3.556e-7
0.456, -6.450e-7, -1.615e-7, 4.835e-7, -6.144e-7, -2.960e-7, 3.184e-7, -6.730e-7, -6.473e-7, 2.572e-8, -6.838e-7, 3.431e-7, 1.027e-6, -7.569e-7, -3.150e-7, 4.420e-7, -8.378e-7, -3.748e-7, 4.630e-7, -6.535e-7, -3.245e-7, 3.289e-7, -7.491e-7, -3.941e-7, 3.550e-7
0.452, -6.454e-7, -1.629e-7, 4.825e-7, -6.140e-7, -2.958e-7, 3.183e-7, -6.755e-7, -6.517e-7, 2.376e-8, -6.829e-7, 3.410e-7, 1.024e-6, -7.582e-7, -3.174e-7, 4.408e-7, -8.393e-7, -3.769e-7, 4.624e-7, -6.537e-7, -3.259e-7, 3.277e-7, -7.492e-7, -3.949e-7, 3.543e-7
0.448, -6.446e-7, -1.639e-7, 4.807e-7, -6.131e-7, -2.965e-7, 3.167e-7, -6.740e-7, -6.561e-7, 1.793e-8, -6.825e-7, 3.399e-7, 1.022e-6, -7.573e-7, -3.193e-7, 4.380e-7, -8.380e-7, -3.783e-7, 4.596e-7, -6.523e-7, -3.267e-7, 3.255e-7, -7.479e-7, -3.955e-7, 3.524e-7
0.444, -6.432e-7, -1.639e-7, 4.793e-7, -6.135e-7, -2.976e-7, 3.159e-7, -6.718e-7, -6.566e-7, 1.522e-8, -6.842e-7, 3.352e-7, 1.019e-6, -7.568e-7, -3.210e-7, 4.357e-7, -8.380e-7, -3.797e-7, 4.583e-7, -6.520e-7, -3.274e-7, 3.246e-7, -7.481e-7, -3.962e-7, 3.520e-7
0.440, -6.445e-7, -1.666e-7, 4.780e-7, -6.134e-7, -2.984e-7, 3.150e-7, -6.760e-7, -6.623e-7, 1.370e-8, -6.835e-7, 3.319e-7, 1.015e-6, -7.586e-7, -3.248e-7, 4.338e-7, -8.403e-7, -3.832e-7, 4.570e-7, -6.528e-7, -3.295e-7, 3.233e-7, -7.492e-7, -3.979e-7, 3.512e-7
0.436, -6.433e-7, -1.678e-7, 4.755e-7, -6.138e-7, -3.005e-7, 3.133e-7, -6.730e-7, -6.651e-7, 7.898e-9, -6.864e-7, 3.272e-7, 1.014e-6, -7.578e-7, -3.272e-7, 4.306e-7, -8.397e-7, -3.856e-7, 4.542e-7, -6.524e-7, -3.307e-7, 3.218e-7, -7.482e-7, -3.988e-7, 3.494e-7
0.432, -6.436e-7, -1.709e-7, 4.727e-7, -6.137e-7, -3.019e-7, 3.118e-7, -6.757e-7, -6.714e-7, 4.330e-9, -6.845e-7, 3.231e-7, 1.008e-6, -7.591e-7, -3.317e-7, 4.274e-7, -8.405e-7, -3.892e-7, 4.514e-7, -6.531e-7, -3.334e-7, 3.197e-7, -7.490e-7, -4.014e-7, 3.476e-7
0.428, -6.441e-7, -1.718e-7, 4.723e-7, -6.137e-7, -3.031e-7, 3.107e-7, -6.739e-7, -6.743e-7, -4.189e-10, -6.871e-7, 3.199e-7, 1.007e-6, -7.585e-7, -3.333e-7, 4.252e-7, -8.407e-7, -3.905e-7, 4.501e-7, -6.533e-7, -3.342e-7, 3.191e-7, -7.502e-7, -4.023e-7, 3.479e-7
0.424, -6.422e-7, -1.724e-7, 4.698e-7, -6.134e-7, -3.044e-7, 3.090e-7, -6.730e-7, -6.789e-7, -5.856e-9, -6.867e-7, 3.178e-7, 1.005e-6, -7.578e-7, -3.354e-7, 4.224e-7, -8.406e-7, -3.929e-7, 4.477e-7, -6.527e-7, -3.353e-7, 3.174e-7, -7.489e-7, -4.027e-7, 3.462e-7
0.420, -6.397e-7, -1.735e-7, 4.661e-7, -6.113e-7, -3.050e-7, 3.062e-7, -6.705e-7, -6.821e-7, -1.159e-8, -6.846e-7, 3.145e-7, 9.991e-7, -7.564e-7, -3.381e-7, 4.183e-7, -8.384e-7, -3.947e-7, 4.437e-7, -6.510e-7, -3.362e-7, 3.148e-7, -7.474e-7, -4.039e-7, 3.435e-7
0.416, -6.398e-7, -1.760e-7, 4.638e-7, -6.102e-7, -3.067e-7, 3.035e-7, -6.715e-7, -6.869e-7, -1.539e-8, -6.835e-7, 3.108e-7, 9.943e-7, -7.556e-7, -3.410e-7, 4.146e-7, -8.385e-7, -3.974e-7, 4.410e-7, -6.512e-7, -3.386e-7, 3.126e-7, -7.477e-7, -4.053e-7, 3.424e-7
0.412, -6.373e-7, -1.774e-7, 4.599e-7, -6.088e-7, -3.085e-7, 3.003e-7, -6.683e-7, -6.906e-7, -2.228e-8, -6.828e-7, 3.069e-7, 9.897e-7, -7.545e-7, -3.439e-7, 4.106e-7, -8.372e-7, -4.003e-7, 4.368e-7, -6.501e-7, -3.400e-7, 3.101e-7, -7.465e-7, -4.068e-7, 3.396e-7
0.408, -6.364e-7, -1.800e-7, 4.564e-7, -6.087e-7, -3.110e-7, 2.977e-7, -6.686e-7, -6.951e-7, -2.657e-8, -6.806e-7, 3.022e-7, 9.827e-7, -7.550e-7, -3.480e-7, 4.069e-7, -8.375e-7, -4.040e-7, 4.336e-7, -6.494e-7, -3.421e-7, 3.074e-7, -7.464e-7, -4.090e-7, 3.374e-7
0.404, -6.340e-7, -1.819e-7, 4.521e-7, -6.079e-7, -3.135e-7, 2.944e-7, -6.672e-7, -6.995e-7, -3.229e-8, -6.782e-7, 2.976e-7, 9.758e-7, -7.534e-7, -3.515e-7, 4.019e-7, -8.359e-7, -4.070e-7, 4.289e-7, -6.493e-7, -3.446e-7, 3.048e-7, -7.455e-7, -4.112e-7, 3.343e-7
0.400, -6.336e-7, -1.836e-7, 4.500e-7, -6.074e-7, -3.155e-7, 2.919e-7, -6.653e-7, -7.025e-7, -3.714e-8, -6.795e-7, 2.924e-7, 9.720e-7, -7.534e-7, -3.544e-7, 3.990e-7, -8.364e-7, -4.097e-7, 4.267e-7, -6.501e-7, -3.465e-7, 3.036e-7, -7.467e-7, -4.129e-7, 3.338e-7
0.396, -6.328e-7, -1.871e-7, 4.456e-7, -6.063e-7, -3.185e-7, 2.878e-7, -6.649e-7, -7.083e-7, -4.345e-8, -6.771e-7, 2.882e-7, 9.653e-7, -7.535e-7, -3.591e-7, 3.945e-7, -8.362e-7, -4.139e-7, 4.222e-7, -6.506e-7, -3.499e-7, 3.008e-7, -7.460e-7, -4.154e-7, 3.306e-7
0.392, -6.321e-7, -1.904e-7, 4.417e-7, -6.085e-7, -3.229e-7, 2.856e-7, -6.633e-7, -7.128e-7, -4.948e-8, -6.800e-7, 2.805e-7, 9.605e-7, -7.553e-7, -3.646e-7, 3.907e-7, -8.379e-7, -4.194e-7, 4.184e-7, -6.526e-7, -3.538e-7, 2.987e-7, -7.493e-7, -4.201e-7, 3.291e-7
0.388, -6.351e-7, -1.954e-7, 4.397e-7, -6.101e-7, -3.267e-7, 2.834e-7, -6.652e-7, -7.207e-7, -5.548e-8, -6.815e-7, 2.754e-7, 9.570e-7, -7.586e-7, -3.702e-7, 3.884e-7, -8.406e-7, -4.246e-7, 4.160e-7, -6.563e-7, -3.587e-7, 2.976e-7, -7.524e-7, -4.243e-7, 3.281e-7
0.384, -6.321e-7, -1.974e-7, 4.347e-7, -6.096e-7, -3.296e-7, 2.800e-7, -6.661e-7, -7.285e-7, -6.242e-8, -6.772e-7, 2.744e-7, 9.516e-7, -7.584e-7, -3.744e-7, 3.840e-7, -8.407e-7, -4.284e-7, 4.123e-7, -6.571e-7, -3.620e-7, 2.951e-7, -7.533e-7, -4.272e-7, 3.261e-7
0.380, -6.347e-7, -2.036e-7, 4.311e-7, -6.121e-7, -3.358e-7, 2.763e-7, -6.671e-7, -7.343e-7, -6.727e-8, -6.790e-7, 2.651e-7, 9.441e-7, -7.617e-7, -3.815e-7, 3.802e-7, -8.440e-7, -4.356e-7, 4.085e-7, -6.611e-7, -3.677e-7, 2.933e-7, -7.568e-7, -4.329e-7, 3.239e-7
0.376, -6.370e-7, -2.099e-7, 4.271e-7, -6.151e-7, -3.422e-7, 2.729e-7, -6.649e-7, -7.382e-7, -7.325e-8, -6.853e-7, 2.528e-7, 9.381e-7, -7.661e-7, -3.897e-7, 3.765e-7, -8.491e-7, -4.441e-7, 4.050e-7, -6.658e-7, -3.749e-7, 2.909e-7, -7.622e-7, -4.401e-7, 3.220e-7
0.372, -6.402e-7, -2.167e-7, 4.235e-7, -6.178e-7, -3.483e-7, 2.695e-7, -6.676e-7, -7.471e-7, -7.951e-8, -6.880e-7, 2.452e-7, 9.332e-7, -7.710e-7, -3.979e-7, 3.731e-7, -8.542e-7, -4.522e-7, 4.020e-7, -6.715e-7, -3.816e-7, 2.900e-7, -7.676e-7, -4.472e-7, 3.204e-7
0.368, -6.439e-7, -2.246e-7, 4.194e-7, -6.218e-7, -3.556e-7, 2.662e-7, -6.726e-7, -7.558e-7, -8.323e-8, -6.868e-7, 2.374e-7, 9.243e-7, -7.751e-7, -4.056e-7, 3.695e-7, -8.589e-7, -4.606e-7, 3.983e-7, -6.762e-7, -3.888e-7, 2.874e-7, -7.734e-7, -4.548e-7, 3.187e-7
0.364, -6.490e-7, -2.322e-7, 4.168e-7, -6.273e-7, -3.631e-7, 2.642e-7, -6.724e-7, -7.635e-7, -9.118e-8, -6.972e-7, 2.263e-7, 9.235e-7, -7.833e-7, -4.156e-7, 3.677e-7, -8.666e-7, -4.702e-7, 3.964e-7, -6.839e-7, -3.965e-7, 2.873e-7, -7.826e-7, -4.634e-7, 3.192e-7
0.360, -6.544e-7, -2.408e-7, 4.136e-7, -6.331e-7, -3.714e-7, 2.617e-7, -6.811e-7, -7.765e-7, -9.540e-8, -6.967e-7, 2.202e-7, 9.169e-7, -7.895e-7, -4.247e-7, 3.648e-7, -8.745e-7, -4.804e-7, 3.940e-7, -6.923e-7, -4.054e-7, 2.869e-7, -7.895e-7, -4.720e-7, 3.175e-7
0.356, -6.614e-7, -2.509e-7, 4.105e-7, -6.392e-7, -3.806e-7, 2.586e-7, -6.866e-7, -7.881e-7, -1.015e-7, -7.010e-7, 2.115e-7, 9.125e-7, -7.976e-7, -4.349e-7, 3.628e-7, -8.825e-7, -4.909e-7, 3.916e-7, -6.997e-7, -4.140e-7, 2.857e-7, -7.990e-7, -4.819e-7, 3.172e-7
0.352, -6.656e-7, -2.581e-7, 4.075e-7, -6.455e-7, -3.888e-7, 2.567e-7, -6.885e-7, -7.946e-7, -1.061e-7, -7.072e-7, 2.001e-7, 9.073e-7, -8.045e-7, -4.439e-7, 3.607e-7, -8.909e-7, -5.011e-7, 3.898e-7, -7.072e-7, -4.216e-7, 2.856e-7, -8.078e-7, -4.907e-7, 3.171e-7
0.348, -6.736e-7, -2.688e-7, 4.048e-7, -6.525e-7, -3.987e-7, 2.538e-7, -6.929e-7, -8.057e-7, -1.128e-7, -7.146e-7, 1.891e-7, 9.037e-7, -8.133e-7, -4.551e-7, 3.582e-7, -9.015e-7, -5.131e-7, 3.884e-7, -7.168e-7, -4.315e-7, 2.853e-7, -8.183e-7, -5.013e-7, 3.170e-7
0.344, -6.797e-7, -2.777e-7, 4.020e-7, -6.595e-7, -4.072e-7, 2.523e-7, -6.995e-7, -8.153e-7, -1.158e-7, -7.192e-7, 1.793e-7, 8.985e-7, -8.222e-7, -4.649e-7, 3.573e-7, -9.102e-7, -5.235e-7, 3.867e-7, -7.249e-7, -4.399e-7, 2.850e-7, -8.273e-7, -5.102e-7, 3.171e-7
0.340, -6.872e-7, -2.861e-7, 4.011e-7, -6.664e-7, -4.156e-7, 2.508e-7, -7.052e-7, -8.244e-7, -1.191e-7, -7.244e-7, 1.698e-7, 8.942e-7, -8.314e-7, -4.750e-7, 3.564e-7, -9.201e-7, -5.342e-7, 3.859e-7, -7.343e-7, -4.483e-7, 2.860e-7, -8.376e-7, -5.194e-7, 3.182e-7
0.336, -6.917e-7, -2.942e-7, 3.976e-7, -6.725e-7, -4.239e-7, 2.486e-7, -7.099e-7, -8.355e-7, -1.256e-7, -7.269e-7, 1.625e-7, 8.894e-7, -8.376e-7, -4.832e-7, 3.544e-7, -9.280e-7, -5.441e-7, 3.839e-7, -7.404e-7, -4.552e-7, 2.852e-7, -8.451e-7, -5.275e-7, 3.177e-7
0.332, -6.965e-7, -3.013e-7, 3.952e-7, -6.765e-7, -4.309e-7, 2.456e-7, -7.114e-7, -8.424e-7, -1.311e-7, -7.313e-7, 1.535e-7, 8.848e-7, -8.440e-7, -4.913e-7, 3.527e-7, -9.348e-7, -5.522e-7, 3.826e-7, -7.469e-7, -4.618e-7, 2.851e-7, -8.520e-7, -5.345e-7, 3.175e-7
0.328, -7.006e-7, -3.076e-7, 3.930e-7, -6.793e-7, -4.359e-7, 2.434e-7, -7.126e-7, -8.508e-7, -1.382e-7, -7.354e-7, 1.472e-7, 8.826e-7, -8.495e-7, -4.988e-7, 3.506e-7, -9.409e-7, -5.604e-7, 3.805e-7, -7.521e-7, -4.671e-7, 2.850e-7, -8.582e-7, -5.408e-7, 3.174e-7
0.324, -7.047e-7, -3.141e-7, 3.906e-7, -6.853e-7, -4.431e-7, 2.422e-7, -7.134e-7, -8.565e-7, -1.430e-7, -7.418e-7, 1.376e-7, 8.794e-7, -8.557e-7, -5.063e-7, 3.493e-7, -9.482e-7, -5.683e-7, 3.799e-7, -7.586e-7, -4.737e-7, 2.849e-7, -8.655e-7, -5.475e-7, 3.180e-7
0.320, -7.053e-7, -3.183e-7, 3.870e-7, -6.856e-7, -4.467e-7, 2.389e-7, -7.176e-7, -8.641e-7, -1.466e-7, -7.354e-7, 1.349e-7, 8.703e-7, -8.574e-7, -5.113e-7, 3.461e-7, -9.500e-7, -5.736e-7, 3.764e-7, -7.601e-7, -4.774e-7, 2.828e-7, -8.658e-7, -5.504e-7, 3.155e-7
0.316, -7.059e-7, -3.225e-7, 3.834e-7, -6.860e-7, -4.511e-7, 2.349e-7, -7.149e-7, -8.680e-7, -1.532e-7, -7.369e-7, 1.279e-7, 8.648e-7, -8.602e-7, -5.174e-7, 3.428e-7, -9.520e-7, -5.790e-7, 3.730e-7, -7.624e-7, -4.810e-7, 2.814e-7, -8.683e-7, -5.545e-7, 3.138e-7
0.312, -7.045e-7, -3.256e-7, 3.789e-7, -6.853e-7, -4.542e-7, 2.311e-7, -7.120e-7, -8.730e-7, -1.611e-7, -7.370e-7, 1.230e-7, 8.599e-7, -8.608e-7, -5.219e-7, 3.389e-7, -9.527e-7, -5.833e-7, 3.694e-7, -7.627e-7, -4.842e-7, 2.786e-7, -8.680e-7, -5.569e-7, 3.111e-7
0.308, -7.015e-7, -3.294e-7, 3.721e-7, -6.833e-7, -4.581e-7, 2.251e-7, -7.105e-7, -8.781e-7, -1.676e-7, -7.324e-7, 1.172e-7, 8.497e-7, -8.604e-7, -5.271e-7, 3.333e-7, -9.504e-7, -5.879e-7, 3.625e-7, -7.618e-7, -4.878e-7, 2.739e-7, -8.665e-7, -5.598e-7, 3.067e-7
0.304, -6.963e-7, -3.314e-7, 3.649e-7, -6.777e-7, -4.595e-7, 2.182e-7, -7.025e-7, -8.803e-7, -1.778e-7, -7.279e-7, 1.139e-7, 8.418e-7, -8.576e-7, -5.306e-7, 3.270e-7, -9.467e-7, -5.907e-7, 3.560e-7, -7.584e-7, -4.895e-7, 2.689e-7, -8.620e-7, -5.609e-7, 3.012e-7
0.300, -6.928e-7, -3.343e-7, 3.585e-7, -6.735e-7, -4.613e-7, 2.122e-7, -6.984e-7, -8.861e-7, -1.877e-7, -7.237e-7, 1.123e-7, 8.359e-7, -8.559e-7, -5.343e-7, 3.215e-7, -9.431e-7, -5.930e-7, 3.501e-7, -7.562e-7, -4.916e-7, 2.646e-7, -8.576e-7, -5.618e-7, 2.958e-7
0.296, -6.841e-7, -3.335e-7, 3.505e-7, -6.659e-7, -4.605e-7, 2.054e-7, -6.916e-7, -8.862e-7, -1.946e-7, -7.135e-7, 1.110e-7, 8.246e-7, -8.491e-7, -5.347e-7, 3.144e-7, -9.351e-7, -5.930e-7, 3.421e-7, -7.498e-7, -4.908e-7, 2.589e-7, -8.494e-7, -5.598e-7, 2.896e-7
0.292, -6.754e-7, -3.333e-7, 3.422e-7, -6.582e-7, -4.612e-7, 1.970e-7, -6.825e-7, -8.874e-7, -2.049e-7, -7.057e-7, 1.089e-7, 8.145e-7, -8.439e-7, -5.367e-7, 3.072e-7, -9.264e-7, -5.929e-7, 3.335e-7, -7.435e-7, -4.912e-7, 2.523e-7, -8.417e-7, -5.594e-7, 2.823e-7
0.288, -6.679e-7, -3.344e-7, 3.335e-7, -6.504e-7, -4.613e-7, 1.890e-7, -6.758e-7, -8.925e-7, -2.167e-7, -6.955e-7, 1.102e-7, 8.058e-7, -8.376e-7, -5.386e-7, 2.990e-7, -9.183e-7, -5.940e-7, 3.243e-7, -7.382e-7, -4.923e-7, 2.459e-7, -8.328e-7, -5.587e-7, 2.741e-7
0.284, -6.605e-7, -3.358e-7, 3.247e-7, -6.429e-7, -4.620e-7, 1.809e-7, -6.680e-7, -8.926e-7, -2.246e-7, -6.886e-7, 1.057e-7, 7.943e-7, -8.326e-7, -5.409e-7, 2.917e-7, -9.103e-7, -5.947e-7, 3.156e-7, -7.325e-7, -4.931e-7, 2.394e-7, -8.255e-7, -5.584e-7, 2.672e-7
0.280, -6.497e-7, -3.339e-7, 3.158e-7, -6.325e-7, -4.607e-7, 1.718e-7, -6.577e-7, -8.940e-7, -2.363e-7, -6.790e-7, 1.074e-7, 7.864e-7, -8.246e-7, -5.407e-7, 2.839e-7, -9.001e-7, -5.931e-7, 3.070e-7, -7.246e-7, -4.923e-7, 2.323e-7, -8.149e-7, -5.559e-7, 2.590e-7
0.276, -6.409e-7, -3.336e-7, 3.072e-7, -6.251e-7, -4.605e-7, 1.646e-7, -6.484e-7, -8.954e-7, -2.470e-7, -6.710e-7, 1.063e-7, 7.773e-7, -8.175e-7, -5.414e-7, 2.762e-7, -8.907e-7, -5.924e-7, 2.984e-7, -7.187e-7, -4.922e-7, 2.266e-7, -8.058e-7, -5.543e-7, 2.515e-7
0.272, -6.312e-7, -3.335e-7, 2.977e-7, -6.144e-7, -4.587e-7, 1.557e-7, -6.399e-7, -8.954e-7, -2.554e-7, -6.593e-7, 1.067e-7, 7.660e-7, -8.097e-7, -5.416e-7, 2.681e-7, -8.797e-7, -5.911e-7, 2.886e-7, -7.105e-7, -4.911e-7, 2.193e-7, -7.957e-7, -5.523e-7, 2.433e-7
0.268, -6.222e-7, -3.325e-7, 2.897e-7, -6.064e-7, -4.581e-7, 1.483e-7, -6.304e-7, -8.947e-7, -2.644e-7, -6.520e-7, 1.053e-7, 7.572e-7, -8.024e-7, -5.413e-7, 2.610e-7, -8.707e-7, -5.897e-7, 2.809e-7, -7.038e-7, -4.903e-7, 2.135e-7, -7.862e-7, -5.494e-7, 2.368e-7
0.264, -6.123e-7, -3.316e-7, 2.806e-7, -5.973e-7, -4.572e-7, 1.401e-7, -6.221e-7, -8.969e-7, -2.748e-7, -6.406e-7, 1.069e-7, 7.476e-7, -7.946e-7, -5.413e-7, 2.533e-7, -8.603e-7, -5.884e-7, 2.719e-7, -6.966e-7, -4.899e-7, 2.068e-7, -7.770e-7, -5.480e-7, 2.291e-7
0.260, -6.027e-7, -3.314e-7, 2.713e-7, -5.869e-7, -4.558e-7, 1.311e-7, -6.111e-7, -8.957e-7, -2.845e-7, -6.314e-7, 1.048e-7, 7.362e-7, -7.860e-7, -5.417e-7, 2.443e-7, -8.495e-7, -5.872e-7, 2.623e-7, -6.888e-7, -4.892e-7, 1.995e-7, -7.667e-7, -5.465e-7, 2.202e-7
0.256, -5.939e-7, -3.297e-7, 2.642e-7, -5.790e-7, -4.543e-7, 1.247e-7, -6.024e-7, -8.928e-7, -2.905e-7, -6.242e-7, 1.037e-7, 7.279e-7, -7.788e-7, -5.405e-7, 2.383e-7, -8.406e-7, -5.848e-7, 2.558e-7, -6.826e-7, -4.879e-7, 1.947e-7, -7.585e-7, -5.436e-7, 2.149e-7
0.252, -5.844e-7, -3.281e-7, 2.564e-7, -5.689e-7, -4.514e-7, 1.176e-7, -5.914e-7, -8.925e-7, -3.011e-7, -6.146e-7, 1.070e-7, 7.216e-7, -7.698e-7, -5.381e-7, 2.318e-7, -8.294e-7, -5.813e-7, 2.481e-7, -6.744e-7, -4.852e-7, 1.892e-7, -7.485e-7, -5.399e-7, 2.087e-7
0.248, -5.778e-7, -3.279e-7, 2.499e-7, -5.620e-7, -4.507e-7, 1.114e-7, -5.875e-7, -8.947e-7, -3.072e-7, -6.052e-7, 1.083e-7, 7.135e-7, -7.637e-7, -5.379e-7, 2.258e-7, -8.221e-7, -5.808e-7, 2.413e-7, -6.696e-7, -4.850e-7, 1.845e-7, -7.417e-7, -5.384e-7, 2.033e-7
0.244, -5.689e-7, -3.260e-7, 2.429e-7, -5.521e-7, -4.478e-7, 1.043e-7, -5.768e-7, -8.904e-7, -3.136e-7, -5.960e-7, 1.079e-7, 7.039e-7, -7.546e-7, -5.358e-7, 2.188e-7, -8.111e-7, -5.770e-7, 2.341e-7, -6.611e-7, -4.824e-7, 1.787e-7, -7.317e-7, -5.347e-7, 1.970e-7
0.240, -5.595e-7, -3.246e-7, 2.349e-7, -5.438e-7, -4.463e-7, 9.756e-8, -5.685e-7, -8.909e-7, -3.225e-7, -5.865e-7, 1.098e-7, 6.963e-7, -7.458e-7, -5.339e-7, 2.118e-7, -8.014e-7, -5.750e-7, 2.265e-7, -6.537e-7, -4.808e-7, 1.729e-7, -7.231e-7, -5.321e-7, 1.910e-7
0.236, -5.519e-7, -3.231e-7, 2.287e-7, -5.353e-7, -4.439e-7, 9.146e-8, -5.603e-7, -8.894e-7, -3.291e-7, -5.786e-7, 1.105e-7, 6.890e-7, -7.384e-7, -5.320e-7, 2.064e-7, -7.929e-7, -5.722e-7, 2.207e-7, -6.471e-7, -4.787e-7, 1.684e-7, -7.149e-7, -5.297e-7, 1.852e-7
0.232, -5.435e-7, -3.211e-7, 2.224e-7, -5.282e-7, -4.423e-7, 8.597e-8, -5.545e-7, -8.911e-7, -3.366e-7, -5.693e-7, 1.143e-7, 6.836e-7, -7.313e-7, -5.303e-7, 2.010e-7, -7.843e-7, -5.697e-7, 2.147e-7, -6.407e-7, -4.769e-7, 1.638e-7, -7.080e-7, -5.272e-7, 1.808e-7
0.228, -5.364e-7, -3.189e-7, 2.175e-7, -5.200e-7, -4.390e-7, 8.094e-8, -5.485e-7, -8.891e-7, -3.405e-7, -5.605e-7, 1.167e-7, 6.772e-7, -7.240e-7, -5.274e-7, 1.965e-7, -7.761e-7, -5.662e-7, 2.099e-7, -6.345e-7, -4.743e-7, 1.603e-7, -7.009e-7, -5.239e-7, 1.770e-7
0.224, -5.279e-7, -3.178e-7, 2.100e-7, -5.123e-7, -4.376e-7, 7.465e-8, -5.381e-7, -8.884e-7, -3.503e-7, -5.541e-7, 1.179e-7, 6.720e-7, -7.150e-7, -5.258e-7, 1.892e-7, -7.668e-7, -5.638e-7, 2.030e-7, -6.267e-7, -4.721e-7, 1.546e-7, -6.922e-7, -5.213e-7, 1.709e-7
0.220, -5.183e-7, -3.135e-7, 2.048e-7, -5.038e-7, -4.341e-7, 6.970e-8, -5.296e-7, -8.848e-7, -3.553e-7, -5.448e-7, 1.211e-7, 6.659e-7, -7.057e-7, -5.214e-7, 1.843e-7, -7.564e-7, -5.586e-7, 1.978e-7, -6.188e-7, -4.681e-7, 1.507e-7, -6.832e-7, -5.165e-7, 1.667e-7
0.216, -5.127e-7, -3.121e-7, 2.005e-7, -4.967e-7, -4.314e-7, 6.538e-8, -5.259e-7, -8.841e-7, -3.582e-7, -5.356e-7, 1.235e-7, 6.591e-7, -6.987e-7, -5.188e-7, 1.799e-7, -7.491e-7, -5.559e-7, 1.932e-7, -6.123e-7, -4.654e-7, 1.469e-7, -6.770e-7, -5.138e-7, 1.632e-7
0.212, -5.054e-7, -3.100e-7, 1.955e-7, -4.906e-7, -4.296e-7, 6.107e-8, -5.206e-7, -8.841e-7, -3.635e-7, -5.273e-7, 1.270e-7, 6.543e-7, -6.923e-7, -5.169e-7, 1.754e-7, -7.416e-7, -5.532e-7, 1.884e-7, -6.068e-7, -4.635e-7, 1.433e-7, -6.698e-7, -5.109e-7, 1.590e-7
0.208, -4.965e-7, -3.069e-7, 1.897e-7, -4.815e-7, -4.251e-7, 5.638e-8, -5.054e-7, -8.776e-7, -3.722e-7, -5.230e-7, 1.284e-7, 6.514e-7, -6.812e-7, -5.116e-7, 1.697e-7, -7.313e-7, -5.484e-7, 1.829e-7, -5.972e-7, -4.584e-7, 1.388e-7, -6.605e-7, -5.064e-7, 1.541e-7
0.204, -4.917e-7, -3.056e-7, 1.861e-7, -4.755e-7, -4.227e-7, 5.278e-8, -5.028e-7, -8.791e-7, -3.762e-7, -5.141e-7, 1.334e-7, 6.475e-7, -6.750e-7, -5.090e-7, 1.660e-7, -7.240e-7, -5.448e-7, 1.792e-7, -5.918e-7, -4.559e-7, 1.359e-7, -6.543e-7, -5.030e-7, 1.513e-7
0.200, -4.836e-7, -3.026e-7, 1.810e-7, -4.680e-7, -4.191e-7, 4.889e-8, -4.968e-7, -8.751e-7, -3.783e-7, -5.046e-7, 1.356e-7, 6.401e-7, -6.660e-7, -5.047e-7, 1.613e-7, -7.151e-7, -5.406e-7, 1.745e-7, -5.846e-7, -4.523e-7, 1.322e-7, -6.469e-7, -4.995e-7, 1.473e-7
0.196, -4.755e-7, -2.981e-7, 1.775e-7, -4.597e-7, -4.150e-7, 4.466e-8, -4.873e-7, -8.721e-7, -3.848e-7, -4.974e-7, 1.407e-7, 6.381e-7, -6.565e-7, -4.995e-7, 1.570e-7, -7.055e-7, -5.349e-7, 1.706e-7, -5.757e-7, -4.472e-7, 1.285e-7, -6.381e-7, -4.940e-7, 1.441e-7
0.192, -4.683e-7, -2.960e-7, 1.722e-7, -4.542e-7, -4.125e-7, 4.167e-8, -4.812e-7, -8.712e-7, -3.900e-7, -4.901e-7, 1.442e-7, 6.343e-7, -6.490e-7, -4.959e-7, 1.531e-7, -6.969e-7, -5.312e-7, 1.657e-7, -5.691e-7, -4.441e-7, 1.250e-7, -6.307e-7, -4.907e-7, 1.400e-7
0.188, -4.621e-7, -2.926e-7, 1.695e-7, -4.468e-7, -4.080e-7, 3.884e-8, -4.741e-7, -8.662e-7, -3.921e-7, -4.822e-7, 1.481e-7, 6.302e-7, -6.401e-7, -4.904e-7, 1.498e-7, -6.880e-7, -5.254e-7, 1.626e-7, -5.609e-7, -4.390e-7, 1.220e-7, -6.229e-7, -4.853e-7, 1.376e-7
0.184, -4.552e-7, -2.901e-7, 1.651e-7, -4.393e-7, -4.049e-7, 3.444e-8, -4.659e-7, -8.627e-7, -3.968e-7, -4.766e-7, 1.494e-7, 6.259e-7, -6.315e-7, -4.866e-7, 1.450e-7, -6.797e-7, -5.219e-7, 1.578e-7, -5.539e-7, -4.357e-7, 1.182e-7, -6.154e-7, -4.818e-7, 1.336e-7
0.180, -4.497e-7, -2.873e-7, 1.624e-7, -4.340e-7, -4.017e-7, 3.230e-8, -4.630e-7, -8.618e-7, -3.988e-7, -4.677e-7, 1.547e-7, 6.224e-7, -6.244e-7, -4.824e-7, 1.420e-7, -6.719e-7, -5.172e-7, 1.548e-7, -5.473e-7, -4.314e-7, 1.159e-7, -6.088e-7, -4.779e-7, 1.310e-7
0.176, -4.419e-7, -2.830e-7, 1.590e-7, -4.263e-7, -3.982e-7, 2.812e-8, -4.538e-7, -8.594e-7, -4.056e-7, -4.613e-7, 1.606e-7, 6.219e-7, -6.139e-7, -4.771e-7, 1.369e-7, -6.624e-7, -5.118e-7, 1.505e-7, -5.385e-7, -4.264e-7, 1.121e-7, -6.001e-7, -4.728e-7, 1.273e-7
0.172, -4.350e-7, -2.807e-7, 1.543e-7, -4.198e-7, -3.945e-7, 2.523e-8, -4.474e-7, -8.558e-7, -4.083e-7, -4.526e-7, 1.630e-7, 6.156e-7, -6.054e-7, -4.728e-7, 1.326e-7, -6.536e-7, -5.074e-7, 1.463e-7, -5.305e-7, -4.222e-7, 1.083e-7, -5.922e-7, -4.688e-7, 1.233e-7
0.168, -4.300e-7, -2.771e-7, 1.529e-7, -4.154e-7, -3.916e-7, 2.376e-8, -4.412e-7, -8.513e-7, -4.100e-7, -4.475e-7, 1.662e-7, 6.137e-7, -5.981e-7, -4.676e-7, 1.305e-7, -6.461e-7, -5.025e-7, 1.436e-7, -5.247e-7, -4.179e-7, 1.067e-7, -5.858e-7, -4.643e-7, 1.215e-7
0.164, -4.238e-7, -2.742e-7, 1.497e-7, -4.086e-7, -3.880e-7, 2.062e-8, -4.333e-7, -8.493e-7, -4.160e-7, -4.429e-7, 1.705e-7, 6.134e-7, -5.896e-7, -4.627e-7, 1.270e-7, -6.378e-7, -4.974e-7, 1.404e-7, -5.169e-7, -4.132e-7, 1.037e-7, -5.783e-7, -4.596e-7, 1.187e-7
0.160, -4.185e-7, -2.716e-7, 1.469e-7, -4.021e-7, -3.836e-7, 1.846e-8, -4.282e-7, -8.457e-7, -4.175e-7, -4.355e-7, 1.741e-7, 6.096e-7, -5.814e-7, -4.577e-7, 1.238e-7, -6.297e-7, -4.923e-7, 1.374e-7, -5.096e-7, -4.086e-7, 1.009e-7, -5.711e-7, -4.550e-7, 1.161e-7
0.156, -4.122e-7, -2.677e-7, 1.444e-7, -3.969e-7, -3.803e-7, 1.659e-8, -4.226e-7, -8.439e-7, -4.213e-7, -4.283e-7, 1.804e-7, 6.087e-7, -5.727e-7, -4.521e-7, 1.206e-7, -6.214e-7, -4.869e-7, 1.345e-7, -5.019e-7, -4.033e-7, 9.864e-8, -5.640e-7, -4.505e-7, 1.136e-7
0.152, -4.062e-7, -2.653e-7, 1.410e-7, -3.902e-7, -3.771e-7, 1.303e-8, -4.173e-7, -8.401e-7, -4.228e-7, -4.204e-7, 1.827e-7, 6.031e-7, -5.637e-7, -4.474e-7, 1.163e-7, -6.125e-7, -4.824e-7, 1.301e-7, -4.935e-7, -3.991e-7, 9.442e-8, -5.558e-7, -4.463e-7, 1.095e-7
0.148, -4.005e-7, -2.618e-7, 1.387e-7, -3.843e-7, -3.727e-7, 1.155e-8, -4.128e-7, -8.382e-7, -4.255e-7, -4.116e-7, 1.894e-7, 6.009e-7, -5.552e-7, -4.417e-7, 1.135e-7, -6.041e-7, -4.772e-7, 1.269e-7, -4.858e-7, -3.936e-7, 9.219e-8, -5.480e-7, -4.408e-7, 1.072e-7
0.144, -3.968e-7, -2.594e-7, 1.375e-7, -3.794e-7, -3.699e-7, 9.521e-9, -4.060e-7, -8.324e-7, -4.264e-7, -4.085e-7, 1.899e-7, 5.984e-7, -5.486e-7, -4.371e-7, 1.115e-7, -5.978e-7, -4.729e-7, 1.249e-7, -4.797e-7, -3.892e-7, 9.045e-8, -5.431e-7, -4.372e-7, 1.059e-7
0.140, -3.914e-7, -2.566e-7, 1.348e-7, -3.750e-7, -3.671e-7, 7.929e-9, -3.992e-7, -8.305e-7, -4.313e-7, -4.043e-7, 1.940e-7, 5.983e-7, -5.406e-7, -4.325e-7, 1.081e-7, -5.897e-7, -4.682e-7, 1.216e-7, -4.725e-7, -3.853e-7, 8.724e-8, -5.354e-7, -4.326e-7, 1.027e-7
0.136, -3.882e-7, -2.543e-7, 1.339e-7, -3.712e-7, -3.645e-7, 6.778e-9, -3.987e-7, -8.314e-7, -4.326e-7, -3.969e-7, 2.000e-7, 5.969e-7, -5.346e-7, -4.284e-7, 1.063e-7, -5.842e-7, -4.645e-7, 1.197e-7, -4.669e-7, -3.811e-7, 8.579e-8, -5.308e-7, -4.295e-7, 1.013e-7
0.132, -3.824e-7, -2.517e-7, 1.307e-7, -3.664e-7, -3.614e-7, 4.979e-9, -3.907e-7, -8.251e-7, -4.345e-7, -3.945e-7, 1.999e-7, 5.944e-7, -5.272e-7, -4.240e-7, 1.033e-7, -5.766e-7, -4.599e-7, 1.167e-7, -4.604e-7, -3.769e-7, 8.346e-8, -5.239e-7, -4.252e-7, 9.869e-8
0.128, -3.771e-7, -2.481e-7, 1.290e-7, -3.614e-7, -3.582e-7, 3.249e-9, -3.858e-7, -8.217e-7, -4.359e-7, -3.877e-7, 2.040e-7, 5.917e-7, -5.192e-7, -4.187e-7, 1.005e-7, -5.685e-7, -4.546e-7, 1.138e-7, -4.534e-7, -3.726e-7, 8.079e-8, -5.172e-7, -4.211e-7, 9.611e-8
0.124, -3.734e-7, -2.465e-7, 1.269e-7, -3.578e-7, -3.557e-7, 2.108e-9, -3.843e-7, -8.231e-7, -4.388e-7, -3.817e-7, 2.102e-7, 5.920e-7, -5.132e-7, -4.148e-7, 9.837e-8, -5.631e-7, -4.511e-7, 1.120e-7, -4.482e-7, -3.690e-7, 7.921e-8, -5.122e-7, -4.176e-7, 9.457e-8
0.120, -3.705e-7, -2.447e-7, 1.258e-7, -3.532e-7, -3.523e-7, 9.681e-10, -3.793e-7, -8.213e-7, -4.420e-7, -3.776e-7, 2.139e-7, 5.915e-7, -5.066e-7, -4.105e-7, 9.612e-8, -5.572e-7, -4.470e-7, 1.102e-7, -4.422e-7, -3.647e-7, 7.754e-8, -5.058e-7, -4.134e-7, 9.241e-8
0.116, -3.661e-7, -2.418e-7, 1.243e-7, -3.499e-7, -3.498e-7, 1.718e-10, -3.772e-7, -8.191e-7, -4.419e-7, -3.713e-7, 2.184e-7, 5.897e-7, -5.001e-7, -4.056e-7, 9.446e-8, -5.501e-7, -4.422e-7, 1.079e-7, -4.362e-7, -3.607e-7, 7.553e-8, -5.010e-7, -4.097e-7, 9.126e-8
0.112, -3.635e-7, -2.400e-7, 1.236e-7, -3.466e-7, -3.481e-7, -1.500e-9, -3.703e-7, -8.151e-7, -4.449e-7, -3.703e-7, 2.186e-7, 5.889e-7, -4.940e-7, -4.020e-7, 9.195e-8, -5.446e-7, -4.386e-7, 1.060e-7, -4.309e-7, -3.571e-7, 7.374e-8, -4.955e-7, -4.062e-7, 8.933e-8
0.108, -3.617e-7, -2.391e-7, 1.227e-7, -3.444e-7, -3.468e-7, -2.355e-9, -3.673e-7, -8.135e-7, -4.462e-7, -3.686e-7, 2.203e-7, 5.889e-7, -4.899e-7, -3.994e-7, 9.051e-8, -5.409e-7, -4.364e-7, 1.045e-7, -4.269e-7, -3.547e-7, 7.222e-8, -4.923e-7, -4.043e-7, 8.795e-8
0.104, -3.576e-7, -2.369e-7, 1.207e-7, -3.419e-7, -3.446e-7, -2.748e-9, -3.632e-7, -8.107e-7, -4.475e-7, -3.657e-7, 2.221e-7, 5.878e-7, -4.842e-7, -3.954e-7, 8.881e-8, -5.353e-7, -4.325e-7, 1.027e-7, -4.226e-7, -3.511e-7, 7.142e-8, -4.872e-7, -4.008e-7, 8.640e-8
0.100, -3.554e-7, -2.361e-7, 1.193e-7, -3.384e-7, -3.416e-7, -3.171e-9, -3.598e-7, -8.088e-7, -4.490e-7, -3.606e-7, 2.258e-7, 5.864e-7, -4.787e-7, -3.917e-7, 8.705e-8, -5.304e-7, -4.294e-7, 1.010e-7, -4.176e-7, -3.480e-7, 6.955e-8, -4.827e-7, -3.980e-7, 8.472e-8
0.096, -3.533e-7, -2.343e-7, 1.190e-7, -3.361e-7, -3.408e-7, -4.636e-9, -3.588e-7, -8.094e-7, -4.506e-7, -3.572e-7, 2.294e-7, 5.866e-7, -4.750e-7, -3.889e-7, 8.610e-8, -5.262e-7, -4.270e-7, 9.919e-8, -4.137e-7, -3.456e-7, 6.810e-8, -4.797e-7, -3.956e-7, 8.408e-8
0.092, -3.489e-7, -2.319e-7, 1.171e-7, -3.325e-7, -3.376e-7, -5.147e-9, -3.531e-7, -8.049e-7, -4.517e-7, -3.527e-7, 2.319e-7, 5.846e-7, -4.685e-7, -3.849e-7, 8.362e-8, -5.198e-7, -4.225e-7, 9.728e-8, -4.082e-7, -3.415e-7, 6.667e-8, -4.734e-7, -3.918e-7, 8.166e-8
0.088, -3.472e-7, -2.307e-7, 1.166e-7, -3.304e-7, -3.364e-7, -5.992e-9, -3.526e-7, -8.043e-7, -4.517e-7, -3.481e-7, 2.344e-7, 5.825e-7, -4.640e-7, -3.817e-7, 8.232e-8, -5.157e-7, -4.198e-7, 9.588e-8, -4.046e-7, -3.394e-7, 6.524e-8, -4.706e-7, -3.895e-7, 8.108e-8
0.084, -3.440e-7, -2.285e-7, 1.154e-7, -3.290e-7, -3.347e-7, -5.678e-9, -3.499e-7, -8.031e-7, -4.532e-7, -3.459e-7, 2.379e-7, 5.838e-7, -4.607e-7, -3.789e-7, 8.181e-8, -5.116e-7, -4.165e-7, 9.504e-8, -4.004e-7, -3.356e-7, 6.485e-8, -4.670e-7, -3.864e-7, 8.053e-8
0.080, -3.415e-7, -2.276e-7, 1.139e-7, -3.260e-7, -3.328e-7, -6.740e-9, -3.483e-7, -8.022e-7, -4.538e-7, -3.406e-7, 2.408e-7, 5.815e-7, -4.561e-7, -3.761e-7, 7.993e-8, -5.078e-7, -4.138e-7, 9.397e-8, -3.966e-7, -3.335e-7, 6.314e-8, -4.628e-7, -3.842e-7, 7.865e-8
0.076, -3.407e-7, -2.270e-7, 1.137e-7, -3.250e-7, -3.317e-7, -6.681e-9, -3.450e-7, -8.000e-7, -4.550e-7, -3.394e-7, 2.422e-7, 5.816e-7, -4.533e-7, -3.737e-7, 7.956e-8, -5.049e-7, -4.122e-7, 9.271e-8, -3.937e-7, -3.313e-7, 6.242e-8, -4.602e-7, -3.822e-7, 7.803e-8
0.072, -3.404e-7, -2.273e-7, 1.130e-7, -3.251e-7, -3.316e-7, -6.454e-9, -3.410e-7, -7.998e-7, -4.587e-7, -3.417e-7, 2.431e-7, 5.848e-7, -4.520e-7, -3.731e-7, 7.892e-8, -5.032e-7, -4.108e-7, 9.241e-8, -3.918e-7, -3.299e-7, 6.194e-8, -4.588e-7, -3.809e-7, 7.785e-8
0.068, -3.378e-7, -2.263e-7, 1.115e-7, -3.230e-7, -3.312e-7, -8.175e-9, -3.402e-7, -7.987e-7, -4.585e-7, -3.378e-7, 2.440e-7, 5.818e-7, -4.478e-7, -3.709e-7, 7.691e-8, -4.989e-7, -4.089e-7, 9.000e-8, -3.883e-7, -3.280e-7, 6.026e-8, -4.556e-7, -3.796e-7, 7.600e-8
0.064, -3.386e-7, -2.271e-7, 1.115e-7, -3.239e-7, -3.316e-7, -7.664e-9, -3.404e-7, -7.992e-7, -4.587e-7, -3.359e-7, 2.452e-7, 5.811e-7, -4.469e-7, -3.704e-7, 7.649e-8, -4.979e-7, -4.083e-7, 8.958e-8, -3.866e-7, -3.272e-7, 5.949e-8, -4.548e-7, -3.787e-7, 7.607e-8
0.060, -3.366e-7, -2.259e-7, 1.107e-7, -3.230e-7, -3.312e-7, -8.155e-9, -3.386e-7, -7.982e-7, -4.596e-7, -3.341e-7, 2.467e-7, 5.809e-7, -4.433e-7, -3.684e-7, 7.497e-8, -4.956e-7, -4.070e-7, 8.868e-8, -3.843e-7, -3.257e-7, 5.858e-8, -4.515e-7, -3.772e-7, 7.430e-8
0.056, -3.368e-7, -2.264e-7, 1.104e-7, -3.233e-7, -3.307e-7, -7.398e-9, -3.373e-7, -7.984e-7, -4.611e-7, -3.343e-7, 2.486e-7, 5.829e-7, -4.428e-7, -3.677e-7, 7.505e-8, -4.952e-7, -4.069e-7, 8.835e-8, -3.831e-7, -3.244e-7, 5.865e-8, -4.507e-7, -3.759e-7, 7.484e-8
0.052, -3.355e-7, -2.260e-7, 1.094e-7, -3.221e-7, -3.309e-7, -8.735e-9, -3.374e-7, -7.978e-7, -4.604e-7, -3.303e-7, 2.502e-7, 5.805e-7, -4.394e-7, -3.661e-7, 7.326e-8, -4.933e-7, -4.062e-7, 8.703e-8, -3.800e-7, -3.227e-7, 5.727e-8, -4.483e-7, -3.746e-7, 7.371e-8
0.048, -3.361e-7, -2.270e-7, 1.090e-7, -3.222e-7, -3.308e-7, -8.647e-9, -3.367e-7, -7.994e-7, -4.627e-7, -3.293e-7, 2.524e-7, 5.817e-7, -4.380e-7, -3.659e-7, 7.205e-8, -4.932e-7, -4.070e-7, 8.623e-8, -3.789e-7, -3.221e-7, 5.674e-8, -4.470e-7, -3.741e-7, 7.290e-8
0.044, -3.362e-7, -2.277e-7, 1.085e-7, -3.229e-7, -3.316e-7, -8.716e-9, -3.359e-7, -8.006e-7, -4.646e-7, -3.282e-7, 2.539e-7, 5.821e-7, -4.363e-7, -3.655e-7, 7.082e-8, -4.937e-7, -4.085e-7, 8.520e-8, -3.775e-7, -3.216e-7, 5.589e-8, -4.455e-7, -3.733e-7, 7.221e-8
0.040, -3.371e-7, -2.303e-7, 1.068e-7, -3.243e-7, -3.338e-7, -9.502e-9, -3.351e-7, -8.005e-7, -4.654e-7, -3.294e-7, 2.518e-7, 5.812e-7, -4.360e-7, -3.668e-7, 6.915e-8, -4.997e-7, -4.162e-7, 8.348e-8, -3.775e-7, -3.226e-7, 5.490e-8, -4.464e-7, -3.749e-7, 7.151e-8
0.036, -3.383e-7, -2.310e-7, 1.073e-7, -3.249e-7, -3.350e-7, -1.013e-8, -3.362e-7, -8.023e-7, -4.661e-7, -3.280e-7, 2.535e-7, 5.816e-7, -4.363e-7, -3.680e-7, 6.839e-8, -5.006e-7, -4.181e-7, 8.249e-8, -3.771e-7, -3.222e-7, 5.487e-8, -4.447e-7, -3.740e-7, 7.073e-8
0.032, -3.390e-7, -2.330e-7, 1.059e-7, -3.277e-7, -3.373e-7, -9.610e-9, -3.330e-7, -8.010e-7, -4.679e-7, -3.313e-7, 2.511e-7, 5.824e-7, -4.368e-7, -3.694e-7, 6.748e-8, -5.032e-7, -4.221e-7, 8.111e-8, -3.771e-7, -3.231e-7, 5.393e-8, -4.445e-7, -3.743e-7, 7.021e-8
0.028, -3.411e-7, -2.355e-7, 1.056e-7, -3.306e-7, -3.400e-7, -9.443e-9, -3.359e-7, -8.017e-7, -4.658e-7, -3.314e-7, 2.489e-7, 5.803e-7, -4.382e-7, -3.719e-7, 6.628e-8, -5.038e-7, -4.236e-7, 8.018e-8, -3.778e-7, -3.240e-7, 5.378e-8, -4.461e-7, -3.758e-7, 7.028e-8
0.024, -3.453e-7, -2.398e-7, 1.054e-7, -3.331e-7, -3.434e-7, -1.033e-8, -3.377e-7, -8.062e-7, -4.685e-7, -3.317e-7, 2.498e-7, 5.814e-7, -4.403e-7, -3.750e-7, 6.521e-8, -5.030e-7, -4.232e-7, 7.980e-8, -3.800e-7, -3.264e-7, 5.360e-8, -4.474e-7, -3.779e-7, 6.948e-8
0.020, -3.478e-7, -2.437e-7, 1.041e-7, -3.364e-7, -3.476e-7, -1.119e-8, -3.370e-7, -8.067e-7, -4.698e-7, -3.344e-7, 2.462e-7, 5.806e-7, -4.423e-7, -3.786e-7, 6.362e-8, -4.996e-7, -4.208e-7, 7.881e-8, -3.805e-7, -3.282e-7, 5.232e-8, -4.478e-7, -3.794e-7, 6.838e-8
0.016, -3.513e-7, -2.478e-7, 1.035e-7, -3.411e-7, -3.524e-7, -1.134e-8, -3.388e-7, -8.097e-7, -4.708e-7, -3.364e-7, 2.444e-7, 5.808e-7, -4.449e-7, -3.829e-7, 6.202e-8, -4.959e-7, -4.175e-7, 7.839e-8, -3.822e-7, -3.307e-7, 5.150e-8, -4.500e-7, -3.820e-7, 6.802e-8
0.012, -3.560e-7, -2.531e-7, 1.029e-7, -3.458e-7, -3.575e-7, -1.175e-8, -3.427e-7, -8.126e-7, -4.700e-7, -3.397e-7, 2.407e-7, 5.804e-7, -4.491e-7, -3.882e-7, 6.096e-8, -4.946e-7, -4.162e-7, 7.845e-8, -3.851e-7, -3.337e-7, 5.140e-8, -4.531e-7, -3.847e-7, 6.844e-8
0.008, -3.615e-7, -2.600e-7, 1.015e-7, -3.522e-7, -3.648e-7, -1.257e-8, -3.467e-7, -8.187e-7, -4.719e-7, -3.419e-7, 2.378e-7, 5.797e-7, -4.534e-7, -3.944e-7, 5.905e-8, -4.974e-7, -4.203e-7, 7.707e-8, -3.881e-7, -3.378e-7, 5.034e-8, -4.560e-7, -3.891e-7, 6.688e-8
0.004, -3.674e-7, -2.678e-7, 9.957e-8, -3.585e-7, -3.722e-7, -1.363e-8, -3.475e-7, -8.211e-7, -4.736e-7, -3.488e-7, 2.309e-7, 5.797e-7, -4.580e-7, -4.009e-7, 5.710e-8, -5.001e-7, -4.249e-7, 7.527e-8, -3.925e-7, -3.433e-7, 4.919e-8, -4.597e-7, -3.936e-7, 6.616e-8
0.000, -3.739e-7, -2.760e-7, 9.784e-8, -3.654e-7, -3.805e-7, -1.506e-8, -3.553e-7, -8.273e-7, -4.720e-7, -3.496e-7, 2.270e-7, 5.765e-7, -4.623e-7, -4.070e-7, 5.524e-8, -5.047e-7, -4.305e-7, 7.427e-8, -3.962e-7, -3.482e-7, 4.798e-8, -4.634e-7, -3.983e-7, 6.508e-8
