0.002, 1.062e-6, -2.546e-7, 6.600e-5, -6.767e-5, 1.595e-6, -2.006e-7, 1.331e-6, -2.503e-7
0.003, 1.015e-6, -1.923e-7, 4.850e-5, -7.638e-5, 1.532e-6, -1.147e-7, 1.293e-6, -1.656e-7
0.004, 9.842e-7, -1.700e-7, 3.129e-5, -8.496e-5, 1.469e-6, -7.681e-8, 1.244e-6, -1.448e-7
0.005, 9.726e-7, -1.508e-7, 1.408e-5, -9.354e-5, 1.418e-6, -5.321e-8, 1.225e-6, -1.303e-7
0.006, 9.480e-7, -1.402e-7, 2.291e-12, -1.006e-4, 1.393e-6, -3.703e-8, 1.173e-6, -1.146e-7
0.007, 9.438e-7, -1.276e-7, 2.291e-12, -1.006e-4, 1.365e-6, -3.078e-8, 1.178e-6, -1.107e-7
0.008, 9.348e-7, -1.221e-7, 2.291e-12, -1.006e-4, 1.349e-6, -2.279e-8, 1.154e-6, -9.764e-8
0.009, 9.362e-7, -1.230e-7, 2.291e-12, -1.006e-4, 1.322e-6, -1.386e-8, 1.134e-6, -9.378e-8
0.010, 9.001e-7, -1.130e-7, 2.291e-12, -1.006e-4, 1.316e-6, -6.163e-9, 1.126e-6, -8.530e-8
0.011, 9.090e-7, -1.183e-7, 2.291e-12, -1.006e-4, 1.312e-6, -4.011e-9, 1.130e-6, -8.337e-8
0.012, 9.021e-7, -1.100e-7, 2.291e-12, -1.006e-4, 1.301e-6, 1.233e-9, 1.122e-6, -8.495e-8
0.013, 8.800e-7, -1.085e-7, 2.291e-12, -1.006e-4, 1.299e-6, -1.290e-9, 1.123e-6, -8.302e-8
0.014, 8.910e-7, -1.090e-7, 2.291e-12, -1.006e-4, 1.271e-6, 4.152e-9, 1.103e-6, -8.067e-8
0.015, 8.715e-7, -1.059e-7, 2.291e-12, -1.006e-4, 1.286e-6, 6.032e-9, 1.116e-6, -7.634e-8
0.016, 8.670e-7, -1.030e-7, 2.291e-12, -1.006e-4, 1.280e-6, 5.463e-9, 1.096e-6, -7.310e-8
0.017, 8.713e-7, -1.002e-7, 2.291e-12, -1.006e-4, 1.270e-6, 8.580e-9, 1.095e-6, -7.441e-8
0.018, 8.904e-7, -9.148e-8, 2.291e-12, -1.006e-4, 1.245e-6, -3.004e-10, 1.083e-6, -7.327e-8
0.019, 8.605e-7, -9.111e-8, 2.291e-12, -1.006e-4, 1.268e-6, 7.813e-9, 1.091e-6, -6.405e-8
0.020, 8.621e-7, -9.083e-8, 2.291e-12, -1.006e-4, 1.245e-6, 6.230e-9, 1.079e-6, -7.253e-8
0.021, 8.508e-7, -9.220e-8, 2.291e-12, -1.006e-4, 1.252e-6, 6.131e-9, 1.074e-6, -6.543e-8
0.022, 8.480e-7, -8.557e-8, 2.291e-12, -1.006e-4, 1.230e-6, 1.147e-8, 1.086e-6, -6.669e-8
0.023, 8.526e-7, -8.527e-8, 2.291e-12, -1.006e-4, 1.238e-6, 7.566e-9, 1.082e-6, -6.506e-8
0.024, 8.428e-7, -8.616e-8, 2.291e-12, -1.006e-4, 1.230e-6, 1.669e-8, 1.066e-6, -6.523e-8
0.025, 8.365e-7, -8.747e-8, 2.291e-12, -1.006e-4, 1.219e-6, 1.415e-8, 1.061e-6, -6.058e-8
0.026, 8.336e-7, -8.750e-8, 2.291e-12, -1.006e-4, 1.219e-6, 2.303e-8, 1.067e-6, -6.073e-8
0.027, 8.325e-7, -8.698e-8, 2.291e-12, -1.006e-4, 1.204e-6, 2.347e-8, 1.034e-6, -6.229e-8
0.028, 8.112e-7, -8.411e-8, 2.291e-12, -1.006e-4, 1.222e-6, 2.209e-8, 1.043e-6, -5.571e-8
0.029, 8.160e-7, -8.069e-8, 2.291e-12, -1.006e-4, 1.198e-6, 2.416e-8, 1.043e-6, -5.992e-8
0.030, 8.181e-7, -8.460e-8, 2.291e-12, -1.006e-4, 1.191e-6, 2.953e-8, 1.023e-6, -5.598e-8
0.031, 8.122e-7, -8.178e-8, 2.291e-12, -1.006e-4, 1.183e-6, 2.149e-8, 1.024e-6, -6.088e-8
0.032, 8.078e-7, -8.062e-8, 2.291e-12, -1.006e-4, 1.189e-6, 2.820e-8, 1.017e-6, -5.019e-8
0.033, 7.845e-7, -7.740e-8, 2.291e-12, -1.006e-4, 1.187e-6, 2.137e-8, 1.019e-6, -5.190e-8
0.034, 7.803e-7, -7.448e-8, 2.291e-12, -1.006e-4, 1.173e-6, 2.327e-8, 9.968e-7, -5.096e-8
0.035, 7.881e-7, -7.090e-8, 2.291e-12, -1.006e-4, 1.168e-6, 3.089e-8, 1.014e-6, -4.906e-8
0.036, 7.700e-7, -7.696e-8, 2.291e-12, -1.006e-4, 1.174e-6, 2.731e-8, 9.925e-7, -5.388e-8
0.037, 7.726e-7, -7.263e-8, 2.291e-12, -1.006e-4, 1.160e-6, 2.773e-8, 9.907e-7, -4.512e-8
0.038, 7.609e-7, -6.375e-8, 2.291e-12, -1.006e-4, 1.160e-6, 3.050e-8, 9.899e-7, -4.624e-8
0.039, 7.671e-7, -6.395e-8, 2.291e-12, -1.006e-4, 1.128e-6, 3.683e-8, 9.854e-7, -4.473e-8
0.040, 7.580e-7, -6.427e-8, 2.291e-12, -1.006e-4, 1.139e-6, 3.287e-8, 9.780e-7, -4.240e-8
0.041, 7.477e-7, -6.001e-8, 2.291e-12, -1.006e-4, 1.133e-6, 3.134e-8, 9.706e-7, -3.748e-8
0.042, 7.352e-7, -6.805e-8, 2.291e-12, -1.006e-4, 1.125e-6, 3.777e-8, 9.524e-7, -4.515e-8
0.043, 7.458e-7, -6.001e-8, 2.291e-12, -1.006e-4, 1.117e-6, 4.116e-8, 9.773e-7, -3.916e-8
0.044, 7.274e-7, -6.813e-8, 2.291e-12, -1.006e-4, 1.131e-6, 3.705e-8, 9.706e-7, -3.978e-8
0.045, 7.292e-7, -6.494e-8, 2.291e-12, -1.006e-4, 1.127e-6, 4.118e-8, 9.492e-7, -4.267e-8
0.046, 7.149e-7, -5.927e-8, 2.291e-12, -1.006e-4, 1.117e-6, 3.151e-8, 9.626e-7, -3.738e-8
0.047, 7.103e-7, -6.301e-8, 2.291e-12, -1.006e-4, 1.107e-6, 4.175e-8, 9.488e-7, -3.703e-8
0.048, 7.159e-7, -6.521e-8, 2.291e-12, -1.006e-4, 1.108e-6, 3.965e-8, 9.296e-7, -3.728e-8
0.049, 7.058e-7, -5.709e-8, 2.291e-12, -1.006e-4, 1.095e-6, 3.671e-8, 9.295e-7, -3.557e-8
0.050, 7.051e-7, -5.596e-8, 2.291e-12, -1.006e-4, 1.112e-6, 3.337e-8, 9.448e-7, -3.748e-8
0.051, 7.160e-7, -5.249e-8, 2.291e-12, -1.006e-4, 1.093e-6, 3.243e-8, 9.199e-7, -3.904e-8
0.052, 6.974e-7, -5.697e-8, 2.291e-12, -1.006e-4, 1.099e-6, 3.468e-8, 9.374e-7, -3.753e-8
0.053, 6.859e-7, -5.868e-8, 2.291e-12, -1.006e-4, 1.102e-6, 3.747e-8, 9.392e-7, -3.990e-8
0.054, 7.114e-7, -5.549e-8, 2.291e-12, -1.006e-4, 1.084e-6, 3.245e-8, 9.319e-7, -4.112e-8
0.055, 7.016e-7, -6.278e-8, 2.291e-12, -1.006e-4, 1.076e-6, 4.291e-8, 9.297e-7, -3.275e-8
0.056, 6.962e-7, -5.984e-8, 2.291e-12, -1.006e-4, 1.091e-6, 4.282e-8, 9.228e-7, -3.459e-8
0.057, 6.889e-7, -5.803e-8, 2.291e-12, -1.006e-4, 1.090e-6, 3.564e-8, 9.118e-7, -4.117e-8
0.058, 6.880e-7, -6.046e-8, 2.291e-12, -1.006e-4, 1.085e-6, 3.933e-8, 9.301e-7, -4.507e-8
0.059, 6.860e-7, -6.041e-8, 2.291e-12, -1.006e-4, 1.074e-6, 3.643e-8, 9.111e-7, -3.899e-8
0.060, 6.852e-7, -6.009e-8, 2.291e-12, -1.006e-4, 1.072e-6, 2.684e-8, 9.164e-7, -4.371e-8
0.061, 6.641e-7, -6.085e-8, 2.291e-12, -1.006e-4, 1.083e-6, 3.017e-8, 9.093e-7, -4.220e-8
0.062, 6.840e-7, -5.769e-8, 2.291e-12, -1.006e-4, 1.082e-6, 2.708e-8, 9.093e-7, -4.327e-8
0.063, 6.666e-7, -6.565e-8, 2.291e-12, -1.006e-4, 1.068e-6, 3.495e-8, 9.098e-7, -4.582e-8
0.064, 6.731e-7, -6.580e-8, 2.291e-12, -1.006e-4, 1.090e-6, 3.705e-8, 9.182e-7, -4.258e-8
0.065, 6.752e-7, -6.518e-8, 2.291e-12, -1.006e-4, 1.082e-6, 3.671e-8, 9.209e-7, -4.265e-8
0.066, 6.518e-7, -6.355e-8, 2.291e-12, -1.006e-4, 1.088e-6, 2.958e-8, 9.147e-7, -4.473e-8
0.067, 6.701e-7, -5.982e-8, 2.291e-12, -1.006e-4, 1.077e-6, 3.304e-8, 9.207e-7, -4.396e-8
0.068, 6.665e-7, -7.152e-8, 2.291e-12, -1.006e-4, 1.094e-6, 3.967e-8, 9.263e-7, -4.458e-8
0.069, 6.709e-7, -6.370e-8, 2.291e-12, -1.006e-4, 1.072e-6, 3.275e-8, 9.090e-7, -4.525e-8
0.070, 6.625e-7, -6.377e-8, 2.291e-12, -1.006e-4, 1.093e-6, 3.248e-8, 9.196e-7, -4.070e-8
0.071, 6.613e-7, -5.848e-8, 2.291e-12, -1.006e-4, 1.103e-6, 2.466e-8, 9.128e-7, -4.267e-8
0.072, 6.632e-7, -6.496e-8, 2.291e-12, -1.006e-4, 1.105e-6, 3.119e-8, 9.313e-7, -4.366e-8
0.073, 6.754e-7, -5.845e-8, 2.291e-12, -1.006e-4, 1.108e-6, 3.161e-8, 9.174e-7, -4.107e-8
0.074, 6.666e-7, -5.789e-8, 2.291e-12, -1.006e-4, 1.124e-6, 3.564e-8, 9.172e-7, -4.483e-8
0.075, 6.773e-7, -5.969e-8, 2.291e-12, -1.006e-4, 1.116e-6, 3.426e-8, 9.150e-7, -4.802e-8
0.076, 6.796e-7, -5.972e-8, 2.291e-12, -1.006e-4, 1.119e-6, 3.257e-8, 9.449e-7, -4.584e-8
0.077, 6.678e-7, -6.021e-8, 2.291e-12, -1.006e-4, 1.128e-6, 2.881e-8, 9.267e-7, -4.196e-8
0.078, 6.671e-7, -6.424e-8, 2.291e-12, -1.006e-4, 1.148e-6, 3.636e-8, 9.268e-7, -5.695e-8
0.079, 6.761e-7, -6.471e-8, 2.291e-12, -1.006e-4, 1.148e-6, 3.562e-8, 9.397e-7, -4.337e-8
0.080, 6.741e-7, -6.432e-8, 2.291e-12, -1.006e-4, 1.149e-6, 3.930e-8, 9.423e-7, -4.797e-8
0.081, 6.981e-7, -6.271e-8, 2.291e-12, -1.006e-4, 1.134e-6, 3.641e-8, 9.511e-7, -4.713e-8
0.082, 6.814e-7, -5.316e-8, 2.291e-12, -1.006e-4, 1.145e-6, 2.993e-8, 9.390e-7, -4.275e-8
0.083, 6.920e-7, -6.137e-8, 2.291e-12, -1.006e-4, 1.133e-6, 2.753e-8, 9.375e-7, -4.238e-8
0.084, 6.778e-7, -6.296e-8, 2.291e-12, -1.006e-4, 1.153e-6, 3.792e-8, 9.494e-7, -4.371e-8
0.085, 6.749e-7, -5.900e-8, 2.291e-12, -1.006e-4, 1.141e-6, 3.332e-8, 9.456e-7, -4.154e-8
0.086, 6.764e-7, -6.320e-8, 2.291e-12, -1.006e-4, 1.155e-6, 3.878e-8, 9.425e-7, -4.285e-8
0.087, 7.039e-7, -6.261e-8, 2.291e-12, -1.006e-4, 1.139e-6, 3.510e-8, 9.591e-7, -4.082e-8
0.088, 7.023e-7, -5.514e-8, 2.291e-12, -1.006e-4, 1.149e-6, 3.121e-8, 9.614e-7, -4.502e-8
0.089, 6.885e-7, -5.999e-8, 2.291e-12, -1.006e-4, 1.152e-6, 3.389e-8, 9.585e-7, -3.562e-8
0.090, 6.876e-7, -5.489e-8, 2.291e-12, -1.006e-4, 1.143e-6, 3.337e-8, 9.430e-7, -4.208e-8
0.091, 6.847e-7, -5.969e-8, 2.291e-12, -1.006e-4, 1.144e-6, 4.141e-8, 9.478e-7, -4.104e-8
0.092, 6.902e-7, -5.136e-8, 2.291e-12, -1.006e-4, 1.135e-6, 3.176e-8, 9.700e-7, -3.899e-8
0.093, 6.906e-7, -5.690e-8, 2.291e-12, -1.006e-4, 1.148e-6, 3.661e-8, 9.553e-7, -3.753e-8
0.094, 6.857e-7, -6.184e-8, 2.291e-12, -1.006e-4, 1.149e-6, 4.225e-8, 9.598e-7, -3.842e-8
0.095, 6.804e-7, -4.537e-8, 2.291e-12, -1.006e-4, 1.162e-6, 3.460e-8, 9.529e-7, -3.721e-8
0.096, 7.004e-7, -5.244e-8, 2.291e-12, -1.006e-4, 1.138e-6, 4.230e-8, 9.672e-7, -3.721e-8
0.097, 6.897e-7, -5.420e-8, 2.291e-12, -1.006e-4, 1.137e-6, 3.896e-8, 9.534e-7, -3.647e-8
0.098, 6.872e-7, -5.371e-8, 2.291e-12, -1.006e-4, 1.162e-6, 3.829e-8, 9.658e-7, -3.859e-8
0.099, 7.041e-7, -6.115e-8, 2.291e-12, -1.006e-4, 1.136e-6, 4.796e-8, 9.581e-7, -3.167e-8
0.100, 6.933e-7, -4.952e-8, 2.291e-12, -1.006e-4, 1.144e-6, 4.526e-8, 9.603e-7, -3.656e-8
0.101, 6.858e-7, -4.641e-8, 2.291e-12, -1.006e-4, 1.155e-6, 4.024e-8, 9.632e-7, -3.797e-8
0.102, 6.850e-7, -4.163e-8, 2.291e-12, -1.006e-4, 1.149e-6, 4.338e-8, 9.544e-7, -2.969e-8
0.103, 6.843e-7, -5.306e-8, 2.291e-12, -1.006e-4, 1.161e-6, 5.224e-8, 9.659e-7, -3.318e-8
0.104, 6.739e-7, -4.191e-8, 2.291e-12, -1.006e-4, 1.172e-6, 4.477e-8, 9.488e-7, -2.664e-8
0.105, 6.799e-7, -4.418e-8, 2.291e-12, -1.006e-4, 1.153e-6, 4.915e-8, 9.426e-7, -2.308e-8
0.106, 6.806e-7, -4.060e-8, 2.291e-12, -1.006e-4, 1.179e-6, 5.313e-8, 9.790e-7, -3.209e-8
0.107, 6.765e-7, -4.107e-8, 2.291e-12, -1.006e-4, 1.156e-6, 4.534e-8, 9.602e-7, -2.721e-8
0.108, 6.810e-7, -4.154e-8, 2.291e-12, -1.006e-4, 1.168e-6, 5.526e-8, 9.665e-7, -2.687e-8
0.109, 6.676e-7, -3.859e-8, 2.291e-12, -1.006e-4, 1.166e-6, 4.940e-8, 9.675e-7, -2.813e-8
0.110, 6.920e-7, -3.387e-8, 2.291e-12, -1.006e-4, 1.171e-6, 4.497e-8, 9.685e-7, -2.588e-8
0.111, 6.843e-7, -3.592e-8, 2.291e-12, -1.006e-4, 1.173e-6, 4.566e-8, 9.663e-7, -2.481e-8
0.112, 6.792e-7, -3.641e-8, 2.291e-12, -1.006e-4, 1.173e-6, 4.695e-8, 9.688e-7, -2.664e-8
0.113, 6.776e-7, -5.101e-8, 2.291e-12, -1.006e-4, 1.175e-6, 4.744e-8, 9.562e-7, -2.444e-8
0.114, 6.813e-7, -4.111e-8, 2.291e-12, -1.006e-4, 1.179e-6, 4.841e-8, 9.776e-7, -2.496e-8
0.115, 6.774e-7, -4.878e-8, 2.291e-12, -1.006e-4, 1.190e-6, 4.625e-8, 9.901e-7, -2.895e-8
0.116, 6.789e-7, -4.807e-8, 2.291e-12, -1.006e-4, 1.195e-6, 4.131e-8, 9.810e-7, -3.595e-8
0.117, 6.877e-7, -5.148e-8, 2.291e-12, -1.006e-4, 1.197e-6, 3.962e-8, 9.872e-7, -3.914e-8
0.118, 6.910e-7, -4.920e-8, 2.291e-12, -1.006e-4, 1.192e-6, 3.507e-8, 9.943e-7, -3.629e-8
0.119, 6.725e-7, -6.016e-8, 2.291e-12, -1.006e-4, 1.210e-6, 4.314e-8, 9.857e-7, -3.773e-8
0.120, 6.959e-7, -5.672e-8, 2.291e-12, -1.006e-4, 1.207e-6, 3.678e-8, 9.897e-7, -3.540e-8
0.121, 6.819e-7, -6.338e-8, 2.291e-12, -1.006e-4, 1.230e-6, 4.346e-8, 9.967e-7, -4.084e-8
0.122, 7.061e-7, -6.466e-8, 2.291e-12, -1.006e-4, 1.203e-6, 3.839e-8, 1.010e-6, -3.844e-8
0.123, 7.116e-7, -6.177e-8, 2.291e-12, -1.006e-4, 1.223e-6, 2.802e-8, 1.000e-6, -4.416e-8
0.124, 7.120e-7, -6.276e-8, 2.291e-12, -1.006e-4, 1.207e-6, 2.379e-8, 1.009e-6, -5.212e-8
0.125, 7.181e-7, -6.924e-8, 2.291e-12, -1.006e-4, 1.236e-6, 3.252e-8, 1.026e-6, -4.564e-8
0.126, 7.182e-7, -6.469e-8, 2.291e-12, -1.006e-4, 1.249e-6, 2.973e-8, 1.014e-6, -4.883e-8
0.127, 7.022e-7, -6.793e-8, 2.291e-12, -1.006e-4, 1.256e-6, 3.107e-8, 1.024e-6, -5.212e-8
0.128, 7.272e-7, -6.221e-8, 2.291e-12, -1.006e-4, 1.264e-6, 2.634e-8, 1.034e-6, -4.916e-8
0.129, 7.428e-7, -6.746e-8, 2.291e-12, -1.006e-4, 1.267e-6, 2.983e-8, 1.039e-6, -4.403e-8
0.130, 7.369e-7, -6.456e-8, 2.291e-12, -1.006e-4, 1.280e-6, 2.674e-8, 1.056e-6, -4.406e-8
0.131, 7.347e-7, -5.947e-8, 2.291e-12, -1.006e-4, 1.293e-6, 2.827e-8, 1.067e-6, -5.190e-8
0.132, 7.582e-7, -7.080e-8, 2.291e-12, -1.006e-4, 1.285e-6, 2.543e-8, 1.055e-6, -5.336e-8
0.133, 7.646e-7, -6.983e-8, 2.291e-12, -1.006e-4, 1.287e-6, 2.399e-8, 1.074e-6, -5.747e-8
0.134, 7.646e-7, -6.922e-8, 2.291e-12, -1.006e-4, 1.314e-6, 2.755e-8, 1.071e-6, -4.322e-8
0.135, 7.823e-7, -6.679e-8, 2.291e-12, -1.006e-4, 1.322e-6, 1.823e-8, 1.088e-6, -5.366e-8
0.136, 7.793e-7, -6.738e-8, 2.291e-12, -1.006e-4, 1.328e-6, 3.136e-8, 1.092e-6, -5.692e-8
0.137, 7.856e-7, -6.682e-8, 2.291e-12, -1.006e-4, 1.351e-6, 1.894e-8, 1.104e-6, -5.173e-8
0.138, 8.066e-7, -7.070e-8, 2.291e-12, -1.006e-4, 1.340e-6, 2.676e-8, 1.113e-6, -4.836e-8
0.139, 7.953e-7, -7.199e-8, 2.291e-12, -1.006e-4, 1.361e-6, 3.084e-8, 1.129e-6, -5.202e-8
0.140, 7.973e-7, -6.486e-8, 2.291e-12, -1.006e-4, 1.366e-6, 2.355e-8, 1.120e-6, -4.329e-8
0.141, 8.149e-7, -6.892e-8, 2.291e-12, -1.006e-4, 1.386e-6, 2.825e-8, 1.138e-6, -5.430e-8
0.142, 8.204e-7, -7.016e-8, 2.291e-12, -1.006e-4, 1.391e-6, 3.114e-8, 1.130e-6, -4.406e-8
0.143, 8.293e-7, -6.763e-8, 2.291e-12, -1.006e-4, 1.407e-6, 2.926e-8, 1.156e-6, -4.213e-8
0.144, 8.465e-7, -6.590e-8, 2.291e-12, -1.006e-4, 1.409e-6, 2.708e-8, 1.162e-6, -5.180e-8
0.145, 8.640e-7, -7.132e-8, 2.291e-12, -1.006e-4, 1.421e-6, 2.681e-8, 1.177e-6, -5.460e-8
0.146, 8.546e-7, -6.771e-8, 2.291e-12, -1.006e-4, 1.433e-6, 2.186e-8, 1.186e-6, -4.493e-8
0.147, 8.682e-7, -6.776e-8, 2.291e-12, -1.006e-4, 1.445e-6, 3.487e-8, 1.192e-6, -4.065e-8
0.148, 8.761e-7, -6.879e-8, 2.291e-12, -1.006e-4, 1.459e-6, 2.684e-8, 1.203e-6, -4.762e-8
0.149, 8.877e-7, -7.100e-8, 2.291e-12, -1.006e-4, 1.471e-6, 2.711e-8, 1.211e-6, -5.106e-8
0.150, 8.922e-7, -7.280e-8, 2.291e-12, -1.006e-4, 1.476e-6, 2.891e-8, 1.208e-6, -4.977e-8
0.151, 9.042e-7, -6.123e-8, 2.291e-12, -1.006e-4, 1.497e-6, 2.637e-8, 1.230e-6, -4.584e-8
0.152, 9.074e-7, -6.365e-8, 2.291e-12, -1.006e-4, 1.511e-6, 2.268e-8, 1.231e-6, -4.055e-8
0.153, 9.267e-7, -6.961e-8, 2.291e-12, -1.006e-4, 1.517e-6, 3.312e-8, 1.254e-6, -5.128e-8
0.154, 9.285e-7, -6.917e-8, 2.291e-12, -1.006e-4, 1.531e-6, 3.131e-8, 1.244e-6, -4.072e-8
0.155, 9.391e-7, -7.040e-8, 2.291e-12, -1.006e-4, 1.538e-6, 3.017e-8, 1.280e-6, -4.646e-8
0.156, 9.444e-7, -6.793e-8, 2.291e-12, -1.006e-4, 1.549e-6, 2.646e-8, 1.272e-6, -5.205e-8
0.157, 9.670e-7, -6.508e-8, 2.291e-12, -1.006e-4, 1.571e-6, 2.869e-8, 1.287e-6, -4.579e-8
0.158, 9.770e-7, -6.459e-8, 2.291e-12, -1.006e-4, 1.585e-6, 2.770e-8, 1.298e-6, -4.386e-8
0.159, 1.005e-6, -6.714e-8, 2.291e-12, -1.006e-4, 1.572e-6, 2.983e-8, 1.317e-6, -4.779e-8
0.160, 1.001e-6, -6.115e-8, 2.291e-12, -1.006e-4, 1.613e-6, 2.288e-8, 1.342e-6, -4.213e-8
0.161, 1.005e-6, -6.043e-8, 2.291e-12, -1.006e-4, 1.626e-6, 2.735e-8, 1.339e-6, -4.339e-8
0.162, 1.018e-6, -6.338e-8, 2.291e-12, -1.006e-4, 1.643e-6, 2.881e-8, 1.355e-6, -4.018e-8
0.163, 1.025e-6, -6.659e-8, 2.291e-12, -1.006e-4, 1.660e-6, 2.827e-8, 1.351e-6, -4.327e-8
0.164, 1.048e-6, -5.986e-8, 2.291e-12, -1.006e-4, 1.666e-6, 2.696e-8, 1.375e-6, -5.492e-8
0.165, 1.049e-6, -6.068e-8, 2.291e-12, -1.006e-4, 1.700e-6, 2.270e-8, 1.385e-6, -4.171e-8
0.166, 1.072e-6, -7.075e-8, 2.291e-12, -1.006e-4, 1.689e-6, 3.064e-8, 1.413e-6, -5.215e-8
0.167, 1.094e-6, -6.427e-8, 2.291e-12, -1.006e-4, 1.714e-6, 3.079e-8, 1.419e-6, -4.275e-8
0.168, 1.117e-6, -6.068e-8, 2.291e-12, -1.006e-4, 1.731e-6, 2.364e-8, 1.427e-6, -4.656e-8
0.169, 1.135e-6, -6.879e-8, 2.291e-12, -1.006e-4, 1.756e-6, 3.136e-8, 1.448e-6, -4.166e-8
0.170, 1.114e-6, -6.506e-8, 2.291e-12, -1.006e-4, 1.789e-6, 3.223e-8, 1.452e-6, -4.500e-8
0.171, 1.140e-6, -6.852e-8, 2.291e-12, -1.006e-4, 1.795e-6, 2.560e-8, 1.466e-6, -4.577e-8
0.172, 1.166e-6, -6.506e-8, 2.291e-12, -1.006e-4, 1.808e-6, 3.453e-8, 1.492e-6, -4.218e-8
0.173, 1.187e-6, -6.736e-8, 2.291e-12, -1.006e-4, 1.819e-6, 2.802e-8, 1.507e-6, -4.918e-8
0.174, 1.194e-6, -6.239e-8, 2.291e-12, -1.006e-4, 1.859e-6, 2.691e-8, 1.542e-6, -4.982e-8
0.175, 1.216e-6, -6.706e-8, 2.291e-12, -1.006e-4, 1.874e-6, 2.592e-8, 1.549e-6, -4.705e-8
0.176, 1.218e-6, -6.751e-8, 2.291e-12, -1.006e-4, 1.897e-6, 2.404e-8, 1.567e-6, -4.554e-8
0.177, 1.249e-6, -7.283e-8, 2.291e-12, -1.006e-4, 1.920e-6, 2.716e-8, 1.583e-6, -5.076e-8
0.178, 1.279e-6, -7.347e-8, 2.291e-12, -1.006e-4, 1.930e-6, 3.225e-8, 1.605e-6, -4.572e-8
0.179, 1.299e-6, -7.575e-8, 2.291e-12, -1.006e-4, 1.976e-6, 2.634e-8, 1.643e-6, -4.881e-8
0.180, 1.320e-6, -7.414e-8, 2.291e-12, -1.006e-4, 1.979e-6, 2.735e-8, 1.655e-6, -5.497e-8
0.181, 1.334e-6, -7.718e-8, 2.291e-12, -1.006e-4, 2.019e-6, 2.392e-8, 1.669e-6, -5.245e-8
0.182, 1.350e-6, -7.434e-8, 2.291e-12, -1.006e-4, 2.029e-6, 2.031e-8, 1.685e-6, -5.314e-8
0.183, 1.381e-6, -7.169e-8, 2.291e-12, -1.006e-4, 2.053e-6, 1.746e-8, 1.711e-6, -5.484e-8
0.184, 1.413e-6, -7.711e-8, 2.291e-12, -1.006e-4, 2.063e-6, 2.335e-8, 1.737e-6, -5.818e-8
0.185, 1.429e-6, -7.819e-8, 2.291e-12, -1.006e-4, 2.091e-6, 1.736e-8, 1.756e-6, -5.865e-8
0.186, 1.464e-6, -7.988e-8, 2.291e-12, -1.006e-4, 2.121e-6, 1.872e-8, 1.780e-6, -5.373e-8
0.187, 1.477e-6, -7.325e-8, 2.291e-12, -1.006e-4, 2.161e-6, 2.050e-8, 1.794e-6, -5.598e-8
0.188, 1.484e-6, -7.859e-8, 2.291e-12, -1.006e-4, 2.188e-6, 2.026e-8, 1.817e-6, -5.554e-8
0.189, 1.520e-6, -7.730e-8, 2.291e-12, -1.006e-4, 2.206e-6, 2.592e-8, 1.840e-6, -6.100e-8
0.190, 1.541e-6, -7.030e-8, 2.291e-12, -1.006e-4, 2.238e-6, 1.697e-8, 1.842e-6, -5.650e-8
0.191, 1.573e-6, -7.451e-8, 2.291e-12, -1.006e-4, 2.251e-6, 2.298e-8, 1.893e-6, -5.700e-8
0.192, 1.584e-6, -7.678e-8, 2.291e-12, -1.006e-4, 2.273e-6, 2.246e-8, 1.897e-6, -6.358e-8
0.193, 1.618e-6, -7.149e-8, 2.291e-12, -1.006e-4, 2.296e-6, 2.214e-8, 1.928e-6, -5.749e-8
0.194, 1.645e-6, -7.382e-8, 2.291e-12, -1.006e-4, 2.316e-6, 2.411e-8, 1.938e-6, -5.136e-8
0.195, 1.665e-6, -7.849e-8, 2.291e-12, -1.006e-4, 2.336e-6, 2.498e-8, 1.958e-6, -5.054e-8
0.196, 1.680e-6, -7.300e-8, 2.291e-12, -1.006e-4, 2.392e-6, 2.031e-8, 1.996e-6, -5.576e-8
0.197, 1.698e-6, -7.542e-8, 2.291e-12, -1.006e-4, 2.410e-6, 2.535e-8, 2.009e-6, -4.859e-8
0.198, 1.723e-6, -7.077e-8, 2.291e-12, -1.006e-4, 2.421e-6, 2.639e-8, 2.015e-6, -4.856e-8
0.199, 1.744e-6, -8.124e-8, 2.291e-12, -1.006e-4, 2.454e-6, 2.901e-8, 2.059e-6, -4.918e-8
0.200, 1.765e-6, -7.258e-8, 2.291e-12, -1.006e-4, 2.483e-6, 3.369e-8, 2.062e-6, -5.202e-8
0.201, 1.776e-6, -7.161e-8, 2.291e-12, -1.006e-4, 2.523e-6, 2.518e-8, 2.096e-6, -5.034e-8
0.202, 1.832e-6, -5.979e-8, 2.291e-12, -1.006e-4, 2.533e-6, 1.875e-8, 2.127e-6, -4.943e-8
0.203, 1.848e-6, -6.931e-8, 2.291e-12, -1.006e-4, 2.562e-6, 2.649e-8, 2.139e-6, -4.987e-8
0.204, 1.871e-6, -6.449e-8, 2.291e-12, -1.006e-4, 2.585e-6, 2.058e-8, 2.157e-6, -4.987e-8
0.205, 1.899e-6, -6.662e-8, 2.291e-12, -1.006e-4, 2.623e-6, 2.426e-8, 2.191e-6, -4.765e-8
0.206, 1.929e-6, -6.283e-8, 2.291e-12, -1.006e-4, 2.631e-6, 2.327e-8, 2.218e-6, -4.465e-8
0.207, 1.952e-6, -6.268e-8, 2.291e-12, -1.006e-4, 2.668e-6, 2.431e-8, 2.233e-6, -4.337e-8
0.208, 1.967e-6, -5.932e-8, 2.291e-12, -1.006e-4, 2.691e-6, 3.146e-8, 2.263e-6, -3.899e-8
0.209, 1.996e-6, -5.794e-8, 2.291e-12, -1.006e-4, 2.725e-6, 2.820e-8, 2.284e-6, -3.874e-8
0.210, 2.014e-6, -6.362e-8, 2.291e-12, -1.006e-4, 2.749e-6, 3.470e-8, 2.314e-6, -4.297e-8
0.211, 2.047e-6, -6.635e-8, 2.291e-12, -1.006e-4, 2.795e-6, 4.056e-8, 2.339e-6, -3.844e-8
0.212, 2.056e-6, -6.155e-8, 2.291e-12, -1.006e-4, 2.818e-6, 3.163e-8, 2.362e-6, -4.829e-8
0.213, 2.107e-6, -6.543e-8, 2.291e-12, -1.006e-4, 2.826e-6, 3.386e-8, 2.363e-6, -4.846e-8
0.214, 2.137e-6, -6.397e-8, 2.291e-12, -1.006e-4, 2.882e-6, 3.537e-8, 2.413e-6, -4.352e-8
0.215, 2.148e-6, -6.442e-8, 2.291e-12, -1.006e-4, 2.897e-6, 4.009e-8, 2.418e-6, -4.228e-8
0.216, 2.204e-6, -6.382e-8, 2.291e-12, -1.006e-4, 2.934e-6, 3.945e-8, 2.468e-6, -3.973e-8
0.217, 2.208e-6, -5.405e-8, 2.291e-12, -1.006e-4, 2.953e-6, 3.426e-8, 2.466e-6, -4.060e-8
0.218, 2.249e-6, -5.991e-8, 2.291e-12, -1.006e-4, 3.001e-6, 3.183e-8, 2.501e-6, -3.968e-8
0.219, 2.279e-6, -5.977e-8, 2.291e-12, -1.006e-4, 3.035e-6, 3.554e-8, 2.525e-6, -4.196e-8
0.220, 2.307e-6, -5.623e-8, 2.291e-12, -1.006e-4, 3.067e-6, 3.267e-8, 2.562e-6, -3.318e-8
0.221, 2.336e-6, -5.415e-8, 2.291e-12, -1.006e-4, 3.099e-6, 3.074e-8, 2.583e-6, -4.799e-8
0.222, 2.363e-6, -5.363e-8, 2.291e-12, -1.006e-4, 3.126e-6, 3.396e-8, 2.615e-6, -4.107e-8
0.223, 2.421e-6, -5.979e-8, 2.291e-12, -1.006e-4, 3.174e-6, 4.056e-8, 2.657e-6, -3.971e-8
0.224, 2.455e-6, -5.860e-8, 2.291e-12, -1.006e-4, 3.188e-6, 3.987e-8, 2.689e-6, -3.973e-8
0.225, 2.483e-6, -5.437e-8, 2.291e-12, -1.006e-4, 3.237e-6, 3.626e-8, 2.734e-6, -4.245e-8
0.226, 2.513e-6, -6.204e-8, 2.291e-12, -1.006e-4, 3.297e-6, 3.542e-8, 2.740e-6, -4.065e-8
0.227, 2.554e-6, -5.158e-8, 2.291e-12, -1.006e-4, 3.311e-6, 3.060e-8, 2.776e-6, -4.505e-8
0.228, 2.588e-6, -6.573e-8, 2.291e-12, -1.006e-4, 3.343e-6, 3.826e-8, 2.819e-6, -4.337e-8
0.229, 2.623e-6, -6.474e-8, 2.291e-12, -1.006e-4, 3.384e-6, 3.129e-8, 2.848e-6, -4.834e-8
0.230, 2.667e-6, -6.402e-8, 2.291e-12, -1.006e-4, 3.434e-6, 2.760e-8, 2.882e-6, -4.277e-8
0.231, 2.711e-6, -6.157e-8, 2.291e-12, -1.006e-4, 3.467e-6, 3.082e-8, 2.930e-6, -4.196e-8
0.232, 2.745e-6, -6.348e-8, 2.291e-12, -1.006e-4, 3.519e-6, 2.872e-8, 2.954e-6, -4.809e-8
0.233, 2.784e-6, -6.597e-8, 2.291e-12, -1.006e-4, 3.532e-6, 3.178e-8, 2.992e-6, -4.490e-8
0.234, 2.817e-6, -5.939e-8, 2.291e-12, -1.006e-4, 3.587e-6, 2.701e-8, 3.026e-6, -4.747e-8
0.235, 2.835e-6, -6.162e-8, 2.291e-12, -1.006e-4, 3.629e-6, 2.723e-8, 3.055e-6, -4.881e-8
0.236, 2.883e-6, -6.402e-8, 2.291e-12, -1.006e-4, 3.662e-6, 3.455e-8, 3.090e-6, -4.497e-8
0.237, 2.901e-6, -6.392e-8, 2.291e-12, -1.006e-4, 3.693e-6, 3.188e-8, 3.118e-6, -3.580e-8
0.238, 2.957e-6, -5.596e-8, 2.291e-12, -1.006e-4, 3.746e-6, 3.334e-8, 3.154e-6, -4.025e-8
0.239, 2.995e-6, -5.690e-8, 2.291e-12, -1.006e-4, 3.778e-6, 3.567e-8, 3.172e-6, -3.181e-8
0.240, 3.036e-6, -5.791e-8, 2.291e-12, -1.006e-4, 3.799e-6, 4.252e-8, 3.217e-6, -2.157e-8
0.241, 3.053e-6, -5.563e-8, 2.291e-12, -1.006e-4, 3.842e-6, 4.937e-8, 3.250e-6, -3.219e-8
0.242, 3.091e-6, -5.291e-8, 2.291e-12, -1.006e-4, 3.865e-6, 4.299e-8, 3.280e-6, -3.622e-8
0.243, 3.126e-6, -4.579e-8, 2.291e-12, -1.006e-4, 3.912e-6, 4.484e-8, 3.303e-6, -2.459e-8
0.244, 3.157e-6, -3.711e-8, 2.291e-12, -1.006e-4, 3.934e-6, 4.633e-8, 3.336e-6, -2.415e-8
0.245, 3.177e-6, -4.193e-8, 2.291e-12, -1.006e-4, 3.967e-6, 5.560e-8, 3.374e-6, -1.742e-8
0.246, 3.213e-6, -4.000e-8, 2.291e-12, -1.006e-4, 4.003e-6, 5.944e-8, 3.397e-6, -2.209e-8
0.247, 3.226e-6, -4.077e-8, 2.291e-12, -1.006e-4, 4.033e-6, 5.504e-8, 3.419e-6, -2.279e-8
0.248, 3.257e-6, -2.664e-8, 2.291e-12, -1.006e-4, 4.069e-6, 5.320e-8, 3.448e-6, -1.794e-8
0.249, 3.274e-6, -3.483e-8, 2.291e-12, -1.006e-4, 4.087e-6, 5.578e-8, 3.465e-6, -1.302e-8
0.250, 3.316e-6, -3.364e-8, 2.291e-12, -1.006e-4, 4.101e-6, 5.414e-8, 3.486e-6, -1.460e-8
0.251, 3.326e-6, -2.929e-8, 2.291e-12, -1.006e-4, 4.152e-6, 5.518e-8, 3.522e-6, -1.786e-8
0.252, 3.345e-6, -4.205e-8, 2.291e-12, -1.006e-4, 4.181e-6, 6.181e-8, 3.531e-6, -1.945e-8
0.253, 3.382e-6, -3.869e-8, 2.291e-12, -1.006e-4, 4.195e-6, 6.075e-8, 3.561e-6, -1.702e-8
0.254, 3.393e-6, -3.325e-8, 2.291e-12, -1.006e-4, 4.229e-6, 5.457e-8, 3.579e-6, -1.430e-8
0.255, 3.415e-6, -4.121e-8, 2.291e-12, -1.006e-4, 4.248e-6, 5.761e-8, 3.592e-6, -1.843e-8
0.256, 3.437e-6, -3.842e-8, 2.291e-12, -1.006e-4, 4.276e-6, 5.627e-8, 3.622e-6, -1.658e-8
0.257, 3.447e-6, -4.203e-8, 2.291e-12, -1.006e-4, 4.301e-6, 6.223e-8, 3.635e-6, -1.945e-8
0.258, 3.474e-6, -4.074e-8, 2.291e-12, -1.006e-4, 4.329e-6, 5.884e-8, 3.664e-6, -2.373e-8
0.259, 3.494e-6, -4.146e-8, 2.291e-12, -1.006e-4, 4.334e-6, 5.857e-8, 3.678e-6, -1.517e-8
0.260, 3.511e-6, -3.473e-8, 2.291e-12, -1.006e-4, 4.390e-6, 5.437e-8, 3.711e-6, -2.251e-8
0.261, 3.512e-6, -3.956e-8, 2.291e-12, -1.006e-4, 4.406e-6, 5.612e-8, 3.728e-6, -2.481e-8
0.262, 3.522e-6, -4.277e-8, 2.291e-12, -1.006e-4, 4.421e-6, 6.725e-8, 3.733e-6, -1.816e-8
0.263, 3.538e-6, -3.295e-8, 2.291e-12, -1.006e-4, 4.434e-6, 5.729e-8, 3.747e-6, -1.534e-8
0.264, 3.541e-6, -3.533e-8, 2.291e-12, -1.006e-4, 4.458e-6, 5.563e-8, 3.757e-6, -1.410e-8
0.265, 3.567e-6, -4.057e-8, 2.291e-12, -1.006e-4, 4.471e-6, 6.228e-8, 3.770e-6, -1.455e-8
0.266, 3.589e-6, -3.948e-8, 2.291e-12, -1.006e-4, 4.473e-6, 6.196e-8, 3.782e-6, -2.115e-8
0.267, 3.577e-6, -4.337e-8, 2.291e-12, -1.006e-4, 4.503e-6, 6.503e-8, 3.814e-6, -1.623e-8
0.268, 3.594e-6, -3.434e-8, 2.291e-12, -1.006e-4, 4.517e-6, 5.714e-8, 3.828e-6, -1.205e-8
0.269, 3.595e-6, -3.491e-8, 2.291e-12, -1.006e-4, 4.542e-6, 6.226e-8, 3.845e-6, -1.757e-8
0.270, 3.608e-6, -3.028e-8, 2.291e-12, -1.006e-4, 4.555e-6, 6.374e-8, 3.844e-6, -1.705e-8
0.271, 3.613e-6, -3.755e-8, 2.291e-12, -1.006e-4, 4.581e-6, 6.362e-8, 3.860e-6, -2.175e-8
0.272, 3.609e-6, -3.280e-8, 2.291e-12, -1.006e-4, 4.586e-6, 5.936e-8, 3.857e-6, -1.304e-8
0.273, 3.627e-6, -3.214e-8, 2.291e-12, -1.006e-4, 4.597e-6, 6.607e-8, 3.891e-6, -1.398e-8
0.274, 3.621e-6, -2.830e-8, 2.291e-12, -1.006e-4, 4.614e-6, 5.991e-8, 3.891e-6, -8.859e-9
0.275, 3.625e-6, -2.924e-8, 2.291e-12, -1.006e-4, 4.615e-6, 5.753e-8, 3.885e-6, -1.165e-8
0.276, 3.617e-6, -4.032e-8, 2.291e-12, -1.006e-4, 4.617e-6, 6.305e-8, 3.889e-6, -1.979e-8
0.277, 3.606e-6, -3.058e-8, 2.291e-12, -1.006e-4, 4.630e-6, 6.016e-8, 3.886e-6, -1.024e-8
0.278, 3.600e-6, -3.060e-8, 2.291e-12, -1.006e-4, 4.632e-6, 5.704e-8, 3.895e-6, -2.076e-8
0.279, 3.608e-6, -3.478e-8, 2.291e-12, -1.006e-4, 4.641e-6, 5.939e-8, 3.911e-6, -1.888e-8
0.280, 3.590e-6, -3.134e-8, 2.291e-12, -1.006e-4, 4.645e-6, 6.129e-8, 3.884e-6, -9.008e-9
0.281, 3.583e-6, -3.268e-8, 2.291e-12, -1.006e-4, 4.643e-6, 5.714e-8, 3.907e-6, -1.499e-8
0.282, 3.578e-6, -3.265e-8, 2.291e-12, -1.006e-4, 4.653e-6, 5.731e-8, 3.906e-6, -2.002e-8
0.283, 3.557e-6, -3.585e-8, 2.291e-12, -1.006e-4, 4.644e-6, 5.701e-8, 3.894e-6, -1.757e-8
0.284, 3.552e-6, -3.728e-8, 2.291e-12, -1.006e-4, 4.656e-6, 5.837e-8, 3.897e-6, -1.895e-8
0.285, 3.551e-6, -3.886e-8, 2.291e-12, -1.006e-4, 4.649e-6, 6.070e-8, 3.900e-6, -1.299e-8
0.286, 3.532e-6, -3.599e-8, 2.291e-12, -1.006e-4, 4.657e-6, 5.706e-8, 3.889e-6, -1.650e-8
0.287, 3.524e-6, -3.936e-8, 2.291e-12, -1.006e-4, 4.651e-6, 5.192e-8, 3.891e-6, -2.380e-8
0.288, 3.517e-6, -3.364e-8, 2.291e-12, -1.006e-4, 4.643e-6, 5.281e-8, 3.885e-6, -2.491e-8
0.289, 3.500e-6, -4.317e-8, 2.291e-12, -1.006e-4, 4.660e-6, 5.983e-8, 3.883e-6, -2.751e-8
0.290, 3.511e-6, -3.926e-8, 2.291e-12, -1.006e-4, 4.637e-6, 4.932e-8, 3.886e-6, -2.293e-8
0.291, 3.475e-6, -3.763e-8, 2.291e-12, -1.006e-4, 4.638e-6, 4.781e-8, 3.872e-6, -2.627e-8
0.292, 3.481e-6, -4.720e-8, 2.291e-12, -1.006e-4, 4.630e-6, 5.442e-8, 3.885e-6, -2.130e-8
0.293, 3.471e-6, -5.017e-8, 2.291e-12, -1.006e-4, 4.643e-6, 5.246e-8, 3.868e-6, -2.284e-8
0.294, 3.454e-6, -4.957e-8, 2.291e-12, -1.006e-4, 4.635e-6, 5.325e-8, 3.874e-6, -2.739e-8
0.295, 3.443e-6, -4.072e-8, 2.291e-12, -1.006e-4, 4.641e-6, 4.697e-8, 3.868e-6, -2.081e-8
0.296, 3.452e-6, -4.552e-8, 2.291e-12, -1.006e-4, 4.622e-6, 5.073e-8, 3.861e-6, -3.228e-8
0.297, 3.421e-6, -5.029e-8, 2.291e-12, -1.006e-4, 4.626e-6, 4.831e-8, 3.863e-6, -2.912e-8
0.298, 3.433e-6, -4.782e-8, 2.291e-12, -1.006e-4, 4.615e-6, 4.709e-8, 3.866e-6, -3.305e-8
0.299, 3.423e-6, -4.178e-8, 2.291e-12, -1.006e-4, 4.622e-6, 4.615e-8, 3.863e-6, -3.040e-8
0.300, 3.416e-6, -4.621e-8, 2.291e-12, -1.006e-4, 4.629e-6, 3.960e-8, 3.864e-6, -3.421e-8
0.301, 3.423e-6, -5.296e-8, 2.291e-12, -1.006e-4, 4.629e-6, 4.769e-8, 3.870e-6, -2.798e-8
0.302, 3.420e-6, -5.180e-8, 2.291e-12, -1.006e-4, 4.618e-6, 4.319e-8, 3.861e-6, -3.278e-8
0.303, 3.411e-6, -4.577e-8, 2.291e-12, -1.006e-4, 4.628e-6, 3.750e-8, 3.872e-6, -3.414e-8
0.304, 3.413e-6, -5.257e-8, 2.291e-12, -1.006e-4, 4.638e-6, 3.517e-8, 3.882e-6, -3.340e-8
0.305, 3.414e-6, -5.378e-8, 2.291e-12, -1.006e-4, 4.629e-6, 4.492e-8, 3.884e-6, -3.775e-8
0.306, 3.421e-6, -4.908e-8, 2.291e-12, -1.006e-4, 4.634e-6, 3.992e-8, 3.885e-6, -3.671e-8
0.307, 3.423e-6, -5.880e-8, 2.291e-12, -1.006e-4, 4.629e-6, 4.222e-8, 3.890e-6, -3.214e-8
0.308, 3.415e-6, -4.940e-8, 2.291e-12, -1.006e-4, 4.646e-6, 4.220e-8, 3.893e-6, -3.820e-8
0.309, 3.425e-6, -5.324e-8, 2.291e-12, -1.006e-4, 4.635e-6, 3.814e-8, 3.910e-6, -2.793e-8
0.310, 3.441e-6, -5.536e-8, 2.291e-12, -1.006e-4, 4.639e-6, 4.274e-8, 3.904e-6, -3.837e-8
0.311, 3.447e-6, -4.938e-8, 2.291e-12, -1.006e-4, 4.637e-6, 3.329e-8, 3.915e-6, -3.602e-8
0.312, 3.434e-6, -5.905e-8, 2.291e-12, -1.006e-4, 4.648e-6, 4.356e-8, 3.902e-6, -3.651e-8
0.313, 3.457e-6, -5.054e-8, 2.291e-12, -1.006e-4, 4.639e-6, 3.703e-8, 3.918e-6, -3.891e-8
0.314, 3.456e-6, -5.581e-8, 2.291e-12, -1.006e-4, 4.649e-6, 3.666e-8, 3.929e-6, -3.241e-8
0.315, 3.469e-6, -5.680e-8, 2.291e-12, -1.006e-4, 4.659e-6, 3.990e-8, 3.935e-6, -2.897e-8
0.316, 3.465e-6, -5.326e-8, 2.291e-12, -1.006e-4, 4.653e-6, 3.611e-8, 3.940e-6, -3.575e-8
0.317, 3.467e-6, -5.583e-8, 2.291e-12, -1.006e-4, 4.662e-6, 4.153e-8, 3.945e-6, -4.107e-8
0.318, 3.492e-6, -4.628e-8, 2.291e-12, -1.006e-4, 4.668e-6, 3.591e-8, 3.960e-6, -3.471e-8
0.319, 3.484e-6, -6.098e-8, 2.291e-12, -1.006e-4, 4.657e-6, 4.039e-8, 3.937e-6, -2.640e-8
0.320, 3.499e-6, -4.908e-8, 2.291e-12, -1.006e-4, 4.670e-6, 4.131e-8, 3.968e-6, -3.157e-8
0.321, 3.501e-6, -4.737e-8, 2.291e-12, -1.006e-4, 4.656e-6, 4.566e-8, 3.970e-6, -3.228e-8
0.322, 3.521e-6, -4.861e-8, 2.291e-12, -1.006e-4, 4.663e-6, 4.601e-8, 3.974e-6, -3.278e-8
0.323, 3.543e-6, -4.905e-8, 2.291e-12, -1.006e-4, 4.657e-6, 3.589e-8, 3.975e-6, -3.251e-8
0.324, 3.522e-6, -4.799e-8, 2.291e-12, -1.006e-4, 4.663e-6, 4.356e-8, 3.964e-6, -3.355e-8
0.325, 3.544e-6, -4.666e-8, 2.291e-12, -1.006e-4, 4.659e-6, 4.566e-8, 3.989e-6, -3.414e-8
0.326, 3.552e-6, -5.019e-8, 2.291e-12, -1.006e-4, 4.659e-6, 4.450e-8, 3.995e-6, -2.412e-8
0.327, 3.564e-6, -4.205e-8, 2.291e-12, -1.006e-4, 4.653e-6, 4.056e-8, 3.984e-6, -2.427e-8
0.328, 3.563e-6, -4.891e-8, 2.291e-12, -1.006e-4, 4.661e-6, 5.031e-8, 3.985e-6, -3.362e-8
0.329, 3.560e-6, -4.871e-8, 2.291e-12, -1.006e-4, 4.647e-6, 4.727e-8, 3.992e-6, -3.144e-8
0.330, 3.577e-6, -4.547e-8, 2.291e-12, -1.006e-4, 4.657e-6, 4.326e-8, 3.997e-6, -2.598e-8
0.331, 3.576e-6, -3.562e-8, 2.291e-12, -1.006e-4, 4.643e-6, 4.722e-8, 4.000e-6, -2.922e-8
0.332, 3.592e-6, -4.250e-8, 2.291e-12, -1.006e-4, 4.641e-6, 4.858e-8, 3.997e-6, -2.143e-8
0.333, 3.595e-6, -3.852e-8, 2.291e-12, -1.006e-4, 4.642e-6, 4.190e-8, 4.020e-6, -2.019e-8
0.334, 3.594e-6, -3.565e-8, 2.291e-12, -1.006e-4, 4.631e-6, 4.615e-8, 3.992e-6, -2.133e-8
0.335, 3.608e-6, -4.027e-8, 2.291e-12, -1.006e-4, 4.627e-6, 4.838e-8, 4.003e-6, -2.454e-8
0.336, 3.590e-6, -4.144e-8, 2.291e-12, -1.006e-4, 4.632e-6, 4.737e-8, 3.999e-6, -1.979e-8
0.337, 3.600e-6, -4.596e-8, 2.291e-12, -1.006e-4, 4.631e-6, 4.962e-8, 3.991e-6, -2.481e-8
0.338, 3.618e-6, -4.183e-8, 2.291e-12, -1.006e-4, 4.601e-6, 5.254e-8, 3.995e-6, -2.073e-8
0.339, 3.621e-6, -4.403e-8, 2.291e-12, -1.006e-4, 4.592e-6, 5.234e-8, 3.987e-6, -1.932e-8
0.340, 3.610e-6, -3.800e-8, 2.291e-12, -1.006e-4, 4.606e-6, 4.791e-8, 3.983e-6, -2.244e-8
0.341, 3.630e-6, -4.525e-8, 2.291e-12, -1.006e-4, 4.569e-6, 5.246e-8, 3.973e-6, -2.224e-8
0.342, 3.635e-6, -3.800e-8, 2.291e-12, -1.006e-4, 4.563e-6, 4.786e-8, 3.980e-6, -1.509e-8
0.343, 3.616e-6, -3.743e-8, 2.291e-12, -1.006e-4, 4.556e-6, 5.019e-8, 3.985e-6, -1.774e-8
0.344, 3.623e-6, -4.277e-8, 2.291e-12, -1.006e-4, 4.544e-6, 5.281e-8, 3.952e-6, -2.617e-8
0.345, 3.631e-6, -4.069e-8, 2.291e-12, -1.006e-4, 4.520e-6, 4.556e-8, 3.957e-6, -2.135e-8
0.346, 3.631e-6, -3.864e-8, 2.291e-12, -1.006e-4, 4.506e-6, 4.761e-8, 3.950e-6, -2.303e-8
0.347, 3.628e-6, -4.188e-8, 2.291e-12, -1.006e-4, 4.501e-6, 5.110e-8, 3.939e-6, -2.536e-8
0.348, 3.621e-6, -4.074e-8, 2.291e-12, -1.006e-4, 4.489e-6, 4.714e-8, 3.919e-6, -1.841e-8
0.349, 3.603e-6, -4.146e-8, 2.291e-12, -1.006e-4, 4.490e-6, 5.006e-8, 3.926e-6, -2.768e-8
0.350, 3.598e-6, -4.940e-8, 2.291e-12, -1.006e-4, 4.458e-6, 4.853e-8, 3.914e-6, -2.229e-8
0.351, 3.593e-6, -4.243e-8, 2.291e-12, -1.006e-4, 4.439e-6, 5.115e-8, 3.897e-6, -2.610e-8
0.352, 3.594e-6, -4.309e-8, 2.291e-12, -1.006e-4, 4.413e-6, 4.578e-8, 3.888e-6, -2.227e-8
0.353, 3.582e-6, -4.213e-8, 2.291e-12, -1.006e-4, 4.404e-6, 4.509e-8, 3.875e-6, -2.150e-8
0.354, 3.575e-6, -4.581e-8, 2.291e-12, -1.006e-4, 4.375e-6, 4.744e-8, 3.856e-6, -2.793e-8
0.355, 3.563e-6, -4.050e-8, 2.291e-12, -1.006e-4, 4.372e-6, 5.014e-8, 3.846e-6, -2.412e-8
0.356, 3.531e-6, -4.228e-8, 2.291e-12, -1.006e-4, 4.349e-6, 4.306e-8, 3.823e-6, -2.190e-8
0.357, 3.546e-6, -4.671e-8, 2.291e-12, -1.006e-4, 4.324e-6, 5.162e-8, 3.811e-6, -2.578e-8
0.358, 3.529e-6, -4.920e-8, 2.291e-12, -1.006e-4, 4.303e-6, 4.225e-8, 3.796e-6, -2.509e-8
0.359, 3.517e-6, -4.428e-8, 2.291e-12, -1.006e-4, 4.271e-6, 4.564e-8, 3.784e-6, -2.140e-8
0.360, 3.515e-6, -4.948e-8, 2.291e-12, -1.006e-4, 4.257e-6, 4.813e-8, 3.764e-6, -3.300e-8
0.361, 3.479e-6, -5.254e-8, 2.291e-12, -1.006e-4, 4.234e-6, 4.309e-8, 3.745e-6, -2.993e-8
0.362, 3.495e-6, -4.807e-8, 2.291e-12, -1.006e-4, 4.206e-6, 3.980e-8, 3.724e-6, -2.583e-8
0.363, 3.473e-6, -4.980e-8, 2.291e-12, -1.006e-4, 4.188e-6, 4.215e-8, 3.705e-6, -3.392e-8
0.364, 3.453e-6, -5.076e-8, 2.291e-12, -1.006e-4, 4.158e-6, 4.482e-8, 3.677e-6, -3.471e-8
0.365, 3.415e-6, -4.935e-8, 2.291e-12, -1.006e-4, 4.159e-6, 3.923e-8, 3.664e-6, -2.942e-8
0.366, 3.409e-6, -5.601e-8, 2.291e-12, -1.006e-4, 4.125e-6, 4.885e-8, 3.624e-6, -3.058e-8
0.367, 3.372e-6, -4.730e-8, 2.291e-12, -1.006e-4, 4.104e-6, 3.146e-8, 3.620e-6, -3.629e-8
0.368, 3.370e-6, -5.264e-8, 2.291e-12, -1.006e-4, 4.068e-6, 3.017e-8, 3.591e-6, -4.015e-8
0.369, 3.351e-6, -5.598e-8, 2.291e-12, -1.006e-4, 4.054e-6, 3.403e-8, 3.583e-6, -4.114e-8
0.370, 3.327e-6, -5.418e-8, 2.291e-12, -1.006e-4, 4.023e-6, 4.180e-8, 3.543e-6, -3.664e-8
0.371, 3.319e-6, -5.930e-8, 2.291e-12, -1.006e-4, 3.981e-6, 4.175e-8, 3.533e-6, -3.614e-8
0.372, 3.300e-6, -5.460e-8, 2.291e-12, -1.006e-4, 3.950e-6, 3.104e-8, 3.504e-6, -3.773e-8
0.373, 3.284e-6, -5.665e-8, 2.291e-12, -1.006e-4, 3.932e-6, 3.037e-8, 3.488e-6, -3.938e-8
0.374, 3.263e-6, -5.606e-8, 2.291e-12, -1.006e-4, 3.901e-6, 3.037e-8, 3.466e-6, -4.876e-8
0.375, 3.221e-6, -5.935e-8, 2.291e-12, -1.006e-4, 3.891e-6, 2.916e-8, 3.440e-6, -4.077e-8
0.376, 3.209e-6, -5.469e-8, 2.291e-12, -1.006e-4, 3.840e-6, 2.872e-8, 3.413e-6, -3.760e-8
0.377, 3.184e-6, -6.172e-8, 2.291e-12, -1.006e-4, 3.822e-6, 2.782e-8, 3.384e-6, -3.283e-8
0.378, 3.171e-6, -6.620e-8, 2.291e-12, -1.006e-4, 3.777e-6, 2.768e-8, 3.358e-6, -4.428e-8
0.379, 3.149e-6, -5.675e-8, 2.291e-12, -1.006e-4, 3.760e-6, 2.256e-8, 3.334e-6, -4.629e-8
0.380, 3.132e-6, -6.137e-8, 2.291e-12, -1.006e-4, 3.727e-6, 3.104e-8, 3.320e-6, -4.399e-8
0.381, 3.087e-6, -6.076e-8, 2.291e-12, -1.006e-4, 3.724e-6, 2.552e-8, 3.291e-6, -4.574e-8
0.382, 3.081e-6, -7.001e-8, 2.291e-12, -1.006e-4, 3.689e-6, 3.255e-8, 3.262e-6, -4.055e-8
0.383, 3.051e-6, -5.541e-8, 2.291e-12, -1.006e-4, 3.654e-6, 2.159e-8, 3.234e-6, -4.869e-8
0.384, 3.026e-6, -6.640e-8, 2.291e-12, -1.006e-4, 3.630e-6, 2.599e-8, 3.206e-6, -4.258e-8
0.385, 2.997e-6, -6.063e-8, 2.291e-12, -1.006e-4, 3.596e-6, 2.696e-8, 3.173e-6, -4.258e-8
0.386, 2.986e-6, -6.355e-8, 2.291e-12, -1.006e-4, 3.563e-6, 2.758e-8, 3.164e-6, -4.436e-8
0.387, 2.952e-6, -6.659e-8, 2.291e-12, -1.006e-4, 3.552e-6, 2.585e-8, 3.138e-6, -4.658e-8
0.388, 2.933e-6, -6.165e-8, 2.291e-12, -1.006e-4, 3.515e-6, 2.604e-8, 3.109e-6, -4.834e-8
0.389, 2.892e-6, -6.456e-8, 2.291e-12, -1.006e-4, 3.494e-6, 2.800e-8, 3.083e-6, -4.265e-8
0.390, 2.872e-6, -6.268e-8, 2.291e-12, -1.006e-4, 3.460e-6, 2.288e-8, 3.062e-6, -4.579e-8
0.391, 2.857e-6, -6.340e-8, 2.291e-12, -1.006e-4, 3.434e-6, 1.847e-8, 3.032e-6, -4.544e-8
0.392, 2.837e-6, -6.254e-8, 2.291e-12, -1.006e-4, 3.406e-6, 2.505e-8, 3.003e-6, -4.740e-8
0.393, 2.783e-6, -5.880e-8, 2.291e-12, -1.006e-4, 3.404e-6, 1.810e-8, 2.972e-6, -5.002e-8
0.394, 2.781e-6, -6.496e-8, 2.291e-12, -1.006e-4, 3.351e-6, 2.058e-8, 2.960e-6, -4.928e-8
0.395, 2.747e-6, -6.009e-8, 2.291e-12, -1.006e-4, 3.339e-6, 2.149e-8, 2.935e-6, -4.693e-8
0.396, 2.738e-6, -6.677e-8, 2.291e-12, -1.006e-4, 3.297e-6, 2.753e-8, 2.914e-6, -4.891e-8
0.397, 2.696e-6, -6.828e-8, 2.291e-12, -1.006e-4, 3.281e-6, 2.604e-8, 2.874e-6, -5.044e-8
0.398, 2.664e-6, -6.417e-8, 2.291e-12, -1.006e-4, 3.261e-6, 2.832e-8, 2.867e-6, -4.285e-8
0.399, 2.650e-6, -6.528e-8, 2.291e-12, -1.006e-4, 3.230e-6, 2.639e-8, 2.835e-6, -4.762e-8
0.400, 2.634e-6, -6.325e-8, 2.291e-12, -1.006e-4, 3.192e-6, 1.793e-8, 2.805e-6, -4.421e-8
0.401, 2.603e-6, -6.778e-8, 2.291e-12, -1.006e-4, 3.180e-6, 2.080e-8, 2.781e-6, -4.883e-8
0.402, 2.574e-6, -7.196e-8, 2.291e-12, -1.006e-4, 3.159e-6, 2.686e-8, 2.753e-6, -5.175e-8
0.403, 2.546e-6, -7.122e-8, 2.291e-12, -1.006e-4, 3.120e-6, 3.163e-8, 2.730e-6, -4.878e-8
0.404, 2.540e-6, -6.424e-8, 2.291e-12, -1.006e-4, 3.111e-6, 2.508e-8, 2.716e-6, -4.201e-8
0.405, 2.501e-6, -6.533e-8, 2.291e-12, -1.006e-4, 3.071e-6, 2.246e-8, 2.698e-6, -4.569e-8
0.406, 2.479e-6, -6.377e-8, 2.291e-12, -1.006e-4, 3.068e-6, 2.223e-8, 2.675e-6, -4.416e-8
0.407, 2.460e-6, -6.095e-8, 2.291e-12, -1.006e-4, 3.042e-6, 2.496e-8, 2.651e-6, -3.963e-8
0.408, 2.452e-6, -6.513e-8, 2.291e-12, -1.006e-4, 3.006e-6, 2.280e-8, 2.627e-6, -4.945e-8
0.409, 2.418e-6, -6.719e-8, 2.291e-12, -1.006e-4, 3.002e-6, 2.797e-8, 2.605e-6, -4.745e-8
0.410, 2.407e-6, -6.076e-8, 2.291e-12, -1.006e-4, 2.972e-6, 2.510e-8, 2.587e-6, -5.141e-8
0.411, 2.386e-6, -5.986e-8, 2.291e-12, -1.006e-4, 2.955e-6, 1.449e-8, 2.584e-6, -4.920e-8
0.412, 2.360e-6, -6.832e-8, 2.291e-12, -1.006e-4, 2.936e-6, 1.293e-8, 2.553e-6, -4.725e-8
0.413, 2.337e-6, -7.050e-8, 2.291e-12, -1.006e-4, 2.924e-6, 2.268e-8, 2.547e-6, -4.839e-8
0.414, 2.345e-6, -7.560e-8, 2.291e-12, -1.006e-4, 2.904e-6, 2.043e-8, 2.526e-6, -5.719e-8
0.415, 2.314e-6, -7.654e-8, 2.291e-12, -1.006e-4, 2.888e-6, 1.986e-8, 2.507e-6, -5.089e-8
0.416, 2.295e-6, -8.359e-8, 2.291e-12, -1.006e-4, 2.875e-6, 1.828e-8, 2.488e-6, -6.105e-8
0.417, 2.288e-6, -8.500e-8, 2.291e-12, -1.006e-4, 2.859e-6, 1.993e-8, 2.475e-6, -5.940e-8
0.418, 2.282e-6, -8.559e-8, 2.291e-12, -1.006e-4, 2.835e-6, 1.410e-8, 2.450e-6, -5.717e-8
0.419, 2.269e-6, -7.488e-8, 2.291e-12, -1.006e-4, 2.834e-6, 9.248e-9, 2.457e-6, -5.697e-8
0.420, 2.247e-6, -8.148e-8, 2.291e-12, -1.006e-4, 2.810e-6, 1.088e-8, 2.435e-6, -5.935e-8
0.421, 2.248e-6, -7.617e-8, 2.291e-12, -1.006e-4, 2.793e-6, 8.456e-9, 2.430e-6, -6.068e-8
0.422, 2.227e-6, -7.728e-8, 2.291e-12, -1.006e-4, 2.792e-6, 3.707e-9, 2.410e-6, -5.888e-8
0.423, 2.202e-6, -7.520e-8, 2.291e-12, -1.006e-4, 2.777e-6, 2.990e-9, 2.398e-6, -5.005e-8
0.424, 2.176e-6, -7.899e-8, 2.291e-12, -1.006e-4, 2.761e-6, 4.647e-9, 2.384e-6, -5.841e-8
0.425, 2.181e-6, -7.829e-8, 2.291e-12, -1.006e-4, 2.749e-6, 1.140e-8, 2.392e-6, -5.254e-8
0.426, 2.163e-6, -7.758e-8, 2.291e-12, -1.006e-4, 2.727e-6, 1.318e-8, 2.359e-6, -5.809e-8
0.427, 2.154e-6, -7.095e-8, 2.291e-12, -1.006e-4, 2.716e-6, 1.229e-8, 2.351e-6, -5.272e-8
0.428, 2.140e-6, -6.531e-8, 2.291e-12, -1.006e-4, 2.713e-6, 1.457e-8, 2.339e-6, -5.445e-8
0.429, 2.148e-6, -7.523e-8, 2.291e-12, -1.006e-4, 2.693e-6, 2.374e-8, 2.333e-6, -5.457e-8
0.430, 2.122e-6, -6.288e-8, 2.291e-12, -1.006e-4, 2.707e-6, 1.894e-8, 2.324e-6, -5.425e-8
0.431, 2.116e-6, -6.422e-8, 2.291e-12, -1.006e-4, 2.682e-6, 2.387e-8, 2.316e-6, -4.943e-8
0.432, 2.101e-6, -7.070e-8, 2.291e-12, -1.006e-4, 2.674e-6, 2.637e-8, 2.307e-6, -4.537e-8
0.433, 2.106e-6, -6.662e-8, 2.291e-12, -1.006e-4, 2.662e-6, 1.232e-8, 2.308e-6, -4.760e-8
0.434, 2.107e-6, -6.808e-8, 2.291e-12, -1.006e-4, 2.639e-6, 1.160e-8, 2.282e-6, -5.113e-8
0.435, 2.091e-6, -6.486e-8, 2.291e-12, -1.006e-4, 2.649e-6, 1.860e-8, 2.286e-6, -5.386e-8
0.436, 2.070e-6, -7.463e-8, 2.291e-12, -1.006e-4, 2.634e-6, 1.424e-8, 2.281e-6, -5.873e-8
0.437, 2.075e-6, -7.392e-8, 2.291e-12, -1.006e-4, 2.630e-6, 7.096e-9, 2.268e-6, -6.041e-8
0.438, 2.060e-6, -7.525e-8, 2.291e-12, -1.006e-4, 2.627e-6, 9.248e-9, 2.252e-6, -6.093e-8
0.439, 2.042e-6, -8.030e-8, 2.291e-12, -1.006e-4, 2.597e-6, 1.501e-8, 2.251e-6, -5.895e-8
0.440, 2.036e-6, -7.216e-8, 2.291e-12, -1.006e-4, 2.595e-6, 1.400e-8, 2.229e-6, -5.433e-8
0.441, 2.022e-6, -6.165e-8, 2.291e-12, -1.006e-4, 2.591e-6, 8.803e-9, 2.217e-6, -5.148e-8
0.442, 2.026e-6, -6.810e-8, 2.291e-12, -1.006e-4, 2.568e-6, 1.929e-8, 2.216e-6, -5.220e-8
0.443, 2.005e-6, -6.204e-8, 2.291e-12, -1.006e-4, 2.572e-6, 2.048e-8, 2.225e-6, -5.091e-8
0.444, 2.010e-6, -6.407e-8, 2.291e-12, -1.006e-4, 2.533e-6, 3.186e-8, 2.207e-6, -4.052e-8
0.445, 1.976e-6, -5.158e-8, 2.291e-12, -1.006e-4, 2.537e-6, 3.097e-8, 2.194e-6, -4.527e-8
0.446, 1.977e-6, -5.064e-8, 2.291e-12, -1.006e-4, 2.518e-6, 3.859e-8, 2.187e-6, -2.986e-8
0.447, 1.952e-6, -4.767e-8, 2.291e-12, -1.006e-4, 2.501e-6, 4.143e-8, 2.153e-6, -2.946e-8
0.448, 1.937e-6, -4.166e-8, 2.291e-12, -1.006e-4, 2.488e-6, 4.282e-8, 2.131e-6, -2.345e-8
0.449, 1.902e-6, -4.309e-8, 2.291e-12, -1.006e-4, 2.481e-6, 4.667e-8, 2.144e-6, -3.429e-8
0.450, 1.906e-6, -4.218e-8, 2.291e-12, -1.006e-4, 2.441e-6, 3.873e-8, 2.120e-6, -2.385e-8
0.451, 1.873e-6, -4.398e-8, 2.291e-12, -1.006e-4, 2.427e-6, 4.554e-8, 2.100e-6, -2.803e-8
0.452, 1.868e-6, -3.859e-8, 2.291e-12, -1.006e-4, 2.398e-6, 4.445e-8, 2.078e-6, -2.504e-8
0.453, 1.837e-6, -4.077e-8, 2.291e-12, -1.006e-4, 2.380e-6, 3.997e-8, 2.058e-6, -2.284e-8
0.454, 1.813e-6, -4.087e-8, 2.291e-12, -1.006e-4, 2.368e-6, 4.329e-8, 2.022e-6, -2.293e-8
0.455, 1.768e-6, -3.782e-8, 2.291e-12, -1.006e-4, 2.353e-6, 3.918e-8, 2.004e-6, -1.987e-8
0.456, 1.764e-6, -3.802e-8, 2.291e-12, -1.006e-4, 2.308e-6, 5.048e-8, 1.987e-6, -2.835e-8
0.457, 1.735e-6, -3.822e-8, 2.291e-12, -1.006e-4, 2.299e-6, 4.638e-8, 1.966e-6, -2.345e-8
0.458, 1.724e-6, -4.584e-8, 2.291e-12, -1.006e-4, 2.259e-6, 5.316e-8, 1.948e-6, -2.432e-8
0.459, 1.689e-6, -3.765e-8, 2.291e-12, -1.006e-4, 2.251e-6, 4.868e-8, 1.938e-6, -2.444e-8
0.460, 1.695e-6, -4.099e-8, 2.291e-12, -1.006e-4, 2.225e-6, 4.858e-8, 1.915e-6, -2.152e-8
0.461, 1.672e-6, -3.842e-8, 2.291e-12, -1.006e-4, 2.201e-6, 4.784e-8, 1.883e-6, -2.791e-8
0.462, 1.653e-6, -3.750e-8, 2.291e-12, -1.006e-4, 2.174e-6, 4.645e-8, 1.892e-6, -1.470e-8
0.463, 1.644e-6, -3.515e-8, 2.291e-12, -1.006e-4, 2.151e-6, 4.737e-8, 1.864e-6, -2.323e-8
0.464, 1.604e-6, -3.013e-8, 2.291e-12, -1.006e-4, 2.162e-6, 4.754e-8, 1.838e-6, -2.259e-8
0.465, 1.602e-6, -3.357e-8, 2.291e-12, -1.006e-4, 2.134e-6, 5.026e-8, 1.844e-6, -1.596e-8
0.466, 1.603e-6, -3.731e-8, 2.291e-12, -1.006e-4, 2.120e-6, 5.419e-8, 1.818e-6, -1.841e-8
0.467, 1.582e-6, -3.666e-8, 2.291e-12, -1.006e-4, 2.113e-6, 5.511e-8, 1.815e-6, -2.219e-8
0.468, 1.567e-6, -3.384e-8, 2.291e-12, -1.006e-4, 2.098e-6, 5.046e-8, 1.797e-6, -1.950e-8
0.469, 1.556e-6, -3.090e-8, 2.291e-12, -1.006e-4, 2.077e-6, 4.920e-8, 1.785e-6, -1.292e-8
0.470, 1.538e-6, -3.609e-8, 2.291e-12, -1.006e-4, 2.064e-6, 5.234e-8, 1.783e-6, -1.349e-8
0.471, 1.523e-6, -2.996e-8, 2.291e-12, -1.006e-4, 2.066e-6, 5.142e-8, 1.750e-6, -1.660e-8
0.472, 1.525e-6, -3.013e-8, 2.291e-12, -1.006e-4, 2.046e-6, 5.160e-8, 1.738e-6, -1.650e-8
0.473, 1.511e-6, -3.060e-8, 2.291e-12, -1.006e-4, 2.047e-6, 5.231e-8, 1.751e-6, -1.170e-8
0.474, 1.499e-6, -3.369e-8, 2.291e-12, -1.006e-4, 2.030e-6, 5.271e-8, 1.729e-6, -2.165e-8
0.475, 1.493e-6, -3.352e-8, 2.291e-12, -1.006e-4, 2.013e-6, 5.481e-8, 1.734e-6, -1.527e-8
0.476, 1.488e-6, -3.030e-8, 2.291e-12, -1.006e-4, 2.004e-6, 4.949e-8, 1.724e-6, -1.801e-8
0.477, 1.470e-6, -3.876e-8, 2.291e-12, -1.006e-4, 2.002e-6, 5.781e-8, 1.707e-6, -2.246e-8
0.478, 1.463e-6, -3.453e-8, 2.291e-12, -1.006e-4, 1.987e-6, 5.343e-8, 1.685e-6, -1.480e-8
0.479, 1.470e-6, -3.641e-8, 2.291e-12, -1.006e-4, 1.969e-6, 4.944e-8, 1.692e-6, -2.046e-8
0.480, 1.465e-6, -3.619e-8, 2.291e-12, -1.006e-4, 1.963e-6, 4.850e-8, 1.683e-6, -2.326e-8
0.481, 1.452e-6, -3.387e-8, 2.291e-12, -1.006e-4, 1.959e-6, 4.806e-8, 1.695e-6, -2.021e-8
0.482, 1.441e-6, -3.030e-8, 2.291e-12, -1.006e-4, 1.951e-6, 4.811e-8, 1.673e-6, -1.900e-8
0.483, 1.438e-6, -3.639e-8, 2.291e-12, -1.006e-4, 1.939e-6, 5.273e-8, 1.671e-6, -2.360e-8
0.484, 1.436e-6, -3.298e-8, 2.291e-12, -1.006e-4, 1.948e-6, 5.625e-8, 1.679e-6, -2.135e-8
0.485, 1.425e-6, -3.196e-8, 2.291e-12, -1.006e-4, 1.921e-6, 4.897e-8, 1.650e-6, -1.450e-8
0.486, 1.414e-6, -3.624e-8, 2.291e-12, -1.006e-4, 1.930e-6, 5.261e-8, 1.647e-6, -2.407e-8
0.487, 1.413e-6, -3.439e-8, 2.291e-12, -1.006e-4, 1.906e-6, 4.888e-8, 1.634e-6, -2.516e-8
0.488, 1.415e-6, -3.582e-8, 2.291e-12, -1.006e-4, 1.906e-6, 4.954e-8, 1.638e-6, -2.073e-8
0.489, 1.399e-6, -3.468e-8, 2.291e-12, -1.006e-4, 1.900e-6, 4.103e-8, 1.644e-6, -1.537e-8
0.490, 1.388e-6, -3.659e-8, 2.291e-12, -1.006e-4, 1.897e-6, 4.536e-8, 1.628e-6, -1.878e-8
0.491, 1.380e-6, -3.688e-8, 2.291e-12, -1.006e-4, 1.904e-6, 4.942e-8, 1.636e-6, -2.209e-8
0.492, 1.386e-6, -3.911e-8, 2.291e-12, -1.006e-4, 1.881e-6, 4.967e-8, 1.614e-6, -2.511e-8
0.493, 1.389e-6, -3.916e-8, 2.291e-12, -1.006e-4, 1.873e-6, 4.747e-8, 1.613e-6, -2.365e-8
0.494, 1.386e-6, -3.738e-8, 2.291e-12, -1.006e-4, 1.864e-6, 5.261e-8, 1.617e-6, -2.318e-8
0.495, 1.378e-6, -3.827e-8, 2.291e-12, -1.006e-4, 1.871e-6, 4.727e-8, 1.597e-6, -2.417e-8
0.496, 1.370e-6, -3.753e-8, 2.291e-12, -1.006e-4, 1.851e-6, 4.714e-8, 1.589e-6, -1.700e-8
0.497, 1.364e-6, -3.651e-8, 2.291e-12, -1.006e-4, 1.861e-6, 4.794e-8, 1.599e-6, -1.888e-8
0.498, 1.366e-6, -3.508e-8, 2.291e-12, -1.006e-4, 1.845e-6, 4.499e-8, 1.594e-6, -2.321e-8
0.499, 1.375e-6, -3.214e-8, 2.291e-12, -1.006e-4, 1.833e-6, 4.991e-8, 1.586e-6, -2.172e-8
0.500, 1.347e-6, -3.728e-8, 2.291e-12, -1.006e-4, 1.837e-6, 4.930e-8, 1.572e-6, -1.722e-8
0.501, 1.350e-6, -3.436e-8, 2.291e-12, -1.006e-4, 1.837e-6, 5.066e-8, 1.582e-6, -2.707e-8
0.502, 1.351e-6, -3.881e-8, 2.291e-12, -1.006e-4, 1.806e-6, 4.744e-8, 1.571e-6, -1.905e-8
0.503, 1.340e-6, -3.082e-8, 2.291e-12, -1.006e-4, 1.812e-6, 4.648e-8, 1.575e-6, -1.853e-8
0.504, 1.328e-6, -3.547e-8, 2.291e-12, -1.006e-4, 1.802e-6, 5.256e-8, 1.554e-6, -2.429e-8
0.505, 1.336e-6, -3.444e-8, 2.291e-12, -1.006e-4, 1.781e-6, 5.019e-8, 1.556e-6, -1.423e-8
0.506, 1.309e-6, -3.463e-8, 2.291e-12, -1.006e-4, 1.795e-6, 5.261e-8, 1.540e-6, -2.246e-8
0.507, 1.303e-6, -3.147e-8, 2.291e-12, -1.006e-4, 1.794e-6, 4.435e-8, 1.543e-6, -1.977e-8
0.508, 1.315e-6, -3.785e-8, 2.291e-12, -1.006e-4, 1.780e-6, 5.338e-8, 1.535e-6, -2.071e-8
0.509, 1.304e-6, -3.315e-8, 2.291e-12, -1.006e-4, 1.774e-6, 4.455e-8, 1.527e-6, -2.692e-8
0.510, 1.297e-6, -3.112e-8, 2.291e-12, -1.006e-4, 1.784e-6, 4.838e-8, 1.525e-6, -2.397e-8
0.511, 1.301e-6, -3.805e-8, 2.291e-12, -1.006e-4, 1.770e-6, 5.363e-8, 1.512e-6, -2.642e-8
0.512, 1.300e-6, -3.466e-8, 2.291e-12, -1.006e-4, 1.759e-6, 3.967e-8, 1.520e-6, -2.061e-8
0.513, 1.289e-6, -3.503e-8, 2.291e-12, -1.006e-4, 1.751e-6, 4.828e-8, 1.523e-6, -1.908e-8
0.514, 1.291e-6, -2.857e-8, 2.291e-12, -1.006e-4, 1.753e-6, 4.291e-8, 1.522e-6, -2.449e-8
0.515, 1.283e-6, -3.320e-8, 2.291e-12, -1.006e-4, 1.749e-6, 4.826e-8, 1.501e-6, -2.036e-8
0.516, 1.291e-6, -3.424e-8, 2.291e-12, -1.006e-4, 1.730e-6, 4.843e-8, 1.495e-6, -2.348e-8
0.517, 1.284e-6, -4.171e-8, 2.291e-12, -1.006e-4, 1.725e-6, 5.189e-8, 1.494e-6, -2.157e-8
0.518, 1.282e-6, -3.439e-8, 2.291e-12, -1.006e-4, 1.727e-6, 5.471e-8, 1.501e-6, -2.101e-8
0.519, 1.276e-6, -3.194e-8, 2.291e-12, -1.006e-4, 1.720e-6, 4.499e-8, 1.508e-6, -2.316e-8
0.520, 1.261e-6, -3.815e-8, 2.291e-12, -1.006e-4, 1.721e-6, 5.192e-8, 1.491e-6, -2.501e-8
0.521, 1.262e-6, -3.441e-8, 2.291e-12, -1.006e-4, 1.717e-6, 4.885e-8, 1.487e-6, -1.774e-8
0.522, 1.263e-6, -3.305e-8, 2.291e-12, -1.006e-4, 1.707e-6, 5.031e-8, 1.480e-6, -2.271e-8
0.523, 1.255e-6, -4.144e-8, 2.291e-12, -1.006e-4, 1.709e-6, 5.508e-8, 1.483e-6, -2.422e-8
0.524, 1.256e-6, -3.261e-8, 2.291e-12, -1.006e-4, 1.694e-6, 4.964e-8, 1.479e-6, -2.024e-8
0.525, 1.246e-6, -3.350e-8, 2.291e-12, -1.006e-4, 1.694e-6, 4.935e-8, 1.465e-6, -1.861e-8
0.526, 1.244e-6, -2.850e-8, 2.291e-12, -1.006e-4, 1.698e-6, 4.247e-8, 1.472e-6, -2.491e-8
0.527, 1.239e-6, -2.889e-8, 2.291e-12, -1.006e-4, 1.701e-6, 4.623e-8, 1.455e-6, -2.195e-8
0.528, 1.241e-6, -2.986e-8, 2.291e-12, -1.006e-4, 1.687e-6, 5.011e-8, 1.465e-6, -2.237e-8
0.529, 1.238e-6, -3.721e-8, 2.291e-12, -1.006e-4, 1.666e-6, 4.920e-8, 1.450e-6, -1.494e-8
0.530, 1.232e-6, -3.421e-8, 2.291e-12, -1.006e-4, 1.676e-6, 4.996e-8, 1.459e-6, -2.543e-8
0.531, 1.238e-6, -4.218e-8, 2.291e-12, -1.006e-4, 1.657e-6, 5.934e-8, 1.430e-6, -1.999e-8
0.532, 1.229e-6, -3.169e-8, 2.291e-12, -1.006e-4, 1.658e-6, 4.529e-8, 1.432e-6, -1.836e-8
0.533, 1.216e-6, -4.040e-8, 2.291e-12, -1.006e-4, 1.654e-6, 4.853e-8, 1.438e-6, -2.296e-8
0.534, 1.211e-6, -3.280e-8, 2.291e-12, -1.006e-4, 1.654e-6, 4.917e-8, 1.437e-6, -2.390e-8
0.535, 1.207e-6, -2.885e-8, 2.291e-12, -1.006e-4, 1.649e-6, 5.113e-8, 1.435e-6, -1.702e-8
0.536, 1.198e-6, -2.499e-8, 2.291e-12, -1.006e-4, 1.651e-6, 4.227e-8, 1.412e-6, -2.078e-8
0.537, 1.205e-6, -2.590e-8, 2.291e-12, -1.006e-4, 1.620e-6, 4.831e-8, 1.410e-6, -1.957e-8
0.538, 1.217e-6, -2.697e-8, 2.291e-12, -1.006e-4, 1.602e-6, 5.372e-8, 1.403e-6, -2.289e-8
0.539, 1.186e-6, -3.261e-8, 2.291e-12, -1.006e-4, 1.612e-6, 4.994e-8, 1.392e-6, -2.405e-8
0.540, 1.179e-6, -3.414e-8, 2.291e-12, -1.006e-4, 1.603e-6, 5.286e-8, 1.404e-6, -2.024e-8
0.541, 1.183e-6, -3.085e-8, 2.291e-12, -1.006e-4, 1.591e-6, 4.801e-8, 1.386e-6, -2.254e-8
0.542, 1.174e-6, -2.548e-8, 2.291e-12, -1.006e-4, 1.599e-6, 4.517e-8, 1.371e-6, -2.501e-8
0.543, 1.157e-6, -3.112e-8, 2.291e-12, -1.006e-4, 1.594e-6, 5.437e-8, 1.371e-6, -1.833e-8
0.544, 1.157e-6, -3.436e-8, 2.291e-12, -1.006e-4, 1.569e-6, 5.283e-8, 1.356e-6, -2.301e-8
0.545, 1.157e-6, -2.556e-8, 2.291e-12, -1.006e-4, 1.567e-6, 5.088e-8, 1.349e-6, -1.762e-8
0.546, 1.143e-6, -3.327e-8, 2.291e-12, -1.006e-4, 1.558e-6, 5.372e-8, 1.358e-6, -1.992e-8
0.547, 1.138e-6, -2.504e-8, 2.291e-12, -1.006e-4, 1.554e-6, 4.925e-8, 1.344e-6, -2.222e-8
0.548, 1.132e-6, -3.518e-8, 2.291e-12, -1.006e-4, 1.556e-6, 5.944e-8, 1.348e-6, -1.868e-8
0.549, 1.121e-6, -2.776e-8, 2.291e-12, -1.006e-4, 1.545e-6, 5.674e-8, 1.319e-6, -1.784e-8
0.550, 1.119e-6, -2.476e-8, 2.291e-12, -1.006e-4, 1.533e-6, 5.187e-8, 1.332e-6, -1.811e-8
0.551, 1.117e-6, -2.462e-8, 2.291e-12, -1.006e-4, 1.521e-6, 5.179e-8, 1.336e-6, -1.514e-8
0.552, 1.114e-6, -2.187e-8, 2.291e-12, -1.006e-4, 1.526e-6, 5.256e-8, 1.313e-6, -5.149e-9
0.553, 1.102e-6, -2.187e-8, 2.291e-12, -1.006e-4, 1.525e-6, 5.212e-8, 1.318e-6, -1.326e-8
0.554, 1.117e-6, -2.417e-8, 2.291e-12, -1.006e-4, 1.508e-6, 6.003e-8, 1.322e-6, -1.341e-8
0.555, 1.105e-6, -2.063e-8, 2.291e-12, -1.006e-4, 1.522e-6, 5.259e-8, 1.314e-6, -1.767e-8
0.556, 1.102e-6, -2.073e-8, 2.291e-12, -1.006e-4, 1.507e-6, 5.382e-8, 1.308e-6, -1.729e-8
0.557, 1.088e-6, -1.895e-8, 2.291e-12, -1.006e-4, 1.500e-6, 5.162e-8, 1.309e-6, -2.019e-8
0.558, 1.089e-6, -2.449e-8, 2.291e-12, -1.006e-4, 1.518e-6, 5.605e-8, 1.301e-6, -1.690e-8
0.559, 1.078e-6, -1.964e-8, 2.291e-12, -1.006e-4, 1.492e-6, 5.927e-8, 1.302e-6, -6.089e-9
0.560, 1.082e-6, -2.590e-8, 2.291e-12, -1.006e-4, 1.496e-6, 5.800e-8, 1.302e-6, -1.764e-8
0.561, 1.089e-6, -2.192e-8, 2.291e-12, -1.006e-4, 1.479e-6, 5.397e-8, 1.300e-6, -1.611e-8
0.562, 1.080e-6, -2.484e-8, 2.291e-12, -1.006e-4, 1.493e-6, 5.721e-8, 1.298e-6, -2.197e-8
0.563, 1.083e-6, -2.936e-8, 2.291e-12, -1.006e-4, 1.484e-6, 5.410e-8, 1.277e-6, -1.292e-8
0.564, 1.092e-6, -2.128e-8, 2.291e-12, -1.006e-4, 1.491e-6, 5.259e-8, 1.290e-6, -2.229e-8
0.565, 1.095e-6, -2.761e-8, 2.291e-12, -1.006e-4, 1.489e-6, 5.377e-8, 1.290e-6, -1.997e-8
0.566, 1.102e-6, -2.434e-8, 2.291e-12, -1.006e-4, 1.487e-6, 5.645e-8, 1.286e-6, -1.027e-8
0.567, 1.094e-6, -2.751e-8, 2.291e-12, -1.006e-4, 1.497e-6, 5.365e-8, 1.295e-6, -1.279e-8
0.568, 1.103e-6, -2.936e-8, 2.291e-12, -1.006e-4, 1.498e-6, 5.187e-8, 1.296e-6, -1.561e-8
0.569, 1.117e-6, -2.590e-8, 2.291e-12, -1.006e-4, 1.498e-6, 5.429e-8, 1.310e-6, -1.514e-8
0.570, 1.117e-6, -2.909e-8, 2.291e-12, -1.006e-4, 1.515e-6, 5.103e-8, 1.312e-6, -1.480e-8
0.571, 1.130e-6, -2.699e-8, 2.291e-12, -1.006e-4, 1.511e-6, 4.873e-8, 1.311e-6, -2.343e-8
0.572, 1.122e-6, -3.322e-8, 2.291e-12, -1.006e-4, 1.530e-6, 5.380e-8, 1.320e-6, -2.093e-8
0.573, 1.137e-6, -2.768e-8, 2.291e-12, -1.006e-4, 1.513e-6, 5.254e-8, 1.315e-6, -2.387e-8
0.574, 1.126e-6, -2.744e-8, 2.291e-12, -1.006e-4, 1.541e-6, 5.298e-8, 1.331e-6, -2.333e-8
0.575, 1.131e-6, -2.746e-8, 2.291e-12, -1.006e-4, 1.531e-6, 5.147e-8, 1.333e-6, -1.776e-8
0.576, 1.138e-6, -3.342e-8, 2.291e-12, -1.006e-4, 1.535e-6, 4.940e-8, 1.339e-6, -2.232e-8
0.577, 1.134e-6, -3.214e-8, 2.291e-12, -1.006e-4, 1.536e-6, 4.180e-8, 1.326e-6, -2.672e-8
0.578, 1.132e-6, -4.319e-8, 2.291e-12, -1.006e-4, 1.514e-6, 3.653e-8, 1.317e-6, -2.434e-8
0.579, 1.122e-6, -5.012e-8, 2.291e-12, -1.006e-4, 1.509e-6, 2.980e-8, 1.298e-6, -3.993e-8
0.580, 1.116e-6, -5.507e-8, 2.291e-12, -1.006e-4, 1.489e-6, 2.073e-8, 1.295e-6, -4.198e-8
0.581, 1.091e-6, -5.942e-8, 2.291e-12, -1.006e-4, 1.475e-6, 2.159e-8, 1.287e-6, -4.544e-8
0.582, 1.089e-6, -6.637e-8, 2.291e-12, -1.006e-4, 1.457e-6, 2.327e-8, 1.259e-6, -5.428e-8
0.583, 1.065e-6, -5.811e-8, 2.291e-12, -1.006e-4, 1.441e-6, 2.026e-8, 1.250e-6, -4.591e-8
0.584, 1.046e-6, -4.683e-8, 2.291e-12, -1.006e-4, 1.440e-6, 1.672e-8, 1.241e-6, -4.262e-8
0.585, 1.033e-6, -4.690e-8, 2.291e-12, -1.006e-4, 1.416e-6, 2.545e-8, 1.239e-6, -3.943e-8
0.586, 1.018e-6, -3.879e-8, 2.291e-12, -1.006e-4, 1.398e-6, 2.530e-8, 1.202e-6, -4.878e-8
0.587, 9.906e-7, -5.205e-8, 2.291e-12, -1.006e-4, 1.396e-6, 2.624e-8, 1.185e-6, -4.455e-8
0.588, 9.936e-7, -5.860e-8, 2.291e-12, -1.006e-4, 1.356e-6, 1.803e-8, 1.170e-6, -5.588e-8
0.589, 9.864e-7, -5.499e-8, 2.291e-12, -1.006e-4, 1.344e-6, 1.828e-8, 1.162e-6, -4.809e-8
0.590, 9.667e-7, -5.937e-8, 2.291e-12, -1.006e-4, 1.339e-6, 2.013e-8, 1.159e-6, -4.552e-8
0.591, 9.601e-7, -6.167e-8, 2.291e-12, -1.006e-4, 1.323e-6, 2.080e-8, 1.143e-6, -4.866e-8
0.592, 9.442e-7, -6.080e-8, 2.291e-12, -1.006e-4, 1.312e-6, 1.914e-8, 1.129e-6, -4.596e-8
0.593, 9.381e-7, -5.591e-8, 2.291e-12, -1.006e-4, 1.292e-6, 2.256e-8, 1.104e-6, -4.262e-8
0.594, 9.111e-7, -5.254e-8, 2.291e-12, -1.006e-4, 1.296e-6, 1.857e-8, 1.094e-6, -4.136e-8
0.595, 9.251e-7, -5.502e-8, 2.291e-12, -1.006e-4, 1.271e-6, 2.961e-8, 1.099e-6, -3.355e-8
0.596, 9.079e-7, -5.051e-8, 2.291e-12, -1.006e-4, 1.269e-6, 3.114e-8, 1.085e-6, -3.241e-8
0.597, 8.869e-7, -4.154e-8, 2.291e-12, -1.006e-4, 1.244e-6, 2.867e-8, 1.062e-6, -3.506e-8
0.598, 8.853e-7, -4.893e-8, 2.291e-12, -1.006e-4, 1.246e-6, 3.208e-8, 1.073e-6, -3.847e-8
0.599, 8.674e-7, -3.780e-8, 2.291e-12, -1.006e-4, 1.244e-6, 2.983e-8, 1.050e-6, -3.637e-8
0.600, 8.714e-7, -3.622e-8, 2.291e-12, -1.006e-4, 1.225e-6, 3.453e-8, 1.052e-6, -3.347e-8
0.601, 8.637e-7, -4.651e-8, 2.291e-12, -1.006e-4, 1.222e-6, 3.544e-8, 1.040e-6, -3.436e-8
0.602, 8.657e-7, -4.072e-8, 2.291e-12, -1.006e-4, 1.219e-6, 3.386e-8, 1.041e-6, -3.706e-8
0.603, 8.594e-7, -4.638e-8, 2.291e-12, -1.006e-4, 1.197e-6, 3.846e-8, 1.047e-6, -3.993e-8
0.604, 8.487e-7, -3.911e-8, 2.291e-12, -1.006e-4, 1.198e-6, 3.401e-8, 1.028e-6, -2.486e-8
0.605, 8.491e-7, -3.778e-8, 2.291e-12, -1.006e-4, 1.192e-6, 3.542e-8, 1.036e-6, -2.432e-8
0.606, 8.407e-7, -3.491e-8, 2.291e-12, -1.006e-4, 1.195e-6, 4.427e-8, 1.009e-6, -2.692e-8
0.607, 8.641e-7, -3.006e-8, 2.291e-12, -1.006e-4, 1.186e-6, 4.470e-8, 1.035e-6, -2.061e-8
0.608, 8.621e-7, -2.932e-8, 2.291e-12, -1.006e-4, 1.189e-6, 5.348e-8, 1.027e-6, -1.635e-8
0.609, 8.570e-7, -1.430e-8, 2.291e-12, -1.006e-4, 1.193e-6, 6.134e-8, 1.024e-6, -1.052e-8
0.610, 8.537e-7, -9.254e-9, 2.291e-12, -1.006e-4, 1.204e-6, 6.483e-8, 1.028e-6, -6.039e-9
0.611, 8.788e-7, -9.996e-9, 2.291e-12, -1.006e-4, 1.201e-6, 6.431e-8, 1.045e-6, -5.421e-9
0.612, 8.901e-7, -1.823e-8, 2.291e-12, -1.006e-4, 1.216e-6, 6.557e-8, 1.050e-6, -8.934e-9
0.613, 8.960e-7, -2.363e-8, 2.291e-12, -1.006e-4, 1.239e-6, 6.359e-8, 1.070e-6, -1.138e-8
0.614, 9.156e-7, -1.962e-8, 2.291e-12, -1.006e-4, 1.245e-6, 4.680e-8, 1.077e-6, -2.024e-8
0.615, 9.237e-7, -2.694e-8, 2.291e-12, -1.006e-4, 1.259e-6, 4.974e-8, 1.093e-6, -1.339e-8
0.616, 9.406e-7, -2.321e-8, 2.291e-12, -1.006e-4, 1.273e-6, 6.231e-8, 1.092e-6, -1.781e-8
0.617, 9.591e-7, -1.202e-8, 2.291e-12, -1.006e-4, 1.279e-6, 6.097e-8, 1.114e-6, -9.230e-9
0.618, 9.693e-7, -1.071e-8, 2.291e-12, -1.006e-4, 1.303e-6, 6.409e-8, 1.128e-6, -9.008e-9
0.619, 9.823e-7, -9.922e-9, 2.291e-12, -1.006e-4, 1.322e-6, 5.751e-8, 1.136e-6, -1.091e-8
0.620, 1.011e-6, -9.477e-9, 2.291e-12, -1.006e-4, 1.324e-6, 5.924e-8, 1.147e-6, -5.916e-9
0.621, 1.021e-6, -1.663e-8, 2.291e-12, -1.006e-4, 1.351e-6, 6.495e-8, 1.167e-6, -8.884e-9
0.622, 1.017e-6, -2.095e-8, 2.291e-12, -1.006e-4, 1.365e-6, 5.877e-8, 1.173e-6, -1.722e-8
0.623, 1.046e-6, -1.947e-8, 2.291e-12, -1.006e-4, 1.367e-6, 5.531e-8, 1.189e-6, -1.618e-8
0.624, 1.058e-6, -2.081e-8, 2.291e-12, -1.006e-4, 1.384e-6, 5.657e-8, 1.197e-6, -7.301e-9
0.625, 1.066e-6, -2.504e-8, 2.291e-12, -1.006e-4, 1.382e-6, 5.657e-8, 1.210e-6, -1.868e-8
0.626, 1.078e-6, -2.541e-8, 2.291e-12, -1.006e-4, 1.386e-6, 5.627e-8, 1.220e-6, -1.660e-8
0.627, 1.056e-6, -2.407e-8, 2.291e-12, -1.006e-4, 1.409e-6, 5.766e-8, 1.211e-6, -1.650e-8
0.628, 1.065e-6, -2.528e-8, 2.291e-12, -1.006e-4, 1.405e-6, 6.102e-8, 1.220e-6, -1.118e-8
0.629, 1.086e-6, -2.469e-8, 2.291e-12, -1.006e-4, 1.402e-6, 5.689e-8, 1.218e-6, -1.767e-8
0.630, 1.074e-6, -2.462e-8, 2.291e-12, -1.006e-4, 1.430e-6, 5.224e-8, 1.230e-6, -1.586e-8
0.631, 1.078e-6, -2.706e-8, 2.291e-12, -1.006e-4, 1.421e-6, 5.833e-8, 1.227e-6, -1.843e-8
0.632, 1.080e-6, -2.736e-8, 2.291e-12, -1.006e-4, 1.395e-6, 5.090e-8, 1.224e-6, -1.856e-8
0.633, 1.075e-6, -2.956e-8, 2.291e-12, -1.006e-4, 1.412e-6, 4.606e-8, 1.231e-6, -2.462e-8
0.634, 1.076e-6, -3.728e-8, 2.291e-12, -1.006e-4, 1.416e-6, 3.948e-8, 1.219e-6, -3.318e-8
0.635, 1.047e-6, -4.109e-8, 2.291e-12, -1.006e-4, 1.411e-6, 3.631e-8, 1.214e-6, -3.320e-8
0.636, 1.063e-6, -3.666e-8, 2.291e-12, -1.006e-4, 1.393e-6, 2.382e-8, 1.214e-6, -4.223e-8
0.637, 1.060e-6, -5.524e-8, 2.291e-12, -1.006e-4, 1.380e-6, 3.097e-8, 1.198e-6, -4.198e-8
0.638, 1.049e-6, -5.049e-8, 2.291e-12, -1.006e-4, 1.374e-6, 2.159e-8, 1.192e-6, -4.230e-8
0.639, 1.047e-6, -5.225e-8, 2.291e-12, -1.006e-4, 1.364e-6, 2.518e-8, 1.183e-6, -4.488e-8
0.640, 1.029e-6, -4.794e-8, 2.291e-12, -1.006e-4, 1.355e-6, 1.736e-8, 1.190e-6, -4.883e-8
0.641, 1.031e-6, -4.945e-8, 2.291e-12, -1.006e-4, 1.349e-6, 2.270e-8, 1.166e-6, -3.674e-8
0.642, 1.009e-6, -4.163e-8, 2.291e-12, -1.006e-4, 1.343e-6, 3.062e-8, 1.151e-6, -4.107e-8
0.643, 1.013e-6, -4.099e-8, 2.291e-12, -1.006e-4, 1.332e-6, 2.904e-8, 1.154e-6, -3.372e-8
0.644, 9.948e-7, -4.163e-8, 2.291e-12, -1.006e-4, 1.327e-6, 3.349e-8, 1.149e-6, -3.424e-8
0.645, 1.005e-6, -3.384e-8, 2.291e-12, -1.006e-4, 1.315e-6, 2.941e-8, 1.138e-6, -3.493e-8
0.646, 9.831e-7, -4.111e-8, 2.291e-12, -1.006e-4, 1.306e-6, 3.542e-8, 1.129e-6, -3.817e-8
0.647, 9.778e-7, -4.777e-8, 2.291e-12, -1.006e-4, 1.298e-6, 2.829e-8, 1.112e-6, -3.575e-8
0.648, 9.672e-7, -4.478e-8, 2.291e-12, -1.006e-4, 1.280e-6, 2.273e-8, 1.112e-6, -4.203e-8
0.649, 9.575e-7, -4.176e-8, 2.291e-12, -1.006e-4, 1.284e-6, 2.102e-8, 1.101e-6, -4.888e-8
0.650, 9.525e-7, -5.168e-8, 2.291e-12, -1.006e-4, 1.272e-6, 2.387e-8, 1.104e-6, -4.240e-8
0.651, 9.453e-7, -5.277e-8, 2.291e-12, -1.006e-4, 1.264e-6, 2.248e-8, 1.104e-6, -3.931e-8
0.652, 9.445e-7, -5.821e-8, 2.291e-12, -1.006e-4, 1.272e-6, 2.129e-8, 1.091e-6, -4.475e-8
0.653, 9.294e-7, -5.920e-8, 2.291e-12, -1.006e-4, 1.255e-6, 2.325e-8, 1.078e-6, -4.888e-8
0.654, 9.349e-7, -4.497e-8, 2.291e-12, -1.006e-4, 1.234e-6, 2.345e-8, 1.078e-6, -4.673e-8
0.655, 9.189e-7, -4.858e-8, 2.291e-12, -1.006e-4, 1.243e-6, 2.172e-8, 1.070e-6, -4.248e-8
0.656, 9.158e-7, -5.158e-8, 2.291e-12, -1.006e-4, 1.231e-6, 3.168e-8, 1.050e-6, -3.973e-8
0.657, 9.176e-7, -4.257e-8, 2.291e-12, -1.006e-4, 1.226e-6, 2.923e-8, 1.051e-6, -3.966e-8
0.658, 9.009e-7, -3.449e-8, 2.291e-12, -1.006e-4, 1.235e-6, 3.109e-8, 1.061e-6, -2.890e-8
0.659, 9.014e-7, -4.359e-8, 2.291e-12, -1.006e-4, 1.208e-6, 3.906e-8, 1.037e-6, -3.741e-8
0.660, 9.045e-7, -3.414e-8, 2.291e-12, -1.006e-4, 1.200e-6, 3.233e-8, 1.042e-6, -3.946e-8
0.661, 8.954e-7, -4.349e-8, 2.291e-12, -1.006e-4, 1.203e-6, 4.299e-8, 1.032e-6, -3.164e-8
0.662, 8.938e-7, -3.649e-8, 2.291e-12, -1.006e-4, 1.188e-6, 3.322e-8, 1.014e-6, -2.897e-8
0.663, 8.874e-7, -4.277e-8, 2.291e-12, -1.006e-4, 1.189e-6, 4.324e-8, 1.025e-6, -2.687e-8
0.664, 8.953e-7, -3.174e-8, 2.291e-12, -1.006e-4, 1.183e-6, 3.962e-8, 1.035e-6, -2.870e-8
0.665, 8.839e-7, -3.552e-8, 2.291e-12, -1.006e-4, 1.173e-6, 4.066e-8, 1.021e-6, -3.268e-8
0.666, 8.798e-7, -3.087e-8, 2.291e-12, -1.006e-4, 1.181e-6, 3.525e-8, 1.017e-6, -3.043e-8
0.667, 8.873e-7, -3.520e-8, 2.291e-12, -1.006e-4, 1.173e-6, 3.950e-8, 9.968e-7, -2.845e-8
0.668, 8.730e-7, -3.028e-8, 2.291e-12, -1.006e-4, 1.173e-6, 3.589e-8, 1.003e-6, -2.333e-8
0.669, 8.836e-7, -2.818e-8, 2.291e-12, -1.006e-4, 1.162e-6, 3.351e-8, 1.001e-6, -2.872e-8
0.670, 8.854e-7, -2.959e-8, 2.291e-12, -1.006e-4, 1.167e-6, 4.620e-8, 1.002e-6, -2.105e-8
0.671, 8.791e-7, -2.538e-8, 2.291e-12, -1.006e-4, 1.185e-6, 4.465e-8, 1.012e-6, -1.687e-8
0.672, 8.848e-7, -1.942e-8, 2.291e-12, -1.006e-4, 1.183e-6, 5.118e-8, 1.025e-6, -1.403e-8
0.673, 8.898e-7, -1.195e-8, 2.291e-12, -1.006e-4, 1.181e-6, 5.793e-8, 1.015e-6, -1.346e-8
0.674, 9.006e-7, -1.306e-8, 2.291e-12, -1.006e-4, 1.193e-6, 5.731e-8, 1.034e-6, -1.190e-8
0.675, 8.825e-7, -1.648e-8, 2.291e-12, -1.006e-4, 1.211e-6, 6.881e-8, 1.035e-6, -1.170e-8
0.676, 9.079e-7, -1.057e-8, 2.291e-12, -1.006e-4, 1.206e-6, 6.498e-8, 1.047e-6, -4.778e-9
0.677, 9.167e-7, -6.484e-9, 2.291e-12, -1.006e-4, 1.204e-6, 6.946e-8, 1.051e-6, 6.888e-10
0.678, 9.114e-7, 6.478e-9, 2.291e-12, -1.006e-4, 1.216e-6, 6.273e-8, 1.043e-6, 5.899e-10
0.679, 9.249e-7, -1.586e-9, 2.291e-12, -1.006e-4, 1.208e-6, 6.748e-8, 1.055e-6, -4.135e-9
0.680, 9.186e-7, -1.932e-9, 2.291e-12, -1.006e-4, 1.228e-6, 6.575e-8, 1.054e-6, -9.190e-10
0.681, 9.495e-7, -1.883e-9, 2.291e-12, -1.006e-4, 1.207e-6, 6.337e-8, 1.054e-6, -3.541e-9
0.682, 9.418e-7, -1.094e-8, 2.291e-12, -1.006e-4, 1.218e-6, 6.636e-8, 1.056e-6, -2.502e-9
0.683, 9.363e-7, -3.985e-9, 2.291e-12, -1.006e-4, 1.238e-6, 5.897e-8, 1.065e-6, -4.110e-9
0.684, 9.487e-7, -9.155e-9, 2.291e-12, -1.006e-4, 1.236e-6, 6.058e-8, 1.071e-6, -8.563e-9
0.685, 9.565e-7, -1.588e-8, 2.291e-12, -1.006e-4, 1.240e-6, 5.889e-8, 1.073e-6, -1.215e-8
0.686, 9.658e-7, -1.435e-8, 2.291e-12, -1.006e-4, 1.249e-6, 5.575e-8, 1.076e-6, -9.082e-9
0.687, 9.721e-7, -2.071e-8, 2.291e-12, -1.006e-4, 1.259e-6, 5.375e-8, 1.084e-6, -1.499e-8
0.688, 9.704e-7, -1.259e-8, 2.291e-12, -1.006e-4, 1.270e-6, 4.625e-8, 1.116e-6, -2.170e-8
0.689, 9.765e-7, -2.301e-8, 2.291e-12, -1.006e-4, 1.273e-6, 5.016e-8, 1.109e-6, -2.202e-8
0.690, 9.709e-7, -2.395e-8, 2.291e-12, -1.006e-4, 1.298e-6, 5.157e-8, 1.119e-6, -1.814e-8
0.691, 9.999e-7, -2.560e-8, 2.291e-12, -1.006e-4, 1.292e-6, 4.524e-8, 1.132e-6, -1.908e-8
0.692, 1.007e-6, -2.328e-8, 2.291e-12, -1.006e-4, 1.303e-6, 5.583e-8, 1.138e-6, -1.717e-8
0.693, 1.026e-6, -2.771e-8, 2.291e-12, -1.006e-4, 1.298e-6, 6.080e-8, 1.129e-6, -1.856e-8
0.694, 1.038e-6, -1.408e-8, 2.291e-12, -1.006e-4, 1.306e-6, 5.612e-8, 1.155e-6, -1.447e-8
0.695, 1.045e-6, -1.633e-8, 2.291e-12, -1.006e-4, 1.323e-6, 6.003e-8, 1.152e-6, -7.276e-9
0.696, 1.031e-6, -1.084e-8, 2.291e-12, -1.006e-4, 1.347e-6, 5.936e-8, 1.162e-6, -1.801e-8
0.697, 1.057e-6, -1.128e-8, 2.291e-12, -1.006e-4, 1.337e-6, 6.307e-8, 1.164e-6, -1.198e-8
0.698, 1.060e-6, -4.529e-9, 2.291e-12, -1.006e-4, 1.339e-6, 6.815e-8, 1.174e-6, -5.767e-9
0.699, 1.068e-6, -6.286e-9, 2.291e-12, -1.006e-4, 1.365e-6, 6.740e-8, 1.199e-6, -4.234e-9
0.700, 1.082e-6, -1.151e-8, 2.291e-12, -1.006e-4, 1.368e-6, 6.609e-8, 1.200e-6, -5.965e-9
0.701, 1.098e-6, -3.886e-9, 2.291e-12, -1.006e-4, 1.380e-6, 5.922e-8, 1.232e-6, -9.626e-9
0.702, 1.117e-6, -1.408e-8, 2.291e-12, -1.006e-4, 1.386e-6, 6.854e-8, 1.219e-6, 4.662e-10
0.703, 1.130e-6, -8.809e-9, 2.291e-12, -1.006e-4, 1.392e-6, 6.483e-8, 1.243e-6, -1.232e-8
0.704, 1.127e-6, -1.781e-8, 2.291e-12, -1.006e-4, 1.426e-6, 6.280e-8, 1.243e-6, -1.161e-8
0.705, 1.143e-6, -1.556e-8, 2.291e-12, -1.006e-4, 1.425e-6, 6.087e-8, 1.250e-6, -6.955e-9
0.706, 1.162e-6, -1.618e-8, 2.291e-12, -1.006e-4, 1.436e-6, 5.006e-8, 1.270e-6, -1.512e-8
0.707, 1.171e-6, -1.591e-8, 2.291e-12, -1.006e-4, 1.455e-6, 4.519e-8, 1.279e-6, -1.101e-8
0.708, 1.188e-6, -1.771e-8, 2.291e-12, -1.006e-4, 1.455e-6, 4.989e-8, 1.289e-6, -1.255e-8
0.709, 1.193e-6, -1.499e-8, 2.291e-12, -1.006e-4, 1.472e-6, 5.469e-8, 1.298e-6, -1.561e-8
0.710, 1.197e-6, -2.150e-8, 2.291e-12, -1.006e-4, 1.492e-6, 5.457e-8, 1.309e-6, -1.039e-8
0.711, 1.201e-6, -1.492e-8, 2.291e-12, -1.006e-4, 1.499e-6, 5.152e-8, 1.335e-6, -9.799e-9
0.712, 1.226e-6, -1.957e-8, 2.291e-12, -1.006e-4, 1.505e-6, 5.320e-8, 1.328e-6, -1.232e-8
0.713, 1.233e-6, -1.519e-8, 2.291e-12, -1.006e-4, 1.526e-6, 5.318e-8, 1.326e-6, -1.460e-8
0.714, 1.238e-6, -1.806e-8, 2.291e-12, -1.006e-4, 1.515e-6, 5.382e-8, 1.352e-6, -1.475e-8
0.715, 1.239e-6, -1.752e-8, 2.291e-12, -1.006e-4, 1.541e-6, 5.432e-8, 1.357e-6, -1.937e-8
0.716, 1.251e-6, -1.685e-8, 2.291e-12, -1.006e-4, 1.550e-6, 5.167e-8, 1.364e-6, -1.633e-8
0.717, 1.264e-6, -1.541e-8, 2.291e-12, -1.006e-4, 1.554e-6, 4.447e-8, 1.366e-6, -2.105e-8
0.718, 1.263e-6, -2.368e-8, 2.291e-12, -1.006e-4, 1.575e-6, 4.714e-8, 1.377e-6, -1.799e-8
0.719, 1.297e-6, -2.635e-8, 2.291e-12, -1.006e-4, 1.550e-6, 4.717e-8, 1.389e-6, -1.420e-8
0.720, 1.295e-6, -2.568e-8, 2.291e-12, -1.006e-4, 1.561e-6, 4.022e-8, 1.376e-6, -2.081e-8
0.721, 1.279e-6, -3.374e-8, 2.291e-12, -1.006e-4, 1.586e-6, 3.564e-8, 1.377e-6, -3.634e-8
0.722, 1.302e-6, -4.129e-8, 2.291e-12, -1.006e-4, 1.574e-6, 3.807e-8, 1.403e-6, -2.993e-8
0.723, 1.310e-6, -3.708e-8, 2.291e-12, -1.006e-4, 1.575e-6, 2.899e-8, 1.399e-6, -4.285e-8
0.724, 1.325e-6, -4.188e-8, 2.291e-12, -1.006e-4, 1.585e-6, 2.513e-8, 1.401e-6, -4.240e-8
0.725, 1.311e-6, -4.448e-8, 2.291e-12, -1.006e-4, 1.595e-6, 2.327e-8, 1.394e-6, -4.102e-8
0.726, 1.310e-6, -5.254e-8, 2.291e-12, -1.006e-4, 1.608e-6, 2.233e-8, 1.410e-6, -4.141e-8
0.727, 1.323e-6, -5.818e-8, 2.291e-12, -1.006e-4, 1.591e-6, 1.979e-8, 1.411e-6, -4.369e-8
0.728, 1.322e-6, -5.660e-8, 2.291e-12, -1.006e-4, 1.617e-6, 1.786e-8, 1.417e-6, -5.064e-8
0.729, 1.335e-6, -5.625e-8, 2.291e-12, -1.006e-4, 1.622e-6, 2.332e-8, 1.435e-6, -4.767e-8
0.730, 1.362e-6, -5.410e-8, 2.291e-12, -1.006e-4, 1.597e-6, 2.048e-8, 1.429e-6, -4.629e-8
0.731, 1.353e-6, -5.225e-8, 2.291e-12, -1.006e-4, 1.614e-6, 2.233e-8, 1.431e-6, -4.819e-8
0.732, 1.358e-6, -4.782e-8, 2.291e-12, -1.006e-4, 1.612e-6, 2.533e-8, 1.425e-6, -4.671e-8
0.733, 1.368e-6, -4.938e-8, 2.291e-12, -1.006e-4, 1.619e-6, 2.486e-8, 1.452e-6, -4.035e-8
0.734, 1.372e-6, -4.074e-8, 2.291e-12, -1.006e-4, 1.632e-6, 1.679e-8, 1.457e-6, -4.265e-8
0.735, 1.386e-6, -4.980e-8, 2.291e-12, -1.006e-4, 1.646e-6, 2.409e-8, 1.446e-6, -4.109e-8
0.736, 1.398e-6, -5.225e-8, 2.291e-12, -1.006e-4, 1.645e-6, 3.223e-8, 1.455e-6, -4.450e-8
0.737, 1.398e-6, -4.136e-8, 2.291e-12, -1.006e-4, 1.660e-6, 2.325e-8, 1.467e-6, -3.919e-8
0.738, 1.409e-6, -4.000e-8, 2.291e-12, -1.006e-4, 1.660e-6, 2.397e-8, 1.483e-6, -4.520e-8
0.739, 1.417e-6, -4.720e-8, 2.291e-12, -1.006e-4, 1.671e-6, 2.641e-8, 1.472e-6, -4.047e-8
0.740, 1.422e-6, -3.481e-8, 2.291e-12, -1.006e-4, 1.680e-6, 2.298e-8, 1.480e-6, -3.711e-8
0.741, 1.440e-6, -3.471e-8, 2.291e-12, -1.006e-4, 1.685e-6, 2.209e-8, 1.501e-6, -3.340e-8
0.742, 1.443e-6, -4.490e-8, 2.291e-12, -1.006e-4, 1.694e-6, 2.904e-8, 1.499e-6, -4.574e-8
0.743, 1.448e-6, -3.923e-8, 2.291e-12, -1.006e-4, 1.713e-6, 2.073e-8, 1.499e-6, -3.750e-8
0.744, 1.460e-6, -4.995e-8, 2.291e-12, -1.006e-4, 1.718e-6, 3.312e-8, 1.530e-6, -3.941e-8
0.745, 1.479e-6, -4.920e-8, 2.291e-12, -1.006e-4, 1.723e-6, 2.894e-8, 1.537e-6, -4.371e-8
0.746, 1.498e-6, -4.448e-8, 2.291e-12, -1.006e-4, 1.713e-6, 2.379e-8, 1.534e-6, -3.523e-8
0.747, 1.491e-6, -3.728e-8, 2.291e-12, -1.006e-4, 1.752e-6, 2.773e-8, 1.557e-6, -3.619e-8
0.748, 1.514e-6, -4.594e-8, 2.291e-12, -1.006e-4, 1.764e-6, 2.993e-8, 1.553e-6, -3.483e-8
0.749, 1.513e-6, -5.029e-8, 2.291e-12, -1.006e-4, 1.783e-6, 2.637e-8, 1.584e-6, -3.877e-8
0.750, 1.539e-6, -3.701e-8, 2.291e-12, -1.006e-4, 1.783e-6, 2.013e-8, 1.590e-6, -4.164e-8
0.751, 1.558e-6, -3.726e-8, 2.291e-12, -1.006e-4, 1.806e-6, 2.008e-8, 1.596e-6, -4.211e-8
0.752, 1.573e-6, -4.502e-8, 2.291e-12, -1.006e-4, 1.795e-6, 2.852e-8, 1.605e-6, -4.270e-8
0.753, 1.586e-6, -4.445e-8, 2.291e-12, -1.006e-4, 1.822e-6, 2.273e-8, 1.637e-6, -4.020e-8
0.754, 1.611e-6, -4.577e-8, 2.291e-12, -1.006e-4, 1.833e-6, 2.651e-8, 1.638e-6, -3.951e-8
0.755, 1.633e-6, -5.435e-8, 2.291e-12, -1.006e-4, 1.849e-6, 2.839e-8, 1.658e-6, -4.114e-8
0.756, 1.635e-6, -4.455e-8, 2.291e-12, -1.006e-4, 1.862e-6, 1.976e-8, 1.664e-6, -4.631e-8
0.757, 1.636e-6, -4.455e-8, 2.291e-12, -1.006e-4, 1.885e-6, 2.016e-8, 1.682e-6, -4.032e-8
0.758, 1.668e-6, -4.297e-8, 2.291e-12, -1.006e-4, 1.893e-6, 2.206e-8, 1.696e-6, -3.671e-8
0.759, 1.685e-6, -4.601e-8, 2.291e-12, -1.006e-4, 1.895e-6, 2.157e-8, 1.705e-6, -4.280e-8
0.760, 1.690e-6, -5.160e-8, 2.291e-12, -1.006e-4, 1.934e-6, 2.555e-8, 1.724e-6, -4.861e-8
0.761, 1.719e-6, -4.940e-8, 2.291e-12, -1.006e-4, 1.932e-6, 2.139e-8, 1.742e-6, -4.032e-8
0.762, 1.737e-6, -4.839e-8, 2.291e-12, -1.006e-4, 1.946e-6, 2.394e-8, 1.741e-6, -4.601e-8
0.763, 1.743e-6, -4.923e-8, 2.291e-12, -1.006e-4, 1.982e-6, 2.035e-8, 1.757e-6, -4.881e-8
0.764, 1.778e-6, -5.296e-8, 2.291e-12, -1.006e-4, 1.978e-6, 2.466e-8, 1.777e-6, -4.193e-8
0.765, 1.804e-6, -4.940e-8, 2.291e-12, -1.006e-4, 1.988e-6, 2.105e-8, 1.786e-6, -4.406e-8
0.766, 1.817e-6, -5.091e-8, 2.291e-12, -1.006e-4, 2.017e-6, 1.756e-8, 1.798e-6, -4.720e-8
0.767, 1.823e-6, -4.858e-8, 2.291e-12, -1.006e-4, 2.030e-6, 2.164e-8, 1.824e-6, -4.762e-8
0.768, 1.862e-6, -4.935e-8, 2.291e-12, -1.006e-4, 2.030e-6, 1.590e-8, 1.834e-6, -4.295e-8
0.769, 1.866e-6, -5.670e-8, 2.291e-12, -1.006e-4, 2.061e-6, 1.904e-8, 1.862e-6, -4.663e-8
0.770, 1.888e-6, -4.520e-8, 2.291e-12, -1.006e-4, 2.095e-6, 1.133e-8, 1.869e-6, -4.438e-8
0.771, 1.906e-6, -5.056e-8, 2.291e-12, -1.006e-4, 2.120e-6, 1.612e-8, 1.903e-6, -4.525e-8
0.772, 1.923e-6, -5.390e-8, 2.291e-12, -1.006e-4, 2.121e-6, 1.150e-8, 1.906e-6, -4.206e-8
0.773, 1.945e-6, -5.964e-8, 2.291e-12, -1.006e-4, 2.150e-6, 1.565e-8, 1.917e-6, -5.061e-8
0.774, 1.976e-6, -5.742e-8, 2.291e-12, -1.006e-4, 2.148e-6, 1.877e-8, 1.939e-6, -5.625e-8
0.775, 1.992e-6, -6.340e-8, 2.291e-12, -1.006e-4, 2.178e-6, 1.400e-8, 1.963e-6, -5.205e-8
0.776, 2.017e-6, -5.487e-8, 2.291e-12, -1.006e-4, 2.187e-6, 1.068e-8, 1.994e-6, -4.723e-8
0.777, 2.038e-6, -5.786e-8, 2.291e-12, -1.006e-4, 2.212e-6, 7.788e-9, 1.994e-6, -4.982e-8
0.778, 2.067e-6, -6.053e-8, 2.291e-12, -1.006e-4, 2.229e-6, 4.647e-9, 2.018e-6, -5.405e-8
0.779, 2.074e-6, -5.603e-8, 2.291e-12, -1.006e-4, 2.249e-6, 3.435e-9, 2.028e-6, -5.287e-8
0.780, 2.109e-6, -6.637e-8, 2.291e-12, -1.006e-4, 2.253e-6, 9.396e-9, 2.058e-6, -5.386e-8
0.781, 2.134e-6, -6.011e-8, 2.291e-12, -1.006e-4, 2.276e-6, 6.873e-9, 2.067e-6, -5.425e-8
0.782, 2.148e-6, -6.667e-8, 2.291e-12, -1.006e-4, 2.290e-6, 6.824e-9, 2.082e-6, -6.115e-8
0.783, 2.162e-6, -6.508e-8, 2.291e-12, -1.006e-4, 2.336e-6, 2.990e-9, 2.098e-6, -6.108e-8
0.784, 2.199e-6, -6.150e-8, 2.291e-12, -1.006e-4, 2.335e-6, 1.357e-9, 2.127e-6, -6.338e-8
0.785, 2.225e-6, -7.028e-8, 2.291e-12, -1.006e-4, 2.372e-6, 1.219e-8, 2.151e-6, -5.672e-8
0.786, 2.249e-6, -6.578e-8, 2.291e-12, -1.006e-4, 2.387e-6, 2.050e-9, 2.164e-6, -5.435e-8
0.787, 2.287e-6, -7.114e-8, 2.291e-12, -1.006e-4, 2.387e-6, -7.777e-11, 2.183e-6, -6.130e-8
0.788, 2.290e-6, -6.850e-8, 2.291e-12, -1.006e-4, 2.428e-6, -2.898e-9, 2.208e-6, -6.768e-8
0.789, 2.322e-6, -7.105e-8, 2.291e-12, -1.006e-4, 2.456e-6, -5.972e-10, 2.224e-6, -6.338e-8
0.790, 2.343e-6, -7.097e-8, 2.291e-12, -1.006e-4, 2.460e-6, -3.739e-9, 2.260e-6, -6.546e-8
0.791, 2.364e-6, -7.468e-8, 2.291e-12, -1.006e-4, 2.493e-6, 3.237e-9, 2.277e-6, -6.786e-8
0.792, 2.404e-6, -7.666e-8, 2.291e-12, -1.006e-4, 2.507e-6, -2.898e-9, 2.303e-6, -6.241e-8
0.793, 2.423e-6, -8.218e-8, 2.291e-12, -1.006e-4, 2.537e-6, -1.636e-9, 2.311e-6, -6.998e-8
0.794, 2.455e-6, -7.627e-8, 2.291e-12, -1.006e-4, 2.545e-6, -8.488e-9, 2.333e-6, -6.536e-8
0.795, 2.487e-6, -8.233e-8, 2.291e-12, -1.006e-4, 2.581e-6, 2.000e-9, 2.359e-6, -7.265e-8
0.796, 2.507e-6, -8.576e-8, 2.291e-12, -1.006e-4, 2.610e-6, 5.438e-9, 2.381e-6, -6.674e-8
0.797, 2.536e-6, -7.589e-8, 2.291e-12, -1.006e-4, 2.630e-6, 2.990e-9, 2.406e-6, -6.810e-8
0.798, 2.557e-6, -7.928e-8, 2.291e-12, -1.006e-4, 2.654e-6, 3.410e-9, 2.438e-6, -6.343e-8
0.799, 2.590e-6, -7.592e-8, 2.291e-12, -1.006e-4, 2.675e-6, 7.393e-9, 2.447e-6, -6.303e-8
0.800, 2.609e-6, -7.359e-8, 2.291e-12, -1.006e-4, 2.709e-6, 3.732e-9, 2.485e-6, -5.791e-8
0.801, 2.657e-6, -7.147e-8, 2.291e-12, -1.006e-4, 2.718e-6, 5.785e-9, 2.500e-6, -6.271e-8
0.802, 2.683e-6, -7.196e-8, 2.291e-12, -1.006e-4, 2.750e-6, 1.118e-8, 2.513e-6, -5.628e-8
0.803, 2.695e-6, -7.181e-8, 2.291e-12, -1.006e-4, 2.795e-6, 7.219e-9, 2.561e-6, -5.799e-8
0.804, 2.727e-6, -6.701e-8, 2.291e-12, -1.006e-4, 2.806e-6, 1.187e-8, 2.563e-6, -5.734e-8
0.805, 2.768e-6, -6.061e-8, 2.291e-12, -1.006e-4, 2.828e-6, 1.060e-9, 2.604e-6, -4.898e-8
0.806, 2.789e-6, -6.449e-8, 2.291e-12, -1.006e-4, 2.854e-6, 1.207e-8, 2.621e-6, -5.071e-8
0.807, 2.818e-6, -6.177e-8, 2.291e-12, -1.006e-4, 2.874e-6, 8.704e-9, 2.645e-6, -5.643e-8
0.808, 2.845e-6, -6.009e-8, 2.291e-12, -1.006e-4, 2.907e-6, 1.776e-8, 2.663e-6, -5.227e-8
0.809, 2.878e-6, -6.165e-8, 2.291e-12, -1.006e-4, 2.923e-6, 1.516e-8, 2.693e-6, -4.302e-8
0.810, 2.906e-6, -5.504e-8, 2.291e-12, -1.006e-4, 2.955e-6, 1.603e-8, 2.724e-6, -4.770e-8
0.811, 2.927e-6, -5.341e-8, 2.291e-12, -1.006e-4, 2.976e-6, 1.246e-8, 2.740e-6, -4.574e-8
0.812, 2.960e-6, -5.635e-8, 2.291e-12, -1.006e-4, 2.984e-6, 1.800e-8, 2.767e-6, -4.411e-8
0.813, 2.988e-6, -5.892e-8, 2.291e-12, -1.006e-4, 3.017e-6, 2.152e-8, 2.781e-6, -4.389e-8
0.814, 3.029e-6, -6.085e-8, 2.291e-12, -1.006e-4, 3.039e-6, 1.751e-8, 2.819e-6, -4.713e-8
0.815, 3.050e-6, -5.591e-8, 2.291e-12, -1.006e-4, 3.077e-6, 1.338e-8, 2.842e-6, -5.019e-8
0.816, 3.064e-6, -5.979e-8, 2.291e-12, -1.006e-4, 3.108e-6, 1.138e-8, 2.856e-6, -4.146e-8
0.817, 3.102e-6, -6.244e-8, 2.291e-12, -1.006e-4, 3.125e-6, 1.321e-8, 2.883e-6, -4.342e-8
0.818, 3.126e-6, -6.249e-8, 2.291e-12, -1.006e-4, 3.159e-6, 7.863e-9, 2.915e-6, -5.390e-8
0.819, 3.162e-6, -6.486e-8, 2.291e-12, -1.006e-4, 3.180e-6, 8.357e-9, 2.932e-6, -5.118e-8
0.820, 3.193e-6, -6.845e-8, 2.291e-12, -1.006e-4, 3.188e-6, 6.799e-9, 2.946e-6, -5.163e-8
0.821, 3.213e-6, -6.986e-8, 2.291e-12, -1.006e-4, 3.218e-6, 1.189e-8, 2.975e-6, -5.578e-8
0.822, 3.246e-6, -6.716e-8, 2.291e-12, -1.006e-4, 3.242e-6, 8.679e-9, 2.994e-6, -5.863e-8
0.823, 3.268e-6, -6.939e-8, 2.291e-12, -1.006e-4, 3.273e-6, 4.301e-9, 3.023e-6, -5.903e-8
0.824, 3.310e-6, -7.849e-8, 2.291e-12, -1.006e-4, 3.290e-6, 9.025e-9, 3.040e-6, -5.316e-8
0.825, 3.322e-6, -7.201e-8, 2.291e-12, -1.006e-4, 3.329e-6, 7.343e-9, 3.051e-6, -5.583e-8
0.826, 3.368e-6, -7.777e-8, 2.291e-12, -1.006e-4, 3.340e-6, 9.891e-9, 3.091e-6, -5.873e-8
0.827, 3.384e-6, -8.480e-8, 2.291e-12, -1.006e-4, 3.372e-6, 1.192e-8, 3.112e-6, -5.163e-8
0.828, 3.423e-6, -7.723e-8, 2.291e-12, -1.006e-4, 3.387e-6, 1.696e-10, 3.133e-6, -6.137e-8
0.829, 3.452e-6, -8.188e-8, 2.291e-12, -1.006e-4, 3.417e-6, -3.746e-10, 3.149e-6, -5.766e-8
0.830, 3.477e-6, -8.151e-8, 2.291e-12, -1.006e-4, 3.441e-6, 1.233e-9, 3.183e-6, -5.287e-8
0.831, 3.508e-6, -7.938e-8, 2.291e-12, -1.006e-4, 3.468e-6, -1.240e-9, 3.204e-6, -5.974e-8
0.832, 3.533e-6, -8.129e-8, 2.291e-12, -1.006e-4, 3.499e-6, -4.060e-9, 3.233e-6, -6.276e-8
0.833, 3.583e-6, -8.388e-8, 2.291e-12, -1.006e-4, 3.510e-6, 2.247e-9, 3.246e-6, -6.303e-8
0.834, 3.613e-6, -8.841e-8, 2.291e-12, -1.006e-4, 3.536e-6, 9.866e-9, 3.275e-6, -6.761e-8
0.835, 3.653e-6, -8.564e-8, 2.291e-12, -1.006e-4, 3.563e-6, 5.463e-9, 3.297e-6, -5.734e-8
0.836, 3.680e-6, -8.277e-8, 2.291e-12, -1.006e-4, 3.592e-6, 2.594e-9, 3.309e-6, -5.727e-8
0.837, 3.713e-6, -7.921e-8, 2.291e-12, -1.006e-4, 3.613e-6, -1.710e-9, 3.346e-6, -5.831e-8
0.838, 3.748e-6, -6.902e-8, 2.291e-12, -1.006e-4, 3.633e-6, -6.089e-9, 3.367e-6, -5.321e-8
0.839, 3.773e-6, -9.076e-8, 2.291e-12, -1.006e-4, 3.669e-6, 3.583e-9, 3.403e-6, -5.947e-8
0.840, 3.809e-6, -9.398e-8, 2.291e-12, -1.006e-4, 3.691e-6, 7.385e-10, 3.429e-6, -6.917e-8
0.841, 3.849e-6, -9.140e-8, 2.291e-12, -1.006e-4, 3.720e-6, 3.707e-9, 3.441e-6, -5.771e-8
0.842, 3.893e-6, -9.195e-8, 2.291e-12, -1.006e-4, 3.751e-6, 1.696e-10, 3.475e-6, -5.890e-8
0.843, 3.922e-6, -9.492e-8, 2.291e-12, -1.006e-4, 3.772e-6, -2.477e-9, 3.494e-6, -6.021e-8
0.844, 3.982e-6, -9.291e-8, 2.291e-12, -1.006e-4, 3.776e-6, -8.711e-9, 3.524e-6, -6.335e-8
0.845, 4.008e-6, -9.435e-8, 2.291e-12, -1.006e-4, 3.828e-6, -1.272e-8, 3.535e-6, -6.348e-8
0.846, 4.052e-6, -1.028e-7, 2.291e-12, -1.006e-4, 3.852e-6, -8.562e-9, 3.578e-6, -7.033e-8
0.847, 4.090e-6, -1.006e-7, 2.291e-12, -1.006e-4, 3.896e-6, -1.848e-8, 3.619e-6, -7.466e-8
0.848, 4.131e-6, -1.118e-7, 2.291e-12, -1.006e-4, 3.929e-6, -2.427e-8, 3.628e-6, -8.027e-8
0.849, 4.178e-6, -1.179e-7, 2.291e-12, -1.006e-4, 3.954e-6, -2.100e-8, 3.658e-6, -8.178e-8
0.850, 4.218e-6, -1.167e-7, 2.291e-12, -1.006e-4, 3.987e-6, -2.771e-8, 3.703e-6, -8.270e-8
0.851, 4.268e-6, -1.254e-7, 2.291e-12, -1.006e-4, 4.011e-6, -2.880e-8, 3.731e-6, -7.988e-8
0.852, 4.331e-6, -1.239e-7, 2.291e-12, -1.006e-4, 4.039e-6, -3.456e-8, 3.782e-6, -8.636e-8
0.853, 4.370e-6, -1.297e-7, 2.291e-12, -1.006e-4, 4.080e-6, -3.068e-8, 3.803e-6, -8.908e-8
0.854, 4.417e-6, -1.372e-7, 2.291e-12, -1.006e-4, 4.117e-6, -3.642e-8, 3.831e-6, -8.779e-8
0.855, 4.462e-6, -1.369e-7, 2.291e-12, -1.006e-4, 4.168e-6, -4.042e-8, 3.864e-6, -9.722e-8
0.856, 4.530e-6, -1.413e-7, 2.291e-12, -1.006e-4, 4.190e-6, -3.886e-8, 3.901e-6, -9.400e-8
0.857, 4.585e-6, -1.447e-7, 2.291e-12, -1.006e-4, 4.220e-6, -4.285e-8, 3.936e-6, -9.378e-8
0.858, 4.616e-6, -1.505e-7, 2.291e-12, -1.006e-4, 4.283e-6, -3.879e-8, 3.980e-6, -1.008e-7
0.859, 4.682e-6, -1.434e-7, 2.291e-12, -1.006e-4, 4.307e-6, -4.713e-8, 4.021e-6, -1.002e-7
0.860, 4.727e-6, -1.572e-7, 2.291e-12, -1.006e-4, 4.367e-6, -3.966e-8, 4.052e-6, -1.023e-7
0.861, 4.810e-6, -1.565e-7, 2.291e-12, -1.006e-4, 4.390e-6, -4.235e-8, 4.099e-6, -1.066e-7
0.862, 4.867e-6, -1.563e-7, 2.291e-12, -1.006e-4, 4.428e-6, -4.817e-8, 4.132e-6, -1.006e-7
0.863, 4.920e-6, -1.684e-7, 2.291e-12, -1.006e-4, 4.487e-6, -4.626e-8, 4.177e-6, -1.041e-7
0.864, 4.986e-6, -1.718e-7, 2.291e-12, -1.006e-4, 4.537e-6, -4.438e-8, 4.223e-6, -1.109e-7
0.865, 5.068e-6, -1.708e-7, 2.291e-12, -1.006e-4, 4.572e-6, -4.943e-8, 4.262e-6, -1.088e-7
0.866, 5.125e-6, -1.788e-7, 2.291e-12, -1.006e-4, 4.621e-6, -5.415e-8, 4.320e-6, -1.037e-7
0.867, 5.200e-6, -1.790e-7, 2.291e-12, -1.006e-4, 4.680e-6, -5.940e-8, 4.364e-6, -1.051e-7
0.868, 5.270e-6, -1.887e-7, 2.291e-12, -1.006e-4, 4.730e-6, -5.467e-8, 4.413e-6, -1.086e-7
0.869, 5.337e-6, -1.909e-7, 2.291e-12, -1.006e-4, 4.785e-6, -5.925e-8, 4.457e-6, -1.056e-7
0.870, 5.413e-6, -1.985e-7, 2.291e-12, -1.006e-4, 4.834e-6, -6.133e-8, 4.518e-6, -1.199e-7
0.871, 5.484e-6, -2.032e-7, 2.291e-12, -1.006e-4, 4.902e-6, -6.620e-8, 4.580e-6, -1.301e-7
0.872, 5.567e-6, -2.172e-7, 2.291e-12, -1.006e-4, 4.966e-6, -6.706e-8, 4.632e-6, -1.238e-7
0.873, 5.664e-6, -2.118e-7, 2.291e-12, -1.006e-4, 5.015e-6, -7.555e-8, 4.690e-6, -1.271e-7
0.874, 5.741e-6, -2.205e-7, 2.291e-12, -1.006e-4, 5.081e-6, -7.196e-8, 4.753e-6, -1.273e-7
0.875, 5.824e-6, -2.348e-7, 2.291e-12, -1.006e-4, 5.128e-6, -7.822e-8, 4.809e-6, -1.403e-7
0.876, 5.919e-6, -2.426e-7, 2.291e-12, -1.006e-4, 5.204e-6, -7.904e-8, 4.871e-6, -1.365e-7
0.877, 5.993e-6, -2.507e-7, 2.291e-12, -1.006e-4, 5.295e-6, -8.616e-8, 4.938e-6, -1.390e-7
0.878, 6.099e-6, -2.569e-7, 2.291e-12, -1.006e-4, 5.351e-6, -9.143e-8, 5.017e-6, -1.378e-7
0.879, 6.199e-6, -2.596e-7, 2.291e-12, -1.006e-4, 5.435e-6, -9.331e-8, 5.083e-6, -1.438e-7
0.880, 6.293e-6, -2.678e-7, 2.291e-12, -1.006e-4, 5.507e-6, -8.745e-8, 5.149e-6, -1.501e-7
0.881, 6.394e-6, -2.786e-7, 2.291e-12, -1.006e-4, 5.591e-6, -9.610e-8, 5.233e-6, -1.420e-7
0.882, 6.498e-6, -2.848e-7, 2.291e-12, -1.006e-4, 5.671e-6, -9.841e-8, 5.306e-6, -1.539e-7
0.883, 6.618e-6, -2.952e-7, 2.291e-12, -1.006e-4, 5.736e-6, -9.717e-8, 5.376e-6, -1.428e-7
0.884, 6.720e-6, -2.977e-7, 2.291e-12, -1.006e-4, 5.841e-6, -1.047e-7, 5.463e-6, -1.589e-7
0.885, 6.830e-6, -3.130e-7, 2.291e-12, -1.006e-4, 5.925e-6, -1.045e-7, 5.546e-6, -1.547e-7
0.886, 6.957e-6, -3.178e-7, 2.291e-12, -1.006e-4, 6.012e-6, -1.032e-7, 5.630e-6, -1.568e-7
0.887, 7.075e-6, -3.288e-7, 2.291e-12, -1.006e-4, 6.111e-6, -9.828e-8, 5.707e-6, -1.613e-7
0.888, 7.204e-6, -3.411e-7, 2.291e-12, -1.006e-4, 6.191e-6, -1.094e-7, 5.796e-6, -1.657e-7
0.889, 7.329e-6, -3.475e-7, 2.291e-12, -1.006e-4, 6.296e-6, -1.142e-7, 5.889e-6, -1.682e-7
0.890, 7.462e-6, -3.663e-7, 2.291e-12, -1.006e-4, 6.392e-6, -1.190e-7, 5.983e-6, -1.750e-7
0.891, 7.593e-6, -3.764e-7, 2.291e-12, -1.006e-4, 6.500e-6, -1.238e-7, 6.079e-6, -1.838e-7
0.892, 7.719e-6, -3.918e-7, 2.291e-12, -1.006e-4, 6.622e-6, -1.313e-7, 6.187e-6, -1.837e-7
0.893, 7.850e-6, -4.019e-7, 2.291e-12, -1.006e-4, 6.732e-6, -1.444e-7, 6.286e-6, -2.004e-7
0.894, 7.986e-6, -4.274e-7, 2.291e-12, -1.006e-4, 6.849e-6, -1.494e-7, 6.363e-6, -2.067e-7
0.895, 8.167e-6, -4.472e-7, 2.291e-12, -1.006e-4, 6.955e-6, -1.546e-7, 6.478e-6, -2.135e-7
0.896, 8.311e-6, -4.602e-7, 2.291e-12, -1.006e-4, 7.061e-6, -1.657e-7, 6.601e-6, -2.199e-7
0.897, 8.455e-6, -4.814e-7, 2.291e-12, -1.006e-4, 7.192e-6, -1.704e-7, 6.706e-6, -2.296e-7
0.898, 8.601e-6, -4.886e-7, 2.291e-12, -1.006e-4, 7.322e-6, -1.865e-7, 6.830e-6, -2.335e-7
0.899, 8.768e-6, -5.099e-7, 2.291e-12, -1.006e-4, 7.432e-6, -1.889e-7, 6.934e-6, -2.401e-7
0.900, 8.935e-6, -5.322e-7, 2.291e-12, -1.006e-4, 7.574e-6, -1.963e-7, 7.038e-6, -2.561e-7
