0.899	-1.845e-6	-2.495e-6	-2.188e-6	-3.008e-6	-1.822e-6	-2.456e-6	-1.833e-6	-2.484e-6
0.898	-1.567e-6	-2.057e-6	-1.872e-6	-2.469e-6	-1.544e-6	-2.027e-6	-1.556e-6	-2.045e-6
0.897	-1.417e-6	-1.831e-6	-1.701e-6	-2.203e-6	-1.395e-6	-1.805e-6	-1.403e-6	-1.821e-6
0.896	-1.313e-6	-1.684e-6	-1.585e-6	-2.027e-6	-1.292e-6	-1.661e-6	-1.299e-6	-1.673e-6
0.895	-1.238e-6	-1.577e-6	-1.497e-6	-1.904e-6	-1.218e-6	-1.557e-6	-1.224e-6	-1.570e-6
0.894	-1.179e-6	-1.498e-6	-1.430e-6	-1.805e-6	-1.158e-6	-1.478e-6	-1.166e-6	-1.491e-6
0.893	-1.130e-6	-1.428e-6	-1.372e-6	-1.726e-6	-1.108e-6	-1.412e-6	-1.116e-6	-1.422e-6
0.892	-1.089e-6	-1.377e-6	-1.326e-6	-1.677e-6	-1.068e-6	-1.359e-6	-1.076e-6	-1.369e-6
0.891	-1.054e-6	-1.330e-6	-1.284e-6	-1.604e-6	-1.035e-6	-1.313e-6	-1.041e-6	-1.324e-6
0.890	-1.023e-6	-1.291e-6	-1.250e-6	-1.564e-6	-1.006e-6	-1.275e-6	-1.011e-6	-1.283e-6
0.889	-9.953e-7	-1.255e-6	-1.217e-6	-1.518e-6	-9.783e-7	-1.238e-6	-9.848e-7	-1.248e-6
0.888	-9.714e-7	-1.222e-6	-1.188e-6	-1.459e-6	-9.544e-7	-1.208e-6	-9.602e-7	-1.217e-6
0.887	-9.523e-7	-1.197e-6	-1.166e-6	-1.441e-6	-9.368e-7	-1.183e-6	-9.421e-7	-1.192e-6
0.886	-9.327e-7	-1.173e-6	-1.142e-6	-1.420e-6	-9.160e-7	-1.158e-6	-9.221e-7	-1.168e-6
0.885	-9.147e-7	-1.149e-6	-1.121e-6	-1.393e-6	-8.988e-7	-1.136e-6	-9.027e-7	-1.144e-6
0.884	-8.974e-7	-1.128e-6	-1.101e-6	-1.366e-6	-8.825e-7	-1.114e-6	-8.877e-7	-1.124e-6
0.883	-8.833e-7	-1.110e-6	-1.085e-6	-1.338e-6	-8.701e-7	-1.098e-6	-8.772e-7	-1.107e-6
0.882	-8.699e-7	-1.090e-6	-1.068e-6	-1.329e-6	-8.551e-7	-1.079e-6	-8.604e-7	-1.088e-6
0.881	-8.589e-7	-1.077e-6	-1.054e-6	-1.282e-6	-8.444e-7	-1.065e-6	-8.493e-7	-1.073e-6
0.880	-8.449e-7	-1.060e-6	-1.040e-6	-1.281e-6	-8.326e-7	-1.049e-6	-8.370e-7	-1.058e-6
0.879	-8.355e-7	-1.048e-6	-1.027e-6	-1.267e-6	-8.236e-7	-1.036e-6	-8.272e-7	-1.046e-6
0.878	-8.244e-7	-1.034e-6	-1.013e-6	-1.247e-6	-8.118e-7	-1.022e-6	-8.153e-7	-1.032e-6
0.877	-8.149e-7	-1.022e-6	-1.005e-6	-1.223e-6	-8.027e-7	-1.010e-6	-8.064e-7	-1.020e-6
0.876	-8.069e-7	-1.009e-6	-9.918e-7	-1.209e-6	-7.942e-7	-1.001e-6	-7.995e-7	-1.009e-6
0.875	-7.979e-7	-9.994e-7	-9.830e-7	-1.210e-6	-7.867e-7	-9.904e-7	-7.906e-7	-9.988e-7
0.874	-7.923e-7	-9.904e-7	-9.729e-7	-1.201e-6	-7.810e-7	-9.817e-7	-7.841e-7	-9.897e-7
0.873	-7.833e-7	-9.800e-7	-9.633e-7	-1.185e-6	-7.723e-7	-9.708e-7	-7.758e-7	-9.807e-7
0.872	-7.771e-7	-9.707e-7	-9.557e-7	-1.179e-6	-7.671e-7	-9.644e-7	-7.708e-7	-9.725e-7
0.871	-7.703e-7	-9.643e-7	-9.476e-7	-1.155e-6	-7.608e-7	-9.557e-7	-7.640e-7	-9.640e-7
0.870	-7.651e-7	-9.575e-7	-9.409e-7	-1.156e-6	-7.566e-7	-9.494e-7	-7.606e-7	-9.574e-7
0.869	-7.605e-7	-9.495e-7	-9.330e-7	-1.140e-6	-7.485e-7	-9.412e-7	-7.522e-7	-9.507e-7
0.868	-7.529e-7	-9.424e-7	-9.275e-7	-1.138e-6	-7.455e-7	-9.342e-7	-7.475e-7	-9.447e-7
0.867	-7.483e-7	-9.344e-7	-9.206e-7	-1.133e-6	-7.392e-7	-9.287e-7	-7.425e-7	-9.372e-7
0.866	-7.448e-7	-9.299e-7	-9.178e-7	-1.127e-6	-7.356e-7	-9.256e-7	-7.400e-7	-9.328e-7
0.865	-7.393e-7	-9.249e-7	-9.104e-7	-1.124e-6	-7.310e-7	-9.170e-7	-7.345e-7	-9.260e-7
0.864	-7.363e-7	-9.172e-7	-9.048e-7	-1.107e-6	-7.265e-7	-9.129e-7	-7.290e-7	-9.203e-7
0.863	-7.312e-7	-9.130e-7	-9.000e-7	-1.095e-6	-7.236e-7	-9.084e-7	-7.265e-7	-9.174e-7
0.862	-7.278e-7	-9.080e-7	-8.958e-7	-1.099e-6	-7.214e-7	-9.039e-7	-7.232e-7	-9.112e-7
0.861	-7.231e-7	-9.033e-7	-8.888e-7	-1.088e-6	-7.173e-7	-8.986e-7	-7.199e-7	-9.069e-7
0.860	-7.204e-7	-8.995e-7	-8.883e-7	-1.084e-6	-7.144e-7	-8.951e-7	-7.170e-7	-9.025e-7
0.859	-7.179e-7	-8.945e-7	-8.839e-7	-1.079e-6	-7.113e-7	-8.910e-7	-7.158e-7	-8.996e-7
0.858	-7.167e-7	-8.915e-7	-8.807e-7	-1.074e-6	-7.086e-7	-8.869e-7	-7.122e-7	-8.959e-7
0.857	-7.125e-7	-8.852e-7	-8.754e-7	-1.064e-6	-7.051e-7	-8.839e-7	-7.087e-7	-8.914e-7
0.856	-7.096e-7	-8.840e-7	-8.743e-7	-1.066e-6	-7.046e-7	-8.815e-7	-7.070e-7	-8.900e-7
0.855	-7.096e-7	-8.821e-7	-8.717e-7	-1.062e-6	-7.025e-7	-8.799e-7	-7.055e-7	-8.865e-7
0.854	-7.047e-7	-8.789e-7	-8.678e-7	-1.057e-6	-6.991e-7	-8.754e-7	-7.016e-7	-8.825e-7
0.853	-7.067e-7	-8.759e-7	-8.659e-7	-1.056e-6	-6.985e-7	-8.748e-7	-7.014e-7	-8.824e-7
0.852	-7.008e-7	-8.709e-7	-8.627e-7	-1.047e-6	-6.944e-7	-8.694e-7	-6.975e-7	-8.768e-7
0.851	-6.986e-7	-8.680e-7	-8.586e-7	-1.046e-6	-6.936e-7	-8.673e-7	-6.960e-7	-8.754e-7
0.850	-6.995e-7	-8.670e-7	-8.574e-7	-1.042e-6	-6.915e-7	-8.669e-7	-6.954e-7	-8.737e-7
0.849	-6.954e-7	-8.637e-7	-8.549e-7	-1.039e-6	-6.901e-7	-8.622e-7	-6.924e-7	-8.706e-7
0.848	-6.944e-7	-8.629e-7	-8.534e-7	-1.038e-6	-6.892e-7	-8.619e-7	-6.914e-7	-8.689e-7
0.847	-6.949e-7	-8.606e-7	-8.521e-7	-1.036e-6	-6.889e-7	-8.617e-7	-6.922e-7	-8.685e-7
0.846	-6.922e-7	-8.599e-7	-8.498e-7	-1.031e-6	-6.869e-7	-8.598e-7	-6.912e-7	-8.672e-7
0.845	-6.906e-7	-8.586e-7	-8.477e-7	-1.033e-6	-6.867e-7	-8.575e-7	-6.889e-7	-8.645e-7
0.844	-6.908e-7	-8.570e-7	-8.482e-7	-1.037e-6	-6.854e-7	-8.556e-7	-6.870e-7	-8.632e-7
0.843	-6.901e-7	-8.551e-7	-8.464e-7	-1.028e-6	-6.849e-7	-8.548e-7	-6.881e-7	-8.626e-7
0.842	-6.892e-7	-8.540e-7	-8.438e-7	-1.024e-6	-6.850e-7	-8.538e-7	-6.870e-7	-8.606e-7
0.841	-6.886e-7	-8.539e-7	-8.444e-7	-1.024e-6	-6.835e-7	-8.533e-7	-6.869e-7	-8.613e-7
0.840	-6.866e-7	-8.496e-7	-8.420e-7	-1.029e-6	-6.816e-7	-8.521e-7	-6.847e-7	-8.590e-7
0.839	-6.862e-7	-8.501e-7	-8.425e-7	-1.020e-6	-6.813e-7	-8.517e-7	-6.859e-7	-8.582e-7
0.838	-6.856e-7	-8.488e-7	-8.406e-7	-1.017e-6	-6.821e-7	-8.498e-7	-6.842e-7	-8.572e-7
0.837	-6.859e-7	-8.498e-7	-8.407e-7	-1.019e-6	-6.817e-7	-8.490e-7	-6.831e-7	-8.569e-7
0.836	-6.844e-7	-8.480e-7	-8.378e-7	-1.020e-6	-6.818e-7	-8.484e-7	-6.832e-7	-8.562e-7
0.835	-6.846e-7	-8.472e-7	-8.379e-7	-1.014e-6	-6.810e-7	-8.485e-7	-6.840e-7	-8.559e-7
0.834	-6.821e-7	-8.449e-7	-8.379e-7	-1.014e-6	-6.814e-7	-8.480e-7	-6.827e-7	-8.556e-7
0.833	-6.852e-7	-8.467e-7	-8.384e-7	-1.013e-6	-6.817e-7	-8.505e-7	-6.835e-7	-8.571e-7
0.832	-6.857e-7	-8.467e-7	-8.386e-7	-1.014e-6	-6.818e-7	-8.497e-7	-6.849e-7	-8.565e-7
0.831	-6.832e-7	-8.440e-7	-8.368e-7	-1.013e-6	-6.794e-7	-8.464e-7	-6.827e-7	-8.549e-7
0.830	-6.837e-7	-8.450e-7	-8.381e-7	-1.015e-6	-6.813e-7	-8.474e-7	-6.823e-7	-8.546e-7
0.829	-6.847e-7	-8.456e-7	-8.376e-7	-1.012e-6	-6.817e-7	-8.480e-7	-6.834e-7	-8.564e-7
0.828	-6.835e-7	-8.458e-7	-8.378e-7	-1.013e-6	-6.830e-7	-8.479e-7	-6.845e-7	-8.559e-7
0.827	-6.830e-7	-8.443e-7	-8.380e-7	-1.013e-6	-6.828e-7	-8.496e-7	-6.832e-7	-8.563e-7
0.826	-6.849e-7	-8.436e-7	-8.367e-7	-1.014e-6	-6.827e-7	-8.495e-7	-6.845e-7	-8.555e-7
0.825	-6.863e-7	-8.445e-7	-8.388e-7	-1.011e-6	-6.822e-7	-8.496e-7	-6.849e-7	-8.567e-7
0.824	-6.858e-7	-8.452e-7	-8.385e-7	-1.011e-6	-6.826e-7	-8.493e-7	-6.839e-7	-8.571e-7
0.823	-6.862e-7	-8.471e-7	-8.405e-7	-1.014e-6	-6.848e-7	-8.490e-7	-6.847e-7	-8.579e-7
0.822	-6.856e-7	-8.452e-7	-8.390e-7	-1.012e-6	-6.836e-7	-8.513e-7	-6.862e-7	-8.579e-7
0.821	-6.870e-7	-8.471e-7	-8.402e-7	-1.007e-6	-6.855e-7	-8.505e-7	-6.873e-7	-8.596e-7
0.820	-6.883e-7	-8.464e-7	-8.404e-7	-1.013e-6	-6.853e-7	-8.514e-7	-6.860e-7	-8.593e-7
0.819	-6.888e-7	-8.472e-7	-8.421e-7	-1.012e-6	-6.864e-7	-8.532e-7	-6.899e-7	-8.595e-7
0.818	-6.898e-7	-8.481e-7	-8.429e-7	-1.013e-6	-6.866e-7	-8.535e-7	-6.890e-7	-8.611e-7
0.817	-6.904e-7	-8.486e-7	-8.413e-7	-1.014e-6	-6.881e-7	-8.551e-7	-6.893e-7	-8.614e-7
0.816	-6.906e-7	-8.497e-7	-8.439e-7	-1.011e-6	-6.891e-7	-8.556e-7	-6.908e-7	-8.624e-7
0.815	-6.922e-7	-8.501e-7	-8.462e-7	-1.016e-6	-6.898e-7	-8.568e-7	-6.909e-7	-8.638e-7
0.814	-6.922e-7	-8.495e-7	-8.443e-7	-1.016e-6	-6.896e-7	-8.552e-7	-6.925e-7	-8.652e-7
0.813	-6.942e-7	-8.512e-7	-8.453e-7	-1.018e-6	-6.924e-7	-8.586e-7	-6.944e-7	-8.658e-7
0.812	-6.947e-7	-8.545e-7	-8.483e-7	-1.019e-6	-6.925e-7	-8.598e-7	-6.951e-7	-8.694e-7
0.811	-6.957e-7	-8.537e-7	-8.487e-7	-1.021e-6	-6.955e-7	-8.602e-7	-6.978e-7	-8.684e-7
0.810	-6.973e-7	-8.550e-7	-8.501e-7	-1.021e-6	-6.958e-7	-8.628e-7	-6.958e-7	-8.689e-7
0.809	-6.995e-7	-8.567e-7	-8.504e-7	-1.022e-6	-6.971e-7	-8.633e-7	-6.989e-7	-8.714e-7
0.808	-7.013e-7	-8.576e-7	-8.532e-7	-1.022e-6	-6.994e-7	-8.671e-7	-7.006e-7	-8.738e-7
0.807	-7.005e-7	-8.604e-7	-8.543e-7	-1.024e-6	-7.012e-7	-8.671e-7	-7.019e-7	-8.746e-7
0.806	-7.016e-7	-8.607e-7	-8.549e-7	-1.025e-6	-7.014e-7	-8.676e-7	-7.024e-7	-8.760e-7
0.805	-7.023e-7	-8.621e-7	-8.557e-7	-1.028e-6	-7.032e-7	-8.700e-7	-7.037e-7	-8.777e-7
0.804	-7.048e-7	-8.637e-7	-8.587e-7	-1.028e-6	-7.054e-7	-8.722e-7	-7.061e-7	-8.782e-7
0.803	-7.056e-7	-8.645e-7	-8.598e-7	-1.032e-6	-7.058e-7	-8.745e-7	-7.083e-7	-8.806e-7
0.802	-7.075e-7	-8.677e-7	-8.617e-7	-1.032e-6	-7.086e-7	-8.758e-7	-7.101e-7	-8.822e-7
0.801	-7.094e-7	-8.681e-7	-8.640e-7	-1.034e-6	-7.073e-7	-8.777e-7	-7.101e-7	-8.834e-7
0.800	-7.100e-7	-8.691e-7	-8.654e-7	-1.036e-6	-7.108e-7	-8.788e-7	-7.127e-7	-8.858e-7
0.799	-7.117e-7	-8.718e-7	-8.672e-7	-1.037e-6	-7.113e-7	-8.797e-7	-7.136e-7	-8.886e-7
0.798	-7.151e-7	-8.733e-7	-8.685e-7	-1.039e-6	-7.145e-7	-8.836e-7	-7.159e-7	-8.904e-7
0.797	-7.171e-7	-8.741e-7	-8.714e-7	-1.043e-6	-7.166e-7	-8.856e-7	-7.176e-7	-8.921e-7
0.796	-7.180e-7	-8.788e-7	-8.726e-7	-1.045e-6	-7.179e-7	-8.879e-7	-7.200e-7	-8.947e-7
0.795	-7.198e-7	-8.784e-7	-8.746e-7	-1.046e-6	-7.200e-7	-8.894e-7	-7.203e-7	-8.959e-7
0.794	-7.209e-7	-8.797e-7	-8.763e-7	-1.049e-6	-7.207e-7	-8.888e-7	-7.203e-7	-8.972e-7
0.793	-7.219e-7	-8.822e-7	-8.783e-7	-1.047e-6	-7.229e-7	-8.919e-7	-7.224e-7	-8.981e-7
0.792	-7.238e-7	-8.833e-7	-8.788e-7	-1.053e-6	-7.236e-7	-8.935e-7	-7.255e-7	-9.007e-7
0.791	-7.247e-7	-8.854e-7	-8.817e-7	-1.053e-6	-7.268e-7	-8.961e-7	-7.265e-7	-9.053e-7
0.790	-7.297e-7	-8.883e-7	-8.849e-7	-1.057e-6	-7.288e-7	-9.016e-7	-7.304e-7	-9.070e-7
0.789	-7.303e-7	-8.887e-7	-8.864e-7	-1.059e-6	-7.295e-7	-9.004e-7	-7.302e-7	-9.080e-7
0.788	-7.316e-7	-8.910e-7	-8.876e-7	-1.060e-6	-7.317e-7	-9.015e-7	-7.330e-7	-9.101e-7
0.787	-7.345e-7	-8.939e-7	-8.900e-7	-1.062e-6	-7.340e-7	-9.061e-7	-7.351e-7	-9.126e-7
0.786	-7.352e-7	-8.955e-7	-8.933e-7	-1.064e-6	-7.358e-7	-9.079e-7	-7.373e-7	-9.147e-7
0.785	-7.373e-7	-8.987e-7	-8.954e-7	-1.069e-6	-7.391e-7	-9.106e-7	-7.395e-7	-9.185e-7
0.784	-7.391e-7	-8.987e-7	-8.963e-7	-1.070e-6	-7.407e-7	-9.130e-7	-7.413e-7	-9.188e-7
0.783	-7.430e-7	-9.039e-7	-8.994e-7	-1.069e-6	-7.416e-7	-9.151e-7	-7.439e-7	-9.227e-7
0.782	-7.440e-7	-9.041e-7	-9.012e-7	-1.076e-6	-7.450e-7	-9.177e-7	-7.451e-7	-9.255e-7
0.781	-7.454e-7	-9.072e-7	-9.035e-7	-1.075e-6	-7.457e-7	-9.198e-7	-7.476e-7	-9.274e-7
0.780	-7.480e-7	-9.083e-7	-9.066e-7	-1.080e-6	-7.488e-7	-9.225e-7	-7.489e-7	-9.303e-7
0.779	-7.499e-7	-9.095e-7	-9.078e-7	-1.080e-6	-7.504e-7	-9.252e-7	-7.519e-7	-9.312e-7
0.778	-7.515e-7	-9.127e-7	-9.115e-7	-1.084e-6	-7.524e-7	-9.281e-7	-7.533e-7	-9.355e-7
0.777	-7.547e-7	-9.179e-7	-9.140e-7	-1.088e-6	-7.560e-7	-9.301e-7	-7.565e-7	-9.373e-7
0.776	-7.554e-7	-9.176e-7	-9.141e-7	-1.086e-6	-7.553e-7	-9.305e-7	-7.556e-7	-9.394e-7
0.775	-7.596e-7	-9.213e-7	-9.194e-7	-1.091e-6	-7.600e-7	-9.357e-7	-7.600e-7	-9.429e-7
0.774	-7.611e-7	-9.213e-7	-9.206e-7	-1.095e-6	-7.614e-7	-9.381e-7	-7.623e-7	-9.455e-7
0.773	-7.646e-7	-9.255e-7	-9.227e-7	-1.096e-6	-7.641e-7	-9.403e-7	-7.649e-7	-9.481e-7
0.772	-7.648e-7	-9.284e-7	-9.250e-7	-1.102e-6	-7.665e-7	-9.450e-7	-7.685e-7	-9.516e-7
0.771	-7.690e-7	-9.318e-7	-9.288e-7	-1.102e-6	-7.692e-7	-9.454e-7	-7.691e-7	-9.524e-7
0.770	-7.693e-7	-9.325e-7	-9.306e-7	-1.103e-6	-7.703e-7	-9.478e-7	-7.713e-7	-9.550e-7
0.769	-7.735e-7	-9.354e-7	-9.330e-7	-1.107e-6	-7.734e-7	-9.505e-7	-7.736e-7	-9.564e-7
0.768	-7.748e-7	-9.375e-7	-9.362e-7	-1.110e-6	-7.767e-7	-9.541e-7	-7.758e-7	-9.617e-7
0.767	-7.753e-7	-9.382e-7	-9.380e-7	-1.114e-6	-7.767e-7	-9.550e-7	-7.780e-7	-9.622e-7
0.766	-7.808e-7	-9.437e-7	-9.427e-7	-1.122e-6	-7.820e-7	-9.610e-7	-7.816e-7	-9.687e-7
0.765	-7.818e-7	-9.449e-7	-9.438e-7	-1.119e-6	-7.827e-7	-9.623e-7	-7.840e-7	-9.681e-7
0.764	-7.841e-7	-9.471e-7	-9.452e-7	-1.123e-6	-7.840e-7	-9.634e-7	-7.849e-7	-9.715e-7
0.763	-7.889e-7	-9.511e-7	-9.499e-7	-1.125e-6	-7.895e-7	-9.694e-7	-7.886e-7	-9.755e-7
0.762	-7.899e-7	-9.526e-7	-9.535e-7	-1.130e-6	-7.901e-7	-9.713e-7	-7.911e-7	-9.791e-7
0.761	-7.925e-7	-9.554e-7	-9.562e-7	-1.133e-6	-7.927e-7	-9.735e-7	-7.936e-7	-9.820e-7
0.760	-7.937e-7	-9.573e-7	-9.580e-7	-1.132e-6	-7.948e-7	-9.762e-7	-7.966e-7	-9.834e-7
0.759	-7.981e-7	-9.610e-7	-9.623e-7	-1.140e-6	-7.991e-7	-9.794e-7	-7.988e-7	-9.872e-7
0.758	-7.990e-7	-9.645e-7	-9.641e-7	-1.144e-6	-8.002e-7	-9.834e-7	-8.011e-7	-9.901e-7
0.757	-8.030e-7	-9.652e-7	-9.663e-7	-1.146e-6	-8.026e-7	-9.861e-7	-8.035e-7	-9.918e-7
0.756	-8.044e-7	-9.694e-7	-9.694e-7	-1.147e-6	-8.063e-7	-9.889e-7	-8.068e-7	-9.963e-7
0.755	-8.084e-7	-9.727e-7	-9.731e-7	-1.149e-6	-8.085e-7	-9.931e-7	-8.090e-7	-9.998e-7
0.754	-8.103e-7	-9.765e-7	-9.767e-7	-1.157e-6	-8.103e-7	-9.962e-7	-8.118e-7	-1.002e-6
0.753	-8.121e-7	-9.785e-7	-9.792e-7	-1.160e-6	-8.150e-7	-9.978e-7	-8.132e-7	-1.004e-6
0.752	-8.141e-7	-9.815e-7	-9.809e-7	-1.161e-6	-8.165e-7	-9.999e-7	-8.160e-7	-1.007e-6
0.751	-8.176e-7	-9.843e-7	-9.852e-7	-1.163e-6	-8.188e-7	-1.004e-6	-8.184e-7	-1.011e-6
0.750	-8.211e-7	-9.888e-7	-9.876e-7	-1.173e-6	-8.230e-7	-1.008e-6	-8.218e-7	-1.016e-6
0.749	-8.231e-7	-9.900e-7	-9.915e-7	-1.174e-6	-8.250e-7	-1.011e-6	-8.241e-7	-1.018e-6
0.748	-8.266e-7	-9.936e-7	-9.943e-7	-1.175e-6	-8.284e-7	-1.015e-6	-8.275e-7	-1.022e-6
0.747	-8.284e-7	-9.967e-7	-9.964e-7	-1.181e-6	-8.312e-7	-1.017e-6	-8.311e-7	-1.024e-6
0.746	-8.314e-7	-9.995e-7	-1.001e-6	-1.180e-6	-8.343e-7	-1.020e-6	-8.334e-7	-1.028e-6
0.745	-8.346e-7	-1.002e-6	-1.003e-6	-1.188e-6	-8.358e-7	-1.022e-6	-8.358e-7	-1.031e-6
0.744	-8.379e-7	-1.005e-6	-1.007e-6	-1.188e-6	-8.390e-7	-1.027e-6	-8.383e-7	-1.034e-6
0.743	-8.410e-7	-1.008e-6	-1.011e-6	-1.192e-6	-8.422e-7	-1.030e-6	-8.405e-7	-1.039e-6
0.742	-8.427e-7	-1.011e-6	-1.014e-6	-1.194e-6	-8.451e-7	-1.035e-6	-8.444e-7	-1.041e-6
0.741	-8.445e-7	-1.014e-6	-1.016e-6	-1.196e-6	-8.468e-7	-1.036e-6	-8.447e-7	-1.043e-6
0.740	-8.478e-7	-1.018e-6	-1.019e-6	-1.203e-6	-8.510e-7	-1.038e-6	-8.490e-7	-1.047e-6
0.739	-8.506e-7	-1.021e-6	-1.022e-6	-1.203e-6	-8.523e-7	-1.043e-6	-8.517e-7	-1.050e-6
0.738	-8.535e-7	-1.023e-6	-1.025e-6	-1.207e-6	-8.553e-7	-1.045e-6	-8.540e-7	-1.052e-6
0.737	-8.547e-7	-1.024e-6	-1.028e-6	-1.210e-6	-8.565e-7	-1.047e-6	-8.559e-7	-1.055e-6
0.736	-8.578e-7	-1.028e-6	-1.030e-6	-1.212e-6	-8.597e-7	-1.051e-6	-8.598e-7	-1.058e-6
0.735	-8.596e-7	-1.030e-6	-1.033e-6	-1.215e-6	-8.614e-7	-1.054e-6	-8.622e-7	-1.061e-6
0.734	-8.622e-7	-1.032e-6	-1.035e-6	-1.218e-6	-8.641e-7	-1.054e-6	-8.645e-7	-1.064e-6
0.733	-8.655e-7	-1.035e-6	-1.038e-6	-1.222e-6	-8.658e-7	-1.058e-6	-8.660e-7	-1.066e-6
0.732	-8.692e-7	-1.040e-6	-1.042e-6	-1.227e-6	-8.705e-7	-1.064e-6	-8.691e-7	-1.072e-6
0.731	-8.697e-7	-1.041e-6	-1.046e-6	-1.227e-6	-8.728e-7	-1.064e-6	-8.724e-7	-1.073e-6
0.730	-8.740e-7	-1.045e-6	-1.048e-6	-1.235e-6	-8.757e-7	-1.068e-6	-8.747e-7	-1.076e-6
0.729	-8.765e-7	-1.048e-6	-1.051e-6	-1.235e-6	-8.791e-7	-1.072e-6	-8.779e-7	-1.080e-6
0.728	-8.792e-7	-1.050e-6	-1.055e-6	-1.240e-6	-8.801e-7	-1.075e-6	-8.791e-7	-1.082e-6
0.727	-8.832e-7	-1.052e-6	-1.056e-6	-1.238e-6	-8.839e-7	-1.078e-6	-8.828e-7	-1.085e-6
0.726	-8.846e-7	-1.055e-6	-1.062e-6	-1.245e-6	-8.860e-7	-1.082e-6	-8.852e-7	-1.087e-6
0.725	-8.869e-7	-1.058e-6	-1.062e-6	-1.245e-6	-8.877e-7	-1.083e-6	-8.859e-7	-1.090e-6
0.724	-8.894e-7	-1.060e-6	-1.066e-6	-1.250e-6	-8.896e-7	-1.087e-6	-8.892e-7	-1.094e-6
0.723	-8.929e-7	-1.064e-6	-1.069e-6	-1.253e-6	-8.935e-7	-1.091e-6	-8.928e-7	-1.098e-6
0.722	-8.943e-7	-1.066e-6	-1.073e-6	-1.258e-6	-8.959e-7	-1.093e-6	-8.942e-7	-1.100e-6
0.721	-8.993e-7	-1.070e-6	-1.075e-6	-1.262e-6	-8.986e-7	-1.097e-6	-8.992e-7	-1.105e-6
0.720	-9.015e-7	-1.074e-6	-1.079e-6	-1.264e-6	-9.024e-7	-1.100e-6	-9.007e-7	-1.108e-6
0.719	-9.043e-7	-1.078e-6	-1.083e-6	-1.267e-6	-9.064e-7	-1.103e-6	-9.057e-7	-1.110e-6
0.718	-9.085e-7	-1.081e-6	-1.087e-6	-1.271e-6	-9.088e-7	-1.107e-6	-9.078e-7	-1.116e-6
0.717	-9.111e-7	-1.085e-6	-1.092e-6	-1.276e-6	-9.120e-7	-1.113e-6	-9.100e-7	-1.120e-6
0.716	-9.121e-7	-1.087e-6	-1.094e-6	-1.278e-6	-9.150e-7	-1.114e-6	-9.122e-7	-1.121e-6
0.715	-9.175e-7	-1.090e-6	-1.098e-6	-1.284e-6	-9.183e-7	-1.118e-6	-9.159e-7	-1.125e-6
0.714	-9.214e-7	-1.094e-6	-1.102e-6	-1.286e-6	-9.220e-7	-1.122e-6	-9.189e-7	-1.130e-6
0.713	-9.223e-7	-1.098e-6	-1.103e-6	-1.289e-6	-9.239e-7	-1.124e-6	-9.211e-7	-1.131e-6
0.712	-9.262e-7	-1.100e-6	-1.107e-6	-1.291e-6	-9.256e-7	-1.126e-6	-9.245e-7	-1.134e-6
0.711	-9.299e-7	-1.105e-6	-1.111e-6	-1.297e-6	-9.296e-7	-1.131e-6	-9.275e-7	-1.138e-6
0.710	-9.313e-7	-1.106e-6	-1.113e-6	-1.299e-6	-9.308e-7	-1.134e-6	-9.291e-7	-1.141e-6
0.709	-9.366e-7	-1.110e-6	-1.117e-6	-1.304e-6	-9.364e-7	-1.138e-6	-9.341e-7	-1.146e-6
0.708	-9.400e-7	-1.113e-6	-1.120e-6	-1.309e-6	-9.382e-7	-1.142e-6	-9.371e-7	-1.150e-6
0.707	-9.418e-7	-1.118e-6	-1.123e-6	-1.312e-6	-9.430e-7	-1.145e-6	-9.400e-7	-1.152e-6
0.706	-9.457e-7	-1.120e-6	-1.128e-6	-1.314e-6	-9.459e-7	-1.149e-6	-9.420e-7	-1.156e-6
0.705	-9.487e-7	-1.123e-6	-1.131e-6	-1.318e-6	-9.493e-7	-1.152e-6	-9.467e-7	-1.159e-6
0.704	-9.523e-7	-1.128e-6	-1.134e-6	-1.322e-6	-9.527e-7	-1.156e-6	-9.490e-7	-1.163e-6
0.703	-9.565e-7	-1.131e-6	-1.139e-6	-1.329e-6	-9.550e-7	-1.161e-6	-9.524e-7	-1.168e-6
0.702	-9.595e-7	-1.136e-6	-1.142e-6	-1.329e-6	-9.590e-7	-1.162e-6	-9.555e-7	-1.171e-6
0.701	-9.619e-7	-1.137e-6	-1.146e-6	-1.333e-6	-9.617e-7	-1.165e-6	-9.595e-7	-1.175e-6
0.700	-9.646e-7	-1.141e-6	-1.149e-6	-1.338e-6	-9.639e-7	-1.170e-6	-9.611e-7	-1.177e-6
0.699	-9.689e-7	-1.147e-6	-1.155e-6	-1.343e-6	-9.701e-7	-1.174e-6	-9.664e-7	-1.183e-6
0.698	-9.719e-7	-1.147e-6	-1.156e-6	-1.345e-6	-9.693e-7	-1.176e-6	-9.670e-7	-1.183e-6
0.697	-9.763e-7	-1.153e-6	-1.161e-6	-1.350e-6	-9.748e-7	-1.182e-6	-9.713e-7	-1.188e-6
0.696	-9.786e-7	-1.155e-6	-1.164e-6	-1.352e-6	-9.778e-7	-1.185e-6	-9.735e-7	-1.192e-6
0.695	-9.811e-7	-1.158e-6	-1.169e-6	-1.358e-6	-9.809e-7	-1.190e-6	-9.778e-7	-1.196e-6
0.694	-9.873e-7	-1.163e-6	-1.173e-6	-1.362e-6	-9.840e-7	-1.194e-6	-9.813e-7	-1.200e-6
0.693	-9.910e-7	-1.168e-6	-1.177e-6	-1.367e-6	-9.890e-7	-1.199e-6	-9.857e-7	-1.205e-6
0.692	-9.934e-7	-1.173e-6	-1.180e-6	-1.371e-6	-9.929e-7	-1.203e-6	-9.897e-7	-1.208e-6
0.691	-9.954e-7	-1.175e-6	-1.183e-6	-1.374e-6	-9.945e-7	-1.204e-6	-9.903e-7	-1.211e-6
0.690	-1.001e-6	-1.179e-6	-1.188e-6	-1.376e-6	-9.995e-7	-1.209e-6	-9.941e-7	-1.215e-6
0.689	-1.004e-6	-1.184e-6	-1.193e-6	-1.383e-6	-1.004e-6	-1.212e-6	-9.983e-7	-1.220e-6
0.688	-1.006e-6	-1.186e-6	-1.194e-6	-1.383e-6	-1.006e-6	-1.217e-6	-1.001e-6	-1.223e-6
0.687	-1.012e-6	-1.189e-6	-1.202e-6	-1.390e-6	-1.009e-6	-1.222e-6	-1.004e-6	-1.226e-6
0.686	-1.016e-6	-1.196e-6	-1.205e-6	-1.396e-6	-1.014e-6	-1.226e-6	-1.010e-6	-1.233e-6
0.685	-1.017e-6	-1.197e-6	-1.207e-6	-1.397e-6	-1.015e-6	-1.227e-6	-1.011e-6	-1.233e-6
0.684	-1.021e-6	-1.201e-6	-1.211e-6	-1.399e-6	-1.019e-6	-1.231e-6	-1.014e-6	-1.238e-6
0.683	-1.026e-6	-1.206e-6	-1.215e-6	-1.405e-6	-1.023e-6	-1.235e-6	-1.018e-6	-1.242e-6
0.682	-1.030e-6	-1.210e-6	-1.220e-6	-1.412e-6	-1.028e-6	-1.241e-6	-1.024e-6	-1.246e-6
0.681	-1.031e-6	-1.212e-6	-1.222e-6	-1.412e-6	-1.030e-6	-1.241e-6	-1.023e-6	-1.250e-6
0.680	-1.036e-6	-1.217e-6	-1.225e-6	-1.415e-6	-1.031e-6	-1.246e-6	-1.027e-6	-1.252e-6
0.679	-1.039e-6	-1.219e-6	-1.230e-6	-1.420e-6	-1.037e-6	-1.250e-6	-1.029e-6	-1.255e-6
0.678	-1.042e-6	-1.223e-6	-1.233e-6	-1.423e-6	-1.039e-6	-1.253e-6	-1.033e-6	-1.258e-6
0.677	-1.046e-6	-1.227e-6	-1.236e-6	-1.429e-6	-1.043e-6	-1.257e-6	-1.037e-6	-1.263e-6
0.676	-1.048e-6	-1.228e-6	-1.238e-6	-1.431e-6	-1.044e-6	-1.259e-6	-1.039e-6	-1.263e-6
0.675	-1.053e-6	-1.232e-6	-1.244e-6	-1.435e-6	-1.048e-6	-1.265e-6	-1.042e-6	-1.270e-6
0.674	-1.054e-6	-1.236e-6	-1.248e-6	-1.436e-6	-1.050e-6	-1.266e-6	-1.044e-6	-1.271e-6
0.673	-1.058e-6	-1.238e-6	-1.249e-6	-1.441e-6	-1.054e-6	-1.270e-6	-1.048e-6	-1.274e-6
0.672	-1.062e-6	-1.243e-6	-1.253e-6	-1.444e-6	-1.057e-6	-1.272e-6	-1.051e-6	-1.279e-6
0.671	-1.063e-6	-1.243e-6	-1.254e-6	-1.446e-6	-1.058e-6	-1.275e-6	-1.053e-6	-1.280e-6
0.670	-1.067e-6	-1.247e-6	-1.259e-6	-1.450e-6	-1.064e-6	-1.279e-6	-1.056e-6	-1.285e-6
0.669	-1.069e-6	-1.251e-6	-1.263e-6	-1.453e-6	-1.066e-6	-1.282e-6	-1.059e-6	-1.289e-6
0.668	-1.073e-6	-1.254e-6	-1.266e-6	-1.455e-6	-1.070e-6	-1.285e-6	-1.061e-6	-1.291e-6
0.667	-1.077e-6	-1.258e-6	-1.270e-6	-1.460e-6	-1.072e-6	-1.287e-6	-1.065e-6	-1.294e-6
0.666	-1.081e-6	-1.264e-6	-1.276e-6	-1.464e-6	-1.077e-6	-1.295e-6	-1.070e-6	-1.300e-6
0.665	-1.081e-6	-1.262e-6	-1.275e-6	-1.465e-6	-1.076e-6	-1.295e-6	-1.070e-6	-1.298e-6
0.664	-1.088e-6	-1.269e-6	-1.281e-6	-1.472e-6	-1.082e-6	-1.300e-6	-1.075e-6	-1.305e-6
0.663	-1.091e-6	-1.272e-6	-1.284e-6	-1.475e-6	-1.086e-6	-1.304e-6	-1.079e-6	-1.307e-6
0.662	-1.093e-6	-1.274e-6	-1.288e-6	-1.479e-6	-1.088e-6	-1.307e-6	-1.080e-6	-1.311e-6
0.661	-1.096e-6	-1.278e-6	-1.290e-6	-1.480e-6	-1.091e-6	-1.309e-6	-1.082e-6	-1.315e-6
0.660	-1.099e-6	-1.280e-6	-1.294e-6	-1.484e-6	-1.093e-6	-1.312e-6	-1.086e-6	-1.317e-6
0.659	-1.103e-6	-1.283e-6	-1.299e-6	-1.489e-6	-1.098e-6	-1.316e-6	-1.088e-6	-1.320e-6
0.658	-1.105e-6	-1.287e-6	-1.301e-6	-1.491e-6	-1.101e-6	-1.318e-6	-1.092e-6	-1.323e-6
0.657	-1.109e-6	-1.290e-6	-1.304e-6	-1.492e-6	-1.103e-6	-1.322e-6	-1.095e-6	-1.326e-6
0.656	-1.111e-6	-1.294e-6	-1.309e-6	-1.500e-6	-1.108e-6	-1.325e-6	-1.099e-6	-1.331e-6
0.655	-1.115e-6	-1.297e-6	-1.310e-6	-1.502e-6	-1.110e-6	-1.328e-6	-1.102e-6	-1.333e-6
0.654	-1.119e-6	-1.300e-6	-1.315e-6	-1.506e-6	-1.112e-6	-1.332e-6	-1.105e-6	-1.336e-6
0.653	-1.121e-6	-1.304e-6	-1.319e-6	-1.509e-6	-1.116e-6	-1.335e-6	-1.107e-6	-1.339e-6
0.652	-1.123e-6	-1.307e-6	-1.321e-6	-1.511e-6	-1.119e-6	-1.336e-6	-1.108e-6	-1.342e-6
0.651	-1.128e-6	-1.311e-6	-1.325e-6	-1.516e-6	-1.122e-6	-1.342e-6	-1.111e-6	-1.346e-6
0.650	-1.129e-6	-1.313e-6	-1.329e-6	-1.518e-6	-1.124e-6	-1.344e-6	-1.115e-6	-1.348e-6
0.649	-1.133e-6	-1.318e-6	-1.333e-6	-1.522e-6	-1.128e-6	-1.348e-6	-1.118e-6	-1.351e-6
0.648	-1.135e-6	-1.319e-6	-1.334e-6	-1.525e-6	-1.130e-6	-1.350e-6	-1.120e-6	-1.354e-6
0.647	-1.140e-6	-1.324e-6	-1.338e-6	-1.529e-6	-1.133e-6	-1.354e-6	-1.123e-6	-1.359e-6
0.646	-1.142e-6	-1.326e-6	-1.341e-6	-1.530e-6	-1.135e-6	-1.356e-6	-1.126e-6	-1.359e-6
0.645	-1.145e-6	-1.327e-6	-1.343e-6	-1.533e-6	-1.139e-6	-1.359e-6	-1.127e-6	-1.363e-6
0.644	-1.147e-6	-1.330e-6	-1.348e-6	-1.538e-6	-1.141e-6	-1.360e-6	-1.132e-6	-1.364e-6
0.643	-1.151e-6	-1.335e-6	-1.351e-6	-1.538e-6	-1.144e-6	-1.365e-6	-1.135e-6	-1.368e-6
0.642	-1.153e-6	-1.338e-6	-1.355e-6	-1.543e-6	-1.148e-6	-1.369e-6	-1.137e-6	-1.371e-6
0.641	-1.156e-6	-1.339e-6	-1.357e-6	-1.546e-6	-1.149e-6	-1.370e-6	-1.139e-6	-1.374e-6
0.640	-1.159e-6	-1.341e-6	-1.358e-6	-1.550e-6	-1.150e-6	-1.373e-6	-1.142e-6	-1.376e-6
0.639	-1.163e-6	-1.346e-6	-1.363e-6	-1.553e-6	-1.156e-6	-1.377e-6	-1.145e-6	-1.380e-6
0.638	-1.166e-6	-1.349e-6	-1.367e-6	-1.557e-6	-1.157e-6	-1.377e-6	-1.146e-6	-1.382e-6
0.637	-1.169e-6	-1.351e-6	-1.370e-6	-1.559e-6	-1.159e-6	-1.383e-6	-1.149e-6	-1.386e-6
0.636	-1.171e-6	-1.353e-6	-1.373e-6	-1.563e-6	-1.164e-6	-1.385e-6	-1.152e-6	-1.389e-6
0.635	-1.174e-6	-1.357e-6	-1.376e-6	-1.565e-6	-1.165e-6	-1.387e-6	-1.154e-6	-1.390e-6
0.634	-1.177e-6	-1.362e-6	-1.379e-6	-1.570e-6	-1.170e-6	-1.391e-6	-1.159e-6	-1.394e-6
0.633	-1.181e-6	-1.363e-6	-1.383e-6	-1.571e-6	-1.171e-6	-1.393e-6	-1.160e-6	-1.396e-6
0.632	-1.184e-6	-1.367e-6	-1.388e-6	-1.576e-6	-1.176e-6	-1.398e-6	-1.164e-6	-1.402e-6
0.631	-1.185e-6	-1.369e-6	-1.389e-6	-1.578e-6	-1.177e-6	-1.400e-6	-1.167e-6	-1.402e-6
0.630	-1.189e-6	-1.373e-6	-1.393e-6	-1.582e-6	-1.181e-6	-1.402e-6	-1.169e-6	-1.406e-6
0.629	-1.192e-6	-1.376e-6	-1.396e-6	-1.583e-6	-1.183e-6	-1.404e-6	-1.170e-6	-1.407e-6
0.628	-1.196e-6	-1.378e-6	-1.400e-6	-1.587e-6	-1.186e-6	-1.407e-6	-1.174e-6	-1.409e-6
0.627	-1.199e-6	-1.384e-6	-1.405e-6	-1.593e-6	-1.190e-6	-1.412e-6	-1.178e-6	-1.416e-6
0.626	-1.199e-6	-1.383e-6	-1.405e-6	-1.594e-6	-1.190e-6	-1.413e-6	-1.179e-6	-1.416e-6
0.625	-1.203e-6	-1.388e-6	-1.410e-6	-1.600e-6	-1.195e-6	-1.418e-6	-1.182e-6	-1.421e-6
0.624	-1.207e-6	-1.391e-6	-1.413e-6	-1.602e-6	-1.198e-6	-1.419e-6	-1.186e-6	-1.423e-6
0.623	-1.207e-6	-1.393e-6	-1.416e-6	-1.605e-6	-1.199e-6	-1.421e-6	-1.186e-6	-1.425e-6
0.622	-1.213e-6	-1.395e-6	-1.420e-6	-1.608e-6	-1.202e-6	-1.426e-6	-1.190e-6	-1.428e-6
0.621	-1.215e-6	-1.399e-6	-1.421e-6	-1.611e-6	-1.204e-6	-1.427e-6	-1.193e-6	-1.429e-6
0.620	-1.217e-6	-1.402e-6	-1.426e-6	-1.616e-6	-1.208e-6	-1.431e-6	-1.195e-6	-1.433e-6
0.619	-1.222e-6	-1.406e-6	-1.431e-6	-1.620e-6	-1.212e-6	-1.436e-6	-1.199e-6	-1.437e-6
0.618	-1.224e-6	-1.409e-6	-1.433e-6	-1.623e-6	-1.215e-6	-1.436e-6	-1.201e-6	-1.439e-6
0.617	-1.226e-6	-1.410e-6	-1.437e-6	-1.625e-6	-1.218e-6	-1.439e-6	-1.204e-6	-1.441e-6
0.616	-1.230e-6	-1.414e-6	-1.439e-6	-1.629e-6	-1.219e-6	-1.442e-6	-1.208e-6	-1.444e-6
0.615	-1.231e-6	-1.416e-6	-1.442e-6	-1.630e-6	-1.221e-6	-1.445e-6	-1.209e-6	-1.446e-6
0.614	-1.233e-6	-1.418e-6	-1.445e-6	-1.634e-6	-1.223e-6	-1.446e-6	-1.211e-6	-1.448e-6
0.613	-1.236e-6	-1.420e-6	-1.448e-6	-1.635e-6	-1.225e-6	-1.448e-6	-1.213e-6	-1.451e-6
0.612	-1.239e-6	-1.423e-6	-1.452e-6	-1.638e-6	-1.229e-6	-1.450e-6	-1.216e-6	-1.452e-6
0.611	-1.242e-6	-1.426e-6	-1.455e-6	-1.641e-6	-1.231e-6	-1.453e-6	-1.219e-6	-1.456e-6
0.610	-1.245e-6	-1.429e-6	-1.458e-6	-1.645e-6	-1.234e-6	-1.457e-6	-1.222e-6	-1.459e-6
0.609	-1.247e-6	-1.429e-6	-1.459e-6	-1.646e-6	-1.236e-6	-1.457e-6	-1.222e-6	-1.459e-6
0.608	-1.249e-6	-1.433e-6	-1.465e-6	-1.650e-6	-1.238e-6	-1.461e-6	-1.226e-6	-1.463e-6
0.607	-1.252e-6	-1.437e-6	-1.468e-6	-1.653e-6	-1.241e-6	-1.464e-6	-1.230e-6	-1.467e-6
0.606	-1.255e-6	-1.440e-6	-1.470e-6	-1.654e-6	-1.243e-6	-1.465e-6	-1.230e-6	-1.469e-6
0.605	-1.257e-6	-1.440e-6	-1.472e-6	-1.658e-6	-1.245e-6	-1.467e-6	-1.232e-6	-1.469e-6
0.604	-1.258e-6	-1.443e-6	-1.475e-6	-1.660e-6	-1.248e-6	-1.470e-6	-1.235e-6	-1.471e-6
0.603	-1.261e-6	-1.444e-6	-1.478e-6	-1.662e-6	-1.247e-6	-1.472e-6	-1.235e-6	-1.473e-6
0.602	-1.264e-6	-1.448e-6	-1.481e-6	-1.665e-6	-1.253e-6	-1.475e-6	-1.241e-6	-1.476e-6
0.601	-1.264e-6	-1.448e-6	-1.482e-6	-1.667e-6	-1.254e-6	-1.474e-6	-1.239e-6	-1.477e-6
0.600	-1.267e-6	-1.451e-6	-1.486e-6	-1.671e-6	-1.257e-6	-1.477e-6	-1.243e-6	-1.480e-6
0.599	-1.269e-6	-1.454e-6	-1.490e-6	-1.672e-6	-1.259e-6	-1.481e-6	-1.245e-6	-1.482e-6
0.598	-1.272e-6	-1.455e-6	-1.493e-6	-1.675e-6	-1.261e-6	-1.483e-6	-1.249e-6	-1.483e-6
0.597	-1.276e-6	-1.460e-6	-1.496e-6	-1.679e-6	-1.264e-6	-1.484e-6	-1.251e-6	-1.486e-6
0.596	-1.277e-6	-1.462e-6	-1.498e-6	-1.681e-6	-1.266e-6	-1.488e-6	-1.252e-6	-1.490e-6
0.595	-1.279e-6	-1.463e-6	-1.501e-6	-1.683e-6	-1.267e-6	-1.490e-6	-1.255e-6	-1.489e-6
0.594	-1.281e-6	-1.466e-6	-1.504e-6	-1.686e-6	-1.268e-6	-1.492e-6	-1.256e-6	-1.493e-6
0.593	-1.284e-6	-1.468e-6	-1.506e-6	-1.687e-6	-1.271e-6	-1.494e-6	-1.260e-6	-1.495e-6
0.592	-1.286e-6	-1.469e-6	-1.509e-6	-1.690e-6	-1.274e-6	-1.496e-6	-1.260e-6	-1.497e-6
0.591	-1.289e-6	-1.471e-6	-1.511e-6	-1.692e-6	-1.275e-6	-1.497e-6	-1.263e-6	-1.498e-6
0.590	-1.290e-6	-1.474e-6	-1.516e-6	-1.695e-6	-1.279e-6	-1.499e-6	-1.264e-6	-1.501e-6
0.589	-1.291e-6	-1.473e-6	-1.516e-6	-1.694e-6	-1.278e-6	-1.498e-6	-1.265e-6	-1.500e-6
0.588	-1.293e-6	-1.475e-6	-1.518e-6	-1.697e-6	-1.280e-6	-1.500e-6	-1.266e-6	-1.503e-6
0.587	-1.297e-6	-1.480e-6	-1.524e-6	-1.700e-6	-1.284e-6	-1.505e-6	-1.271e-6	-1.506e-6
0.586	-1.298e-6	-1.482e-6	-1.525e-6	-1.701e-6	-1.285e-6	-1.506e-6	-1.273e-6	-1.506e-6
0.585	-1.301e-6	-1.483e-6	-1.527e-6	-1.705e-6	-1.287e-6	-1.509e-6	-1.275e-6	-1.508e-6
0.584	-1.302e-6	-1.485e-6	-1.530e-6	-1.707e-6	-1.288e-6	-1.509e-6	-1.277e-6	-1.510e-6
0.583	-1.305e-6	-1.488e-6	-1.534e-6	-1.710e-6	-1.291e-6	-1.512e-6	-1.279e-6	-1.513e-6
0.582	-1.305e-6	-1.488e-6	-1.535e-6	-1.711e-6	-1.293e-6	-1.511e-6	-1.281e-6	-1.515e-6
0.581	-1.307e-6	-1.490e-6	-1.536e-6	-1.714e-6	-1.295e-6	-1.514e-6	-1.283e-6	-1.515e-6
0.580	-1.311e-6	-1.494e-6	-1.540e-6	-1.715e-6	-1.296e-6	-1.515e-6	-1.285e-6	-1.517e-6
0.579	-1.311e-6	-1.493e-6	-1.542e-6	-1.717e-6	-1.298e-6	-1.517e-6	-1.287e-6	-1.517e-6
0.578	-1.313e-6	-1.496e-6	-1.544e-6	-1.720e-6	-1.300e-6	-1.518e-6	-1.289e-6	-1.520e-6
0.577	-1.316e-6	-1.498e-6	-1.547e-6	-1.724e-6	-1.302e-6	-1.521e-6	-1.291e-6	-1.522e-6
0.576	-1.320e-6	-1.503e-6	-1.552e-6	-1.726e-6	-1.305e-6	-1.523e-6	-1.295e-6	-1.525e-6
0.575	-1.321e-6	-1.503e-6	-1.552e-6	-1.728e-6	-1.306e-6	-1.525e-6	-1.295e-6	-1.526e-6
0.574	-1.324e-6	-1.507e-6	-1.557e-6	-1.733e-6	-1.311e-6	-1.530e-6	-1.299e-6	-1.529e-6
0.573	-1.324e-6	-1.507e-6	-1.559e-6	-1.734e-6	-1.311e-6	-1.529e-6	-1.300e-6	-1.531e-6
0.572	-1.326e-6	-1.509e-6	-1.562e-6	-1.733e-6	-1.313e-6	-1.530e-6	-1.301e-6	-1.532e-6
0.571	-1.328e-6	-1.512e-6	-1.566e-6	-1.737e-6	-1.317e-6	-1.534e-6	-1.305e-6	-1.535e-6
0.570	-1.330e-6	-1.513e-6	-1.567e-6	-1.740e-6	-1.316e-6	-1.534e-6	-1.306e-6	-1.535e-6
0.569	-1.334e-6	-1.515e-6	-1.571e-6	-1.743e-6	-1.320e-6	-1.538e-6	-1.309e-6	-1.539e-6
0.568	-1.335e-6	-1.517e-6	-1.572e-6	-1.746e-6	-1.320e-6	-1.537e-6	-1.311e-6	-1.539e-6
0.567	-1.337e-6	-1.520e-6	-1.576e-6	-1.747e-6	-1.324e-6	-1.540e-6	-1.314e-6	-1.543e-6
0.566	-1.337e-6	-1.519e-6	-1.578e-6	-1.749e-6	-1.323e-6	-1.540e-6	-1.314e-6	-1.542e-6
0.565	-1.339e-6	-1.522e-6	-1.581e-6	-1.749e-6	-1.326e-6	-1.543e-6	-1.316e-6	-1.546e-6
0.564	-1.340e-6	-1.523e-6	-1.582e-6	-1.752e-6	-1.327e-6	-1.544e-6	-1.317e-6	-1.545e-6
0.563	-1.342e-6	-1.524e-6	-1.582e-6	-1.753e-6	-1.328e-6	-1.546e-6	-1.318e-6	-1.547e-6
0.562	-1.343e-6	-1.524e-6	-1.584e-6	-1.754e-6	-1.330e-6	-1.543e-6	-1.321e-6	-1.548e-6
0.561	-1.344e-6	-1.527e-6	-1.589e-6	-1.759e-6	-1.333e-6	-1.547e-6	-1.323e-6	-1.550e-6
0.560	-1.345e-6	-1.526e-6	-1.590e-6	-1.757e-6	-1.331e-6	-1.547e-6	-1.322e-6	-1.549e-6
0.559	-1.346e-6	-1.525e-6	-1.590e-6	-1.759e-6	-1.331e-6	-1.546e-6	-1.322e-6	-1.548e-6
0.558	-1.348e-6	-1.528e-6	-1.593e-6	-1.760e-6	-1.333e-6	-1.548e-6	-1.324e-6	-1.549e-6
0.557	-1.347e-6	-1.527e-6	-1.592e-6	-1.760e-6	-1.333e-6	-1.548e-6	-1.325e-6	-1.549e-6
0.556	-1.348e-6	-1.529e-6	-1.594e-6	-1.762e-6	-1.336e-6	-1.550e-6	-1.326e-6	-1.550e-6
0.555	-1.348e-6	-1.529e-6	-1.596e-6	-1.762e-6	-1.336e-6	-1.549e-6	-1.327e-6	-1.551e-6
0.554	-1.349e-6	-1.529e-6	-1.598e-6	-1.764e-6	-1.337e-6	-1.549e-6	-1.326e-6	-1.553e-6
0.553	-1.351e-6	-1.530e-6	-1.599e-6	-1.764e-6	-1.337e-6	-1.551e-6	-1.329e-6	-1.552e-6
0.552	-1.349e-6	-1.530e-6	-1.600e-6	-1.764e-6	-1.337e-6	-1.550e-6	-1.329e-6	-1.551e-6
0.551	-1.352e-6	-1.530e-6	-1.603e-6	-1.764e-6	-1.338e-6	-1.551e-6	-1.330e-6	-1.552e-6
0.550	-1.350e-6	-1.529e-6	-1.601e-6	-1.765e-6	-1.338e-6	-1.548e-6	-1.329e-6	-1.550e-6
0.549	-1.353e-6	-1.530e-6	-1.604e-6	-1.766e-6	-1.337e-6	-1.549e-6	-1.330e-6	-1.551e-6
0.548	-1.352e-6	-1.531e-6	-1.605e-6	-1.767e-6	-1.339e-6	-1.550e-6	-1.331e-6	-1.552e-6
0.547	-1.353e-6	-1.531e-6	-1.606e-6	-1.767e-6	-1.340e-6	-1.551e-6	-1.332e-6	-1.552e-6
0.546	-1.355e-6	-1.532e-6	-1.608e-6	-1.769e-6	-1.341e-6	-1.550e-6	-1.334e-6	-1.552e-6
0.545	-1.355e-6	-1.531e-6	-1.610e-6	-1.769e-6	-1.342e-6	-1.551e-6	-1.335e-6	-1.552e-6
0.544	-1.355e-6	-1.531e-6	-1.611e-6	-1.770e-6	-1.343e-6	-1.553e-6	-1.336e-6	-1.554e-6
0.543	-1.355e-6	-1.532e-6	-1.613e-6	-1.770e-6	-1.342e-6	-1.551e-6	-1.336e-6	-1.552e-6
0.542	-1.354e-6	-1.533e-6	-1.615e-6	-1.771e-6	-1.345e-6	-1.551e-6	-1.337e-6	-1.553e-6
0.541	-1.357e-6	-1.534e-6	-1.615e-6	-1.773e-6	-1.345e-6	-1.552e-6	-1.338e-6	-1.552e-6
0.540	-1.359e-6	-1.534e-6	-1.617e-6	-1.774e-6	-1.347e-6	-1.554e-6	-1.340e-6	-1.555e-6
0.539	-1.358e-6	-1.533e-6	-1.618e-6	-1.773e-6	-1.347e-6	-1.555e-6	-1.340e-6	-1.555e-6
0.538	-1.360e-6	-1.535e-6	-1.622e-6	-1.778e-6	-1.348e-6	-1.555e-6	-1.342e-6	-1.556e-6
0.537	-1.361e-6	-1.537e-6	-1.624e-6	-1.778e-6	-1.350e-6	-1.556e-6	-1.344e-6	-1.557e-6
0.536	-1.362e-6	-1.537e-6	-1.626e-6	-1.778e-6	-1.350e-6	-1.557e-6	-1.345e-6	-1.558e-6
0.535	-1.363e-6	-1.539e-6	-1.629e-6	-1.779e-6	-1.353e-6	-1.558e-6	-1.346e-6	-1.559e-6
0.534	-1.364e-6	-1.537e-6	-1.629e-6	-1.782e-6	-1.353e-6	-1.558e-6	-1.347e-6	-1.559e-6
0.533	-1.363e-6	-1.539e-6	-1.630e-6	-1.781e-6	-1.353e-6	-1.558e-6	-1.348e-6	-1.558e-6
0.532	-1.364e-6	-1.539e-6	-1.633e-6	-1.784e-6	-1.355e-6	-1.558e-6	-1.349e-6	-1.559e-6
0.531	-1.366e-6	-1.539e-6	-1.634e-6	-1.784e-6	-1.354e-6	-1.560e-6	-1.351e-6	-1.561e-6
0.530	-1.365e-6	-1.538e-6	-1.635e-6	-1.783e-6	-1.355e-6	-1.560e-6	-1.351e-6	-1.560e-6
0.529	-1.366e-6	-1.540e-6	-1.638e-6	-1.787e-6	-1.358e-6	-1.561e-6	-1.353e-6	-1.563e-6
0.528	-1.365e-6	-1.539e-6	-1.637e-6	-1.786e-6	-1.358e-6	-1.561e-6	-1.352e-6	-1.561e-6
0.527	-1.367e-6	-1.539e-6	-1.639e-6	-1.788e-6	-1.356e-6	-1.561e-6	-1.353e-6	-1.561e-6
0.526	-1.366e-6	-1.539e-6	-1.639e-6	-1.789e-6	-1.358e-6	-1.562e-6	-1.354e-6	-1.562e-6
0.525	-1.368e-6	-1.539e-6	-1.642e-6	-1.788e-6	-1.359e-6	-1.561e-6	-1.354e-6	-1.563e-6
0.524	-1.368e-6	-1.540e-6	-1.644e-6	-1.791e-6	-1.361e-6	-1.563e-6	-1.357e-6	-1.564e-6
0.523	-1.368e-6	-1.540e-6	-1.644e-6	-1.791e-6	-1.361e-6	-1.564e-6	-1.358e-6	-1.563e-6
0.522	-1.369e-6	-1.540e-6	-1.647e-6	-1.793e-6	-1.362e-6	-1.563e-6	-1.358e-6	-1.564e-6
0.521	-1.368e-6	-1.540e-6	-1.647e-6	-1.793e-6	-1.363e-6	-1.563e-6	-1.360e-6	-1.565e-6
0.520	-1.368e-6	-1.540e-6	-1.647e-6	-1.792e-6	-1.363e-6	-1.563e-6	-1.360e-6	-1.564e-6
0.519	-1.368e-6	-1.538e-6	-1.649e-6	-1.793e-6	-1.364e-6	-1.563e-6	-1.363e-6	-1.564e-6
0.518	-1.369e-6	-1.539e-6	-1.651e-6	-1.794e-6	-1.364e-6	-1.565e-6	-1.363e-6	-1.565e-6
0.517	-1.370e-6	-1.539e-6	-1.653e-6	-1.796e-6	-1.364e-6	-1.566e-6	-1.364e-6	-1.566e-6
0.516	-1.372e-6	-1.539e-6	-1.654e-6	-1.797e-6	-1.366e-6	-1.565e-6	-1.364e-6	-1.567e-6
0.515	-1.370e-6	-1.539e-6	-1.655e-6	-1.796e-6	-1.366e-6	-1.565e-6	-1.366e-6	-1.566e-6
0.514	-1.371e-6	-1.540e-6	-1.656e-6	-1.799e-6	-1.368e-6	-1.566e-6	-1.368e-6	-1.568e-6
0.513	-1.371e-6	-1.539e-6	-1.658e-6	-1.799e-6	-1.370e-6	-1.566e-6	-1.369e-6	-1.567e-6
0.512	-1.371e-6	-1.538e-6	-1.660e-6	-1.800e-6	-1.369e-6	-1.567e-6	-1.369e-6	-1.569e-6
0.511	-1.372e-6	-1.538e-6	-1.661e-6	-1.800e-6	-1.370e-6	-1.566e-6	-1.370e-6	-1.569e-6
0.510	-1.371e-6	-1.534e-6	-1.660e-6	-1.797e-6	-1.368e-6	-1.563e-6	-1.368e-6	-1.568e-6
0.509	-1.373e-6	-1.536e-6	-1.662e-6	-1.800e-6	-1.370e-6	-1.565e-6	-1.370e-6	-1.567e-6
0.508	-1.372e-6	-1.536e-6	-1.663e-6	-1.801e-6	-1.371e-6	-1.566e-6	-1.372e-6	-1.568e-6
0.507	-1.373e-6	-1.535e-6	-1.664e-6	-1.801e-6	-1.372e-6	-1.565e-6	-1.372e-6	-1.568e-6
0.506	-1.372e-6	-1.535e-6	-1.665e-6	-1.800e-6	-1.372e-6	-1.566e-6	-1.374e-6	-1.569e-6
0.505	-1.371e-6	-1.534e-6	-1.666e-6	-1.801e-6	-1.372e-6	-1.566e-6	-1.374e-6	-1.569e-6
0.504	-1.373e-6	-1.534e-6	-1.667e-6	-1.800e-6	-1.373e-6	-1.564e-6	-1.374e-6	-1.568e-6
0.503	-1.372e-6	-1.533e-6	-1.668e-6	-1.800e-6	-1.373e-6	-1.565e-6	-1.375e-6	-1.568e-6
0.502	-1.372e-6	-1.533e-6	-1.668e-6	-1.800e-6	-1.372e-6	-1.563e-6	-1.374e-6	-1.568e-6
0.501	-1.371e-6	-1.532e-6	-1.667e-6	-1.799e-6	-1.372e-6	-1.562e-6	-1.374e-6	-1.567e-6
0.500	-1.371e-6	-1.530e-6	-1.669e-6	-1.800e-6	-1.372e-6	-1.562e-6	-1.375e-6	-1.567e-6
0.499	-1.371e-6	-1.530e-6	-1.669e-6	-1.799e-6	-1.372e-6	-1.561e-6	-1.376e-6	-1.566e-6
0.498	-1.370e-6	-1.529e-6	-1.670e-6	-1.799e-6	-1.373e-6	-1.562e-6	-1.376e-6	-1.566e-6
0.497	-1.371e-6	-1.528e-6	-1.672e-6	-1.801e-6	-1.374e-6	-1.560e-6	-1.375e-6	-1.567e-6
0.496	-1.369e-6	-1.526e-6	-1.671e-6	-1.797e-6	-1.370e-6	-1.559e-6	-1.375e-6	-1.564e-6
0.495	-1.370e-6	-1.527e-6	-1.672e-6	-1.799e-6	-1.373e-6	-1.560e-6	-1.377e-6	-1.565e-6
0.494	-1.370e-6	-1.526e-6	-1.673e-6	-1.799e-6	-1.373e-6	-1.559e-6	-1.377e-6	-1.565e-6
0.493	-1.370e-6	-1.525e-6	-1.674e-6	-1.800e-6	-1.374e-6	-1.559e-6	-1.378e-6	-1.565e-6
0.492	-1.368e-6	-1.524e-6	-1.673e-6	-1.797e-6	-1.372e-6	-1.556e-6	-1.377e-6	-1.563e-6
0.491	-1.369e-6	-1.523e-6	-1.675e-6	-1.800e-6	-1.373e-6	-1.559e-6	-1.377e-6	-1.563e-6
0.490	-1.368e-6	-1.523e-6	-1.674e-6	-1.799e-6	-1.373e-6	-1.558e-6	-1.379e-6	-1.564e-6
0.489	-1.367e-6	-1.522e-6	-1.675e-6	-1.796e-6	-1.374e-6	-1.557e-6	-1.378e-6	-1.563e-6
0.488	-1.368e-6	-1.519e-6	-1.676e-6	-1.798e-6	-1.373e-6	-1.555e-6	-1.377e-6	-1.562e-6
0.487	-1.366e-6	-1.518e-6	-1.676e-6	-1.797e-6	-1.374e-6	-1.555e-6	-1.378e-6	-1.561e-6
0.486	-1.368e-6	-1.520e-6	-1.678e-6	-1.798e-6	-1.373e-6	-1.555e-6	-1.379e-6	-1.563e-6
0.485	-1.367e-6	-1.518e-6	-1.679e-6	-1.796e-6	-1.374e-6	-1.556e-6	-1.379e-6	-1.561e-6
0.484	-1.366e-6	-1.518e-6	-1.678e-6	-1.798e-6	-1.373e-6	-1.554e-6	-1.380e-6	-1.561e-6
0.483	-1.366e-6	-1.517e-6	-1.679e-6	-1.797e-6	-1.374e-6	-1.554e-6	-1.382e-6	-1.559e-6
0.482	-1.365e-6	-1.515e-6	-1.679e-6	-1.796e-6	-1.372e-6	-1.550e-6	-1.378e-6	-1.559e-6
0.481	-1.365e-6	-1.514e-6	-1.679e-6	-1.796e-6	-1.373e-6	-1.552e-6	-1.380e-6	-1.558e-6
0.480	-1.362e-6	-1.512e-6	-1.677e-6	-1.793e-6	-1.372e-6	-1.547e-6	-1.378e-6	-1.556e-6
0.479	-1.363e-6	-1.513e-6	-1.679e-6	-1.795e-6	-1.373e-6	-1.548e-6	-1.380e-6	-1.556e-6
0.478	-1.364e-6	-1.510e-6	-1.679e-6	-1.793e-6	-1.373e-6	-1.550e-6	-1.379e-6	-1.556e-6
0.477	-1.363e-6	-1.510e-6	-1.680e-6	-1.792e-6	-1.371e-6	-1.548e-6	-1.380e-6	-1.556e-6
0.476	-1.361e-6	-1.507e-6	-1.678e-6	-1.792e-6	-1.370e-6	-1.545e-6	-1.379e-6	-1.552e-6
0.475	-1.361e-6	-1.507e-6	-1.681e-6	-1.791e-6	-1.370e-6	-1.544e-6	-1.379e-6	-1.552e-6
0.474	-1.360e-6	-1.506e-6	-1.681e-6	-1.791e-6	-1.371e-6	-1.544e-6	-1.379e-6	-1.552e-6
0.473	-1.359e-6	-1.504e-6	-1.680e-6	-1.790e-6	-1.370e-6	-1.542e-6	-1.378e-6	-1.551e-6
0.472	-1.359e-6	-1.503e-6	-1.683e-6	-1.790e-6	-1.372e-6	-1.543e-6	-1.378e-6	-1.550e-6
0.471	-1.357e-6	-1.500e-6	-1.680e-6	-1.787e-6	-1.368e-6	-1.541e-6	-1.377e-6	-1.548e-6
0.470	-1.357e-6	-1.500e-6	-1.679e-6	-1.786e-6	-1.369e-6	-1.537e-6	-1.377e-6	-1.548e-6
0.469	-1.357e-6	-1.498e-6	-1.679e-6	-1.787e-6	-1.368e-6	-1.538e-6	-1.377e-6	-1.548e-6
0.468	-1.358e-6	-1.499e-6	-1.681e-6	-1.786e-6	-1.370e-6	-1.539e-6	-1.379e-6	-1.549e-6
0.467	-1.356e-6	-1.495e-6	-1.680e-6	-1.784e-6	-1.366e-6	-1.536e-6	-1.377e-6	-1.544e-6
0.466	-1.355e-6	-1.495e-6	-1.679e-6	-1.784e-6	-1.365e-6	-1.535e-6	-1.376e-6	-1.542e-6
0.465	-1.354e-6	-1.494e-6	-1.680e-6	-1.783e-6	-1.367e-6	-1.534e-6	-1.377e-6	-1.543e-6
0.464	-1.352e-6	-1.491e-6	-1.677e-6	-1.782e-6	-1.364e-6	-1.532e-6	-1.376e-6	-1.540e-6
0.463	-1.352e-6	-1.490e-6	-1.679e-6	-1.778e-6	-1.363e-6	-1.530e-6	-1.374e-6	-1.540e-6
0.462	-1.352e-6	-1.488e-6	-1.679e-6	-1.779e-6	-1.367e-6	-1.530e-6	-1.377e-6	-1.540e-6
0.461	-1.350e-6	-1.487e-6	-1.678e-6	-1.778e-6	-1.364e-6	-1.527e-6	-1.375e-6	-1.536e-6
0.460	-1.349e-6	-1.485e-6	-1.678e-6	-1.776e-6	-1.362e-6	-1.527e-6	-1.374e-6	-1.537e-6
0.459	-1.349e-6	-1.485e-6	-1.680e-6	-1.778e-6	-1.364e-6	-1.526e-6	-1.375e-6	-1.537e-6
0.458	-1.350e-6	-1.486e-6	-1.680e-6	-1.777e-6	-1.364e-6	-1.528e-6	-1.378e-6	-1.538e-6
0.457	-1.350e-6	-1.484e-6	-1.681e-6	-1.778e-6	-1.365e-6	-1.527e-6	-1.377e-6	-1.537e-6
0.456	-1.349e-6	-1.482e-6	-1.680e-6	-1.775e-6	-1.363e-6	-1.525e-6	-1.375e-6	-1.536e-6
0.455	-1.348e-6	-1.482e-6	-1.682e-6	-1.774e-6	-1.363e-6	-1.524e-6	-1.376e-6	-1.535e-6
0.454	-1.346e-6	-1.478e-6	-1.680e-6	-1.774e-6	-1.362e-6	-1.522e-6	-1.374e-6	-1.532e-6
0.453	-1.345e-6	-1.477e-6	-1.680e-6	-1.772e-6	-1.360e-6	-1.521e-6	-1.374e-6	-1.530e-6
0.452	-1.345e-6	-1.478e-6	-1.680e-6	-1.772e-6	-1.362e-6	-1.520e-6	-1.375e-6	-1.532e-6
0.451	-1.345e-6	-1.475e-6	-1.679e-6	-1.770e-6	-1.360e-6	-1.518e-6	-1.375e-6	-1.530e-6
0.450	-1.342e-6	-1.474e-6	-1.680e-6	-1.770e-6	-1.361e-6	-1.517e-6	-1.374e-6	-1.529e-6
0.449	-1.343e-6	-1.474e-6	-1.681e-6	-1.768e-6	-1.360e-6	-1.517e-6	-1.376e-6	-1.530e-6
0.448	-1.343e-6	-1.473e-6	-1.681e-6	-1.768e-6	-1.361e-6	-1.519e-6	-1.376e-6	-1.530e-6
0.447	-1.341e-6	-1.469e-6	-1.677e-6	-1.766e-6	-1.359e-6	-1.514e-6	-1.373e-6	-1.526e-6
0.446	-1.341e-6	-1.470e-6	-1.679e-6	-1.766e-6	-1.359e-6	-1.514e-6	-1.375e-6	-1.526e-6
0.445	-1.339e-6	-1.465e-6	-1.676e-6	-1.764e-6	-1.356e-6	-1.511e-6	-1.373e-6	-1.523e-6
0.444	-1.338e-6	-1.465e-6	-1.677e-6	-1.764e-6	-1.358e-6	-1.510e-6	-1.372e-6	-1.523e-6
0.443	-1.339e-6	-1.464e-6	-1.679e-6	-1.764e-6	-1.357e-6	-1.511e-6	-1.372e-6	-1.524e-6
0.442	-1.338e-6	-1.464e-6	-1.677e-6	-1.763e-6	-1.356e-6	-1.511e-6	-1.373e-6	-1.521e-6
0.441	-1.338e-6	-1.463e-6	-1.679e-6	-1.762e-6	-1.357e-6	-1.509e-6	-1.372e-6	-1.522e-6
0.440	-1.335e-6	-1.461e-6	-1.677e-6	-1.760e-6	-1.356e-6	-1.507e-6	-1.371e-6	-1.519e-6
0.439	-1.336e-6	-1.461e-6	-1.676e-6	-1.759e-6	-1.356e-6	-1.507e-6	-1.372e-6	-1.521e-6
0.438	-1.333e-6	-1.458e-6	-1.676e-6	-1.757e-6	-1.354e-6	-1.505e-6	-1.371e-6	-1.518e-6
0.437	-1.332e-6	-1.455e-6	-1.675e-6	-1.755e-6	-1.353e-6	-1.502e-6	-1.370e-6	-1.515e-6
0.436	-1.332e-6	-1.455e-6	-1.675e-6	-1.755e-6	-1.353e-6	-1.502e-6	-1.368e-6	-1.516e-6
0.435	-1.331e-6	-1.453e-6	-1.675e-6	-1.754e-6	-1.352e-6	-1.499e-6	-1.369e-6	-1.515e-6
0.434	-1.331e-6	-1.453e-6	-1.675e-6	-1.754e-6	-1.353e-6	-1.501e-6	-1.369e-6	-1.515e-6
0.433	-1.330e-6	-1.452e-6	-1.675e-6	-1.755e-6	-1.351e-6	-1.499e-6	-1.370e-6	-1.514e-6
0.432	-1.330e-6	-1.450e-6	-1.675e-6	-1.752e-6	-1.350e-6	-1.498e-6	-1.369e-6	-1.512e-6
0.431	-1.328e-6	-1.448e-6	-1.674e-6	-1.752e-6	-1.350e-6	-1.495e-6	-1.368e-6	-1.511e-6
0.430	-1.327e-6	-1.449e-6	-1.675e-6	-1.751e-6	-1.350e-6	-1.497e-6	-1.369e-6	-1.511e-6
0.429	-1.327e-6	-1.445e-6	-1.674e-6	-1.749e-6	-1.349e-6	-1.494e-6	-1.369e-6	-1.510e-6
0.428	-1.325e-6	-1.444e-6	-1.673e-6	-1.749e-6	-1.348e-6	-1.492e-6	-1.367e-6	-1.508e-6
0.427	-1.327e-6	-1.445e-6	-1.675e-6	-1.750e-6	-1.350e-6	-1.494e-6	-1.369e-6	-1.511e-6
0.426	-1.324e-6	-1.443e-6	-1.672e-6	-1.746e-6	-1.348e-6	-1.491e-6	-1.368e-6	-1.507e-6
0.425	-1.325e-6	-1.441e-6	-1.671e-6	-1.746e-6	-1.348e-6	-1.490e-6	-1.367e-6	-1.506e-6
0.424	-1.322e-6	-1.438e-6	-1.670e-6	-1.745e-6	-1.345e-6	-1.488e-6	-1.365e-6	-1.504e-6
0.423	-1.322e-6	-1.440e-6	-1.673e-6	-1.745e-6	-1.346e-6	-1.489e-6	-1.368e-6	-1.506e-6
0.422	-1.323e-6	-1.440e-6	-1.673e-6	-1.747e-6	-1.346e-6	-1.489e-6	-1.369e-6	-1.505e-6
0.421	-1.321e-6	-1.436e-6	-1.673e-6	-1.741e-6	-1.346e-6	-1.486e-6	-1.367e-6	-1.503e-6
0.420	-1.321e-6	-1.436e-6	-1.671e-6	-1.743e-6	-1.344e-6	-1.485e-6	-1.366e-6	-1.503e-6
0.419	-1.322e-6	-1.437e-6	-1.672e-6	-1.742e-6	-1.345e-6	-1.487e-6	-1.367e-6	-1.503e-6
0.418	-1.320e-6	-1.434e-6	-1.671e-6	-1.741e-6	-1.343e-6	-1.484e-6	-1.364e-6	-1.501e-6
0.417	-1.320e-6	-1.432e-6	-1.671e-6	-1.738e-6	-1.344e-6	-1.483e-6	-1.365e-6	-1.501e-6
0.416	-1.318e-6	-1.432e-6	-1.672e-6	-1.737e-6	-1.343e-6	-1.480e-6	-1.365e-6	-1.499e-6
0.415	-1.318e-6	-1.429e-6	-1.669e-6	-1.736e-6	-1.341e-6	-1.479e-6	-1.364e-6	-1.496e-6
0.414	-1.317e-6	-1.430e-6	-1.671e-6	-1.735e-6	-1.341e-6	-1.479e-6	-1.363e-6	-1.497e-6
0.413	-1.318e-6	-1.431e-6	-1.672e-6	-1.738e-6	-1.342e-6	-1.480e-6	-1.366e-6	-1.498e-6
0.412	-1.316e-6	-1.428e-6	-1.670e-6	-1.734e-6	-1.342e-6	-1.478e-6	-1.364e-6	-1.499e-6
0.411	-1.317e-6	-1.428e-6	-1.672e-6	-1.737e-6	-1.342e-6	-1.480e-6	-1.365e-6	-1.498e-6
0.410	-1.316e-6	-1.426e-6	-1.670e-6	-1.732e-6	-1.341e-6	-1.476e-6	-1.365e-6	-1.497e-6
0.409	-1.313e-6	-1.421e-6	-1.668e-6	-1.729e-6	-1.338e-6	-1.474e-6	-1.361e-6	-1.493e-6
0.408	-1.314e-6	-1.422e-6	-1.669e-6	-1.732e-6	-1.339e-6	-1.474e-6	-1.362e-6	-1.494e-6
0.407	-1.315e-6	-1.424e-6	-1.670e-6	-1.731e-6	-1.341e-6	-1.475e-6	-1.364e-6	-1.494e-6
0.406	-1.314e-6	-1.423e-6	-1.668e-6	-1.732e-6	-1.339e-6	-1.473e-6	-1.364e-6	-1.493e-6
0.405	-1.313e-6	-1.421e-6	-1.668e-6	-1.730e-6	-1.339e-6	-1.473e-6	-1.362e-6	-1.493e-6
0.404	-1.313e-6	-1.420e-6	-1.668e-6	-1.728e-6	-1.338e-6	-1.470e-6	-1.363e-6	-1.491e-6
0.403	-1.312e-6	-1.420e-6	-1.668e-6	-1.727e-6	-1.338e-6	-1.471e-6	-1.362e-6	-1.491e-6
0.402	-1.311e-6	-1.418e-6	-1.668e-6	-1.727e-6	-1.338e-6	-1.469e-6	-1.362e-6	-1.490e-6
0.401	-1.310e-6	-1.418e-6	-1.666e-6	-1.726e-6	-1.336e-6	-1.468e-6	-1.361e-6	-1.488e-6
0.400	-1.310e-6	-1.415e-6	-1.667e-6	-1.724e-6	-1.336e-6	-1.468e-6	-1.360e-6	-1.489e-6
0.399	-1.310e-6	-1.415e-6	-1.665e-6	-1.723e-6	-1.336e-6	-1.467e-6	-1.358e-6	-1.486e-6
0.398	-1.307e-6	-1.413e-6	-1.663e-6	-1.721e-6	-1.331e-6	-1.463e-6	-1.359e-6	-1.485e-6
0.397	-1.306e-6	-1.412e-6	-1.665e-6	-1.722e-6	-1.334e-6	-1.466e-6	-1.358e-6	-1.485e-6
0.396	-1.305e-6	-1.412e-6	-1.665e-6	-1.721e-6	-1.333e-6	-1.463e-6	-1.359e-6	-1.483e-6
0.395	-1.306e-6	-1.410e-6	-1.665e-6	-1.720e-6	-1.334e-6	-1.461e-6	-1.358e-6	-1.483e-6
0.394	-1.303e-6	-1.407e-6	-1.662e-6	-1.716e-6	-1.332e-6	-1.459e-6	-1.356e-6	-1.482e-6
0.393	-1.306e-6	-1.410e-6	-1.664e-6	-1.719e-6	-1.334e-6	-1.460e-6	-1.358e-6	-1.482e-6
0.392	-1.303e-6	-1.406e-6	-1.663e-6	-1.717e-6	-1.332e-6	-1.459e-6	-1.357e-6	-1.483e-6
0.391	-1.300e-6	-1.404e-6	-1.660e-6	-1.713e-6	-1.328e-6	-1.455e-6	-1.353e-6	-1.477e-6
0.390	-1.302e-6	-1.403e-6	-1.659e-6	-1.713e-6	-1.330e-6	-1.456e-6	-1.355e-6	-1.478e-6
0.389	-1.300e-6	-1.402e-6	-1.660e-6	-1.713e-6	-1.328e-6	-1.452e-6	-1.354e-6	-1.476e-6
0.388	-1.298e-6	-1.400e-6	-1.659e-6	-1.711e-6	-1.326e-6	-1.452e-6	-1.353e-6	-1.474e-6
0.387	-1.300e-6	-1.401e-6	-1.660e-6	-1.710e-6	-1.328e-6	-1.453e-6	-1.354e-6	-1.476e-6
0.386	-1.296e-6	-1.396e-6	-1.655e-6	-1.706e-6	-1.324e-6	-1.448e-6	-1.349e-6	-1.471e-6
0.385	-1.298e-6	-1.400e-6	-1.658e-6	-1.708e-6	-1.327e-6	-1.450e-6	-1.352e-6	-1.474e-6
0.384	-1.297e-6	-1.397e-6	-1.658e-6	-1.708e-6	-1.326e-6	-1.450e-6	-1.353e-6	-1.472e-6
0.383	-1.294e-6	-1.395e-6	-1.654e-6	-1.704e-6	-1.323e-6	-1.446e-6	-1.349e-6	-1.469e-6
0.382	-1.295e-6	-1.393e-6	-1.654e-6	-1.702e-6	-1.322e-6	-1.444e-6	-1.349e-6	-1.469e-6
0.381	-1.294e-6	-1.392e-6	-1.652e-6	-1.702e-6	-1.321e-6	-1.443e-6	-1.348e-6	-1.467e-6
0.380	-1.293e-6	-1.393e-6	-1.654e-6	-1.702e-6	-1.321e-6	-1.443e-6	-1.348e-6	-1.468e-6
0.379	-1.293e-6	-1.392e-6	-1.655e-6	-1.701e-6	-1.322e-6	-1.443e-6	-1.347e-6	-1.466e-6
0.378	-1.291e-6	-1.388e-6	-1.652e-6	-1.698e-6	-1.319e-6	-1.441e-6	-1.346e-6	-1.466e-6
0.377	-1.290e-6	-1.388e-6	-1.651e-6	-1.697e-6	-1.319e-6	-1.440e-6	-1.346e-6	-1.462e-6
0.376	-1.289e-6	-1.386e-6	-1.650e-6	-1.696e-6	-1.317e-6	-1.439e-6	-1.345e-6	-1.463e-6
0.375	-1.287e-6	-1.384e-6	-1.648e-6	-1.694e-6	-1.316e-6	-1.436e-6	-1.343e-6	-1.460e-6
0.374	-1.287e-6	-1.384e-6	-1.649e-6	-1.694e-6	-1.316e-6	-1.436e-6	-1.343e-6	-1.459e-6
0.373	-1.286e-6	-1.382e-6	-1.647e-6	-1.691e-6	-1.316e-6	-1.435e-6	-1.341e-6	-1.459e-6
0.372	-1.286e-6	-1.382e-6	-1.648e-6	-1.691e-6	-1.315e-6	-1.433e-6	-1.341e-6	-1.459e-6
0.371	-1.284e-6	-1.380e-6	-1.645e-6	-1.687e-6	-1.313e-6	-1.431e-6	-1.339e-6	-1.455e-6
0.370	-1.283e-6	-1.380e-6	-1.645e-6	-1.688e-6	-1.313e-6	-1.431e-6	-1.339e-6	-1.456e-6
0.369	-1.281e-6	-1.378e-6	-1.643e-6	-1.687e-6	-1.311e-6	-1.428e-6	-1.337e-6	-1.454e-6
0.368	-1.281e-6	-1.376e-6	-1.642e-6	-1.685e-6	-1.311e-6	-1.428e-6	-1.336e-6	-1.452e-6
0.367	-1.280e-6	-1.374e-6	-1.641e-6	-1.684e-6	-1.310e-6	-1.427e-6	-1.336e-6	-1.451e-6
0.366	-1.282e-6	-1.377e-6	-1.644e-6	-1.687e-6	-1.312e-6	-1.428e-6	-1.338e-6	-1.453e-6
0.365	-1.278e-6	-1.371e-6	-1.640e-6	-1.680e-6	-1.308e-6	-1.425e-6	-1.334e-6	-1.449e-6
0.364	-1.277e-6	-1.372e-6	-1.639e-6	-1.679e-6	-1.307e-6	-1.423e-6	-1.335e-6	-1.448e-6
0.363	-1.277e-6	-1.370e-6	-1.639e-6	-1.680e-6	-1.306e-6	-1.423e-6	-1.334e-6	-1.447e-6
0.362	-1.274e-6	-1.369e-6	-1.637e-6	-1.677e-6	-1.307e-6	-1.421e-6	-1.332e-6	-1.445e-6
0.361	-1.274e-6	-1.366e-6	-1.635e-6	-1.676e-6	-1.304e-6	-1.417e-6	-1.330e-6	-1.443e-6
0.360	-1.271e-6	-1.364e-6	-1.634e-6	-1.674e-6	-1.301e-6	-1.416e-6	-1.328e-6	-1.443e-6
0.359	-1.272e-6	-1.365e-6	-1.636e-6	-1.674e-6	-1.303e-6	-1.417e-6	-1.328e-6	-1.443e-6
0.358	-1.270e-6	-1.363e-6	-1.634e-6	-1.672e-6	-1.301e-6	-1.415e-6	-1.328e-6	-1.441e-6
0.357	-1.271e-6	-1.362e-6	-1.632e-6	-1.672e-6	-1.302e-6	-1.414e-6	-1.327e-6	-1.439e-6
0.356	-1.270e-6	-1.362e-6	-1.632e-6	-1.671e-6	-1.301e-6	-1.414e-6	-1.327e-6	-1.439e-6
0.355	-1.269e-6	-1.362e-6	-1.632e-6	-1.670e-6	-1.300e-6	-1.413e-6	-1.325e-6	-1.438e-6
0.354	-1.267e-6	-1.360e-6	-1.631e-6	-1.668e-6	-1.299e-6	-1.411e-6	-1.325e-6	-1.437e-6
0.353	-1.266e-6	-1.358e-6	-1.629e-6	-1.666e-6	-1.296e-6	-1.410e-6	-1.324e-6	-1.434e-6
0.352	-1.266e-6	-1.357e-6	-1.628e-6	-1.665e-6	-1.296e-6	-1.409e-6	-1.322e-6	-1.435e-6
0.351	-1.265e-6	-1.355e-6	-1.627e-6	-1.663e-6	-1.295e-6	-1.406e-6	-1.322e-6	-1.433e-6
0.350	-1.264e-6	-1.354e-6	-1.627e-6	-1.663e-6	-1.294e-6	-1.407e-6	-1.321e-6	-1.432e-6
0.349	-1.263e-6	-1.354e-6	-1.626e-6	-1.662e-6	-1.295e-6	-1.407e-6	-1.321e-6	-1.433e-6
0.348	-1.266e-6	-1.356e-6	-1.627e-6	-1.662e-6	-1.296e-6	-1.408e-6	-1.321e-6	-1.432e-6
0.347	-1.262e-6	-1.352e-6	-1.625e-6	-1.659e-6	-1.291e-6	-1.403e-6	-1.319e-6	-1.429e-6
0.346	-1.263e-6	-1.352e-6	-1.624e-6	-1.660e-6	-1.291e-6	-1.403e-6	-1.319e-6	-1.429e-6
0.345	-1.259e-6	-1.348e-6	-1.622e-6	-1.657e-6	-1.291e-6	-1.402e-6	-1.317e-6	-1.428e-6
0.344	-1.262e-6	-1.350e-6	-1.623e-6	-1.657e-6	-1.290e-6	-1.402e-6	-1.317e-6	-1.428e-6
0.343	-1.259e-6	-1.349e-6	-1.620e-6	-1.656e-6	-1.289e-6	-1.400e-6	-1.317e-6	-1.425e-6
0.342	-1.259e-6	-1.349e-6	-1.621e-6	-1.656e-6	-1.289e-6	-1.400e-6	-1.316e-6	-1.426e-6
0.341	-1.257e-6	-1.346e-6	-1.618e-6	-1.654e-6	-1.286e-6	-1.398e-6	-1.313e-6	-1.425e-6
0.340	-1.258e-6	-1.347e-6	-1.619e-6	-1.654e-6	-1.289e-6	-1.398e-6	-1.315e-6	-1.424e-6
0.339	-1.257e-6	-1.346e-6	-1.617e-6	-1.652e-6	-1.286e-6	-1.397e-6	-1.314e-6	-1.423e-6
0.338	-1.255e-6	-1.346e-6	-1.619e-6	-1.653e-6	-1.287e-6	-1.396e-6	-1.314e-6	-1.422e-6
0.337	-1.257e-6	-1.346e-6	-1.619e-6	-1.652e-6	-1.288e-6	-1.398e-6	-1.314e-6	-1.423e-6
0.336	-1.255e-6	-1.345e-6	-1.617e-6	-1.650e-6	-1.285e-6	-1.394e-6	-1.311e-6	-1.422e-6
0.335	-1.254e-6	-1.344e-6	-1.616e-6	-1.651e-6	-1.284e-6	-1.393e-6	-1.311e-6	-1.419e-6
0.334	-1.251e-6	-1.341e-6	-1.613e-6	-1.647e-6	-1.284e-6	-1.392e-6	-1.308e-6	-1.417e-6
0.333	-1.254e-6	-1.342e-6	-1.615e-6	-1.648e-6	-1.283e-6	-1.394e-6	-1.310e-6	-1.418e-6
0.332	-1.252e-6	-1.340e-6	-1.612e-6	-1.646e-6	-1.282e-6	-1.390e-6	-1.308e-6	-1.417e-6
0.331	-1.251e-6	-1.340e-6	-1.612e-6	-1.646e-6	-1.281e-6	-1.391e-6	-1.309e-6	-1.417e-6
0.330	-1.249e-6	-1.340e-6	-1.612e-6	-1.645e-6	-1.281e-6	-1.390e-6	-1.307e-6	-1.415e-6
0.329	-1.249e-6	-1.338e-6	-1.610e-6	-1.644e-6	-1.279e-6	-1.388e-6	-1.306e-6	-1.414e-6
0.328	-1.246e-6	-1.335e-6	-1.607e-6	-1.641e-6	-1.277e-6	-1.386e-6	-1.304e-6	-1.412e-6
0.327	-1.245e-6	-1.335e-6	-1.607e-6	-1.640e-6	-1.277e-6	-1.385e-6	-1.302e-6	-1.410e-6
0.326	-1.245e-6	-1.332e-6	-1.604e-6	-1.640e-6	-1.275e-6	-1.384e-6	-1.300e-6	-1.409e-6
0.325	-1.243e-6	-1.330e-6	-1.603e-6	-1.636e-6	-1.274e-6	-1.381e-6	-1.299e-6	-1.408e-6
0.324	-1.242e-6	-1.330e-6	-1.604e-6	-1.636e-6	-1.273e-6	-1.382e-6	-1.298e-6	-1.408e-6
0.323	-1.242e-6	-1.329e-6	-1.602e-6	-1.636e-6	-1.273e-6	-1.381e-6	-1.299e-6	-1.407e-6
0.322	-1.241e-6	-1.328e-6	-1.600e-6	-1.634e-6	-1.271e-6	-1.377e-6	-1.297e-6	-1.405e-6
0.321	-1.237e-6	-1.322e-6	-1.598e-6	-1.629e-6	-1.267e-6	-1.375e-6	-1.294e-6	-1.400e-6
0.320	-1.236e-6	-1.321e-6	-1.596e-6	-1.629e-6	-1.267e-6	-1.374e-6	-1.292e-6	-1.400e-6
0.319	-1.235e-6	-1.322e-6	-1.597e-6	-1.627e-6	-1.265e-6	-1.373e-6	-1.291e-6	-1.399e-6
0.318	-1.234e-6	-1.322e-6	-1.593e-6	-1.627e-6	-1.265e-6	-1.372e-6	-1.291e-6	-1.400e-6
0.317	-1.233e-6	-1.319e-6	-1.592e-6	-1.624e-6	-1.263e-6	-1.370e-6	-1.288e-6	-1.395e-6
0.316	-1.228e-6	-1.317e-6	-1.589e-6	-1.621e-6	-1.260e-6	-1.367e-6	-1.287e-6	-1.393e-6
0.315	-1.231e-6	-1.317e-6	-1.590e-6	-1.620e-6	-1.260e-6	-1.367e-6	-1.286e-6	-1.393e-6
0.314	-1.229e-6	-1.316e-6	-1.587e-6	-1.621e-6	-1.259e-6	-1.366e-6	-1.286e-6	-1.391e-6
0.313	-1.227e-6	-1.313e-6	-1.586e-6	-1.617e-6	-1.257e-6	-1.364e-6	-1.283e-6	-1.390e-6
0.312	-1.225e-6	-1.310e-6	-1.583e-6	-1.614e-6	-1.254e-6	-1.362e-6	-1.281e-6	-1.388e-6
0.311	-1.223e-6	-1.309e-6	-1.580e-6	-1.612e-6	-1.252e-6	-1.359e-6	-1.279e-6	-1.386e-6
0.310	-1.222e-6	-1.309e-6	-1.579e-6	-1.613e-6	-1.252e-6	-1.359e-6	-1.278e-6	-1.385e-6
0.309	-1.222e-6	-1.309e-6	-1.579e-6	-1.613e-6	-1.253e-6	-1.360e-6	-1.277e-6	-1.385e-6
0.308	-1.221e-6	-1.307e-6	-1.578e-6	-1.611e-6	-1.250e-6	-1.357e-6	-1.277e-6	-1.383e-6
0.307	-1.216e-6	-1.302e-6	-1.572e-6	-1.605e-6	-1.246e-6	-1.352e-6	-1.271e-6	-1.377e-6
0.306	-1.217e-6	-1.304e-6	-1.574e-6	-1.606e-6	-1.247e-6	-1.354e-6	-1.273e-6	-1.379e-6
0.305	-1.215e-6	-1.300e-6	-1.571e-6	-1.604e-6	-1.245e-6	-1.353e-6	-1.271e-6	-1.377e-6
0.304	-1.213e-6	-1.299e-6	-1.569e-6	-1.601e-6	-1.243e-6	-1.348e-6	-1.268e-6	-1.375e-6
0.303	-1.212e-6	-1.297e-6	-1.569e-6	-1.599e-6	-1.241e-6	-1.350e-6	-1.268e-6	-1.375e-6
0.302	-1.212e-6	-1.297e-6	-1.567e-6	-1.598e-6	-1.240e-6	-1.347e-6	-1.266e-6	-1.371e-6
0.301	-1.208e-6	-1.294e-6	-1.564e-6	-1.596e-6	-1.238e-6	-1.345e-6	-1.264e-6	-1.371e-6
0.300	-1.209e-6	-1.294e-6	-1.564e-6	-1.595e-6	-1.239e-6	-1.345e-6	-1.264e-6	-1.371e-6
0.299	-1.207e-6	-1.292e-6	-1.561e-6	-1.593e-6	-1.238e-6	-1.342e-6	-1.262e-6	-1.368e-6
0.298	-1.206e-6	-1.293e-6	-1.562e-6	-1.594e-6	-1.237e-6	-1.341e-6	-1.263e-6	-1.369e-6
0.297	-1.204e-6	-1.290e-6	-1.558e-6	-1.590e-6	-1.234e-6	-1.339e-6	-1.260e-6	-1.364e-6
0.296	-1.203e-6	-1.289e-6	-1.557e-6	-1.589e-6	-1.234e-6	-1.338e-6	-1.258e-6	-1.364e-6
0.295	-1.202e-6	-1.287e-6	-1.555e-6	-1.586e-6	-1.231e-6	-1.336e-6	-1.256e-6	-1.362e-6
0.294	-1.200e-6	-1.286e-6	-1.554e-6	-1.585e-6	-1.231e-6	-1.335e-6	-1.257e-6	-1.363e-6
0.293	-1.199e-6	-1.284e-6	-1.551e-6	-1.585e-6	-1.229e-6	-1.333e-6	-1.253e-6	-1.360e-6
0.292	-1.196e-6	-1.281e-6	-1.549e-6	-1.580e-6	-1.225e-6	-1.330e-6	-1.250e-6	-1.356e-6
0.291	-1.194e-6	-1.279e-6	-1.547e-6	-1.579e-6	-1.225e-6	-1.328e-6	-1.249e-6	-1.355e-6
0.290	-1.192e-6	-1.277e-6	-1.542e-6	-1.577e-6	-1.222e-6	-1.327e-6	-1.245e-6	-1.352e-6
0.289	-1.190e-6	-1.278e-6	-1.542e-6	-1.576e-6	-1.221e-6	-1.328e-6	-1.246e-6	-1.352e-6
0.288	-1.192e-6	-1.276e-6	-1.544e-6	-1.575e-6	-1.220e-6	-1.326e-6	-1.245e-6	-1.352e-6
0.287	-1.189e-6	-1.274e-6	-1.541e-6	-1.573e-6	-1.219e-6	-1.323e-6	-1.243e-6	-1.350e-6
0.286	-1.186e-6	-1.273e-6	-1.537e-6	-1.571e-6	-1.216e-6	-1.321e-6	-1.240e-6	-1.348e-6
0.285	-1.184e-6	-1.270e-6	-1.536e-6	-1.569e-6	-1.214e-6	-1.319e-6	-1.237e-6	-1.347e-6
0.284	-1.183e-6	-1.267e-6	-1.534e-6	-1.566e-6	-1.211e-6	-1.318e-6	-1.237e-6	-1.344e-6
0.283	-1.183e-6	-1.269e-6	-1.535e-6	-1.568e-6	-1.212e-6	-1.318e-6	-1.237e-6	-1.345e-6
0.282	-1.180e-6	-1.264e-6	-1.529e-6	-1.563e-6	-1.210e-6	-1.313e-6	-1.233e-6	-1.340e-6
0.281	-1.176e-6	-1.261e-6	-1.526e-6	-1.559e-6	-1.205e-6	-1.311e-6	-1.229e-6	-1.336e-6
0.280	-1.175e-6	-1.261e-6	-1.525e-6	-1.559e-6	-1.206e-6	-1.310e-6	-1.230e-6	-1.337e-6
0.279	-1.176e-6	-1.261e-6	-1.526e-6	-1.558e-6	-1.204e-6	-1.310e-6	-1.230e-6	-1.338e-6
0.278	-1.173e-6	-1.258e-6	-1.522e-6	-1.556e-6	-1.202e-6	-1.308e-6	-1.227e-6	-1.334e-6
0.277	-1.168e-6	-1.255e-6	-1.519e-6	-1.551e-6	-1.199e-6	-1.303e-6	-1.223e-6	-1.331e-6
0.276	-1.168e-6	-1.253e-6	-1.516e-6	-1.551e-6	-1.198e-6	-1.303e-6	-1.222e-6	-1.329e-6
0.275	-1.168e-6	-1.252e-6	-1.515e-6	-1.550e-6	-1.196e-6	-1.302e-6	-1.220e-6	-1.328e-6
0.274	-1.164e-6	-1.247e-6	-1.511e-6	-1.546e-6	-1.193e-6	-1.298e-6	-1.217e-6	-1.323e-6
0.273	-1.164e-6	-1.248e-6	-1.512e-6	-1.546e-6	-1.194e-6	-1.298e-6	-1.218e-6	-1.325e-6
0.272	-1.159e-6	-1.245e-6	-1.507e-6	-1.542e-6	-1.191e-6	-1.293e-6	-1.213e-6	-1.321e-6
0.271	-1.159e-6	-1.244e-6	-1.507e-6	-1.541e-6	-1.189e-6	-1.292e-6	-1.214e-6	-1.319e-6
0.270	-1.159e-6	-1.245e-6	-1.505e-6	-1.540e-6	-1.188e-6	-1.292e-6	-1.212e-6	-1.319e-6
0.269	-1.157e-6	-1.240e-6	-1.502e-6	-1.536e-6	-1.185e-6	-1.290e-6	-1.209e-6	-1.315e-6
0.268	-1.154e-6	-1.239e-6	-1.500e-6	-1.534e-6	-1.184e-6	-1.286e-6	-1.208e-6	-1.313e-6
0.267	-1.155e-6	-1.238e-6	-1.498e-6	-1.535e-6	-1.184e-6	-1.288e-6	-1.207e-6	-1.315e-6
0.266	-1.150e-6	-1.233e-6	-1.495e-6	-1.530e-6	-1.180e-6	-1.284e-6	-1.204e-6	-1.309e-6
0.265	-1.149e-6	-1.232e-6	-1.494e-6	-1.529e-6	-1.179e-6	-1.282e-6	-1.201e-6	-1.308e-6
0.264	-1.148e-6	-1.232e-6	-1.493e-6	-1.529e-6	-1.177e-6	-1.281e-6	-1.200e-6	-1.308e-6
0.263	-1.143e-6	-1.228e-6	-1.488e-6	-1.525e-6	-1.174e-6	-1.277e-6	-1.196e-6	-1.303e-6
0.262	-1.143e-6	-1.225e-6	-1.486e-6	-1.522e-6	-1.173e-6	-1.276e-6	-1.194e-6	-1.301e-6
0.261	-1.140e-6	-1.225e-6	-1.484e-6	-1.519e-6	-1.171e-6	-1.273e-6	-1.191e-6	-1.299e-6
0.260	-1.138e-6	-1.221e-6	-1.482e-6	-1.517e-6	-1.167e-6	-1.270e-6	-1.190e-6	-1.297e-6
0.259	-1.138e-6	-1.219e-6	-1.480e-6	-1.516e-6	-1.166e-6	-1.269e-6	-1.189e-6	-1.295e-6
0.258	-1.134e-6	-1.215e-6	-1.477e-6	-1.511e-6	-1.163e-6	-1.265e-6	-1.186e-6	-1.291e-6
0.257	-1.132e-6	-1.214e-6	-1.473e-6	-1.509e-6	-1.161e-6	-1.263e-6	-1.183e-6	-1.290e-6
0.256	-1.128e-6	-1.211e-6	-1.469e-6	-1.507e-6	-1.157e-6	-1.258e-6	-1.179e-6	-1.286e-6
0.255	-1.128e-6	-1.210e-6	-1.469e-6	-1.504e-6	-1.157e-6	-1.257e-6	-1.178e-6	-1.283e-6
0.254	-1.126e-6	-1.209e-6	-1.465e-6	-1.503e-6	-1.156e-6	-1.257e-6	-1.175e-6	-1.283e-6
0.253	-1.122e-6	-1.203e-6	-1.463e-6	-1.499e-6	-1.151e-6	-1.253e-6	-1.173e-6	-1.280e-6
0.252	-1.121e-6	-1.204e-6	-1.462e-6	-1.496e-6	-1.151e-6	-1.251e-6	-1.172e-6	-1.278e-6
0.251	-1.118e-6	-1.200e-6	-1.458e-6	-1.493e-6	-1.147e-6	-1.248e-6	-1.167e-6	-1.274e-6
0.250	-1.116e-6	-1.198e-6	-1.455e-6	-1.490e-6	-1.145e-6	-1.247e-6	-1.166e-6	-1.271e-6
0.249	-1.113e-6	-1.193e-6	-1.451e-6	-1.488e-6	-1.141e-6	-1.242e-6	-1.161e-6	-1.268e-6
0.248	-1.109e-6	-1.192e-6	-1.448e-6	-1.484e-6	-1.138e-6	-1.240e-6	-1.161e-6	-1.265e-6
0.247	-1.109e-6	-1.190e-6	-1.447e-6	-1.484e-6	-1.137e-6	-1.238e-6	-1.157e-6	-1.262e-6
0.246	-1.105e-6	-1.186e-6	-1.441e-6	-1.478e-6	-1.134e-6	-1.232e-6	-1.153e-6	-1.258e-6
0.245	-1.103e-6	-1.184e-6	-1.440e-6	-1.476e-6	-1.133e-6	-1.232e-6	-1.151e-6	-1.257e-6
0.244	-1.101e-6	-1.182e-6	-1.437e-6	-1.474e-6	-1.129e-6	-1.228e-6	-1.149e-6	-1.253e-6
0.243	-1.098e-6	-1.178e-6	-1.433e-6	-1.471e-6	-1.125e-6	-1.227e-6	-1.146e-6	-1.251e-6
0.242	-1.093e-6	-1.175e-6	-1.430e-6	-1.466e-6	-1.122e-6	-1.222e-6	-1.142e-6	-1.246e-6
0.241	-1.093e-6	-1.173e-6	-1.428e-6	-1.464e-6	-1.121e-6	-1.221e-6	-1.140e-6	-1.243e-6
0.240	-1.089e-6	-1.168e-6	-1.422e-6	-1.460e-6	-1.117e-6	-1.216e-6	-1.134e-6	-1.240e-6
0.239	-1.087e-6	-1.166e-6	-1.421e-6	-1.458e-6	-1.115e-6	-1.214e-6	-1.133e-6	-1.239e-6
0.238	-1.084e-6	-1.163e-6	-1.418e-6	-1.454e-6	-1.112e-6	-1.212e-6	-1.131e-6	-1.234e-6
0.237	-1.083e-6	-1.161e-6	-1.416e-6	-1.451e-6	-1.110e-6	-1.208e-6	-1.128e-6	-1.232e-6
0.236	-1.080e-6	-1.158e-6	-1.412e-6	-1.448e-6	-1.107e-6	-1.205e-6	-1.124e-6	-1.227e-6
0.235	-1.078e-6	-1.157e-6	-1.411e-6	-1.448e-6	-1.106e-6	-1.205e-6	-1.124e-6	-1.229e-6
0.234	-1.075e-6	-1.156e-6	-1.406e-6	-1.442e-6	-1.104e-6	-1.200e-6	-1.120e-6	-1.222e-6
0.233	-1.074e-6	-1.152e-6	-1.406e-6	-1.441e-6	-1.101e-6	-1.200e-6	-1.118e-6	-1.223e-6
0.232	-1.070e-6	-1.148e-6	-1.401e-6	-1.438e-6	-1.098e-6	-1.197e-6	-1.116e-6	-1.218e-6
0.231	-1.067e-6	-1.145e-6	-1.399e-6	-1.433e-6	-1.095e-6	-1.191e-6	-1.112e-6	-1.214e-6
0.230	-1.065e-6	-1.143e-6	-1.394e-6	-1.430e-6	-1.091e-6	-1.187e-6	-1.109e-6	-1.211e-6
0.229	-1.063e-6	-1.142e-6	-1.394e-6	-1.428e-6	-1.092e-6	-1.188e-6	-1.107e-6	-1.211e-6
0.228	-1.060e-6	-1.137e-6	-1.389e-6	-1.426e-6	-1.088e-6	-1.185e-6	-1.105e-6	-1.207e-6
0.227	-1.057e-6	-1.135e-6	-1.386e-6	-1.422e-6	-1.084e-6	-1.181e-6	-1.101e-6	-1.202e-6
0.226	-1.055e-6	-1.134e-6	-1.385e-6	-1.420e-6	-1.084e-6	-1.179e-6	-1.099e-6	-1.202e-6
0.225	-1.055e-6	-1.131e-6	-1.382e-6	-1.419e-6	-1.082e-6	-1.179e-6	-1.098e-6	-1.199e-6
0.224	-1.050e-6	-1.126e-6	-1.378e-6	-1.415e-6	-1.076e-6	-1.175e-6	-1.093e-6	-1.195e-6
0.223	-1.048e-6	-1.124e-6	-1.374e-6	-1.411e-6	-1.076e-6	-1.171e-6	-1.089e-6	-1.192e-6
0.222	-1.045e-6	-1.121e-6	-1.372e-6	-1.407e-6	-1.073e-6	-1.169e-6	-1.088e-6	-1.189e-6
0.221	-1.043e-6	-1.118e-6	-1.369e-6	-1.404e-6	-1.069e-6	-1.166e-6	-1.085e-6	-1.187e-6
0.220	-1.041e-6	-1.118e-6	-1.368e-6	-1.403e-6	-1.069e-6	-1.164e-6	-1.084e-6	-1.186e-6
0.219	-1.040e-6	-1.116e-6	-1.365e-6	-1.401e-6	-1.065e-6	-1.161e-6	-1.081e-6	-1.182e-6
0.218	-1.037e-6	-1.112e-6	-1.361e-6	-1.398e-6	-1.064e-6	-1.158e-6	-1.078e-6	-1.180e-6
0.217	-1.034e-6	-1.109e-6	-1.358e-6	-1.395e-6	-1.060e-6	-1.157e-6	-1.076e-6	-1.175e-6
0.216	-1.031e-6	-1.108e-6	-1.354e-6	-1.391e-6	-1.058e-6	-1.153e-6	-1.071e-6	-1.174e-6
0.215	-1.030e-6	-1.103e-6	-1.352e-6	-1.389e-6	-1.055e-6	-1.150e-6	-1.070e-6	-1.170e-6
0.214	-1.027e-6	-1.102e-6	-1.349e-6	-1.385e-6	-1.053e-6	-1.150e-6	-1.066e-6	-1.167e-6
0.213	-1.024e-6	-1.098e-6	-1.344e-6	-1.382e-6	-1.051e-6	-1.145e-6	-1.064e-6	-1.164e-6
0.212	-1.022e-6	-1.095e-6	-1.343e-6	-1.379e-6	-1.048e-6	-1.142e-6	-1.061e-6	-1.161e-6
0.211	-1.017e-6	-1.090e-6	-1.337e-6	-1.374e-6	-1.042e-6	-1.136e-6	-1.056e-6	-1.155e-6
0.210	-1.016e-6	-1.089e-6	-1.338e-6	-1.374e-6	-1.042e-6	-1.137e-6	-1.055e-6	-1.155e-6
0.209	-1.014e-6	-1.088e-6	-1.334e-6	-1.371e-6	-1.040e-6	-1.134e-6	-1.052e-6	-1.151e-6
0.208	-1.011e-6	-1.084e-6	-1.329e-6	-1.366e-6	-1.037e-6	-1.129e-6	-1.048e-6	-1.148e-6
0.207	-1.009e-6	-1.082e-6	-1.327e-6	-1.363e-6	-1.034e-6	-1.127e-6	-1.048e-6	-1.148e-6
0.206	-1.006e-6	-1.081e-6	-1.323e-6	-1.361e-6	-1.033e-6	-1.126e-6	-1.045e-6	-1.144e-6
0.205	-1.003e-6	-1.078e-6	-1.321e-6	-1.358e-6	-1.029e-6	-1.122e-6	-1.041e-6	-1.142e-6
0.204	-1.002e-6	-1.072e-6	-1.317e-6	-1.354e-6	-1.025e-6	-1.120e-6	-1.038e-6	-1.136e-6
0.203	-9.982e-7	-1.073e-6	-1.315e-6	-1.352e-6	-1.024e-6	-1.118e-6	-1.035e-6	-1.136e-6
0.202	-9.981e-7	-1.070e-6	-1.313e-6	-1.351e-6	-1.023e-6	-1.116e-6	-1.035e-6	-1.134e-6
0.201	-9.938e-7	-1.067e-6	-1.308e-6	-1.346e-6	-1.020e-6	-1.112e-6	-1.031e-6	-1.129e-6
0.200	-9.911e-7	-1.064e-6	-1.304e-6	-1.342e-6	-1.017e-6	-1.110e-6	-1.027e-6	-1.126e-6
0.199	-9.889e-7	-1.064e-6	-1.302e-6	-1.341e-6	-1.015e-6	-1.107e-6	-1.024e-6	-1.124e-6
0.198	-9.866e-7	-1.060e-6	-1.300e-6	-1.339e-6	-1.012e-6	-1.105e-6	-1.022e-6	-1.123e-6
0.197	-9.849e-7	-1.058e-6	-1.297e-6	-1.336e-6	-1.010e-6	-1.103e-6	-1.021e-6	-1.119e-6
0.196	-9.812e-7	-1.054e-6	-1.293e-6	-1.332e-6	-1.006e-6	-1.099e-6	-1.015e-6	-1.117e-6
0.195	-9.806e-7	-1.053e-6	-1.292e-6	-1.330e-6	-1.005e-6	-1.099e-6	-1.015e-6	-1.114e-6
0.194	-9.786e-7	-1.051e-6	-1.289e-6	-1.329e-6	-1.001e-6	-1.095e-6	-1.012e-6	-1.112e-6
0.193	-9.758e-7	-1.048e-6	-1.285e-6	-1.324e-6	-1.000e-6	-1.093e-6	-1.010e-6	-1.109e-6
0.192	-9.713e-7	-1.042e-6	-1.280e-6	-1.320e-6	-9.956e-7	-1.090e-6	-1.004e-6	-1.104e-6
0.191	-9.701e-7	-1.042e-6	-1.278e-6	-1.318e-6	-9.939e-7	-1.086e-6	-1.005e-6	-1.104e-6
0.190	-9.700e-7	-1.042e-6	-1.276e-6	-1.319e-6	-9.932e-7	-1.087e-6	-1.003e-6	-1.103e-6
0.189	-9.651e-7	-1.037e-6	-1.272e-6	-1.313e-6	-9.885e-7	-1.082e-6	-9.987e-7	-1.097e-6
0.188	-9.640e-7	-1.036e-6	-1.271e-6	-1.313e-6	-9.896e-7	-1.082e-6	-9.979e-7	-1.098e-6
0.187	-9.624e-7	-1.035e-6	-1.269e-6	-1.310e-6	-9.878e-7	-1.079e-6	-9.955e-7	-1.096e-6
0.186	-9.608e-7	-1.034e-6	-1.266e-6	-1.308e-6	-9.850e-7	-1.077e-6	-9.931e-7	-1.093e-6
0.185	-9.575e-7	-1.028e-6	-1.263e-6	-1.303e-6	-9.809e-7	-1.074e-6	-9.907e-7	-1.090e-6
0.184	-9.567e-7	-1.029e-6	-1.261e-6	-1.305e-6	-9.799e-7	-1.075e-6	-9.903e-7	-1.089e-6
0.183	-9.548e-7	-1.025e-6	-1.257e-6	-1.301e-6	-9.785e-7	-1.071e-6	-9.861e-7	-1.087e-6
0.182	-9.518e-7	-1.025e-6	-1.255e-6	-1.298e-6	-9.750e-7	-1.068e-6	-9.833e-7	-1.083e-6
0.181	-9.503e-7	-1.023e-6	-1.255e-6	-1.297e-6	-9.748e-7	-1.067e-6	-9.824e-7	-1.084e-6
0.180	-9.496e-7	-1.023e-6	-1.250e-6	-1.295e-6	-9.728e-7	-1.066e-6	-9.804e-7	-1.081e-6
0.179	-9.450e-7	-1.018e-6	-1.247e-6	-1.291e-6	-9.690e-7	-1.061e-6	-9.767e-7	-1.075e-6
0.178	-9.446e-7	-1.019e-6	-1.246e-6	-1.290e-6	-9.684e-7	-1.060e-6	-9.767e-7	-1.076e-6
0.177	-9.418e-7	-1.014e-6	-1.242e-6	-1.286e-6	-9.649e-7	-1.058e-6	-9.727e-7	-1.073e-6
0.176	-9.427e-7	-1.014e-6	-1.242e-6	-1.286e-6	-9.654e-7	-1.058e-6	-9.721e-7	-1.073e-6
0.175	-9.374e-7	-1.012e-6	-1.237e-6	-1.282e-6	-9.602e-7	-1.054e-6	-9.691e-7	-1.070e-6
0.174	-9.377e-7	-1.010e-6	-1.234e-6	-1.281e-6	-9.592e-7	-1.054e-6	-9.666e-7	-1.067e-6
0.173	-9.347e-7	-1.008e-6	-1.232e-6	-1.277e-6	-9.589e-7	-1.051e-6	-9.646e-7	-1.066e-6
0.172	-9.339e-7	-1.007e-6	-1.232e-6	-1.276e-6	-9.569e-7	-1.050e-6	-9.641e-7	-1.064e-6
0.171	-9.304e-7	-1.004e-6	-1.227e-6	-1.272e-6	-9.525e-7	-1.045e-6	-9.603e-7	-1.059e-6
0.170	-9.296e-7	-1.003e-6	-1.225e-6	-1.270e-6	-9.530e-7	-1.045e-6	-9.586e-7	-1.059e-6
0.169	-9.294e-7	-1.000e-6	-1.223e-6	-1.271e-6	-9.503e-7	-1.045e-6	-9.572e-7	-1.058e-6
0.168	-9.260e-7	-9.990e-7	-1.221e-6	-1.266e-6	-9.475e-7	-1.040e-6	-9.554e-7	-1.055e-6
0.167	-9.245e-7	-9.970e-7	-1.217e-6	-1.264e-6	-9.465e-7	-1.040e-6	-9.522e-7	-1.053e-6
0.166	-9.206e-7	-9.937e-7	-1.214e-6	-1.261e-6	-9.443e-7	-1.036e-6	-9.496e-7	-1.051e-6
0.165	-9.214e-7	-9.941e-7	-1.212e-6	-1.261e-6	-9.419e-7	-1.036e-6	-9.496e-7	-1.048e-6
0.164	-9.180e-7	-9.919e-7	-1.211e-6	-1.257e-6	-9.399e-7	-1.033e-6	-9.459e-7	-1.046e-6
0.163	-9.175e-7	-9.900e-7	-1.207e-6	-1.257e-6	-9.383e-7	-1.032e-6	-9.436e-7	-1.045e-6
0.162	-9.128e-7	-9.873e-7	-1.204e-6	-1.252e-6	-9.350e-7	-1.029e-6	-9.419e-7	-1.043e-6
0.161	-9.128e-7	-9.854e-7	-1.202e-6	-1.251e-6	-9.338e-7	-1.027e-6	-9.398e-7	-1.040e-6
0.160	-9.104e-7	-9.835e-7	-1.200e-6	-1.249e-6	-9.325e-7	-1.026e-6	-9.377e-7	-1.039e-6
0.159	-9.088e-7	-9.824e-7	-1.198e-6	-1.248e-6	-9.314e-7	-1.025e-6	-9.356e-7	-1.036e-6
0.158	-9.077e-7	-9.796e-7	-1.196e-6	-1.245e-6	-9.284e-7	-1.023e-6	-9.328e-7	-1.034e-6
0.157	-9.062e-7	-9.781e-7	-1.193e-6	-1.242e-6	-9.262e-7	-1.019e-6	-9.307e-7	-1.032e-6
0.156	-9.035e-7	-9.780e-7	-1.190e-6	-1.241e-6	-9.252e-7	-1.019e-6	-9.292e-7	-1.031e-6
0.155	-9.019e-7	-9.748e-7	-1.187e-6	-1.237e-6	-9.234e-7	-1.016e-6	-9.272e-7	-1.029e-6
0.154	-9.002e-7	-9.724e-7	-1.186e-6	-1.236e-6	-9.204e-7	-1.013e-6	-9.253e-7	-1.025e-6
0.153	-8.985e-7	-9.707e-7	-1.184e-6	-1.233e-6	-9.184e-7	-1.011e-6	-9.225e-7	-1.024e-6
0.152	-8.967e-7	-9.690e-7	-1.181e-6	-1.231e-6	-9.148e-7	-1.010e-6	-9.184e-7	-1.021e-6
0.151	-8.950e-7	-9.686e-7	-1.179e-6	-1.230e-6	-9.140e-7	-1.009e-6	-9.202e-7	-1.020e-6
0.150	-8.922e-7	-9.676e-7	-1.176e-6	-1.229e-6	-9.140e-7	-1.007e-6	-9.159e-7	-1.017e-6
0.149	-8.930e-7	-9.656e-7	-1.175e-6	-1.226e-6	-9.120e-7	-1.005e-6	-9.150e-7	-1.017e-6
0.148	-8.885e-7	-9.617e-7	-1.170e-6	-1.223e-6	-9.066e-7	-1.003e-6	-9.114e-7	-1.013e-6
0.147	-8.882e-7	-9.633e-7	-1.171e-6	-1.220e-6	-9.083e-7	-1.003e-6	-9.103e-7	-1.011e-6
0.146	-8.852e-7	-9.587e-7	-1.166e-6	-1.218e-6	-9.050e-7	-9.984e-7	-9.080e-7	-1.009e-6
0.145	-8.849e-7	-9.605e-7	-1.166e-6	-1.217e-6	-9.042e-7	-9.980e-7	-9.066e-7	-1.009e-6
0.144	-8.829e-7	-9.564e-7	-1.161e-6	-1.213e-6	-9.020e-7	-9.944e-7	-9.042e-7	-1.004e-6
0.143	-8.820e-7	-9.553e-7	-1.160e-6	-1.214e-6	-8.996e-7	-9.942e-7	-9.026e-7	-1.005e-6
0.142	-8.807e-7	-9.547e-7	-1.159e-6	-1.212e-6	-8.980e-7	-9.926e-7	-9.007e-7	-1.003e-6
0.141	-8.754e-7	-9.510e-7	-1.155e-6	-1.206e-6	-8.947e-7	-9.898e-7	-8.974e-7	-9.985e-7
0.140	-8.757e-7	-9.493e-7	-1.152e-6	-1.205e-6	-8.935e-7	-9.883e-7	-8.952e-7	-9.979e-7
0.139	-8.740e-7	-9.473e-7	-1.150e-6	-1.203e-6	-8.911e-7	-9.852e-7	-8.930e-7	-9.955e-7
0.138	-8.723e-7	-9.468e-7	-1.149e-6	-1.201e-6	-8.900e-7	-9.858e-7	-8.921e-7	-9.945e-7
0.137	-8.715e-7	-9.473e-7	-1.147e-6	-1.200e-6	-8.886e-7	-9.833e-7	-8.911e-7	-9.936e-7
0.136	-8.694e-7	-9.443e-7	-1.143e-6	-1.198e-6	-8.867e-7	-9.818e-7	-8.887e-7	-9.906e-7
0.135	-8.674e-7	-9.436e-7	-1.142e-6	-1.197e-6	-8.856e-7	-9.805e-7	-8.869e-7	-9.873e-7
0.134	-8.666e-7	-9.421e-7	-1.141e-6	-1.195e-6	-8.847e-7	-9.789e-7	-8.861e-7	-9.874e-7
0.133	-8.644e-7	-9.379e-7	-1.139e-6	-1.193e-6	-8.818e-7	-9.756e-7	-8.827e-7	-9.848e-7
0.132	-8.635e-7	-9.392e-7	-1.138e-6	-1.193e-6	-8.817e-7	-9.767e-7	-8.817e-7	-9.834e-7
0.131	-8.619e-7	-9.372e-7	-1.134e-6	-1.189e-6	-8.788e-7	-9.736e-7	-8.797e-7	-9.807e-7
0.130	-8.597e-7	-9.356e-7	-1.130e-6	-1.186e-6	-8.764e-7	-9.706e-7	-8.772e-7	-9.786e-7
0.129	-8.600e-7	-9.344e-7	-1.130e-6	-1.186e-6	-8.778e-7	-9.723e-7	-8.768e-7	-9.789e-7
0.128	-8.572e-7	-9.333e-7	-1.127e-6	-1.184e-6	-8.729e-7	-9.676e-7	-8.763e-7	-9.764e-7
0.127	-8.559e-7	-9.303e-7	-1.126e-6	-1.182e-6	-8.728e-7	-9.676e-7	-8.733e-7	-9.761e-7
0.126	-8.550e-7	-9.295e-7	-1.124e-6	-1.182e-6	-8.711e-7	-9.669e-7	-8.721e-7	-9.739e-7
0.125	-8.532e-7	-9.279e-7	-1.121e-6	-1.177e-6	-8.688e-7	-9.633e-7	-8.697e-7	-9.713e-7
0.124	-8.511e-7	-9.271e-7	-1.119e-6	-1.175e-6	-8.678e-7	-9.629e-7	-8.674e-7	-9.694e-7
0.123	-8.509e-7	-9.261e-7	-1.118e-6	-1.174e-6	-8.661e-7	-9.622e-7	-8.660e-7	-9.679e-7
0.122	-8.493e-7	-9.241e-7	-1.117e-6	-1.173e-6	-8.642e-7	-9.603e-7	-8.639e-7	-9.673e-7
0.121	-8.464e-7	-9.240e-7	-1.114e-6	-1.171e-6	-8.631e-7	-9.584e-7	-8.626e-7	-9.651e-7
0.120	-8.468e-7	-9.220e-7	-1.112e-6	-1.170e-6	-8.605e-7	-9.578e-7	-8.608e-7	-9.630e-7
0.119	-8.451e-7	-9.224e-7	-1.111e-6	-1.170e-6	-8.595e-7	-9.561e-7	-8.610e-7	-9.608e-7
0.118	-8.423e-7	-9.190e-7	-1.107e-6	-1.167e-6	-8.579e-7	-9.549e-7	-8.585e-7	-9.595e-7
0.117	-8.419e-7	-9.177e-7	-1.105e-6	-1.165e-6	-8.566e-7	-9.529e-7	-8.557e-7	-9.596e-7
0.116	-8.417e-7	-9.172e-7	-1.105e-6	-1.165e-6	-8.570e-7	-9.528e-7	-8.549e-7	-9.593e-7
0.115	-8.400e-7	-9.166e-7	-1.103e-6	-1.163e-6	-8.543e-7	-9.497e-7	-8.547e-7	-9.561e-7
0.114	-8.379e-7	-9.136e-7	-1.100e-6	-1.159e-6	-8.517e-7	-9.480e-7	-8.516e-7	-9.547e-7
0.113	-8.360e-7	-9.116e-7	-1.099e-6	-1.158e-6	-8.504e-7	-9.474e-7	-8.487e-7	-9.521e-7
0.112	-8.386e-7	-9.125e-7	-1.098e-6	-1.158e-6	-8.493e-7	-9.484e-7	-8.487e-7	-9.534e-7
0.111	-8.333e-7	-9.101e-7	-1.094e-6	-1.153e-6	-8.474e-7	-9.423e-7	-8.471e-7	-9.485e-7
0.110	-8.334e-7	-9.086e-7	-1.093e-6	-1.152e-6	-8.463e-7	-9.441e-7	-8.445e-7	-9.474e-7
0.109	-8.323e-7	-9.074e-7	-1.092e-6	-1.152e-6	-8.444e-7	-9.430e-7	-8.430e-7	-9.456e-7
0.108	-8.311e-7	-9.066e-7	-1.089e-6	-1.150e-6	-8.436e-7	-9.407e-7	-8.414e-7	-9.451e-7
0.107	-8.292e-7	-9.053e-7	-1.087e-6	-1.147e-6	-8.422e-7	-9.392e-7	-8.400e-7	-9.433e-7
0.106	-8.272e-7	-9.036e-7	-1.085e-6	-1.145e-6	-8.398e-7	-9.382e-7	-8.377e-7	-9.406e-7
0.105	-8.266e-7	-9.033e-7	-1.083e-6	-1.145e-6	-8.394e-7	-9.351e-7	-8.368e-7	-9.403e-7
0.104	-8.237e-7	-9.006e-7	-1.081e-6	-1.141e-6	-8.366e-7	-9.349e-7	-8.339e-7	-9.378e-7
0.103	-8.238e-7	-9.005e-7	-1.080e-6	-1.143e-6	-8.363e-7	-9.338e-7	-8.327e-7	-9.353e-7
0.102	-8.213e-7	-8.992e-7	-1.078e-6	-1.139e-6	-8.348e-7	-9.316e-7	-8.321e-7	-9.357e-7
0.101	-8.200e-7	-8.970e-7	-1.075e-6	-1.136e-6	-8.318e-7	-9.296e-7	-8.301e-7	-9.326e-7
0.100	-8.182e-7	-8.949e-7	-1.073e-6	-1.135e-6	-8.313e-7	-9.278e-7	-8.283e-7	-9.298e-7
0.099	-8.169e-7	-8.939e-7	-1.071e-6	-1.132e-6	-8.284e-7	-9.258e-7	-8.270e-7	-9.281e-7
0.098	-8.166e-7	-8.917e-7	-1.069e-6	-1.131e-6	-8.270e-7	-9.245e-7	-8.247e-7	-9.261e-7
0.097	-8.151e-7	-8.928e-7	-1.071e-6	-1.130e-6	-8.269e-7	-9.238e-7	-8.247e-7	-9.257e-7
0.096	-8.124e-7	-8.896e-7	-1.065e-6	-1.127e-6	-8.247e-7	-9.220e-7	-8.214e-7	-9.226e-7
0.095	-8.106e-7	-8.873e-7	-1.062e-6	-1.124e-6	-8.202e-7	-9.193e-7	-8.181e-7	-9.197e-7
0.094	-8.090e-7	-8.852e-7	-1.060e-6	-1.122e-6	-8.188e-7	-9.167e-7	-8.177e-7	-9.190e-7
0.093	-8.083e-7	-8.846e-7	-1.057e-6	-1.119e-6	-8.176e-7	-9.155e-7	-8.152e-7	-9.166e-7
0.092	-8.071e-7	-8.853e-7	-1.057e-6	-1.119e-6	-8.172e-7	-9.129e-7	-8.130e-7	-9.160e-7
0.091	-8.075e-7	-8.838e-7	-1.057e-6	-1.120e-6	-8.176e-7	-9.147e-7	-8.140e-7	-9.164e-7
0.090	-8.049e-7	-8.807e-7	-1.053e-6	-1.117e-6	-8.149e-7	-9.129e-7	-8.112e-7	-9.133e-7
0.089	-8.037e-7	-8.808e-7	-1.052e-6	-1.116e-6	-8.134e-7	-9.128e-7	-8.111e-7	-9.127e-7
0.088	-8.012e-7	-8.776e-7	-1.049e-6	-1.113e-6	-8.108e-7	-9.087e-7	-8.073e-7	-9.100e-7
0.087	-7.995e-7	-8.754e-7	-1.047e-6	-1.108e-6	-8.079e-7	-9.069e-7	-8.049e-7	-9.055e-7
0.086	-7.984e-7	-8.744e-7	-1.045e-6	-1.108e-6	-8.073e-7	-9.054e-7	-8.032e-7	-9.062e-7
0.085	-7.982e-7	-8.740e-7	-1.044e-6	-1.107e-6	-8.081e-7	-9.050e-7	-8.039e-7	-9.029e-7
0.084	-7.949e-7	-8.713e-7	-1.041e-6	-1.103e-6	-8.042e-7	-9.014e-7	-8.002e-7	-9.010e-7
0.083	-7.942e-7	-8.722e-7	-1.039e-6	-1.103e-6	-8.037e-7	-9.005e-7	-7.999e-7	-9.014e-7
0.082	-7.926e-7	-8.683e-7	-1.037e-6	-1.100e-6	-8.004e-7	-8.987e-7	-7.969e-7	-8.985e-7
0.081	-7.935e-7	-8.700e-7	-1.036e-6	-1.099e-6	-8.030e-7	-8.984e-7	-7.986e-7	-8.981e-7
0.080	-7.916e-7	-8.685e-7	-1.034e-6	-1.099e-6	-7.998e-7	-8.975e-7	-7.951e-7	-8.972e-7
0.079	-7.902e-7	-8.663e-7	-1.031e-6	-1.098e-6	-7.983e-7	-8.962e-7	-7.946e-7	-8.954e-7
0.078	-7.877e-7	-8.648e-7	-1.030e-6	-1.093e-6	-7.964e-7	-8.944e-7	-7.918e-7	-8.928e-7
0.077	-7.878e-7	-8.641e-7	-1.028e-6	-1.093e-6	-7.948e-7	-8.924e-7	-7.921e-7	-8.918e-7
0.076	-7.863e-7	-8.632e-7	-1.028e-6	-1.093e-6	-7.948e-7	-8.923e-7	-7.895e-7	-8.918e-7
0.075	-7.839e-7	-8.612e-7	-1.024e-6	-1.089e-6	-7.912e-7	-8.886e-7	-7.870e-7	-8.887e-7
0.074	-7.838e-7	-8.592e-7	-1.022e-6	-1.087e-6	-7.897e-7	-8.879e-7	-7.857e-7	-8.866e-7
0.073	-7.812e-7	-8.589e-7	-1.021e-6	-1.086e-6	-7.890e-7	-8.863e-7	-7.845e-7	-8.861e-7
0.072	-7.820e-7	-8.561e-7	-1.018e-6	-1.084e-6	-7.870e-7	-8.865e-7	-7.831e-7	-8.853e-7
0.071	-7.788e-7	-8.555e-7	-1.016e-6	-1.082e-6	-7.856e-7	-8.842e-7	-7.822e-7	-8.838e-7
0.070	-7.766e-7	-8.529e-7	-1.014e-6	-1.079e-6	-7.835e-7	-8.822e-7	-7.804e-7	-8.796e-7
0.069	-7.774e-7	-8.548e-7	-1.014e-6	-1.078e-6	-7.835e-7	-8.808e-7	-7.790e-7	-8.792e-7
0.068	-7.791e-7	-8.557e-7	-1.014e-6	-1.080e-6	-7.854e-7	-8.837e-7	-7.811e-7	-8.818e-7
0.067	-7.738e-7	-8.523e-7	-1.010e-6	-1.075e-6	-7.803e-7	-8.784e-7	-7.768e-7	-8.775e-7
0.066	-7.734e-7	-8.512e-7	-1.009e-6	-1.075e-6	-7.810e-7	-8.773e-7	-7.752e-7	-8.779e-7
0.065	-7.732e-7	-8.491e-7	-1.007e-6	-1.072e-6	-7.794e-7	-8.750e-7	-7.726e-7	-8.739e-7
0.064	-7.721e-7	-8.470e-7	-1.005e-6	-1.071e-6	-7.772e-7	-8.765e-7	-7.720e-7	-8.731e-7
0.063	-7.692e-7	-8.460e-7	-1.003e-6	-1.068e-6	-7.754e-7	-8.735e-7	-7.714e-7	-8.713e-7
0.062	-7.707e-7	-8.460e-7	-1.003e-6	-1.069e-6	-7.752e-7	-8.732e-7	-7.711e-7	-8.707e-7
0.061	-7.692e-7	-8.449e-7	-9.993e-7	-1.067e-6	-7.734e-7	-8.716e-7	-7.688e-7	-8.690e-7
0.060	-7.676e-7	-8.434e-7	-9.995e-7	-1.063e-6	-7.733e-7	-8.692e-7	-7.678e-7	-8.687e-7
0.059	-7.670e-7	-8.407e-7	-9.967e-7	-1.062e-6	-7.696e-7	-8.675e-7	-7.664e-7	-8.663e-7
0.058	-7.649e-7	-8.395e-7	-9.959e-7	-1.061e-6	-7.685e-7	-8.684e-7	-7.635e-7	-8.631e-7
0.057	-7.628e-7	-8.387e-7	-9.926e-7	-1.060e-6	-7.676e-7	-8.658e-7	-7.627e-7	-8.632e-7
0.056	-7.621e-7	-8.389e-7	-9.921e-7	-1.058e-6	-7.676e-7	-8.654e-7	-7.626e-7	-8.624e-7
0.055	-7.607e-7	-8.365e-7	-9.899e-7	-1.063e-6	-7.646e-7	-8.623e-7	-7.587e-7	-8.584e-7
0.054	-7.593e-7	-8.347e-7	-9.867e-7	-1.152e-6	-7.637e-7	-8.607e-7	-7.592e-7	-8.583e-7
0.053	-7.591e-7	-8.333e-7	-9.864e-7	-1.123e-6	-7.625e-7	-8.596e-7	-7.569e-7	-8.551e-7
0.052	-7.585e-7	-8.324e-7	-9.842e-7	-1.112e-6	-7.615e-7	-8.591e-7	-7.570e-7	-8.573e-7
0.051	-7.560e-7	-8.322e-7	-9.819e-7	-1.106e-6	-7.598e-7	-8.569e-7	-7.554e-7	-8.547e-7
0.050	-7.550e-7	-8.305e-7	-9.797e-7	-1.101e-6	-7.578e-7	-8.550e-7	-7.535e-7	-8.518e-7
0.049	-7.547e-7	-8.292e-7	-9.788e-7	-1.098e-6	-7.571e-7	-8.543e-7	-7.519e-7	-8.522e-7
0.048	-7.520e-7	-8.284e-7	-9.763e-7	-1.096e-6	-7.557e-7	-8.531e-7	-7.509e-7	-8.480e-7
0.047	-7.513e-7	-8.254e-7	-9.741e-7	-1.093e-6	-7.543e-7	-8.516e-7	-7.479e-7	-8.474e-7
0.046	-7.504e-7	-8.243e-7	-9.708e-7	-1.091e-6	-7.514e-7	-8.499e-7	-7.476e-7	-8.452e-7
0.045	-7.491e-7	-8.244e-7	-9.705e-7	-1.089e-6	-7.522e-7	-8.476e-7	-7.452e-7	-8.445e-7
0.044	-7.469e-7	-8.222e-7	-9.688e-7	-1.086e-6	-7.507e-7	-8.476e-7	-7.444e-7	-8.427e-7
0.043	-7.473e-7	-8.227e-7	-9.681e-7	-1.085e-6	-7.490e-7	-8.468e-7	-7.447e-7	-8.420e-7
0.042	-7.458e-7	-8.208e-7	-9.666e-7	-1.082e-6	-7.481e-7	-8.454e-7	-7.422e-7	-8.403e-7
0.041	-7.454e-7	-8.192e-7	-9.650e-7	-1.079e-6	-7.464e-7	-8.444e-7	-7.407e-7	-8.390e-7
0.040	-7.441e-7	-8.178e-7	-9.628e-7	-1.074e-6	-7.450e-7	-8.413e-7	-7.383e-7	-8.363e-7
0.039	-7.445e-7	-8.169e-7	-9.625e-7	-1.070e-6	-7.441e-7	-8.422e-7	-7.390e-7	-8.370e-7
0.038	-7.422e-7	-8.175e-7	-9.612e-7	-1.067e-6	-7.441e-7	-8.405e-7	-7.379e-7	-8.351e-7
0.037	-7.416e-7	-8.152e-7	-9.596e-7	-1.060e-6	-7.416e-7	-8.394e-7	-7.366e-7	-8.328e-7
0.036	-7.386e-7	-8.116e-7	-9.564e-7	-1.056e-6	-7.403e-7	-8.365e-7	-7.343e-7	-8.305e-7
0.035	-7.373e-7	-8.135e-7	-9.550e-7	-1.052e-6	-7.402e-7	-8.346e-7	-7.327e-7	-8.292e-7
0.034	-7.395e-7	-8.126e-7	-9.547e-7	-1.050e-6	-7.383e-7	-8.365e-7	-7.319e-7	-8.293e-7
0.033	-7.364e-7	-8.114e-7	-9.518e-7	-1.045e-6	-7.375e-7	-8.329e-7	-7.311e-7	-8.277e-7
0.032	-7.352e-7	-8.081e-7	-9.488e-7	-1.042e-6	-7.340e-7	-8.299e-7	-7.289e-7	-8.249e-7
0.031	-7.366e-7	-8.098e-7	-9.504e-7	-1.042e-6	-7.355e-7	-8.320e-7	-7.298e-7	-8.272e-7
0.030	-7.339e-7	-8.067e-7	-9.495e-7	-1.038e-6	-7.349e-7	-8.295e-7	-7.266e-7	-8.248e-7
0.029	-7.336e-7	-8.057e-7	-9.462e-7	-1.034e-6	-7.329e-7	-8.286e-7	-7.249e-7	-8.229e-7
0.028	-7.302e-7	-8.041e-7	-9.445e-7	-1.031e-6	-7.319e-7	-8.265e-7	-7.240e-7	-8.204e-7
0.027	-7.299e-7	-8.045e-7	-9.423e-7	-1.032e-6	-7.312e-7	-8.247e-7	-7.244e-7	-8.194e-7
0.026	-7.299e-7	-8.039e-7	-9.418e-7	-1.030e-6	-7.290e-7	-8.243e-7	-7.230e-7	-8.175e-7
0.025	-7.282e-7	-8.032e-7	-9.409e-7	-1.028e-6	-7.273e-7	-8.231e-7	-7.200e-7	-8.163e-7
0.024	-7.277e-7	-8.012e-7	-9.391e-7	-1.027e-6	-7.272e-7	-8.222e-7	-7.196e-7	-8.155e-7
0.023	-7.282e-7	-8.011e-7	-9.373e-7	-1.117e-6	-7.270e-7	-8.218e-7	-7.189e-7	-8.161e-7
0.022	-7.263e-7	-8.008e-7	-9.366e-7	-1.092e-6	-7.250e-7	-8.212e-7	-7.182e-7	-8.129e-7
0.021	-7.259e-7	-7.985e-7	-9.355e-7	-1.095e-6	-7.250e-7	-8.196e-7	-7.175e-7	-8.126e-7
0.020	-7.250e-7	-7.989e-7	-9.340e-7	-1.091e-6	-7.243e-7	-8.195e-7	-7.157e-7	-8.115e-7
0.019	-7.248e-7	-7.972e-7	-9.329e-7	-1.089e-6	-7.230e-7	-8.180e-7	-7.144e-7	-8.095e-7
0.018	-7.223e-7	-7.966e-7	-9.317e-7	-1.083e-6	-7.212e-7	-8.168e-7	-7.139e-7	-8.081e-7
0.017	-7.230e-7	-7.941e-7	-9.299e-7	-1.076e-6	-7.178e-7	-8.154e-7	-7.129e-7	-8.052e-7
0.016	-7.215e-7	-7.939e-7	-9.289e-7	-1.074e-6	-7.189e-7	-8.137e-7	-7.122e-7	-8.070e-7
0.015	-7.203e-7	-7.946e-7	-9.272e-7	-1.070e-6	-7.187e-7	-8.123e-7	-7.104e-7	-8.049e-7
0.014	-7.200e-7	-7.926e-7	-9.267e-7	-1.066e-6	-7.182e-7	-8.121e-7	-7.099e-7	-8.030e-7
0.013	-7.200e-7	-7.928e-7	-9.249e-7	-1.171e-6	-7.166e-7	-8.111e-7	-7.078e-7	-8.026e-7
0.012	-7.180e-7	-7.875e-7	-9.224e-7	-1.197e-6	-7.146e-7	-8.092e-7	-7.050e-7	-8.006e-7
0.011	-7.176e-7	-7.899e-7	-9.207e-7	-1.199e-6	-7.148e-7	-8.086e-7	-7.056e-7	-8.002e-7
0.010	-7.156e-7	-7.893e-7	-9.197e-7	-1.187e-6	-7.125e-7	-8.067e-7	-7.048e-7	-7.998e-7
0.009	-7.155e-7	-7.863e-7	-9.211e-7	-1.250e-6	-7.135e-7	-8.061e-7	-7.047e-7	-7.978e-7
0.008	-7.156e-7	-7.880e-7	-9.240e-7	-1.269e-6	-7.124e-7	-8.060e-7	-7.025e-7	-7.980e-7
0.007	-7.149e-7	-7.868e-7	-9.256e-7	-1.288e-6	-7.112e-7	-8.053e-7	-7.031e-7	-7.973e-7
0.006	-7.151e-7	-7.861e-7	-9.289e-7	-1.275e-6	-7.094e-7	-8.031e-7	-7.023e-7	-7.932e-7
0.005	-7.152e-7	-7.873e-7	-9.282e-7	-1.394e-6	-7.102e-7	-8.041e-7	-7.015e-7	-7.961e-7
0.004	-7.124e-7	-7.851e-7	-9.281e-7	-1.436e-6	-7.082e-7	-8.030e-7	-6.999e-7	-7.944e-7
0.003	-7.127e-7	-7.856e-7	-9.274e-7	-1.370e-6	-7.075e-7	-8.025e-7	-6.998e-7	-7.941e-7
0.002	-7.133e-7	-7.855e-7	-9.356e-7	-1.303e-6	-7.091e-7	-8.030e-7	-7.001e-7	-7.932e-7
0.001	-7.127e-7	-7.854e-7	-9.322e-7	-1.276e-6	-7.084e-7	-8.015e-7	-6.996e-7	-7.914e-7
