0.896, 7.578e-6, -4.953e-6, -1.253e-5, 1.857e-5, -1.080e-5, -2.937e-5, 7.343e-6, -4.712e-6, -1.205e-5, 1.757e-5, -1.029e-5, -2.787e-5, 7.091e-6, -5.157e-6, -1.225e-5, 1.624e-5, -1.054e-5, -2.678e-5, 6.891e-6, -4.953e-6, -1.184e-5, 1.519e-5, -9.930e-6, -2.512e-5
0.892, 6.807e-6, -3.522e-6, -1.033e-5, 1.605e-5, -7.024e-6, -2.307e-5, 6.601e-6, -3.329e-6, -9.930e-6, 1.518e-5, -6.661e-6, -2.184e-5, 6.403e-6, -3.621e-6, -1.002e-5, 1.406e-5, -6.806e-6, -2.087e-5, 6.214e-6, -3.457e-6, -9.670e-6, 1.307e-5, -6.422e-6, -1.949e-5
0.888, 6.099e-6, -2.679e-6, -8.779e-6, 1.390e-5, -5.016e-6, -1.892e-5, 5.914e-6, -2.517e-6, -8.431e-6, 1.315e-5, -4.731e-6, -1.788e-5, 5.744e-6, -2.755e-6, -8.499e-6, 1.220e-5, -4.893e-6, -1.709e-5, 5.569e-6, -2.619e-6, -8.188e-6, 1.130e-5, -4.620e-6, -1.592e-5
0.884, 5.520e-6, -2.071e-6, -7.591e-6, 1.223e-5, -3.677e-6, -1.591e-5, 5.349e-6, -1.932e-6, -7.281e-6, 1.156e-5, -3.453e-6, -1.501e-5, 5.200e-6, -2.147e-6, -7.347e-6, 1.075e-5, -3.642e-6, -1.439e-5, 5.037e-6, -2.033e-6, -7.070e-6, 9.933e-6, -3.445e-6, -1.338e-5
0.880, 5.042e-6, -1.596e-6, -6.638e-6, 1.092e-5, -2.696e-6, -1.362e-5, 4.882e-6, -1.476e-6, -6.358e-6, 1.031e-5, -2.517e-6, -1.282e-5, 4.749e-6, -1.681e-6, -6.430e-6, 9.608e-6, -2.732e-6, -1.234e-5, 4.598e-6, -1.584e-6, -6.182e-6, 8.862e-6, -2.594e-6, -1.146e-5
0.876, 4.645e-6, -1.209e-6, -5.854e-6, 9.873e-6, -1.933e-6, -1.181e-5, 4.494e-6, -1.105e-6, -5.599e-6, 9.308e-6, -1.793e-6, -1.110e-5, 4.372e-6, -1.305e-6, -5.678e-6, 8.694e-6, -2.031e-6, -1.072e-5, 4.230e-6, -1.224e-6, -5.454e-6, 8.006e-6, -1.938e-6, -9.944e-6
0.872, 4.310e-6, -8.834e-7, -5.193e-6, 9.017e-6, -1.315e-6, -1.033e-5, 4.167e-6, -7.928e-7, -4.959e-6, 8.493e-6, -1.206e-6, -9.698e-6, 4.053e-6, -9.928e-7, -5.046e-6, 7.943e-6, -1.466e-6, -9.410e-6, 3.919e-6, -9.248e-7, -4.844e-6, 7.305e-6, -1.411e-6, -8.716e-6
0.868, 4.028e-6, -6.032e-7, -4.631e-6, 8.316e-6, -7.979e-7, -9.113e-6, 3.890e-6, -5.244e-7, -4.415e-6, 7.823e-6, -7.159e-7, -8.539e-6, 3.782e-6, -7.266e-7, -4.509e-6, 7.325e-6, -9.962e-7, -8.321e-6, 3.654e-6, -6.704e-7, -4.324e-6, 6.730e-6, -9.722e-7, -7.702e-6
0.864, 3.784e-6, -3.609e-7, -4.145e-6, 7.728e-6, -3.580e-7, -8.086e-6, 3.652e-6, -2.924e-7, -3.944e-6, 7.262e-6, -3.009e-7, -7.563e-6, 3.548e-6, -4.976e-7, -4.045e-6, 6.805e-6, -5.974e-7, -7.402e-6, 3.425e-6, -4.519e-7, -3.877e-6, 6.245e-6, -6.009e-7, -6.846e-6
0.860, 3.575e-6, -1.459e-7, -3.721e-6, 7.230e-6, 2.377e-8, -7.206e-6, 3.448e-6, -8.634e-8, -3.535e-6, 6.788e-6, 5.980e-8, -6.728e-6, 3.344e-6, -2.969e-7, -3.641e-6, 6.363e-6, -2.531e-7, -6.616e-6, 3.227e-6, -2.604e-7, -3.487e-6, 5.834e-6, -2.806e-7, -6.115e-6
0.856, 3.395e-6, 4.609e-8, -3.349e-6, 6.802e-6, 3.583e-7, -6.444e-6, 3.273e-6, 9.794e-8, -3.175e-6, 6.382e-6, 3.757e-7, -6.007e-6, 3.169e-6, -1.179e-7, -3.287e-6, 5.984e-6, 4.884e-8, -5.935e-6, 3.055e-6, -8.990e-8, -3.144e-6, 5.482e-6, -8.598e-11, -5.482e-6
0.852, 3.233e-6, 2.159e-7, -3.017e-6, 6.421e-6, 6.472e-7, -5.774e-6, 3.116e-6, 2.612e-7, -2.855e-6, 6.022e-6, 6.503e-7, -5.372e-6, 3.011e-6, 4.026e-8, -2.971e-6, 5.647e-6, 3.100e-7, -5.337e-6, 2.901e-6, 6.032e-8, -2.841e-6, 5.170e-6, 2.429e-7, -4.927e-6
0.848, 3.089e-6, 3.690e-7, -2.720e-6, 6.080e-6, 9.005e-7, -5.179e-6, 2.976e-6, 4.080e-7, -2.568e-6, 5.702e-6, 8.900e-7, -4.812e-6, 2.871e-6, 1.823e-7, -2.689e-6, 5.348e-6, 5.396e-7, -4.808e-6, 2.763e-6, 1.950e-7, -2.568e-6, 4.894e-6, 4.577e-7, -4.436e-6
0.844, 2.961e-6, 5.064e-7, -2.455e-6, 5.773e-6, 1.119e-6, -4.653e-6, 2.852e-6, 5.397e-7, -2.313e-6, 5.413e-6, 1.098e-6, -4.315e-6, 2.747e-6, 3.087e-7, -2.439e-6, 5.081e-6, 7.409e-7, -4.340e-6, 2.642e-6, 3.158e-7, -2.327e-6, 4.648e-6, 6.463e-7, -4.001e-6
0.840, 2.840e-6, 6.262e-7, -2.213e-6, 5.479e-6, 1.302e-6, -4.176e-6, 2.736e-6, 6.553e-7, -2.081e-6, 5.139e-6, 1.273e-6, -3.866e-6, 2.632e-6, 4.209e-7, -2.211e-6, 4.827e-6, 9.109e-7, -3.916e-6, 2.530e-6, 4.223e-7, -2.107e-6, 4.417e-6, 8.067e-7, -3.610e-6
0.836, 2.726e-6, 7.311e-7, -1.994e-6, 5.198e-6, 1.454e-6, -3.744e-6, 2.628e-6, 7.568e-7, -1.871e-6, 4.879e-6, 1.419e-6, -3.460e-6, 2.524e-6, 5.193e-7, -2.005e-6, 4.587e-6, 1.054e-6, -3.533e-6, 2.425e-6, 5.159e-7, -1.909e-6, 4.200e-6, 9.439e-7, -3.256e-6
0.832, 2.620e-6, 8.237e-7, -1.796e-6, 4.932e-6, 1.579e-6, -3.353e-6, 2.526e-6, 8.461e-7, -1.679e-6, 4.632e-6, 1.539e-6, -3.093e-6, 2.424e-6, 6.057e-7, -1.818e-6, 4.361e-6, 1.174e-6, -3.187e-6, 2.328e-6, 5.989e-7, -1.729e-6, 3.995e-6, 1.059e-6, -2.936e-6
0.828, 2.516e-6, 9.022e-7, -1.614e-6, 4.673e-6, 1.676e-6, -2.996e-6, 2.427e-6, 9.225e-7, -1.504e-6, 4.392e-6, 1.634e-6, -2.759e-6, 2.327e-6, 6.801e-7, -1.647e-6, 4.142e-6, 1.272e-6, -2.870e-6, 2.236e-6, 6.707e-7, -1.565e-6, 3.799e-6, 1.154e-6, -2.644e-6
0.824, 2.416e-6, 9.698e-7, -1.446e-6, 4.420e-6, 1.751e-6, -2.670e-6, 2.331e-6, 9.875e-7, -1.343e-6, 4.159e-6, 1.707e-6, -2.452e-6, 2.236e-6, 7.450e-7, -1.491e-6, 3.930e-6, 1.349e-6, -2.581e-6, 2.147e-6, 7.327e-7, -1.414e-6, 3.608e-6, 1.231e-6, -2.378e-6
0.820, 2.316e-6, 1.025e-6, -1.292e-6, 4.173e-6, 1.803e-6, -2.370e-6, 2.235e-6, 1.040e-6, -1.195e-6, 3.930e-6, 1.758e-6, -2.172e-6, 2.146e-6, 7.986e-7, -1.348e-6, 3.722e-6, 1.406e-6, -2.316e-6, 2.061e-6, 7.849e-7, -1.277e-6, 3.423e-6, 1.289e-6, -2.133e-6
0.816, 2.220e-6, 1.070e-6, -1.150e-6, 3.935e-6, 1.837e-6, -2.098e-6, 2.142e-6, 1.083e-6, -1.060e-6, 3.710e-6, 1.793e-6, -1.917e-6, 2.060e-6, 8.439e-7, -1.216e-6, 3.523e-6, 1.448e-6, -2.074e-6, 1.979e-6, 8.290e-7, -1.150e-6, 3.246e-6, 1.335e-6, -1.911e-6
0.812, 2.125e-6, 1.105e-6, -1.020e-6, 3.705e-6, 1.855e-6, -1.850e-6, 2.052e-6, 1.116e-6, -9.356e-7, 3.496e-6, 1.811e-6, -1.685e-6, 1.976e-6, 8.801e-7, -1.095e-6, 3.330e-6, 1.476e-6, -1.854e-6, 1.899e-6, 8.641e-7, -1.035e-6, 3.075e-6, 1.366e-6, -1.709e-6
0.808, 2.033e-6, 1.132e-6, -9.009e-7, 3.482e-6, 1.859e-6, -1.623e-6, 1.962e-6, 1.141e-6, -8.211e-7, 3.288e-6, 1.816e-6, -1.472e-6, 1.894e-6, 9.086e-7, -9.850e-7, 3.145e-6, 1.491e-6, -1.654e-6, 1.822e-6, 8.929e-7, -9.287e-7, 2.910e-6, 1.387e-6, -1.523e-6
0.804, 1.942e-6, 1.150e-6, -7.921e-7, 3.268e-6, 1.851e-6, -1.417e-6, 1.874e-6, 1.157e-6, -7.168e-7, 3.089e-6, 1.810e-6, -1.280e-6, 1.815e-6, 9.303e-7, -8.847e-7, 2.966e-6, 1.496e-6, -1.471e-6, 1.747e-6, 9.144e-7, -8.321e-7, 2.751e-6, 1.397e-6, -1.354e-6
0.800, 1.854e-6, 1.161e-6, -6.931e-7, 3.066e-6, 1.833e-6, -1.233e-6, 1.789e-6, 1.167e-6, -6.223e-7, 2.899e-6, 1.793e-6, -1.106e-6, 1.739e-6, 9.451e-7, -7.938e-7, 2.797e-6, 1.491e-6, -1.306e-6, 1.674e-6, 9.298e-7, -7.444e-7, 2.600e-6, 1.398e-6, -1.202e-6
0.796, 1.769e-6, 1.166e-6, -6.025e-7, 2.872e-6, 1.807e-6, -1.065e-6, 1.706e-6, 1.170e-6, -5.363e-7, 2.718e-6, 1.768e-6, -9.497e-7, 1.664e-6, 9.546e-7, -7.096e-7, 2.635e-6, 1.479e-6, -1.156e-6, 1.604e-6, 9.399e-7, -6.640e-7, 2.456e-6, 1.393e-6, -1.063e-6
0.792, 1.687e-6, 1.165e-6, -5.224e-7, 2.691e-6, 1.774e-6, -9.170e-7, 1.626e-6, 1.166e-6, -4.597e-7, 2.547e-6, 1.736e-6, -8.114e-7, 1.594e-6, 9.591e-7, -6.347e-7, 2.483e-6, 1.460e-6, -1.022e-6, 1.538e-6, 9.455e-7, -5.924e-7, 2.320e-6, 1.380e-6, -9.401e-7
0.788, 1.608e-6, 1.158e-6, -4.493e-7, 2.520e-6, 1.734e-6, -7.863e-7, 1.549e-6, 1.158e-6, -3.915e-7, 2.386e-6, 1.697e-6, -6.894e-7, 1.526e-6, 9.585e-7, -5.677e-7, 2.340e-6, 1.436e-6, -9.042e-7, 1.474e-6, 9.458e-7, -5.277e-7, 2.192e-6, 1.362e-6, -8.299e-7
0.784, 1.533e-6, 1.148e-6, -3.853e-7, 2.361e-6, 1.691e-6, -6.706e-7, 1.476e-6, 1.145e-6, -3.308e-7, 2.236e-6, 1.654e-6, -5.815e-7, 1.461e-6, 9.539e-7, -5.073e-7, 2.206e-6, 1.407e-6, -7.993e-7, 1.413e-6, 9.424e-7, -4.702e-7, 2.071e-6, 1.339e-6, -7.315e-7
0.780, 1.461e-6, 1.133e-6, -3.282e-7, 2.214e-6, 1.643e-6, -5.713e-7, 1.406e-6, 1.129e-6, -2.775e-7, 2.097e-6, 1.608e-6, -4.890e-7, 1.400e-6, 9.456e-7, -4.546e-7, 2.081e-6, 1.374e-6, -7.071e-7, 1.354e-6, 9.349e-7, -4.188e-7, 1.959e-6, 1.312e-6, -6.465e-7
0.776, 1.391e-6, 1.113e-6, -2.783e-7, 2.077e-6, 1.592e-6, -4.846e-7, 1.339e-6, 1.108e-6, -2.306e-7, 1.967e-6, 1.558e-6, -4.092e-7, 1.341e-6, 9.332e-7, -4.073e-7, 1.965e-6, 1.338e-6, -6.270e-7, 1.298e-6, 9.239e-7, -3.738e-7, 1.853e-6, 1.282e-6, -5.712e-7
0.772, 1.325e-6, 1.090e-6, -2.349e-7, 1.949e-6, 1.539e-6, -4.097e-7, 1.274e-6, 1.084e-6, -1.904e-7, 1.846e-6, 1.506e-6, -3.403e-7, 1.284e-6, 9.181e-7, -3.662e-7, 1.857e-6, 1.300e-6, -5.567e-7, 1.244e-6, 9.102e-7, -3.340e-7, 1.755e-6, 1.249e-6, -5.063e-7
0.768, 1.263e-6, 1.064e-6, -1.983e-7, 1.833e-6, 1.485e-6, -3.477e-7, 1.213e-6, 1.057e-6, -1.565e-7, 1.735e-6, 1.452e-6, -2.827e-7, 1.230e-6, 9.000e-7, -3.303e-7, 1.757e-6, 1.259e-6, -4.980e-7, 1.193e-6, 8.934e-7, -3.000e-7, 1.664e-6, 1.214e-6, -4.502e-7
0.764, 1.203e-6, 1.036e-6, -1.661e-7, 1.726e-6, 1.431e-6, -2.952e-7, 1.155e-6, 1.028e-6, -1.272e-7, 1.633e-6, 1.399e-6, -2.347e-7, 1.180e-6, 8.798e-7, -3.001e-7, 1.665e-6, 1.218e-6, -4.471e-7, 1.145e-6, 8.743e-7, -2.703e-7, 1.580e-6, 1.177e-6, -4.033e-7
0.760, 1.146e-6, 1.007e-6, -1.395e-7, 1.628e-6, 1.377e-6, -2.512e-7, 1.100e-6, 9.970e-7, -1.033e-7, 1.539e-6, 1.344e-6, -1.950e-7, 1.131e-6, 8.579e-7, -2.732e-7, 1.581e-6, 1.176e-6, -4.047e-7, 1.099e-6, 8.532e-7, -2.454e-7, 1.501e-6, 1.139e-6, -3.625e-7
0.756, 1.093e-6, 9.752e-7, -1.178e-7, 1.537e-6, 1.321e-6, -2.154e-7, 1.048e-6, 9.644e-7, -8.320e-8, 1.452e-6, 1.290e-6, -1.622e-7, 1.085e-6, 8.338e-7, -2.511e-7, 1.502e-6, 1.134e-6, -3.688e-7, 1.054e-6, 8.306e-7, -2.235e-7, 1.428e-6, 1.100e-6, -3.285e-7
0.752, 1.042e-6, 9.423e-7, -1.002e-7, 1.455e-6, 1.268e-6, -1.868e-7, 9.989e-7, 9.312e-7, -6.767e-8, 1.373e-6, 1.236e-6, -1.369e-7, 1.042e-6, 8.087e-7, -2.332e-7, 1.431e-6, 1.091e-6, -3.397e-7, 1.013e-6, 8.068e-7, -2.064e-7, 1.362e-6, 1.061e-6, -3.007e-7
0.748, 9.946e-7, 9.090e-7, -8.565e-8, 1.380e-6, 1.216e-6, -1.648e-7, 9.537e-7, 8.975e-7, -5.627e-8, 1.301e-6, 1.184e-6, -1.171e-7, 1.000e-6, 7.823e-7, -2.182e-7, 1.365e-6, 1.050e-6, -3.152e-7, 9.732e-7, 7.814e-7, -1.918e-7, 1.301e-6, 1.023e-6, -2.779e-7
0.744, 9.501e-7, 8.751e-7, -7.500e-8, 1.312e-6, 1.165e-6, -1.472e-7, 9.108e-7, 8.636e-7, -4.720e-8, 1.236e-6, 1.134e-6, -1.020e-7, 9.622e-7, 7.559e-7, -2.063e-7, 1.306e-6, 1.009e-6, -2.968e-7, 9.364e-7, 7.563e-7, -1.801e-7, 1.245e-6, 9.845e-7, -2.603e-7
0.740, 9.087e-7, 8.416e-7, -6.716e-8, 1.251e-6, 1.117e-6, -1.347e-7, 8.711e-7, 8.302e-7, -4.094e-8, 1.177e-6, 1.085e-6, -9.149e-8, 9.260e-7, 7.294e-7, -1.966e-7, 1.252e-6, 9.702e-7, -2.816e-7, 9.023e-7, 7.307e-7, -1.716e-7, 1.194e-6, 9.479e-7, -2.465e-7
0.736, 8.698e-7, 8.075e-7, -6.228e-8, 1.195e-6, 1.070e-6, -1.254e-7, 8.335e-7, 7.963e-7, -3.719e-8, 1.124e-6, 1.039e-6, -8.508e-8, 8.926e-7, 7.026e-7, -1.900e-7, 1.203e-6, 9.322e-7, -2.712e-7, 8.697e-7, 7.047e-7, -1.650e-7, 1.148e-6, 9.121e-7, -2.356e-7
0.732, 8.342e-7, 7.748e-7, -5.936e-8, 1.146e-6, 1.025e-6, -1.206e-7, 7.992e-7, 7.636e-7, -3.556e-8, 1.076e-6, 9.947e-7, -8.126e-8, 8.620e-7, 6.765e-7, -1.856e-7, 1.159e-6, 8.961e-7, -2.630e-7, 8.399e-7, 6.794e-7, -1.605e-7, 1.106e-6, 8.773e-7, -2.284e-7
0.728, 8.014e-7, 7.429e-7, -5.851e-8, 1.101e-6, 9.827e-7, -1.183e-7, 7.680e-7, 7.322e-7, -3.580e-8, 1.032e-6, 9.520e-7, -8.044e-8, 8.332e-7, 6.509e-7, -1.822e-7, 1.119e-6, 8.618e-7, -2.572e-7, 8.123e-7, 6.544e-7, -1.579e-7, 1.068e-6, 8.446e-7, -2.234e-7
0.724, 7.703e-7, 7.115e-7, -5.885e-8, 1.061e-6, 9.429e-7, -1.182e-7, 7.382e-7, 7.009e-7, -3.728e-8, 9.935e-7, 9.127e-7, -8.080e-8, 8.077e-7, 6.264e-7, -1.813e-7, 1.083e-6, 8.289e-7, -2.544e-7, 7.876e-7, 6.306e-7, -1.570e-7, 1.033e-6, 8.130e-7, -2.205e-7
0.720, 7.416e-7, 6.813e-7, -6.029e-8, 1.024e-6, 9.042e-7, -1.196e-7, 7.111e-7, 6.709e-7, -4.021e-8, 9.579e-7, 8.739e-7, -8.396e-8, 7.821e-7, 6.014e-7, -1.807e-7, 1.050e-6, 7.970e-7, -2.526e-7, 7.631e-7, 6.068e-7, -1.563e-7, 1.002e-6, 7.829e-7, -2.187e-7
0.716, 7.165e-7, 6.525e-7, -6.401e-8, 9.907e-7, 8.671e-7, -1.236e-7, 6.865e-7, 6.424e-7, -4.408e-8, 9.257e-7, 8.372e-7, -8.848e-8, 7.604e-7, 5.782e-7, -1.822e-7, 1.021e-6, 7.677e-7, -2.533e-7, 7.420e-7, 5.841e-7, -1.579e-7, 9.743e-7, 7.549e-7, -2.194e-7
0.712, 6.913e-7, 6.237e-7, -6.762e-8, 9.588e-7, 8.313e-7, -1.276e-7, 6.631e-7, 6.146e-7, -4.858e-8, 8.957e-7, 8.019e-7, -9.373e-8, 7.392e-7, 5.554e-7, -1.838e-7, 9.933e-7, 7.391e-7, -2.543e-7, 7.217e-7, 5.620e-7, -1.597e-7, 9.471e-7, 7.269e-7, -2.202e-7
0.708, 6.688e-7, 5.960e-7, -7.279e-8, 9.310e-7, 7.975e-7, -1.335e-7, 6.413e-7, 5.871e-7, -5.416e-8, 8.681e-7, 7.686e-7, -9.957e-8, 7.200e-7, 5.336e-7, -1.863e-7, 9.682e-7, 7.113e-7, -2.568e-7, 7.025e-7, 5.405e-7, -1.620e-7, 9.232e-7, 7.002e-7, -2.231e-7
0.704, 6.480e-7, 5.700e-7, -7.804e-8, 9.050e-7, 7.647e-7, -1.403e-7, 6.213e-7, 5.616e-7, -5.973e-8, 8.431e-7, 7.366e-7, -1.065e-7, 7.019e-7, 5.126e-7, -1.893e-7, 9.452e-7, 6.855e-7, -2.596e-7, 6.858e-7, 5.207e-7, -1.651e-7, 9.013e-7, 6.756e-7, -2.257e-7
0.700, 6.284e-7, 5.447e-7, -8.366e-8, 8.811e-7, 7.340e-7, -1.472e-7, 6.034e-7, 5.375e-7, -6.595e-8, 8.206e-7, 7.064e-7, -1.142e-7, 6.862e-7, 4.930e-7, -1.933e-7, 9.244e-7, 6.614e-7, -2.630e-7, 6.707e-7, 5.019e-7, -1.688e-7, 8.816e-7, 6.520e-7, -2.296e-7
0.696, 6.104e-7, 5.209e-7, -8.952e-8, 8.589e-7, 7.045e-7, -1.544e-7, 5.867e-7, 5.147e-7, -7.200e-8, 7.997e-7, 6.778e-7, -1.219e-7, 6.716e-7, 4.743e-7, -1.973e-7, 9.049e-7, 6.374e-7, -2.675e-7, 6.561e-7, 4.837e-7, -1.724e-7, 8.635e-7, 6.296e-7, -2.339e-7
0.692, 5.929e-7, 4.981e-7, -9.484e-8, 8.373e-7, 6.761e-7, -1.612e-7, 5.707e-7, 4.925e-7, -7.819e-8, 7.784e-7, 6.502e-7, -1.282e-7, 6.577e-7, 4.568e-7, -2.010e-7, 8.863e-7, 6.153e-7, -2.709e-7, 6.429e-7, 4.662e-7, -1.766e-7, 8.455e-7, 6.082e-7, -2.374e-7
0.688, 5.777e-7, 4.763e-7, -1.014e-7, 8.179e-7, 6.487e-7, -1.692e-7, 5.563e-7, 4.715e-7, -8.477e-8, 7.599e-7, 6.236e-7, -1.364e-7, 6.444e-7, 4.390e-7, -2.054e-7, 8.688e-7, 5.931e-7, -2.756e-7, 6.306e-7, 4.495e-7, -1.810e-7, 8.290e-7, 5.869e-7, -2.421e-7
0.684, 5.634e-7, 4.556e-7, -1.078e-7, 7.996e-7, 6.227e-7, -1.769e-7, 5.430e-7, 4.517e-7, -9.130e-8, 7.422e-7, 5.987e-7, -1.435e-7, 6.329e-7, 4.228e-7, -2.101e-7, 8.520e-7, 5.721e-7, -2.800e-7, 6.193e-7, 4.340e-7, -1.853e-7, 8.126e-7, 5.667e-7, -2.459e-7
0.680, 5.502e-7, 4.361e-7, -1.141e-7, 7.815e-7, 5.980e-7, -1.836e-7, 5.306e-7, 4.333e-7, -9.733e-8, 7.253e-7, 5.748e-7, -1.506e-7, 6.219e-7, 4.077e-7, -2.142e-7, 8.363e-7, 5.523e-7, -2.840e-7, 6.086e-7, 4.189e-7, -1.897e-7, 7.986e-7, 5.479e-7, -2.507e-7
0.676, 5.379e-7, 4.178e-7, -1.201e-7, 7.658e-7, 5.747e-7, -1.911e-7, 5.203e-7, 4.164e-7, -1.038e-7, 7.106e-7, 5.527e-7, -1.580e-7, 6.119e-7, 3.933e-7, -2.187e-7, 8.217e-7, 5.333e-7, -2.884e-7, 5.988e-7, 4.050e-7, -1.939e-7, 7.851e-7, 5.301e-7, -2.549e-7
0.672, 5.270e-7, 4.009e-7, -1.261e-7, 7.504e-7, 5.530e-7, -1.974e-7, 5.104e-7, 4.004e-7, -1.100e-7, 6.964e-7, 5.324e-7, -1.640e-7, 6.027e-7, 3.797e-7, -2.230e-7, 8.080e-7, 5.159e-7, -2.922e-7, 5.909e-7, 3.925e-7, -1.984e-7, 7.721e-7, 5.129e-7, -2.592e-7
0.668, 5.170e-7, 3.853e-7, -1.317e-7, 7.374e-7, 5.334e-7, -2.040e-7, 5.014e-7, 3.859e-7, -1.155e-7, 6.833e-7, 5.129e-7, -1.703e-7, 5.944e-7, 3.675e-7, -2.269e-7, 7.958e-7, 4.999e-7, -2.958e-7, 5.822e-7, 3.802e-7, -2.019e-7, 7.603e-7, 4.976e-7, -2.627e-7
0.664, 5.085e-7, 3.715e-7, -1.370e-7, 7.255e-7, 5.159e-7, -2.095e-7, 4.944e-7, 3.730e-7, -1.213e-7, 6.720e-7, 4.959e-7, -1.761e-7, 5.872e-7, 3.563e-7, -2.310e-7, 7.850e-7, 4.857e-7, -2.993e-7, 5.756e-7, 3.694e-7, -2.062e-7, 7.498e-7, 4.834e-7, -2.664e-7
0.660, 5.015e-7, 3.591e-7, -1.425e-7, 7.145e-7, 4.997e-7, -2.147e-7, 4.872e-7, 3.610e-7, -1.261e-7, 6.617e-7, 4.808e-7, -1.809e-7, 5.806e-7, 3.464e-7, -2.342e-7, 7.744e-7, 4.721e-7, -3.023e-7, 5.692e-7, 3.591e-7, -2.101e-7, 7.396e-7, 4.704e-7, -2.692e-7
0.656, 4.945e-7, 3.474e-7, -1.470e-7, 7.046e-7, 4.855e-7, -2.192e-7, 4.820e-7, 3.507e-7, -1.312e-7, 6.527e-7, 4.669e-7, -1.858e-7, 5.753e-7, 3.372e-7, -2.381e-7, 7.652e-7, 4.602e-7, -3.050e-7, 5.635e-7, 3.500e-7, -2.135e-7, 7.310e-7, 4.590e-7, -2.719e-7
0.652, 4.895e-7, 3.372e-7, -1.523e-7, 6.976e-7, 4.726e-7, -2.250e-7, 4.773e-7, 3.414e-7, -1.359e-7, 6.460e-7, 4.553e-7, -1.907e-7, 5.703e-7, 3.285e-7, -2.417e-7, 7.579e-7, 4.499e-7, -3.080e-7, 5.594e-7, 3.419e-7, -2.175e-7, 7.243e-7, 4.492e-7, -2.751e-7
0.648, 4.844e-7, 3.280e-7, -1.564e-7, 6.891e-7, 4.608e-7, -2.283e-7, 4.733e-7, 3.329e-7, -1.404e-7, 6.382e-7, 4.439e-7, -1.943e-7, 5.657e-7, 3.210e-7, -2.446e-7, 7.504e-7, 4.402e-7, -3.102e-7, 5.545e-7, 3.344e-7, -2.201e-7, 7.168e-7, 4.396e-7, -2.771e-7
0.644, 4.798e-7, 3.195e-7, -1.603e-7, 6.812e-7, 4.496e-7, -2.317e-7, 4.695e-7, 3.254e-7, -1.441e-7, 6.313e-7, 4.337e-7, -1.975e-7, 5.623e-7, 3.146e-7, -2.478e-7, 7.434e-7, 4.309e-7, -3.124e-7, 5.505e-7, 3.273e-7, -2.233e-7, 7.107e-7, 4.308e-7, -2.799e-7
0.640, 4.767e-7, 3.123e-7, -1.644e-7, 6.753e-7, 4.396e-7, -2.356e-7, 4.668e-7, 3.189e-7, -1.479e-7, 6.251e-7, 4.247e-7, -2.003e-7, 5.582e-7, 3.081e-7, -2.501e-7, 7.364e-7, 4.226e-7, -3.138e-7, 5.481e-7, 3.218e-7, -2.264e-7, 7.052e-7, 4.234e-7, -2.818e-7
0.636, 4.738e-7, 3.055e-7, -1.683e-7, 6.692e-7, 4.307e-7, -2.385e-7, 4.652e-7, 3.131e-7, -1.521e-7, 6.201e-7, 4.167e-7, -2.034e-7, 5.563e-7, 3.031e-7, -2.532e-7, 7.314e-7, 4.153e-7, -3.162e-7, 5.457e-7, 3.165e-7, -2.292e-7, 7.000e-7, 4.161e-7, -2.839e-7
0.632, 4.704e-7, 2.991e-7, -1.713e-7, 6.622e-7, 4.213e-7, -2.409e-7, 4.624e-7, 3.073e-7, -1.551e-7, 6.147e-7, 4.085e-7, -2.062e-7, 5.536e-7, 2.975e-7, -2.561e-7, 7.251e-7, 4.075e-7, -3.176e-7, 5.432e-7, 3.114e-7, -2.318e-7, 6.944e-7, 4.094e-7, -2.850e-7
0.628, 4.674e-7, 2.932e-7, -1.742e-7, 6.553e-7, 4.128e-7, -2.425e-7, 4.602e-7, 3.020e-7, -1.582e-7, 6.086e-7, 4.007e-7, -2.079e-7, 5.506e-7, 2.929e-7, -2.577e-7, 7.189e-7, 4.005e-7, -3.184e-7, 5.403e-7, 3.061e-7, -2.341e-7, 6.886e-7, 4.022e-7, -2.864e-7
0.624, 4.644e-7, 2.874e-7, -1.771e-7, 6.492e-7, 4.042e-7, -2.450e-7, 4.580e-7, 2.969e-7, -1.610e-7, 6.028e-7, 3.930e-7, -2.098e-7, 5.477e-7, 2.879e-7, -2.599e-7, 7.136e-7, 3.939e-7, -3.197e-7, 5.380e-7, 3.020e-7, -2.360e-7, 6.830e-7, 3.957e-7, -2.873e-7
0.620, 4.611e-7, 2.813e-7, -1.797e-7, 6.429e-7, 3.958e-7, -2.471e-7, 4.551e-7, 2.916e-7, -1.635e-7, 5.965e-7, 3.853e-7, -2.112e-7, 5.453e-7, 2.833e-7, -2.620e-7, 7.076e-7, 3.867e-7, -3.210e-7, 5.356e-7, 2.973e-7, -2.383e-7, 6.778e-7, 3.893e-7, -2.884e-7
0.616, 4.582e-7, 2.762e-7, -1.820e-7, 6.361e-7, 3.880e-7, -2.481e-7, 4.524e-7, 2.868e-7, -1.656e-7, 5.907e-7, 3.782e-7, -2.125e-7, 5.423e-7, 2.789e-7, -2.634e-7, 7.012e-7, 3.803e-7, -3.209e-7, 5.330e-7, 2.934e-7, -2.396e-7, 6.725e-7, 3.833e-7, -2.893e-7
0.612, 4.551e-7, 2.707e-7, -1.844e-7, 6.300e-7, 3.800e-7, -2.500e-7, 4.495e-7, 2.815e-7, -1.680e-7, 5.851e-7, 3.706e-7, -2.144e-7, 5.401e-7, 2.744e-7, -2.657e-7, 6.962e-7, 3.735e-7, -3.227e-7, 5.311e-7, 2.890e-7, -2.421e-7, 6.672e-7, 3.764e-7, -2.908e-7
0.608, 4.518e-7, 2.648e-7, -1.870e-7, 6.237e-7, 3.723e-7, -2.514e-7, 4.465e-7, 2.760e-7, -1.705e-7, 5.788e-7, 3.628e-7, -2.160e-7, 5.376e-7, 2.697e-7, -2.678e-7, 6.887e-7, 3.651e-7, -3.236e-7, 5.280e-7, 2.843e-7, -2.438e-7, 6.616e-7, 3.698e-7, -2.919e-7
0.604, 4.492e-7, 2.595e-7, -1.897e-7, 6.185e-7, 3.651e-7, -2.534e-7, 4.439e-7, 2.716e-7, -1.723e-7, 5.737e-7, 3.562e-7, -2.175e-7, 5.347e-7, 2.655e-7, -2.691e-7, 6.845e-7, 3.593e-7, -3.252e-7, 5.260e-7, 2.802e-7, -2.458e-7, 6.562e-7, 3.633e-7, -2.929e-7
0.600, 4.458e-7, 2.543e-7, -1.915e-7, 6.127e-7, 3.574e-7, -2.553e-7, 4.406e-7, 2.662e-7, -1.744e-7, 5.676e-7, 3.489e-7, -2.187e-7, 5.324e-7, 2.609e-7, -2.715e-7, 6.787e-7, 3.525e-7, -3.262e-7, 5.235e-7, 2.756e-7, -2.479e-7, 6.509e-7, 3.566e-7, -2.943e-7
0.596, 4.438e-7, 2.497e-7, -1.941e-7, 6.082e-7, 3.508e-7, -2.574e-7, 4.386e-7, 2.619e-7, -1.767e-7, 5.636e-7, 3.430e-7, -2.206e-7, 5.301e-7, 2.568e-7, -2.733e-7, 6.741e-7, 3.465e-7, -3.276e-7, 5.220e-7, 2.721e-7, -2.499e-7, 6.469e-7, 3.512e-7, -2.957e-7
0.592, 4.409e-7, 2.448e-7, -1.961e-7, 6.034e-7, 3.447e-7, -2.588e-7, 4.371e-7, 2.580e-7, -1.791e-7, 5.591e-7, 3.371e-7, -2.220e-7, 5.276e-7, 2.525e-7, -2.751e-7, 6.702e-7, 3.411e-7, -3.291e-7, 5.190e-7, 2.678e-7, -2.512e-7, 6.419e-7, 3.453e-7, -2.966e-7
0.588, 4.390e-7, 2.404e-7, -1.986e-7, 5.999e-7, 3.391e-7, -2.608e-7, 4.339e-7, 2.534e-7, -1.805e-7, 5.548e-7, 3.316e-7, -2.232e-7, 5.263e-7, 2.492e-7, -2.772e-7, 6.660e-7, 3.357e-7, -3.303e-7, 5.175e-7, 2.643e-7, -2.532e-7, 6.379e-7, 3.399e-7, -2.981e-7
0.584, 4.372e-7, 2.365e-7, -2.007e-7, 5.957e-7, 3.333e-7, -2.624e-7, 4.326e-7, 2.497e-7, -1.828e-7, 5.512e-7, 3.262e-7, -2.250e-7, 5.242e-7, 2.456e-7, -2.786e-7, 6.624e-7, 3.307e-7, -3.317e-7, 5.155e-7, 2.606e-7, -2.549e-7, 6.341e-7, 3.351e-7, -2.989e-7
0.580, 4.339e-7, 2.316e-7, -2.022e-7, 5.923e-7, 3.283e-7, -2.640e-7, 4.305e-7, 2.456e-7, -1.849e-7, 5.477e-7, 3.214e-7, -2.263e-7, 5.223e-7, 2.418e-7, -2.804e-7, 6.585e-7, 3.255e-7, -3.330e-7, 5.142e-7, 2.572e-7, -2.570e-7, 6.299e-7, 3.300e-7, -2.999e-7
0.576, 4.335e-7, 2.285e-7, -2.050e-7, 5.897e-7, 3.233e-7, -2.664e-7, 4.291e-7, 2.423e-7, -1.869e-7, 5.446e-7, 3.164e-7, -2.281e-7, 5.207e-7, 2.386e-7, -2.821e-7, 6.561e-7, 3.215e-7, -3.346e-7, 5.131e-7, 2.539e-7, -2.592e-7, 6.276e-7, 3.259e-7, -3.017e-7
0.572, 4.326e-7, 2.252e-7, -2.074e-7, 5.874e-7, 3.191e-7, -2.682e-7, 4.284e-7, 2.392e-7, -1.892e-7, 5.428e-7, 3.126e-7, -2.302e-7, 5.199e-7, 2.354e-7, -2.845e-7, 6.545e-7, 3.173e-7, -3.372e-7, 5.124e-7, 2.508e-7, -2.617e-7, 6.248e-7, 3.212e-7, -3.037e-7
0.568, 4.307e-7, 2.220e-7, -2.087e-7, 5.852e-7, 3.152e-7, -2.700e-7, 4.269e-7, 2.361e-7, -1.908e-7, 5.397e-7, 3.083e-7, -2.314e-7, 5.198e-7, 2.333e-7, -2.865e-7, 6.511e-7, 3.133e-7, -3.378e-7, 5.106e-7, 2.479e-7, -2.627e-7, 6.216e-7, 3.173e-7, -3.043e-7
0.564, 4.304e-7, 2.188e-7, -2.116e-7, 5.824e-7, 3.104e-7, -2.720e-7, 4.258e-7, 2.329e-7, -1.929e-7, 5.369e-7, 3.036e-7, -2.333e-7, 5.183e-7, 2.298e-7, -2.885e-7, 6.486e-7, 3.089e-7, -3.398e-7, 5.094e-7, 2.448e-7, -2.647e-7, 6.194e-7, 3.131e-7, -3.063e-7
0.560, 4.295e-7, 2.159e-7, -2.135e-7, 5.810e-7, 3.069e-7, -2.741e-7, 4.261e-7, 2.304e-7, -1.957e-7, 5.358e-7, 3.006e-7, -2.351e-7, 5.185e-7, 2.279e-7, -2.906e-7, 6.486e-7, 3.066e-7, -3.420e-7, 5.093e-7, 2.425e-7, -2.667e-7, 6.182e-7, 3.099e-7, -3.083e-7
0.556, 4.290e-7, 2.135e-7, -2.155e-7, 5.787e-7, 3.028e-7, -2.760e-7, 4.246e-7, 2.273e-7, -1.973e-7, 5.330e-7, 2.961e-7, -2.369e-7, 5.179e-7, 2.253e-7, -2.926e-7, 6.464e-7, 3.026e-7, -3.438e-7, 5.081e-7, 2.396e-7, -2.685e-7, 6.167e-7, 3.067e-7, -3.099e-7
0.552, 4.282e-7, 2.107e-7, -2.175e-7, 5.773e-7, 2.996e-7, -2.777e-7, 4.230e-7, 2.241e-7, -1.989e-7, 5.305e-7, 2.920e-7, -2.384e-7, 5.170e-7, 2.227e-7, -2.943e-7, 6.443e-7, 2.996e-7, -3.447e-7, 5.080e-7, 2.375e-7, -2.705e-7, 6.146e-7, 3.032e-7, -3.115e-7
0.548, 4.277e-7, 2.083e-7, -2.194e-7, 5.749e-7, 2.957e-7, -2.791e-7, 4.221e-7, 2.209e-7, -2.011e-7, 5.283e-7, 2.883e-7, -2.400e-7, 5.173e-7, 2.208e-7, -2.964e-7, 6.428e-7, 2.961e-7, -3.467e-7, 5.077e-7, 2.356e-7, -2.721e-7, 6.128e-7, 3.002e-7, -3.127e-7
0.544, 4.274e-7, 2.060e-7, -2.215e-7, 5.739e-7, 2.927e-7, -2.811e-7, 4.218e-7, 2.188e-7, -2.030e-7, 5.271e-7, 2.852e-7, -2.419e-7, 5.176e-7, 2.192e-7, -2.984e-7, 6.427e-7, 2.939e-7, -3.488e-7, 5.076e-7, 2.336e-7, -2.740e-7, 6.122e-7, 2.979e-7, -3.143e-7
0.540, 4.276e-7, 2.038e-7, -2.237e-7, 5.728e-7, 2.903e-7, -2.825e-7, 4.218e-7, 2.167e-7, -2.051e-7, 5.253e-7, 2.821e-7, -2.431e-7, 5.181e-7, 2.178e-7, -3.003e-7, 6.416e-7, 2.918e-7, -3.498e-7, 5.086e-7, 2.322e-7, -2.765e-7, 6.119e-7, 2.956e-7, -3.162e-7
0.536, 4.282e-7, 2.026e-7, -2.257e-7, 5.724e-7, 2.882e-7, -2.842e-7, 4.207e-7, 2.142e-7, -2.065e-7, 5.238e-7, 2.793e-7, -2.445e-7, 5.183e-7, 2.164e-7, -3.019e-7, 6.417e-7, 2.898e-7, -3.519e-7, 5.087e-7, 2.308e-7, -2.779e-7, 6.117e-7, 2.937e-7, -3.179e-7
0.532, 4.276e-7, 2.000e-7, -2.276e-7, 5.714e-7, 2.856e-7, -2.859e-7, 4.207e-7, 2.116e-7, -2.091e-7, 5.223e-7, 2.759e-7, -2.464e-7, 5.194e-7, 2.151e-7, -3.043e-7, 6.404e-7, 2.875e-7, -3.529e-7, 5.089e-7, 2.295e-7, -2.794e-7, 6.110e-7, 2.916e-7, -3.194e-7
0.528, 4.280e-7, 1.987e-7, -2.293e-7, 5.705e-7, 2.829e-7, -2.876e-7, 4.195e-7, 2.091e-7, -2.104e-7, 5.213e-7, 2.734e-7, -2.480e-7, 5.194e-7, 2.136e-7, -3.057e-7, 6.402e-7, 2.856e-7, -3.546e-7, 5.095e-7, 2.278e-7, -2.816e-7, 6.105e-7, 2.895e-7, -3.210e-7
0.524, 4.286e-7, 1.977e-7, -2.309e-7, 5.714e-7, 2.825e-7, -2.889e-7, 4.196e-7, 2.073e-7, -2.123e-7, 5.208e-7, 2.714e-7, -2.494e-7, 5.213e-7, 2.132e-7, -3.081e-7, 6.408e-7, 2.847e-7, -3.562e-7, 5.113e-7, 2.277e-7, -2.836e-7, 6.104e-7, 2.884e-7, -3.221e-7
0.520, 4.293e-7, 1.963e-7, -2.329e-7, 5.700e-7, 2.800e-7, -2.900e-7, 4.190e-7, 2.055e-7, -2.135e-7, 5.199e-7, 2.688e-7, -2.511e-7, 5.228e-7, 2.132e-7, -3.097e-7, 6.406e-7, 2.829e-7, -3.577e-7, 5.112e-7, 2.263e-7, -2.850e-7, 6.108e-7, 2.870e-7, -3.238e-7
0.516, 4.291e-7, 1.949e-7, -2.342e-7, 5.698e-7, 2.779e-7, -2.919e-7, 4.193e-7, 2.036e-7, -2.158e-7, 5.189e-7, 2.666e-7, -2.523e-7, 5.232e-7, 2.116e-7, -3.116e-7, 6.401e-7, 2.813e-7, -3.588e-7, 5.119e-7, 2.253e-7, -2.866e-7, 6.106e-7, 2.857e-7, -3.249e-7
0.512, 4.300e-7, 1.940e-7, -2.360e-7, 5.702e-7, 2.769e-7, -2.933e-7, 4.195e-7, 2.021e-7, -2.175e-7, 5.183e-7, 2.644e-7, -2.538e-7, 5.241e-7, 2.111e-7, -3.130e-7, 6.400e-7, 2.802e-7, -3.598e-7, 5.135e-7, 2.252e-7, -2.883e-7, 6.119e-7, 2.850e-7, -3.269e-7
0.508, 4.296e-7, 1.923e-7, -2.373e-7, 5.687e-7, 2.744e-7, -2.942e-7, 4.185e-7, 2.003e-7, -2.182e-7, 5.167e-7, 2.615e-7, -2.552e-7, 5.254e-7, 2.107e-7, -3.148e-7, 6.401e-7, 2.788e-7, -3.614e-7, 5.141e-7, 2.242e-7, -2.900e-7, 6.107e-7, 2.830e-7, -3.277e-7
0.504, 4.307e-7, 1.916e-7, -2.391e-7, 5.700e-7, 2.737e-7, -2.963e-7, 4.191e-7, 1.990e-7, -2.201e-7, 5.175e-7, 2.607e-7, -2.568e-7, 5.275e-7, 2.111e-7, -3.164e-7, 6.418e-7, 2.788e-7, -3.630e-7, 5.157e-7, 2.242e-7, -2.915e-7, 6.115e-7, 2.823e-7, -3.292e-7
0.500, 4.315e-7, 1.909e-7, -2.406e-7, 5.696e-7, 2.718e-7, -2.978e-7, 4.194e-7, 1.972e-7, -2.221e-7, 5.160e-7, 2.576e-7, -2.584e-7, 5.284e-7, 2.099e-7, -3.185e-7, 6.417e-7, 2.767e-7, -3.649e-7, 5.170e-7, 2.237e-7, -2.933e-7, 6.117e-7, 2.805e-7, -3.312e-7
0.496, 4.323e-7, 1.903e-7, -2.420e-7, 5.688e-7, 2.701e-7, -2.987e-7, 4.192e-7, 1.959e-7, -2.233e-7, 5.147e-7, 2.558e-7, -2.590e-7, 5.301e-7, 2.106e-7, -3.195e-7, 6.423e-7, 2.767e-7, -3.656e-7, 5.185e-7, 2.236e-7, -2.949e-7, 6.121e-7, 2.802e-7, -3.319e-7
0.492, 4.331e-7, 1.896e-7, -2.435e-7, 5.689e-7, 2.693e-7, -2.996e-7, 4.202e-7, 1.952e-7, -2.250e-7, 5.141e-7, 2.537e-7, -2.604e-7, 5.321e-7, 2.104e-7, -3.217e-7, 6.425e-7, 2.757e-7, -3.668e-7, 5.193e-7, 2.233e-7, -2.960e-7, 6.124e-7, 2.794e-7, -3.331e-7
0.488, 4.331e-7, 1.882e-7, -2.449e-7, 5.673e-7, 2.664e-7, -3.009e-7, 4.202e-7, 1.934e-7, -2.267e-7, 5.131e-7, 2.513e-7, -2.618e-7, 5.330e-7, 2.099e-7, -3.231e-7, 6.414e-7, 2.735e-7, -3.679e-7, 5.206e-7, 2.230e-7, -2.975e-7, 6.121e-7, 2.778e-7, -3.343e-7
0.484, 4.338e-7, 1.878e-7, -2.460e-7, 5.669e-7, 2.651e-7, -3.018e-7, 4.206e-7, 1.926e-7, -2.281e-7, 5.123e-7, 2.491e-7, -2.632e-7, 5.345e-7, 2.103e-7, -3.242e-7, 6.422e-7, 2.735e-7, -3.688e-7, 5.221e-7, 2.232e-7, -2.989e-7, 6.121e-7, 2.771e-7, -3.350e-7
0.480, 4.347e-7, 1.874e-7, -2.473e-7, 5.658e-7, 2.630e-7, -3.028e-7, 4.208e-7, 1.917e-7, -2.292e-7, 5.119e-7, 2.476e-7, -2.643e-7, 5.360e-7, 2.108e-7, -3.252e-7, 6.419e-7, 2.726e-7, -3.693e-7, 5.237e-7, 2.234e-7, -3.003e-7, 6.130e-7, 2.764e-7, -3.365e-7
0.476, 4.344e-7, 1.864e-7, -2.480e-7, 5.639e-7, 2.610e-7, -3.029e-7, 4.199e-7, 1.904e-7, -2.294e-7, 5.092e-7, 2.448e-7, -2.643e-7, 5.376e-7, 2.108e-7, -3.268e-7, 6.412e-7, 2.710e-7, -3.703e-7, 5.243e-7, 2.232e-7, -3.011e-7, 6.118e-7, 2.754e-7, -3.364e-7
0.472, 4.357e-7, 1.862e-7, -2.496e-7, 5.632e-7, 2.592e-7, -3.040e-7, 4.210e-7, 1.900e-7, -2.310e-7, 5.084e-7, 2.428e-7, -2.656e-7, 5.395e-7, 2.113e-7, -3.282e-7, 6.409e-7, 2.699e-7, -3.710e-7, 5.253e-7, 2.231e-7, -3.021e-7, 6.118e-7, 2.741e-7, -3.377e-7
0.468, 4.343e-7, 1.849e-7, -2.494e-7, 5.612e-7, 2.573e-7, -3.039e-7, 4.203e-7, 1.885e-7, -2.318e-7, 5.056e-7, 2.400e-7, -2.655e-7, 5.401e-7, 2.116e-7, -3.285e-7, 6.392e-7, 2.688e-7, -3.704e-7, 5.262e-7, 2.235e-7, -3.027e-7, 6.115e-7, 2.735e-7, -3.380e-7
0.464, 4.360e-7, 1.849e-7, -2.511e-7, 5.604e-7, 2.554e-7, -3.049e-7, 4.207e-7, 1.883e-7, -2.324e-7, 5.050e-7, 2.380e-7, -2.670e-7, 5.419e-7, 2.123e-7, -3.297e-7, 6.393e-7, 2.682e-7, -3.712e-7, 5.280e-7, 2.242e-7, -3.038e-7, 6.111e-7, 2.724e-7, -3.387e-7
0.460, 4.351e-7, 1.837e-7, -2.514e-7, 5.571e-7, 2.524e-7, -3.047e-7, 4.206e-7, 1.867e-7, -2.339e-7, 5.023e-7, 2.352e-7, -2.671e-7, 5.427e-7, 2.124e-7, -3.303e-7, 6.375e-7, 2.661e-7, -3.714e-7, 5.280e-7, 2.237e-7, -3.044e-7, 6.099e-7, 2.708e-7, -3.390e-7
0.456, 4.351e-7, 1.830e-7, -2.521e-7, 5.556e-7, 2.503e-7, -3.054e-7, 4.199e-7, 1.851e-7, -2.348e-7, 5.005e-7, 2.329e-7, -2.676e-7, 5.439e-7, 2.123e-7, -3.316e-7, 6.377e-7, 2.653e-7, -3.724e-7, 5.290e-7, 2.237e-7, -3.053e-7, 6.096e-7, 2.697e-7, -3.399e-7
0.452, 4.349e-7, 1.824e-7, -2.525e-7, 5.534e-7, 2.481e-7, -3.054e-7, 4.195e-7, 1.844e-7, -2.351e-7, 4.984e-7, 2.305e-7, -2.679e-7, 5.448e-7, 2.130e-7, -3.317e-7, 6.366e-7, 2.646e-7, -3.719e-7, 5.297e-7, 2.241e-7, -3.057e-7, 6.086e-7, 2.687e-7, -3.399e-7
0.448, 4.341e-7, 1.808e-7, -2.534e-7, 5.519e-7, 2.460e-7, -3.059e-7, 4.192e-7, 1.834e-7, -2.358e-7, 4.967e-7, 2.280e-7, -2.687e-7, 5.461e-7, 2.135e-7, -3.327e-7, 6.354e-7, 2.629e-7, -3.725e-7, 5.308e-7, 2.241e-7, -3.067e-7, 6.082e-7, 2.676e-7, -3.406e-7
0.444, 4.344e-7, 1.811e-7, -2.533e-7, 5.497e-7, 2.446e-7, -3.052e-7, 4.188e-7, 1.831e-7, -2.357e-7, 4.952e-7, 2.267e-7, -2.685e-7, 5.471e-7, 2.143e-7, -3.328e-7, 6.342e-7, 2.622e-7, -3.721e-7, 5.316e-7, 2.246e-7, -3.069e-7, 6.083e-7, 2.676e-7, -3.406e-7
0.440, 4.335e-7, 1.807e-7, -2.528e-7, 5.479e-7, 2.429e-7, -3.050e-7, 4.185e-7, 1.821e-7, -2.363e-7, 4.932e-7, 2.247e-7, -2.685e-7, 5.475e-7, 2.148e-7, -3.327e-7, 6.339e-7, 2.621e-7, -3.718e-7, 5.324e-7, 2.257e-7, -3.067e-7, 6.064e-7, 2.665e-7, -3.398e-7
0.436, 4.324e-7, 1.798e-7, -2.526e-7, 5.449e-7, 2.410e-7, -3.040e-7, 4.175e-7, 1.815e-7, -2.360e-7, 4.918e-7, 2.233e-7, -2.685e-7, 5.474e-7, 2.148e-7, -3.327e-7, 6.329e-7, 2.615e-7, -3.714e-7, 5.319e-7, 2.252e-7, -3.067e-7, 6.057e-7, 2.658e-7, -3.399e-7
0.432, 4.331e-7, 1.803e-7, -2.528e-7, 5.447e-7, 2.407e-7, -3.040e-7, 4.178e-7, 1.817e-7, -2.361e-7, 4.904e-7, 2.218e-7, -2.686e-7, 5.497e-7, 2.167e-7, -3.330e-7, 6.332e-7, 2.615e-7, -3.716e-7, 5.338e-7, 2.267e-7, -3.071e-7, 6.068e-7, 2.668e-7, -3.400e-7
0.428, 4.318e-7, 1.797e-7, -2.521e-7, 5.416e-7, 2.389e-7, -3.027e-7, 4.166e-7, 1.808e-7, -2.358e-7, 4.882e-7, 2.205e-7, -2.677e-7, 5.492e-7, 2.168e-7, -3.324e-7, 6.312e-7, 2.605e-7, -3.707e-7, 5.336e-7, 2.272e-7, -3.063e-7, 6.046e-7, 2.656e-7, -3.391e-7
0.424, 4.310e-7, 1.798e-7, -2.512e-7, 5.401e-7, 2.381e-7, -3.021e-7, 4.167e-7, 1.810e-7, -2.357e-7, 4.870e-7, 2.198e-7, -2.672e-7, 5.491e-7, 2.177e-7, -3.313e-7, 6.302e-7, 2.606e-7, -3.696e-7, 5.334e-7, 2.276e-7, -3.058e-7, 6.043e-7, 2.656e-7, -3.387e-7
0.420, 4.317e-7, 1.804e-7, -2.514e-7, 5.404e-7, 2.377e-7, -3.027e-7, 4.162e-7, 1.806e-7, -2.356e-7, 4.876e-7, 2.196e-7, -2.680e-7, 5.507e-7, 2.186e-7, -3.321e-7, 6.301e-7, 2.604e-7, -3.697e-7, 5.347e-7, 2.285e-7, -3.063e-7, 6.046e-7, 2.657e-7, -3.389e-7
0.416, 4.318e-7, 1.814e-7, -2.504e-7, 5.397e-7, 2.383e-7, -3.014e-7, 4.164e-7, 1.819e-7, -2.345e-7, 4.870e-7, 2.197e-7, -2.673e-7, 5.515e-7, 2.204e-7, -3.311e-7, 6.303e-7, 2.615e-7, -3.688e-7, 5.359e-7, 2.302e-7, -3.058e-7, 6.054e-7, 2.670e-7, -3.384e-7
0.412, 4.317e-7, 1.823e-7, -2.495e-7, 5.385e-7, 2.388e-7, -2.997e-7, 4.161e-7, 1.821e-7, -2.340e-7, 4.867e-7, 2.203e-7, -2.665e-7, 5.521e-7, 2.221e-7, -3.300e-7, 6.305e-7, 2.629e-7, -3.676e-7, 5.354e-7, 2.310e-7, -3.044e-7, 6.049e-7, 2.675e-7, -3.374e-7
0.408, 4.328e-7, 1.838e-7, -2.490e-7, 5.399e-7, 2.400e-7, -2.999e-7, 4.177e-7, 1.840e-7, -2.337e-7, 4.884e-7, 2.215e-7, -2.669e-7, 5.539e-7, 2.244e-7, -3.295e-7, 6.323e-7, 2.650e-7, -3.673e-7, 5.369e-7, 2.327e-7, -3.042e-7, 6.071e-7, 2.700e-7, -3.371e-7
0.404, 4.339e-7, 1.858e-7, -2.480e-7, 5.409e-7, 2.419e-7, -2.989e-7, 4.181e-7, 1.849e-7, -2.333e-7, 4.905e-7, 2.237e-7, -2.668e-7, 5.550e-7, 2.264e-7, -3.286e-7, 6.332e-7, 2.671e-7, -3.661e-7, 5.381e-7, 2.349e-7, -3.031e-7, 6.075e-7, 2.707e-7, -3.368e-7
0.400, 4.352e-7, 1.881e-7, -2.470e-7, 5.425e-7, 2.450e-7, -2.975e-7, 4.197e-7, 1.876e-7, -2.321e-7, 4.916e-7, 2.263e-7, -2.653e-7, 5.563e-7, 2.294e-7, -3.268e-7, 6.347e-7, 2.702e-7, -3.645e-7, 5.396e-7, 2.375e-7, -3.021e-7, 6.099e-7, 2.744e-7, -3.355e-7
0.396, 4.366e-7, 1.905e-7, -2.461e-7, 5.450e-7, 2.484e-7, -2.967e-7, 4.221e-7, 1.900e-7, -2.321e-7, 4.949e-7, 2.297e-7, -2.652e-7, 5.588e-7, 2.327e-7, -3.261e-7, 6.380e-7, 2.740e-7, -3.640e-7, 5.422e-7, 2.406e-7, -3.016e-7, 6.125e-7, 2.774e-7, -3.351e-7
0.392, 4.402e-7, 1.949e-7, -2.454e-7, 5.503e-7, 2.538e-7, -2.965e-7, 4.249e-7, 1.934e-7, -2.315e-7, 5.007e-7, 2.352e-7, -2.655e-7, 5.626e-7, 2.371e-7, -3.255e-7, 6.423e-7, 2.791e-7, -3.632e-7, 5.451e-7, 2.442e-7, -3.009e-7, 6.168e-7, 2.821e-7, -3.347e-7
0.388, 4.425e-7, 1.984e-7, -2.441e-7, 5.544e-7, 2.592e-7, -2.952e-7, 4.271e-7, 1.973e-7, -2.299e-7, 5.052e-7, 2.405e-7, -2.647e-7, 5.650e-7, 2.414e-7, -3.236e-7, 6.476e-7, 2.855e-7, -3.621e-7, 5.477e-7, 2.483e-7, -2.994e-7, 6.215e-7, 2.874e-7, -3.341e-7
0.384, 4.461e-7, 2.033e-7, -2.428e-7, 5.603e-7, 2.657e-7, -2.947e-7, 4.317e-7, 2.022e-7, -2.295e-7, 5.117e-7, 2.466e-7, -2.651e-7, 5.693e-7, 2.468e-7, -3.225e-7, 6.532e-7, 2.921e-7, -3.611e-7, 5.517e-7, 2.533e-7, -2.984e-7, 6.270e-7, 2.938e-7, -3.332e-7
0.380, 4.512e-7, 2.091e-7, -2.421e-7, 5.676e-7, 2.737e-7, -2.939e-7, 4.360e-7, 2.074e-7, -2.286e-7, 5.190e-7, 2.545e-7, -2.646e-7, 5.744e-7, 2.530e-7, -3.214e-7, 6.606e-7, 3.002e-7, -3.604e-7, 5.556e-7, 2.585e-7, -2.972e-7, 6.335e-7, 3.008e-7, -3.327e-7
0.376, 4.570e-7, 2.153e-7, -2.417e-7, 5.764e-7, 2.820e-7, -2.943e-7, 4.419e-7, 2.134e-7, -2.286e-7, 5.279e-7, 2.625e-7, -2.653e-7, 5.809e-7, 2.602e-7, -3.207e-7, 6.692e-7, 3.089e-7, -3.603e-7, 5.616e-7, 2.646e-7, -2.970e-7, 6.424e-7, 3.090e-7, -3.334e-7
0.372, 4.634e-7, 2.225e-7, -2.409e-7, 5.859e-7, 2.916e-7, -2.943e-7, 4.485e-7, 2.205e-7, -2.280e-7, 5.375e-7, 2.714e-7, -2.661e-7, 5.875e-7, 2.677e-7, -3.198e-7, 6.793e-7, 3.194e-7, -3.599e-7, 5.685e-7, 2.721e-7, -2.964e-7, 6.508e-7, 3.182e-7, -3.326e-7
0.368, 4.715e-7, 2.309e-7, -2.406e-7, 5.969e-7, 3.013e-7, -2.956e-7, 4.575e-7, 2.294e-7, -2.281e-7, 5.486e-7, 2.813e-7, -2.673e-7, 5.960e-7, 2.771e-7, -3.189e-7, 6.913e-7, 3.306e-7, -3.607e-7, 5.763e-7, 2.807e-7, -2.956e-7, 6.624e-7, 3.290e-7, -3.334e-7
0.364, 4.795e-7, 2.390e-7, -2.405e-7, 6.069e-7, 3.109e-7, -2.960e-7, 4.655e-7, 2.370e-7, -2.285e-7, 5.593e-7, 2.907e-7, -2.686e-7, 6.050e-7, 2.862e-7, -3.188e-7, 7.034e-7, 3.419e-7, -3.614e-7, 5.847e-7, 2.893e-7, -2.954e-7, 6.732e-7, 3.387e-7, -3.345e-7
0.360, 4.884e-7, 2.483e-7, -2.401e-7, 6.177e-7, 3.201e-7, -2.976e-7, 4.747e-7, 2.458e-7, -2.289e-7, 5.697e-7, 2.994e-7, -2.703e-7, 6.146e-7, 2.961e-7, -3.184e-7, 7.159e-7, 3.531e-7, -3.628e-7, 5.941e-7, 2.984e-7, -2.957e-7, 6.855e-7, 3.497e-7, -3.358e-7
0.356, 4.981e-7, 2.572e-7, -2.409e-7, 6.279e-7, 3.290e-7, -2.989e-7, 4.840e-7, 2.547e-7, -2.292e-7, 5.813e-7, 3.087e-7, -2.726e-7, 6.255e-7, 3.067e-7, -3.188e-7, 7.283e-7, 3.640e-7, -3.643e-7, 6.040e-7, 3.083e-7, -2.957e-7, 6.975e-7, 3.603e-7, -3.372e-7
0.352, 5.072e-7, 2.662e-7, -2.410e-7, 6.384e-7, 3.375e-7, -3.009e-7, 4.935e-7, 2.633e-7, -2.302e-7, 5.921e-7, 3.170e-7, -2.751e-7, 6.352e-7, 3.171e-7, -3.181e-7, 7.414e-7, 3.756e-7, -3.658e-7, 6.143e-7, 3.182e-7, -2.960e-7, 7.095e-7, 3.709e-7, -3.386e-7
0.348, 5.171e-7, 2.749e-7, -2.422e-7, 6.481e-7, 3.453e-7, -3.028e-7, 5.030e-7, 2.722e-7, -2.308e-7, 6.023e-7, 3.246e-7, -2.777e-7, 6.462e-7, 3.274e-7, -3.188e-7, 7.537e-7, 3.858e-7, -3.680e-7, 6.250e-7, 3.285e-7, -2.965e-7, 7.222e-7, 3.810e-7, -3.412e-7
0.344, 5.252e-7, 2.828e-7, -2.424e-7, 6.571e-7, 3.523e-7, -3.048e-7, 5.120e-7, 2.798e-7, -2.322e-7, 6.105e-7, 3.308e-7, -2.797e-7, 6.565e-7, 3.376e-7, -3.189e-7, 7.644e-7, 3.949e-7, -3.695e-7, 6.354e-7, 3.382e-7, -2.972e-7, 7.330e-7, 3.905e-7, -3.425e-7
0.340, 5.342e-7, 2.905e-7, -2.437e-7, 6.649e-7, 3.582e-7, -3.067e-7, 5.204e-7, 2.868e-7, -2.336e-7, 6.188e-7, 3.362e-7, -2.826e-7, 6.670e-7, 3.466e-7, -3.205e-7, 7.757e-7, 4.037e-7, -3.721e-7, 6.462e-7, 3.476e-7, -2.986e-7, 7.437e-7, 3.984e-7, -3.454e-7
0.336, 5.424e-7, 2.978e-7, -2.447e-7, 6.716e-7, 3.628e-7, -3.087e-7, 5.287e-7, 2.939e-7, -2.348e-7, 6.257e-7, 3.415e-7, -2.843e-7, 6.770e-7, 3.565e-7, -3.206e-7, 7.854e-7, 4.116e-7, -3.737e-7, 6.560e-7, 3.569e-7, -2.991e-7, 7.534e-7, 4.064e-7, -3.470e-7
0.332, 5.487e-7, 3.038e-7, -2.449e-7, 6.745e-7, 3.662e-7, -3.083e-7, 5.347e-7, 2.992e-7, -2.355e-7, 6.294e-7, 3.445e-7, -2.849e-7, 6.844e-7, 3.638e-7, -3.206e-7, 7.932e-7, 4.185e-7, -3.747e-7, 6.644e-7, 3.648e-7, -2.996e-7, 7.606e-7, 4.130e-7, -3.476e-7
0.328, 5.543e-7, 3.090e-7, -2.453e-7, 6.775e-7, 3.691e-7, -3.084e-7, 5.404e-7, 3.039e-7, -2.365e-7, 6.322e-7, 3.469e-7, -2.853e-7, 6.923e-7, 3.712e-7, -3.211e-7, 7.990e-7, 4.239e-7, -3.751e-7, 6.724e-7, 3.720e-7, -3.003e-7, 7.668e-7, 4.181e-7, -3.487e-7
0.324, 5.572e-7, 3.129e-7, -2.443e-7, 6.770e-7, 3.707e-7, -3.063e-7, 5.433e-7, 3.075e-7, -2.357e-7, 6.326e-7, 3.492e-7, -2.834e-7, 6.978e-7, 3.777e-7, -3.201e-7, 8.009e-7, 4.280e-7, -3.730e-7, 6.782e-7, 3.781e-7, -3.001e-7, 7.704e-7, 4.227e-7, -3.477e-7
0.320, 5.596e-7, 3.161e-7, -2.436e-7, 6.755e-7, 3.715e-7, -3.040e-7, 5.454e-7, 3.104e-7, -2.351e-7, 6.308e-7, 3.499e-7, -2.809e-7, 7.011e-7, 3.824e-7, -3.187e-7, 8.022e-7, 4.311e-7, -3.711e-7, 6.824e-7, 3.830e-7, -2.994e-7, 7.720e-7, 4.258e-7, -3.462e-7
0.316, 5.605e-7, 3.187e-7, -2.418e-7, 6.725e-7, 3.719e-7, -3.006e-7, 5.466e-7, 3.131e-7, -2.335e-7, 6.282e-7, 3.499e-7, -2.782e-7, 7.044e-7, 3.872e-7, -3.172e-7, 8.032e-7, 4.345e-7, -3.687e-7, 6.859e-7, 3.875e-7, -2.984e-7, 7.725e-7, 4.278e-7, -3.447e-7
0.312, 5.590e-7, 3.200e-7, -2.390e-7, 6.661e-7, 3.714e-7, -2.946e-7, 5.448e-7, 3.144e-7, -2.304e-7, 6.229e-7, 3.495e-7, -2.733e-7, 7.040e-7, 3.902e-7, -3.138e-7, 7.991e-7, 4.357e-7, -3.634e-7, 6.857e-7, 3.901e-7, -2.956e-7, 7.694e-7, 4.289e-7, -3.405e-7
0.308, 5.567e-7, 3.210e-7, -2.357e-7, 6.597e-7, 3.697e-7, -2.900e-7, 5.420e-7, 3.144e-7, -2.276e-7, 6.161e-7, 3.477e-7, -2.683e-7, 7.024e-7, 3.922e-7, -3.102e-7, 7.935e-7, 4.359e-7, -3.576e-7, 6.850e-7, 3.921e-7, -2.929e-7, 7.642e-7, 4.286e-7, -3.356e-7
0.304, 5.534e-7, 3.225e-7, -2.309e-7, 6.528e-7, 3.700e-7, -2.828e-7, 5.375e-7, 3.152e-7, -2.223e-7, 6.098e-7, 3.477e-7, -2.621e-7, 6.998e-7, 3.950e-7, -3.049e-7, 7.881e-7, 4.376e-7, -3.505e-7, 6.829e-7, 3.945e-7, -2.884e-7, 7.590e-7, 4.298e-7, -3.292e-7
0.300, 5.484e-7, 3.226e-7, -2.258e-7, 6.440e-7, 3.680e-7, -2.760e-7, 5.327e-7, 3.153e-7, -2.174e-7, 6.016e-7, 3.458e-7, -2.558e-7, 6.950e-7, 3.958e-7, -2.993e-7, 7.802e-7, 4.369e-7, -3.433e-7, 6.788e-7, 3.950e-7, -2.839e-7, 7.507e-7, 4.283e-7, -3.224e-7
0.296, 5.420e-7, 3.221e-7, -2.199e-7, 6.356e-7, 3.672e-7, -2.684e-7, 5.257e-7, 3.143e-7, -2.114e-7, 5.929e-7, 3.442e-7, -2.487e-7, 6.890e-7, 3.965e-7, -2.924e-7, 7.713e-7, 4.365e-7, -3.348e-7, 6.734e-7, 3.956e-7, -2.779e-7, 7.424e-7, 4.276e-7, -3.148e-7
0.292, 5.353e-7, 3.217e-7, -2.135e-7, 6.257e-7, 3.652e-7, -2.605e-7, 5.196e-7, 3.141e-7, -2.055e-7, 5.840e-7, 3.423e-7, -2.417e-7, 6.823e-7, 3.970e-7, -2.853e-7, 7.611e-7, 4.355e-7, -3.256e-7, 6.668e-7, 3.957e-7, -2.711e-7, 7.325e-7, 4.263e-7, -3.062e-7
0.288, 5.277e-7, 3.210e-7, -2.068e-7, 6.161e-7, 3.633e-7, -2.528e-7, 5.114e-7, 3.122e-7, -1.992e-7, 5.750e-7, 3.404e-7, -2.346e-7, 6.737e-7, 3.961e-7, -2.775e-7, 7.503e-7, 4.341e-7, -3.162e-7, 6.582e-7, 3.943e-7, -2.639e-7, 7.220e-7, 4.240e-7, -2.979e-7
0.284, 5.203e-7, 3.205e-7, -1.998e-7, 6.073e-7, 3.623e-7, -2.450e-7, 5.035e-7, 3.112e-7, -1.923e-7, 5.659e-7, 3.388e-7, -2.271e-7, 6.649e-7, 3.961e-7, -2.688e-7, 7.395e-7, 4.328e-7, -3.067e-7, 6.499e-7, 3.936e-7, -2.563e-7, 7.113e-7, 4.226e-7, -2.887e-7
0.280, 5.118e-7, 3.190e-7, -1.928e-7, 5.963e-7, 3.601e-7, -2.363e-7, 4.949e-7, 3.095e-7, -1.853e-7, 5.552e-7, 3.361e-7, -2.191e-7, 6.557e-7, 3.948e-7, -2.609e-7, 7.274e-7, 4.306e-7, -2.968e-7, 6.405e-7, 3.920e-7, -2.486e-7, 6.997e-7, 4.199e-7, -2.798e-7
0.276, 5.029e-7, 3.174e-7, -1.855e-7, 5.860e-7, 3.577e-7, -2.283e-7, 4.862e-7, 3.078e-7, -1.785e-7, 5.465e-7, 3.344e-7, -2.121e-7, 6.453e-7, 3.935e-7, -2.518e-7, 7.164e-7, 4.288e-7, -2.876e-7, 6.297e-7, 3.899e-7, -2.398e-7, 6.880e-7, 4.176e-7, -2.704e-7
0.272, 4.959e-7, 3.167e-7, -1.792e-7, 5.782e-7, 3.573e-7, -2.209e-7, 4.788e-7, 3.060e-7, -1.728e-7, 5.382e-7, 3.326e-7, -2.056e-7, 6.360e-7, 3.923e-7, -2.437e-7, 7.059e-7, 4.276e-7, -2.783e-7, 6.212e-7, 3.889e-7, -2.323e-7, 6.778e-7, 4.160e-7, -2.618e-7
0.268, 4.879e-7, 3.150e-7, -1.729e-7, 5.678e-7, 3.544e-7, -2.134e-7, 4.697e-7, 3.036e-7, -1.661e-7, 5.281e-7, 3.296e-7, -1.986e-7, 6.260e-7, 3.906e-7, -2.355e-7, 6.935e-7, 4.247e-7, -2.688e-7, 6.108e-7, 3.866e-7, -2.243e-7, 6.657e-7, 4.128e-7, -2.529e-7
0.264, 4.798e-7, 3.136e-7, -1.662e-7, 5.594e-7, 3.535e-7, -2.059e-7, 4.622e-7, 3.019e-7, -1.603e-7, 5.198e-7, 3.279e-7, -1.919e-7, 6.165e-7, 3.894e-7, -2.271e-7, 6.834e-7, 4.235e-7, -2.599e-7, 6.018e-7, 3.849e-7, -2.168e-7, 6.551e-7, 4.108e-7, -2.443e-7
0.260, 4.704e-7, 3.106e-7, -1.598e-7, 5.481e-7, 3.496e-7, -1.985e-7, 4.533e-7, 2.991e-7, -1.541e-7, 5.096e-7, 3.243e-7, -1.852e-7, 6.050e-7, 3.863e-7, -2.187e-7, 6.702e-7, 4.196e-7, -2.506e-7, 5.902e-7, 3.813e-7, -2.089e-7, 6.424e-7, 4.066e-7, -2.358e-7
0.256, 4.628e-7, 3.089e-7, -1.540e-7, 5.400e-7, 3.480e-7, -1.920e-7, 4.457e-7, 2.971e-7, -1.487e-7, 5.013e-7, 3.222e-7, -1.791e-7, 5.951e-7, 3.841e-7, -2.110e-7, 6.599e-7, 4.178e-7, -2.421e-7, 5.807e-7, 3.789e-7, -2.017e-7, 6.315e-7, 4.037e-7, -2.278e-7
0.252, 4.555e-7, 3.074e-7, -1.482e-7, 5.306e-7, 3.453e-7, -1.852e-7, 4.377e-7, 2.945e-7, -1.432e-7, 4.920e-7, 3.194e-7, -1.725e-7, 5.857e-7, 3.817e-7, -2.041e-7, 6.483e-7, 4.145e-7, -2.339e-7, 5.708e-7, 3.765e-7, -1.944e-7, 6.208e-7, 4.008e-7, -2.200e-7
0.248, 4.483e-7, 3.055e-7, -1.428e-7, 5.221e-7, 3.433e-7, -1.788e-7, 4.300e-7, 2.921e-7, -1.378e-7, 4.836e-7, 3.171e-7, -1.666e-7, 5.760e-7, 3.795e-7, -1.966e-7, 6.384e-7, 4.128e-7, -2.256e-7, 5.619e-7, 3.741e-7, -1.878e-7, 6.106e-7, 3.986e-7, -2.121e-7
0.244, 4.396e-7, 3.024e-7, -1.372e-7, 5.122e-7, 3.405e-7, -1.717e-7, 4.217e-7, 2.891e-7, -1.326e-7, 4.747e-7, 3.138e-7, -1.609e-7, 5.652e-7, 3.761e-7, -1.891e-7, 6.265e-7, 4.087e-7, -2.178e-7, 5.516e-7, 3.706e-7, -1.810e-7, 5.993e-7, 3.943e-7, -2.050e-7
0.240, 4.324e-7, 2.999e-7, -1.326e-7, 5.031e-7, 3.366e-7, -1.665e-7, 4.147e-7, 2.863e-7, -1.284e-7, 4.660e-7, 3.099e-7, -1.562e-7, 5.564e-7, 3.731e-7, -1.833e-7, 6.157e-7, 4.050e-7, -2.108e-7, 5.424e-7, 3.670e-7, -1.754e-7, 5.891e-7, 3.905e-7, -1.986e-7
0.236, 4.249e-7, 2.970e-7, -1.279e-7, 4.944e-7, 3.338e-7, -1.605e-7, 4.065e-7, 2.830e-7, -1.235e-7, 4.578e-7, 3.073e-7, -1.505e-7, 5.475e-7, 3.701e-7, -1.774e-7, 6.051e-7, 4.012e-7, -2.039e-7, 5.336e-7, 3.641e-7, -1.694e-7, 5.787e-7, 3.870e-7, -1.918e-7
0.232, 4.179e-7, 2.945e-7, -1.234e-7, 4.859e-7, 3.305e-7, -1.555e-7, 3.999e-7, 2.803e-7, -1.195e-7, 4.487e-7, 3.031e-7, -1.456e-7, 5.375e-7, 3.664e-7, -1.711e-7, 5.945e-7, 3.970e-7, -1.975e-7, 5.245e-7, 3.609e-7, -1.636e-7, 5.687e-7, 3.827e-7, -1.859e-7
0.228, 4.108e-7, 2.917e-7, -1.191e-7, 4.772e-7, 3.273e-7, -1.499e-7, 3.929e-7, 2.774e-7, -1.155e-7, 4.407e-7, 3.007e-7, -1.400e-7, 5.289e-7, 3.636e-7, -1.653e-7, 5.846e-7, 3.942e-7, -1.904e-7, 5.159e-7, 3.576e-7, -1.584e-7, 5.601e-7, 3.800e-7, -1.801e-7
0.224, 4.045e-7, 2.889e-7, -1.156e-7, 4.686e-7, 3.242e-7, -1.445e-7, 3.862e-7, 2.746e-7, -1.115e-7, 4.332e-7, 2.973e-7, -1.359e-7, 5.200e-7, 3.601e-7, -1.599e-7, 5.747e-7, 3.903e-7, -1.845e-7, 5.078e-7, 3.544e-7, -1.534e-7, 5.492e-7, 3.751e-7, -1.741e-7
0.220, 3.971e-7, 2.854e-7, -1.116e-7, 4.605e-7, 3.204e-7, -1.400e-7, 3.789e-7, 2.715e-7, -1.075e-7, 4.251e-7, 2.934e-7, -1.317e-7, 5.112e-7, 3.563e-7, -1.548e-7, 5.653e-7, 3.858e-7, -1.795e-7, 4.993e-7, 3.505e-7, -1.488e-7, 5.405e-7, 3.713e-7, -1.692e-7
0.216, 3.905e-7, 2.826e-7, -1.079e-7, 4.528e-7, 3.169e-7, -1.359e-7, 3.725e-7, 2.680e-7, -1.045e-7, 4.169e-7, 2.898e-7, -1.271e-7, 5.028e-7, 3.526e-7, -1.502e-7, 5.554e-7, 3.815e-7, -1.740e-7, 4.908e-7, 3.468e-7, -1.440e-7, 5.310e-7, 3.670e-7, -1.641e-7
0.212, 3.838e-7, 2.792e-7, -1.046e-7, 4.436e-7, 3.124e-7, -1.313e-7, 3.656e-7, 2.643e-7, -1.013e-7, 4.093e-7, 2.862e-7, -1.230e-7, 4.945e-7, 3.487e-7, -1.459e-7, 5.456e-7, 3.766e-7, -1.690e-7, 4.821e-7, 3.428e-7, -1.393e-7, 5.221e-7, 3.624e-7, -1.597e-7
0.208, 3.779e-7, 2.763e-7, -1.016e-7, 4.368e-7, 3.092e-7, -1.276e-7, 3.600e-7, 2.617e-7, -9.830e-8, 4.023e-7, 2.824e-7, -1.199e-7, 4.859e-7, 3.449e-7, -1.410e-7, 5.365e-7, 3.726e-7, -1.639e-7, 4.747e-7, 3.393e-7, -1.354e-7, 5.145e-7, 3.589e-7, -1.556e-7
0.204, 3.711e-7, 2.733e-7, -9.787e-8, 4.287e-7, 3.054e-7, -1.233e-7, 3.534e-7, 2.584e-7, -9.503e-8, 3.949e-7, 2.790e-7, -1.159e-7, 4.776e-7, 3.409e-7, -1.367e-7, 5.277e-7, 3.684e-7, -1.593e-7, 4.667e-7, 3.354e-7, -1.313e-7, 5.060e-7, 3.548e-7, -1.512e-7
0.200, 3.652e-7, 2.701e-7, -9.511e-8, 4.217e-7, 3.020e-7, -1.197e-7, 3.476e-7, 2.552e-7, -9.243e-8, 3.884e-7, 2.754e-7, -1.131e-7, 4.705e-7, 3.371e-7, -1.334e-7, 5.193e-7, 3.643e-7, -1.550e-7, 4.591e-7, 3.316e-7, -1.275e-7, 4.979e-7, 3.508e-7, -1.471e-7
0.196, 3.588e-7, 2.671e-7, -9.162e-8, 4.123e-7, 2.975e-7, -1.149e-7, 3.407e-7, 2.518e-7, -8.892e-8, 3.804e-7, 2.719e-7, -1.084e-7, 4.609e-7, 3.326e-7, -1.282e-7, 5.094e-7, 3.598e-7, -1.497e-7, 4.505e-7, 3.273e-7, -1.233e-7, 4.880e-7, 3.459e-7, -1.420e-7
0.192, 3.525e-7, 2.633e-7, -8.922e-8, 4.051e-7, 2.930e-7, -1.121e-7, 3.349e-7, 2.481e-7, -8.681e-8, 3.735e-7, 2.678e-7, -1.058e-7, 4.533e-7, 3.282e-7, -1.251e-7, 5.010e-7, 3.548e-7, -1.462e-7, 4.434e-7, 3.234e-7, -1.200e-7, 4.806e-7, 3.416e-7, -1.390e-7
0.188, 3.469e-7, 2.602e-7, -8.670e-8, 3.992e-7, 2.901e-7, -1.091e-7, 3.293e-7, 2.449e-7, -8.440e-8, 3.684e-7, 2.652e-7, -1.031e-7, 4.454e-7, 3.244e-7, -1.210e-7, 4.939e-7, 3.513e-7, -1.426e-7, 4.358e-7, 3.190e-7, -1.168e-7, 4.737e-7, 3.377e-7, -1.360e-7
0.184, 3.409e-7, 2.566e-7, -8.425e-8, 3.924e-7, 2.861e-7, -1.063e-7, 3.235e-7, 2.413e-7, -8.215e-8, 3.614e-7, 2.610e-7, -1.004e-7, 4.389e-7, 3.205e-7, -1.184e-7, 4.858e-7, 3.468e-7, -1.390e-7, 4.279e-7, 3.147e-7, -1.133e-7, 4.662e-7, 3.336e-7, -1.325e-7
0.180, 3.347e-7, 2.532e-7, -8.150e-8, 3.859e-7, 2.822e-7, -1.036e-7, 3.173e-7, 2.376e-7, -7.970e-8, 3.554e-7, 2.575e-7, -9.789e-8, 4.307e-7, 3.165e-7, -1.142e-7, 4.781e-7, 3.422e-7, -1.359e-7, 4.206e-7, 3.106e-7, -1.101e-7, 4.590e-7, 3.295e-7, -1.295e-7
0.176, 3.293e-7, 2.497e-7, -7.956e-8, 3.798e-7, 2.787e-7, -1.012e-7, 3.123e-7, 2.349e-7, -7.744e-8, 3.495e-7, 2.541e-7, -9.542e-8, 4.243e-7, 3.123e-7, -1.120e-7, 4.700e-7, 3.379e-7, -1.321e-7, 4.141e-7, 3.070e-7, -1.071e-7, 4.525e-7, 3.258e-7, -1.266e-7
0.172, 3.241e-7, 2.469e-7, -7.721e-8, 3.737e-7, 2.749e-7, -9.882e-8, 3.073e-7, 2.315e-7, -7.578e-8, 3.448e-7, 2.509e-7, -9.392e-8, 4.169e-7, 3.080e-7, -1.088e-7, 4.631e-7, 3.336e-7, -1.295e-7, 4.064e-7, 3.023e-7, -1.041e-7, 4.458e-7, 3.216e-7, -1.242e-7
0.168, 3.183e-7, 2.433e-7, -7.493e-8, 3.675e-7, 2.716e-7, -9.593e-8, 3.015e-7, 2.280e-7, -7.345e-8, 3.387e-7, 2.474e-7, -9.132e-8, 4.093e-7, 3.039e-7, -1.054e-7, 4.563e-7, 3.299e-7, -1.264e-7, 3.994e-7, 2.979e-7, -1.015e-7, 4.387e-7, 3.179e-7, -1.208e-7
0.164, 3.133e-7, 2.401e-7, -7.317e-8, 3.632e-7, 2.690e-7, -9.417e-8, 2.968e-7, 2.251e-7, -7.171e-8, 3.336e-7, 2.442e-7, -8.938e-8, 4.030e-7, 3.001e-7, -1.029e-7, 4.503e-7, 3.262e-7, -1.241e-7, 3.933e-7, 2.945e-7, -9.880e-8, 4.331e-7, 3.144e-7, -1.187e-7
0.160, 3.083e-7, 2.369e-7, -7.143e-8, 3.573e-7, 2.651e-7, -9.229e-8, 2.920e-7, 2.219e-7, -7.015e-8, 3.286e-7, 2.410e-7, -8.756e-8, 3.960e-7, 2.955e-7, -1.004e-7, 4.442e-7, 3.222e-7, -1.220e-7, 3.868e-7, 2.902e-7, -9.665e-8, 4.272e-7, 3.105e-7, -1.167e-7
0.156, 3.034e-7, 2.335e-7, -6.988e-8, 3.525e-7, 2.619e-7, -9.059e-8, 2.870e-7, 2.182e-7, -6.883e-8, 3.248e-7, 2.382e-7, -8.656e-8, 3.899e-7, 2.919e-7, -9.804e-8, 4.387e-7, 3.188e-7, -1.199e-7, 3.801e-7, 2.861e-7, -9.394e-8, 4.219e-7, 3.070e-7, -1.149e-7
0.152, 2.987e-7, 2.307e-7, -6.808e-8, 3.481e-7, 2.591e-7, -8.903e-8, 2.830e-7, 2.158e-7, -6.721e-8, 3.212e-7, 2.363e-7, -8.498e-8, 3.845e-7, 2.882e-7, -9.628e-8, 4.329e-7, 3.154e-7, -1.175e-7, 3.747e-7, 2.825e-7, -9.220e-8, 4.172e-7, 3.043e-7, -1.129e-7
0.148, 2.946e-7, 2.282e-7, -6.645e-8, 3.438e-7, 2.566e-7, -8.711e-8, 2.781e-7, 2.126e-7, -6.548e-8, 3.168e-7, 2.334e-7, -8.338e-8, 3.783e-7, 2.846e-7, -9.368e-8, 4.272e-7, 3.122e-7, -1.151e-7, 3.689e-7, 2.789e-7, -9.002e-8, 4.117e-7, 3.007e-7, -1.110e-7
0.144, 2.904e-7, 2.255e-7, -6.483e-8, 3.409e-7, 2.546e-7, -8.633e-8, 2.751e-7, 2.105e-7, -6.463e-8, 3.140e-7, 2.319e-7, -8.206e-8, 3.726e-7, 2.813e-7, -9.136e-8, 4.233e-7, 3.093e-7, -1.140e-7, 3.634e-7, 2.753e-7, -8.807e-8, 4.079e-7, 2.986e-7, -1.093e-7
0.140, 2.868e-7, 2.231e-7, -6.373e-8, 3.369e-7, 2.522e-7, -8.467e-8, 2.710e-7, 2.076e-7, -6.335e-8, 3.102e-7, 2.292e-7, -8.101e-8, 3.678e-7, 2.781e-7, -8.971e-8, 4.186e-7, 3.067e-7, -1.120e-7, 3.583e-7, 2.718e-7, -8.646e-8, 4.029e-7, 2.951e-7, -1.078e-7
0.136, 2.829e-7, 2.205e-7, -6.245e-8, 3.329e-7, 2.495e-7, -8.340e-8, 2.672e-7, 2.052e-7, -6.209e-8, 3.070e-7, 2.269e-7, -8.013e-8, 3.624e-7, 2.744e-7, -8.798e-8, 4.144e-7, 3.036e-7, -1.108e-7, 3.528e-7, 2.684e-7, -8.440e-8, 3.988e-7, 2.923e-7, -1.064e-7
0.132, 2.795e-7, 2.182e-7, -6.126e-8, 3.306e-7, 2.480e-7, -8.262e-8, 2.638e-7, 2.030e-7, -6.075e-8, 3.050e-7, 2.259e-7, -7.905e-8, 3.579e-7, 2.716e-7, -8.623e-8, 4.101e-7, 3.010e-7, -1.091e-7, 3.481e-7, 2.655e-7, -8.264e-8, 3.949e-7, 2.900e-7, -1.050e-7
0.128, 2.760e-7, 2.156e-7, -6.040e-8, 3.272e-7, 2.454e-7, -8.178e-8, 2.609e-7, 2.006e-7, -6.027e-8, 3.023e-7, 2.235e-7, -7.876e-8, 3.531e-7, 2.684e-7, -8.469e-8, 4.067e-7, 2.984e-7, -1.083e-7, 3.434e-7, 2.621e-7, -8.131e-8, 3.916e-7, 2.873e-7, -1.043e-7
0.124, 2.736e-7, 2.139e-7, -5.965e-8, 3.257e-7, 2.444e-7, -8.137e-8, 2.585e-7, 1.987e-7, -5.983e-8, 3.008e-7, 2.225e-7, -7.839e-8, 3.496e-7, 2.659e-7, -8.370e-8, 4.042e-7, 2.969e-7, -1.073e-7, 3.397e-7, 2.593e-7, -8.038e-8, 3.897e-7, 2.861e-7, -1.036e-7
0.120, 2.703e-7, 2.116e-7, -5.870e-8, 3.231e-7, 2.425e-7, -8.067e-8, 2.556e-7, 1.966e-7, -5.902e-8, 2.984e-7, 2.204e-7, -7.800e-8, 3.451e-7, 2.630e-7, -8.208e-8, 4.000e-7, 2.936e-7, -1.064e-7, 3.356e-7, 2.565e-7, -7.910e-8, 3.854e-7, 2.833e-7, -1.021e-7
0.116, 2.675e-7, 2.100e-7, -5.757e-8, 3.207e-7, 2.409e-7, -7.978e-8, 2.526e-7, 1.950e-7, -5.765e-8, 2.966e-7, 2.199e-7, -7.673e-8, 3.418e-7, 2.606e-7, -8.116e-8, 3.975e-7, 2.924e-7, -1.051e-7, 3.317e-7, 2.539e-7, -7.774e-8, 3.830e-7, 2.818e-7, -1.012e-7
0.112, 2.655e-7, 2.086e-7, -5.690e-8, 3.201e-7, 2.402e-7, -7.983e-8, 2.510e-7, 1.935e-7, -5.747e-8, 2.955e-7, 2.184e-7, -7.712e-8, 3.380e-7, 2.580e-7, -7.998e-8, 3.949e-7, 2.904e-7, -1.045e-7, 3.275e-7, 2.513e-7, -7.623e-8, 3.799e-7, 2.794e-7, -1.004e-7
0.108, 2.629e-7, 2.067e-7, -5.623e-8, 3.176e-7, 2.391e-7, -7.851e-8, 2.489e-7, 1.922e-7, -5.664e-8, 2.937e-7, 2.175e-7, -7.618e-8, 3.343e-7, 2.559e-7, -7.839e-8, 3.933e-7, 2.894e-7, -1.038e-7, 3.239e-7, 2.489e-7, -7.499e-8, 3.776e-7, 2.781e-7, -9.954e-8
0.104, 2.614e-7, 2.057e-7, -5.571e-8, 3.173e-7, 2.384e-7, -7.890e-8, 2.472e-7, 1.910e-7, -5.628e-8, 2.935e-7, 2.171e-7, -7.636e-8, 3.314e-7, 2.540e-7, -7.733e-8, 3.907e-7, 2.878e-7, -1.029e-7, 3.212e-7, 2.469e-7, -7.436e-8, 3.758e-7, 2.766e-7, -9.919e-8
0.100, 2.598e-7, 2.043e-7, -5.546e-8, 3.169e-7, 2.378e-7, -7.915e-8, 2.464e-7, 1.899e-7, -5.650e-8, 2.929e-7, 2.164e-7, -7.652e-8, 3.283e-7, 2.519e-7, -7.641e-8, 3.894e-7, 2.866e-7, -1.028e-7, 3.188e-7, 2.450e-7, -7.382e-8, 3.748e-7, 2.755e-7, -9.932e-8
0.096, 2.583e-7, 2.037e-7, -5.468e-8, 3.157e-7, 2.376e-7, -7.807e-8, 2.446e-7, 1.891e-7, -5.544e-8, 2.918e-7, 2.159e-7, -7.593e-8, 3.258e-7, 2.505e-7, -7.529e-8, 3.880e-7, 2.859e-7, -1.021e-7, 3.156e-7, 2.430e-7, -7.260e-8, 3.730e-7, 2.748e-7, -9.814e-8
0.092, 2.570e-7, 2.026e-7, -5.438e-8, 3.142e-7, 2.361e-7, -7.809e-8, 2.437e-7, 1.877e-7, -5.603e-8, 2.914e-7, 2.153e-7, -7.603e-8, 3.230e-7, 2.479e-7, -7.511e-8, 3.870e-7, 2.847e-7, -1.023e-7, 3.129e-7, 2.409e-7, -7.200e-8, 3.715e-7, 2.730e-7, -9.846e-8
0.088, 2.557e-7, 2.015e-7, -5.418e-8, 3.156e-7, 2.366e-7, -7.902e-8, 2.427e-7, 1.872e-7, -5.544e-8, 2.918e-7, 2.154e-7, -7.636e-8, 3.217e-7, 2.471e-7, -7.460e-8, 3.857e-7, 2.839e-7, -1.018e-7, 3.110e-7, 2.395e-7, -7.154e-8, 3.712e-7, 2.728e-7, -9.834e-8
0.084, 2.540e-7, 2.005e-7, -5.351e-8, 3.144e-7, 2.361e-7, -7.831e-8, 2.413e-7, 1.863e-7, -5.503e-8, 2.916e-7, 2.157e-7, -7.584e-8, 3.192e-7, 2.452e-7, -7.404e-8, 3.847e-7, 2.830e-7, -1.017e-7, 3.083e-7, 2.378e-7, -7.045e-8, 3.694e-7, 2.720e-7, -9.743e-8
0.080, 2.537e-7, 2.002e-7, -5.353e-8, 3.149e-7, 2.364e-7, -7.856e-8, 2.409e-7, 1.860e-7, -5.485e-8, 2.918e-7, 2.158e-7, -7.603e-8, 3.169e-7, 2.442e-7, -7.267e-8, 3.847e-7, 2.831e-7, -1.016e-7, 3.064e-7, 2.365e-7, -6.985e-8, 3.689e-7, 2.714e-7, -9.758e-8
0.076, 2.534e-7, 2.002e-7, -5.316e-8, 3.157e-7, 2.373e-7, -7.847e-8, 2.399e-7, 1.852e-7, -5.463e-8, 2.919e-7, 2.160e-7, -7.595e-8, 3.154e-7, 2.431e-7, -7.229e-8, 3.832e-7, 2.823e-7, -1.009e-7, 3.050e-7, 2.355e-7, -6.949e-8, 3.684e-7, 2.716e-7, -9.686e-8
0.072, 2.526e-7, 1.996e-7, -5.300e-8, 3.161e-7, 2.373e-7, -7.874e-8, 2.396e-7, 1.852e-7, -5.441e-8, 2.931e-7, 2.166e-7, -7.651e-8, 3.144e-7, 2.420e-7, -7.243e-8, 3.834e-7, 2.825e-7, -1.009e-7, 3.037e-7, 2.344e-7, -6.933e-8, 3.680e-7, 2.706e-7, -9.743e-8
0.068, 2.519e-7, 1.993e-7, -5.260e-8, 3.174e-7, 2.382e-7, -7.921e-8, 2.394e-7, 1.849e-7, -5.452e-8, 2.941e-7, 2.169e-7, -7.725e-8, 3.124e-7, 2.409e-7, -7.145e-8, 3.831e-7, 2.821e-7, -1.010e-7, 3.023e-7, 2.334e-7, -6.885e-8, 3.675e-7, 2.705e-7, -9.697e-8
0.064, 2.517e-7, 1.991e-7, -5.259e-8, 3.179e-7, 2.386e-7, -7.930e-8, 2.399e-7, 1.849e-7, -5.508e-8, 2.940e-7, 2.170e-7, -7.698e-8, 3.114e-7, 2.401e-7, -7.128e-8, 3.833e-7, 2.822e-7, -1.010e-7, 3.002e-7, 2.318e-7, -6.837e-8, 3.667e-7, 2.699e-7, -9.687e-8
0.060, 2.523e-7, 1.997e-7, -5.267e-8, 3.198e-7, 2.400e-7, -7.974e-8, 2.402e-7, 1.856e-7, -5.465e-8, 2.967e-7, 2.191e-7, -7.763e-8, 3.107e-7, 2.399e-7, -7.082e-8, 3.844e-7, 2.826e-7, -1.018e-7, 2.999e-7, 2.316e-7, -6.825e-8, 3.679e-7, 2.708e-7, -9.714e-8
0.056, 2.530e-7, 2.003e-7, -5.266e-8, 3.218e-7, 2.419e-7, -7.984e-8, 2.405e-7, 1.858e-7, -5.470e-8, 2.976e-7, 2.200e-7, -7.768e-8, 3.101e-7, 2.394e-7, -7.067e-8, 3.852e-7, 2.838e-7, -1.014e-7, 2.994e-7, 2.316e-7, -6.778e-8, 3.686e-7, 2.715e-7, -9.705e-8
0.052, 2.533e-7, 2.009e-7, -5.243e-8, 3.237e-7, 2.436e-7, -8.007e-8, 2.412e-7, 1.866e-7, -5.454e-8, 2.997e-7, 2.217e-7, -7.801e-8, 3.094e-7, 2.393e-7, -7.012e-8, 3.859e-7, 2.842e-7, -1.016e-7, 2.989e-7, 2.315e-7, -6.743e-8, 3.694e-7, 2.716e-7, -9.781e-8
0.048, 2.544e-7, 2.017e-7, -5.273e-8, 3.259e-7, 2.457e-7, -8.014e-8, 2.421e-7, 1.875e-7, -5.464e-8, 3.022e-7, 2.237e-7, -7.853e-8, 3.096e-7, 2.396e-7, -7.001e-8, 3.876e-7, 2.859e-7, -1.017e-7, 2.980e-7, 2.308e-7, -6.720e-8, 3.698e-7, 2.725e-7, -9.734e-8
0.044, 2.548e-7, 2.026e-7, -5.220e-8, 3.280e-7, 2.478e-7, -8.020e-8, 2.429e-7, 1.883e-7, -5.465e-8, 3.041e-7, 2.258e-7, -7.827e-8, 3.091e-7, 2.396e-7, -6.951e-8, 3.885e-7, 2.866e-7, -1.019e-7, 2.979e-7, 2.308e-7, -6.706e-8, 3.706e-7, 2.731e-7, -9.747e-8
0.040, 2.569e-7, 2.043e-7, -5.259e-8, 3.325e-7, 2.513e-7, -8.121e-8, 2.442e-7, 1.893e-7, -5.488e-8, 3.076e-7, 2.285e-7, -7.908e-8, 3.100e-7, 2.403e-7, -6.976e-8, 3.903e-7, 2.881e-7, -1.022e-7, 2.981e-7, 2.309e-7, -6.717e-8, 3.719e-7, 2.744e-7, -9.749e-8
0.036, 2.593e-7, 2.067e-7, -5.254e-8, 3.357e-7, 2.548e-7, -8.090e-8, 2.467e-7, 1.919e-7, -5.474e-8, 3.111e-7, 2.319e-7, -7.925e-8, 3.096e-7, 2.405e-7, -6.905e-8, 3.932e-7, 2.909e-7, -1.022e-7, 2.988e-7, 2.319e-7, -6.693e-8, 3.746e-7, 2.767e-7, -9.791e-8
0.032, 2.604e-7, 2.085e-7, -5.193e-8, 3.398e-7, 2.589e-7, -8.092e-8, 2.478e-7, 1.934e-7, -5.438e-8, 3.133e-7, 2.344e-7, -7.892e-8, 3.108e-7, 2.417e-7, -6.919e-8, 3.946e-7, 2.927e-7, -1.019e-7, 2.987e-7, 2.323e-7, -6.635e-8, 3.760e-7, 2.785e-7, -9.745e-8
0.028, 2.635e-7, 2.112e-7, -5.231e-8, 3.447e-7, 2.642e-7, -8.052e-8, 2.508e-7, 1.959e-7, -5.486e-8, 3.183e-7, 2.396e-7, -7.867e-8, 3.120e-7, 2.431e-7, -6.893e-8, 3.981e-7, 2.957e-7, -1.024e-7, 3.001e-7, 2.335e-7, -6.652e-8, 3.787e-7, 2.809e-7, -9.781e-8
0.024, 2.665e-7, 2.144e-7, -5.207e-8, 3.506e-7, 2.697e-7, -8.087e-8, 2.532e-7, 1.990e-7, -5.428e-8, 3.238e-7, 2.445e-7, -7.931e-8, 3.139e-7, 2.451e-7, -6.875e-8, 4.019e-7, 2.994e-7, -1.024e-7, 3.014e-7, 2.349e-7, -6.651e-8, 3.820e-7, 2.840e-7, -9.805e-8
0.020, 2.705e-7, 2.179e-7, -5.262e-8, 3.573e-7, 2.759e-7, -8.135e-8, 2.570e-7, 2.020e-7, -5.503e-8, 3.296e-7, 2.501e-7, -7.953e-8, 3.159e-7, 2.469e-7, -6.904e-8, 4.060e-7, 3.034e-7, -1.026e-7, 3.032e-7, 2.366e-7, -6.654e-8, 3.851e-7, 2.871e-7, -9.794e-8
0.016, 2.738e-7, 2.216e-7, -5.219e-8, 3.639e-7, 2.831e-7, -8.081e-8, 2.609e-7, 2.060e-7, -5.493e-8, 3.357e-7, 2.562e-7, -7.947e-8, 3.177e-7, 2.489e-7, -6.881e-8, 4.095e-7, 3.072e-7, -1.024e-7, 3.043e-7, 2.383e-7, -6.601e-8, 3.885e-7, 2.904e-7, -9.809e-8
0.012, 2.787e-7, 2.270e-7, -5.167e-8, 3.727e-7, 2.923e-7, -8.045e-8, 2.641e-7, 2.100e-7, -5.402e-8, 3.431e-7, 2.641e-7, -7.896e-8, 3.204e-7, 2.518e-7, -6.854e-8, 4.151e-7, 3.127e-7, -1.023e-7, 3.071e-7, 2.410e-7, -6.607e-8, 3.933e-7, 2.950e-7, -9.828e-8
0.008, 2.831e-7, 2.323e-7, -5.083e-8, 3.813e-7, 3.022e-7, -7.907e-8, 2.689e-7, 2.153e-7, -5.365e-8, 3.502e-7, 2.724e-7, -7.785e-8, 3.232e-7, 2.552e-7, -6.797e-8, 4.204e-7, 3.188e-7, -1.016e-7, 3.090e-7, 2.434e-7, -6.558e-8, 3.975e-7, 3.003e-7, -9.721e-8
0.004, 2.896e-7, 2.389e-7, -5.069e-8, 3.921e-7, 3.136e-7, -7.841e-8, 2.742e-7, 2.210e-7, -5.318e-8, 3.594e-7, 2.823e-7, -7.708e-8, 3.263e-7, 2.590e-7, -6.733e-8, 4.274e-7, 3.260e-7, -1.014e-7, 3.121e-7, 2.468e-7, -6.537e-8, 4.036e-7, 3.065e-7, -9.710e-8
-0.000, 2.955e-7, 2.458e-7, -4.965e-8, 4.037e-7, 3.265e-7, -7.715e-8, 2.808e-7, 2.279e-7, -5.289e-8, 3.702e-7, 2.936e-7, -7.656e-8, 3.309e-7, 2.642e-7, -6.673e-8, 4.343e-7, 3.339e-7, -1.004e-7, 3.157e-7, 2.509e-7, -6.484e-8, 4.105e-7, 3.135e-7, -9.696e-8
