0.004, 3.737e-7, -1.231e-6, -1.605e-6, 4.236e-7, -1.312e-6, -1.736e-6, 3.354e-7, -1.093e-6, -1.429e-6, 3.361e-7, -1.124e-6, -1.461e-6, 3.336e-7, -1.070e-6, -1.404e-6, 3.395e-7, -1.117e-6, -1.457e-6, 3.146e-7, -1.060e-6, -1.374e-6, 3.172e-7, -1.109e-6, -1.426e-6
0.008, 4.620e-7, -7.386e-7, -1.201e-6, 5.077e-7, -7.932e-7, -1.301e-6, 4.167e-7, -6.468e-7, -1.064e-6, 4.130e-7, -6.704e-7, -1.083e-6, 4.195e-7, -6.193e-7, -1.039e-6, 4.238e-7, -6.483e-7, -1.072e-6, 3.953e-7, -6.198e-7, -1.015e-6, 3.930e-7, -6.525e-7, -1.046e-6
0.012, 4.493e-7, -5.210e-7, -9.702e-7, 4.803e-7, -5.635e-7, -1.044e-6, 4.032e-7, -4.537e-7, -8.569e-7, 3.979e-7, -4.730e-7, -8.710e-7, 4.072e-7, -4.280e-7, -8.352e-7, 4.088e-7, -4.502e-7, -8.591e-7, 3.821e-7, -4.314e-7, -8.135e-7, 3.779e-7, -4.561e-7, -8.341e-7
0.016, 4.332e-7, -3.809e-7, -8.141e-7, 4.557e-7, -4.149e-7, -8.706e-7, 3.880e-7, -3.296e-7, -7.176e-7, 3.807e-7, -3.464e-7, -7.272e-7, 3.912e-7, -3.065e-7, -6.977e-7, 3.916e-7, -3.244e-7, -7.161e-7, 3.660e-7, -3.120e-7, -6.780e-7, 3.614e-7, -3.311e-7, -6.925e-7
0.020, 4.187e-7, -2.811e-7, -6.999e-7, 4.352e-7, -3.094e-7, -7.446e-7, 3.732e-7, -2.419e-7, -6.150e-7, 3.660e-7, -2.565e-7, -6.225e-7, 3.777e-7, -2.206e-7, -5.983e-7, 3.769e-7, -2.355e-7, -6.124e-7, 3.536e-7, -2.266e-7, -5.802e-7, 3.463e-7, -2.429e-7, -5.892e-7
0.024, 4.048e-7, -2.068e-7, -6.117e-7, 4.172e-7, -2.306e-7, -6.478e-7, 3.608e-7, -1.752e-7, -5.361e-7, 3.525e-7, -1.890e-7, -5.416e-7, 3.652e-7, -1.556e-7, -5.208e-7, 3.631e-7, -1.687e-7, -5.318e-7, 3.414e-7, -1.628e-7, -5.043e-7, 3.340e-7, -1.765e-7, -5.105e-7
0.028, 3.943e-7, -1.475e-7, -5.419e-7, 4.045e-7, -1.681e-7, -5.726e-7, 3.509e-7, -1.226e-7, -4.735e-7, 3.423e-7, -1.350e-7, -4.773e-7, 3.556e-7, -1.042e-7, -4.598e-7, 3.524e-7, -1.160e-7, -4.684e-7, 3.317e-7, -1.118e-7, -4.435e-7, 3.234e-7, -1.243e-7, -4.477e-7
0.032, 3.856e-7, -9.977e-8, -4.853e-7, 3.942e-7, -1.174e-7, -5.116e-7, 3.424e-7, -7.969e-8, -4.221e-7, 3.331e-7, -9.170e-8, -4.248e-7, 3.476e-7, -6.265e-8, -4.103e-7, 3.440e-7, -7.309e-8, -4.171e-7, 3.229e-7, -7.103e-8, -3.940e-7, 3.147e-7, -8.184e-8, -3.965e-7
0.036, 3.786e-7, -5.971e-8, -4.383e-7, 3.853e-7, -7.585e-8, -4.612e-7, 3.365e-7, -4.358e-8, -3.801e-7, 3.264e-7, -5.536e-8, -3.817e-7, 3.410e-7, -2.808e-8, -3.691e-7, 3.372e-7, -3.724e-8, -3.745e-7, 3.171e-7, -3.653e-8, -3.536e-7, 3.079e-7, -4.693e-8, -3.548e-7
0.040, 3.740e-7, -2.573e-8, -3.997e-7, 3.790e-7, -4.064e-8, -4.196e-7, 3.309e-7, -1.411e-8, -3.450e-7, 3.214e-7, -2.487e-8, -3.462e-7, 3.368e-7, 1.159e-9, -3.357e-7, 3.320e-7, -7.558e-9, -3.396e-7, 3.128e-7, -7.453e-9, -3.202e-7, 3.031e-7, -1.726e-8, -3.204e-7
0.044, 3.693e-7, 2.270e-9, -3.670e-7, 3.746e-7, -1.056e-8, -3.852e-7, 3.267e-7, 1.124e-8, -3.155e-7, 3.160e-7, -4.186e-11, -3.161e-7, 3.322e-7, 2.534e-8, -3.069e-7, 3.273e-7, 1.696e-8, -3.103e-7, 3.089e-7, 1.676e-8, -2.922e-7, 2.979e-7, 7.064e-9, -2.908e-7
0.048, 3.662e-7, 2.664e-8, -3.396e-7, 3.704e-7, 1.438e-8, -3.560e-7, 3.246e-7, 3.359e-8, -2.910e-7, 3.132e-7, 2.242e-8, -2.908e-7, 3.305e-7, 4.597e-8, -2.846e-7, 3.243e-7, 3.826e-8, -2.860e-7, 3.064e-7, 3.767e-8, -2.687e-7, 2.949e-7, 2.806e-8, -2.669e-7
0.052, 3.636e-7, 4.707e-8, -3.166e-7, 3.677e-7, 3.603e-8, -3.317e-7, 3.222e-7, 5.174e-8, -2.704e-7, 3.106e-7, 4.078e-8, -2.699e-7, 3.274e-7, 6.324e-8, -2.641e-7, 3.217e-7, 5.602e-8, -2.656e-7, 3.040e-7, 5.485e-8, -2.491e-7, 2.924e-7, 4.545e-8, -2.470e-7
0.056, 3.628e-7, 6.472e-8, -2.981e-7, 3.660e-7, 5.441e-8, -3.116e-7, 3.217e-7, 6.772e-8, -2.540e-7, 3.091e-7, 5.681e-8, -2.523e-7, 3.268e-7, 7.877e-8, -2.480e-7, 3.207e-7, 7.128e-8, -2.494e-7, 3.038e-7, 6.979e-8, -2.340e-7, 2.914e-7, 6.043e-8, -2.309e-7
0.060, 3.633e-7, 8.126e-8, -2.820e-7, 3.661e-7, 7.157e-8, -2.945e-7, 3.216e-7, 8.178e-8, -2.399e-7, 3.091e-7, 7.084e-8, -2.383e-7, 3.274e-7, 9.244e-8, -2.350e-7, 3.197e-7, 8.470e-8, -2.350e-7, 3.043e-7, 8.387e-8, -2.205e-7, 2.912e-7, 7.404e-8, -2.172e-7
0.064, 3.639e-7, 9.520e-8, -2.687e-7, 3.659e-7, 8.625e-8, -2.797e-7, 3.237e-7, 9.500e-8, -2.287e-7, 3.096e-7, 8.346e-8, -2.261e-7, 3.293e-7, 1.048e-7, -2.245e-7, 3.205e-7, 9.701e-8, -2.235e-7, 3.054e-7, 9.563e-8, -2.098e-7, 2.916e-7, 8.558e-8, -2.061e-7
0.068, 3.671e-7, 1.090e-7, -2.581e-7, 3.682e-7, 1.004e-7, -2.678e-7, 3.256e-7, 1.069e-7, -2.187e-7, 3.110e-7, 9.516e-8, -2.159e-7, 3.317e-7, 1.165e-7, -2.152e-7, 3.222e-7, 1.084e-7, -2.138e-7, 3.075e-7, 1.065e-7, -2.010e-7, 2.938e-7, 9.667e-8, -1.971e-7
0.072, 3.715e-7, 1.220e-7, -2.496e-7, 3.721e-7, 1.139e-7, -2.583e-7, 3.303e-7, 1.189e-7, -2.114e-7, 3.146e-7, 1.066e-7, -2.081e-7, 3.354e-7, 1.276e-7, -2.078e-7, 3.256e-7, 1.198e-7, -2.058e-7, 3.125e-7, 1.180e-7, -1.945e-7, 2.975e-7, 1.078e-7, -1.897e-7
0.076, 3.762e-7, 1.348e-7, -2.414e-7, 3.766e-7, 1.275e-7, -2.492e-7, 3.348e-7, 1.300e-7, -2.048e-7, 3.182e-7, 1.176e-7, -2.006e-7, 3.407e-7, 1.388e-7, -2.019e-7, 3.296e-7, 1.304e-7, -1.992e-7, 3.179e-7, 1.294e-7, -1.886e-7, 3.015e-7, 1.182e-7, -1.833e-7
0.080, 3.839e-7, 1.486e-7, -2.353e-7, 3.838e-7, 1.418e-7, -2.420e-7, 3.427e-7, 1.431e-7, -1.996e-7, 3.243e-7, 1.292e-7, -1.952e-7, 3.472e-7, 1.506e-7, -1.966e-7, 3.359e-7, 1.416e-7, -1.943e-7, 3.250e-7, 1.410e-7, -1.840e-7, 3.072e-7, 1.293e-7, -1.779e-7
0.084, 3.943e-7, 1.632e-7, -2.311e-7, 3.943e-7, 1.577e-7, -2.366e-7, 3.521e-7, 1.556e-7, -1.965e-7, 3.324e-7, 1.413e-7, -1.910e-7, 3.563e-7, 1.632e-7, -1.931e-7, 3.438e-7, 1.538e-7, -1.901e-7, 3.348e-7, 1.541e-7, -1.807e-7, 3.153e-7, 1.413e-7, -1.740e-7
0.088, 4.064e-7, 1.793e-7, -2.271e-7, 4.065e-7, 1.744e-7, -2.321e-7, 3.636e-7, 1.702e-7, -1.934e-7, 3.426e-7, 1.550e-7, -1.877e-7, 3.676e-7, 1.768e-7, -1.908e-7, 3.534e-7, 1.667e-7, -1.867e-7, 3.477e-7, 1.687e-7, -1.790e-7, 3.264e-7, 1.548e-7, -1.715e-7
0.092, 4.214e-7, 1.965e-7, -2.248e-7, 4.218e-7, 1.933e-7, -2.285e-7, 3.778e-7, 1.861e-7, -1.918e-7, 3.554e-7, 1.705e-7, -1.849e-7, 3.818e-7, 1.927e-7, -1.892e-7, 3.660e-7, 1.815e-7, -1.845e-7, 3.618e-7, 1.843e-7, -1.775e-7, 3.390e-7, 1.696e-7, -1.694e-7
0.096, 4.404e-7, 2.163e-7, -2.242e-7, 4.428e-7, 2.162e-7, -2.266e-7, 3.964e-7, 2.047e-7, -1.916e-7, 3.712e-7, 1.872e-7, -1.840e-7, 3.993e-7, 2.100e-7, -1.893e-7, 3.818e-7, 1.978e-7, -1.840e-7, 3.809e-7, 2.027e-7, -1.782e-7, 3.561e-7, 1.874e-7, -1.687e-7
0.100, 4.626e-7, 2.383e-7, -2.243e-7, 4.674e-7, 2.422e-7, -2.252e-7, 4.182e-7, 2.258e-7, -1.924e-7, 3.912e-7, 2.070e-7, -1.842e-7, 4.202e-7, 2.305e-7, -1.897e-7, 4.008e-7, 2.171e-7, -1.837e-7, 4.033e-7, 2.237e-7, -1.795e-7, 3.755e-7, 2.064e-7, -1.691e-7
0.104, 4.894e-7, 2.632e-7, -2.262e-7, 4.960e-7, 2.699e-7, -2.260e-7, 4.439e-7, 2.490e-7, -1.949e-7, 4.140e-7, 2.283e-7, -1.857e-7, 4.453e-7, 2.530e-7, -1.923e-7, 4.229e-7, 2.378e-7, -1.851e-7, 4.299e-7, 2.478e-7, -1.821e-7, 3.999e-7, 2.287e-7, -1.712e-7
0.108, 5.197e-7, 2.909e-7, -2.289e-7, 5.235e-7, 2.957e-7, -2.279e-7, 4.745e-7, 2.755e-7, -1.990e-7, 4.413e-7, 2.535e-7, -1.879e-7, 4.736e-7, 2.778e-7, -1.958e-7, 4.499e-7, 2.621e-7, -1.878e-7, 4.604e-7, 2.744e-7, -1.861e-7, 4.277e-7, 2.536e-7, -1.741e-7
0.112, 5.561e-7, 3.218e-7, -2.343e-7, 5.528e-7, 3.215e-7, -2.312e-7, 5.096e-7, 3.053e-7, -2.043e-7, 4.726e-7, 2.808e-7, -1.919e-7, 5.076e-7, 3.068e-7, -2.008e-7, 4.805e-7, 2.887e-7, -1.918e-7, 4.964e-7, 3.043e-7, -1.921e-7, 4.604e-7, 2.818e-7, -1.786e-7
0.116, 5.983e-7, 3.572e-7, -2.412e-7, 5.868e-7, 3.502e-7, -2.366e-7, 5.502e-7, 3.386e-7, -2.115e-7, 5.097e-7, 3.118e-7, -1.979e-7, 5.459e-7, 3.385e-7, -2.074e-7, 5.159e-7, 3.189e-7, -1.971e-7, 5.386e-7, 3.387e-7, -1.999e-7, 4.982e-7, 3.134e-7, -1.848e-7
0.120, 6.440e-7, 3.950e-7, -2.490e-7, 6.261e-7, 3.830e-7, -2.431e-7, 5.959e-7, 3.758e-7, -2.201e-7, 5.506e-7, 3.457e-7, -2.049e-7, 5.891e-7, 3.736e-7, -2.155e-7, 5.560e-7, 3.518e-7, -2.042e-7, 5.852e-7, 3.764e-7, -2.088e-7, 5.399e-7, 3.475e-7, -1.924e-7
0.124, 6.949e-7, 4.363e-7, -2.587e-7, 6.706e-7, 4.192e-7, -2.514e-7, 6.456e-7, 4.159e-7, -2.298e-7, 5.954e-7, 3.820e-7, -2.134e-7, 6.365e-7, 4.119e-7, -2.247e-7, 5.995e-7, 3.872e-7, -2.123e-7, 6.366e-7, 4.173e-7, -2.193e-7, 5.863e-7, 3.852e-7, -2.012e-7
0.128, 7.510e-7, 4.810e-7, -2.699e-7, 7.193e-7, 4.582e-7, -2.611e-7, 6.994e-7, 4.584e-7, -2.410e-7, 6.447e-7, 4.211e-7, -2.236e-7, 6.881e-7, 4.527e-7, -2.354e-7, 6.475e-7, 4.253e-7, -2.222e-7, 6.922e-7, 4.609e-7, -2.313e-7, 6.370e-7, 4.256e-7, -2.113e-7
0.132, 8.104e-7, 5.280e-7, -2.824e-7, 7.724e-7, 4.997e-7, -2.727e-7, 7.582e-7, 5.040e-7, -2.543e-7, 6.966e-7, 4.617e-7, -2.349e-7, 7.441e-7, 4.968e-7, -2.473e-7, 6.982e-7, 4.652e-7, -2.330e-7, 7.516e-7, 5.072e-7, -2.443e-7, 6.916e-7, 4.679e-7, -2.237e-7
0.136, 8.734e-7, 5.775e-7, -2.958e-7, 8.285e-7, 5.440e-7, -2.845e-7, 8.193e-7, 5.514e-7, -2.679e-7, 7.512e-7, 5.043e-7, -2.469e-7, 8.029e-7, 5.428e-7, -2.601e-7, 7.520e-7, 5.077e-7, -2.443e-7, 8.137e-7, 5.559e-7, -2.577e-7, 7.481e-7, 5.120e-7, -2.360e-7
0.140, 9.363e-7, 6.275e-7, -3.088e-7, 8.859e-7, 5.894e-7, -2.965e-7, 8.805e-7, 5.992e-7, -2.814e-7, 8.062e-7, 5.477e-7, -2.585e-7, 8.619e-7, 5.896e-7, -2.723e-7, 8.049e-7, 5.494e-7, -2.555e-7, 8.782e-7, 6.061e-7, -2.720e-7, 8.053e-7, 5.569e-7, -2.485e-7
0.144, 1.001e-6, 6.786e-7, -3.223e-7, 9.440e-7, 6.353e-7, -3.087e-7, 9.433e-7, 6.482e-7, -2.951e-7, 8.620e-7, 5.907e-7, -2.713e-7, 9.229e-7, 6.375e-7, -2.855e-7, 8.598e-7, 5.927e-7, -2.670e-7, 9.422e-7, 6.563e-7, -2.858e-7, 8.631e-7, 6.021e-7, -2.610e-7
0.148, 1.063e-6, 7.289e-7, -3.337e-7, 9.990e-7, 6.798e-7, -3.193e-7, 1.003e-6, 6.965e-7, -3.065e-7, 9.145e-7, 6.331e-7, -2.814e-7, 9.815e-7, 6.848e-7, -2.967e-7, 9.121e-7, 6.344e-7, -2.777e-7, 1.003e-6, 7.060e-7, -2.973e-7, 9.174e-7, 6.457e-7, -2.717e-7
0.152, 1.120e-6, 7.774e-7, -3.431e-7, 1.051e-6, 7.231e-7, -3.280e-7, 1.060e-6, 7.433e-7, -3.165e-7, 9.640e-7, 6.732e-7, -2.908e-7, 1.036e-6, 7.308e-7, -3.055e-7, 9.609e-7, 6.751e-7, -2.858e-7, 1.063e-6, 7.551e-7, -3.082e-7, 9.694e-7, 6.882e-7, -2.812e-7
0.156, 1.174e-6, 8.238e-7, -3.505e-7, 1.098e-6, 7.641e-7, -3.343e-7, 1.111e-6, 7.873e-7, -3.238e-7, 1.009e-6, 7.117e-7, -2.969e-7, 1.088e-6, 7.752e-7, -3.127e-7, 1.005e-6, 7.132e-7, -2.920e-7, 1.117e-6, 8.012e-7, -3.157e-7, 1.015e-6, 7.281e-7, -2.872e-7
0.160, 1.222e-6, 8.682e-7, -3.537e-7, 1.139e-6, 8.021e-7, -3.371e-7, 1.157e-6, 8.291e-7, -3.278e-7, 1.047e-6, 7.469e-7, -3.003e-7, 1.134e-6, 8.171e-7, -3.165e-7, 1.044e-6, 7.491e-7, -2.951e-7, 1.164e-6, 8.444e-7, -3.193e-7, 1.056e-6, 7.651e-7, -2.909e-7
0.164, 1.263e-6, 9.086e-7, -3.542e-7, 1.174e-6, 8.370e-7, -3.367e-7, 1.195e-6, 8.671e-7, -3.284e-7, 1.080e-6, 7.792e-7, -3.004e-7, 1.173e-6, 8.563e-7, -3.166e-7, 1.078e-6, 7.823e-7, -2.953e-7, 1.205e-6, 8.850e-7, -3.196e-7, 1.090e-6, 7.986e-7, -2.911e-7
0.168, 1.296e-6, 9.461e-7, -3.499e-7, 1.202e-6, 8.688e-7, -3.330e-7, 1.228e-6, 9.023e-7, -3.253e-7, 1.105e-6, 8.085e-7, -2.968e-7, 1.206e-6, 8.922e-7, -3.137e-7, 1.103e-6, 8.122e-7, -2.913e-7, 1.238e-6, 9.212e-7, -3.164e-7, 1.116e-6, 8.290e-7, -2.869e-7
0.172, 1.320e-6, 9.796e-7, -3.408e-7, 1.221e-6, 8.973e-7, -3.242e-7, 1.250e-6, 9.335e-7, -3.169e-7, 1.123e-6, 8.347e-7, -2.885e-7, 1.230e-6, 9.243e-7, -3.060e-7, 1.123e-6, 8.395e-7, -2.835e-7, 1.261e-6, 9.539e-7, -3.075e-7, 1.135e-6, 8.562e-7, -2.786e-7
0.176, 1.338e-6, 1.010e-6, -3.286e-7, 1.235e-6, 9.230e-7, -3.118e-7, 1.266e-6, 9.613e-7, -3.047e-7, 1.135e-6, 8.585e-7, -2.768e-7, 1.248e-6, 9.538e-7, -2.943e-7, 1.137e-6, 8.640e-7, -2.728e-7, 1.279e-6, 9.834e-7, -2.953e-7, 1.147e-6, 8.802e-7, -2.667e-7
0.180, 1.348e-6, 1.037e-6, -3.116e-7, 1.243e-6, 9.464e-7, -2.962e-7, 1.275e-6, 9.860e-7, -2.888e-7, 1.142e-6, 8.798e-7, -2.623e-7, 1.259e-6, 9.803e-7, -2.790e-7, 1.144e-6, 8.863e-7, -2.579e-7, 1.288e-6, 1.010e-6, -2.786e-7, 1.153e-6, 9.020e-7, -2.510e-7
0.184, 1.352e-6, 1.061e-6, -2.910e-7, 1.245e-6, 9.685e-7, -2.768e-7, 1.278e-6, 1.008e-6, -2.696e-7, 1.143e-6, 8.991e-7, -2.439e-7, 1.264e-6, 1.004e-6, -2.599e-7, 1.148e-6, 9.073e-7, -2.409e-7, 1.291e-6, 1.032e-6, -2.585e-7, 1.154e-6, 9.224e-7, -2.321e-7
0.188, 1.349e-6, 1.081e-6, -2.673e-7, 1.243e-6, 9.874e-7, -2.554e-7, 1.272e-6, 1.026e-6, -2.464e-7, 1.140e-6, 9.167e-7, -2.233e-7, 1.263e-6, 1.024e-6, -2.389e-7, 1.146e-6, 9.258e-7, -2.205e-7, 1.286e-6, 1.051e-6, -2.354e-7, 1.151e-6, 9.401e-7, -2.108e-7
0.192, 1.342e-6, 1.100e-6, -2.419e-7, 1.237e-6, 1.006e-6, -2.310e-7, 1.265e-6, 1.043e-6, -2.223e-7, 1.135e-6, 9.338e-7, -2.014e-7, 1.256e-6, 1.042e-6, -2.146e-7, 1.142e-6, 9.439e-7, -1.984e-7, 1.278e-6, 1.068e-6, -2.103e-7, 1.144e-6, 9.563e-7, -1.873e-7
0.196, 1.332e-6, 1.118e-6, -2.142e-7, 1.230e-6, 1.024e-6, -2.060e-7, 1.255e-6, 1.059e-6, -1.959e-7, 1.128e-6, 9.505e-7, -1.772e-7, 1.247e-6, 1.058e-6, -1.888e-7, 1.137e-6, 9.613e-7, -1.755e-7, 1.266e-6, 1.083e-6, -1.828e-7, 1.136e-6, 9.725e-7, -1.631e-7
0.200, 1.320e-6, 1.135e-6, -1.856e-7, 1.223e-6, 1.043e-6, -1.797e-7, 1.241e-6, 1.073e-6, -1.680e-7, 1.120e-6, 9.678e-7, -1.524e-7, 1.236e-6, 1.074e-6, -1.619e-7, 1.130e-6, 9.789e-7, -1.509e-7, 1.251e-6, 1.096e-6, -1.548e-7, 1.126e-6, 9.879e-7, -1.379e-7
0.204, 1.305e-6, 1.150e-6, -1.554e-7, 1.214e-6, 1.061e-6, -1.529e-7, 1.226e-6, 1.086e-6, -1.401e-7, 1.111e-6, 9.836e-7, -1.278e-7, 1.223e-6, 1.088e-6, -1.349e-7, 1.122e-6, 9.960e-7, -1.259e-7, 1.235e-6, 1.108e-6, -1.265e-7, 1.117e-6, 1.004e-6, -1.124e-7
0.208, 1.292e-6, 1.165e-6, -1.266e-7, 1.206e-6, 1.080e-6, -1.261e-7, 1.211e-6, 1.098e-6, -1.129e-7, 1.105e-6, 1.002e-6, -1.027e-7, 1.209e-6, 1.101e-6, -1.071e-7, 1.116e-6, 1.014e-6, -1.018e-7, 1.218e-6, 1.120e-6, -9.779e-8, 1.106e-6, 1.019e-6, -8.661e-8
0.212, 1.277e-6, 1.179e-6, -9.810e-8, 1.200e-6, 1.099e-6, -1.004e-7, 1.197e-6, 1.111e-6, -8.545e-8, 1.098e-6, 1.018e-6, -7.924e-8, 1.195e-6, 1.114e-6, -8.070e-8, 1.109e-6, 1.031e-6, -7.804e-8, 1.200e-6, 1.130e-6, -7.039e-8, 1.097e-6, 1.035e-6, -6.223e-8
0.216, 1.263e-6, 1.194e-6, -6.911e-8, 1.194e-6, 1.119e-6, -7.487e-8, 1.183e-6, 1.124e-6, -5.887e-8, 1.092e-6, 1.037e-6, -5.497e-8, 1.181e-6, 1.127e-6, -5.385e-8, 1.104e-6, 1.050e-6, -5.401e-8, 1.184e-6, 1.141e-6, -4.297e-8, 1.089e-6, 1.051e-6, -3.780e-8
0.220, 1.250e-6, 1.207e-6, -4.292e-8, 1.189e-6, 1.139e-6, -5.029e-8, 1.169e-6, 1.135e-6, -3.374e-8, 1.088e-6, 1.055e-6, -3.278e-8, 1.168e-6, 1.139e-6, -2.887e-8, 1.099e-6, 1.068e-6, -3.121e-8, 1.168e-6, 1.150e-6, -1.782e-8, 1.082e-6, 1.067e-6, -1.526e-8
0.224, 1.239e-6, 1.221e-6, -1.734e-8, 1.187e-6, 1.159e-6, -2.776e-8, 1.158e-6, 1.148e-6, -9.983e-9, 1.085e-6, 1.074e-6, -1.121e-8, 1.156e-6, 1.151e-6, -5.071e-9, 1.097e-6, 1.087e-6, -1.041e-8, 1.154e-6, 1.160e-6, 5.951e-9, 1.077e-6, 1.083e-6, 6.148e-9
0.228, 1.228e-6, 1.235e-6, 6.354e-9, 1.183e-6, 1.178e-6, -4.963e-9, 1.146e-6, 1.158e-6, 1.263e-8, 1.083e-6, 1.092e-6, 8.736e-9, 1.145e-6, 1.162e-6, 1.777e-8, 1.094e-6, 1.104e-6, 1.046e-8, 1.140e-6, 1.168e-6, 2.857e-8, 1.072e-6, 1.099e-6, 2.691e-8
0.232, 1.218e-6, 1.247e-6, 2.908e-8, 1.182e-6, 1.197e-6, 1.560e-8, 1.136e-6, 1.169e-6, 3.294e-8, 1.081e-6, 1.109e-6, 2.754e-8, 1.134e-6, 1.173e-6, 3.864e-8, 1.092e-6, 1.122e-6, 2.925e-8, 1.127e-6, 1.176e-6, 4.908e-8, 1.068e-6, 1.113e-6, 4.511e-8
0.236, 1.209e-6, 1.259e-6, 4.992e-8, 1.180e-6, 1.215e-6, 3.520e-8, 1.126e-6, 1.179e-6, 5.259e-8, 1.079e-6, 1.125e-6, 4.570e-8, 1.125e-6, 1.182e-6, 5.781e-8, 1.090e-6, 1.138e-6, 4.805e-8, 1.115e-6, 1.183e-6, 6.791e-8, 1.063e-6, 1.126e-6, 6.281e-8
0.240, 1.200e-6, 1.269e-6, 6.886e-8, 1.178e-6, 1.232e-6, 5.398e-8, 1.118e-6, 1.187e-6, 6.957e-8, 1.077e-6, 1.140e-6, 6.233e-8, 1.115e-6, 1.191e-6, 7.635e-8, 1.088e-6, 1.153e-6, 6.459e-8, 1.103e-6, 1.188e-6, 8.506e-8, 1.059e-6, 1.138e-6, 7.878e-8
0.244, 1.191e-6, 1.278e-6, 8.620e-8, 1.176e-6, 1.246e-6, 7.069e-8, 1.108e-6, 1.195e-6, 8.628e-8, 1.075e-6, 1.153e-6, 7.781e-8, 1.106e-6, 1.198e-6, 9.220e-8, 1.086e-6, 1.166e-6, 8.022e-8, 1.092e-6, 1.192e-6, 1.003e-7, 1.055e-6, 1.149e-6, 9.348e-8
0.248, 1.181e-6, 1.285e-6, 1.031e-7, 1.172e-6, 1.260e-6, 8.712e-8, 1.099e-6, 1.200e-6, 1.010e-7, 1.071e-6, 1.164e-6, 9.255e-8, 1.096e-6, 1.203e-6, 1.079e-7, 1.081e-6, 1.177e-6, 9.571e-8, 1.080e-6, 1.195e-6, 1.152e-7, 1.049e-6, 1.157e-6, 1.077e-7
0.252, 1.171e-6, 1.289e-6, 1.183e-7, 1.167e-6, 1.270e-6, 1.026e-7, 1.088e-6, 1.203e-6, 1.151e-7, 1.067e-6, 1.173e-6, 1.062e-7, 1.086e-6, 1.208e-6, 1.220e-7, 1.077e-6, 1.187e-6, 1.100e-7, 1.068e-6, 1.196e-6, 1.280e-7, 1.042e-6, 1.163e-6, 1.209e-7
0.256, 1.160e-6, 1.293e-6, 1.329e-7, 1.160e-6, 1.278e-6, 1.178e-7, 1.077e-6, 1.205e-6, 1.282e-7, 1.059e-6, 1.179e-6, 1.198e-7, 1.074e-6, 1.210e-6, 1.358e-7, 1.069e-6, 1.193e-6, 1.241e-7, 1.054e-6, 1.195e-6, 1.409e-7, 1.033e-6, 1.167e-6, 1.340e-7
0.260, 1.146e-6, 1.294e-6, 1.474e-7, 1.151e-6, 1.284e-6, 1.327e-7, 1.064e-6, 1.205e-6, 1.412e-7, 1.050e-6, 1.184e-6, 1.334e-7, 1.062e-6, 1.211e-6, 1.489e-7, 1.060e-6, 1.198e-6, 1.379e-7, 1.038e-6, 1.191e-6, 1.529e-7, 1.023e-6, 1.169e-6, 1.461e-7
0.264, 1.132e-6, 1.293e-6, 1.608e-7, 1.140e-6, 1.287e-6, 1.473e-7, 1.051e-6, 1.203e-6, 1.524e-7, 1.039e-6, 1.185e-6, 1.459e-7, 1.048e-6, 1.209e-6, 1.611e-7, 1.051e-6, 1.201e-6, 1.508e-7, 1.023e-6, 1.187e-6, 1.642e-7, 1.010e-6, 1.168e-6, 1.583e-7
0.268, 1.116e-6, 1.290e-6, 1.734e-7, 1.127e-6, 1.288e-6, 1.609e-7, 1.034e-6, 1.199e-6, 1.650e-7, 1.027e-6, 1.185e-6, 1.581e-7, 1.033e-6, 1.206e-6, 1.733e-7, 1.037e-6, 1.202e-6, 1.643e-7, 1.005e-6, 1.181e-6, 1.758e-7, 9.952e-7, 1.166e-6, 1.706e-7
0.272, 1.098e-6, 1.286e-6, 1.872e-7, 1.112e-6, 1.287e-6, 1.752e-7, 1.018e-6, 1.194e-6, 1.766e-7, 1.012e-6, 1.183e-6, 1.715e-7, 1.017e-6, 1.202e-6, 1.851e-7, 1.023e-6, 1.200e-6, 1.773e-7, 9.874e-7, 1.174e-6, 1.869e-7, 9.793e-7, 1.162e-6, 1.825e-7
0.276, 1.080e-6, 1.279e-6, 1.992e-7, 1.095e-6, 1.284e-6, 1.886e-7, 9.989e-7, 1.187e-6, 1.878e-7, 9.955e-7, 1.179e-6, 1.837e-7, 9.993e-7, 1.195e-6, 1.959e-7, 1.008e-6, 1.197e-6, 1.894e-7, 9.672e-7, 1.165e-6, 1.975e-7, 9.615e-7, 1.156e-6, 1.941e-7
0.280, 1.060e-6, 1.271e-6, 2.117e-7, 1.076e-6, 1.279e-6, 2.028e-7, 9.790e-7, 1.179e-6, 1.997e-7, 9.769e-7, 1.173e-6, 1.963e-7, 9.801e-7, 1.188e-6, 2.081e-7, 9.895e-7, 1.192e-6, 2.028e-7, 9.457e-7, 1.155e-6, 2.090e-7, 9.419e-7, 1.148e-6, 2.061e-7
0.284, 1.038e-6, 1.263e-6, 2.246e-7, 1.056e-6, 1.273e-6, 2.165e-7, 9.576e-7, 1.169e-6, 2.116e-7, 9.568e-7, 1.166e-6, 2.090e-7, 9.602e-7, 1.179e-6, 2.193e-7, 9.707e-7, 1.186e-6, 2.155e-7, 9.238e-7, 1.143e-6, 2.197e-7, 9.216e-7, 1.140e-6, 2.183e-7
0.288, 1.015e-6, 1.252e-6, 2.370e-7, 1.035e-6, 1.264e-6, 2.299e-7, 9.368e-7, 1.159e-6, 2.227e-7, 9.365e-7, 1.158e-6, 2.214e-7, 9.408e-7, 1.171e-6, 2.298e-7, 9.513e-7, 1.179e-6, 2.280e-7, 9.017e-7, 1.132e-6, 2.307e-7, 9.004e-7, 1.130e-6, 2.299e-7
0.292, 9.925e-7, 1.241e-6, 2.487e-7, 1.013e-6, 1.256e-6, 2.431e-7, 9.147e-7, 1.148e-6, 2.338e-7, 9.153e-7, 1.149e-6, 2.334e-7, 9.195e-7, 1.161e-6, 2.412e-7, 9.308e-7, 1.171e-6, 2.402e-7, 8.789e-7, 1.120e-6, 2.410e-7, 8.785e-7, 1.120e-6, 2.415e-7
0.296, 9.697e-7, 1.230e-6, 2.604e-7, 9.907e-7, 1.247e-6, 2.559e-7, 8.926e-7, 1.137e-6, 2.445e-7, 8.931e-7, 1.139e-6, 2.455e-7, 8.980e-7, 1.150e-6, 2.520e-7, 9.096e-7, 1.162e-6, 2.520e-7, 8.562e-7, 1.108e-6, 2.517e-7, 8.567e-7, 1.110e-6, 2.530e-7
0.300, 9.452e-7, 1.218e-6, 2.725e-7, 9.667e-7, 1.236e-6, 2.692e-7, 8.696e-7, 1.125e-6, 2.553e-7, 8.707e-7, 1.128e-6, 2.575e-7, 8.761e-7, 1.139e-6, 2.627e-7, 8.887e-7, 1.153e-6, 2.639e-7, 8.331e-7, 1.095e-6, 2.622e-7, 8.339e-7, 1.099e-6, 2.647e-7
0.304, 9.222e-7, 1.206e-6, 2.833e-7, 9.444e-7, 1.225e-6, 2.811e-7, 8.471e-7, 1.113e-6, 2.658e-7, 8.493e-7, 1.117e-6, 2.680e-7, 8.550e-7, 1.128e-6, 2.729e-7, 8.681e-7, 1.143e-6, 2.749e-7, 8.113e-7, 1.083e-6, 2.717e-7, 8.121e-7, 1.087e-6, 2.752e-7
0.308, 8.999e-7, 1.193e-6, 2.934e-7, 9.221e-7, 1.214e-6, 2.922e-7, 8.253e-7, 1.100e-6, 2.750e-7, 8.277e-7, 1.106e-6, 2.783e-7, 8.349e-7, 1.117e-6, 2.818e-7, 8.473e-7, 1.133e-6, 2.854e-7, 7.893e-7, 1.070e-6, 2.811e-7, 7.908e-7, 1.076e-6, 2.850e-7
0.312, 8.761e-7, 1.181e-6, 3.044e-7, 8.992e-7, 1.203e-6, 3.038e-7, 8.033e-7, 1.088e-6, 2.848e-7, 8.058e-7, 1.095e-6, 2.890e-7, 8.137e-7, 1.105e-6, 2.913e-7, 8.272e-7, 1.123e-6, 2.955e-7, 7.679e-7, 1.058e-6, 2.899e-7, 7.693e-7, 1.064e-6, 2.952e-7
0.316, 8.547e-7, 1.168e-6, 3.133e-7, 8.781e-7, 1.191e-6, 3.133e-7, 7.825e-7, 1.076e-6, 2.934e-7, 7.848e-7, 1.083e-6, 2.984e-7, 7.944e-7, 1.094e-6, 2.994e-7, 8.075e-7, 1.112e-6, 3.047e-7, 7.478e-7, 1.046e-6, 2.982e-7, 7.495e-7, 1.054e-6, 3.041e-7
0.320, 8.331e-7, 1.156e-6, 3.226e-7, 8.566e-7, 1.180e-6, 3.236e-7, 7.623e-7, 1.064e-6, 3.018e-7, 7.647e-7, 1.072e-6, 3.073e-7, 7.754e-7, 1.083e-6, 3.077e-7, 7.884e-7, 1.102e-6, 3.135e-7, 7.279e-7, 1.034e-6, 3.064e-7, 7.299e-7, 1.043e-6, 3.128e-7
0.324, 8.134e-7, 1.144e-6, 3.306e-7, 8.364e-7, 1.169e-6, 3.325e-7, 7.427e-7, 1.052e-6, 3.096e-7, 7.464e-7, 1.061e-6, 3.150e-7, 7.575e-7, 1.072e-6, 3.146e-7, 7.706e-7, 1.092e-6, 3.214e-7, 7.093e-7, 1.023e-6, 3.134e-7, 7.117e-7, 1.033e-6, 3.209e-7
0.328, 7.947e-7, 1.133e-6, 3.379e-7, 8.189e-7, 1.159e-6, 3.399e-7, 7.261e-7, 1.042e-6, 3.155e-7, 7.283e-7, 1.051e-6, 3.224e-7, 7.407e-7, 1.062e-6, 3.210e-7, 7.539e-7, 1.083e-6, 3.287e-7, 6.934e-7, 1.013e-6, 3.192e-7, 6.953e-7, 1.022e-6, 3.272e-7
0.332, 7.752e-7, 1.120e-6, 3.453e-7, 7.991e-7, 1.148e-6, 3.485e-7, 7.066e-7, 1.030e-6, 3.232e-7, 7.104e-7, 1.040e-6, 3.297e-7, 7.237e-7, 1.051e-6, 3.276e-7, 7.372e-7, 1.073e-6, 3.356e-7, 6.755e-7, 1.002e-6, 3.263e-7, 6.774e-7, 1.012e-6, 3.348e-7
0.336, 7.587e-7, 1.110e-6, 3.516e-7, 7.833e-7, 1.138e-6, 3.544e-7, 6.905e-7, 1.019e-6, 3.287e-7, 6.953e-7, 1.031e-6, 3.354e-7, 7.083e-7, 1.042e-6, 3.332e-7, 7.220e-7, 1.064e-6, 3.415e-7, 6.606e-7, 9.919e-7, 3.314e-7, 6.632e-7, 1.003e-6, 3.403e-7
0.340, 7.422e-7, 1.099e-6, 3.571e-7, 7.674e-7, 1.128e-6, 3.605e-7, 6.753e-7, 1.009e-6, 3.336e-7, 6.793e-7, 1.021e-6, 3.413e-7, 6.940e-7, 1.032e-6, 3.381e-7, 7.077e-7, 1.055e-6, 3.472e-7, 6.464e-7, 9.822e-7, 3.358e-7, 6.492e-7, 9.943e-7, 3.451e-7
0.344, 7.270e-7, 1.089e-6, 3.624e-7, 7.517e-7, 1.119e-6, 3.671e-7, 6.614e-7, 9.998e-7, 3.385e-7, 6.653e-7, 1.012e-6, 3.464e-7, 6.800e-7, 1.023e-6, 3.428e-7, 6.941e-7, 1.046e-6, 3.521e-7, 6.327e-7, 9.735e-7, 3.408e-7, 6.355e-7, 9.861e-7, 3.506e-7
0.348, 7.128e-7, 1.080e-6, 3.671e-7, 7.381e-7, 1.110e-6, 3.718e-7, 6.473e-7, 9.900e-7, 3.427e-7, 6.521e-7, 1.003e-6, 3.507e-7, 6.676e-7, 1.014e-6, 3.461e-7, 6.817e-7, 1.038e-6, 3.567e-7, 6.198e-7, 9.646e-7, 3.448e-7, 6.231e-7, 9.776e-7, 3.545e-7
0.352, 7.004e-7, 1.071e-6, 3.705e-7, 7.240e-7, 1.101e-6, 3.767e-7, 6.350e-7, 9.810e-7, 3.460e-7, 6.395e-7, 9.945e-7, 3.550e-7, 6.551e-7, 1.006e-6, 3.504e-7, 6.695e-7, 1.030e-6, 3.607e-7, 6.082e-7, 9.563e-7, 3.481e-7, 6.109e-7, 9.694e-7, 3.586e-7
0.356, 6.863e-7, 1.061e-6, 3.749e-7, 7.122e-7, 1.093e-6, 3.807e-7, 6.231e-7, 9.723e-7, 3.492e-7, 6.279e-7, 9.864e-7, 3.585e-7, 6.439e-7, 9.975e-7, 3.536e-7, 6.579e-7, 1.022e-6, 3.645e-7, 5.972e-7, 9.487e-7, 3.515e-7, 6.003e-7, 9.622e-7, 3.619e-7
0.360, 6.754e-7, 1.053e-6, 3.779e-7, 7.011e-7, 1.085e-6, 3.840e-7, 6.121e-7, 9.645e-7, 3.524e-7, 6.177e-7, 9.791e-7, 3.614e-7, 6.338e-7, 9.898e-7, 3.560e-7, 6.473e-7, 1.015e-6, 3.679e-7, 5.877e-7, 9.414e-7, 3.537e-7, 5.910e-7, 9.556e-7, 3.646e-7
0.364, 6.644e-7, 1.045e-6, 3.807e-7, 6.905e-7, 1.078e-6, 3.870e-7, 6.022e-7, 9.571e-7, 3.549e-7, 6.074e-7, 9.719e-7, 3.644e-7, 6.233e-7, 9.826e-7, 3.592e-7, 6.377e-7, 1.009e-6, 3.711e-7, 5.774e-7, 9.340e-7, 3.566e-7, 5.811e-7, 9.491e-7, 3.680e-7
0.368, 6.542e-7, 1.037e-6, 3.831e-7, 6.794e-7, 1.070e-6, 3.906e-7, 5.923e-7, 9.495e-7, 3.572e-7, 5.981e-7, 9.653e-7, 3.672e-7, 6.142e-7, 9.755e-7, 3.613e-7, 6.283e-7, 1.002e-6, 3.739e-7, 5.680e-7, 9.268e-7, 3.588e-7, 5.716e-7, 9.423e-7, 3.706e-7
0.372, 6.459e-7, 1.031e-6, 3.854e-7, 6.709e-7, 1.064e-6, 3.928e-7, 5.838e-7, 9.431e-7, 3.593e-7, 5.900e-7, 9.589e-7, 3.690e-7, 6.052e-7, 9.687e-7, 3.635e-7, 6.202e-7, 9.957e-7, 3.755e-7, 5.604e-7, 9.208e-7, 3.605e-7, 5.644e-7, 9.369e-7, 3.724e-7
0.376, 6.375e-7, 1.025e-6, 3.870e-7, 6.623e-7, 1.057e-6, 3.950e-7, 5.757e-7, 9.368e-7, 3.610e-7, 5.823e-7, 9.534e-7, 3.711e-7, 5.969e-7, 9.626e-7, 3.657e-7, 6.126e-7, 9.907e-7, 3.781e-7, 5.526e-7, 9.147e-7, 3.621e-7, 5.573e-7, 9.318e-7, 3.745e-7
0.380, 6.285e-7, 1.018e-6, 3.891e-7, 6.540e-7, 1.051e-6, 3.972e-7, 5.681e-7, 9.303e-7, 3.622e-7, 5.744e-7, 9.469e-7, 3.725e-7, 5.899e-7, 9.563e-7, 3.663e-7, 6.045e-7, 9.844e-7, 3.799e-7, 5.457e-7, 9.089e-7, 3.633e-7, 5.497e-7, 9.258e-7, 3.761e-7
0.384, 6.218e-7, 1.012e-6, 3.904e-7, 6.471e-7, 1.046e-6, 3.986e-7, 5.613e-7, 9.247e-7, 3.634e-7, 5.683e-7, 9.423e-7, 3.740e-7, 5.825e-7, 9.506e-7, 3.682e-7, 5.978e-7, 9.791e-7, 3.813e-7, 5.385e-7, 9.035e-7, 3.650e-7, 5.442e-7, 9.214e-7, 3.772e-7
0.388, 6.154e-7, 1.007e-6, 3.916e-7, 6.407e-7, 1.041e-6, 4.007e-7, 5.558e-7, 9.200e-7, 3.642e-7, 5.633e-7, 9.382e-7, 3.749e-7, 5.765e-7, 9.461e-7, 3.696e-7, 5.927e-7, 9.753e-7, 3.826e-7, 5.329e-7, 8.989e-7, 3.660e-7, 5.386e-7, 9.174e-7, 3.789e-7
0.392, 6.089e-7, 1.002e-6, 3.930e-7, 6.339e-7, 1.036e-6, 4.021e-7, 5.496e-7, 9.148e-7, 3.652e-7, 5.570e-7, 9.334e-7, 3.764e-7, 5.694e-7, 9.403e-7, 3.709e-7, 5.861e-7, 9.702e-7, 3.842e-7, 5.276e-7, 8.943e-7, 3.667e-7, 5.338e-7, 9.132e-7, 3.794e-7
0.396, 6.030e-7, 9.968e-7, 3.938e-7, 6.286e-7, 1.032e-6, 4.029e-7, 5.441e-7, 9.099e-7, 3.658e-7, 5.514e-7, 9.287e-7, 3.773e-7, 5.640e-7, 9.352e-7, 3.713e-7, 5.810e-7, 9.662e-7, 3.852e-7, 5.215e-7, 8.893e-7, 3.678e-7, 5.286e-7, 9.094e-7, 3.807e-7
0.400, 5.986e-7, 9.929e-7, 3.944e-7, 6.240e-7, 1.028e-6, 4.036e-7, 5.402e-7, 9.063e-7, 3.661e-7, 5.482e-7, 9.258e-7, 3.777e-7, 5.591e-7, 9.311e-7, 3.720e-7, 5.762e-7, 9.621e-7, 3.858e-7, 5.180e-7, 8.858e-7, 3.677e-7, 5.254e-7, 9.065e-7, 3.812e-7
0.404, 5.939e-7, 9.888e-7, 3.949e-7, 6.192e-7, 1.024e-6, 4.051e-7, 5.360e-7, 9.025e-7, 3.665e-7, 5.441e-7, 9.223e-7, 3.781e-7, 5.544e-7, 9.274e-7, 3.729e-7, 5.722e-7, 9.587e-7, 3.865e-7, 5.137e-7, 8.822e-7, 3.685e-7, 5.215e-7, 9.033e-7, 3.818e-7
0.408, 5.887e-7, 9.846e-7, 3.958e-7, 6.157e-7, 1.021e-6, 4.056e-7, 5.314e-7, 8.986e-7, 3.672e-7, 5.406e-7, 9.195e-7, 3.789e-7, 5.506e-7, 9.239e-7, 3.733e-7, 5.675e-7, 9.552e-7, 3.878e-7, 5.098e-7, 8.787e-7, 3.689e-7, 5.184e-7, 9.010e-7, 3.826e-7
0.412, 5.859e-7, 9.819e-7, 3.960e-7, 6.123e-7, 1.018e-6, 4.061e-7, 5.285e-7, 8.955e-7, 3.670e-7, 5.378e-7, 9.172e-7, 3.793e-7, 5.465e-7, 9.199e-7, 3.734e-7, 5.647e-7, 9.528e-7, 3.882e-7, 5.070e-7, 8.758e-7, 3.688e-7, 5.167e-7, 8.991e-7, 3.824e-7
0.416, 5.818e-7, 9.784e-7, 3.965e-7, 6.083e-7, 1.015e-6, 4.071e-7, 5.260e-7, 8.930e-7, 3.670e-7, 5.353e-7, 9.148e-7, 3.796e-7, 5.419e-7, 9.162e-7, 3.743e-7, 5.617e-7, 9.500e-7, 3.883e-7, 5.037e-7, 8.733e-7, 3.695e-7, 5.145e-7, 8.971e-7, 3.826e-7
0.420, 5.800e-7, 9.762e-7, 3.962e-7, 6.064e-7, 1.014e-6, 4.078e-7, 5.242e-7, 8.909e-7, 3.668e-7, 5.343e-7, 9.136e-7, 3.793e-7, 5.399e-7, 9.141e-7, 3.742e-7, 5.596e-7, 9.482e-7, 3.887e-7, 5.017e-7, 8.711e-7, 3.693e-7, 5.132e-7, 8.962e-7, 3.830e-7
0.424, 5.781e-7, 9.743e-7, 3.962e-7, 6.054e-7, 1.013e-6, 4.071e-7, 5.230e-7, 8.892e-7, 3.662e-7, 5.327e-7, 9.126e-7, 3.800e-7, 5.374e-7, 9.120e-7, 3.746e-7, 5.579e-7, 9.469e-7, 3.890e-7, 5.009e-7, 8.697e-7, 3.688e-7, 5.123e-7, 8.953e-7, 3.830e-7
0.428, 5.763e-7, 9.729e-7, 3.966e-7, 6.040e-7, 1.012e-6, 4.078e-7, 5.211e-7, 8.877e-7, 3.666e-7, 5.325e-7, 9.120e-7, 3.796e-7, 5.359e-7, 9.100e-7, 3.741e-7, 5.566e-7, 9.461e-7, 3.895e-7, 4.998e-7, 8.686e-7, 3.689e-7, 5.123e-7, 8.956e-7, 3.833e-7
0.432, 5.754e-7, 9.725e-7, 3.971e-7, 6.030e-7, 1.012e-6, 4.087e-7, 5.202e-7, 8.872e-7, 3.670e-7, 5.318e-7, 9.120e-7, 3.802e-7, 5.337e-7, 9.085e-7, 3.748e-7, 5.558e-7, 9.458e-7, 3.900e-7, 4.978e-7, 8.673e-7, 3.695e-7, 5.120e-7, 8.958e-7, 3.838e-7
0.436, 5.747e-7, 9.715e-7, 3.969e-7, 6.031e-7, 1.012e-6, 4.089e-7, 5.200e-7, 8.866e-7, 3.666e-7, 5.323e-7, 9.126e-7, 3.802e-7, 5.332e-7, 9.073e-7, 3.741e-7, 5.553e-7, 9.454e-7, 3.902e-7, 4.982e-7, 8.671e-7, 3.689e-7, 5.135e-7, 8.970e-7, 3.835e-7
0.440, 5.750e-7, 9.718e-7, 3.968e-7, 6.038e-7, 1.013e-6, 4.089e-7, 5.207e-7, 8.869e-7, 3.663e-7, 5.338e-7, 9.138e-7, 3.799e-7, 5.331e-7, 9.074e-7, 3.743e-7, 5.558e-7, 9.462e-7, 3.904e-7, 4.993e-7, 8.677e-7, 3.684e-7, 5.149e-7, 8.990e-7, 3.840e-7
0.444, 5.758e-7, 9.729e-7, 3.970e-7, 6.051e-7, 1.014e-6, 4.093e-7, 5.218e-7, 8.880e-7, 3.663e-7, 5.357e-7, 9.160e-7, 3.803e-7, 5.331e-7, 9.076e-7, 3.745e-7, 5.580e-7, 9.484e-7, 3.904e-7, 5.004e-7, 8.689e-7, 3.685e-7, 5.172e-7, 9.010e-7, 3.838e-7
0.448, 5.781e-7, 9.742e-7, 3.961e-7, 6.078e-7, 1.017e-6, 4.092e-7, 5.234e-7, 8.892e-7, 3.657e-7, 5.378e-7, 9.179e-7, 3.800e-7, 5.336e-7, 9.079e-7, 3.743e-7, 5.592e-7, 9.496e-7, 3.904e-7, 5.020e-7, 8.702e-7, 3.682e-7, 5.210e-7, 9.046e-7, 3.836e-7
0.452, 5.799e-7, 9.763e-7, 3.964e-7, 6.102e-7, 1.020e-6, 4.093e-7, 5.265e-7, 8.917e-7, 3.652e-7, 5.416e-7, 9.215e-7, 3.799e-7, 5.352e-7, 9.095e-7, 3.743e-7, 5.616e-7, 9.524e-7, 3.907e-7, 5.047e-7, 8.726e-7, 3.679e-7, 5.250e-7, 9.083e-7, 3.833e-7
0.456, 5.827e-7, 9.786e-7, 3.959e-7, 6.138e-7, 1.023e-6, 4.094e-7, 5.293e-7, 8.943e-7, 3.650e-7, 5.457e-7, 9.254e-7, 3.797e-7, 5.379e-7, 9.115e-7, 3.736e-7, 5.654e-7, 9.561e-7, 3.907e-7, 5.076e-7, 8.749e-7, 3.673e-7, 5.301e-7, 9.128e-7, 3.827e-7
0.460, 5.864e-7, 9.820e-7, 3.956e-7, 6.188e-7, 1.028e-6, 4.093e-7, 5.325e-7, 8.975e-7, 3.650e-7, 5.498e-7, 9.298e-7, 3.800e-7, 5.403e-7, 9.138e-7, 3.735e-7, 5.690e-7, 9.601e-7, 3.911e-7, 5.128e-7, 8.793e-7, 3.665e-7, 5.344e-7, 9.177e-7, 3.834e-7
0.464, 5.910e-7, 9.868e-7, 3.958e-7, 6.238e-7, 1.034e-6, 4.098e-7, 5.375e-7, 9.022e-7, 3.647e-7, 5.555e-7, 9.354e-7, 3.799e-7, 5.441e-7, 9.174e-7, 3.732e-7, 5.741e-7, 9.649e-7, 3.908e-7, 5.169e-7, 8.834e-7, 3.664e-7, 5.404e-7, 9.241e-7, 3.836e-7
0.468, 5.971e-7, 9.923e-7, 3.952e-7, 6.299e-7, 1.040e-6, 4.099e-7, 5.433e-7, 9.070e-7, 3.637e-7, 5.619e-7, 9.418e-7, 3.799e-7, 5.479e-7, 9.209e-7, 3.730e-7, 5.801e-7, 9.712e-7, 3.911e-7, 5.227e-7, 8.888e-7, 3.661e-7, 5.478e-7, 9.311e-7, 3.833e-7
0.472, 6.019e-7, 9.977e-7, 3.958e-7, 6.364e-7, 1.047e-6, 4.108e-7, 5.488e-7, 9.126e-7, 3.639e-7, 5.689e-7, 9.493e-7, 3.804e-7, 5.534e-7, 9.264e-7, 3.730e-7, 5.860e-7, 9.773e-7, 3.913e-7, 5.283e-7, 8.945e-7, 3.662e-7, 5.554e-7, 9.389e-7, 3.835e-7
0.476, 6.086e-7, 1.004e-6, 3.954e-7, 6.432e-7, 1.054e-6, 4.110e-7, 5.552e-7, 9.188e-7, 3.637e-7, 5.758e-7, 9.565e-7, 3.807e-7, 5.592e-7, 9.321e-7, 3.728e-7, 5.927e-7, 9.844e-7, 3.917e-7, 5.348e-7, 9.008e-7, 3.661e-7, 5.633e-7, 9.474e-7, 3.840e-7
0.480, 6.169e-7, 1.012e-6, 3.949e-7, 6.527e-7, 1.064e-6, 4.112e-7, 5.626e-7, 9.260e-7, 3.634e-7, 5.850e-7, 9.656e-7, 3.806e-7, 5.661e-7, 9.387e-7, 3.726e-7, 6.007e-7, 9.925e-7, 3.918e-7, 5.433e-7, 9.085e-7, 3.652e-7, 5.729e-7, 9.566e-7, 3.838e-7
0.484, 6.253e-7, 1.020e-6, 3.950e-7, 6.622e-7, 1.074e-6, 4.114e-7, 5.715e-7, 9.346e-7, 3.630e-7, 5.941e-7, 9.750e-7, 3.809e-7, 5.735e-7, 9.458e-7, 3.723e-7, 6.093e-7, 1.002e-6, 3.927e-7, 5.516e-7, 9.166e-7, 3.650e-7, 5.817e-7, 9.666e-7, 3.849e-7
0.488, 6.346e-7, 1.030e-6, 3.953e-7, 6.720e-7, 1.085e-6, 4.126e-7, 5.806e-7, 9.438e-7, 3.632e-7, 6.037e-7, 9.857e-7, 3.820e-7, 5.813e-7, 9.536e-7, 3.723e-7, 6.189e-7, 1.012e-6, 3.929e-7, 5.605e-7, 9.259e-7, 3.655e-7, 5.928e-7, 9.782e-7, 3.854e-7
0.492, 6.434e-7, 1.039e-6, 3.959e-7, 6.828e-7, 1.096e-6, 4.131e-7, 5.897e-7, 9.530e-7, 3.633e-7, 6.138e-7, 9.965e-7, 3.826e-7, 5.897e-7, 9.620e-7, 3.724e-7, 6.278e-7, 1.022e-6, 3.941e-7, 5.706e-7, 9.360e-7, 3.654e-7, 6.026e-7, 9.889e-7, 3.863e-7
0.496, 6.543e-7, 1.051e-6, 3.962e-7, 6.931e-7, 1.108e-6, 4.148e-7, 6.001e-7, 9.638e-7, 3.637e-7, 6.244e-7, 1.008e-6, 3.840e-7, 5.994e-7, 9.723e-7, 3.729e-7, 6.388e-7, 1.034e-6, 3.950e-7, 5.805e-7, 9.465e-7, 3.660e-7, 6.146e-7, 1.002e-6, 3.871e-7
0.500, 6.652e-7, 1.062e-6, 3.970e-7, 7.050e-7, 1.120e-6, 4.154e-7, 6.102e-7, 9.746e-7, 3.643e-7, 6.359e-7, 1.021e-6, 3.846e-7, 6.088e-7, 9.820e-7, 3.732e-7, 6.499e-7, 1.046e-6, 3.960e-7, 5.920e-7, 9.576e-7, 3.656e-7, 6.262e-7, 1.014e-6, 3.880e-7
0.504, 6.772e-7, 1.075e-6, 3.976e-7, 7.177e-7, 1.134e-6, 4.166e-7, 6.218e-7, 9.865e-7, 3.647e-7, 6.478e-7, 1.034e-6, 3.857e-7, 6.197e-7, 9.931e-7, 3.734e-7, 6.614e-7, 1.059e-6, 3.973e-7, 6.037e-7, 9.697e-7, 3.660e-7, 6.379e-7, 1.027e-6, 3.895e-7
0.508, 6.886e-7, 1.087e-6, 3.980e-7, 7.293e-7, 1.148e-6, 4.186e-7, 6.329e-7, 9.984e-7, 3.655e-7, 6.592e-7, 1.046e-6, 3.872e-7, 6.307e-7, 1.004e-6, 3.736e-7, 6.729e-7, 1.071e-6, 3.983e-7, 6.148e-7, 9.817e-7, 3.669e-7, 6.498e-7, 1.041e-6, 3.909e-7
0.512, 7.006e-7, 1.100e-6, 3.993e-7, 7.410e-7, 1.161e-6, 4.203e-7, 6.445e-7, 1.011e-6, 3.665e-7, 6.702e-7, 1.059e-6, 3.892e-7, 6.411e-7, 1.016e-6, 3.752e-7, 6.838e-7, 1.084e-6, 4.003e-7, 6.265e-7, 9.943e-7, 3.678e-7, 6.617e-7, 1.054e-6, 3.924e-7
0.516, 7.124e-7, 1.113e-6, 4.009e-7, 7.533e-7, 1.176e-6, 4.227e-7, 6.561e-7, 1.024e-6, 3.675e-7, 6.824e-7, 1.073e-6, 3.907e-7, 6.530e-7, 1.029e-6, 3.757e-7, 6.950e-7, 1.097e-6, 4.021e-7, 6.381e-7, 1.007e-6, 3.688e-7, 6.727e-7, 1.068e-6, 3.949e-7
0.520, 7.244e-7, 1.127e-6, 4.024e-7, 7.651e-7, 1.190e-6, 4.248e-7, 6.678e-7, 1.037e-6, 3.689e-7, 6.928e-7, 1.086e-6, 3.933e-7, 6.637e-7, 1.041e-6, 3.772e-7, 7.063e-7, 1.111e-6, 4.044e-7, 6.494e-7, 1.020e-6, 3.704e-7, 6.830e-7, 1.080e-6, 3.970e-7
0.524, 7.363e-7, 1.140e-6, 4.039e-7, 7.754e-7, 1.203e-6, 4.276e-7, 6.782e-7, 1.049e-6, 3.706e-7, 7.027e-7, 1.098e-6, 3.955e-7, 6.746e-7, 1.053e-6, 3.788e-7, 7.164e-7, 1.123e-6, 4.067e-7, 6.599e-7, 1.032e-6, 3.720e-7, 6.932e-7, 1.092e-6, 3.992e-7
0.528, 7.474e-7, 1.154e-6, 4.063e-7, 7.870e-7, 1.217e-6, 4.301e-7, 6.890e-7, 1.062e-6, 3.728e-7, 7.127e-7, 1.111e-6, 3.984e-7, 6.859e-7, 1.066e-6, 3.802e-7, 7.272e-7, 1.136e-6, 4.091e-7, 6.711e-7, 1.045e-6, 3.739e-7, 7.022e-7, 1.105e-6, 4.024e-7
0.532, 7.583e-7, 1.167e-6, 4.089e-7, 7.958e-7, 1.230e-6, 4.338e-7, 6.984e-7, 1.073e-6, 3.751e-7, 7.212e-7, 1.122e-6, 4.011e-7, 6.956e-7, 1.078e-6, 3.826e-7, 7.360e-7, 1.148e-6, 4.123e-7, 6.808e-7, 1.057e-6, 3.759e-7, 7.104e-7, 1.116e-6, 4.054e-7
0.536, 7.673e-7, 1.179e-6, 4.115e-7, 8.049e-7, 1.242e-6, 4.369e-7, 7.075e-7, 1.086e-6, 3.781e-7, 7.289e-7, 1.133e-6, 4.045e-7, 7.053e-7, 1.090e-6, 3.849e-7, 7.438e-7, 1.159e-6, 4.156e-7, 6.895e-7, 1.068e-6, 3.785e-7, 7.170e-7, 1.126e-6, 4.090e-7
0.540, 7.761e-7, 1.191e-6, 4.148e-7, 8.105e-7, 1.252e-6, 4.413e-7, 7.154e-7, 1.096e-6, 3.805e-7, 7.342e-7, 1.143e-6, 4.085e-7, 7.139e-7, 1.102e-6, 3.877e-7, 7.506e-7, 1.170e-6, 4.193e-7, 6.965e-7, 1.078e-6, 3.813e-7, 7.222e-7, 1.134e-6, 4.121e-7
0.544, 7.824e-7, 1.201e-6, 4.188e-7, 8.161e-7, 1.262e-6, 4.455e-7, 7.212e-7, 1.105e-6, 3.840e-7, 7.386e-7, 1.151e-6, 4.124e-7, 7.206e-7, 1.111e-6, 3.904e-7, 7.549e-7, 1.178e-6, 4.232e-7, 7.022e-7, 1.087e-6, 3.846e-7, 7.255e-7, 1.142e-6, 4.162e-7
0.548, 7.890e-7, 1.211e-6, 4.221e-7, 8.202e-7, 1.270e-6, 4.500e-7, 7.262e-7, 1.113e-6, 3.873e-7, 7.409e-7, 1.158e-6, 4.171e-7, 7.265e-7, 1.121e-6, 3.941e-7, 7.589e-7, 1.186e-6, 4.272e-7, 7.074e-7, 1.095e-6, 3.878e-7, 7.274e-7, 1.148e-6, 4.204e-7
0.552, 7.922e-7, 1.219e-6, 4.271e-7, 8.219e-7, 1.277e-6, 4.548e-7, 7.294e-7, 1.121e-6, 3.918e-7, 7.426e-7, 1.164e-6, 4.212e-7, 7.311e-7, 1.129e-6, 3.978e-7, 7.608e-7, 1.193e-6, 4.320e-7, 7.102e-7, 1.102e-6, 3.919e-7, 7.271e-7, 1.152e-6, 4.252e-7
0.556, 7.940e-7, 1.225e-6, 4.314e-7, 8.223e-7, 1.282e-6, 4.597e-7, 7.302e-7, 1.126e-6, 3.961e-7, 7.415e-7, 1.168e-6, 4.261e-7, 7.339e-7, 1.135e-6, 4.014e-7, 7.603e-7, 1.197e-6, 4.372e-7, 7.113e-7, 1.107e-6, 3.960e-7, 7.249e-7, 1.155e-6, 4.301e-7
0.560, 7.948e-7, 1.231e-6, 4.362e-7, 8.206e-7, 1.286e-6, 4.654e-7, 7.308e-7, 1.131e-6, 4.001e-7, 7.396e-7, 1.170e-6, 4.308e-7, 7.350e-7, 1.141e-6, 4.063e-7, 7.595e-7, 1.201e-6, 4.417e-7, 7.103e-7, 1.111e-6, 4.006e-7, 7.219e-7, 1.157e-6, 4.347e-7
0.564, 7.936e-7, 1.235e-6, 4.414e-7, 8.170e-7, 1.288e-6, 4.712e-7, 7.291e-7, 1.134e-6, 4.051e-7, 7.355e-7, 1.172e-6, 4.363e-7, 7.350e-7, 1.146e-6, 4.107e-7, 7.560e-7, 1.203e-6, 4.471e-7, 7.078e-7, 1.113e-6, 4.055e-7, 7.160e-7, 1.156e-6, 4.400e-7
0.568, 7.904e-7, 1.238e-6, 4.471e-7, 8.118e-7, 1.289e-6, 4.768e-7, 7.247e-7, 1.136e-6, 4.109e-7, 7.291e-7, 1.171e-6, 4.423e-7, 7.322e-7, 1.148e-6, 4.162e-7, 7.503e-7, 1.203e-6, 4.530e-7, 7.038e-7, 1.114e-6, 4.105e-7, 7.092e-7, 1.155e-6, 4.457e-7
0.572, 7.857e-7, 1.238e-6, 4.528e-7, 8.051e-7, 1.288e-6, 4.828e-7, 7.196e-7, 1.136e-6, 4.162e-7, 7.217e-7, 1.169e-6, 4.476e-7, 7.287e-7, 1.150e-6, 4.211e-7, 7.440e-7, 1.203e-6, 4.585e-7, 6.984e-7, 1.114e-6, 4.158e-7, 7.004e-7, 1.152e-6, 4.512e-7
0.576, 7.784e-7, 1.238e-6, 4.592e-7, 7.961e-7, 1.286e-6, 4.896e-7, 7.124e-7, 1.134e-6, 4.221e-7, 7.125e-7, 1.167e-6, 4.541e-7, 7.229e-7, 1.149e-6, 4.266e-7, 7.354e-7, 1.200e-6, 4.646e-7, 6.906e-7, 1.112e-6, 4.216e-7, 6.901e-7, 1.147e-6, 4.573e-7
0.580, 7.717e-7, 1.237e-6, 4.650e-7, 7.875e-7, 1.283e-6, 4.954e-7, 7.050e-7, 1.133e-6, 4.278e-7, 7.037e-7, 1.163e-6, 4.595e-7, 7.164e-7, 1.148e-6, 4.321e-7, 7.265e-7, 1.197e-6, 4.706e-7, 6.830e-7, 1.110e-6, 4.268e-7, 6.805e-7, 1.143e-6, 4.629e-7
0.584, 7.625e-7, 1.234e-6, 4.715e-7, 7.763e-7, 1.279e-6, 5.022e-7, 6.963e-7, 1.130e-6, 4.335e-7, 6.921e-7, 1.158e-6, 4.659e-7, 7.086e-7, 1.147e-6, 4.380e-7, 7.159e-7, 1.192e-6, 4.764e-7, 6.733e-7, 1.106e-6, 4.326e-7, 6.686e-7, 1.137e-6, 4.685e-7
0.588, 7.511e-7, 1.230e-6, 4.786e-7, 7.639e-7, 1.273e-6, 5.090e-7, 6.852e-7, 1.125e-6, 4.396e-7, 6.806e-7, 1.152e-6, 4.717e-7, 6.995e-7, 1.143e-6, 4.437e-7, 7.044e-7, 1.187e-6, 4.830e-7, 6.619e-7, 1.101e-6, 4.390e-7, 6.558e-7, 1.131e-6, 4.747e-7
0.592, 7.403e-7, 1.225e-6, 4.852e-7, 7.511e-7, 1.267e-6, 5.159e-7, 6.745e-7, 1.121e-6, 4.460e-7, 6.676e-7, 1.146e-6, 4.782e-7, 6.894e-7, 1.140e-6, 4.503e-7, 6.924e-7, 1.182e-6, 4.894e-7, 6.513e-7, 1.097e-6, 4.452e-7, 6.433e-7, 1.124e-6, 4.808e-7
0.596, 7.286e-7, 1.220e-6, 4.918e-7, 7.388e-7, 1.261e-6, 5.225e-7, 6.630e-7, 1.115e-6, 4.520e-7, 6.555e-7, 1.139e-6, 4.838e-7, 6.784e-7, 1.135e-6, 4.565e-7, 6.799e-7, 1.175e-6, 4.953e-7, 6.396e-7, 1.090e-6, 4.508e-7, 6.299e-7, 1.117e-6, 4.867e-7
0.600, 7.153e-7, 1.214e-6, 4.987e-7, 7.259e-7, 1.255e-6, 5.289e-7, 6.501e-7, 1.109e-6, 4.585e-7, 6.423e-7, 1.132e-6, 4.899e-7, 6.666e-7, 1.129e-6, 4.627e-7, 6.672e-7, 1.168e-6, 5.010e-7, 6.268e-7, 1.084e-6, 4.573e-7, 6.163e-7, 1.109e-6, 4.926e-7
0.604, 7.025e-7, 1.208e-6, 5.052e-7, 7.116e-7, 1.247e-6, 5.354e-7, 6.379e-7, 1.102e-6, 4.645e-7, 6.297e-7, 1.125e-6, 4.955e-7, 6.543e-7, 1.123e-6, 4.688e-7, 6.539e-7, 1.161e-6, 5.072e-7, 6.141e-7, 1.077e-6, 4.629e-7, 6.036e-7, 1.101e-6, 4.977e-7
0.608, 6.890e-7, 1.201e-6, 5.118e-7, 6.979e-7, 1.239e-6, 5.415e-7, 6.249e-7, 1.095e-6, 4.702e-7, 6.163e-7, 1.117e-6, 5.009e-7, 6.418e-7, 1.117e-6, 4.748e-7, 6.401e-7, 1.153e-6, 5.131e-7, 6.015e-7, 1.070e-6, 4.686e-7, 5.904e-7, 1.093e-6, 5.031e-7
0.612, 6.753e-7, 1.193e-6, 5.181e-7, 6.844e-7, 1.232e-6, 5.472e-7, 6.119e-7, 1.088e-6, 4.761e-7, 6.026e-7, 1.109e-6, 5.066e-7, 6.293e-7, 1.110e-6, 4.808e-7, 6.272e-7, 1.146e-6, 5.184e-7, 5.890e-7, 1.063e-6, 4.744e-7, 5.782e-7, 1.086e-6, 5.079e-7
0.616, 6.625e-7, 1.187e-6, 5.247e-7, 6.704e-7, 1.224e-6, 5.537e-7, 5.993e-7, 1.081e-6, 4.821e-7, 5.906e-7, 1.102e-6, 5.117e-7, 6.166e-7, 1.103e-6, 4.866e-7, 6.141e-7, 1.138e-6, 5.241e-7, 5.766e-7, 1.057e-6, 4.800e-7, 5.658e-7, 1.079e-6, 5.129e-7
0.620, 6.488e-7, 1.179e-6, 5.305e-7, 6.577e-7, 1.217e-6, 5.588e-7, 5.869e-7, 1.074e-6, 4.874e-7, 5.786e-7, 1.095e-6, 5.164e-7, 6.047e-7, 1.097e-6, 4.922e-7, 6.019e-7, 1.131e-6, 5.288e-7, 5.637e-7, 1.049e-6, 4.854e-7, 5.537e-7, 1.071e-6, 5.176e-7
0.624, 6.362e-7, 1.172e-6, 5.361e-7, 6.451e-7, 1.209e-6, 5.637e-7, 5.758e-7, 1.068e-6, 4.919e-7, 5.668e-7, 1.087e-6, 5.207e-7, 5.923e-7, 1.090e-6, 4.978e-7, 5.903e-7, 1.124e-6, 5.336e-7, 5.518e-7, 1.042e-6, 4.907e-7, 5.423e-7, 1.064e-6, 5.219e-7
0.628, 6.243e-7, 1.166e-6, 5.414e-7, 6.338e-7, 1.202e-6, 5.683e-7, 5.636e-7, 1.060e-6, 4.967e-7, 5.554e-7, 1.080e-6, 5.248e-7, 5.808e-7, 1.083e-6, 5.027e-7, 5.784e-7, 1.116e-6, 5.379e-7, 5.410e-7, 1.036e-6, 4.948e-7, 5.318e-7, 1.057e-6, 5.254e-7
0.632, 6.134e-7, 1.160e-6, 5.462e-7, 6.225e-7, 1.195e-6, 5.727e-7, 5.527e-7, 1.054e-6, 5.012e-7, 5.459e-7, 1.075e-6, 5.287e-7, 5.693e-7, 1.077e-6, 5.077e-7, 5.675e-7, 1.110e-6, 5.423e-7, 5.309e-7, 1.030e-6, 4.990e-7, 5.225e-7, 1.051e-6, 5.287e-7
0.636, 6.020e-7, 1.153e-6, 5.509e-7, 6.112e-7, 1.189e-6, 5.778e-7, 5.422e-7, 1.048e-6, 5.059e-7, 5.356e-7, 1.068e-6, 5.326e-7, 5.586e-7, 1.071e-6, 5.120e-7, 5.576e-7, 1.104e-6, 5.459e-7, 5.203e-7, 1.024e-6, 5.042e-7, 5.130e-7, 1.045e-6, 5.325e-7
0.640, 5.911e-7, 1.146e-6, 5.554e-7, 6.011e-7, 1.182e-6, 5.812e-7, 5.325e-7, 1.042e-6, 5.096e-7, 5.269e-7, 1.062e-6, 5.356e-7, 5.483e-7, 1.065e-6, 5.163e-7, 5.483e-7, 1.097e-6, 5.492e-7, 5.104e-7, 1.018e-6, 5.078e-7, 5.042e-7, 1.040e-6, 5.354e-7
0.644, 5.810e-7, 1.141e-6, 5.595e-7, 5.926e-7, 1.177e-6, 5.844e-7, 5.238e-7, 1.037e-6, 5.131e-7, 5.185e-7, 1.057e-6, 5.386e-7, 5.389e-7, 1.059e-6, 5.203e-7, 5.395e-7, 1.092e-6, 5.524e-7, 5.023e-7, 1.013e-6, 5.108e-7, 4.962e-7, 1.034e-6, 5.381e-7
0.648, 5.720e-7, 1.135e-6, 5.630e-7, 5.840e-7, 1.172e-6, 5.875e-7, 5.150e-7, 1.031e-6, 5.163e-7, 5.106e-7, 1.052e-6, 5.412e-7, 5.300e-7, 1.054e-6, 5.240e-7, 5.315e-7, 1.087e-6, 5.554e-7, 4.940e-7, 1.008e-6, 5.141e-7, 4.894e-7, 1.030e-6, 5.405e-7
0.652, 5.637e-7, 1.130e-6, 5.666e-7, 5.769e-7, 1.167e-6, 5.904e-7, 5.069e-7, 1.027e-6, 5.196e-7, 5.035e-7, 1.047e-6, 5.438e-7, 5.217e-7, 1.049e-6, 5.269e-7, 5.230e-7, 1.081e-6, 5.583e-7, 4.864e-7, 1.003e-6, 5.169e-7, 4.826e-7, 1.026e-6, 5.430e-7
0.656, 5.566e-7, 1.126e-6, 5.691e-7, 5.694e-7, 1.163e-6, 5.932e-7, 5.000e-7, 1.022e-6, 5.218e-7, 4.978e-7, 1.043e-6, 5.457e-7, 5.138e-7, 1.044e-6, 5.304e-7, 5.168e-7, 1.077e-6, 5.601e-7, 4.797e-7, 9.991e-7, 5.194e-7, 4.765e-7, 1.021e-6, 5.445e-7
0.660, 5.490e-7, 1.121e-6, 5.722e-7, 5.634e-7, 1.159e-6, 5.954e-7, 4.937e-7, 1.018e-6, 5.242e-7, 4.920e-7, 1.040e-6, 5.476e-7, 5.076e-7, 1.040e-6, 5.321e-7, 5.110e-7, 1.073e-6, 5.622e-7, 4.739e-7, 9.954e-7, 5.215e-7, 4.720e-7, 1.018e-6, 5.460e-7
0.664, 5.427e-7, 1.117e-6, 5.746e-7, 5.575e-7, 1.155e-6, 5.975e-7, 4.883e-7, 1.015e-6, 5.262e-7, 4.867e-7, 1.036e-6, 5.496e-7, 5.014e-7, 1.036e-6, 5.350e-7, 5.064e-7, 1.070e-6, 5.635e-7, 4.676e-7, 9.916e-7, 5.240e-7, 4.677e-7, 1.015e-6, 5.478e-7
0.668, 5.372e-7, 1.114e-6, 5.770e-7, 5.532e-7, 1.152e-6, 5.993e-7, 4.826e-7, 1.011e-6, 5.286e-7, 4.833e-7, 1.034e-6, 5.511e-7, 4.952e-7, 1.033e-6, 5.377e-7, 5.012e-7, 1.067e-6, 5.655e-7, 4.627e-7, 9.887e-7, 5.260e-7, 4.636e-7, 1.013e-6, 5.493e-7
0.672, 5.325e-7, 1.111e-6, 5.787e-7, 5.495e-7, 1.150e-6, 6.007e-7, 4.791e-7, 1.009e-6, 5.294e-7, 4.793e-7, 1.031e-6, 5.520e-7, 4.904e-7, 1.030e-6, 5.394e-7, 4.974e-7, 1.064e-6, 5.667e-7, 4.589e-7, 9.862e-7, 5.273e-7, 4.610e-7, 1.011e-6, 5.501e-7
0.676, 5.284e-7, 1.109e-6, 5.801e-7, 5.456e-7, 1.148e-6, 6.022e-7, 4.746e-7, 1.006e-6, 5.312e-7, 4.766e-7, 1.030e-6, 5.529e-7, 4.863e-7, 1.027e-6, 5.411e-7, 4.935e-7, 1.062e-6, 5.684e-7, 4.552e-7, 9.841e-7, 5.289e-7, 4.572e-7, 1.009e-6, 5.517e-7
0.680, 5.246e-7, 1.107e-6, 5.822e-7, 5.439e-7, 1.147e-6, 6.031e-7, 4.716e-7, 1.004e-6, 5.324e-7, 4.744e-7, 1.028e-6, 5.539e-7, 4.829e-7, 1.025e-6, 5.420e-7, 4.913e-7, 1.061e-6, 5.694e-7, 4.526e-7, 9.826e-7, 5.299e-7, 4.560e-7, 1.008e-6, 5.524e-7
0.684, 5.218e-7, 1.105e-6, 5.836e-7, 5.414e-7, 1.146e-6, 6.046e-7, 4.693e-7, 1.003e-6, 5.338e-7, 4.725e-7, 1.028e-6, 5.550e-7, 4.797e-7, 1.024e-6, 5.438e-7, 4.887e-7, 1.059e-6, 5.706e-7, 4.496e-7, 9.807e-7, 5.311e-7, 4.540e-7, 1.008e-6, 5.535e-7
0.688, 5.187e-7, 1.104e-6, 5.851e-7, 5.399e-7, 1.146e-6, 6.056e-7, 4.666e-7, 1.002e-6, 5.349e-7, 4.707e-7, 1.027e-6, 5.563e-7, 4.774e-7, 1.022e-6, 5.450e-7, 4.871e-7, 1.059e-6, 5.717e-7, 4.473e-7, 9.800e-7, 5.326e-7, 4.527e-7, 1.007e-6, 5.544e-7
0.692, 5.181e-7, 1.104e-6, 5.859e-7, 5.396e-7, 1.146e-6, 6.064e-7, 4.651e-7, 1.001e-6, 5.360e-7, 4.708e-7, 1.028e-6, 5.570e-7, 4.748e-7, 1.021e-6, 5.463e-7, 4.867e-7, 1.059e-6, 5.719e-7, 4.466e-7, 9.799e-7, 5.333e-7, 4.525e-7, 1.008e-6, 5.552e-7
0.696, 5.164e-7, 1.104e-6, 5.874e-7, 5.395e-7, 1.147e-6, 6.073e-7, 4.645e-7, 1.001e-6, 5.362e-7, 4.698e-7, 1.028e-6, 5.579e-7, 4.740e-7, 1.021e-6, 5.471e-7, 4.855e-7, 1.059e-6, 5.734e-7, 4.452e-7, 9.796e-7, 5.344e-7, 4.527e-7, 1.009e-6, 5.560e-7
0.700, 5.159e-7, 1.104e-6, 5.882e-7, 5.399e-7, 1.148e-6, 6.083e-7, 4.641e-7, 1.001e-6, 5.369e-7, 4.711e-7, 1.029e-6, 5.579e-7, 4.730e-7, 1.021e-6, 5.478e-7, 4.857e-7, 1.060e-6, 5.741e-7, 4.444e-7, 9.799e-7, 5.355e-7, 4.522e-7, 1.009e-6, 5.568e-7
0.704, 5.163e-7, 1.105e-6, 5.889e-7, 5.414e-7, 1.150e-6, 6.086e-7, 4.638e-7, 1.002e-6, 5.380e-7, 4.718e-7, 1.030e-6, 5.585e-7, 4.725e-7, 1.021e-6, 5.489e-7, 4.860e-7, 1.060e-6, 5.745e-7, 4.454e-7, 9.812e-7, 5.358e-7, 4.536e-7, 1.011e-6, 5.574e-7
0.708, 5.170e-7, 1.107e-6, 5.901e-7, 5.432e-7, 1.153e-6, 6.097e-7, 4.649e-7, 1.004e-6, 5.386e-7, 4.734e-7, 1.033e-6, 5.596e-7, 4.735e-7, 1.023e-6, 5.495e-7, 4.871e-7, 1.062e-6, 5.753e-7, 4.450e-7, 9.820e-7, 5.370e-7, 4.549e-7, 1.013e-6, 5.581e-7
0.712, 5.182e-7, 1.109e-6, 5.908e-7, 5.457e-7, 1.156e-6, 6.104e-7, 4.654e-7, 1.005e-6, 5.395e-7, 4.753e-7, 1.035e-6, 5.601e-7, 4.739e-7, 1.024e-6, 5.497e-7, 4.888e-7, 1.065e-6, 5.758e-7, 4.467e-7, 9.843e-7, 5.376e-7, 4.572e-7, 1.016e-6, 5.588e-7
0.716, 5.208e-7, 1.112e-6, 5.910e-7, 5.480e-7, 1.159e-6, 6.113e-7, 4.677e-7, 1.007e-6, 5.396e-7, 4.768e-7, 1.038e-6, 5.612e-7, 4.748e-7, 1.026e-6, 5.511e-7, 4.906e-7, 1.067e-6, 5.766e-7, 4.482e-7, 9.865e-7, 5.383e-7, 4.595e-7, 1.019e-6, 5.598e-7
0.720, 5.235e-7, 1.115e-6, 5.915e-7, 5.526e-7, 1.164e-6, 6.117e-7, 4.697e-7, 1.010e-6, 5.408e-7, 4.803e-7, 1.042e-6, 5.614e-7, 4.767e-7, 1.029e-6, 5.519e-7, 4.931e-7, 1.071e-6, 5.775e-7, 4.507e-7, 9.896e-7, 5.389e-7, 4.622e-7, 1.023e-6, 5.609e-7
0.724, 5.262e-7, 1.119e-6, 5.928e-7, 5.564e-7, 1.169e-6, 6.127e-7, 4.719e-7, 1.013e-6, 5.412e-7, 4.835e-7, 1.046e-6, 5.625e-7, 4.795e-7, 1.032e-6, 5.521e-7, 4.957e-7, 1.074e-6, 5.784e-7, 4.536e-7, 9.934e-7, 5.398e-7, 4.660e-7, 1.027e-6, 5.614e-7
0.728, 5.303e-7, 1.123e-6, 5.931e-7, 5.610e-7, 1.174e-6, 6.134e-7, 4.757e-7, 1.018e-6, 5.420e-7, 4.883e-7, 1.051e-6, 5.631e-7, 4.811e-7, 1.035e-6, 5.539e-7, 5.000e-7, 1.079e-6, 5.793e-7, 4.562e-7, 9.969e-7, 5.407e-7, 4.695e-7, 1.032e-6, 5.627e-7
0.732, 5.349e-7, 1.129e-6, 5.940e-7, 5.665e-7, 1.181e-6, 6.145e-7, 4.802e-7, 1.023e-6, 5.426e-7, 4.934e-7, 1.057e-6, 5.637e-7, 4.850e-7, 1.039e-6, 5.543e-7, 5.039e-7, 1.084e-6, 5.800e-7, 4.606e-7, 1.002e-6, 5.415e-7, 4.743e-7, 1.038e-6, 5.636e-7
0.736, 5.405e-7, 1.135e-6, 5.946e-7, 5.739e-7, 1.189e-6, 6.152e-7, 4.844e-7, 1.028e-6, 5.438e-7, 4.991e-7, 1.064e-6, 5.646e-7, 4.899e-7, 1.045e-6, 5.548e-7, 5.085e-7, 1.089e-6, 5.808e-7, 4.661e-7, 1.008e-6, 5.419e-7, 4.798e-7, 1.044e-6, 5.647e-7
0.740, 5.466e-7, 1.142e-6, 5.958e-7, 5.807e-7, 1.197e-6, 6.164e-7, 4.901e-7, 1.034e-6, 5.442e-7, 5.049e-7, 1.071e-6, 5.658e-7, 4.944e-7, 1.051e-6, 5.561e-7, 5.142e-7, 1.096e-6, 5.820e-7, 4.707e-7, 1.014e-6, 5.435e-7, 4.857e-7, 1.052e-6, 5.660e-7
0.744, 5.544e-7, 1.151e-6, 5.961e-7, 5.891e-7, 1.206e-6, 6.172e-7, 4.965e-7, 1.042e-6, 5.455e-7, 5.125e-7, 1.079e-6, 5.667e-7, 5.006e-7, 1.057e-6, 5.565e-7, 5.217e-7, 1.104e-6, 5.827e-7, 4.772e-7, 1.021e-6, 5.442e-7, 4.920e-7, 1.059e-6, 5.674e-7
0.748, 5.617e-7, 1.160e-6, 5.979e-7, 5.973e-7, 1.216e-6, 6.191e-7, 5.040e-7, 1.050e-6, 5.462e-7, 5.201e-7, 1.088e-6, 5.675e-7, 5.075e-7, 1.065e-6, 5.576e-7, 5.279e-7, 1.112e-6, 5.844e-7, 4.837e-7, 1.029e-6, 5.455e-7, 4.994e-7, 1.069e-6, 5.691e-7
0.752, 5.708e-7, 1.170e-6, 5.987e-7, 6.085e-7, 1.228e-6, 6.196e-7, 5.116e-7, 1.059e-6, 5.474e-7, 5.288e-7, 1.098e-6, 5.692e-7, 5.141e-7, 1.074e-6, 5.595e-7, 5.353e-7, 1.121e-6, 5.861e-7, 4.919e-7, 1.039e-6, 5.469e-7, 5.075e-7, 1.078e-6, 5.709e-7
0.756, 5.810e-7, 1.181e-6, 5.997e-7, 6.186e-7, 1.240e-6, 6.214e-7, 5.203e-7, 1.069e-6, 5.486e-7, 5.374e-7, 1.108e-6, 5.707e-7, 5.212e-7, 1.082e-6, 5.607e-7, 5.438e-7, 1.131e-6, 5.874e-7, 4.994e-7, 1.047e-6, 5.481e-7, 5.161e-7, 1.088e-6, 5.722e-7
0.760, 5.920e-7, 1.193e-6, 6.009e-7, 6.303e-7, 1.253e-6, 6.229e-7, 5.305e-7, 1.080e-6, 5.499e-7, 5.483e-7, 1.121e-6, 5.723e-7, 5.308e-7, 1.093e-6, 5.621e-7, 5.539e-7, 1.143e-6, 5.887e-7, 5.089e-7, 1.059e-6, 5.499e-7, 5.259e-7, 1.100e-6, 5.740e-7
0.764, 6.039e-7, 1.207e-6, 6.031e-7, 6.427e-7, 1.268e-6, 6.250e-7, 5.412e-7, 1.092e-6, 5.512e-7, 5.594e-7, 1.133e-6, 5.740e-7, 5.408e-7, 1.104e-6, 5.636e-7, 5.637e-7, 1.155e-6, 5.908e-7, 5.195e-7, 1.071e-6, 5.516e-7, 5.361e-7, 1.113e-6, 5.767e-7
0.768, 6.175e-7, 1.222e-6, 6.044e-7, 6.567e-7, 1.284e-6, 6.269e-7, 5.523e-7, 1.106e-6, 5.534e-7, 5.712e-7, 1.147e-6, 5.760e-7, 5.519e-7, 1.117e-6, 5.650e-7, 5.745e-7, 1.167e-6, 5.930e-7, 5.305e-7, 1.084e-6, 5.534e-7, 5.479e-7, 1.126e-6, 5.786e-7
0.772, 6.317e-7, 1.238e-6, 6.061e-7, 6.720e-7, 1.301e-6, 6.288e-7, 5.658e-7, 1.121e-6, 5.549e-7, 5.845e-7, 1.163e-6, 5.784e-7, 5.644e-7, 1.132e-6, 5.672e-7, 5.871e-7, 1.182e-6, 5.950e-7, 5.432e-7, 1.099e-6, 5.557e-7, 5.600e-7, 1.141e-6, 5.811e-7
0.776, 6.479e-7, 1.256e-6, 6.076e-7, 6.880e-7, 1.319e-6, 6.312e-7, 5.790e-7, 1.136e-6, 5.573e-7, 5.985e-7, 1.180e-6, 5.810e-7, 5.769e-7, 1.147e-6, 5.700e-7, 6.008e-7, 1.198e-6, 5.973e-7, 5.573e-7, 1.115e-6, 5.576e-7, 5.732e-7, 1.157e-6, 5.836e-7
0.780, 6.638e-7, 1.274e-6, 6.105e-7, 7.048e-7, 1.339e-6, 6.337e-7, 5.941e-7, 1.154e-6, 5.596e-7, 6.136e-7, 1.197e-6, 5.835e-7, 5.905e-7, 1.163e-6, 5.725e-7, 6.140e-7, 1.215e-6, 6.006e-7, 5.709e-7, 1.132e-6, 5.610e-7, 5.873e-7, 1.174e-6, 5.870e-7
0.784, 6.815e-7, 1.294e-6, 6.129e-7, 7.230e-7, 1.360e-6, 6.368e-7, 6.105e-7, 1.173e-6, 5.628e-7, 6.304e-7, 1.217e-6, 5.867e-7, 6.064e-7, 1.182e-6, 5.754e-7, 6.291e-7, 1.233e-6, 6.034e-7, 5.874e-7, 1.151e-6, 5.635e-7, 6.029e-7, 1.193e-6, 5.904e-7
0.788, 7.004e-7, 1.316e-6, 6.159e-7, 7.414e-7, 1.382e-6, 6.406e-7, 6.284e-7, 1.194e-6, 5.652e-7, 6.477e-7, 1.238e-6, 5.901e-7, 6.231e-7, 1.201e-6, 5.779e-7, 6.457e-7, 1.252e-6, 6.068e-7, 6.043e-7, 1.172e-6, 5.673e-7, 6.196e-7, 1.213e-6, 5.939e-7
0.792, 7.203e-7, 1.339e-6, 6.190e-7, 7.624e-7, 1.406e-6, 6.440e-7, 6.463e-7, 1.215e-6, 5.691e-7, 6.657e-7, 1.260e-6, 5.939e-7, 6.407e-7, 1.222e-6, 5.817e-7, 6.627e-7, 1.273e-6, 6.103e-7, 6.220e-7, 1.193e-6, 5.714e-7, 6.365e-7, 1.235e-6, 5.983e-7
0.796, 7.412e-7, 1.364e-6, 6.231e-7, 7.841e-7, 1.433e-6, 6.485e-7, 6.666e-7, 1.240e-6, 5.732e-7, 6.859e-7, 1.284e-6, 5.976e-7, 6.599e-7, 1.246e-6, 5.858e-7, 6.814e-7, 1.296e-6, 6.148e-7, 6.417e-7, 1.217e-6, 5.756e-7, 6.554e-7, 1.258e-6, 6.029e-7
0.800, 7.646e-7, 1.392e-6, 6.274e-7, 8.079e-7, 1.461e-6, 6.528e-7, 6.885e-7, 1.265e-6, 5.769e-7, 7.074e-7, 1.310e-6, 6.024e-7, 6.812e-7, 1.271e-6, 5.897e-7, 7.024e-7, 1.321e-6, 6.187e-7, 6.630e-7, 1.243e-6, 5.801e-7, 6.762e-7, 1.284e-6, 6.077e-7
0.804, 7.891e-7, 1.422e-6, 6.324e-7, 8.327e-7, 1.491e-6, 6.581e-7, 7.111e-7, 1.293e-6, 5.820e-7, 7.294e-7, 1.337e-6, 6.077e-7, 7.031e-7, 1.298e-6, 5.944e-7, 7.233e-7, 1.347e-6, 6.236e-7, 6.847e-7, 1.270e-6, 5.857e-7, 6.965e-7, 1.310e-6, 6.137e-7
0.808, 8.159e-7, 1.453e-6, 6.374e-7, 8.599e-7, 1.523e-6, 6.635e-7, 7.353e-7, 1.323e-6, 5.874e-7, 7.536e-7, 1.367e-6, 6.132e-7, 7.266e-7, 1.326e-6, 5.998e-7, 7.459e-7, 1.375e-6, 6.291e-7, 7.090e-7, 1.300e-6, 5.911e-7, 7.194e-7, 1.339e-6, 6.194e-7
0.812, 8.435e-7, 1.487e-6, 6.431e-7, 8.875e-7, 1.558e-6, 6.702e-7, 7.605e-7, 1.354e-6, 5.937e-7, 7.776e-7, 1.397e-6, 6.195e-7, 7.511e-7, 1.357e-6, 6.060e-7, 7.689e-7, 1.404e-6, 6.354e-7, 7.334e-7, 1.331e-6, 5.978e-7, 7.428e-7, 1.369e-6, 6.261e-7
0.816, 8.730e-7, 1.523e-6, 6.499e-7, 9.166e-7, 1.594e-6, 6.773e-7, 7.880e-7, 1.388e-6, 6.001e-7, 8.049e-7, 1.431e-6, 6.260e-7, 7.778e-7, 1.390e-6, 6.125e-7, 7.943e-7, 1.436e-6, 6.420e-7, 7.601e-7, 1.365e-6, 6.047e-7, 7.672e-7, 1.401e-6, 6.335e-7
0.820, 9.048e-7, 1.562e-6, 6.568e-7, 9.485e-7, 1.633e-6, 6.850e-7, 8.174e-7, 1.424e-6, 6.068e-7, 8.330e-7, 1.466e-6, 6.334e-7, 8.055e-7, 1.425e-6, 6.198e-7, 8.209e-7, 1.470e-6, 6.490e-7, 7.878e-7, 1.401e-6, 6.130e-7, 7.942e-7, 1.435e-6, 6.411e-7
0.824, 9.380e-7, 1.603e-6, 6.652e-7, 9.806e-7, 1.674e-6, 6.939e-7, 8.474e-7, 1.462e-6, 6.151e-7, 8.618e-7, 1.503e-6, 6.415e-7, 8.351e-7, 1.463e-6, 6.276e-7, 8.495e-7, 1.506e-6, 6.566e-7, 8.173e-7, 1.439e-6, 6.212e-7, 8.216e-7, 1.471e-6, 6.498e-7
0.828, 9.721e-7, 1.647e-6, 6.745e-7, 1.015e-6, 1.718e-6, 7.035e-7, 8.787e-7, 1.503e-6, 6.240e-7, 8.926e-7, 1.543e-6, 6.504e-7, 8.666e-7, 1.503e-6, 6.366e-7, 8.779e-7, 1.544e-6, 6.658e-7, 8.486e-7, 1.479e-6, 6.307e-7, 8.504e-7, 1.510e-6, 6.593e-7
0.832, 1.008e-6, 1.692e-6, 6.843e-7, 1.050e-6, 1.764e-6, 7.138e-7, 9.129e-7, 1.546e-6, 6.336e-7, 9.255e-7, 1.585e-6, 6.597e-7, 8.992e-7, 1.546e-6, 6.463e-7, 9.091e-7, 1.584e-6, 6.750e-7, 8.813e-7, 1.522e-6, 6.411e-7, 8.804e-7, 1.550e-6, 6.697e-7
0.836, 1.046e-6, 1.742e-6, 6.953e-7, 1.089e-6, 1.814e-6, 7.247e-7, 9.488e-7, 1.592e-6, 6.437e-7, 9.594e-7, 1.630e-6, 6.701e-7, 9.341e-7, 1.590e-6, 6.563e-7, 9.415e-7, 1.626e-6, 6.850e-7, 9.158e-7, 1.568e-6, 6.523e-7, 9.130e-7, 1.593e-6, 6.802e-7
0.840, 1.086e-6, 1.793e-6, 7.069e-7, 1.128e-6, 1.865e-6, 7.373e-7, 9.854e-7, 1.641e-6, 6.553e-7, 9.943e-7, 1.676e-6, 6.819e-7, 9.702e-7, 1.638e-6, 6.680e-7, 9.753e-7, 1.671e-6, 6.959e-7, 9.520e-7, 1.616e-6, 6.642e-7, 9.463e-7, 1.638e-6, 6.918e-7
0.844, 1.127e-6, 1.847e-6, 7.199e-7, 1.168e-6, 1.919e-6, 7.510e-7, 1.023e-6, 1.691e-6, 6.681e-7, 1.030e-6, 1.725e-6, 6.948e-7, 1.007e-6, 1.688e-6, 6.814e-7, 1.009e-6, 1.718e-6, 7.087e-7, 9.879e-7, 1.666e-6, 6.782e-7, 9.794e-7, 1.685e-6, 7.052e-7
0.848, 1.171e-6, 1.905e-6, 7.343e-7, 1.211e-6, 1.977e-6, 7.657e-7, 1.064e-6, 1.745e-6, 6.813e-7, 1.069e-6, 1.777e-6, 7.078e-7, 1.046e-6, 1.741e-6, 6.947e-7, 1.046e-6, 1.768e-6, 7.215e-7, 1.028e-6, 1.720e-6, 6.922e-7, 1.016e-6, 1.735e-6, 7.186e-7
0.852, 1.216e-6, 1.965e-6, 7.492e-7, 1.255e-6, 2.036e-6, 7.812e-7, 1.107e-6, 1.802e-6, 6.954e-7, 1.108e-6, 1.830e-6, 7.224e-7, 1.087e-6, 1.796e-6, 7.092e-7, 1.084e-6, 1.819e-6, 7.354e-7, 1.068e-6, 1.776e-6, 7.074e-7, 1.054e-6, 1.787e-6, 7.330e-7
0.856, 1.262e-6, 2.028e-6, 7.657e-7, 1.301e-6, 2.099e-6, 7.981e-7, 1.149e-6, 1.861e-6, 7.118e-7, 1.149e-6, 1.887e-6, 7.376e-7, 1.129e-6, 1.855e-6, 7.252e-7, 1.123e-6, 1.873e-6, 7.508e-7, 1.110e-6, 1.834e-6, 7.241e-7, 1.092e-6, 1.841e-6, 7.489e-7
0.860, 1.311e-6, 2.095e-6, 7.840e-7, 1.348e-6, 2.165e-6, 8.175e-7, 1.193e-6, 1.922e-6, 7.290e-7, 1.191e-6, 1.945e-6, 7.545e-7, 1.172e-6, 1.914e-6, 7.428e-7, 1.163e-6, 1.930e-6, 7.674e-7, 1.153e-6, 1.895e-6, 7.422e-7, 1.132e-6, 1.898e-6, 7.656e-7
0.864, 1.360e-6, 2.164e-6, 8.034e-7, 1.397e-6, 2.234e-6, 8.370e-7, 1.240e-6, 1.987e-6, 7.465e-7, 1.235e-6, 2.007e-6, 7.723e-7, 1.217e-6, 1.978e-6, 7.610e-7, 1.205e-6, 1.989e-6, 7.844e-7, 1.197e-6, 1.958e-6, 7.610e-7, 1.173e-6, 1.957e-6, 7.839e-7
0.868, 1.413e-6, 2.236e-6, 8.237e-7, 1.449e-6, 2.306e-6, 8.577e-7, 1.287e-6, 2.054e-6, 7.669e-7, 1.280e-6, 2.071e-6, 7.910e-7, 1.262e-6, 2.043e-6, 7.809e-7, 1.248e-6, 2.050e-6, 8.026e-7, 1.242e-6, 2.024e-6, 7.816e-7, 1.216e-6, 2.018e-6, 8.022e-7
0.872, 1.466e-6, 2.312e-6, 8.457e-7, 1.502e-6, 2.382e-6, 8.803e-7, 1.337e-6, 2.124e-6, 7.876e-7, 1.327e-6, 2.138e-6, 8.116e-7, 1.311e-6, 2.113e-6, 8.018e-7, 1.292e-6, 2.115e-6, 8.225e-7, 1.290e-6, 2.093e-6, 8.027e-7, 1.259e-6, 2.082e-6, 8.223e-7
0.876, 1.521e-6, 2.390e-6, 8.693e-7, 1.556e-6, 2.460e-6, 9.040e-7, 1.387e-6, 2.197e-6, 8.092e-7, 1.375e-6, 2.208e-6, 8.329e-7, 1.359e-6, 2.183e-6, 8.239e-7, 1.338e-6, 2.182e-6, 8.440e-7, 1.337e-6, 2.163e-6, 8.257e-7, 1.304e-6, 2.148e-6, 8.439e-7
0.880, 1.574e-6, 2.472e-6, 8.978e-7, 1.612e-6, 2.542e-6, 9.300e-7, 1.440e-6, 2.273e-6, 8.331e-7, 1.425e-6, 2.280e-6, 8.557e-7, 1.410e-6, 2.258e-6, 8.475e-7, 1.385e-6, 2.251e-6, 8.659e-7, 1.387e-6, 2.237e-6, 8.499e-7, 1.350e-6, 2.217e-6, 8.665e-7
0.884, 1.637e-6, 2.558e-6, 9.210e-7, 1.669e-6, 2.626e-6, 9.576e-7, 1.493e-6, 2.351e-6, 8.580e-7, 1.476e-6, 2.356e-6, 8.796e-7, 1.462e-6, 2.334e-6, 8.726e-7, 1.434e-6, 2.323e-6, 8.894e-7, 1.438e-6, 2.313e-6, 8.749e-7, 1.398e-6, 2.288e-6, 8.899e-7
0.888, 1.695e-6, 2.645e-6, 9.498e-7, 1.728e-6, 2.714e-6, 9.864e-7, 1.547e-6, 2.432e-6, 8.847e-7, 1.528e-6, 2.434e-6, 9.058e-7, 1.515e-6, 2.414e-6, 8.988e-7, 1.484e-6, 2.398e-6, 9.142e-7, 1.490e-6, 2.391e-6, 9.019e-7, 1.446e-6, 2.362e-6, 9.153e-7
0.892, 1.756e-6, 2.736e-6, 9.797e-7, 1.788e-6, 2.806e-6, 1.018e-6, 1.603e-6, 2.516e-6, 9.128e-7, 1.580e-6, 2.513e-6, 9.333e-7, 1.568e-6, 2.495e-6, 9.267e-7, 1.535e-6, 2.475e-6, 9.403e-7, 1.542e-6, 2.472e-6, 9.300e-7, 1.496e-6, 2.438e-6, 9.417e-7
0.896, 1.818e-6, 2.830e-6, 1.012e-6, 1.850e-6, 2.900e-6, 1.050e-6, 1.660e-6, 2.602e-6, 9.418e-7, 1.635e-6, 2.597e-6, 9.618e-7, 1.623e-6, 2.579e-6, 9.564e-7, 1.585e-6, 2.555e-6, 9.692e-7, 1.594e-6, 2.554e-6, 9.595e-7, 1.546e-6, 2.516e-6, 9.697e-7
0.900, 1.882e-6, 2.927e-6, 1.046e-6, 1.914e-6, 2.999e-6, 1.086e-6, 1.719e-6, 2.693e-6, 9.736e-7, 1.692e-6, 2.684e-6, 9.924e-7, 1.680e-6, 2.667e-6, 9.871e-7, 1.639e-6, 2.638e-6, 9.985e-7, 1.649e-6, 2.640e-6, 9.906e-7, 1.599e-6, 2.597e-6, 9.987e-7
