0.899, -2.435e-6, -2.582e-6, -2.629e-6, -2.785e-6, -2.678e-6, -2.904e-6, -2.724e-6, -2.867e-6
0.898, -2.021e-6, -2.111e-6, -2.174e-6, -2.270e-6, -2.199e-6, -2.356e-6, -2.256e-6, -2.332e-6
0.897, -1.808e-6, -1.880e-6, -1.945e-6, -2.020e-6, -1.961e-6, -2.091e-6, -2.021e-6, -2.073e-6
0.896, -1.669e-6, -1.730e-6, -1.794e-6, -1.856e-6, -1.806e-6, -1.922e-6, -1.866e-6, -1.906e-6
0.895, -1.572e-6, -1.626e-6, -1.690e-6, -1.745e-6, -1.698e-6, -1.806e-6, -1.759e-6, -1.792e-6
0.894, -1.498e-6, -1.547e-6, -1.610e-6, -1.661e-6, -1.616e-6, -1.718e-6, -1.676e-6, -1.704e-6
0.893, -1.439e-6, -1.484e-6, -1.546e-6, -1.592e-6, -1.550e-6, -1.647e-6, -1.609e-6, -1.634e-6
0.892, -1.389e-6, -1.430e-6, -1.491e-6, -1.536e-6, -1.493e-6, -1.588e-6, -1.553e-6, -1.575e-6
0.891, -1.343e-6, -1.384e-6, -1.443e-6, -1.486e-6, -1.446e-6, -1.537e-6, -1.505e-6, -1.523e-6
0.890, -1.308e-6, -1.348e-6, -1.406e-6, -1.447e-6, -1.406e-6, -1.496e-6, -1.466e-6, -1.484e-6
0.889, -1.275e-6, -1.315e-6, -1.373e-6, -1.411e-6, -1.374e-6, -1.459e-6, -1.429e-6, -1.447e-6
0.888, -1.248e-6, -1.285e-6, -1.343e-6, -1.380e-6, -1.341e-6, -1.426e-6, -1.398e-6, -1.414e-6
0.887, -1.224e-6, -1.259e-6, -1.315e-6, -1.352e-6, -1.315e-6, -1.398e-6, -1.369e-6, -1.386e-6
0.886, -1.200e-6, -1.235e-6, -1.290e-6, -1.327e-6, -1.291e-6, -1.373e-6, -1.344e-6, -1.359e-6
0.885, -1.179e-6, -1.216e-6, -1.269e-6, -1.303e-6, -1.267e-6, -1.347e-6, -1.320e-6, -1.336e-6
0.884, -1.162e-6, -1.196e-6, -1.250e-6, -1.283e-6, -1.248e-6, -1.327e-6, -1.301e-6, -1.314e-6
0.883, -1.145e-6, -1.181e-6, -1.231e-6, -1.266e-6, -1.230e-6, -1.308e-6, -1.283e-6, -1.295e-6
0.882, -1.131e-6, -1.165e-6, -1.218e-6, -1.250e-6, -1.216e-6, -1.294e-6, -1.266e-6, -1.280e-6
0.881, -1.117e-6, -1.151e-6, -1.203e-6, -1.236e-6, -1.200e-6, -1.277e-6, -1.250e-6, -1.262e-6
0.880, -1.103e-6, -1.136e-6, -1.189e-6, -1.219e-6, -1.187e-6, -1.261e-6, -1.235e-6, -1.248e-6
0.879, -1.093e-6, -1.126e-6, -1.176e-6, -1.206e-6, -1.175e-6, -1.249e-6, -1.221e-6, -1.234e-6
0.878, -1.082e-6, -1.113e-6, -1.164e-6, -1.194e-6, -1.163e-6, -1.235e-6, -1.209e-6, -1.220e-6
0.877, -1.071e-6, -1.104e-6, -1.153e-6, -1.183e-6, -1.151e-6, -1.225e-6, -1.197e-6, -1.210e-6
0.876, -1.060e-6, -1.093e-6, -1.144e-6, -1.173e-6, -1.143e-6, -1.214e-6, -1.187e-6, -1.197e-6
0.875, -1.052e-6, -1.084e-6, -1.134e-6, -1.165e-6, -1.135e-6, -1.205e-6, -1.177e-6, -1.188e-6
0.874, -1.046e-6, -1.077e-6, -1.127e-6, -1.156e-6, -1.127e-6, -1.197e-6, -1.169e-6, -1.179e-6
0.873, -1.037e-6, -1.068e-6, -1.118e-6, -1.147e-6, -1.118e-6, -1.187e-6, -1.159e-6, -1.169e-6
0.872, -1.028e-6, -1.059e-6, -1.110e-6, -1.137e-6, -1.110e-6, -1.177e-6, -1.149e-6, -1.160e-6
0.871, -1.022e-6, -1.053e-6, -1.104e-6, -1.131e-6, -1.105e-6, -1.172e-6, -1.144e-6, -1.154e-6
0.870, -1.019e-6, -1.047e-6, -1.098e-6, -1.126e-6, -1.099e-6, -1.165e-6, -1.135e-6, -1.145e-6
0.869, -1.011e-6, -1.039e-6, -1.092e-6, -1.119e-6, -1.091e-6, -1.159e-6, -1.129e-6, -1.139e-6
0.868, -1.007e-6, -1.036e-6, -1.088e-6, -1.114e-6, -1.088e-6, -1.153e-6, -1.123e-6, -1.133e-6
0.867, -1.002e-6, -1.030e-6, -1.082e-6, -1.108e-6, -1.083e-6, -1.148e-6, -1.117e-6, -1.126e-6
0.866, -9.970e-7, -1.026e-6, -1.077e-6, -1.103e-6, -1.079e-6, -1.143e-6, -1.115e-6, -1.123e-6
0.865, -9.923e-7, -1.021e-6, -1.074e-6, -1.098e-6, -1.076e-6, -1.139e-6, -1.109e-6, -1.117e-6
0.864, -9.890e-7, -1.016e-6, -1.068e-6, -1.094e-6, -1.071e-6, -1.133e-6, -1.105e-6, -1.111e-6
0.863, -9.850e-7, -1.012e-6, -1.064e-6, -1.089e-6, -1.067e-6, -1.128e-6, -1.100e-6, -1.107e-6
0.862, -9.846e-7, -1.009e-6, -1.063e-6, -1.087e-6, -1.065e-6, -1.126e-6, -1.096e-6, -1.104e-6
0.861, -9.789e-7, -1.004e-6, -1.058e-6, -1.081e-6, -1.062e-6, -1.122e-6, -1.092e-6, -1.099e-6
0.860, -9.738e-7, -1.001e-6, -1.053e-6, -1.078e-6, -1.059e-6, -1.119e-6, -1.089e-6, -1.095e-6
0.859, -9.731e-7, -9.991e-7, -1.052e-6, -1.075e-6, -1.055e-6, -1.115e-6, -1.085e-6, -1.091e-6
0.858, -9.701e-7, -9.966e-7, -1.049e-6, -1.073e-6, -1.056e-6, -1.114e-6, -1.083e-6, -1.087e-6
0.857, -9.668e-7, -9.928e-7, -1.047e-6, -1.069e-6, -1.052e-6, -1.112e-6, -1.080e-6, -1.085e-6
0.856, -9.664e-7, -9.916e-7, -1.045e-6, -1.067e-6, -1.051e-6, -1.108e-6, -1.077e-6, -1.082e-6
0.855, -9.658e-7, -9.902e-7, -1.045e-6, -1.066e-6, -1.051e-6, -1.109e-6, -1.077e-6, -1.081e-6
0.854, -9.619e-7, -9.872e-7, -1.041e-6, -1.063e-6, -1.047e-6, -1.105e-6, -1.073e-6, -1.077e-6
0.853, -9.611e-7, -9.858e-7, -1.040e-6, -1.061e-6, -1.047e-6, -1.103e-6, -1.071e-6, -1.076e-6
0.852, -9.599e-7, -9.835e-7, -1.039e-6, -1.061e-6, -1.046e-6, -1.102e-6, -1.070e-6, -1.075e-6
0.851, -9.587e-7, -9.837e-7, -1.037e-6, -1.059e-6, -1.045e-6, -1.102e-6, -1.069e-6, -1.072e-6
0.850, -9.574e-7, -9.810e-7, -1.037e-6, -1.057e-6, -1.045e-6, -1.101e-6, -1.068e-6, -1.072e-6
0.849, -9.552e-7, -9.788e-7, -1.036e-6, -1.057e-6, -1.045e-6, -1.099e-6, -1.067e-6, -1.069e-6
0.848, -9.561e-7, -9.791e-7, -1.034e-6, -1.055e-6, -1.043e-6, -1.098e-6, -1.065e-6, -1.068e-6
0.847, -9.549e-7, -9.789e-7, -1.034e-6, -1.054e-6, -1.043e-6, -1.100e-6, -1.066e-6, -1.067e-6
0.846, -9.555e-7, -9.790e-7, -1.035e-6, -1.055e-6, -1.043e-6, -1.099e-6, -1.064e-6, -1.069e-6
0.845, -9.550e-7, -9.767e-7, -1.034e-6, -1.053e-6, -1.044e-6, -1.099e-6, -1.065e-6, -1.068e-6
0.844, -9.538e-7, -9.770e-7, -1.033e-6, -1.053e-6, -1.044e-6, -1.098e-6, -1.064e-6, -1.064e-6
0.843, -9.541e-7, -9.782e-7, -1.034e-6, -1.055e-6, -1.045e-6, -1.099e-6, -1.065e-6, -1.067e-6
0.842, -9.532e-7, -9.761e-7, -1.034e-6, -1.052e-6, -1.044e-6, -1.098e-6, -1.063e-6, -1.065e-6
0.841, -9.533e-7, -9.750e-7, -1.034e-6, -1.050e-6, -1.045e-6, -1.098e-6, -1.062e-6, -1.065e-6
0.840, -9.529e-7, -9.756e-7, -1.037e-6, -1.052e-6, -1.046e-6, -1.099e-6, -1.064e-6, -1.065e-6
0.839, -9.527e-7, -9.740e-7, -1.033e-6, -1.051e-6, -1.047e-6, -1.098e-6, -1.063e-6, -1.063e-6
0.838, -9.541e-7, -9.767e-7, -1.036e-6, -1.052e-6, -1.047e-6, -1.100e-6, -1.064e-6, -1.064e-6
0.837, -9.543e-7, -9.749e-7, -1.037e-6, -1.053e-6, -1.049e-6, -1.101e-6, -1.063e-6, -1.064e-6
0.836, -9.557e-7, -9.753e-7, -1.038e-6, -1.054e-6, -1.050e-6, -1.101e-6, -1.065e-6, -1.063e-6
0.835, -9.550e-7, -9.757e-7, -1.038e-6, -1.054e-6, -1.051e-6, -1.101e-6, -1.066e-6, -1.064e-6
0.834, -9.554e-7, -9.767e-7, -1.040e-6, -1.056e-6, -1.051e-6, -1.104e-6, -1.067e-6, -1.065e-6
0.833, -9.564e-7, -9.769e-7, -1.040e-6, -1.056e-6, -1.055e-6, -1.105e-6, -1.068e-6, -1.066e-6
0.832, -9.578e-7, -9.779e-7, -1.043e-6, -1.059e-6, -1.056e-6, -1.107e-6, -1.068e-6, -1.067e-6
0.831, -9.578e-7, -9.786e-7, -1.044e-6, -1.057e-6, -1.058e-6, -1.106e-6, -1.069e-6, -1.068e-6
0.830, -9.594e-7, -9.809e-7, -1.046e-6, -1.060e-6, -1.061e-6, -1.108e-6, -1.072e-6, -1.070e-6
0.829, -9.604e-7, -9.816e-7, -1.048e-6, -1.061e-6, -1.060e-6, -1.110e-6, -1.072e-6, -1.069e-6
0.828, -9.606e-7, -9.800e-7, -1.047e-6, -1.060e-6, -1.061e-6, -1.110e-6, -1.072e-6, -1.069e-6
0.827, -9.648e-7, -9.831e-7, -1.051e-6, -1.066e-6, -1.067e-6, -1.114e-6, -1.075e-6, -1.072e-6
0.826, -9.650e-7, -9.848e-7, -1.052e-6, -1.067e-6, -1.067e-6, -1.115e-6, -1.078e-6, -1.073e-6
0.825, -9.665e-7, -9.854e-7, -1.056e-6, -1.069e-6, -1.069e-6, -1.119e-6, -1.078e-6, -1.073e-6
0.824, -9.677e-7, -9.873e-7, -1.057e-6, -1.068e-6, -1.071e-6, -1.120e-6, -1.079e-6, -1.077e-6
0.823, -9.686e-7, -9.898e-7, -1.057e-6, -1.071e-6, -1.072e-6, -1.121e-6, -1.082e-6, -1.077e-6
0.822, -9.709e-7, -9.888e-7, -1.060e-6, -1.073e-6, -1.075e-6, -1.122e-6, -1.082e-6, -1.078e-6
0.821, -9.726e-7, -9.921e-7, -1.063e-6, -1.075e-6, -1.078e-6, -1.125e-6, -1.087e-6, -1.081e-6
0.820, -9.739e-7, -9.949e-7, -1.066e-6, -1.079e-6, -1.081e-6, -1.128e-6, -1.089e-6, -1.084e-6
0.819, -9.745e-7, -9.941e-7, -1.067e-6, -1.078e-6, -1.084e-6, -1.130e-6, -1.090e-6, -1.083e-6
0.818, -9.796e-7, -9.978e-7, -1.072e-6, -1.083e-6, -1.086e-6, -1.134e-6, -1.092e-6, -1.088e-6
0.817, -9.819e-7, -1.001e-6, -1.075e-6, -1.087e-6, -1.089e-6, -1.136e-6, -1.095e-6, -1.089e-6
0.816, -9.823e-7, -1.002e-6, -1.075e-6, -1.088e-6, -1.091e-6, -1.136e-6, -1.097e-6, -1.090e-6
0.815, -9.850e-7, -1.004e-6, -1.080e-6, -1.090e-6, -1.094e-6, -1.141e-6, -1.100e-6, -1.092e-6
0.814, -9.869e-7, -1.006e-6, -1.082e-6, -1.093e-6, -1.098e-6, -1.143e-6, -1.102e-6, -1.096e-6
0.813, -9.886e-7, -1.007e-6, -1.085e-6, -1.094e-6, -1.100e-6, -1.146e-6, -1.105e-6, -1.097e-6
0.812, -9.919e-7, -1.010e-6, -1.088e-6, -1.098e-6, -1.103e-6, -1.150e-6, -1.109e-6, -1.100e-6
0.811, -9.937e-7, -1.013e-6, -1.092e-6, -1.102e-6, -1.107e-6, -1.152e-6, -1.111e-6, -1.103e-6
0.810, -9.977e-7, -1.016e-6, -1.095e-6, -1.105e-6, -1.111e-6, -1.158e-6, -1.113e-6, -1.107e-6
0.809, -1.000e-6, -1.018e-6, -1.097e-6, -1.106e-6, -1.113e-6, -1.159e-6, -1.117e-6, -1.108e-6
0.808, -1.001e-6, -1.020e-6, -1.100e-6, -1.110e-6, -1.116e-6, -1.162e-6, -1.121e-6, -1.110e-6
0.807, -1.003e-6, -1.024e-6, -1.105e-6, -1.112e-6, -1.120e-6, -1.164e-6, -1.123e-6, -1.113e-6
0.806, -1.008e-6, -1.027e-6, -1.109e-6, -1.117e-6, -1.124e-6, -1.169e-6, -1.126e-6, -1.117e-6
0.805, -1.009e-6, -1.028e-6, -1.113e-6, -1.120e-6, -1.128e-6, -1.172e-6, -1.131e-6, -1.121e-6
0.804, -1.012e-6, -1.030e-6, -1.115e-6, -1.122e-6, -1.129e-6, -1.175e-6, -1.131e-6, -1.122e-6
0.803, -1.018e-6, -1.035e-6, -1.120e-6, -1.129e-6, -1.134e-6, -1.180e-6, -1.136e-6, -1.126e-6
0.802, -1.021e-6, -1.039e-6, -1.125e-6, -1.132e-6, -1.139e-6, -1.184e-6, -1.142e-6, -1.131e-6
0.801, -1.022e-6, -1.041e-6, -1.127e-6, -1.134e-6, -1.143e-6, -1.189e-6, -1.144e-6, -1.135e-6
0.800, -1.025e-6, -1.043e-6, -1.131e-6, -1.137e-6, -1.145e-6, -1.192e-6, -1.147e-6, -1.137e-6
0.799, -1.028e-6, -1.047e-6, -1.135e-6, -1.141e-6, -1.149e-6, -1.194e-6, -1.150e-6, -1.139e-6
0.798, -1.032e-6, -1.049e-6, -1.137e-6, -1.145e-6, -1.153e-6, -1.200e-6, -1.154e-6, -1.143e-6
0.797, -1.033e-6, -1.052e-6, -1.143e-6, -1.148e-6, -1.157e-6, -1.202e-6, -1.158e-6, -1.145e-6
0.796, -1.036e-6, -1.055e-6, -1.146e-6, -1.153e-6, -1.161e-6, -1.206e-6, -1.161e-6, -1.148e-6
0.795, -1.041e-6, -1.059e-6, -1.152e-6, -1.158e-6, -1.165e-6, -1.212e-6, -1.166e-6, -1.154e-6
0.794, -1.045e-6, -1.062e-6, -1.155e-6, -1.161e-6, -1.169e-6, -1.216e-6, -1.170e-6, -1.156e-6
0.793, -1.049e-6, -1.067e-6, -1.158e-6, -1.167e-6, -1.171e-6, -1.218e-6, -1.174e-6, -1.159e-6
0.792, -1.050e-6, -1.069e-6, -1.162e-6, -1.168e-6, -1.177e-6, -1.222e-6, -1.176e-6, -1.161e-6
0.791, -1.054e-6, -1.073e-6, -1.169e-6, -1.175e-6, -1.181e-6, -1.226e-6, -1.182e-6, -1.167e-6
0.790, -1.057e-6, -1.075e-6, -1.171e-6, -1.175e-6, -1.183e-6, -1.230e-6, -1.184e-6, -1.171e-6
0.789, -1.061e-6, -1.080e-6, -1.177e-6, -1.181e-6, -1.190e-6, -1.234e-6, -1.190e-6, -1.175e-6
0.788, -1.064e-6, -1.082e-6, -1.181e-6, -1.184e-6, -1.191e-6, -1.238e-6, -1.192e-6, -1.177e-6
0.787, -1.066e-6, -1.086e-6, -1.186e-6, -1.189e-6, -1.196e-6, -1.243e-6, -1.197e-6, -1.182e-6
0.786, -1.072e-6, -1.090e-6, -1.190e-6, -1.194e-6, -1.200e-6, -1.248e-6, -1.201e-6, -1.186e-6
0.785, -1.076e-6, -1.093e-6, -1.195e-6, -1.198e-6, -1.204e-6, -1.252e-6, -1.205e-6, -1.190e-6
0.784, -1.077e-6, -1.095e-6, -1.197e-6, -1.200e-6, -1.207e-6, -1.254e-6, -1.209e-6, -1.191e-6
0.783, -1.082e-6, -1.101e-6, -1.204e-6, -1.207e-6, -1.213e-6, -1.261e-6, -1.213e-6, -1.198e-6
0.782, -1.086e-6, -1.105e-6, -1.208e-6, -1.211e-6, -1.217e-6, -1.264e-6, -1.218e-6, -1.200e-6
0.781, -1.090e-6, -1.108e-6, -1.212e-6, -1.217e-6, -1.222e-6, -1.270e-6, -1.223e-6, -1.205e-6
0.780, -1.093e-6, -1.110e-6, -1.216e-6, -1.218e-6, -1.223e-6, -1.272e-6, -1.223e-6, -1.206e-6
0.779, -1.098e-6, -1.117e-6, -1.223e-6, -1.225e-6, -1.229e-6, -1.279e-6, -1.232e-6, -1.213e-6
0.778, -1.102e-6, -1.120e-6, -1.226e-6, -1.230e-6, -1.234e-6, -1.284e-6, -1.236e-6, -1.219e-6
0.777, -1.106e-6, -1.123e-6, -1.233e-6, -1.237e-6, -1.241e-6, -1.290e-6, -1.241e-6, -1.223e-6
0.776, -1.108e-6, -1.127e-6, -1.237e-6, -1.240e-6, -1.244e-6, -1.294e-6, -1.245e-6, -1.226e-6
0.775, -1.112e-6, -1.132e-6, -1.242e-6, -1.244e-6, -1.249e-6, -1.298e-6, -1.249e-6, -1.230e-6
0.774, -1.115e-6, -1.135e-6, -1.247e-6, -1.250e-6, -1.254e-6, -1.303e-6, -1.255e-6, -1.235e-6
0.773, -1.122e-6, -1.142e-6, -1.254e-6, -1.256e-6, -1.259e-6, -1.308e-6, -1.259e-6, -1.241e-6
0.772, -1.124e-6, -1.144e-6, -1.259e-6, -1.259e-6, -1.262e-6, -1.311e-6, -1.263e-6, -1.243e-6
0.771, -1.127e-6, -1.146e-6, -1.260e-6, -1.263e-6, -1.266e-6, -1.317e-6, -1.267e-6, -1.247e-6
0.770, -1.133e-6, -1.153e-6, -1.268e-6, -1.272e-6, -1.272e-6, -1.324e-6, -1.275e-6, -1.254e-6
0.769, -1.136e-6, -1.155e-6, -1.272e-6, -1.275e-6, -1.276e-6, -1.327e-6, -1.277e-6, -1.257e-6
0.768, -1.140e-6, -1.159e-6, -1.277e-6, -1.278e-6, -1.279e-6, -1.332e-6, -1.281e-6, -1.260e-6
0.767, -1.144e-6, -1.166e-6, -1.282e-6, -1.284e-6, -1.284e-6, -1.338e-6, -1.286e-6, -1.266e-6
0.766, -1.149e-6, -1.169e-6, -1.288e-6, -1.290e-6, -1.290e-6, -1.342e-6, -1.292e-6, -1.271e-6
0.765, -1.154e-6, -1.174e-6, -1.295e-6, -1.296e-6, -1.295e-6, -1.349e-6, -1.297e-6, -1.276e-6
0.764, -1.159e-6, -1.178e-6, -1.300e-6, -1.301e-6, -1.301e-6, -1.354e-6, -1.303e-6, -1.282e-6
0.763, -1.162e-6, -1.182e-6, -1.303e-6, -1.306e-6, -1.304e-6, -1.357e-6, -1.306e-6, -1.283e-6
0.762, -1.164e-6, -1.186e-6, -1.307e-6, -1.310e-6, -1.310e-6, -1.362e-6, -1.311e-6, -1.290e-6
0.761, -1.170e-6, -1.190e-6, -1.313e-6, -1.317e-6, -1.314e-6, -1.368e-6, -1.316e-6, -1.293e-6
0.760, -1.174e-6, -1.195e-6, -1.320e-6, -1.322e-6, -1.318e-6, -1.375e-6, -1.323e-6, -1.299e-6
0.759, -1.179e-6, -1.200e-6, -1.326e-6, -1.327e-6, -1.325e-6, -1.380e-6, -1.326e-6, -1.304e-6
0.758, -1.183e-6, -1.204e-6, -1.331e-6, -1.333e-6, -1.330e-6, -1.384e-6, -1.332e-6, -1.310e-6
0.757, -1.187e-6, -1.209e-6, -1.337e-6, -1.340e-6, -1.335e-6, -1.392e-6, -1.338e-6, -1.314e-6
0.756, -1.192e-6, -1.212e-6, -1.342e-6, -1.345e-6, -1.339e-6, -1.395e-6, -1.342e-6, -1.318e-6
0.755, -1.194e-6, -1.216e-6, -1.347e-6, -1.350e-6, -1.343e-6, -1.401e-6, -1.346e-6, -1.323e-6
0.754, -1.201e-6, -1.222e-6, -1.354e-6, -1.356e-6, -1.350e-6, -1.406e-6, -1.354e-6, -1.330e-6
0.753, -1.204e-6, -1.228e-6, -1.360e-6, -1.361e-6, -1.355e-6, -1.413e-6, -1.359e-6, -1.335e-6
0.752, -1.210e-6, -1.232e-6, -1.367e-6, -1.368e-6, -1.360e-6, -1.420e-6, -1.363e-6, -1.340e-6
0.751, -1.214e-6, -1.238e-6, -1.371e-6, -1.375e-6, -1.364e-6, -1.424e-6, -1.369e-6, -1.345e-6
0.750, -1.219e-6, -1.240e-6, -1.377e-6, -1.380e-6, -1.369e-6, -1.429e-6, -1.373e-6, -1.350e-6
0.749, -1.224e-6, -1.247e-6, -1.382e-6, -1.385e-6, -1.375e-6, -1.436e-6, -1.379e-6, -1.354e-6
0.748, -1.228e-6, -1.251e-6, -1.389e-6, -1.391e-6, -1.379e-6, -1.441e-6, -1.384e-6, -1.359e-6
0.747, -1.232e-6, -1.256e-6, -1.392e-6, -1.397e-6, -1.385e-6, -1.447e-6, -1.389e-6, -1.364e-6
0.746, -1.239e-6, -1.261e-6, -1.402e-6, -1.406e-6, -1.392e-6, -1.455e-6, -1.397e-6, -1.372e-6
0.745, -1.241e-6, -1.265e-6, -1.404e-6, -1.410e-6, -1.395e-6, -1.459e-6, -1.400e-6, -1.374e-6
0.744, -1.247e-6, -1.270e-6, -1.411e-6, -1.417e-6, -1.401e-6, -1.464e-6, -1.406e-6, -1.380e-6
0.743, -1.254e-6, -1.278e-6, -1.421e-6, -1.424e-6, -1.408e-6, -1.472e-6, -1.413e-6, -1.388e-6
0.742, -1.256e-6, -1.282e-6, -1.423e-6, -1.430e-6, -1.412e-6, -1.478e-6, -1.417e-6, -1.391e-6
0.741, -1.262e-6, -1.286e-6, -1.430e-6, -1.436e-6, -1.418e-6, -1.484e-6, -1.421e-6, -1.396e-6
0.740, -1.267e-6, -1.293e-6, -1.437e-6, -1.443e-6, -1.424e-6, -1.492e-6, -1.431e-6, -1.406e-6
0.739, -1.272e-6, -1.299e-6, -1.442e-6, -1.448e-6, -1.429e-6, -1.497e-6, -1.435e-6, -1.408e-6
0.738, -1.278e-6, -1.303e-6, -1.449e-6, -1.456e-6, -1.435e-6, -1.505e-6, -1.441e-6, -1.415e-6
0.737, -1.282e-6, -1.308e-6, -1.455e-6, -1.463e-6, -1.442e-6, -1.511e-6, -1.447e-6, -1.423e-6
0.736, -1.288e-6, -1.314e-6, -1.463e-6, -1.468e-6, -1.448e-6, -1.517e-6, -1.454e-6, -1.427e-6
0.735, -1.293e-6, -1.319e-6, -1.468e-6, -1.476e-6, -1.453e-6, -1.524e-6, -1.459e-6, -1.434e-6
0.734, -1.298e-6, -1.327e-6, -1.474e-6, -1.483e-6, -1.459e-6, -1.530e-6, -1.465e-6, -1.440e-6
0.733, -1.304e-6, -1.331e-6, -1.482e-6, -1.491e-6, -1.465e-6, -1.539e-6, -1.471e-6, -1.447e-6
0.732, -1.307e-6, -1.336e-6, -1.487e-6, -1.496e-6, -1.469e-6, -1.543e-6, -1.477e-6, -1.451e-6
0.731, -1.314e-6, -1.341e-6, -1.494e-6, -1.503e-6, -1.475e-6, -1.550e-6, -1.483e-6, -1.458e-6
0.730, -1.320e-6, -1.348e-6, -1.499e-6, -1.511e-6, -1.483e-6, -1.559e-6, -1.488e-6, -1.463e-6
0.729, -1.324e-6, -1.352e-6, -1.507e-6, -1.517e-6, -1.487e-6, -1.565e-6, -1.494e-6, -1.470e-6
0.728, -1.328e-6, -1.358e-6, -1.513e-6, -1.524e-6, -1.493e-6, -1.570e-6, -1.500e-6, -1.476e-6
0.727, -1.335e-6, -1.365e-6, -1.520e-6, -1.532e-6, -1.501e-6, -1.579e-6, -1.507e-6, -1.484e-6
0.726, -1.341e-6, -1.371e-6, -1.529e-6, -1.541e-6, -1.507e-6, -1.586e-6, -1.513e-6, -1.491e-6
0.725, -1.345e-6, -1.376e-6, -1.533e-6, -1.546e-6, -1.514e-6, -1.594e-6, -1.519e-6, -1.496e-6
0.724, -1.352e-6, -1.382e-6, -1.541e-6, -1.554e-6, -1.520e-6, -1.601e-6, -1.527e-6, -1.502e-6
0.723, -1.355e-6, -1.388e-6, -1.547e-6, -1.561e-6, -1.523e-6, -1.606e-6, -1.531e-6, -1.508e-6
0.722, -1.363e-6, -1.395e-6, -1.554e-6, -1.569e-6, -1.532e-6, -1.615e-6, -1.540e-6, -1.516e-6
0.721, -1.367e-6, -1.399e-6, -1.561e-6, -1.575e-6, -1.536e-6, -1.621e-6, -1.545e-6, -1.522e-6
0.720, -1.373e-6, -1.406e-6, -1.567e-6, -1.583e-6, -1.542e-6, -1.628e-6, -1.551e-6, -1.527e-6
0.719, -1.380e-6, -1.415e-6, -1.576e-6, -1.593e-6, -1.551e-6, -1.638e-6, -1.561e-6, -1.536e-6
0.718, -1.385e-6, -1.421e-6, -1.584e-6, -1.601e-6, -1.557e-6, -1.647e-6, -1.566e-6, -1.544e-6
0.717, -1.391e-6, -1.425e-6, -1.589e-6, -1.607e-6, -1.563e-6, -1.652e-6, -1.572e-6, -1.549e-6
0.716, -1.395e-6, -1.432e-6, -1.595e-6, -1.615e-6, -1.568e-6, -1.659e-6, -1.577e-6, -1.555e-6
0.715, -1.402e-6, -1.439e-6, -1.601e-6, -1.621e-6, -1.575e-6, -1.666e-6, -1.584e-6, -1.563e-6
0.714, -1.406e-6, -1.443e-6, -1.609e-6, -1.630e-6, -1.581e-6, -1.674e-6, -1.592e-6, -1.569e-6
0.713, -1.413e-6, -1.451e-6, -1.617e-6, -1.638e-6, -1.588e-6, -1.683e-6, -1.599e-6, -1.576e-6
0.712, -1.417e-6, -1.456e-6, -1.622e-6, -1.645e-6, -1.595e-6, -1.688e-6, -1.603e-6, -1.582e-6
0.711, -1.426e-6, -1.463e-6, -1.631e-6, -1.655e-6, -1.603e-6, -1.698e-6, -1.611e-6, -1.591e-6
0.710, -1.430e-6, -1.470e-6, -1.637e-6, -1.661e-6, -1.608e-6, -1.706e-6, -1.619e-6, -1.597e-6
0.709, -1.435e-6, -1.476e-6, -1.644e-6, -1.669e-6, -1.615e-6, -1.714e-6, -1.626e-6, -1.603e-6
0.708, -1.442e-6, -1.483e-6, -1.653e-6, -1.678e-6, -1.622e-6, -1.724e-6, -1.632e-6, -1.614e-6
0.707, -1.448e-6, -1.489e-6, -1.659e-6, -1.687e-6, -1.627e-6, -1.731e-6, -1.638e-6, -1.618e-6
0.706, -1.454e-6, -1.496e-6, -1.667e-6, -1.694e-6, -1.635e-6, -1.739e-6, -1.645e-6, -1.627e-6
0.705, -1.458e-6, -1.501e-6, -1.671e-6, -1.701e-6, -1.641e-6, -1.746e-6, -1.651e-6, -1.632e-6
0.704, -1.465e-6, -1.510e-6, -1.680e-6, -1.711e-6, -1.648e-6, -1.755e-6, -1.661e-6, -1.641e-6
0.703, -1.470e-6, -1.517e-6, -1.688e-6, -1.718e-6, -1.655e-6, -1.764e-6, -1.665e-6, -1.648e-6
0.702, -1.476e-6, -1.521e-6, -1.694e-6, -1.727e-6, -1.664e-6, -1.772e-6, -1.673e-6, -1.656e-6
0.701, -1.483e-6, -1.529e-6, -1.702e-6, -1.735e-6, -1.668e-6, -1.780e-6, -1.680e-6, -1.664e-6
0.700, -1.487e-6, -1.534e-6, -1.708e-6, -1.742e-6, -1.676e-6, -1.788e-6, -1.685e-6, -1.670e-6
0.699, -1.494e-6, -1.544e-6, -1.717e-6, -1.754e-6, -1.684e-6, -1.798e-6, -1.694e-6, -1.678e-6
0.698, -1.501e-6, -1.549e-6, -1.723e-6, -1.761e-6, -1.689e-6, -1.805e-6, -1.701e-6, -1.685e-6
0.697, -1.504e-6, -1.555e-6, -1.729e-6, -1.768e-6, -1.696e-6, -1.812e-6, -1.707e-6, -1.691e-6
0.696, -1.512e-6, -1.562e-6, -1.737e-6, -1.777e-6, -1.703e-6, -1.822e-6, -1.714e-6, -1.700e-6
0.695, -1.517e-6, -1.569e-6, -1.745e-6, -1.786e-6, -1.711e-6, -1.832e-6, -1.721e-6, -1.707e-6
0.694, -1.523e-6, -1.575e-6, -1.752e-6, -1.794e-6, -1.717e-6, -1.839e-6, -1.727e-6, -1.713e-6
0.693, -1.529e-6, -1.584e-6, -1.759e-6, -1.803e-6, -1.724e-6, -1.848e-6, -1.735e-6, -1.723e-6
0.692, -1.535e-6, -1.590e-6, -1.767e-6, -1.812e-6, -1.732e-6, -1.857e-6, -1.744e-6, -1.732e-6
0.691, -1.542e-6, -1.598e-6, -1.775e-6, -1.821e-6, -1.740e-6, -1.868e-6, -1.750e-6, -1.740e-6
0.690, -1.545e-6, -1.602e-6, -1.781e-6, -1.829e-6, -1.746e-6, -1.873e-6, -1.756e-6, -1.744e-6
0.689, -1.554e-6, -1.611e-6, -1.788e-6, -1.838e-6, -1.753e-6, -1.885e-6, -1.765e-6, -1.754e-6
0.688, -1.558e-6, -1.617e-6, -1.797e-6, -1.846e-6, -1.760e-6, -1.893e-6, -1.771e-6, -1.762e-6
0.687, -1.564e-6, -1.625e-6, -1.803e-6, -1.854e-6, -1.767e-6, -1.901e-6, -1.778e-6, -1.769e-6
0.686, -1.570e-6, -1.632e-6, -1.810e-6, -1.863e-6, -1.774e-6, -1.911e-6, -1.785e-6, -1.778e-6
0.685, -1.576e-6, -1.639e-6, -1.817e-6, -1.874e-6, -1.781e-6, -1.919e-6, -1.791e-6, -1.785e-6
0.684, -1.582e-6, -1.646e-6, -1.826e-6, -1.882e-6, -1.788e-6, -1.929e-6, -1.799e-6, -1.792e-6
0.683, -1.589e-6, -1.653e-6, -1.832e-6, -1.890e-6, -1.797e-6, -1.938e-6, -1.807e-6, -1.801e-6
0.682, -1.594e-6, -1.659e-6, -1.838e-6, -1.899e-6, -1.801e-6, -1.946e-6, -1.813e-6, -1.809e-6
0.681, -1.598e-6, -1.667e-6, -1.846e-6, -1.906e-6, -1.810e-6, -1.956e-6, -1.820e-6, -1.816e-6
0.680, -1.605e-6, -1.674e-6, -1.853e-6, -1.916e-6, -1.819e-6, -1.965e-6, -1.828e-6, -1.825e-6
0.679, -1.611e-6, -1.681e-6, -1.860e-6, -1.926e-6, -1.825e-6, -1.975e-6, -1.836e-6, -1.832e-6
0.678, -1.618e-6, -1.688e-6, -1.869e-6, -1.936e-6, -1.833e-6, -1.985e-6, -1.844e-6, -1.842e-6
0.677, -1.624e-6, -1.696e-6, -1.875e-6, -1.944e-6, -1.839e-6, -1.993e-6, -1.850e-6, -1.849e-6
0.676, -1.631e-6, -1.703e-6, -1.885e-6, -1.953e-6, -1.849e-6, -2.006e-6, -1.859e-6, -1.859e-6
0.675, -1.638e-6, -1.711e-6, -1.893e-6, -1.964e-6, -1.855e-6, -2.014e-6, -1.867e-6, -1.867e-6
0.674, -1.641e-6, -1.716e-6, -1.897e-6, -1.972e-6, -1.862e-6, -2.022e-6, -1.870e-6, -1.872e-6
0.673, -1.647e-6, -1.724e-6, -1.905e-6, -1.980e-6, -1.868e-6, -2.031e-6, -1.878e-6, -1.882e-6
0.672, -1.653e-6, -1.730e-6, -1.912e-6, -1.988e-6, -1.876e-6, -2.040e-6, -1.886e-6, -1.889e-6
0.671, -1.659e-6, -1.737e-6, -1.919e-6, -1.998e-6, -1.886e-6, -2.052e-6, -1.895e-6, -1.899e-6
0.670, -1.665e-6, -1.745e-6, -1.927e-6, -2.008e-6, -1.893e-6, -2.062e-6, -1.900e-6, -1.908e-6
0.669, -1.672e-6, -1.752e-6, -1.934e-6, -2.017e-6, -1.898e-6, -2.071e-6, -1.907e-6, -1.916e-6
0.668, -1.676e-6, -1.760e-6, -1.942e-6, -2.027e-6, -1.907e-6, -2.081e-6, -1.915e-6, -1.924e-6
0.667, -1.683e-6, -1.767e-6, -1.949e-6, -2.037e-6, -1.914e-6, -2.090e-6, -1.922e-6, -1.933e-6
0.666, -1.690e-6, -1.776e-6, -1.957e-6, -2.045e-6, -1.923e-6, -2.102e-6, -1.931e-6, -1.942e-6
0.665, -1.694e-6, -1.781e-6, -1.963e-6, -2.053e-6, -1.929e-6, -2.109e-6, -1.936e-6, -1.949e-6
0.664, -1.701e-6, -1.789e-6, -1.971e-6, -2.062e-6, -1.937e-6, -2.120e-6, -1.945e-6, -1.958e-6
0.663, -1.706e-6, -1.795e-6, -1.977e-6, -2.071e-6, -1.944e-6, -2.129e-6, -1.951e-6, -1.966e-6
0.662, -1.712e-6, -1.801e-6, -1.985e-6, -2.080e-6, -1.952e-6, -2.140e-6, -1.959e-6, -1.973e-6
0.661, -1.717e-6, -1.809e-6, -1.991e-6, -2.088e-6, -1.958e-6, -2.149e-6, -1.965e-6, -1.982e-6
0.660, -1.723e-6, -1.817e-6, -1.999e-6, -2.098e-6, -1.966e-6, -2.159e-6, -1.973e-6, -1.991e-6
0.659, -1.729e-6, -1.823e-6, -2.005e-6, -2.107e-6, -1.973e-6, -2.169e-6, -1.979e-6, -1.998e-6
0.658, -1.733e-6, -1.828e-6, -2.009e-6, -2.116e-6, -1.980e-6, -2.178e-6, -1.984e-6, -2.004e-6
0.657, -1.741e-6, -1.838e-6, -2.020e-6, -2.126e-6, -1.989e-6, -2.190e-6, -1.994e-6, -2.015e-6
0.656, -1.745e-6, -1.844e-6, -2.027e-6, -2.133e-6, -1.995e-6, -2.198e-6, -2.000e-6, -2.023e-6
0.655, -1.751e-6, -1.851e-6, -2.032e-6, -2.143e-6, -2.003e-6, -2.209e-6, -2.008e-6, -2.032e-6
0.654, -1.757e-6, -1.858e-6, -2.039e-6, -2.152e-6, -2.010e-6, -2.219e-6, -2.015e-6, -2.041e-6
0.653, -1.763e-6, -1.866e-6, -2.046e-6, -2.161e-6, -2.017e-6, -2.228e-6, -2.022e-6, -2.048e-6
0.652, -1.769e-6, -1.871e-6, -2.052e-6, -2.169e-6, -2.025e-6, -2.239e-6, -2.028e-6, -2.057e-6
0.651, -1.774e-6, -1.879e-6, -2.059e-6, -2.178e-6, -2.033e-6, -2.251e-6, -2.036e-6, -2.065e-6
0.650, -1.779e-6, -1.885e-6, -2.067e-6, -2.189e-6, -2.040e-6, -2.260e-6, -2.042e-6, -2.074e-6
0.649, -1.784e-6, -1.893e-6, -2.073e-6, -2.197e-6, -2.047e-6, -2.270e-6, -2.049e-6, -2.081e-6
0.648, -1.789e-6, -1.900e-6, -2.078e-6, -2.206e-6, -2.053e-6, -2.278e-6, -2.055e-6, -2.089e-6
0.647, -1.794e-6, -1.907e-6, -2.085e-6, -2.214e-6, -2.063e-6, -2.290e-6, -2.064e-6, -2.097e-6
0.646, -1.799e-6, -1.912e-6, -2.094e-6, -2.224e-6, -2.068e-6, -2.300e-6, -2.070e-6, -2.107e-6
0.645, -1.806e-6, -1.919e-6, -2.100e-6, -2.232e-6, -2.075e-6, -2.311e-6, -2.078e-6, -2.115e-6
0.644, -1.810e-6, -1.926e-6, -2.105e-6, -2.240e-6, -2.081e-6, -2.319e-6, -2.084e-6, -2.122e-6
0.643, -1.815e-6, -1.933e-6, -2.111e-6, -2.249e-6, -2.089e-6, -2.329e-6, -2.089e-6, -2.130e-6
0.642, -1.820e-6, -1.939e-6, -2.118e-6, -2.257e-6, -2.095e-6, -2.339e-6, -2.095e-6, -2.137e-6
0.641, -1.826e-6, -1.946e-6, -2.127e-6, -2.268e-6, -2.106e-6, -2.351e-6, -2.103e-6, -2.149e-6
0.640, -1.830e-6, -1.951e-6, -2.129e-6, -2.273e-6, -2.110e-6, -2.358e-6, -2.109e-6, -2.154e-6
0.639, -1.836e-6, -1.961e-6, -2.137e-6, -2.284e-6, -2.118e-6, -2.370e-6, -2.116e-6, -2.165e-6
0.638, -1.840e-6, -1.965e-6, -2.143e-6, -2.292e-6, -2.125e-6, -2.379e-6, -2.123e-6, -2.172e-6
0.637, -1.848e-6, -1.975e-6, -2.152e-6, -2.303e-6, -2.135e-6, -2.392e-6, -2.132e-6, -2.183e-6
0.636, -1.853e-6, -1.980e-6, -2.158e-6, -2.310e-6, -2.140e-6, -2.400e-6, -2.136e-6, -2.189e-6
0.635, -1.859e-6, -1.988e-6, -2.164e-6, -2.320e-6, -2.149e-6, -2.412e-6, -2.145e-6, -2.199e-6
0.634, -1.863e-6, -1.992e-6, -2.170e-6, -2.328e-6, -2.153e-6, -2.420e-6, -2.150e-6, -2.205e-6
0.633, -1.868e-6, -2.002e-6, -2.178e-6, -2.337e-6, -2.163e-6, -2.431e-6, -2.157e-6, -2.216e-6
0.632, -1.875e-6, -2.008e-6, -2.183e-6, -2.346e-6, -2.168e-6, -2.441e-6, -2.165e-6, -2.223e-6
0.631, -1.879e-6, -2.017e-6, -2.190e-6, -2.355e-6, -2.176e-6, -2.451e-6, -2.174e-6, -2.233e-6
0.630, -1.884e-6, -2.023e-6, -2.197e-6, -2.365e-6, -2.184e-6, -2.463e-6, -2.179e-6, -2.241e-6
0.629, -1.889e-6, -2.029e-6, -2.202e-6, -2.372e-6, -2.188e-6, -2.469e-6, -2.185e-6, -2.248e-6
0.628, -1.895e-6, -2.037e-6, -2.211e-6, -2.383e-6, -2.197e-6, -2.483e-6, -2.193e-6, -2.259e-6
0.627, -1.899e-6, -2.043e-6, -2.215e-6, -2.390e-6, -2.204e-6, -2.491e-6, -2.199e-6, -2.266e-6
0.626, -1.903e-6, -2.048e-6, -2.221e-6, -2.398e-6, -2.208e-6, -2.499e-6, -2.204e-6, -2.275e-6
0.625, -1.907e-6, -2.054e-6, -2.227e-6, -2.408e-6, -2.215e-6, -2.509e-6, -2.212e-6, -2.283e-6
0.624, -1.915e-6, -2.062e-6, -2.234e-6, -2.417e-6, -2.222e-6, -2.520e-6, -2.219e-6, -2.291e-6
0.623, -1.919e-6, -2.068e-6, -2.240e-6, -2.425e-6, -2.227e-6, -2.528e-6, -2.225e-6, -2.299e-6
0.622, -1.922e-6, -2.074e-6, -2.244e-6, -2.432e-6, -2.235e-6, -2.535e-6, -2.228e-6, -2.306e-6
0.621, -1.929e-6, -2.081e-6, -2.251e-6, -2.443e-6, -2.240e-6, -2.546e-6, -2.236e-6, -2.315e-6
0.620, -1.933e-6, -2.087e-6, -2.255e-6, -2.450e-6, -2.244e-6, -2.555e-6, -2.243e-6, -2.323e-6
0.619, -1.939e-6, -2.094e-6, -2.262e-6, -2.457e-6, -2.252e-6, -2.564e-6, -2.249e-6, -2.332e-6
0.618, -1.943e-6, -2.099e-6, -2.267e-6, -2.464e-6, -2.257e-6, -2.571e-6, -2.255e-6, -2.338e-6
0.617, -1.947e-6, -2.104e-6, -2.273e-6, -2.472e-6, -2.263e-6, -2.580e-6, -2.261e-6, -2.347e-6
0.616, -1.951e-6, -2.110e-6, -2.276e-6, -2.479e-6, -2.267e-6, -2.588e-6, -2.266e-6, -2.352e-6
0.615, -1.955e-6, -2.116e-6, -2.283e-6, -2.486e-6, -2.272e-6, -2.595e-6, -2.272e-6, -2.362e-6
0.614, -1.958e-6, -2.121e-6, -2.288e-6, -2.493e-6, -2.275e-6, -2.602e-6, -2.276e-6, -2.370e-6
0.613, -1.963e-6, -2.127e-6, -2.293e-6, -2.502e-6, -2.281e-6, -2.611e-6, -2.282e-6, -2.376e-6
0.612, -1.966e-6, -2.129e-6, -2.296e-6, -2.508e-6, -2.284e-6, -2.618e-6, -2.285e-6, -2.382e-6
0.611, -1.970e-6, -2.137e-6, -2.300e-6, -2.514e-6, -2.289e-6, -2.625e-6, -2.293e-6, -2.389e-6
0.610, -1.974e-6, -2.141e-6, -2.304e-6, -2.523e-6, -2.295e-6, -2.631e-6, -2.298e-6, -2.394e-6
0.609, -1.975e-6, -2.145e-6, -2.306e-6, -2.526e-6, -2.296e-6, -2.637e-6, -2.299e-6, -2.400e-6
0.608, -1.979e-6, -2.149e-6, -2.312e-6, -2.533e-6, -2.301e-6, -2.644e-6, -2.306e-6, -2.407e-6
0.607, -1.985e-6, -2.155e-6, -2.316e-6, -2.541e-6, -2.306e-6, -2.652e-6, -2.312e-6, -2.415e-6
0.606, -1.987e-6, -2.160e-6, -2.321e-6, -2.547e-6, -2.309e-6, -2.657e-6, -2.316e-6, -2.422e-6
0.605, -1.990e-6, -2.164e-6, -2.324e-6, -2.552e-6, -2.311e-6, -2.664e-6, -2.319e-6, -2.428e-6
0.604, -1.994e-6, -2.169e-6, -2.329e-6, -2.558e-6, -2.315e-6, -2.670e-6, -2.322e-6, -2.433e-6
0.603, -1.995e-6, -2.173e-6, -2.332e-6, -2.564e-6, -2.318e-6, -2.675e-6, -2.326e-6, -2.439e-6
0.602, -2.001e-6, -2.179e-6, -2.336e-6, -2.572e-6, -2.321e-6, -2.682e-6, -2.335e-6, -2.447e-6
0.601, -2.002e-6, -2.182e-6, -2.338e-6, -2.576e-6, -2.324e-6, -2.686e-6, -2.337e-6, -2.451e-6
0.600, -2.004e-6, -2.186e-6, -2.342e-6, -2.581e-6, -2.327e-6, -2.691e-6, -2.340e-6, -2.456e-6
0.599, -2.010e-6, -2.192e-6, -2.346e-6, -2.589e-6, -2.332e-6, -2.699e-6, -2.345e-6, -2.464e-6
0.598, -2.011e-6, -2.194e-6, -2.349e-6, -2.593e-6, -2.333e-6, -2.703e-6, -2.349e-6, -2.470e-6
0.597, -2.012e-6, -2.198e-6, -2.352e-6, -2.598e-6, -2.335e-6, -2.708e-6, -2.353e-6, -2.476e-6
0.596, -2.017e-6, -2.202e-6, -2.357e-6, -2.603e-6, -2.337e-6, -2.711e-6, -2.355e-6, -2.480e-6
0.595, -2.020e-6, -2.206e-6, -2.358e-6, -2.609e-6, -2.340e-6, -2.718e-6, -2.360e-6, -2.485e-6
0.594, -2.023e-6, -2.211e-6, -2.362e-6, -2.615e-6, -2.344e-6, -2.723e-6, -2.365e-6, -2.492e-6
0.593, -2.025e-6, -2.215e-6, -2.365e-6, -2.620e-6, -2.346e-6, -2.729e-6, -2.370e-6, -2.498e-6
0.592, -2.028e-6, -2.219e-6, -2.368e-6, -2.625e-6, -2.348e-6, -2.731e-6, -2.374e-6, -2.504e-6
0.591, -2.030e-6, -2.223e-6, -2.373e-6, -2.631e-6, -2.351e-6, -2.737e-6, -2.377e-6, -2.510e-6
0.590, -2.034e-6, -2.228e-6, -2.375e-6, -2.633e-6, -2.353e-6, -2.741e-6, -2.382e-6, -2.515e-6
0.589, -2.035e-6, -2.229e-6, -2.376e-6, -2.637e-6, -2.354e-6, -2.743e-6, -2.383e-6, -2.520e-6
0.588, -2.038e-6, -2.235e-6, -2.380e-6, -2.645e-6, -2.358e-6, -2.751e-6, -2.389e-6, -2.527e-6
0.587, -2.041e-6, -2.238e-6, -2.381e-6, -2.648e-6, -2.359e-6, -2.753e-6, -2.391e-6, -2.532e-6
0.586, -2.043e-6, -2.241e-6, -2.385e-6, -2.652e-6, -2.361e-6, -2.757e-6, -2.396e-6, -2.537e-6
0.585, -2.046e-6, -2.242e-6, -2.387e-6, -2.656e-6, -2.361e-6, -2.759e-6, -2.397e-6, -2.540e-6
0.584, -2.046e-6, -2.246e-6, -2.388e-6, -2.659e-6, -2.363e-6, -2.763e-6, -2.400e-6, -2.545e-6
0.583, -2.049e-6, -2.251e-6, -2.389e-6, -2.664e-6, -2.364e-6, -2.767e-6, -2.404e-6, -2.551e-6
0.582, -2.052e-6, -2.254e-6, -2.392e-6, -2.668e-6, -2.366e-6, -2.771e-6, -2.408e-6, -2.556e-6
0.581, -2.051e-6, -2.255e-6, -2.392e-6, -2.670e-6, -2.365e-6, -2.772e-6, -2.410e-6, -2.559e-6
0.580, -2.055e-6, -2.258e-6, -2.395e-6, -2.675e-6, -2.367e-6, -2.775e-6, -2.413e-6, -2.564e-6
0.579, -2.057e-6, -2.260e-6, -2.398e-6, -2.679e-6, -2.368e-6, -2.779e-6, -2.415e-6, -2.569e-6
0.578, -2.059e-6, -2.264e-6, -2.398e-6, -2.681e-6, -2.368e-6, -2.780e-6, -2.418e-6, -2.572e-6
0.577, -2.058e-6, -2.265e-6, -2.399e-6, -2.682e-6, -2.370e-6, -2.781e-6, -2.419e-6, -2.576e-6
0.576, -2.062e-6, -2.268e-6, -2.401e-6, -2.688e-6, -2.371e-6, -2.785e-6, -2.424e-6, -2.582e-6
0.575, -2.065e-6, -2.270e-6, -2.404e-6, -2.691e-6, -2.372e-6, -2.787e-6, -2.426e-6, -2.586e-6
0.574, -2.066e-6, -2.275e-6, -2.404e-6, -2.694e-6, -2.373e-6, -2.790e-6, -2.430e-6, -2.592e-6
0.573, -2.067e-6, -2.274e-6, -2.405e-6, -2.694e-6, -2.373e-6, -2.791e-6, -2.432e-6, -2.593e-6
0.572, -2.069e-6, -2.279e-6, -2.407e-6, -2.697e-6, -2.374e-6, -2.792e-6, -2.435e-6, -2.598e-6
0.571, -2.071e-6, -2.279e-6, -2.410e-6, -2.700e-6, -2.375e-6, -2.795e-6, -2.437e-6, -2.601e-6
0.570, -2.073e-6, -2.282e-6, -2.411e-6, -2.704e-6, -2.375e-6, -2.796e-6, -2.441e-6, -2.606e-6
0.569, -2.074e-6, -2.284e-6, -2.411e-6, -2.703e-6, -2.374e-6, -2.795e-6, -2.441e-6, -2.610e-6
0.568, -2.075e-6, -2.286e-6, -2.412e-6, -2.706e-6, -2.375e-6, -2.798e-6, -2.444e-6, -2.612e-6
0.567, -2.076e-6, -2.288e-6, -2.411e-6, -2.708e-6, -2.374e-6, -2.798e-6, -2.445e-6, -2.616e-6
0.566, -2.080e-6, -2.290e-6, -2.413e-6, -2.712e-6, -2.375e-6, -2.800e-6, -2.449e-6, -2.619e-6
0.565, -2.081e-6, -2.293e-6, -2.415e-6, -2.713e-6, -2.376e-6, -2.803e-6, -2.452e-6, -2.625e-6
0.564, -2.081e-6, -2.293e-6, -2.414e-6, -2.712e-6, -2.375e-6, -2.801e-6, -2.452e-6, -2.625e-6
0.563, -2.082e-6, -2.293e-6, -2.414e-6, -2.713e-6, -2.372e-6, -2.800e-6, -2.452e-6, -2.627e-6
0.562, -2.083e-6, -2.295e-6, -2.416e-6, -2.716e-6, -2.373e-6, -2.800e-6, -2.455e-6, -2.632e-6
0.561, -2.085e-6, -2.297e-6, -2.417e-6, -2.717e-6, -2.374e-6, -2.802e-6, -2.459e-6, -2.636e-6
0.560, -2.087e-6, -2.300e-6, -2.416e-6, -2.719e-6, -2.372e-6, -2.801e-6, -2.461e-6, -2.638e-6
0.559, -2.086e-6, -2.299e-6, -2.416e-6, -2.717e-6, -2.372e-6, -2.800e-6, -2.463e-6, -2.638e-6
0.558, -2.089e-6, -2.300e-6, -2.418e-6, -2.718e-6, -2.372e-6, -2.801e-6, -2.463e-6, -2.643e-6
0.557, -2.089e-6, -2.302e-6, -2.417e-6, -2.718e-6, -2.371e-6, -2.798e-6, -2.464e-6, -2.643e-6
0.556, -2.089e-6, -2.303e-6, -2.417e-6, -2.718e-6, -2.369e-6, -2.798e-6, -2.466e-6, -2.646e-6
0.555, -2.093e-6, -2.305e-6, -2.417e-6, -2.720e-6, -2.369e-6, -2.798e-6, -2.468e-6, -2.649e-6
0.554, -2.092e-6, -2.305e-6, -2.418e-6, -2.720e-6, -2.369e-6, -2.798e-6, -2.471e-6, -2.651e-6
0.553, -2.093e-6, -2.305e-6, -2.417e-6, -2.719e-6, -2.367e-6, -2.795e-6, -2.471e-6, -2.653e-6
0.552, -2.092e-6, -2.305e-6, -2.415e-6, -2.718e-6, -2.364e-6, -2.791e-6, -2.469e-6, -2.651e-6
0.551, -2.094e-6, -2.305e-6, -2.416e-6, -2.717e-6, -2.364e-6, -2.792e-6, -2.471e-6, -2.655e-6
0.550, -2.094e-6, -2.305e-6, -2.415e-6, -2.716e-6, -2.363e-6, -2.789e-6, -2.472e-6, -2.655e-6
0.549, -2.095e-6, -2.306e-6, -2.416e-6, -2.715e-6, -2.362e-6, -2.787e-6, -2.472e-6, -2.656e-6
0.548, -2.097e-6, -2.307e-6, -2.414e-6, -2.716e-6, -2.361e-6, -2.786e-6, -2.475e-6, -2.659e-6
0.547, -2.096e-6, -2.307e-6, -2.414e-6, -2.715e-6, -2.361e-6, -2.784e-6, -2.477e-6, -2.661e-6
0.546, -2.096e-6, -2.307e-6, -2.413e-6, -2.713e-6, -2.358e-6, -2.781e-6, -2.475e-6, -2.660e-6
0.545, -2.097e-6, -2.306e-6, -2.413e-6, -2.712e-6, -2.358e-6, -2.777e-6, -2.477e-6, -2.661e-6
0.544, -2.096e-6, -2.305e-6, -2.411e-6, -2.709e-6, -2.354e-6, -2.774e-6, -2.477e-6, -2.660e-6
0.543, -2.096e-6, -2.304e-6, -2.410e-6, -2.709e-6, -2.353e-6, -2.771e-6, -2.478e-6, -2.660e-6
0.542, -2.096e-6, -2.305e-6, -2.410e-6, -2.706e-6, -2.351e-6, -2.769e-6, -2.477e-6, -2.663e-6
0.541, -2.096e-6, -2.302e-6, -2.405e-6, -2.702e-6, -2.347e-6, -2.763e-6, -2.476e-6, -2.659e-6
0.540, -2.098e-6, -2.304e-6, -2.408e-6, -2.703e-6, -2.346e-6, -2.762e-6, -2.478e-6, -2.662e-6
0.539, -2.095e-6, -2.303e-6, -2.405e-6, -2.698e-6, -2.344e-6, -2.757e-6, -2.478e-6, -2.660e-6
0.538, -2.096e-6, -2.301e-6, -2.404e-6, -2.697e-6, -2.341e-6, -2.754e-6, -2.477e-6, -2.661e-6
0.537, -2.094e-6, -2.299e-6, -2.402e-6, -2.692e-6, -2.337e-6, -2.748e-6, -2.475e-6, -2.657e-6
0.536, -2.094e-6, -2.297e-6, -2.398e-6, -2.688e-6, -2.336e-6, -2.743e-6, -2.474e-6, -2.656e-6
0.535, -2.094e-6, -2.297e-6, -2.398e-6, -2.686e-6, -2.334e-6, -2.742e-6, -2.473e-6, -2.655e-6
0.534, -2.094e-6, -2.295e-6, -2.395e-6, -2.683e-6, -2.330e-6, -2.734e-6, -2.473e-6, -2.653e-6
0.533, -2.091e-6, -2.292e-6, -2.393e-6, -2.678e-6, -2.326e-6, -2.728e-6, -2.471e-6, -2.652e-6
0.532, -2.093e-6, -2.289e-6, -2.391e-6, -2.675e-6, -2.324e-6, -2.725e-6, -2.471e-6, -2.650e-6
0.531, -2.089e-6, -2.286e-6, -2.388e-6, -2.668e-6, -2.319e-6, -2.716e-6, -2.468e-6, -2.647e-6
0.530, -2.087e-6, -2.286e-6, -2.385e-6, -2.665e-6, -2.317e-6, -2.712e-6, -2.467e-6, -2.645e-6
0.529, -2.088e-6, -2.284e-6, -2.385e-6, -2.663e-6, -2.315e-6, -2.709e-6, -2.467e-6, -2.644e-6
0.528, -2.088e-6, -2.282e-6, -2.382e-6, -2.659e-6, -2.312e-6, -2.704e-6, -2.466e-6, -2.642e-6
0.527, -2.086e-6, -2.279e-6, -2.379e-6, -2.653e-6, -2.309e-6, -2.699e-6, -2.464e-6, -2.639e-6
0.526, -2.086e-6, -2.278e-6, -2.379e-6, -2.649e-6, -2.307e-6, -2.694e-6, -2.465e-6, -2.638e-6
0.525, -2.085e-6, -2.275e-6, -2.374e-6, -2.644e-6, -2.303e-6, -2.687e-6, -2.462e-6, -2.634e-6
0.524, -2.083e-6, -2.273e-6, -2.372e-6, -2.640e-6, -2.300e-6, -2.681e-6, -2.461e-6, -2.632e-6
0.523, -2.084e-6, -2.272e-6, -2.373e-6, -2.638e-6, -2.299e-6, -2.679e-6, -2.462e-6, -2.633e-6
0.522, -2.085e-6, -2.271e-6, -2.370e-6, -2.635e-6, -2.296e-6, -2.674e-6, -2.462e-6, -2.630e-6
0.521, -2.083e-6, -2.267e-6, -2.368e-6, -2.630e-6, -2.295e-6, -2.667e-6, -2.460e-6, -2.627e-6
0.520, -2.082e-6, -2.263e-6, -2.366e-6, -2.623e-6, -2.289e-6, -2.661e-6, -2.457e-6, -2.623e-6
0.519, -2.080e-6, -2.261e-6, -2.362e-6, -2.619e-6, -2.287e-6, -2.657e-6, -2.456e-6, -2.621e-6
0.518, -2.079e-6, -2.259e-6, -2.359e-6, -2.614e-6, -2.283e-6, -2.648e-6, -2.451e-6, -2.616e-6
0.517, -2.080e-6, -2.259e-6, -2.360e-6, -2.611e-6, -2.283e-6, -2.646e-6, -2.455e-6, -2.617e-6
0.516, -2.080e-6, -2.257e-6, -2.357e-6, -2.607e-6, -2.280e-6, -2.641e-6, -2.454e-6, -2.613e-6
0.515, -2.076e-6, -2.252e-6, -2.353e-6, -2.600e-6, -2.276e-6, -2.633e-6, -2.451e-6, -2.608e-6
0.514, -2.078e-6, -2.251e-6, -2.351e-6, -2.596e-6, -2.272e-6, -2.629e-6, -2.449e-6, -2.605e-6
0.513, -2.079e-6, -2.250e-6, -2.353e-6, -2.595e-6, -2.272e-6, -2.624e-6, -2.450e-6, -2.606e-6
0.512, -2.076e-6, -2.248e-6, -2.349e-6, -2.587e-6, -2.270e-6, -2.618e-6, -2.448e-6, -2.602e-6
0.511, -2.075e-6, -2.246e-6, -2.347e-6, -2.585e-6, -2.266e-6, -2.613e-6, -2.446e-6, -2.597e-6
0.510, -2.076e-6, -2.243e-6, -2.347e-6, -2.581e-6, -2.265e-6, -2.609e-6, -2.446e-6, -2.596e-6
0.509, -2.076e-6, -2.243e-6, -2.347e-6, -2.577e-6, -2.264e-6, -2.606e-6, -2.447e-6, -2.596e-6
0.508, -2.076e-6, -2.242e-6, -2.345e-6, -2.573e-6, -2.263e-6, -2.600e-6, -2.446e-6, -2.593e-6
0.507, -2.074e-6, -2.239e-6, -2.345e-6, -2.570e-6, -2.262e-6, -2.596e-6, -2.446e-6, -2.590e-6
0.506, -2.077e-6, -2.240e-6, -2.343e-6, -2.566e-6, -2.260e-6, -2.592e-6, -2.446e-6, -2.588e-6
0.505, -2.075e-6, -2.237e-6, -2.341e-6, -2.562e-6, -2.257e-6, -2.586e-6, -2.446e-6, -2.586e-6
0.504, -2.075e-6, -2.234e-6, -2.340e-6, -2.559e-6, -2.256e-6, -2.582e-6, -2.445e-6, -2.583e-6
0.503, -2.075e-6, -2.234e-6, -2.340e-6, -2.555e-6, -2.254e-6, -2.579e-6, -2.445e-6, -2.581e-6
0.502, -2.075e-6, -2.230e-6, -2.336e-6, -2.550e-6, -2.253e-6, -2.572e-6, -2.445e-6, -2.578e-6
0.501, -2.075e-6, -2.229e-6, -2.337e-6, -2.547e-6, -2.252e-6, -2.569e-6, -2.444e-6, -2.576e-6
0.500, -2.074e-6, -2.227e-6, -2.336e-6, -2.542e-6, -2.249e-6, -2.564e-6, -2.443e-6, -2.572e-6
0.499, -2.075e-6, -2.226e-6, -2.334e-6, -2.538e-6, -2.248e-6, -2.560e-6, -2.442e-6, -2.570e-6
0.498, -2.075e-6, -2.225e-6, -2.334e-6, -2.535e-6, -2.247e-6, -2.556e-6, -2.442e-6, -2.568e-6
0.497, -2.076e-6, -2.223e-6, -2.332e-6, -2.530e-6, -2.246e-6, -2.551e-6, -2.442e-6, -2.566e-6
0.496, -2.073e-6, -2.220e-6, -2.332e-6, -2.526e-6, -2.241e-6, -2.546e-6, -2.440e-6, -2.561e-6
0.495, -2.074e-6, -2.219e-6, -2.328e-6, -2.524e-6, -2.242e-6, -2.543e-6, -2.439e-6, -2.559e-6
0.494, -2.074e-6, -2.217e-6, -2.328e-6, -2.522e-6, -2.240e-6, -2.539e-6, -2.441e-6, -2.556e-6
0.493, -2.072e-6, -2.213e-6, -2.326e-6, -2.514e-6, -2.238e-6, -2.533e-6, -2.438e-6, -2.552e-6
0.492, -2.071e-6, -2.210e-6, -2.325e-6, -2.509e-6, -2.234e-6, -2.527e-6, -2.436e-6, -2.548e-6
0.491, -2.072e-6, -2.208e-6, -2.323e-6, -2.506e-6, -2.233e-6, -2.523e-6, -2.433e-6, -2.544e-6
0.490, -2.070e-6, -2.206e-6, -2.321e-6, -2.503e-6, -2.232e-6, -2.518e-6, -2.434e-6, -2.542e-6
0.489, -2.067e-6, -2.203e-6, -2.321e-6, -2.497e-6, -2.229e-6, -2.513e-6, -2.432e-6, -2.537e-6
0.488, -2.066e-6, -2.200e-6, -2.315e-6, -2.490e-6, -2.224e-6, -2.506e-6, -2.430e-6, -2.532e-6
0.487, -2.066e-6, -2.198e-6, -2.316e-6, -2.488e-6, -2.225e-6, -2.504e-6, -2.429e-6, -2.530e-6
0.486, -2.066e-6, -2.197e-6, -2.314e-6, -2.483e-6, -2.224e-6, -2.499e-6, -2.428e-6, -2.528e-6
0.485, -2.065e-6, -2.194e-6, -2.314e-6, -2.480e-6, -2.221e-6, -2.497e-6, -2.427e-6, -2.524e-6
0.484, -2.066e-6, -2.194e-6, -2.313e-6, -2.477e-6, -2.219e-6, -2.492e-6, -2.426e-6, -2.521e-6
0.483, -2.065e-6, -2.192e-6, -2.312e-6, -2.473e-6, -2.218e-6, -2.489e-6, -2.426e-6, -2.518e-6
0.482, -2.065e-6, -2.190e-6, -2.311e-6, -2.470e-6, -2.218e-6, -2.484e-6, -2.425e-6, -2.515e-6
0.481, -2.064e-6, -2.186e-6, -2.309e-6, -2.467e-6, -2.216e-6, -2.480e-6, -2.424e-6, -2.511e-6
0.480, -2.062e-6, -2.184e-6, -2.307e-6, -2.461e-6, -2.213e-6, -2.473e-6, -2.423e-6, -2.507e-6
0.479, -2.063e-6, -2.184e-6, -2.308e-6, -2.459e-6, -2.214e-6, -2.472e-6, -2.422e-6, -2.506e-6
0.478, -2.061e-6, -2.182e-6, -2.306e-6, -2.454e-6, -2.213e-6, -2.468e-6, -2.422e-6, -2.503e-6
0.477, -2.060e-6, -2.180e-6, -2.305e-6, -2.450e-6, -2.209e-6, -2.464e-6, -2.419e-6, -2.500e-6
0.476, -2.062e-6, -2.178e-6, -2.303e-6, -2.449e-6, -2.209e-6, -2.462e-6, -2.420e-6, -2.497e-6
0.475, -2.061e-6, -2.177e-6, -2.303e-6, -2.446e-6, -2.208e-6, -2.459e-6, -2.420e-6, -2.495e-6
0.474, -2.062e-6, -2.176e-6, -2.304e-6, -2.445e-6, -2.208e-6, -2.456e-6, -2.420e-6, -2.493e-6
0.473, -2.060e-6, -2.173e-6, -2.300e-6, -2.440e-6, -2.206e-6, -2.450e-6, -2.419e-6, -2.488e-6
0.472, -2.058e-6, -2.171e-6, -2.301e-6, -2.437e-6, -2.205e-6, -2.449e-6, -2.417e-6, -2.486e-6
0.471, -2.059e-6, -2.171e-6, -2.301e-6, -2.434e-6, -2.204e-6, -2.446e-6, -2.417e-6, -2.485e-6
0.470, -2.059e-6, -2.168e-6, -2.299e-6, -2.431e-6, -2.204e-6, -2.442e-6, -2.416e-6, -2.482e-6
0.469, -2.057e-6, -2.166e-6, -2.298e-6, -2.428e-6, -2.201e-6, -2.439e-6, -2.415e-6, -2.477e-6
0.468, -2.060e-6, -2.166e-6, -2.299e-6, -2.427e-6, -2.203e-6, -2.439e-6, -2.418e-6, -2.478e-6
0.467, -2.058e-6, -2.164e-6, -2.299e-6, -2.424e-6, -2.201e-6, -2.435e-6, -2.416e-6, -2.474e-6
0.466, -2.059e-6, -2.163e-6, -2.297e-6, -2.421e-6, -2.202e-6, -2.433e-6, -2.415e-6, -2.472e-6
0.465, -2.059e-6, -2.161e-6, -2.298e-6, -2.420e-6, -2.201e-6, -2.431e-6, -2.416e-6, -2.471e-6
0.464, -2.058e-6, -2.161e-6, -2.296e-6, -2.416e-6, -2.200e-6, -2.427e-6, -2.415e-6, -2.469e-6
0.463, -2.058e-6, -2.159e-6, -2.297e-6, -2.415e-6, -2.198e-6, -2.426e-6, -2.415e-6, -2.466e-6
0.462, -2.060e-6, -2.162e-6, -2.299e-6, -2.416e-6, -2.201e-6, -2.426e-6, -2.418e-6, -2.468e-6
0.461, -2.060e-6, -2.158e-6, -2.298e-6, -2.413e-6, -2.200e-6, -2.425e-6, -2.418e-6, -2.466e-6
0.460, -2.061e-6, -2.157e-6, -2.299e-6, -2.411e-6, -2.200e-6, -2.422e-6, -2.417e-6, -2.462e-6
0.459, -2.065e-6, -2.159e-6, -2.302e-6, -2.415e-6, -2.203e-6, -2.425e-6, -2.420e-6, -2.466e-6
0.458, -2.065e-6, -2.160e-6, -2.303e-6, -2.412e-6, -2.202e-6, -2.423e-6, -2.422e-6, -2.465e-6
0.457, -2.064e-6, -2.158e-6, -2.300e-6, -2.410e-6, -2.200e-6, -2.420e-6, -2.421e-6, -2.462e-6
0.456, -2.064e-6, -2.157e-6, -2.301e-6, -2.409e-6, -2.201e-6, -2.419e-6, -2.420e-6, -2.461e-6
0.455, -2.065e-6, -2.157e-6, -2.301e-6, -2.407e-6, -2.201e-6, -2.418e-6, -2.421e-6, -2.461e-6
0.454, -2.066e-6, -2.157e-6, -2.301e-6, -2.405e-6, -2.201e-6, -2.417e-6, -2.422e-6, -2.458e-6
0.453, -2.065e-6, -2.157e-6, -2.304e-6, -2.406e-6, -2.203e-6, -2.415e-6, -2.423e-6, -2.458e-6
0.452, -2.069e-6, -2.158e-6, -2.305e-6, -2.406e-6, -2.204e-6, -2.418e-6, -2.424e-6, -2.459e-6
0.451, -2.068e-6, -2.156e-6, -2.304e-6, -2.404e-6, -2.202e-6, -2.414e-6, -2.423e-6, -2.456e-6
0.450, -2.069e-6, -2.157e-6, -2.305e-6, -2.404e-6, -2.204e-6, -2.414e-6, -2.425e-6, -2.458e-6
0.449, -2.070e-6, -2.157e-6, -2.308e-6, -2.405e-6, -2.207e-6, -2.414e-6, -2.427e-6, -2.457e-6
0.448, -2.069e-6, -2.155e-6, -2.304e-6, -2.401e-6, -2.203e-6, -2.411e-6, -2.425e-6, -2.454e-6
0.447, -2.069e-6, -2.155e-6, -2.307e-6, -2.402e-6, -2.205e-6, -2.412e-6, -2.427e-6, -2.453e-6
0.446, -2.071e-6, -2.156e-6, -2.309e-6, -2.402e-6, -2.205e-6, -2.412e-6, -2.428e-6, -2.454e-6
0.445, -2.073e-6, -2.157e-6, -2.309e-6, -2.403e-6, -2.206e-6, -2.412e-6, -2.430e-6, -2.455e-6
0.444, -2.072e-6, -2.155e-6, -2.308e-6, -2.401e-6, -2.206e-6, -2.410e-6, -2.429e-6, -2.453e-6
0.443, -2.073e-6, -2.155e-6, -2.310e-6, -2.401e-6, -2.207e-6, -2.412e-6, -2.430e-6, -2.453e-6
0.442, -2.073e-6, -2.156e-6, -2.311e-6, -2.402e-6, -2.208e-6, -2.411e-6, -2.432e-6, -2.453e-6
0.441, -2.074e-6, -2.156e-6, -2.312e-6, -2.402e-6, -2.208e-6, -2.411e-6, -2.432e-6, -2.452e-6
0.440, -2.074e-6, -2.156e-6, -2.313e-6, -2.400e-6, -2.209e-6, -2.410e-6, -2.433e-6, -2.451e-6
0.439, -2.074e-6, -2.155e-6, -2.314e-6, -2.399e-6, -2.207e-6, -2.410e-6, -2.432e-6, -2.451e-6
0.438, -2.075e-6, -2.155e-6, -2.314e-6, -2.400e-6, -2.209e-6, -2.409e-6, -2.433e-6, -2.450e-6
0.437, -2.075e-6, -2.155e-6, -2.315e-6, -2.400e-6, -2.210e-6, -2.411e-6, -2.434e-6, -2.450e-6
0.436, -2.076e-6, -2.155e-6, -2.315e-6, -2.399e-6, -2.210e-6, -2.410e-6, -2.435e-6, -2.451e-6
0.435, -2.076e-6, -2.156e-6, -2.316e-6, -2.399e-6, -2.212e-6, -2.410e-6, -2.437e-6, -2.449e-6
0.434, -2.078e-6, -2.157e-6, -2.317e-6, -2.401e-6, -2.213e-6, -2.410e-6, -2.436e-6, -2.451e-6
0.433, -2.078e-6, -2.156e-6, -2.320e-6, -2.401e-6, -2.213e-6, -2.412e-6, -2.439e-6, -2.451e-6
0.432, -2.079e-6, -2.157e-6, -2.320e-6, -2.402e-6, -2.214e-6, -2.411e-6, -2.440e-6, -2.451e-6
0.431, -2.079e-6, -2.156e-6, -2.321e-6, -2.401e-6, -2.213e-6, -2.411e-6, -2.440e-6, -2.450e-6
0.430, -2.080e-6, -2.156e-6, -2.323e-6, -2.402e-6, -2.214e-6, -2.413e-6, -2.442e-6, -2.451e-6
0.429, -2.081e-6, -2.157e-6, -2.323e-6, -2.402e-6, -2.215e-6, -2.412e-6, -2.441e-6, -2.451e-6
0.428, -2.081e-6, -2.157e-6, -2.323e-6, -2.402e-6, -2.216e-6, -2.412e-6, -2.442e-6, -2.449e-6
0.427, -2.082e-6, -2.158e-6, -2.326e-6, -2.403e-6, -2.218e-6, -2.415e-6, -2.445e-6, -2.451e-6
0.426, -2.083e-6, -2.158e-6, -2.326e-6, -2.404e-6, -2.219e-6, -2.415e-6, -2.446e-6, -2.452e-6
0.425, -2.083e-6, -2.159e-6, -2.327e-6, -2.403e-6, -2.219e-6, -2.414e-6, -2.445e-6, -2.452e-6
0.424, -2.084e-6, -2.159e-6, -2.328e-6, -2.406e-6, -2.222e-6, -2.417e-6, -2.448e-6, -2.455e-6
0.423, -2.084e-6, -2.159e-6, -2.330e-6, -2.407e-6, -2.221e-6, -2.417e-6, -2.449e-6, -2.453e-6
0.422, -2.085e-6, -2.160e-6, -2.330e-6, -2.406e-6, -2.221e-6, -2.418e-6, -2.449e-6, -2.452e-6
0.421, -2.085e-6, -2.159e-6, -2.331e-6, -2.407e-6, -2.224e-6, -2.419e-6, -2.450e-6, -2.454e-6
0.420, -2.087e-6, -2.160e-6, -2.332e-6, -2.408e-6, -2.224e-6, -2.419e-6, -2.453e-6, -2.456e-6
0.419, -2.085e-6, -2.160e-6, -2.333e-6, -2.408e-6, -2.223e-6, -2.420e-6, -2.451e-6, -2.454e-6
0.418, -2.089e-6, -2.162e-6, -2.335e-6, -2.411e-6, -2.226e-6, -2.423e-6, -2.455e-6, -2.458e-6
0.417, -2.090e-6, -2.164e-6, -2.337e-6, -2.414e-6, -2.228e-6, -2.425e-6, -2.458e-6, -2.460e-6
0.416, -2.091e-6, -2.164e-6, -2.340e-6, -2.413e-6, -2.230e-6, -2.425e-6, -2.460e-6, -2.459e-6
0.415, -2.091e-6, -2.163e-6, -2.338e-6, -2.414e-6, -2.230e-6, -2.424e-6, -2.460e-6, -2.460e-6
0.414, -2.091e-6, -2.163e-6, -2.341e-6, -2.415e-6, -2.230e-6, -2.427e-6, -2.460e-6, -2.460e-6
0.413, -2.092e-6, -2.164e-6, -2.342e-6, -2.417e-6, -2.233e-6, -2.429e-6, -2.464e-6, -2.463e-6
0.412, -2.094e-6, -2.166e-6, -2.343e-6, -2.418e-6, -2.232e-6, -2.429e-6, -2.464e-6, -2.463e-6
0.411, -2.095e-6, -2.167e-6, -2.346e-6, -2.422e-6, -2.235e-6, -2.433e-6, -2.467e-6, -2.465e-6
0.410, -2.094e-6, -2.168e-6, -2.346e-6, -2.420e-6, -2.236e-6, -2.432e-6, -2.467e-6, -2.465e-6
0.409, -2.091e-6, -2.165e-6, -2.345e-6, -2.420e-6, -2.234e-6, -2.430e-6, -2.466e-6, -2.463e-6
0.408, -2.093e-6, -2.166e-6, -2.347e-6, -2.422e-6, -2.235e-6, -2.432e-6, -2.466e-6, -2.465e-6
0.407, -2.096e-6, -2.169e-6, -2.351e-6, -2.425e-6, -2.239e-6, -2.437e-6, -2.471e-6, -2.470e-6
0.406, -2.097e-6, -2.170e-6, -2.353e-6, -2.427e-6, -2.239e-6, -2.437e-6, -2.473e-6, -2.469e-6
0.405, -2.097e-6, -2.170e-6, -2.354e-6, -2.427e-6, -2.241e-6, -2.439e-6, -2.473e-6, -2.471e-6
0.404, -2.098e-6, -2.172e-6, -2.356e-6, -2.431e-6, -2.244e-6, -2.441e-6, -2.476e-6, -2.475e-6
0.403, -2.100e-6, -2.172e-6, -2.356e-6, -2.431e-6, -2.245e-6, -2.443e-6, -2.478e-6, -2.475e-6
0.402, -2.101e-6, -2.174e-6, -2.359e-6, -2.433e-6, -2.244e-6, -2.446e-6, -2.479e-6, -2.476e-6
0.401, -2.102e-6, -2.176e-6, -2.361e-6, -2.438e-6, -2.249e-6, -2.449e-6, -2.482e-6, -2.479e-6
0.400, -2.103e-6, -2.176e-6, -2.362e-6, -2.437e-6, -2.248e-6, -2.449e-6, -2.481e-6, -2.481e-6
0.399, -2.107e-6, -2.179e-6, -2.366e-6, -2.442e-6, -2.252e-6, -2.452e-6, -2.487e-6, -2.484e-6
0.398, -2.106e-6, -2.181e-6, -2.367e-6, -2.444e-6, -2.254e-6, -2.453e-6, -2.488e-6, -2.485e-6
0.397, -2.107e-6, -2.181e-6, -2.368e-6, -2.445e-6, -2.254e-6, -2.456e-6, -2.490e-6, -2.488e-6
0.396, -2.107e-6, -2.183e-6, -2.372e-6, -2.447e-6, -2.256e-6, -2.458e-6, -2.491e-6, -2.490e-6
0.395, -2.110e-6, -2.184e-6, -2.375e-6, -2.451e-6, -2.260e-6, -2.463e-6, -2.495e-6, -2.493e-6
0.394, -2.110e-6, -2.186e-6, -2.377e-6, -2.453e-6, -2.260e-6, -2.464e-6, -2.496e-6, -2.495e-6
0.393, -2.111e-6, -2.186e-6, -2.376e-6, -2.454e-6, -2.263e-6, -2.466e-6, -2.498e-6, -2.497e-6
0.392, -2.113e-6, -2.189e-6, -2.379e-6, -2.457e-6, -2.263e-6, -2.469e-6, -2.499e-6, -2.498e-6
0.391, -2.114e-6, -2.191e-6, -2.382e-6, -2.460e-6, -2.267e-6, -2.472e-6, -2.503e-6, -2.503e-6
0.390, -2.118e-6, -2.193e-6, -2.385e-6, -2.463e-6, -2.269e-6, -2.475e-6, -2.505e-6, -2.504e-6
0.389, -2.118e-6, -2.195e-6, -2.386e-6, -2.466e-6, -2.271e-6, -2.477e-6, -2.508e-6, -2.507e-6
0.388, -2.120e-6, -2.198e-6, -2.392e-6, -2.469e-6, -2.274e-6, -2.481e-6, -2.513e-6, -2.512e-6
0.387, -2.121e-6, -2.198e-6, -2.392e-6, -2.472e-6, -2.275e-6, -2.484e-6, -2.516e-6, -2.512e-6
0.386, -2.123e-6, -2.200e-6, -2.395e-6, -2.475e-6, -2.278e-6, -2.486e-6, -2.516e-6, -2.515e-6
0.385, -2.125e-6, -2.204e-6, -2.397e-6, -2.480e-6, -2.280e-6, -2.491e-6, -2.520e-6, -2.519e-6
0.384, -2.127e-6, -2.204e-6, -2.400e-6, -2.481e-6, -2.281e-6, -2.492e-6, -2.522e-6, -2.521e-6
0.383, -2.129e-6, -2.209e-6, -2.402e-6, -2.484e-6, -2.284e-6, -2.496e-6, -2.525e-6, -2.524e-6
0.382, -2.128e-6, -2.208e-6, -2.403e-6, -2.486e-6, -2.285e-6, -2.496e-6, -2.525e-6, -2.526e-6
0.381, -2.131e-6, -2.211e-6, -2.408e-6, -2.490e-6, -2.290e-6, -2.502e-6, -2.530e-6, -2.531e-6
0.380, -2.133e-6, -2.214e-6, -2.410e-6, -2.495e-6, -2.291e-6, -2.507e-6, -2.533e-6, -2.535e-6
0.379, -2.138e-6, -2.215e-6, -2.414e-6, -2.499e-6, -2.295e-6, -2.511e-6, -2.535e-6, -2.539e-6
0.378, -2.138e-6, -2.220e-6, -2.416e-6, -2.501e-6, -2.297e-6, -2.512e-6, -2.539e-6, -2.543e-6
0.377, -2.141e-6, -2.222e-6, -2.419e-6, -2.505e-6, -2.300e-6, -2.518e-6, -2.543e-6, -2.547e-6
0.376, -2.143e-6, -2.225e-6, -2.421e-6, -2.509e-6, -2.303e-6, -2.520e-6, -2.545e-6, -2.550e-6
0.375, -2.145e-6, -2.227e-6, -2.426e-6, -2.514e-6, -2.305e-6, -2.525e-6, -2.549e-6, -2.554e-6
0.374, -2.148e-6, -2.230e-6, -2.428e-6, -2.518e-6, -2.309e-6, -2.531e-6, -2.552e-6, -2.559e-6
0.373, -2.148e-6, -2.232e-6, -2.431e-6, -2.521e-6, -2.311e-6, -2.531e-6, -2.554e-6, -2.562e-6
0.372, -2.153e-6, -2.237e-6, -2.435e-6, -2.526e-6, -2.315e-6, -2.536e-6, -2.560e-6, -2.567e-6
0.371, -2.153e-6, -2.238e-6, -2.436e-6, -2.529e-6, -2.317e-6, -2.541e-6, -2.561e-6, -2.571e-6
0.370, -2.157e-6, -2.243e-6, -2.441e-6, -2.533e-6, -2.320e-6, -2.547e-6, -2.567e-6, -2.576e-6
0.369, -2.158e-6, -2.246e-6, -2.444e-6, -2.536e-6, -2.324e-6, -2.549e-6, -2.570e-6, -2.581e-6
0.368, -2.162e-6, -2.251e-6, -2.449e-6, -2.543e-6, -2.328e-6, -2.554e-6, -2.574e-6, -2.585e-6
0.367, -2.166e-6, -2.255e-6, -2.453e-6, -2.549e-6, -2.331e-6, -2.560e-6, -2.578e-6, -2.591e-6
0.366, -2.168e-6, -2.256e-6, -2.455e-6, -2.551e-6, -2.334e-6, -2.564e-6, -2.583e-6, -2.596e-6
0.365, -2.171e-6, -2.260e-6, -2.459e-6, -2.555e-6, -2.336e-6, -2.568e-6, -2.585e-6, -2.600e-6
0.364, -2.172e-6, -2.263e-6, -2.462e-6, -2.560e-6, -2.340e-6, -2.572e-6, -2.589e-6, -2.603e-6
0.363, -2.176e-6, -2.269e-6, -2.467e-6, -2.567e-6, -2.345e-6, -2.579e-6, -2.595e-6, -2.612e-6
0.362, -2.183e-6, -2.275e-6, -2.472e-6, -2.573e-6, -2.351e-6, -2.586e-6, -2.603e-6, -2.619e-6
0.361, -2.184e-6, -2.277e-6, -2.475e-6, -2.576e-6, -2.352e-6, -2.590e-6, -2.604e-6, -2.624e-6
0.360, -2.187e-6, -2.282e-6, -2.480e-6, -2.582e-6, -2.356e-6, -2.596e-6, -2.609e-6, -2.629e-6
0.359, -2.191e-6, -2.287e-6, -2.484e-6, -2.589e-6, -2.360e-6, -2.602e-6, -2.613e-6, -2.635e-6
0.358, -2.193e-6, -2.289e-6, -2.486e-6, -2.592e-6, -2.362e-6, -2.605e-6, -2.614e-6, -2.639e-6
0.357, -2.197e-6, -2.296e-6, -2.491e-6, -2.599e-6, -2.368e-6, -2.612e-6, -2.623e-6, -2.647e-6
0.356, -2.201e-6, -2.299e-6, -2.496e-6, -2.604e-6, -2.372e-6, -2.617e-6, -2.627e-6, -2.653e-6
0.355, -2.206e-6, -2.306e-6, -2.502e-6, -2.611e-6, -2.377e-6, -2.624e-6, -2.634e-6, -2.660e-6
0.354, -2.209e-6, -2.310e-6, -2.505e-6, -2.617e-6, -2.381e-6, -2.630e-6, -2.639e-6, -2.666e-6
0.353, -2.214e-6, -2.317e-6, -2.511e-6, -2.623e-6, -2.384e-6, -2.636e-6, -2.643e-6, -2.674e-6
0.352, -2.220e-6, -2.321e-6, -2.516e-6, -2.629e-6, -2.390e-6, -2.643e-6, -2.648e-6, -2.680e-6
0.351, -2.222e-6, -2.326e-6, -2.521e-6, -2.636e-6, -2.397e-6, -2.649e-6, -2.655e-6, -2.688e-6
0.350, -2.227e-6, -2.333e-6, -2.527e-6, -2.644e-6, -2.402e-6, -2.658e-6, -2.661e-6, -2.697e-6
0.349, -2.231e-6, -2.338e-6, -2.533e-6, -2.649e-6, -2.404e-6, -2.663e-6, -2.663e-6, -2.701e-6
0.348, -2.236e-6, -2.345e-6, -2.537e-6, -2.658e-6, -2.411e-6, -2.671e-6, -2.673e-6, -2.712e-6
0.347, -2.241e-6, -2.350e-6, -2.541e-6, -2.663e-6, -2.415e-6, -2.678e-6, -2.678e-6, -2.718e-6
0.346, -2.246e-6, -2.357e-6, -2.547e-6, -2.671e-6, -2.421e-6, -2.686e-6, -2.685e-6, -2.726e-6
0.345, -2.251e-6, -2.363e-6, -2.552e-6, -2.678e-6, -2.424e-6, -2.692e-6, -2.689e-6, -2.734e-6
0.344, -2.256e-6, -2.371e-6, -2.558e-6, -2.687e-6, -2.431e-6, -2.700e-6, -2.697e-6, -2.744e-6
0.343, -2.261e-6, -2.377e-6, -2.565e-6, -2.694e-6, -2.437e-6, -2.709e-6, -2.703e-6, -2.752e-6
0.342, -2.264e-6, -2.382e-6, -2.570e-6, -2.700e-6, -2.441e-6, -2.713e-6, -2.709e-6, -2.759e-6
0.341, -2.271e-6, -2.391e-6, -2.576e-6, -2.709e-6, -2.447e-6, -2.722e-6, -2.716e-6, -2.770e-6
0.340, -2.277e-6, -2.398e-6, -2.581e-6, -2.718e-6, -2.453e-6, -2.731e-6, -2.723e-6, -2.778e-6
0.339, -2.282e-6, -2.402e-6, -2.587e-6, -2.725e-6, -2.457e-6, -2.739e-6, -2.730e-6, -2.787e-6
0.338, -2.287e-6, -2.411e-6, -2.594e-6, -2.732e-6, -2.463e-6, -2.748e-6, -2.735e-6, -2.797e-6
0.337, -2.295e-6, -2.421e-6, -2.602e-6, -2.743e-6, -2.472e-6, -2.756e-6, -2.746e-6, -2.809e-6
0.336, -2.300e-6, -2.427e-6, -2.607e-6, -2.750e-6, -2.477e-6, -2.764e-6, -2.752e-6, -2.817e-6
0.335, -2.304e-6, -2.434e-6, -2.615e-6, -2.758e-6, -2.482e-6, -2.773e-6, -2.759e-6, -2.826e-6
0.334, -2.311e-6, -2.443e-6, -2.621e-6, -2.769e-6, -2.489e-6, -2.782e-6, -2.767e-6, -2.836e-6
0.333, -2.316e-6, -2.450e-6, -2.627e-6, -2.777e-6, -2.496e-6, -2.790e-6, -2.774e-6, -2.846e-6
0.332, -2.322e-6, -2.459e-6, -2.635e-6, -2.786e-6, -2.501e-6, -2.798e-6, -2.783e-6, -2.857e-6
0.331, -2.331e-6, -2.468e-6, -2.642e-6, -2.798e-6, -2.508e-6, -2.810e-6, -2.792e-6, -2.868e-6
0.330, -2.337e-6, -2.477e-6, -2.648e-6, -2.806e-6, -2.514e-6, -2.819e-6, -2.800e-6, -2.879e-6
0.329, -2.341e-6, -2.483e-6, -2.656e-6, -2.814e-6, -2.520e-6, -2.828e-6, -2.806e-6, -2.889e-6
0.328, -2.348e-6, -2.492e-6, -2.662e-6, -2.824e-6, -2.527e-6, -2.838e-6, -2.814e-6, -2.900e-6
0.327, -2.355e-6, -2.501e-6, -2.670e-6, -2.833e-6, -2.535e-6, -2.847e-6, -2.823e-6, -2.911e-6
0.326, -2.362e-6, -2.510e-6, -2.678e-6, -2.844e-6, -2.542e-6, -2.858e-6, -2.832e-6, -2.923e-6
0.325, -2.370e-6, -2.520e-6, -2.686e-6, -2.855e-6, -2.550e-6, -2.869e-6, -2.841e-6, -2.936e-6
0.324, -2.376e-6, -2.528e-6, -2.691e-6, -2.865e-6, -2.555e-6, -2.878e-6, -2.849e-6, -2.946e-6
0.323, -2.383e-6, -2.538e-6, -2.701e-6, -2.876e-6, -2.565e-6, -2.888e-6, -2.858e-6, -2.960e-6
0.322, -2.391e-6, -2.547e-6, -2.708e-6, -2.885e-6, -2.570e-6, -2.898e-6, -2.867e-6, -2.970e-6
0.321, -2.398e-6, -2.557e-6, -2.717e-6, -2.895e-6, -2.577e-6, -2.908e-6, -2.877e-6, -2.983e-6
0.320, -2.405e-6, -2.568e-6, -2.724e-6, -2.906e-6, -2.585e-6, -2.920e-6, -2.886e-6, -2.994e-6
0.319, -2.411e-6, -2.575e-6, -2.732e-6, -2.917e-6, -2.592e-6, -2.929e-6, -2.895e-6, -3.006e-6
0.318, -2.422e-6, -2.586e-6, -2.742e-6, -2.929e-6, -2.601e-6, -2.940e-6, -2.904e-6, -3.020e-6
0.317, -2.426e-6, -2.595e-6, -2.747e-6, -2.937e-6, -2.606e-6, -2.949e-6, -2.912e-6, -3.030e-6
0.316, -2.433e-6, -2.605e-6, -2.758e-6, -2.950e-6, -2.614e-6, -2.960e-6, -2.922e-6, -3.044e-6
0.315, -2.442e-6, -2.616e-6, -2.766e-6, -2.964e-6, -2.623e-6, -2.973e-6, -2.932e-6, -3.058e-6
0.314, -2.449e-6, -2.625e-6, -2.774e-6, -2.972e-6, -2.632e-6, -2.983e-6, -2.943e-6, -3.069e-6
0.313, -2.459e-6, -2.636e-6, -2.783e-6, -2.984e-6, -2.637e-6, -2.993e-6, -2.951e-6, -3.082e-6
0.312, -2.465e-6, -2.645e-6, -2.790e-6, -2.993e-6, -2.644e-6, -3.003e-6, -2.961e-6, -3.095e-6
0.311, -2.472e-6, -2.655e-6, -2.799e-6, -3.006e-6, -2.653e-6, -3.015e-6, -2.972e-6, -3.108e-6
0.310, -2.480e-6, -2.665e-6, -2.807e-6, -3.017e-6, -2.660e-6, -3.024e-6, -2.979e-6, -3.120e-6
0.309, -2.489e-6, -2.676e-6, -2.815e-6, -3.029e-6, -2.668e-6, -3.036e-6, -2.990e-6, -3.134e-6
0.308, -2.496e-6, -2.687e-6, -2.825e-6, -3.041e-6, -2.677e-6, -3.047e-6, -3.000e-6, -3.147e-6
0.307, -2.505e-6, -2.696e-6, -2.834e-6, -3.052e-6, -2.683e-6, -3.058e-6, -3.010e-6, -3.160e-6
0.306, -2.513e-6, -2.705e-6, -2.843e-6, -3.063e-6, -2.690e-6, -3.069e-6, -3.018e-6, -3.172e-6
0.305, -2.522e-6, -2.718e-6, -2.852e-6, -3.077e-6, -2.701e-6, -3.081e-6, -3.031e-6, -3.188e-6
0.304, -2.527e-6, -2.726e-6, -2.860e-6, -3.086e-6, -2.708e-6, -3.091e-6, -3.040e-6, -3.199e-6
0.303, -2.537e-6, -2.735e-6, -2.870e-6, -3.097e-6, -2.715e-6, -3.101e-6, -3.049e-6, -3.212e-6
0.302, -2.545e-6, -2.746e-6, -2.878e-6, -3.109e-6, -2.724e-6, -3.113e-6, -3.059e-6, -3.226e-6
0.301, -2.552e-6, -2.758e-6, -2.888e-6, -3.121e-6, -2.731e-6, -3.123e-6, -3.069e-6, -3.240e-6
0.300, -2.559e-6, -2.766e-6, -2.895e-6, -3.130e-6, -2.738e-6, -3.132e-6, -3.079e-6, -3.251e-6
0.299, -2.570e-6, -2.777e-6, -2.905e-6, -3.143e-6, -2.748e-6, -3.144e-6, -3.090e-6, -3.264e-6
0.298, -2.577e-6, -2.788e-6, -2.914e-6, -3.155e-6, -2.755e-6, -3.154e-6, -3.101e-6, -3.277e-6
0.297, -2.583e-6, -2.795e-6, -2.921e-6, -3.163e-6, -2.761e-6, -3.162e-6, -3.107e-6, -3.286e-6
0.296, -2.591e-6, -2.804e-6, -2.930e-6, -3.175e-6, -2.770e-6, -3.174e-6, -3.118e-6, -3.301e-6
0.295, -2.600e-6, -2.817e-6, -2.940e-6, -3.188e-6, -2.777e-6, -3.184e-6, -3.127e-6, -3.313e-6
0.294, -2.608e-6, -2.827e-6, -2.949e-6, -3.200e-6, -2.785e-6, -3.196e-6, -3.138e-6, -3.328e-6
0.293, -2.616e-6, -2.837e-6, -2.958e-6, -3.211e-6, -2.793e-6, -3.207e-6, -3.150e-6, -3.341e-6
0.292, -2.627e-6, -2.848e-6, -2.969e-6, -3.223e-6, -2.802e-6, -3.217e-6, -3.161e-6, -3.355e-6
0.291, -2.633e-6, -2.856e-6, -2.976e-6, -3.232e-6, -2.810e-6, -3.226e-6, -3.169e-6, -3.365e-6
0.290, -2.641e-6, -2.866e-6, -2.986e-6, -3.243e-6, -2.817e-6, -3.236e-6, -3.180e-6, -3.378e-6
0.289, -2.648e-6, -2.874e-6, -2.992e-6, -3.251e-6, -2.824e-6, -3.244e-6, -3.189e-6, -3.388e-6
0.288, -2.655e-6, -2.883e-6, -3.002e-6, -3.262e-6, -2.830e-6, -3.254e-6, -3.197e-6, -3.399e-6
0.287, -2.663e-6, -2.893e-6, -3.009e-6, -3.272e-6, -2.838e-6, -3.264e-6, -3.206e-6, -3.412e-6
0.286, -2.671e-6, -2.902e-6, -3.018e-6, -3.284e-6, -2.846e-6, -3.273e-6, -3.218e-6, -3.425e-6
0.285, -2.678e-6, -2.910e-6, -3.025e-6, -3.291e-6, -2.853e-6, -3.280e-6, -3.225e-6, -3.435e-6
0.284, -2.684e-6, -2.919e-6, -3.033e-6, -3.301e-6, -2.859e-6, -3.288e-6, -3.235e-6, -3.445e-6
0.283, -2.690e-6, -2.924e-6, -3.038e-6, -3.307e-6, -2.863e-6, -3.295e-6, -3.240e-6, -3.453e-6
0.282, -2.698e-6, -2.932e-6, -3.048e-6, -3.318e-6, -2.870e-6, -3.303e-6, -3.249e-6, -3.464e-6
0.281, -2.703e-6, -2.938e-6, -3.052e-6, -3.324e-6, -2.873e-6, -3.309e-6, -3.257e-6, -3.472e-6
0.280, -2.713e-6, -2.949e-6, -3.063e-6, -3.336e-6, -2.884e-6, -3.320e-6, -3.269e-6, -3.486e-6
0.279, -2.717e-6, -2.955e-6, -3.068e-6, -3.342e-6, -2.888e-6, -3.324e-6, -3.276e-6, -3.495e-6
0.278, -2.723e-6, -2.962e-6, -3.074e-6, -3.347e-6, -2.893e-6, -3.330e-6, -3.282e-6, -3.503e-6
0.277, -2.729e-6, -2.967e-6, -3.080e-6, -3.355e-6, -2.897e-6, -3.335e-6, -3.289e-6, -3.510e-6
0.276, -2.733e-6, -2.973e-6, -3.087e-6, -3.362e-6, -2.902e-6, -3.341e-6, -3.296e-6, -3.518e-6
0.275, -2.737e-6, -2.978e-6, -3.091e-6, -3.368e-6, -2.905e-6, -3.345e-6, -3.301e-6, -3.524e-6
0.274, -2.744e-6, -2.983e-6, -3.097e-6, -3.374e-6, -2.911e-6, -3.351e-6, -3.310e-6, -3.533e-6
0.273, -2.749e-6, -2.988e-6, -3.102e-6, -3.379e-6, -2.916e-6, -3.354e-6, -3.315e-6, -3.538e-6
0.272, -2.752e-6, -2.990e-6, -3.105e-6, -3.381e-6, -2.917e-6, -3.357e-6, -3.318e-6, -3.542e-6
0.271, -2.756e-6, -2.993e-6, -3.108e-6, -3.385e-6, -2.920e-6, -3.360e-6, -3.325e-6, -3.549e-6
0.270, -2.760e-6, -2.997e-6, -3.111e-6, -3.390e-6, -2.921e-6, -3.362e-6, -3.329e-6, -3.553e-6
0.269, -2.764e-6, -3.001e-6, -3.116e-6, -3.394e-6, -2.925e-6, -3.366e-6, -3.334e-6, -3.558e-6
0.268, -2.766e-6, -3.002e-6, -3.119e-6, -3.395e-6, -2.926e-6, -3.365e-6, -3.337e-6, -3.563e-6
0.267, -2.770e-6, -3.006e-6, -3.122e-6, -3.399e-6, -2.928e-6, -3.368e-6, -3.341e-6, -3.567e-6
0.266, -2.773e-6, -3.008e-6, -3.125e-6, -3.400e-6, -2.929e-6, -3.369e-6, -3.345e-6, -3.569e-6
0.265, -2.776e-6, -3.009e-6, -3.127e-6, -3.403e-6, -2.932e-6, -3.369e-6, -3.350e-6, -3.573e-6
0.264, -2.779e-6, -3.011e-6, -3.129e-6, -3.403e-6, -2.933e-6, -3.369e-6, -3.353e-6, -3.575e-6
0.263, -2.782e-6, -3.014e-6, -3.132e-6, -3.407e-6, -2.934e-6, -3.371e-6, -3.357e-6, -3.579e-6
0.262, -2.782e-6, -3.015e-6, -3.133e-6, -3.406e-6, -2.935e-6, -3.370e-6, -3.358e-6, -3.579e-6
0.261, -2.785e-6, -3.017e-6, -3.135e-6, -3.408e-6, -2.936e-6, -3.370e-6, -3.362e-6, -3.583e-6
0.260, -2.789e-6, -3.018e-6, -3.138e-6, -3.410e-6, -2.937e-6, -3.372e-6, -3.364e-6, -3.586e-6
0.259, -2.790e-6, -3.018e-6, -3.138e-6, -3.409e-6, -2.936e-6, -3.368e-6, -3.366e-6, -3.585e-6
0.258, -2.792e-6, -3.019e-6, -3.139e-6, -3.409e-6, -2.936e-6, -3.369e-6, -3.370e-6, -3.588e-6
0.257, -2.794e-6, -3.021e-6, -3.143e-6, -3.411e-6, -2.937e-6, -3.368e-6, -3.372e-6, -3.591e-6
0.256, -2.795e-6, -3.019e-6, -3.141e-6, -3.407e-6, -2.935e-6, -3.365e-6, -3.373e-6, -3.589e-6
0.255, -2.795e-6, -3.019e-6, -3.140e-6, -3.406e-6, -2.935e-6, -3.362e-6, -3.373e-6, -3.589e-6
0.254, -2.797e-6, -3.022e-6, -3.141e-6, -3.406e-6, -2.936e-6, -3.361e-6, -3.377e-6, -3.592e-6
0.253, -2.799e-6, -3.021e-6, -3.143e-6, -3.405e-6, -2.935e-6, -3.359e-6, -3.379e-6, -3.592e-6
0.252, -2.801e-6, -3.024e-6, -3.146e-6, -3.409e-6, -2.937e-6, -3.359e-6, -3.383e-6, -3.596e-6
0.251, -2.802e-6, -3.021e-6, -3.144e-6, -3.405e-6, -2.933e-6, -3.354e-6, -3.381e-6, -3.594e-6
0.250, -2.805e-6, -3.024e-6, -3.146e-6, -3.404e-6, -2.934e-6, -3.354e-6, -3.386e-6, -3.596e-6
0.249, -2.807e-6, -3.023e-6, -3.146e-6, -3.402e-6, -2.933e-6, -3.353e-6, -3.386e-6, -3.596e-6
0.248, -2.809e-6, -3.024e-6, -3.148e-6, -3.403e-6, -2.934e-6, -3.351e-6, -3.390e-6, -3.597e-6
0.247, -2.808e-6, -3.024e-6, -3.148e-6, -3.401e-6, -2.932e-6, -3.345e-6, -3.389e-6, -3.597e-6
0.246, -2.810e-6, -3.022e-6, -3.147e-6, -3.399e-6, -2.931e-6, -3.343e-6, -3.392e-6, -3.596e-6
0.245, -2.810e-6, -3.022e-6, -3.147e-6, -3.397e-6, -2.929e-6, -3.340e-6, -3.392e-6, -3.596e-6
0.244, -2.812e-6, -3.022e-6, -3.149e-6, -3.396e-6, -2.928e-6, -3.338e-6, -3.394e-6, -3.598e-6
0.243, -2.815e-6, -3.024e-6, -3.149e-6, -3.396e-6, -2.928e-6, -3.337e-6, -3.397e-6, -3.597e-6
0.242, -2.815e-6, -3.022e-6, -3.148e-6, -3.393e-6, -2.926e-6, -3.332e-6, -3.398e-6, -3.598e-6
0.241, -2.818e-6, -3.024e-6, -3.148e-6, -3.393e-6, -2.926e-6, -3.330e-6, -3.400e-6, -3.599e-6
0.240, -2.819e-6, -3.023e-6, -3.149e-6, -3.390e-6, -2.924e-6, -3.327e-6, -3.400e-6, -3.598e-6
0.239, -2.823e-6, -3.027e-6, -3.151e-6, -3.392e-6, -2.927e-6, -3.327e-6, -3.406e-6, -3.602e-6
0.238, -2.824e-6, -3.027e-6, -3.150e-6, -3.389e-6, -2.924e-6, -3.322e-6, -3.406e-6, -3.601e-6
0.237, -2.827e-6, -3.027e-6, -3.152e-6, -3.390e-6, -2.924e-6, -3.321e-6, -3.409e-6, -3.603e-6
0.236, -2.830e-6, -3.029e-6, -3.152e-6, -3.390e-6, -2.924e-6, -3.319e-6, -3.411e-6, -3.605e-6
0.235, -2.832e-6, -3.032e-6, -3.154e-6, -3.390e-6, -2.923e-6, -3.320e-6, -3.415e-6, -3.606e-6
0.234, -2.835e-6, -3.035e-6, -3.157e-6, -3.390e-6, -2.925e-6, -3.318e-6, -3.419e-6, -3.608e-6
0.233, -2.836e-6, -3.033e-6, -3.156e-6, -3.388e-6, -2.924e-6, -3.314e-6, -3.420e-6, -3.609e-6
0.232, -2.839e-6, -3.036e-6, -3.157e-6, -3.387e-6, -2.923e-6, -3.312e-6, -3.425e-6, -3.612e-6
0.231, -2.842e-6, -3.039e-6, -3.159e-6, -3.390e-6, -2.926e-6, -3.313e-6, -3.430e-6, -3.615e-6
0.230, -2.845e-6, -3.040e-6, -3.162e-6, -3.388e-6, -2.925e-6, -3.312e-6, -3.432e-6, -3.617e-6
0.229, -2.849e-6, -3.042e-6, -3.163e-6, -3.390e-6, -2.925e-6, -3.310e-6, -3.436e-6, -3.618e-6
0.228, -2.853e-6, -3.047e-6, -3.166e-6, -3.392e-6, -2.928e-6, -3.311e-6, -3.441e-6, -3.623e-6
0.227, -2.859e-6, -3.049e-6, -3.171e-6, -3.394e-6, -2.929e-6, -3.312e-6, -3.447e-6, -3.629e-6
0.226, -2.864e-6, -3.052e-6, -3.172e-6, -3.395e-6, -2.930e-6, -3.312e-6, -3.452e-6, -3.631e-6
0.225, -2.869e-6, -3.057e-6, -3.177e-6, -3.398e-6, -2.932e-6, -3.315e-6, -3.458e-6, -3.638e-6
0.224, -2.872e-6, -3.059e-6, -3.178e-6, -3.400e-6, -2.934e-6, -3.311e-6, -3.461e-6, -3.640e-6
0.223, -2.876e-6, -3.064e-6, -3.182e-6, -3.401e-6, -2.936e-6, -3.312e-6, -3.468e-6, -3.644e-6
0.222, -2.881e-6, -3.068e-6, -3.186e-6, -3.403e-6, -2.939e-6, -3.315e-6, -3.473e-6, -3.650e-6
0.221, -2.886e-6, -3.072e-6, -3.192e-6, -3.406e-6, -2.941e-6, -3.316e-6, -3.479e-6, -3.655e-6
0.220, -2.894e-6, -3.079e-6, -3.198e-6, -3.412e-6, -2.945e-6, -3.319e-6, -3.488e-6, -3.663e-6
0.219, -2.898e-6, -3.082e-6, -3.201e-6, -3.415e-6, -2.947e-6, -3.320e-6, -3.492e-6, -3.667e-6
0.218, -2.905e-6, -3.089e-6, -3.208e-6, -3.420e-6, -2.953e-6, -3.323e-6, -3.502e-6, -3.675e-6
0.217, -2.910e-6, -3.093e-6, -3.211e-6, -3.423e-6, -2.955e-6, -3.326e-6, -3.507e-6, -3.679e-6
0.216, -2.918e-6, -3.100e-6, -3.218e-6, -3.427e-6, -2.958e-6, -3.330e-6, -3.516e-6, -3.688e-6
0.215, -2.926e-6, -3.107e-6, -3.224e-6, -3.432e-6, -2.965e-6, -3.334e-6, -3.525e-6, -3.695e-6
0.214, -2.934e-6, -3.113e-6, -3.233e-6, -3.439e-6, -2.969e-6, -3.338e-6, -3.535e-6, -3.704e-6
0.213, -2.940e-6, -3.119e-6, -3.238e-6, -3.445e-6, -2.973e-6, -3.341e-6, -3.545e-6, -3.712e-6
0.212, -2.946e-6, -3.125e-6, -3.244e-6, -3.448e-6, -2.979e-6, -3.345e-6, -3.551e-6, -3.719e-6
0.211, -2.953e-6, -3.132e-6, -3.250e-6, -3.453e-6, -2.983e-6, -3.348e-6, -3.559e-6, -3.726e-6
0.210, -2.962e-6, -3.140e-6, -3.258e-6, -3.461e-6, -2.990e-6, -3.354e-6, -3.570e-6, -3.735e-6
0.209, -2.971e-6, -3.148e-6, -3.267e-6, -3.468e-6, -2.995e-6, -3.358e-6, -3.580e-6, -3.743e-6
0.208, -2.981e-6, -3.156e-6, -3.276e-6, -3.477e-6, -3.002e-6, -3.365e-6, -3.592e-6, -3.755e-6
0.207, -2.989e-6, -3.164e-6, -3.285e-6, -3.482e-6, -3.009e-6, -3.371e-6, -3.600e-6, -3.765e-6
0.206, -2.997e-6, -3.172e-6, -3.292e-6, -3.490e-6, -3.014e-6, -3.376e-6, -3.612e-6, -3.773e-6
0.205, -3.006e-6, -3.179e-6, -3.300e-6, -3.497e-6, -3.020e-6, -3.381e-6, -3.620e-6, -3.782e-6
0.204, -3.015e-6, -3.187e-6, -3.309e-6, -3.504e-6, -3.027e-6, -3.387e-6, -3.632e-6, -3.791e-6
0.203, -3.023e-6, -3.194e-6, -3.317e-6, -3.511e-6, -3.033e-6, -3.392e-6, -3.643e-6, -3.800e-6
0.202, -3.034e-6, -3.204e-6, -3.327e-6, -3.519e-6, -3.041e-6, -3.398e-6, -3.654e-6, -3.812e-6
0.201, -3.043e-6, -3.214e-6, -3.336e-6, -3.529e-6, -3.049e-6, -3.406e-6, -3.666e-6, -3.822e-6
0.200, -3.051e-6, -3.220e-6, -3.344e-6, -3.536e-6, -3.055e-6, -3.410e-6, -3.675e-6, -3.830e-6
0.199, -3.061e-6, -3.230e-6, -3.355e-6, -3.546e-6, -3.064e-6, -3.421e-6, -3.687e-6, -3.842e-6
0.198, -3.070e-6, -3.237e-6, -3.362e-6, -3.552e-6, -3.070e-6, -3.424e-6, -3.697e-6, -3.850e-6
0.197, -3.080e-6, -3.244e-6, -3.374e-6, -3.561e-6, -3.078e-6, -3.432e-6, -3.710e-6, -3.860e-6
0.196, -3.088e-6, -3.254e-6, -3.382e-6, -3.569e-6, -3.087e-6, -3.439e-6, -3.721e-6, -3.870e-6
0.195, -3.098e-6, -3.261e-6, -3.391e-6, -3.575e-6, -3.092e-6, -3.446e-6, -3.730e-6, -3.878e-6
0.194, -3.109e-6, -3.273e-6, -3.403e-6, -3.587e-6, -3.102e-6, -3.455e-6, -3.743e-6, -3.891e-6
0.193, -3.116e-6, -3.280e-6, -3.412e-6, -3.595e-6, -3.109e-6, -3.459e-6, -3.754e-6, -3.899e-6
0.192, -3.123e-6, -3.286e-6, -3.419e-6, -3.600e-6, -3.115e-6, -3.465e-6, -3.762e-6, -3.906e-6
0.191, -3.134e-6, -3.296e-6, -3.429e-6, -3.611e-6, -3.124e-6, -3.473e-6, -3.773e-6, -3.916e-6
0.190, -3.143e-6, -3.302e-6, -3.439e-6, -3.618e-6, -3.132e-6, -3.480e-6, -3.785e-6, -3.927e-6
0.189, -3.150e-6, -3.309e-6, -3.447e-6, -3.625e-6, -3.139e-6, -3.486e-6, -3.794e-6, -3.933e-6
0.188, -3.159e-6, -3.318e-6, -3.457e-6, -3.633e-6, -3.147e-6, -3.493e-6, -3.805e-6, -3.941e-6
0.187, -3.165e-6, -3.323e-6, -3.464e-6, -3.640e-6, -3.154e-6, -3.496e-6, -3.812e-6, -3.948e-6
0.186, -3.176e-6, -3.330e-6, -3.474e-6, -3.647e-6, -3.162e-6, -3.505e-6, -3.822e-6, -3.957e-6
0.185, -3.181e-6, -3.336e-6, -3.482e-6, -3.653e-6, -3.168e-6, -3.509e-6, -3.832e-6, -3.962e-6
0.184, -3.184e-6, -3.338e-6, -3.486e-6, -3.656e-6, -3.171e-6, -3.511e-6, -3.836e-6, -3.966e-6
0.183, -3.193e-6, -3.343e-6, -3.496e-6, -3.664e-6, -3.179e-6, -3.518e-6, -3.846e-6, -3.973e-6
0.182, -3.197e-6, -3.347e-6, -3.501e-6, -3.667e-6, -3.185e-6, -3.520e-6, -3.851e-6, -3.977e-6
0.181, -3.203e-6, -3.349e-6, -3.507e-6, -3.671e-6, -3.188e-6, -3.524e-6, -3.856e-6, -3.980e-6
0.180, -3.207e-6, -3.353e-6, -3.513e-6, -3.675e-6, -3.194e-6, -3.529e-6, -3.862e-6, -3.983e-6
0.179, -3.212e-6, -3.356e-6, -3.519e-6, -3.680e-6, -3.199e-6, -3.531e-6, -3.868e-6, -3.987e-6
0.178, -3.215e-6, -3.358e-6, -3.524e-6, -3.682e-6, -3.202e-6, -3.534e-6, -3.872e-6, -3.989e-6
0.177, -3.220e-6, -3.360e-6, -3.527e-6, -3.687e-6, -3.206e-6, -3.537e-6, -3.877e-6, -3.990e-6
0.176, -3.222e-6, -3.361e-6, -3.532e-6, -3.686e-6, -3.210e-6, -3.538e-6, -3.881e-6, -3.990e-6
0.175, -3.222e-6, -3.358e-6, -3.533e-6, -3.688e-6, -3.212e-6, -3.537e-6, -3.882e-6, -3.990e-6
0.174, -3.224e-6, -3.359e-6, -3.537e-6, -3.689e-6, -3.215e-6, -3.538e-6, -3.883e-6, -3.989e-6
0.173, -3.223e-6, -3.356e-6, -3.538e-6, -3.685e-6, -3.216e-6, -3.536e-6, -3.883e-6, -3.986e-6
0.172, -3.223e-6, -3.355e-6, -3.540e-6, -3.686e-6, -3.216e-6, -3.537e-6, -3.882e-6, -3.983e-6
0.171, -3.225e-6, -3.352e-6, -3.541e-6, -3.687e-6, -3.220e-6, -3.536e-6, -3.882e-6, -3.981e-6
0.170, -3.223e-6, -3.349e-6, -3.541e-6, -3.685e-6, -3.219e-6, -3.534e-6, -3.881e-6, -3.976e-6
0.169, -3.220e-6, -3.344e-6, -3.541e-6, -3.681e-6, -3.218e-6, -3.531e-6, -3.879e-6, -3.971e-6
0.168, -3.216e-6, -3.336e-6, -3.537e-6, -3.675e-6, -3.214e-6, -3.526e-6, -3.873e-6, -3.961e-6
0.167, -3.212e-6, -3.330e-6, -3.538e-6, -3.671e-6, -3.213e-6, -3.523e-6, -3.869e-6, -3.955e-6
0.166, -3.206e-6, -3.323e-6, -3.531e-6, -3.663e-6, -3.211e-6, -3.516e-6, -3.861e-6, -3.945e-6
0.165, -3.201e-6, -3.314e-6, -3.528e-6, -3.658e-6, -3.205e-6, -3.510e-6, -3.855e-6, -3.936e-6
0.164, -3.195e-6, -3.305e-6, -3.524e-6, -3.651e-6, -3.204e-6, -3.504e-6, -3.848e-6, -3.926e-6
0.163, -3.189e-6, -3.296e-6, -3.518e-6, -3.642e-6, -3.198e-6, -3.497e-6, -3.840e-6, -3.914e-6
0.162, -3.178e-6, -3.284e-6, -3.511e-6, -3.632e-6, -3.192e-6, -3.489e-6, -3.829e-6, -3.901e-6
0.161, -3.171e-6, -3.277e-6, -3.505e-6, -3.624e-6, -3.188e-6, -3.481e-6, -3.820e-6, -3.888e-6
0.160, -3.160e-6, -3.262e-6, -3.495e-6, -3.611e-6, -3.180e-6, -3.470e-6, -3.808e-6, -3.871e-6
0.159, -3.146e-6, -3.244e-6, -3.482e-6, -3.597e-6, -3.169e-6, -3.456e-6, -3.790e-6, -3.852e-6
0.158, -3.137e-6, -3.235e-6, -3.475e-6, -3.587e-6, -3.163e-6, -3.447e-6, -3.781e-6, -3.838e-6
0.157, -3.124e-6, -3.219e-6, -3.463e-6, -3.573e-6, -3.153e-6, -3.432e-6, -3.763e-6, -3.818e-6
0.156, -3.112e-6, -3.203e-6, -3.452e-6, -3.559e-6, -3.142e-6, -3.420e-6, -3.748e-6, -3.799e-6
0.155, -3.097e-6, -3.188e-6, -3.439e-6, -3.542e-6, -3.131e-6, -3.404e-6, -3.731e-6, -3.779e-6
0.154, -3.083e-6, -3.170e-6, -3.424e-6, -3.526e-6, -3.120e-6, -3.391e-6, -3.714e-6, -3.759e-6
0.153, -3.067e-6, -3.150e-6, -3.410e-6, -3.507e-6, -3.106e-6, -3.372e-6, -3.693e-6, -3.734e-6
0.152, -3.050e-6, -3.132e-6, -3.394e-6, -3.488e-6, -3.092e-6, -3.356e-6, -3.674e-6, -3.711e-6
0.151, -3.033e-6, -3.112e-6, -3.378e-6, -3.471e-6, -3.078e-6, -3.340e-6, -3.654e-6, -3.689e-6
0.150, -3.013e-6, -3.089e-6, -3.358e-6, -3.449e-6, -3.062e-6, -3.317e-6, -3.629e-6, -3.661e-6
0.149, -2.994e-6, -3.068e-6, -3.341e-6, -3.427e-6, -3.046e-6, -3.299e-6, -3.607e-6, -3.634e-6
0.148, -2.974e-6, -3.047e-6, -3.320e-6, -3.405e-6, -3.030e-6, -3.280e-6, -3.583e-6, -3.607e-6
0.147, -2.953e-6, -3.022e-6, -3.301e-6, -3.381e-6, -3.010e-6, -3.258e-6, -3.558e-6, -3.578e-6
0.146, -2.930e-6, -2.996e-6, -3.277e-6, -3.355e-6, -2.991e-6, -3.234e-6, -3.530e-6, -3.547e-6
0.145, -2.909e-6, -2.972e-6, -3.256e-6, -3.332e-6, -2.970e-6, -3.212e-6, -3.504e-6, -3.517e-6
0.144, -2.883e-6, -2.945e-6, -3.230e-6, -3.302e-6, -2.951e-6, -3.185e-6, -3.474e-6, -3.485e-6
0.143, -2.860e-6, -2.921e-6, -3.208e-6, -3.278e-6, -2.930e-6, -3.163e-6, -3.447e-6, -3.454e-6
0.142, -2.836e-6, -2.894e-6, -3.183e-6, -3.249e-6, -2.909e-6, -3.137e-6, -3.417e-6, -3.422e-6
0.141, -2.812e-6, -2.867e-6, -3.159e-6, -3.220e-6, -2.886e-6, -3.111e-6, -3.386e-6, -3.389e-6
0.140, -2.784e-6, -2.838e-6, -3.131e-6, -3.190e-6, -2.863e-6, -3.083e-6, -3.355e-6, -3.354e-6
0.139, -2.759e-6, -2.810e-6, -3.104e-6, -3.162e-6, -2.840e-6, -3.058e-6, -3.323e-6, -3.318e-6
0.138, -2.735e-6, -2.782e-6, -3.078e-6, -3.132e-6, -2.816e-6, -3.030e-6, -3.291e-6, -3.286e-6
0.137, -2.709e-6, -2.755e-6, -3.051e-6, -3.103e-6, -2.793e-6, -3.003e-6, -3.260e-6, -3.253e-6
0.136, -2.679e-6, -2.721e-6, -3.019e-6, -3.068e-6, -2.766e-6, -2.972e-6, -3.225e-6, -3.212e-6
0.135, -2.654e-6, -2.695e-6, -2.993e-6, -3.039e-6, -2.743e-6, -2.945e-6, -3.194e-6, -3.180e-6
0.134, -2.626e-6, -2.665e-6, -2.963e-6, -3.007e-6, -2.716e-6, -2.915e-6, -3.159e-6, -3.142e-6
0.133, -2.597e-6, -2.636e-6, -2.932e-6, -2.975e-6, -2.691e-6, -2.886e-6, -3.126e-6, -3.105e-6
0.132, -2.570e-6, -2.604e-6, -2.905e-6, -2.943e-6, -2.665e-6, -2.855e-6, -3.089e-6, -3.070e-6
0.131, -2.541e-6, -2.575e-6, -2.873e-6, -2.911e-6, -2.638e-6, -2.826e-6, -3.055e-6, -3.033e-6
0.130, -2.514e-6, -2.545e-6, -2.842e-6, -2.879e-6, -2.612e-6, -2.796e-6, -3.022e-6, -2.995e-6
0.129, -2.486e-6, -2.515e-6, -2.812e-6, -2.847e-6, -2.586e-6, -2.766e-6, -2.989e-6, -2.961e-6
0.128, -2.459e-6, -2.488e-6, -2.783e-6, -2.814e-6, -2.559e-6, -2.736e-6, -2.954e-6, -2.922e-6
0.127, -2.431e-6, -2.458e-6, -2.753e-6, -2.781e-6, -2.533e-6, -2.707e-6, -2.918e-6, -2.889e-6
0.126, -2.403e-6, -2.428e-6, -2.723e-6, -2.749e-6, -2.506e-6, -2.676e-6, -2.885e-6, -2.852e-6
0.125, -2.377e-6, -2.400e-6, -2.694e-6, -2.718e-6, -2.480e-6, -2.647e-6, -2.851e-6, -2.817e-6
0.124, -2.347e-6, -2.371e-6, -2.660e-6, -2.682e-6, -2.451e-6, -2.615e-6, -2.815e-6, -2.780e-6
0.123, -2.320e-6, -2.342e-6, -2.627e-6, -2.650e-6, -2.424e-6, -2.585e-6, -2.782e-6, -2.742e-6
0.122, -2.294e-6, -2.313e-6, -2.598e-6, -2.619e-6, -2.397e-6, -2.556e-6, -2.749e-6, -2.709e-6
0.121, -2.266e-6, -2.285e-6, -2.568e-6, -2.586e-6, -2.371e-6, -2.526e-6, -2.714e-6, -2.674e-6
0.120, -2.239e-6, -2.256e-6, -2.539e-6, -2.555e-6, -2.344e-6, -2.498e-6, -2.682e-6, -2.641e-6
0.119, -2.212e-6, -2.229e-6, -2.508e-6, -2.524e-6, -2.319e-6, -2.468e-6, -2.649e-6, -2.606e-6
0.118, -2.186e-6, -2.201e-6, -2.478e-6, -2.491e-6, -2.292e-6, -2.438e-6, -2.616e-6, -2.571e-6
0.117, -2.160e-6, -2.174e-6, -2.448e-6, -2.461e-6, -2.266e-6, -2.409e-6, -2.583e-6, -2.540e-6
0.116, -2.135e-6, -2.150e-6, -2.419e-6, -2.430e-6, -2.240e-6, -2.381e-6, -2.551e-6, -2.507e-6
0.115, -2.108e-6, -2.120e-6, -2.388e-6, -2.398e-6, -2.213e-6, -2.350e-6, -2.520e-6, -2.471e-6
0.114, -2.084e-6, -2.097e-6, -2.361e-6, -2.371e-6, -2.190e-6, -2.325e-6, -2.490e-6, -2.442e-6
0.113, -2.064e-6, -2.074e-6, -2.335e-6, -2.343e-6, -2.166e-6, -2.299e-6, -2.460e-6, -2.412e-6
0.112, -2.036e-6, -2.047e-6, -2.306e-6, -2.313e-6, -2.141e-6, -2.271e-6, -2.431e-6, -2.381e-6
0.111, -2.015e-6, -2.025e-6, -2.279e-6, -2.285e-6, -2.117e-6, -2.245e-6, -2.402e-6, -2.352e-6
0.110, -1.990e-6, -2.001e-6, -2.251e-6, -2.256e-6, -2.093e-6, -2.219e-6, -2.371e-6, -2.322e-6
0.109, -1.968e-6, -1.978e-6, -2.225e-6, -2.229e-6, -2.070e-6, -2.193e-6, -2.343e-6, -2.293e-6
0.108, -1.946e-6, -1.955e-6, -2.199e-6, -2.204e-6, -2.046e-6, -2.168e-6, -2.314e-6, -2.266e-6
0.107, -1.927e-6, -1.934e-6, -2.175e-6, -2.178e-6, -2.024e-6, -2.145e-6, -2.290e-6, -2.239e-6
0.106, -1.904e-6, -1.911e-6, -2.150e-6, -2.151e-6, -2.004e-6, -2.121e-6, -2.263e-6, -2.212e-6
0.105, -1.883e-6, -1.892e-6, -2.124e-6, -2.126e-6, -1.982e-6, -2.096e-6, -2.236e-6, -2.185e-6
0.104, -1.862e-6, -1.871e-6, -2.101e-6, -2.100e-6, -1.959e-6, -2.072e-6, -2.212e-6, -2.161e-6
0.103, -1.844e-6, -1.851e-6, -2.078e-6, -2.078e-6, -1.940e-6, -2.051e-6, -2.189e-6, -2.136e-6
0.102, -1.826e-6, -1.834e-6, -2.056e-6, -2.056e-6, -1.921e-6, -2.030e-6, -2.165e-6, -2.114e-6
0.101, -1.805e-6, -1.812e-6, -2.032e-6, -2.032e-6, -1.900e-6, -2.007e-6, -2.141e-6, -2.089e-6
0.100, -1.788e-6, -1.795e-6, -2.012e-6, -2.009e-6, -1.881e-6, -1.988e-6, -2.118e-6, -2.067e-6
0.099, -1.772e-6, -1.778e-6, -1.990e-6, -1.988e-6, -1.861e-6, -1.967e-6, -2.097e-6, -2.045e-6
0.098, -1.754e-6, -1.760e-6, -1.970e-6, -1.966e-6, -1.843e-6, -1.947e-6, -2.073e-6, -2.023e-6
0.097, -1.739e-6, -1.745e-6, -1.951e-6, -1.947e-6, -1.826e-6, -1.928e-6, -2.055e-6, -2.001e-6
0.096, -1.719e-6, -1.728e-6, -1.929e-6, -1.925e-6, -1.808e-6, -1.908e-6, -2.033e-6, -1.983e-6
0.095, -1.708e-6, -1.714e-6, -1.912e-6, -1.909e-6, -1.793e-6, -1.892e-6, -2.014e-6, -1.964e-6
0.094, -1.691e-6, -1.699e-6, -1.895e-6, -1.889e-6, -1.777e-6, -1.875e-6, -1.996e-6, -1.946e-6
0.093, -1.674e-6, -1.682e-6, -1.875e-6, -1.868e-6, -1.758e-6, -1.854e-6, -1.975e-6, -1.924e-6
0.092, -1.663e-6, -1.669e-6, -1.859e-6, -1.853e-6, -1.746e-6, -1.839e-6, -1.959e-6, -1.909e-6
0.091, -1.649e-6, -1.654e-6, -1.839e-6, -1.835e-6, -1.730e-6, -1.822e-6, -1.940e-6, -1.889e-6
0.090, -1.635e-6, -1.640e-6, -1.824e-6, -1.819e-6, -1.715e-6, -1.808e-6, -1.924e-6, -1.873e-6
0.089, -1.623e-6, -1.628e-6, -1.808e-6, -1.803e-6, -1.700e-6, -1.791e-6, -1.909e-6, -1.856e-6
0.088, -1.610e-6, -1.616e-6, -1.793e-6, -1.788e-6, -1.686e-6, -1.777e-6, -1.892e-6, -1.842e-6
0.087, -1.595e-6, -1.601e-6, -1.777e-6, -1.769e-6, -1.672e-6, -1.761e-6, -1.874e-6, -1.824e-6
0.086, -1.585e-6, -1.590e-6, -1.763e-6, -1.757e-6, -1.660e-6, -1.748e-6, -1.861e-6, -1.811e-6
0.085, -1.573e-6, -1.578e-6, -1.749e-6, -1.741e-6, -1.649e-6, -1.734e-6, -1.846e-6, -1.796e-6
0.084, -1.563e-6, -1.566e-6, -1.734e-6, -1.726e-6, -1.634e-6, -1.721e-6, -1.832e-6, -1.783e-6
0.083, -1.553e-6, -1.557e-6, -1.722e-6, -1.716e-6, -1.625e-6, -1.708e-6, -1.820e-6, -1.771e-6
0.082, -1.542e-6, -1.546e-6, -1.708e-6, -1.701e-6, -1.611e-6, -1.697e-6, -1.807e-6, -1.757e-6
0.081, -1.531e-6, -1.536e-6, -1.698e-6, -1.690e-6, -1.603e-6, -1.684e-6, -1.795e-6, -1.746e-6
0.080, -1.522e-6, -1.526e-6, -1.686e-6, -1.676e-6, -1.592e-6, -1.673e-6, -1.783e-6, -1.733e-6
0.079, -1.512e-6, -1.515e-6, -1.672e-6, -1.665e-6, -1.580e-6, -1.660e-6, -1.770e-6, -1.720e-6
0.078, -1.503e-6, -1.507e-6, -1.662e-6, -1.654e-6, -1.571e-6, -1.650e-6, -1.760e-6, -1.709e-6
0.077, -1.494e-6, -1.497e-6, -1.649e-6, -1.642e-6, -1.559e-6, -1.638e-6, -1.747e-6, -1.696e-6
0.076, -1.486e-6, -1.488e-6, -1.640e-6, -1.631e-6, -1.552e-6, -1.629e-6, -1.739e-6, -1.687e-6
0.075, -1.477e-6, -1.481e-6, -1.631e-6, -1.620e-6, -1.543e-6, -1.619e-6, -1.727e-6, -1.677e-6
0.074, -1.469e-6, -1.471e-6, -1.620e-6, -1.610e-6, -1.534e-6, -1.608e-6, -1.717e-6, -1.665e-6
0.073, -1.461e-6, -1.462e-6, -1.609e-6, -1.599e-6, -1.525e-6, -1.598e-6, -1.707e-6, -1.656e-6
0.072, -1.454e-6, -1.456e-6, -1.601e-6, -1.591e-6, -1.518e-6, -1.591e-6, -1.698e-6, -1.648e-6
0.071, -1.446e-6, -1.447e-6, -1.591e-6, -1.580e-6, -1.507e-6, -1.579e-6, -1.688e-6, -1.636e-6
0.070, -1.437e-6, -1.438e-6, -1.582e-6, -1.569e-6, -1.499e-6, -1.570e-6, -1.677e-6, -1.627e-6
0.069, -1.434e-6, -1.432e-6, -1.574e-6, -1.562e-6, -1.491e-6, -1.562e-6, -1.670e-6, -1.618e-6
0.068, -1.424e-6, -1.424e-6, -1.565e-6, -1.552e-6, -1.486e-6, -1.553e-6, -1.662e-6, -1.611e-6
0.067, -1.417e-6, -1.418e-6, -1.557e-6, -1.545e-6, -1.477e-6, -1.545e-6, -1.654e-6, -1.601e-6
0.066, -1.413e-6, -1.412e-6, -1.550e-6, -1.537e-6, -1.472e-6, -1.539e-6, -1.648e-6, -1.593e-6
0.065, -1.407e-6, -1.406e-6, -1.543e-6, -1.528e-6, -1.464e-6, -1.532e-6, -1.639e-6, -1.588e-6
0.064, -1.399e-6, -1.397e-6, -1.534e-6, -1.519e-6, -1.453e-6, -1.520e-6, -1.629e-6, -1.575e-6
0.063, -1.394e-6, -1.392e-6, -1.528e-6, -1.512e-6, -1.450e-6, -1.514e-6, -1.623e-6, -1.570e-6
0.062, -1.387e-6, -1.385e-6, -1.519e-6, -1.504e-6, -1.441e-6, -1.507e-6, -1.617e-6, -1.561e-6
0.061, -1.381e-6, -1.378e-6, -1.514e-6, -1.497e-6, -1.436e-6, -1.500e-6, -1.609e-6, -1.555e-6
0.060, -1.376e-6, -1.373e-6, -1.506e-6, -1.491e-6, -1.431e-6, -1.493e-6, -1.603e-6, -1.547e-6
0.059, -1.372e-6, -1.368e-6, -1.500e-6, -1.484e-6, -1.426e-6, -1.486e-6, -1.596e-6, -1.541e-6
0.058, -1.366e-6, -1.363e-6, -1.493e-6, -1.477e-6, -1.420e-6, -1.481e-6, -1.590e-6, -1.534e-6
0.057, -1.363e-6, -1.358e-6, -1.489e-6, -1.473e-6, -1.415e-6, -1.474e-6, -1.585e-6, -1.529e-6
0.056, -1.355e-6, -1.351e-6, -1.482e-6, -1.464e-6, -1.409e-6, -1.467e-6, -1.579e-6, -1.521e-6
0.055, -1.353e-6, -1.348e-6, -1.479e-6, -1.460e-6, -1.405e-6, -1.462e-6, -1.573e-6, -1.517e-6
0.054, -1.347e-6, -1.341e-6, -1.471e-6, -1.451e-6, -1.398e-6, -1.456e-6, -1.566e-6, -1.509e-6
0.053, -1.342e-6, -1.337e-6, -1.465e-6, -1.446e-6, -1.394e-6, -1.449e-6, -1.560e-6, -1.503e-6
0.052, -1.338e-6, -1.330e-6, -1.458e-6, -1.437e-6, -1.387e-6, -1.442e-6, -1.554e-6, -1.496e-6
0.051, -1.332e-6, -1.326e-6, -1.454e-6, -1.432e-6, -1.383e-6, -1.439e-6, -1.549e-6, -1.492e-6
0.050, -1.329e-6, -1.322e-6, -1.449e-6, -1.428e-6, -1.380e-6, -1.432e-6, -1.545e-6, -1.486e-6
0.049, -1.328e-6, -1.320e-6, -1.446e-6, -1.424e-6, -1.376e-6, -1.429e-6, -1.540e-6, -1.481e-6
0.048, -1.320e-6, -1.313e-6, -1.438e-6, -1.415e-6, -1.369e-6, -1.421e-6, -1.532e-6, -1.474e-6
0.047, -1.316e-6, -1.309e-6, -1.434e-6, -1.411e-6, -1.364e-6, -1.415e-6, -1.528e-6, -1.469e-6
0.046, -1.310e-6, -1.304e-6, -1.428e-6, -1.406e-6, -1.361e-6, -1.411e-6, -1.522e-6, -1.464e-6
0.045, -1.307e-6, -1.299e-6, -1.422e-6, -1.398e-6, -1.355e-6, -1.404e-6, -1.517e-6, -1.457e-6
0.044, -1.304e-6, -1.296e-6, -1.419e-6, -1.395e-6, -1.353e-6, -1.400e-6, -1.515e-6, -1.454e-6
0.043, -1.299e-6, -1.291e-6, -1.415e-6, -1.389e-6, -1.348e-6, -1.395e-6, -1.509e-6, -1.449e-6
0.042, -1.295e-6, -1.287e-6, -1.409e-6, -1.384e-6, -1.342e-6, -1.388e-6, -1.503e-6, -1.442e-6
0.041, -1.292e-6, -1.282e-6, -1.405e-6, -1.378e-6, -1.339e-6, -1.385e-6, -1.500e-6, -1.438e-6
0.040, -1.285e-6, -1.275e-6, -1.398e-6, -1.372e-6, -1.332e-6, -1.377e-6, -1.492e-6, -1.429e-6
0.039, -1.283e-6, -1.273e-6, -1.396e-6, -1.370e-6, -1.328e-6, -1.373e-6, -1.488e-6, -1.427e-6
0.038, -1.278e-6, -1.268e-6, -1.389e-6, -1.362e-6, -1.324e-6, -1.367e-6, -1.483e-6, -1.421e-6
0.037, -1.274e-6, -1.263e-6, -1.384e-6, -1.358e-6, -1.319e-6, -1.362e-6, -1.477e-6, -1.415e-6
0.036, -1.273e-6, -1.262e-6, -1.382e-6, -1.353e-6, -1.317e-6, -1.360e-6, -1.477e-6, -1.413e-6
0.035, -1.267e-6, -1.254e-6, -1.375e-6, -1.348e-6, -1.311e-6, -1.353e-6, -1.469e-6, -1.405e-6
0.034, -1.263e-6, -1.251e-6, -1.371e-6, -1.342e-6, -1.307e-6, -1.348e-6, -1.464e-6, -1.401e-6
0.033, -1.261e-6, -1.247e-6, -1.367e-6, -1.337e-6, -1.302e-6, -1.343e-6, -1.460e-6, -1.397e-6
0.032, -1.257e-6, -1.242e-6, -1.364e-6, -1.334e-6, -1.300e-6, -1.339e-6, -1.454e-6, -1.391e-6
0.031, -1.254e-6, -1.239e-6, -1.358e-6, -1.327e-6, -1.295e-6, -1.334e-6, -1.451e-6, -1.386e-6
0.030, -1.250e-6, -1.235e-6, -1.354e-6, -1.325e-6, -1.292e-6, -1.331e-6, -1.447e-6, -1.383e-6
0.029, -1.249e-6, -1.233e-6, -1.352e-6, -1.320e-6, -1.290e-6, -1.328e-6, -1.444e-6, -1.380e-6
0.028, -1.244e-6, -1.230e-6, -1.348e-6, -1.317e-6, -1.285e-6, -1.322e-6, -1.442e-6, -1.377e-6
0.027, -1.243e-6, -1.228e-6, -1.345e-6, -1.314e-6, -1.282e-6, -1.320e-6, -1.438e-6, -1.372e-6
0.026, -1.242e-6, -1.228e-6, -1.344e-6, -1.313e-6, -1.282e-6, -1.319e-6, -1.436e-6, -1.372e-6
0.025, -1.241e-6, -1.226e-6, -1.342e-6, -1.310e-6, -1.281e-6, -1.316e-6, -1.435e-6, -1.370e-6
0.024, -1.240e-6, -1.225e-6, -1.342e-6, -1.308e-6, -1.281e-6, -1.315e-6, -1.434e-6, -1.368e-6
0.023, -1.237e-6, -1.225e-6, -1.340e-6, -1.305e-6, -1.278e-6, -1.311e-6, -1.432e-6, -1.365e-6
0.022, -1.234e-6, -1.220e-6, -1.337e-6, -1.303e-6, -1.275e-6, -1.309e-6, -1.427e-6, -1.362e-6
0.021, -1.235e-6, -1.219e-6, -1.336e-6, -1.302e-6, -1.274e-6, -1.308e-6, -1.427e-6, -1.363e-6
0.020, -1.233e-6, -1.218e-6, -1.334e-6, -1.300e-6, -1.273e-6, -1.306e-6, -1.428e-6, -1.360e-6
0.019, -1.231e-6, -1.216e-6, -1.330e-6, -1.297e-6, -1.270e-6, -1.302e-6, -1.424e-6, -1.358e-6
0.018, -1.229e-6, -1.215e-6, -1.327e-6, -1.294e-6, -1.268e-6, -1.299e-6, -1.421e-6, -1.355e-6
0.017, -1.225e-6, -1.211e-6, -1.324e-6, -1.290e-6, -1.265e-6, -1.296e-6, -1.417e-6, -1.351e-6
0.016, -1.225e-6, -1.208e-6, -1.322e-6, -1.288e-6, -1.263e-6, -1.294e-6, -1.415e-6, -1.348e-6
0.015, -1.220e-6, -1.204e-6, -1.318e-6, -1.283e-6, -1.257e-6, -1.289e-6, -1.411e-6, -1.343e-6
0.014, -1.216e-6, -1.199e-6, -1.313e-6, -1.277e-6, -1.254e-6, -1.284e-6, -1.406e-6, -1.338e-6
0.013, -1.214e-6, -1.199e-6, -1.310e-6, -1.274e-6, -1.251e-6, -1.280e-6, -1.404e-6, -1.337e-6
0.012, -1.211e-6, -1.194e-6, -1.308e-6, -1.271e-6, -1.249e-6, -1.277e-6, -1.399e-6, -1.333e-6
0.011, -1.209e-6, -1.192e-6, -1.304e-6, -1.268e-6, -1.244e-6, -1.274e-6, -1.397e-6, -1.331e-6
0.010, -1.204e-6, -1.191e-6, -1.301e-6, -1.264e-6, -1.243e-6, -1.271e-6, -1.395e-6, -1.327e-6
0.009, -1.205e-6, -1.189e-6, -1.298e-6, -1.262e-6, -1.241e-6, -1.268e-6, -1.392e-6, -1.324e-6
0.008, -1.201e-6, -1.187e-6, -1.296e-6, -1.259e-6, -1.239e-6, -1.266e-6, -1.391e-6, -1.324e-6
0.007, -1.201e-6, -1.186e-6, -1.296e-6, -1.258e-6, -1.238e-6, -1.264e-6, -1.389e-6, -1.321e-6
0.006, -1.198e-6, -1.181e-6, -1.290e-6, -1.254e-6, -1.234e-6, -1.259e-6, -1.385e-6, -1.318e-6
0.005, -1.196e-6, -1.181e-6, -1.289e-6, -1.252e-6, -1.233e-6, -1.259e-6, -1.385e-6, -1.316e-6
0.004, -1.194e-6, -1.178e-6, -1.287e-6, -1.250e-6, -1.231e-6, -1.257e-6, -1.382e-6, -1.316e-6
0.003, -1.191e-6, -1.174e-6, -1.284e-6, -1.247e-6, -1.228e-6, -1.252e-6, -1.378e-6, -1.312e-6
0.002, -1.192e-6, -1.176e-6, -1.282e-6, -1.245e-6, -1.227e-6, -1.253e-6, -1.379e-6, -1.310e-6
0.001, -1.188e-6, -1.173e-6, -1.280e-6, -1.243e-6, -1.225e-6, -1.249e-6, -1.375e-6, -1.308e-6
