0.004, 4.955e-7, -6.726e-7, -1.168e-6, -1.872e-7, -2.014e-7, -1.730e-7, 5.378e-7, -9.923e-7, -1.530e-6, -1.380e-7, -1.557e-7, -1.203e-7, 4.578e-7, -5.724e-7, -1.030e-6, -2.037e-7, -2.177e-7, -1.897e-7, 5.123e-7, -6.880e-7, -1.200e-6, -2.290e-7, -2.430e-7, -2.149e-7
0.008, 5.710e-7, -2.815e-7, -8.524e-7, -1.424e-7, -1.499e-7, -1.349e-7, 6.436e-7, -4.610e-7, -1.105e-6, -1.038e-7, -1.158e-7, -9.184e-8, 5.291e-7, -2.265e-7, -7.556e-7, -1.598e-7, -1.675e-7, -1.521e-7, 6.033e-7, -2.582e-7, -8.615e-7, -1.789e-7, -1.842e-7, -1.736e-7
0.012, 5.336e-7, -1.557e-7, -6.893e-7, -1.188e-7, -1.251e-7, -1.125e-7, 6.109e-7, -2.749e-7, -8.857e-7, -8.617e-8, -9.263e-8, -7.971e-8, 5.082e-7, -1.119e-7, -6.201e-7, -1.306e-7, -1.349e-7, -1.262e-7, 5.724e-7, -1.158e-7, -6.882e-7, -1.470e-7, -1.525e-7, -1.415e-7
0.016, 5.100e-7, -7.676e-8, -5.868e-7, -9.987e-8, -1.023e-7, -9.744e-8, 5.899e-7, -1.569e-7, -7.468e-7, -7.184e-8, -8.044e-8, -6.324e-8, 4.802e-7, -4.724e-8, -5.275e-7, -1.143e-7, -1.199e-7, -1.087e-7, 5.423e-7, -3.867e-8, -5.810e-7, -1.296e-7, -1.347e-7, -1.245e-7
0.020, 4.908e-7, -2.781e-8, -5.186e-7, -8.684e-8, -9.068e-8, -8.299e-8, 5.592e-7, -8.790e-8, -6.471e-7, -6.514e-8, -7.465e-8, -5.563e-8, 4.602e-7, -4.775e-9, -4.649e-7, -9.833e-8, -9.950e-8, -9.716e-8, 5.229e-7, 1.676e-8, -5.061e-7, -1.127e-7, -1.136e-7, -1.118e-7
0.024, 4.699e-7, 1.188e-8, -4.581e-7, -7.370e-8, -7.574e-8, -7.166e-8, 5.381e-7, -3.493e-8, -5.731e-7, -5.722e-8, -6.434e-8, -5.009e-8, 4.467e-7, 2.688e-8, -4.198e-7, -9.166e-8, -9.416e-8, -8.916e-8, 5.038e-7, 4.938e-8, -4.544e-7, -1.021e-7, -1.032e-7, -1.010e-7
0.028, 4.563e-7, 3.629e-8, -4.200e-7, -6.844e-8, -7.011e-8, -6.678e-8, 5.247e-7, 2.802e-9, -5.219e-7, -5.671e-8, -6.386e-8, -4.956e-8, 4.335e-7, 4.969e-8, -3.838e-7, -8.264e-8, -8.361e-8, -8.167e-8, 4.902e-7, 7.841e-8, -4.118e-7, -8.907e-8, -8.879e-8, -8.935e-8
0.032, 4.442e-7, 5.600e-8, -3.882e-7, -6.435e-8, -6.755e-8, -6.115e-8, 5.127e-7, 3.252e-8, -4.801e-7, -5.084e-8, -5.799e-8, -4.369e-8, 4.262e-7, 7.271e-8, -3.535e-7, -7.079e-8, -7.032e-8, -7.126e-8, 4.773e-7, 1.020e-7, -3.753e-7, -8.170e-8, -8.220e-8, -8.119e-8
0.036, 4.290e-7, 7.264e-8, -3.563e-7, -5.605e-8, -6.018e-8, -5.192e-8, 5.031e-7, 6.215e-8, -4.410e-7, -4.758e-8, -5.334e-8, -4.181e-8, 4.188e-7, 8.895e-8, -3.298e-7, -6.782e-8, -6.785e-8, -6.779e-8, 4.650e-7, 1.152e-7, -3.498e-7, -7.724e-8, -7.812e-8, -7.636e-8
0.040, 4.216e-7, 8.652e-8, -3.351e-7, -5.253e-8, -5.506e-8, -5.001e-8, 4.973e-7, 8.508e-8, -4.122e-7, -4.177e-8, -4.885e-8, -3.468e-8, 4.094e-7, 1.019e-7, -3.075e-7, -6.159e-8, -6.169e-8, -6.150e-8, 4.579e-7, 1.298e-7, -3.282e-7, -7.055e-8, -6.947e-8, -7.164e-8
0.044, 4.161e-7, 1.029e-7, -3.132e-7, -4.813e-8, -4.975e-8, -4.651e-8, 4.904e-7, 1.030e-7, -3.875e-7, -4.428e-8, -5.115e-8, -3.742e-8, 4.005e-7, 1.075e-7, -2.930e-7, -5.812e-8, -5.927e-8, -5.697e-8, 4.512e-7, 1.440e-7, -3.072e-7, -6.264e-8, -6.390e-8, -6.138e-8
0.048, 4.058e-7, 1.114e-7, -2.944e-7, -4.441e-8, -4.500e-8, -4.382e-8, 4.872e-7, 1.203e-7, -3.669e-7, -4.120e-8, -4.693e-8, -3.547e-8, 4.059e-7, 1.232e-7, -2.827e-7, -5.659e-8, -5.674e-8, -5.644e-8, 4.406e-7, 1.488e-7, -2.917e-7, -5.998e-8, -6.166e-8, -5.830e-8
0.052, 4.055e-7, 1.184e-7, -2.871e-7, -4.325e-8, -4.408e-8, -4.241e-8, 4.798e-7, 1.346e-7, -3.452e-7, -3.389e-8, -3.991e-8, -2.786e-8, 3.974e-7, 1.355e-7, -2.619e-7, -4.886e-8, -4.986e-8, -4.787e-8, 4.416e-7, 1.630e-7, -2.786e-7, -5.800e-8, -5.731e-8, -5.869e-8
0.056, 4.024e-7, 1.296e-7, -2.728e-7, -3.991e-8, -4.063e-8, -3.919e-8, 4.766e-7, 1.459e-7, -3.306e-7, -3.567e-8, -4.228e-8, -2.906e-8, 3.941e-7, 1.431e-7, -2.510e-7, -4.663e-8, -4.953e-8, -4.372e-8, 4.365e-7, 1.718e-7, -2.647e-7, -5.449e-8, -5.405e-8, -5.494e-8
0.060, 4.027e-7, 1.405e-7, -2.621e-7, -3.923e-8, -4.083e-8, -3.762e-8, 4.700e-7, 1.544e-7, -3.156e-7, -3.250e-8, -3.818e-8, -2.683e-8, 3.969e-7, 1.512e-7, -2.457e-7, -4.349e-8, -4.391e-8, -4.307e-8, 4.414e-7, 1.845e-7, -2.569e-7, -5.002e-8, -4.870e-8, -5.134e-8
0.064, 3.985e-7, 1.492e-7, -2.493e-7, -3.331e-8, -3.284e-8, -3.377e-8, 4.725e-7, 1.701e-7, -3.024e-7, -3.444e-8, -4.047e-8, -2.841e-8, 3.942e-7, 1.556e-7, -2.386e-7, -4.621e-8, -4.755e-8, -4.487e-8, 4.337e-7, 1.852e-7, -2.485e-7, -4.822e-8, -4.773e-8, -4.872e-8
0.068, 3.991e-7, 1.544e-7, -2.447e-7, -3.573e-8, -3.293e-8, -3.852e-8, 4.785e-7, 1.833e-7, -2.952e-7, -3.288e-8, -3.850e-8, -2.726e-8, 3.962e-7, 1.662e-7, -2.300e-7, -4.287e-8, -4.386e-8, -4.187e-8, 4.320e-7, 1.934e-7, -2.385e-7, -4.567e-8, -4.454e-8, -4.680e-8
0.072, 4.041e-7, 1.692e-7, -2.348e-7, -3.268e-8, -3.326e-8, -3.210e-8, 4.751e-7, 1.908e-7, -2.843e-7, -3.195e-8, -3.747e-8, -2.643e-8, 3.982e-7, 1.728e-7, -2.253e-7, -3.915e-8, -3.864e-8, -3.966e-8, 4.388e-7, 2.051e-7, -2.337e-7, -4.234e-8, -4.021e-8, -4.447e-8
0.076, 3.990e-7, 1.734e-7, -2.256e-7, -3.008e-8, -3.400e-8, -2.616e-8, 4.744e-7, 2.006e-7, -2.738e-7, -3.218e-8, -3.712e-8, -2.724e-8, 4.020e-7, 1.825e-7, -2.195e-7, -3.752e-8, -3.767e-8, -3.737e-8, 4.403e-7, 2.127e-7, -2.276e-7, -4.065e-8, -4.011e-8, -4.119e-8
0.080, 4.028e-7, 1.814e-7, -2.214e-7, -2.931e-8, -3.166e-8, -2.696e-8, 4.803e-7, 2.095e-7, -2.708e-7, -3.362e-8, -3.820e-8, -2.904e-8, 4.089e-7, 1.915e-7, -2.174e-7, -3.449e-8, -3.443e-8, -3.455e-8, 4.450e-7, 2.255e-7, -2.195e-7, -3.749e-8, -3.538e-8, -3.960e-8
0.084, 4.085e-7, 1.910e-7, -2.175e-7, -2.550e-8, -2.612e-8, -2.488e-8, 4.891e-7, 2.268e-7, -2.624e-7, -2.834e-8, -3.227e-8, -2.440e-8, 4.096e-7, 2.008e-7, -2.088e-7, -3.542e-8, -3.649e-8, -3.435e-8, 4.492e-7, 2.302e-7, -2.190e-7, -3.935e-8, -3.755e-8, -4.115e-8
0.088, 4.136e-7, 1.998e-7, -2.137e-7, -2.651e-8, -2.643e-8, -2.658e-8, 4.944e-7, 2.364e-7, -2.580e-7, -3.059e-8, -3.647e-8, -2.470e-8, 4.187e-7, 2.095e-7, -2.091e-7, -3.434e-8, -3.474e-8, -3.394e-8, 4.506e-7, 2.379e-7, -2.127e-7, -3.642e-8, -3.651e-8, -3.632e-8
0.092, 4.217e-7, 2.104e-7, -2.112e-7, -2.556e-8, -2.529e-8, -2.583e-8, 5.010e-7, 2.478e-7, -2.532e-7, -3.142e-8, -3.588e-8, -2.696e-8, 4.258e-7, 2.167e-7, -2.091e-7, -3.377e-8, -3.498e-8, -3.255e-8, 4.644e-7, 2.507e-7, -2.137e-7, -3.436e-8, -3.533e-8, -3.338e-8
0.096, 4.317e-7, 2.216e-7, -2.100e-7, -2.797e-8, -2.807e-8, -2.786e-8, 5.081e-7, 2.581e-7, -2.500e-7, -2.938e-8, -3.307e-8, -2.570e-8, 4.330e-7, 2.287e-7, -2.043e-7, -3.063e-8, -3.204e-8, -2.922e-8, 4.727e-7, 2.645e-7, -2.082e-7, -3.419e-8, -3.439e-8, -3.399e-8
0.100, 4.459e-7, 2.393e-7, -2.066e-7, -2.542e-8, -2.614e-8, -2.469e-8, 5.274e-7, 2.771e-7, -2.503e-7, -2.895e-8, -3.476e-8, -2.313e-8, 4.446e-7, 2.378e-7, -2.069e-7, -3.148e-8, -3.188e-8, -3.109e-8, 4.860e-7, 2.746e-7, -2.114e-7, -3.242e-8, -3.110e-8, -3.375e-8
0.104, 4.608e-7, 2.529e-7, -2.079e-7, -2.633e-8, -2.621e-8, -2.645e-8, 5.391e-7, 2.899e-7, -2.492e-7, -2.879e-8, -3.461e-8, -2.296e-8, 4.598e-7, 2.552e-7, -2.046e-7, -2.829e-8, -3.072e-8, -2.585e-8, 4.991e-7, 2.912e-7, -2.079e-7, -3.011e-8, -2.931e-8, -3.090e-8
0.108, 4.763e-7, 2.672e-7, -2.091e-7, -2.450e-8, -2.389e-8, -2.511e-8, 5.494e-7, 3.048e-7, -2.446e-7, -2.989e-8, -3.728e-8, -2.250e-8, 4.736e-7, 2.668e-7, -2.068e-7, -2.978e-8, -3.040e-8, -2.916e-8, 5.280e-7, 3.122e-7, -2.157e-7, -2.975e-8, -2.663e-8, -3.286e-8
0.112, 4.974e-7, 2.869e-7, -2.105e-7, -2.441e-8, -2.742e-8, -2.141e-8, 5.708e-7, 3.222e-7, -2.486e-7, -2.942e-8, -3.481e-8, -2.403e-8, 4.939e-7, 2.866e-7, -2.073e-7, -2.876e-8, -2.892e-8, -2.860e-8, 5.447e-7, 3.307e-7, -2.140e-7, -2.927e-8, -2.668e-8, -3.185e-8
0.116, 5.192e-7, 3.084e-7, -2.108e-7, -2.459e-8, -2.781e-8, -2.136e-8, 5.904e-7, 3.432e-7, -2.471e-7, -2.962e-8, -3.347e-8, -2.577e-8, 5.221e-7, 3.053e-7, -2.168e-7, -3.033e-8, -2.893e-8, -3.172e-8, 5.709e-7, 3.499e-7, -2.210e-7, -2.783e-8, -2.722e-8, -2.844e-8
0.120, 5.510e-7, 3.318e-7, -2.192e-7, -2.243e-8, -2.338e-8, -2.148e-8, 6.195e-7, 3.689e-7, -2.505e-7, -2.676e-8, -3.074e-8, -2.279e-8, 5.387e-7, 3.266e-7, -2.121e-7, -2.795e-8, -2.709e-8, -2.881e-8, 6.057e-7, 3.773e-7, -2.284e-7, -3.020e-8, -2.487e-8, -3.553e-8
0.124, 5.767e-7, 3.565e-7, -2.202e-7, -2.210e-8, -2.371e-8, -2.049e-8, 6.444e-7, 3.890e-7, -2.554e-7, -3.056e-8, -3.570e-8, -2.542e-8, 5.708e-7, 3.474e-7, -2.234e-7, -2.818e-8, -2.811e-8, -2.825e-8, 6.336e-7, 4.038e-7, -2.298e-7, -2.491e-8, -2.193e-8, -2.789e-8
0.128, 6.093e-7, 3.822e-7, -2.271e-7, -2.464e-8, -2.479e-8, -2.449e-8, 6.802e-7, 4.189e-7, -2.613e-7, -2.900e-8, -3.494e-8, -2.306e-8, 6.016e-7, 3.755e-7, -2.261e-7, -2.555e-8, -2.515e-8, -2.594e-8, 6.635e-7, 4.285e-7, -2.349e-7, -2.714e-8, -2.699e-8, -2.729e-8
0.132, 6.477e-7, 4.124e-7, -2.353e-7, -2.316e-8, -2.415e-8, -2.218e-8, 7.119e-7, 4.455e-7, -2.663e-7, -2.911e-8, -3.460e-8, -2.362e-8, 6.398e-7, 4.050e-7, -2.348e-7, -2.511e-8, -2.283e-8, -2.740e-8, 7.104e-7, 4.611e-7, -2.493e-7, -2.711e-8, -2.167e-8, -3.256e-8
0.136, 6.835e-7, 4.445e-7, -2.391e-7, -2.215e-8, -2.281e-8, -2.149e-8, 7.480e-7, 4.779e-7, -2.702e-7, -2.640e-8, -3.149e-8, -2.131e-8, 6.747e-7, 4.301e-7, -2.446e-7, -2.784e-8, -2.799e-8, -2.768e-8, 7.422e-7, 4.886e-7, -2.536e-7, -2.557e-8, -2.246e-8, -2.869e-8
0.140, 7.242e-7, 4.717e-7, -2.524e-7, -2.284e-8, -2.434e-8, -2.134e-8, 7.854e-7, 5.052e-7, -2.803e-7, -2.751e-8, -3.342e-8, -2.159e-8, 7.088e-7, 4.612e-7, -2.476e-7, -2.811e-8, -2.764e-8, -2.858e-8, 7.866e-7, 5.191e-7, -2.675e-7, -2.862e-8, -2.563e-8, -3.161e-8
0.144, 7.596e-7, 5.036e-7, -2.559e-7, -2.254e-8, -2.230e-8, -2.278e-8, 8.279e-7, 5.394e-7, -2.885e-7, -2.864e-8, -3.166e-8, -2.561e-8, 7.522e-7, 4.880e-7, -2.642e-7, -2.948e-8, -2.845e-8, -3.052e-8, 8.258e-7, 5.521e-7, -2.738e-7, -2.510e-8, -2.455e-8, -2.565e-8
0.148, 7.962e-7, 5.351e-7, -2.610e-7, -2.158e-8, -2.215e-8, -2.101e-8, 8.630e-7, 5.667e-7, -2.962e-7, -2.928e-8, -3.349e-8, -2.507e-8, 7.871e-7, 5.186e-7, -2.685e-7, -2.751e-8, -2.766e-8, -2.735e-8, 8.717e-7, 5.883e-7, -2.833e-7, -2.233e-8, -2.090e-8, -2.376e-8
0.152, 8.387e-7, 5.693e-7, -2.694e-7, -2.146e-8, -2.056e-8, -2.235e-8, 9.039e-7, 6.006e-7, -3.033e-7, -2.888e-8, -3.167e-8, -2.609e-8, 8.254e-7, 5.466e-7, -2.788e-7, -2.856e-8, -2.805e-8, -2.908e-8, 9.087e-7, 6.187e-7, -2.899e-7, -2.226e-8, -1.922e-8, -2.529e-8
0.156, 8.683e-7, 5.909e-7, -2.774e-7, -2.331e-8, -2.412e-8, -2.250e-8, 9.345e-7, 6.296e-7, -3.049e-7, -2.862e-8, -3.373e-8, -2.351e-8, 8.595e-7, 5.763e-7, -2.832e-7, -2.528e-8, -2.573e-8, -2.483e-8, 9.502e-7, 6.505e-7, -2.996e-7, -2.552e-8, -2.209e-8, -2.895e-8
0.160, 9.023e-7, 6.212e-7, -2.811e-7, -2.199e-8, -2.231e-8, -2.167e-8, 9.702e-7, 6.577e-7, -3.125e-7, -2.932e-8, -3.344e-8, -2.520e-8, 8.918e-7, 6.061e-7, -2.857e-7, -2.463e-8, -2.291e-8, -2.635e-8, 9.845e-7, 6.822e-7, -3.022e-7, -2.404e-8, -2.024e-8, -2.784e-8
0.164, 9.317e-7, 6.486e-7, -2.831e-7, -2.272e-8, -2.203e-8, -2.342e-8, 1.004e-6, 6.860e-7, -3.178e-7, -2.928e-8, -3.363e-8, -2.492e-8, 9.208e-7, 6.304e-7, -2.904e-7, -2.466e-8, -2.495e-8, -2.438e-8, 1.012e-6, 7.087e-7, -3.036e-7, -2.300e-8, -1.954e-8, -2.647e-8
0.168, 9.506e-7, 6.684e-7, -2.822e-7, -2.051e-8, -2.043e-8, -2.059e-8, 1.026e-6, 7.105e-7, -3.159e-7, -2.776e-8, -3.223e-8, -2.330e-8, 9.455e-7, 6.559e-7, -2.896e-7, -2.525e-8, -2.259e-8, -2.791e-8, 1.044e-6, 7.347e-7, -3.089e-7, -2.357e-8, -2.066e-8, -2.648e-8
0.172, 9.704e-7, 6.916e-7, -2.788e-7, -2.431e-8, -2.527e-8, -2.336e-8, 1.043e-6, 7.329e-7, -3.100e-7, -2.745e-8, -3.215e-8, -2.274e-8, 9.680e-7, 6.777e-7, -2.903e-7, -2.384e-8, -2.172e-8, -2.595e-8, 1.061e-6, 7.562e-7, -3.045e-7, -2.340e-8, -1.987e-8, -2.693e-8
0.176, 9.859e-7, 7.150e-7, -2.708e-7, -1.985e-8, -1.882e-8, -2.089e-8, 1.062e-6, 7.536e-7, -3.082e-7, -2.725e-8, -3.034e-8, -2.416e-8, 9.804e-7, 6.959e-7, -2.845e-7, -2.419e-8, -2.230e-8, -2.609e-8, 1.078e-6, 7.793e-7, -2.986e-7, -2.212e-8, -1.840e-8, -2.583e-8
0.180, 9.907e-7, 7.273e-7, -2.634e-7, -2.505e-8, -2.483e-8, -2.527e-8, 1.073e-6, 7.720e-7, -3.007e-7, -3.102e-8, -3.504e-8, -2.700e-8, 9.944e-7, 7.152e-7, -2.793e-7, -2.329e-8, -2.038e-8, -2.621e-8, 1.090e-6, 7.990e-7, -2.909e-7, -2.092e-8, -1.776e-8, -2.408e-8
0.184, 9.956e-7, 7.473e-7, -2.483e-7, -2.150e-8, -1.950e-8, -2.349e-8, 1.088e-6, 7.913e-7, -2.967e-7, -2.949e-8, -3.225e-8, -2.672e-8, 1.004e-6, 7.304e-7, -2.734e-7, -2.461e-8, -2.349e-8, -2.573e-8, 1.092e-6, 8.115e-7, -2.809e-7, -2.336e-8, -2.156e-8, -2.515e-8
0.188, 1.005e-6, 7.652e-7, -2.398e-7, -2.130e-8, -1.977e-8, -2.282e-8, 1.088e-6, 8.053e-7, -2.824e-7, -3.005e-8, -3.327e-8, -2.684e-8, 1.004e-6, 7.410e-7, -2.631e-7, -2.561e-8, -2.419e-8, -2.702e-8, 1.094e-6, 8.250e-7, -2.694e-7, -2.268e-8, -1.908e-8, -2.628e-8
0.192, 1.005e-6, 7.775e-7, -2.274e-7, -2.210e-8, -2.317e-8, -2.103e-8, 1.076e-6, 8.119e-7, -2.637e-7, -3.045e-8, -3.611e-8, -2.478e-8, 1.005e-6, 7.535e-7, -2.514e-7, -2.482e-8, -2.134e-8, -2.831e-8, 1.103e-6, 8.449e-7, -2.578e-7, -2.081e-8, -1.531e-8, -2.631e-8
0.196, 1.004e-6, 7.886e-7, -2.158e-7, -2.331e-8, -2.219e-8, -2.442e-8, 1.083e-6, 8.294e-7, -2.536e-7, -2.666e-8, -3.123e-8, -2.210e-8, 1.003e-6, 7.686e-7, -2.347e-7, -2.256e-8, -2.150e-8, -2.362e-8, 1.093e-6, 8.517e-7, -2.409e-7, -2.604e-8, -2.151e-8, -3.056e-8
0.200, 1.002e-6, 8.063e-7, -1.959e-7, -2.069e-8, -1.875e-8, -2.263e-8, 1.079e-6, 8.397e-7, -2.391e-7, -2.928e-8, -3.399e-8, -2.456e-8, 1.004e-6, 7.791e-7, -2.253e-7, -2.427e-8, -2.352e-8, -2.502e-8, 1.091e-6, 8.648e-7, -2.258e-7, -2.166e-8, -1.898e-8, -2.434e-8
0.204, 9.960e-7, 8.193e-7, -1.767e-7, -2.592e-8, -2.656e-8, -2.527e-8, 1.072e-6, 8.462e-7, -2.255e-7, -3.149e-8, -3.661e-8, -2.638e-8, 9.978e-7, 7.897e-7, -2.080e-7, -2.121e-8, -1.976e-8, -2.266e-8, 1.090e-6, 8.820e-7, -2.081e-7, -1.984e-8, -1.547e-8, -2.420e-8
0.208, 9.953e-7, 8.325e-7, -1.628e-7, -2.486e-8, -2.386e-8, -2.587e-8, 1.070e-6, 8.581e-7, -2.123e-7, -3.051e-8, -3.257e-8, -2.845e-8, 9.952e-7, 7.997e-7, -1.955e-7, -2.289e-8, -2.118e-8, -2.460e-8, 1.082e-6, 8.900e-7, -1.917e-7, -2.178e-8, -1.880e-8, -2.476e-8
0.212, 1.004e-6, 8.530e-7, -1.506e-7, -2.184e-8, -2.248e-8, -2.119e-8, 1.060e-6, 8.668e-7, -1.929e-7, -2.984e-8, -3.483e-8, -2.485e-8, 9.847e-7, 8.058e-7, -1.789e-7, -2.349e-8, -2.071e-8, -2.628e-8, 1.078e-6, 9.021e-7, -1.763e-7, -2.188e-8, -1.717e-8, -2.659e-8
0.216, 9.940e-7, 8.598e-7, -1.341e-7, -2.467e-8, -2.368e-8, -2.567e-8, 1.060e-6, 8.817e-7, -1.787e-7, -2.915e-8, -3.245e-8, -2.585e-8, 9.855e-7, 8.192e-7, -1.663e-7, -2.518e-8, -2.394e-8, -2.641e-8, 1.071e-6, 9.104e-7, -1.601e-7, -2.170e-8, -1.966e-8, -2.374e-8
0.220, 1.000e-6, 8.827e-7, -1.178e-7, -2.201e-8, -1.993e-8, -2.409e-8, 1.057e-6, 8.912e-7, -1.662e-7, -3.160e-8, -3.510e-8, -2.811e-8, 9.776e-7, 8.263e-7, -1.513e-7, -2.487e-8, -2.368e-8, -2.607e-8, 1.071e-6, 9.275e-7, -1.440e-7, -2.080e-8, -1.683e-8, -2.477e-8
0.224, 9.962e-7, 8.933e-7, -1.029e-7, -2.391e-8, -2.354e-8, -2.428e-8, 1.050e-6, 9.011e-7, -1.488e-7, -3.068e-8, -3.488e-8, -2.649e-8, 9.797e-7, 8.409e-7, -1.389e-7, -2.380e-8, -2.335e-8, -2.425e-8, 1.069e-6, 9.391e-7, -1.302e-7, -2.060e-8, -1.669e-8, -2.451e-8
0.228, 9.923e-7, 9.048e-7, -8.756e-8, -2.303e-8, -2.607e-8, -1.999e-8, 1.043e-6, 9.110e-7, -1.322e-7, -2.810e-8, -3.374e-8, -2.247e-8, 9.788e-7, 8.540e-7, -1.248e-7, -2.470e-8, -2.113e-8, -2.826e-8, 1.068e-6, 9.496e-7, -1.180e-7, -2.648e-8, -2.311e-8, -2.984e-8
0.232, 1.005e-6, 9.282e-7, -7.659e-8, -2.373e-8, -2.096e-8, -2.650e-8, 1.050e-6, 9.251e-7, -1.247e-7, -3.051e-8, -3.479e-8, -2.622e-8, 9.714e-7, 8.595e-7, -1.119e-7, -2.671e-8, -2.505e-8, -2.837e-8, 1.069e-6, 9.648e-7, -1.039e-7, -2.136e-8, -1.716e-8, -2.556e-8
0.236, 1.003e-6, 9.414e-7, -6.120e-8, -2.264e-8, -2.200e-8, -2.329e-8, 1.041e-6, 9.332e-7, -1.079e-7, -2.962e-8, -3.488e-8, -2.437e-8, 9.681e-7, 8.717e-7, -9.642e-8, -2.518e-8, -2.360e-8, -2.676e-8, 1.067e-6, 9.780e-7, -8.879e-8, -2.179e-8, -1.665e-8, -2.692e-8
0.240, 1.000e-6, 9.525e-7, -4.759e-8, -2.501e-8, -2.452e-8, -2.551e-8, 1.041e-6, 9.434e-7, -9.763e-8, -3.131e-8, -3.601e-8, -2.661e-8, 9.698e-7, 8.834e-7, -8.631e-8, -2.144e-8, -2.137e-8, -2.151e-8, 1.066e-6, 9.935e-7, -7.264e-8, -2.022e-8, -1.676e-8, -2.367e-8
0.244, 1.001e-6, 9.627e-7, -3.807e-8, -2.709e-8, -2.580e-8, -2.839e-8, 1.042e-6, 9.554e-7, -8.701e-8, -2.818e-8, -3.122e-8, -2.515e-8, 9.732e-7, 8.974e-7, -7.580e-8, -2.221e-8, -1.845e-8, -2.596e-8, 1.067e-6, 1.003e-6, -6.379e-8, -2.487e-8, -2.245e-8, -2.729e-8
0.248, 1.006e-6, 9.803e-7, -2.551e-8, -2.554e-8, -2.287e-8, -2.820e-8, 1.044e-6, 9.668e-7, -7.728e-8, -3.079e-8, -3.321e-8, -2.838e-8, 9.644e-7, 9.023e-7, -6.208e-8, -2.329e-8, -2.349e-8, -2.309e-8, 1.058e-6, 1.012e-6, -4.562e-8, -2.041e-8, -1.753e-8, -2.329e-8
0.252, 1.001e-6, 9.872e-7, -1.405e-8, -2.465e-8, -2.579e-8, -2.351e-8, 1.032e-6, 9.739e-7, -5.829e-8, -2.898e-8, -3.255e-8, -2.540e-8, 9.623e-7, 9.142e-7, -4.802e-8, -2.327e-8, -2.037e-8, -2.617e-8, 1.058e-6, 1.022e-6, -3.607e-8, -2.422e-8, -2.066e-8, -2.777e-8
0.256, 9.983e-7, 9.975e-7, -8.502e-10, -2.590e-8, -2.440e-8, -2.739e-8, 1.034e-6, 9.844e-7, -4.977e-8, -2.891e-8, -3.145e-8, -2.637e-8, 9.547e-7, 9.188e-7, -3.589e-8, -2.439e-8, -2.435e-8, -2.444e-8, 1.051e-6, 1.029e-6, -2.187e-8, -2.381e-8, -2.088e-8, -2.674e-8
0.260, 9.873e-7, 1.007e-6, 1.968e-8, -2.328e-8, -2.242e-8, -2.413e-8, 1.030e-6, 9.955e-7, -3.463e-8, -3.025e-8, -3.143e-8, -2.907e-8, 9.568e-7, 9.257e-7, -3.111e-8, -2.760e-8, -2.381e-8, -3.139e-8, 1.046e-6, 1.034e-6, -1.131e-8, -2.283e-8, -2.214e-8, -2.352e-8
0.264, 9.797e-7, 1.013e-6, 3.304e-8, -2.396e-8, -2.199e-8, -2.593e-8, 1.022e-6, 9.996e-7, -2.292e-8, -3.115e-8, -3.553e-8, -2.677e-8, 9.476e-7, 9.300e-7, -1.753e-8, -2.496e-8, -2.297e-8, -2.695e-8, 1.034e-6, 1.043e-6, 8.923e-9, -2.145e-8, -1.882e-8, -2.407e-8
0.268, 9.680e-7, 1.015e-6, 4.659e-8, -2.689e-8, -2.527e-8, -2.852e-8, 1.011e-6, 1.000e-6, -1.067e-8, -3.191e-8, -3.629e-8, -2.753e-8, 9.359e-7, 9.340e-7, -1.951e-9, -2.444e-8, -2.268e-8, -2.619e-8, 1.025e-6, 1.047e-6, 2.153e-8, -2.289e-8, -2.191e-8, -2.387e-8
0.272, 9.644e-7, 1.025e-6, 6.098e-8, -2.314e-8, -2.159e-8, -2.468e-8, 1.002e-6, 1.006e-6, 3.589e-9, -3.463e-8, -3.785e-8, -3.142e-8, 9.264e-7, 9.371e-7, 1.072e-8, -2.495e-8, -2.526e-8, -2.463e-8, 1.015e-6, 1.052e-6, 3.683e-8, -2.162e-8, -1.850e-8, -2.474e-8
0.276, 9.423e-7, 1.023e-6, 8.097e-8, -2.545e-8, -2.463e-8, -2.628e-8, 9.943e-7, 1.010e-6, 1.603e-8, -3.150e-8, -3.425e-8, -2.876e-8, 9.182e-7, 9.458e-7, 2.761e-8, -2.362e-8, -2.226e-8, -2.498e-8, 1.003e-6, 1.056e-6, 5.311e-8, -2.324e-8, -2.103e-8, -2.545e-8
0.280, 9.226e-7, 1.022e-6, 9.986e-8, -2.498e-8, -2.551e-8, -2.446e-8, 9.841e-7, 1.014e-6, 2.977e-8, -3.422e-8, -3.641e-8, -3.204e-8, 9.068e-7, 9.453e-7, 3.844e-8, -2.610e-8, -2.324e-8, -2.897e-8, 9.846e-7, 1.056e-6, 7.145e-8, -1.875e-8, -1.572e-8, -2.179e-8
0.284, 9.131e-7, 1.025e-6, 1.123e-7, -2.571e-8, -2.490e-8, -2.653e-8, 9.629e-7, 1.013e-6, 5.037e-8, -3.159e-8, -3.672e-8, -2.647e-8, 8.886e-7, 9.457e-7, 5.706e-8, -2.354e-8, -2.312e-8, -2.396e-8, 9.689e-7, 1.057e-6, 8.767e-8, -2.281e-8, -2.010e-8, -2.552e-8
0.288, 8.970e-7, 1.026e-6, 1.289e-7, -2.566e-8, -2.406e-8, -2.725e-8, 9.548e-7, 1.019e-6, 6.426e-8, -3.166e-8, -3.554e-8, -2.778e-8, 8.776e-7, 9.483e-7, 7.065e-8, -2.605e-8, -2.511e-8, -2.699e-8, 9.531e-7, 1.056e-6, 1.027e-7, -2.178e-8, -1.898e-8, -2.458e-8
0.292, 8.811e-7, 1.028e-6, 1.471e-7, -2.518e-8, -2.536e-8, -2.499e-8, 9.374e-7, 1.018e-6, 8.093e-8, -3.214e-8, -3.726e-8, -2.703e-8, 8.614e-7, 9.488e-7, 8.737e-8, -2.721e-8, -2.600e-8, -2.841e-8, 9.456e-7, 1.061e-6, 1.158e-7, -2.185e-8, -1.713e-8, -2.657e-8
0.296, 8.609e-7, 1.026e-6, 1.651e-7, -2.525e-8, -2.668e-8, -2.381e-8, 9.276e-7, 1.022e-6, 9.388e-8, -3.155e-8, -3.581e-8, -2.729e-8, 8.492e-7, 9.526e-7, 1.034e-7, -2.656e-8, -2.311e-8, -3.001e-8, 9.272e-7, 1.061e-6, 1.337e-7, -2.188e-8, -1.762e-8, -2.615e-8
0.300, 8.458e-7, 1.025e-6, 1.787e-7, -2.553e-8, -2.651e-8, -2.456e-8, 9.108e-7, 1.022e-6, 1.109e-7, -3.066e-8, -3.729e-8, -2.403e-8, 8.347e-7, 9.571e-7, 1.224e-7, -2.583e-8, -2.265e-8, -2.901e-8, 9.103e-7, 1.059e-6, 1.484e-7, -2.487e-8, -2.071e-8, -2.903e-8
0.304, 8.258e-7, 1.025e-6, 1.991e-7, -2.638e-8, -3.030e-8, -2.246e-8, 8.947e-7, 1.022e-6, 1.272e-7, -3.341e-8, -4.047e-8, -2.635e-8, 8.244e-7, 9.562e-7, 1.318e-7, -2.742e-8, -2.288e-8, -3.196e-8, 8.975e-7, 1.061e-6, 1.632e-7, -2.236e-8, -1.759e-8, -2.713e-8
0.308, 8.182e-7, 1.030e-6, 2.123e-7, -2.612e-8, -2.670e-8, -2.553e-8, 8.891e-7, 1.026e-6, 1.371e-7, -3.425e-8, -4.026e-8, -2.824e-8, 8.066e-7, 9.546e-7, 1.480e-7, -2.802e-8, -2.689e-8, -2.916e-8, 8.783e-7, 1.062e-6, 1.837e-7, -2.092e-8, -1.745e-8, -2.440e-8
0.312, 8.011e-7, 1.031e-6, 2.294e-7, -2.587e-8, -2.567e-8, -2.607e-8, 8.828e-7, 1.031e-6, 1.479e-7, -3.602e-8, -4.135e-8, -3.069e-8, 7.925e-7, 9.563e-7, 1.639e-7, -2.565e-8, -2.549e-8, -2.580e-8, 8.637e-7, 1.065e-6, 2.012e-7, -1.853e-8, -1.561e-8, -2.146e-8
0.316, 7.925e-7, 1.031e-6, 2.385e-7, -2.763e-8, -2.442e-8, -3.085e-8, 8.645e-7, 1.029e-6, 1.644e-7, -3.447e-8, -4.015e-8, -2.880e-8, 7.832e-7, 9.625e-7, 1.792e-7, -2.346e-8, -2.224e-8, -2.467e-8, 8.527e-7, 1.066e-6, 2.131e-7, -2.078e-8, -1.682e-8, -2.474e-8
0.320, 7.765e-7, 1.033e-6, 2.569e-7, -2.788e-8, -2.907e-8, -2.668e-8, 8.487e-7, 1.032e-6, 1.829e-7, -3.326e-8, -4.028e-8, -2.623e-8, 7.724e-7, 9.644e-7, 1.919e-7, -2.657e-8, -2.471e-8, -2.842e-8, 8.396e-7, 1.067e-6, 2.272e-7, -2.227e-8, -1.879e-8, -2.575e-8
0.324, 7.640e-7, 1.034e-6, 2.696e-7, -2.641e-8, -2.621e-8, -2.660e-8, 8.465e-7, 1.039e-6, 1.922e-7, -3.432e-8, -3.893e-8, -2.970e-8, 7.634e-7, 9.671e-7, 2.037e-7, -2.487e-8, -2.454e-8, -2.519e-8, 8.223e-7, 1.063e-6, 2.410e-7, -2.162e-8, -1.935e-8, -2.389e-8
0.328, 7.584e-7, 1.038e-6, 2.796e-7, -2.670e-8, -2.763e-8, -2.577e-8, 8.339e-7, 1.041e-6, 2.069e-7, -3.316e-8, -3.809e-8, -2.824e-8, 7.557e-7, 9.720e-7, 2.163e-7, -2.613e-8, -2.545e-8, -2.682e-8, 8.176e-7, 1.069e-6, 2.517e-7, -2.491e-8, -2.157e-8, -2.825e-8
0.332, 7.436e-7, 1.039e-6, 2.950e-7, -2.603e-8, -2.857e-8, -2.348e-8, 8.252e-7, 1.046e-6, 2.204e-7, -3.210e-8, -3.645e-8, -2.776e-8, 7.425e-7, 9.707e-7, 2.282e-7, -2.969e-8, -2.868e-8, -3.070e-8, 8.038e-7, 1.069e-6, 2.648e-7, -2.524e-8, -2.256e-8, -2.792e-8
0.336, 7.355e-7, 1.042e-6, 3.060e-7, -2.893e-8, -2.834e-8, -2.953e-8, 8.198e-7, 1.047e-6, 2.275e-7, -3.519e-8, -3.804e-8, -3.233e-8, 7.393e-7, 9.798e-7, 2.405e-7, -2.764e-8, -2.734e-8, -2.795e-8, 7.950e-7, 1.074e-6, 2.791e-7, -2.350e-8, -2.093e-8, -2.606e-8
0.340, 7.280e-7, 1.043e-6, 3.148e-7, -2.830e-8, -2.948e-8, -2.713e-8, 8.111e-7, 1.051e-6, 2.399e-7, -3.265e-8, -3.827e-8, -2.704e-8, 7.318e-7, 9.836e-7, 2.518e-7, -2.648e-8, -2.312e-8, -2.985e-8, 7.874e-7, 1.079e-6, 2.912e-7, -2.443e-8, -2.168e-8, -2.718e-8
0.344, 7.192e-7, 1.046e-6, 3.268e-7, -2.782e-8, -3.114e-8, -2.450e-8, 7.998e-7, 1.052e-6, 2.525e-7, -3.568e-8, -3.950e-8, -3.186e-8, 7.330e-7, 9.931e-7, 2.600e-7, -2.641e-8, -2.260e-8, -3.023e-8, 7.808e-7, 1.084e-6, 3.037e-7, -2.128e-8, -1.889e-8, -2.367e-8
0.348, 7.134e-7, 1.049e-6, 3.359e-7, -2.849e-8, -2.929e-8, -2.769e-8, 8.021e-7, 1.060e-6, 2.575e-7, -3.548e-8, -3.846e-8, -3.249e-8, 7.214e-7, 9.939e-7, 2.725e-7, -2.838e-8, -2.740e-8, -2.936e-8, 7.739e-7, 1.086e-6, 3.123e-7, -2.315e-8, -2.225e-8, -2.405e-8
0.352, 7.106e-7, 1.055e-6, 3.449e-7, -2.951e-8, -3.035e-8, -2.866e-8, 7.963e-7, 1.065e-6, 2.689e-7, -3.507e-8, -4.009e-8, -3.006e-8, 7.150e-7, 9.993e-7, 2.843e-7, -2.739e-8, -2.613e-8, -2.866e-8, 7.683e-7, 1.091e-6, 3.223e-7, -2.154e-8, -1.979e-8, -2.330e-8
0.356, 7.050e-7, 1.059e-6, 3.543e-7, -2.787e-8, -2.716e-8, -2.858e-8, 7.923e-7, 1.071e-6, 2.788e-7, -3.580e-8, -3.933e-8, -3.227e-8, 7.113e-7, 1.008e-6, 2.964e-7, -2.715e-8, -2.751e-8, -2.679e-8, 7.637e-7, 1.098e-6, 3.347e-7, -2.246e-8, -1.980e-8, -2.512e-8
0.360, 7.043e-7, 1.068e-6, 3.635e-7, -2.799e-8, -2.955e-8, -2.644e-8, 7.847e-7, 1.074e-6, 2.893e-7, -3.692e-8, -4.410e-8, -2.974e-8, 7.010e-7, 1.008e-6, 3.071e-7, -2.584e-8, -2.441e-8, -2.727e-8, 7.620e-7, 1.101e-6, 3.392e-7, -2.322e-8, -2.026e-8, -2.618e-8
0.364, 7.029e-7, 1.072e-6, 3.691e-7, -2.882e-8, -3.060e-8, -2.705e-8, 7.817e-7, 1.080e-6, 2.986e-7, -3.660e-8, -4.301e-8, -3.020e-8, 7.019e-7, 1.017e-6, 3.155e-7, -2.635e-8, -2.438e-8, -2.831e-8, 7.577e-7, 1.106e-6, 3.487e-7, -2.157e-8, -1.655e-8, -2.658e-8
0.368, 7.027e-7, 1.076e-6, 3.734e-7, -2.954e-8, -2.953e-8, -2.955e-8, 7.804e-7, 1.088e-6, 3.074e-7, -3.365e-8, -3.846e-8, -2.885e-8, 7.001e-7, 1.025e-6, 3.246e-7, -2.658e-8, -2.511e-8, -2.805e-8, 7.500e-7, 1.109e-6, 3.592e-7, -2.442e-8, -2.107e-8, -2.777e-8
0.372, 6.955e-7, 1.081e-6, 3.856e-7, -2.828e-8, -2.854e-8, -2.802e-8, 7.788e-7, 1.094e-6, 3.152e-7, -3.505e-8, -3.951e-8, -3.060e-8, 6.969e-7, 1.030e-6, 3.333e-7, -2.976e-8, -2.835e-8, -3.116e-8, 7.480e-7, 1.115e-6, 3.666e-7, -2.457e-8, -2.167e-8, -2.747e-8
0.376, 6.931e-7, 1.088e-6, 3.946e-7, -2.888e-8, -3.121e-8, -2.655e-8, 7.719e-7, 1.095e-6, 3.233e-7, -3.646e-8, -4.008e-8, -3.285e-8, 6.953e-7, 1.036e-6, 3.411e-7, -2.665e-8, -2.395e-8, -2.934e-8, 7.479e-7, 1.122e-6, 3.743e-7, -2.378e-8, -2.222e-8, -2.534e-8
0.380, 6.967e-7, 1.095e-6, 3.981e-7, -2.992e-8, -2.851e-8, -3.132e-8, 7.723e-7, 1.103e-6, 3.312e-7, -3.818e-8, -4.445e-8, -3.192e-8, 6.872e-7, 1.038e-6, 3.508e-7, -2.705e-8, -2.778e-8, -2.632e-8, 7.474e-7, 1.129e-6, 3.821e-7, -2.159e-8, -1.710e-8, -2.608e-8
0.384, 6.895e-7, 1.098e-6, 4.083e-7, -2.988e-8, -2.971e-8, -3.004e-8, 7.750e-7, 1.114e-6, 3.387e-7, -3.508e-8, -3.948e-8, -3.068e-8, 6.917e-7, 1.050e-6, 3.583e-7, -2.817e-8, -2.850e-8, -2.784e-8, 7.413e-7, 1.132e-6, 3.910e-7, -2.577e-8, -2.309e-8, -2.844e-8
0.388, 7.000e-7, 1.111e-6, 4.108e-7, -2.918e-8, -2.820e-8, -3.017e-8, 7.752e-7, 1.121e-6, 3.459e-7, -3.698e-8, -3.956e-8, -3.440e-8, 6.888e-7, 1.058e-6, 3.689e-7, -2.827e-8, -2.894e-8, -2.759e-8, 7.382e-7, 1.138e-6, 3.998e-7, -2.312e-8, -1.943e-8, -2.682e-8
0.392, 6.934e-7, 1.115e-6, 4.217e-7, -2.961e-8, -3.069e-8, -2.852e-8, 7.706e-7, 1.124e-6, 3.536e-7, -3.414e-8, -4.004e-8, -2.824e-8, 6.913e-7, 1.068e-6, 3.765e-7, -2.697e-8, -2.627e-8, -2.767e-8, 7.399e-7, 1.146e-6, 4.057e-7, -2.333e-8, -2.138e-8, -2.529e-8
0.396, 6.950e-7, 1.122e-6, 4.266e-7, -3.147e-8, -3.161e-8, -3.132e-8, 7.705e-7, 1.132e-6, 3.617e-7, -3.612e-8, -4.160e-8, -3.063e-8, 6.897e-7, 1.073e-6, 3.830e-7, -2.743e-8, -2.692e-8, -2.795e-8, 7.432e-7, 1.155e-6, 4.116e-7, -2.323e-8, -2.119e-8, -2.528e-8
0.400, 6.967e-7, 1.133e-6, 4.359e-7, -3.003e-8, -3.205e-8, -2.801e-8, 7.707e-7, 1.139e-6, 3.679e-7, -3.545e-8, -4.065e-8, -3.024e-8, 6.913e-7, 1.083e-6, 3.916e-7, -2.819e-8, -2.592e-8, -3.045e-8, 7.470e-7, 1.166e-6, 4.192e-7, -2.220e-8, -2.032e-8, -2.407e-8
0.404, 7.040e-7, 1.141e-6, 4.365e-7, -3.162e-8, -3.190e-8, -3.135e-8, 7.747e-7, 1.150e-6, 3.756e-7, -3.281e-8, -3.699e-8, -2.863e-8, 6.935e-7, 1.094e-6, 4.006e-7, -2.898e-8, -2.645e-8, -3.150e-8, 7.468e-7, 1.170e-6, 4.228e-7, -2.734e-8, -2.554e-8, -2.914e-8
0.408, 7.133e-7, 1.155e-6, 4.417e-7, -3.115e-8, -3.133e-8, -3.097e-8, 7.752e-7, 1.156e-6, 3.810e-7, -3.609e-8, -4.076e-8, -3.142e-8, 6.940e-7, 1.098e-6, 4.045e-7, -2.847e-8, -2.774e-8, -2.920e-8, 7.499e-7, 1.181e-6, 4.313e-7, -2.433e-8, -2.088e-8, -2.778e-8
0.412, 7.166e-7, 1.166e-6, 4.493e-7, -3.028e-8, -3.190e-8, -2.867e-8, 7.791e-7, 1.169e-6, 3.901e-7, -3.596e-8, -4.217e-8, -2.974e-8, 6.927e-7, 1.109e-6, 4.166e-7, -2.889e-8, -2.867e-8, -2.912e-8, 7.522e-7, 1.189e-6, 4.366e-7, -2.565e-8, -2.412e-8, -2.717e-8
0.416, 7.221e-7, 1.178e-6, 4.555e-7, -3.070e-8, -3.123e-8, -3.017e-8, 7.882e-7, 1.182e-6, 3.935e-7, -3.509e-8, -3.718e-8, -3.300e-8, 7.024e-7, 1.120e-6, 4.174e-7, -3.015e-8, -2.770e-8, -3.259e-8, 7.596e-7, 1.203e-6, 4.429e-7, -2.472e-8, -2.354e-8, -2.591e-8
0.420, 7.295e-7, 1.192e-6, 4.625e-7, -3.224e-8, -3.480e-8, -2.967e-8, 7.845e-7, 1.187e-6, 4.024e-7, -3.901e-8, -4.405e-8, -3.397e-8, 7.084e-7, 1.132e-6, 4.238e-7, -2.974e-8, -2.810e-8, -3.137e-8, 7.673e-7, 1.215e-6, 4.476e-7, -2.540e-8, -2.320e-8, -2.761e-8
0.424, 7.434e-7, 1.207e-6, 4.639e-7, -3.312e-8, -3.368e-8, -3.257e-8, 7.932e-7, 1.200e-6, 4.067e-7, -3.802e-8, -4.242e-8, -3.363e-8, 7.084e-7, 1.144e-6, 4.354e-7, -2.913e-8, -2.691e-8, -3.134e-8, 7.818e-7, 1.233e-6, 4.508e-7, -2.347e-8, -2.057e-8, -2.637e-8
0.428, 7.594e-7, 1.227e-6, 4.678e-7, -3.112e-8, -3.148e-8, -3.076e-8, 8.021e-7, 1.214e-6, 4.123e-7, -3.711e-8, -4.016e-8, -3.406e-8, 7.197e-7, 1.159e-6, 4.396e-7, -2.829e-8, -2.866e-8, -2.793e-8, 7.843e-7, 1.245e-6, 4.611e-7, -2.402e-8, -2.185e-8, -2.619e-8
0.432, 7.712e-7, 1.243e-6, 4.714e-7, -3.549e-8, -3.781e-8, -3.316e-8, 8.101e-7, 1.228e-6, 4.176e-7, -3.929e-8, -4.326e-8, -3.532e-8, 7.287e-7, 1.176e-6, 4.470e-7, -2.567e-8, -2.141e-8, -2.992e-8, 8.007e-7, 1.265e-6, 4.644e-7, -2.423e-8, -2.145e-8, -2.702e-8
0.436, 7.857e-7, 1.265e-6, 4.789e-7, -3.163e-8, -3.078e-8, -3.249e-8, 8.240e-7, 1.247e-6, 4.232e-7, -3.645e-8, -4.111e-8, -3.179e-8, 7.365e-7, 1.189e-6, 4.523e-7, -2.956e-8, -2.883e-8, -3.028e-8, 8.040e-7, 1.276e-6, 4.723e-7, -2.631e-8, -2.593e-8, -2.668e-8
0.440, 8.023e-7, 1.289e-6, 4.865e-7, -3.336e-8, -3.389e-8, -3.284e-8, 8.331e-7, 1.265e-6, 4.316e-7, -3.833e-8, -4.203e-8, -3.463e-8, 7.495e-7, 1.205e-6, 4.553e-7, -3.113e-8, -2.849e-8, -3.377e-8, 8.293e-7, 1.302e-6, 4.729e-7, -2.516e-8, -2.256e-8, -2.776e-8
0.444, 8.271e-7, 1.316e-6, 4.886e-7, -3.131e-8, -3.109e-8, -3.152e-8, 8.497e-7, 1.284e-6, 4.338e-7, -3.923e-8, -4.423e-8, -3.424e-8, 7.587e-7, 1.225e-6, 4.663e-7, -3.024e-8, -2.980e-8, -3.068e-8, 8.384e-7, 1.321e-6, 4.828e-7, -2.392e-8, -2.041e-8, -2.743e-8
0.448, 8.444e-7, 1.339e-6, 4.948e-7, -3.183e-8, -3.113e-8, -3.253e-8, 8.672e-7, 1.306e-6, 4.387e-7, -3.898e-8, -4.473e-8, -3.323e-8, 7.769e-7, 1.249e-6, 4.720e-7, -2.751e-8, -2.760e-8, -2.742e-8, 8.576e-7, 1.347e-6, 4.890e-7, -2.461e-8, -2.389e-8, -2.532e-8
0.452, 8.699e-7, 1.371e-6, 5.010e-7, -3.129e-8, -3.271e-8, -2.988e-8, 8.819e-7, 1.329e-6, 4.468e-7, -3.718e-8, -4.275e-8, -3.161e-8, 7.926e-7, 1.268e-6, 4.751e-7, -3.107e-8, -3.041e-8, -3.173e-8, 8.822e-7, 1.372e-6, 4.894e-7, -2.525e-8, -2.255e-8, -2.794e-8
0.456, 9.017e-7, 1.404e-6, 5.026e-7, -3.427e-8, -3.494e-8, -3.359e-8, 9.026e-7, 1.353e-6, 4.505e-7, -3.846e-8, -4.450e-8, -3.242e-8, 8.096e-7, 1.295e-6, 4.856e-7, -2.916e-8, -2.862e-8, -2.970e-8, 9.108e-7, 1.404e-6, 4.935e-7, -2.699e-8, -2.376e-8, -3.023e-8
0.460, 9.330e-7, 1.440e-6, 5.068e-7, -3.472e-8, -3.457e-8, -3.487e-8, 9.270e-7, 1.383e-6, 4.559e-7, -3.752e-8, -4.272e-8, -3.232e-8, 8.337e-7, 1.324e-6, 4.900e-7, -3.004e-8, -2.953e-8, -3.055e-8, 9.310e-7, 1.432e-6, 5.013e-7, -2.875e-8, -2.607e-8, -3.143e-8
0.464, 9.666e-7, 1.478e-6, 5.111e-7, -3.660e-8, -3.830e-8, -3.490e-8, 9.471e-7, 1.411e-6, 4.644e-7, -3.673e-8, -4.222e-8, -3.124e-8, 8.569e-7, 1.353e-6, 4.965e-7, -3.144e-8, -2.846e-8, -3.441e-8, 9.603e-7, 1.467e-6, 5.064e-7, -2.865e-8, -2.630e-8, -3.099e-8
0.468, 1.006e-6, 1.524e-6, 5.179e-7, -3.785e-8, -3.886e-8, -3.685e-8, 9.779e-7, 1.445e-6, 4.671e-7, -4.080e-8, -4.588e-8, -3.573e-8, 8.808e-7, 1.384e-6, 5.033e-7, -2.669e-8, -2.779e-8, -2.560e-8, 9.921e-7, 1.508e-6, 5.157e-7, -2.554e-8, -2.147e-8, -2.961e-8
0.472, 1.044e-6, 1.572e-6, 5.281e-7, -3.506e-8, -3.463e-8, -3.548e-8, 1.011e-6, 1.485e-6, 4.742e-7, -4.090e-8, -4.239e-8, -3.941e-8, 9.162e-7, 1.421e-6, 5.050e-7, -3.353e-8, -3.303e-8, -3.403e-8, 1.021e-6, 1.543e-6, 5.220e-7, -2.570e-8, -2.696e-8, -2.445e-8
0.476, 1.087e-6, 1.621e-6, 5.342e-7, -3.618e-8, -3.780e-8, -3.457e-8, 1.037e-6, 1.519e-6, 4.816e-7, -4.180e-8, -4.626e-8, -3.735e-8, 9.428e-7, 1.456e-6, 5.135e-7, -3.369e-8, -3.169e-8, -3.569e-8, 1.065e-6, 1.591e-6, 5.265e-7, -2.614e-8, -2.519e-8, -2.709e-8
0.480, 1.138e-6, 1.676e-6, 5.382e-7, -3.650e-8, -3.809e-8, -3.492e-8, 1.072e-6, 1.562e-6, 4.901e-7, -4.041e-8, -4.617e-8, -3.465e-8, 9.770e-7, 1.501e-6, 5.243e-7, -3.068e-8, -2.989e-8, -3.147e-8, 1.108e-6, 1.641e-6, 5.328e-7, -2.919e-8, -2.653e-8, -3.184e-8
0.484, 1.177e-6, 1.731e-6, 5.541e-7, -3.710e-8, -3.759e-8, -3.662e-8, 1.109e-6, 1.607e-6, 4.978e-7, -4.222e-8, -4.802e-8, -3.643e-8, 1.012e-6, 1.543e-6, 5.305e-7, -3.272e-8, -3.239e-8, -3.306e-8, 1.149e-6, 1.690e-6, 5.413e-7, -2.805e-8, -2.603e-8, -3.006e-8
0.488, 1.234e-6, 1.794e-6, 5.607e-7, -3.693e-8, -3.485e-8, -3.901e-8, 1.159e-6, 1.664e-6, 5.049e-7, -4.388e-8, -4.682e-8, -4.095e-8, 1.058e-6, 1.592e-6, 5.343e-7, -3.190e-8, -3.105e-8, -3.275e-8, 1.195e-6, 1.747e-6, 5.516e-7, -2.932e-8, -2.965e-8, -2.899e-8
0.492, 1.286e-6, 1.858e-6, 5.725e-7, -3.671e-8, -3.618e-8, -3.723e-8, 1.199e-6, 1.714e-6, 5.149e-7, -4.477e-8, -4.797e-8, -4.156e-8, 1.101e-6, 1.646e-6, 5.455e-7, -3.192e-8, -2.948e-8, -3.436e-8, 1.249e-6, 1.810e-6, 5.601e-7, -2.768e-8, -2.772e-8, -2.763e-8
0.496, 1.347e-6, 1.929e-6, 5.820e-7, -3.750e-8, -3.727e-8, -3.773e-8, 1.247e-6, 1.771e-6, 5.241e-7, -4.166e-8, -4.698e-8, -3.635e-8, 1.143e-6, 1.699e-6, 5.558e-7, -3.467e-8, -3.409e-8, -3.524e-8, 1.300e-6, 1.868e-6, 5.678e-7, -3.012e-8, -2.547e-8, -3.477e-8
0.500, 1.397e-6, 1.997e-6, 6.004e-7, -3.904e-8, -3.891e-8, -3.917e-8, 1.293e-6, 1.830e-6, 5.364e-7, -4.231e-8, -4.795e-8, -3.666e-8, 1.191e-6, 1.762e-6, 5.710e-7, -3.334e-8, -3.268e-8, -3.399e-8, 1.353e-6, 1.936e-6, 5.827e-7, -3.099e-8, -2.882e-8, -3.316e-8
0.504, 1.454e-6, 2.074e-6, 6.192e-7, -4.028e-8, -4.155e-8, -3.901e-8, 1.343e-6, 1.892e-6, 5.487e-7, -4.430e-8, -4.801e-8, -4.059e-8, 1.244e-6, 1.821e-6, 5.768e-7, -3.641e-8, -3.490e-8, -3.793e-8, 1.409e-6, 2.004e-6, 5.952e-7, -3.112e-8, -3.039e-8, -3.184e-8
0.508, 1.517e-6, 2.151e-6, 6.342e-7, -4.072e-8, -4.106e-8, -4.038e-8, 1.396e-6, 1.958e-6, 5.612e-7, -4.548e-8, -5.006e-8, -4.091e-8, 1.296e-6, 1.888e-6, 5.918e-7, -3.537e-8, -3.533e-8, -3.541e-8, 1.468e-6, 2.081e-6, 6.129e-7, -2.906e-8, -2.615e-8, -3.198e-8
0.512, 1.573e-6, 2.228e-6, 6.551e-7, -4.459e-8, -4.463e-8, -4.454e-8, 1.446e-6, 2.024e-6, 5.775e-7, -4.379e-8, -4.870e-8, -3.889e-8, 1.349e-6, 1.958e-6, 6.087e-7, -3.287e-8, -3.127e-8, -3.447e-8, 1.527e-6, 2.157e-6, 6.299e-7, -3.349e-8, -3.109e-8, -3.588e-8
0.516, 1.631e-6, 2.309e-6, 6.777e-7, -4.218e-8, -4.126e-8, -4.310e-8, 1.502e-6, 2.099e-6, 5.968e-7, -4.411e-8, -4.937e-8, -3.886e-8, 1.404e-6, 2.029e-6, 6.253e-7, -3.606e-8, -3.348e-8, -3.865e-8, 1.589e-6, 2.234e-6, 6.441e-7, -3.541e-8, -3.203e-8, -3.879e-8
0.520, 1.691e-6, 2.391e-6, 7.004e-7, -4.479e-8, -4.463e-8, -4.495e-8, 1.561e-6, 2.174e-6, 6.124e-7, -4.391e-8, -4.809e-8, -3.973e-8, 1.465e-6, 2.105e-6, 6.405e-7, -3.624e-8, -3.432e-8, -3.816e-8, 1.645e-6, 2.313e-6, 6.684e-7, -3.629e-8, -3.531e-8, -3.726e-8
0.524, 1.743e-6, 2.473e-6, 7.295e-7, -4.530e-8, -4.623e-8, -4.437e-8, 1.614e-6, 2.250e-6, 6.358e-7, -4.786e-8, -5.143e-8, -4.428e-8, 1.516e-6, 2.178e-6, 6.625e-7, -3.968e-8, -3.956e-8, -3.980e-8, 1.698e-6, 2.392e-6, 6.933e-7, -3.556e-8, -3.414e-8, -3.698e-8
0.528, 1.794e-6, 2.552e-6, 7.573e-7, -4.652e-8, -4.868e-8, -4.436e-8, 1.665e-6, 2.325e-6, 6.601e-7, -4.902e-8, -5.395e-8, -4.408e-8, 1.576e-6, 2.257e-6, 6.820e-7, -4.138e-8, -3.747e-8, -4.530e-8, 1.758e-6, 2.475e-6, 7.174e-7, -3.557e-8, -3.214e-8, -3.899e-8
0.532, 1.837e-6, 2.630e-6, 7.935e-7, -5.083e-8, -5.011e-8, -5.156e-8, 1.719e-6, 2.403e-6, 6.839e-7, -5.091e-8, -5.547e-8, -4.635e-8, 1.627e-6, 2.334e-6, 7.067e-7, -4.186e-8, -3.935e-8, -4.436e-8, 1.806e-6, 2.556e-6, 7.499e-7, -3.641e-8, -3.427e-8, -3.855e-8
0.536, 1.870e-6, 2.699e-6, 8.287e-7, -5.273e-8, -5.255e-8, -5.292e-8, 1.767e-6, 2.479e-6, 7.125e-7, -5.098e-8, -5.566e-8, -4.630e-8, 1.683e-6, 2.417e-6, 7.338e-7, -4.135e-8, -3.972e-8, -4.299e-8, 1.851e-6, 2.634e-6, 7.821e-7, -4.005e-8, -3.806e-8, -4.203e-8
0.540, 1.910e-6, 2.773e-6, 8.629e-7, -5.596e-8, -5.507e-8, -5.685e-8, 1.808e-6, 2.549e-6, 7.410e-7, -5.357e-8, -5.814e-8, -4.901e-8, 1.729e-6, 2.495e-6, 7.663e-7, -4.054e-8, -3.844e-8, -4.263e-8, 1.892e-6, 2.710e-6, 8.186e-7, -3.872e-8, -3.532e-8, -4.211e-8
0.544, 1.935e-6, 2.839e-6, 9.041e-7, -5.892e-8, -5.703e-8, -6.081e-8, 1.854e-6, 2.630e-6, 7.756e-7, -5.332e-8, -5.865e-8, -4.800e-8, 1.773e-6, 2.569e-6, 7.961e-7, -4.333e-8, -4.259e-8, -4.406e-8, 1.928e-6, 2.780e-6, 8.521e-7, -4.287e-8, -3.921e-8, -4.653e-8
0.548, 1.957e-6, 2.897e-6, 9.407e-7, -5.978e-8, -5.631e-8, -6.325e-8, 1.893e-6, 2.701e-6, 8.086e-7, -5.471e-8, -5.860e-8, -5.081e-8, 1.811e-6, 2.645e-6, 8.341e-7, -4.472e-8, -4.534e-8, -4.411e-8, 1.952e-6, 2.848e-6, 8.961e-7, -4.486e-8, -4.227e-8, -4.745e-8
0.552, 1.963e-6, 2.950e-6, 9.876e-7, -6.353e-8, -6.301e-8, -6.406e-8, 1.914e-6, 2.766e-6, 8.522e-7, -5.647e-8, -6.198e-8, -5.095e-8, 1.851e-6, 2.720e-6, 8.684e-7, -4.855e-8, -4.727e-8, -4.984e-8, 1.982e-6, 2.914e-6, 9.316e-7, -4.755e-8, -4.539e-8, -4.971e-8
0.556, 1.967e-6, 3.000e-6, 1.033e-6, -6.341e-8, -6.333e-8, -6.349e-8, 1.943e-6, 2.832e-6, 8.898e-7, -6.027e-8, -6.458e-8, -5.595e-8, 1.884e-6, 2.788e-6, 9.034e-7, -4.971e-8, -4.627e-8, -5.315e-8, 1.993e-6, 2.969e-6, 9.765e-7, -4.882e-8, -4.781e-8, -4.982e-8
0.560, 1.958e-6, 3.040e-6, 1.082e-6, -7.039e-8, -6.974e-8, -7.104e-8, 1.958e-6, 2.888e-6, 9.295e-7, -6.316e-8, -6.718e-8, -5.915e-8, 1.910e-6, 2.854e-6, 9.440e-7, -5.020e-8, -4.572e-8, -5.467e-8, 2.000e-6, 3.025e-6, 1.025e-6, -4.943e-8, -4.754e-8, -5.133e-8
0.564, 1.944e-6, 3.073e-6, 1.129e-6, -7.255e-8, -7.223e-8, -7.288e-8, 1.967e-6, 2.943e-6, 9.761e-7, -6.359e-8, -6.785e-8, -5.933e-8, 1.924e-6, 2.912e-6, 9.880e-7, -5.593e-8, -5.412e-8, -5.775e-8, 2.002e-6, 3.069e-6, 1.066e-6, -5.589e-8, -5.180e-8, -5.998e-8
0.568, 1.926e-6, 3.103e-6, 1.176e-6, -7.408e-8, -7.222e-8, -7.595e-8, 1.965e-6, 2.989e-6, 1.024e-6, -6.284e-8, -6.738e-8, -5.831e-8, 1.937e-6, 2.970e-6, 1.033e-6, -5.802e-8, -5.520e-8, -6.084e-8, 1.995e-6, 3.108e-6, 1.112e-6, -6.003e-8, -5.475e-8, -6.531e-8
0.572, 1.905e-6, 3.125e-6, 1.220e-6, -7.914e-8, -7.599e-8, -8.229e-8, 1.969e-6, 3.033e-6, 1.065e-6, -6.960e-8, -7.428e-8, -6.492e-8, 1.930e-6, 3.012e-6, 1.082e-6, -5.835e-8, -5.836e-8, -5.834e-8, 1.976e-6, 3.138e-6, 1.162e-6, -6.258e-8, -5.719e-8, -6.798e-8
0.576, 1.859e-6, 3.137e-6, 1.278e-6, -8.562e-8, -8.514e-8, -8.610e-8, 1.954e-6, 3.066e-6, 1.112e-6, -7.279e-8, -7.635e-8, -6.923e-8, 1.935e-6, 3.060e-6, 1.125e-6, -6.233e-8, -6.098e-8, -6.369e-8, 1.951e-6, 3.169e-6, 1.217e-6, -6.186e-8, -5.916e-8, -6.457e-8
0.580, 1.820e-6, 3.146e-6, 1.326e-6, -9.141e-8, -9.088e-8, -9.194e-8, 1.938e-6, 3.094e-6, 1.157e-6, -7.648e-8, -7.938e-8, -7.358e-8, 1.927e-6, 3.098e-6, 1.171e-6, -6.511e-8, -6.174e-8, -6.847e-8, 1.923e-6, 3.188e-6, 1.265e-6, -6.851e-8, -6.690e-8, -7.011e-8
0.584, 1.781e-6, 3.152e-6, 1.372e-6, -9.415e-8, -9.367e-8, -9.464e-8, 1.910e-6, 3.118e-6, 1.208e-6, -8.067e-8, -8.508e-8, -7.625e-8, 1.910e-6, 3.130e-6, 1.220e-6, -6.840e-8, -6.711e-8, -6.970e-8, 1.889e-6, 3.201e-6, 1.312e-6, -7.177e-8, -6.713e-8, -7.640e-8
0.588, 1.731e-6, 3.150e-6, 1.418e-6, -1.019e-7, -1.011e-7, -1.027e-7, 1.884e-6, 3.135e-6, 1.251e-6, -8.526e-8, -9.064e-8, -7.988e-8, 1.885e-6, 3.156e-6, 1.271e-6, -6.951e-8, -6.697e-8, -7.206e-8, 1.849e-6, 3.214e-6, 1.365e-6, -7.540e-8, -7.186e-8, -7.893e-8
0.592, 1.678e-6, 3.145e-6, 1.467e-6, -1.040e-7, -1.029e-7, -1.050e-7, 1.849e-6, 3.150e-6, 1.301e-6, -8.675e-8, -8.914e-8, -8.437e-8, 1.860e-6, 3.178e-6, 1.318e-6, -7.727e-8, -7.454e-8, -8.000e-8, 1.802e-6, 3.214e-6, 1.412e-6, -8.252e-8, -7.916e-8, -8.589e-8
0.596, 1.633e-6, 3.142e-6, 1.509e-6, -1.096e-7, -1.086e-7, -1.105e-7, 1.811e-6, 3.159e-6, 1.348e-6, -9.073e-8, -9.372e-8, -8.774e-8, 1.822e-6, 3.192e-6, 1.370e-6, -7.998e-8, -7.828e-8, -8.168e-8, 1.751e-6, 3.212e-6, 1.460e-6, -8.491e-8, -8.018e-8, -8.964e-8
0.600, 1.575e-6, 3.129e-6, 1.554e-6, -1.159e-7, -1.143e-7, -1.174e-7, 1.766e-6, 3.160e-6, 1.393e-6, -9.720e-8, -9.851e-8, -9.589e-8, 1.789e-6, 3.203e-6, 1.414e-6, -8.465e-8, -8.147e-8, -8.783e-8, 1.704e-6, 3.210e-6, 1.506e-6, -8.739e-8, -8.527e-8, -8.951e-8
0.604, 1.514e-6, 3.110e-6, 1.596e-6, -1.223e-7, -1.230e-7, -1.216e-7, 1.723e-6, 3.159e-6, 1.436e-6, -9.961e-8, -1.012e-7, -9.802e-8, 1.744e-6, 3.208e-6, 1.464e-6, -8.668e-8, -8.396e-8, -8.941e-8, 1.650e-6, 3.202e-6, 1.552e-6, -9.605e-8, -9.333e-8, -9.877e-8
0.608, 1.463e-6, 3.100e-6, 1.637e-6, -1.267e-7, -1.256e-7, -1.279e-7, 1.668e-6, 3.151e-6, 1.483e-6, -1.055e-7, -1.105e-7, -1.005e-7, 1.698e-6, 3.207e-6, 1.508e-6, -9.237e-8, -8.914e-8, -9.560e-8, 1.602e-6, 3.194e-6, 1.591e-6, -1.003e-7, -9.566e-8, -1.050e-7
0.612, 1.403e-6, 3.079e-6, 1.676e-6, -1.322e-7, -1.328e-7, -1.315e-7, 1.620e-6, 3.142e-6, 1.522e-6, -1.110e-7, -1.142e-7, -1.078e-7, 1.656e-6, 3.207e-6, 1.551e-6, -9.521e-8, -9.117e-8, -9.925e-8, 1.543e-6, 3.181e-6, 1.638e-6, -1.029e-7, -1.011e-7, -1.048e-7
0.616, 1.358e-6, 3.063e-6, 1.706e-6, -1.376e-7, -1.354e-7, -1.398e-7, 1.577e-6, 3.138e-6, 1.561e-6, -1.151e-7, -1.177e-7, -1.125e-7, 1.603e-6, 3.203e-6, 1.599e-6, -9.852e-8, -9.790e-8, -9.913e-8, 1.485e-6, 3.162e-6, 1.677e-6, -1.095e-7, -1.068e-7, -1.122e-7
0.620, 1.300e-6, 3.040e-6, 1.740e-6, -1.445e-7, -1.424e-7, -1.466e-7, 1.522e-6, 3.121e-6, 1.599e-6, -1.189e-7, -1.226e-7, -1.153e-7, 1.549e-6, 3.190e-6, 1.641e-6, -1.064e-7, -1.057e-7, -1.070e-7, 1.437e-6, 3.146e-6, 1.710e-6, -1.145e-7, -1.112e-7, -1.179e-7
0.624, 1.254e-6, 3.024e-6, 1.769e-6, -1.488e-7, -1.482e-7, -1.494e-7, 1.469e-6, 3.107e-6, 1.639e-6, -1.208e-7, -1.217e-7, -1.198e-7, 1.499e-6, 3.181e-6, 1.683e-6, -1.085e-7, -1.068e-7, -1.103e-7, 1.383e-6, 3.129e-6, 1.746e-6, -1.221e-7, -1.200e-7, -1.241e-7
0.628, 1.201e-6, 3.002e-6, 1.800e-6, -1.540e-7, -1.524e-7, -1.556e-7, 1.419e-6, 3.091e-6, 1.672e-6, -1.271e-7, -1.320e-7, -1.221e-7, 1.447e-6, 3.168e-6, 1.720e-6, -1.140e-7, -1.134e-7, -1.146e-7, 1.334e-6, 3.110e-6, 1.776e-6, -1.237e-7, -1.202e-7, -1.273e-7
0.632, 1.154e-6, 2.979e-6, 1.825e-6, -1.585e-7, -1.574e-7, -1.596e-7, 1.378e-6, 3.076e-6, 1.698e-6, -1.339e-7, -1.340e-7, -1.337e-7, 1.401e-6, 3.155e-6, 1.754e-6, -1.192e-7, -1.183e-7, -1.202e-7, 1.280e-6, 3.090e-6, 1.811e-6, -1.292e-7, -1.266e-7, -1.317e-7
0.636, 1.115e-6, 2.963e-6, 1.848e-6, -1.631e-7, -1.629e-7, -1.634e-7, 1.319e-6, 3.053e-6, 1.734e-6, -1.389e-7, -1.427e-7, -1.350e-7, 1.352e-6, 3.137e-6, 1.785e-6, -1.252e-7, -1.227e-7, -1.277e-7, 1.237e-6, 3.072e-6, 1.836e-6, -1.341e-7, -1.302e-7, -1.381e-7
0.640, 1.073e-6, 2.939e-6, 1.867e-6, -1.710e-7, -1.738e-7, -1.682e-7, 1.277e-6, 3.035e-6, 1.758e-6, -1.432e-7, -1.469e-7, -1.394e-7, 1.307e-6, 3.126e-6, 1.819e-6, -1.256e-7, -1.234e-7, -1.278e-7, 1.189e-6, 3.053e-6, 1.864e-6, -1.391e-7, -1.354e-7, -1.428e-7
0.644, 1.035e-6, 2.920e-6, 1.885e-6, -1.758e-7, -1.722e-7, -1.794e-7, 1.236e-6, 3.019e-6, 1.782e-6, -1.481e-7, -1.516e-7, -1.447e-7, 1.258e-6, 3.106e-6, 1.848e-6, -1.311e-7, -1.316e-7, -1.306e-7, 1.141e-6, 3.029e-6, 1.888e-6, -1.444e-7, -1.410e-7, -1.477e-7
0.648, 9.972e-7, 2.901e-6, 1.904e-6, -1.831e-7, -1.822e-7, -1.840e-7, 1.193e-6, 2.996e-6, 1.803e-6, -1.530e-7, -1.562e-7, -1.497e-7, 1.214e-6, 3.088e-6, 1.875e-6, -1.376e-7, -1.363e-7, -1.389e-7, 1.108e-6, 3.012e-6, 1.905e-6, -1.492e-7, -1.450e-7, -1.534e-7
0.652, 9.630e-7, 2.882e-6, 1.919e-6, -1.839e-7, -1.828e-7, -1.850e-7, 1.152e-6, 2.979e-6, 1.827e-6, -1.597e-7, -1.642e-7, -1.552e-7, 1.169e-6, 3.068e-6, 1.899e-6, -1.398e-7, -1.405e-7, -1.391e-7, 1.070e-6, 2.992e-6, 1.922e-6, -1.539e-7, -1.499e-7, -1.580e-7
0.656, 9.348e-7, 2.866e-6, 1.931e-6, -1.894e-7, -1.879e-7, -1.910e-7, 1.120e-6, 2.963e-6, 1.843e-6, -1.634e-7, -1.689e-7, -1.579e-7, 1.127e-6, 3.047e-6, 1.920e-6, -1.473e-7, -1.478e-7, -1.468e-7, 1.028e-6, 2.971e-6, 1.943e-6, -1.597e-7, -1.578e-7, -1.616e-7
0.660, 9.023e-7, 2.846e-6, 1.944e-6, -1.937e-7, -1.924e-7, -1.950e-7, 1.084e-6, 2.946e-6, 1.862e-6, -1.662e-7, -1.695e-7, -1.629e-7, 1.096e-6, 3.036e-6, 1.939e-6, -1.494e-7, -1.502e-7, -1.486e-7, 9.999e-7, 2.953e-6, 1.953e-6, -1.646e-7, -1.622e-7, -1.671e-7
0.664, 8.782e-7, 2.832e-6, 1.953e-6, -1.994e-7, -1.988e-7, -2.001e-7, 1.048e-6, 2.925e-6, 1.877e-6, -1.721e-7, -1.766e-7, -1.676e-7, 1.062e-6, 3.018e-6, 1.956e-6, -1.541e-7, -1.526e-7, -1.556e-7, 9.700e-7, 2.937e-6, 1.967e-6, -1.656e-7, -1.631e-7, -1.680e-7
0.668, 8.486e-7, 2.810e-6, 1.962e-6, -2.035e-7, -2.048e-7, -2.022e-7, 1.021e-6, 2.910e-6, 1.889e-6, -1.734e-7, -1.753e-7, -1.716e-7, 1.030e-6, 3.003e-6, 1.973e-6, -1.599e-7, -1.577e-7, -1.621e-7, 9.416e-7, 2.918e-6, 1.977e-6, -1.748e-7, -1.717e-7, -1.780e-7
0.672, 8.322e-7, 2.799e-6, 1.967e-6, -2.055e-7, -2.043e-7, -2.067e-7, 9.871e-7, 2.892e-6, 1.905e-6, -1.796e-7, -1.818e-7, -1.773e-7, 9.996e-7, 2.984e-6, 1.984e-6, -1.614e-7, -1.610e-7, -1.619e-7, 9.141e-7, 2.903e-6, 1.989e-6, -1.770e-7, -1.743e-7, -1.798e-7
0.676, 8.054e-7, 2.781e-6, 1.975e-6, -2.140e-7, -2.137e-7, -2.144e-7, 9.621e-7, 2.874e-6, 1.912e-6, -1.836e-7, -1.879e-7, -1.793e-7, 9.660e-7, 2.964e-6, 1.998e-6, -1.690e-7, -1.684e-7, -1.696e-7, 8.957e-7, 2.886e-6, 1.990e-6, -1.796e-7, -1.781e-7, -1.812e-7
0.680, 7.899e-7, 2.769e-6, 1.979e-6, -2.152e-7, -2.133e-7, -2.171e-7, 9.426e-7, 2.862e-6, 1.919e-6, -1.866e-7, -1.896e-7, -1.836e-7, 9.415e-7, 2.952e-6, 2.011e-6, -1.718e-7, -1.717e-7, -1.719e-7, 8.716e-7, 2.872e-6, 2.000e-6, -1.864e-7, -1.842e-7, -1.885e-7
0.684, 7.716e-7, 2.756e-6, 1.985e-6, -2.180e-7, -2.201e-7, -2.160e-7, 9.142e-7, 2.844e-6, 1.930e-6, -1.925e-7, -1.966e-7, -1.884e-7, 9.209e-7, 2.938e-6, 2.017e-6, -1.744e-7, -1.719e-7, -1.770e-7, 8.524e-7, 2.858e-6, 2.006e-6, -1.869e-7, -1.829e-7, -1.908e-7
0.688, 7.604e-7, 2.742e-6, 1.982e-6, -2.230e-7, -2.250e-7, -2.211e-7, 8.957e-7, 2.830e-6, 1.934e-6, -1.967e-7, -2.033e-7, -1.901e-7, 8.913e-7, 2.920e-6, 2.028e-6, -1.786e-7, -1.760e-7, -1.811e-7, 8.389e-7, 2.848e-6, 2.009e-6, -1.911e-7, -1.856e-7, -1.965e-7
0.692, 7.443e-7, 2.731e-6, 1.987e-6, -2.239e-7, -2.236e-7, -2.241e-7, 8.845e-7, 2.822e-6, 1.938e-6, -1.990e-7, -1.995e-7, -1.986e-7, 8.742e-7, 2.908e-6, 2.034e-6, -1.842e-7, -1.844e-7, -1.840e-7, 8.109e-7, 2.830e-6, 2.019e-6, -1.956e-7, -1.962e-7, -1.950e-7
0.696, 7.319e-7, 2.721e-6, 1.990e-6, -2.280e-7, -2.290e-7, -2.270e-7, 8.628e-7, 2.808e-6, 1.945e-6, -2.011e-7, -2.036e-7, -1.985e-7, 8.584e-7, 2.897e-6, 2.038e-6, -1.895e-7, -1.875e-7, -1.915e-7, 8.026e-7, 2.818e-6, 2.016e-6, -2.020e-7, -1.982e-7, -2.057e-7
0.700, 7.212e-7, 2.713e-6, 1.992e-6, -2.310e-7, -2.302e-7, -2.319e-7, 8.464e-7, 2.797e-6, 1.950e-6, -2.036e-7, -2.079e-7, -1.993e-7, 8.372e-7, 2.882e-6, 2.045e-6, -1.916e-7, -1.922e-7, -1.910e-7, 7.870e-7, 2.807e-6, 2.020e-6, -2.033e-7, -2.024e-7, -2.041e-7
0.704, 7.111e-7, 2.705e-6, 1.994e-6, -2.337e-7, -2.359e-7, -2.314e-7, 8.322e-7, 2.785e-6, 1.953e-6, -2.100e-7, -2.136e-7, -2.065e-7, 8.196e-7, 2.868e-6, 2.049e-6, -1.934e-7, -1.901e-7, -1.967e-7, 7.746e-7, 2.797e-6, 2.022e-6, -2.049e-7, -2.030e-7, -2.067e-7
0.708, 7.047e-7, 2.695e-6, 1.991e-6, -2.369e-7, -2.347e-7, -2.390e-7, 8.221e-7, 2.777e-6, 1.955e-6, -2.094e-7, -2.145e-7, -2.043e-7, 8.038e-7, 2.859e-6, 2.056e-6, -1.964e-7, -1.969e-7, -1.958e-7, 7.662e-7, 2.789e-6, 2.022e-6, -2.098e-7, -2.081e-7, -2.114e-7
0.712, 6.966e-7, 2.689e-6, 1.992e-6, -2.379e-7, -2.395e-7, -2.364e-7, 8.074e-7, 2.764e-6, 1.957e-6, -2.152e-7, -2.192e-7, -2.113e-7, 7.954e-7, 2.850e-6, 2.055e-6, -2.014e-7, -1.993e-7, -2.036e-7, 7.561e-7, 2.782e-6, 2.025e-6, -2.113e-7, -2.101e-7, -2.124e-7
0.716, 6.874e-7, 2.680e-6, 1.993e-6, -2.408e-7, -2.392e-7, -2.424e-7, 8.011e-7, 2.762e-6, 1.961e-6, -2.160e-7, -2.200e-7, -2.119e-7, 7.824e-7, 2.841e-6, 2.059e-6, -2.048e-7, -2.036e-7, -2.060e-7, 7.468e-7, 2.771e-6, 2.024e-6, -2.149e-7, -2.134e-7, -2.165e-7
0.720, 6.859e-7, 2.673e-6, 1.988e-6, -2.466e-7, -2.465e-7, -2.468e-7, 7.908e-7, 2.751e-6, 1.960e-6, -2.190e-7, -2.234e-7, -2.146e-7, 7.703e-7, 2.835e-6, 2.065e-6, -2.046e-7, -2.050e-7, -2.043e-7, 7.434e-7, 2.767e-6, 2.023e-6, -2.175e-7, -2.136e-7, -2.214e-7
0.724, 6.841e-7, 2.671e-6, 1.987e-6, -2.461e-7, -2.453e-7, -2.470e-7, 7.853e-7, 2.744e-6, 1.959e-6, -2.223e-7, -2.277e-7, -2.170e-7, 7.615e-7, 2.826e-6, 2.064e-6, -2.087e-7, -2.085e-7, -2.089e-7, 7.341e-7, 2.759e-6, 2.025e-6, -2.206e-7, -2.169e-7, -2.244e-7
0.728, 6.760e-7, 2.664e-6, 1.988e-6, -2.518e-7, -2.509e-7, -2.527e-7, 7.805e-7, 2.739e-6, 1.958e-6, -2.252e-7, -2.301e-7, -2.203e-7, 7.523e-7, 2.817e-6, 2.064e-6, -2.115e-7, -2.106e-7, -2.124e-7, 7.327e-7, 2.753e-6, 2.021e-6, -2.222e-7, -2.195e-7, -2.249e-7
0.732, 6.734e-7, 2.661e-6, 1.987e-6, -2.508e-7, -2.505e-7, -2.512e-7, 7.726e-7, 2.735e-6, 1.962e-6, -2.292e-7, -2.341e-7, -2.244e-7, 7.496e-7, 2.812e-6, 2.062e-6, -2.174e-7, -2.159e-7, -2.189e-7, 7.298e-7, 2.749e-6, 2.019e-6, -2.252e-7, -2.215e-7, -2.290e-7
0.736, 6.733e-7, 2.660e-6, 1.986e-6, -2.545e-7, -2.571e-7, -2.520e-7, 7.684e-7, 2.731e-6, 1.962e-6, -2.298e-7, -2.347e-7, -2.250e-7, 7.434e-7, 2.809e-6, 2.066e-6, -2.163e-7, -2.126e-7, -2.199e-7, 7.276e-7, 2.748e-6, 2.021e-6, -2.277e-7, -2.264e-7, -2.290e-7
0.740, 6.748e-7, 2.657e-6, 1.983e-6, -2.584e-7, -2.577e-7, -2.591e-7, 7.654e-7, 2.729e-6, 1.963e-6, -2.303e-7, -2.371e-7, -2.234e-7, 7.370e-7, 2.803e-6, 2.066e-6, -2.211e-7, -2.203e-7, -2.220e-7, 7.251e-7, 2.742e-6, 2.017e-6, -2.318e-7, -2.288e-7, -2.347e-7
0.744, 6.746e-7, 2.657e-6, 1.983e-6, -2.587e-7, -2.601e-7, -2.572e-7, 7.641e-7, 2.723e-6, 1.958e-6, -2.379e-7, -2.409e-7, -2.349e-7, 7.390e-7, 2.799e-6, 2.060e-6, -2.234e-7, -2.214e-7, -2.254e-7, 7.246e-7, 2.743e-6, 2.019e-6, -2.305e-7, -2.283e-7, -2.327e-7
0.748, 6.742e-7, 2.656e-6, 1.981e-6, -2.621e-7, -2.630e-7, -2.611e-7, 7.628e-7, 2.725e-6, 1.962e-6, -2.358e-7, -2.412e-7, -2.304e-7, 7.359e-7, 2.800e-6, 2.064e-6, -2.248e-7, -2.235e-7, -2.261e-7, 7.265e-7, 2.741e-6, 2.015e-6, -2.358e-7, -2.345e-7, -2.372e-7
0.752, 6.799e-7, 2.659e-6, 1.979e-6, -2.605e-7, -2.615e-7, -2.594e-7, 7.655e-7, 2.726e-6, 1.960e-6, -2.412e-7, -2.455e-7, -2.369e-7, 7.352e-7, 2.797e-6, 2.062e-6, -2.286e-7, -2.287e-7, -2.286e-7, 7.257e-7, 2.741e-6, 2.016e-6, -2.360e-7, -2.334e-7, -2.385e-7
0.756, 6.856e-7, 2.661e-6, 1.975e-6, -2.633e-7, -2.608e-7, -2.658e-7, 7.694e-7, 2.728e-6, 1.959e-6, -2.411e-7, -2.469e-7, -2.353e-7, 7.294e-7, 2.796e-6, 2.067e-6, -2.288e-7, -2.309e-7, -2.268e-7, 7.267e-7, 2.743e-6, 2.016e-6, -2.416e-7, -2.391e-7, -2.441e-7
0.760, 6.810e-7, 2.661e-6, 1.980e-6, -2.639e-7, -2.629e-7, -2.649e-7, 7.717e-7, 2.733e-6, 1.961e-6, -2.445e-7, -2.471e-7, -2.418e-7, 7.395e-7, 2.800e-6, 2.061e-6, -2.330e-7, -2.329e-7, -2.331e-7, 7.354e-7, 2.745e-6, 2.010e-6, -2.422e-7, -2.424e-7, -2.421e-7
0.764, 6.929e-7, 2.669e-6, 1.977e-6, -2.694e-7, -2.678e-7, -2.709e-7, 7.767e-7, 2.734e-6, 1.957e-6, -2.463e-7, -2.509e-7, -2.416e-7, 7.373e-7, 2.800e-6, 2.063e-6, -2.356e-7, -2.349e-7, -2.363e-7, 7.388e-7, 2.751e-6, 2.012e-6, -2.450e-7, -2.413e-7, -2.486e-7
0.768, 6.953e-7, 2.672e-6, 1.976e-6, -2.696e-7, -2.716e-7, -2.675e-7, 7.783e-7, 2.740e-6, 1.961e-6, -2.467e-7, -2.505e-7, -2.429e-7, 7.479e-7, 2.806e-6, 2.058e-6, -2.375e-7, -2.363e-7, -2.386e-7, 7.455e-7, 2.755e-6, 2.010e-6, -2.474e-7, -2.456e-7, -2.493e-7
0.772, 7.042e-7, 2.677e-6, 1.972e-6, -2.713e-7, -2.728e-7, -2.697e-7, 7.847e-7, 2.745e-6, 1.960e-6, -2.483e-7, -2.529e-7, -2.437e-7, 7.487e-7, 2.810e-6, 2.061e-6, -2.385e-7, -2.358e-7, -2.411e-7, 7.554e-7, 2.764e-6, 2.008e-6, -2.517e-7, -2.480e-7, -2.554e-7
0.776, 7.101e-7, 2.685e-6, 1.975e-6, -2.775e-7, -2.777e-7, -2.774e-7, 7.946e-7, 2.751e-6, 1.957e-6, -2.538e-7, -2.587e-7, -2.489e-7, 7.532e-7, 2.816e-6, 2.063e-6, -2.403e-7, -2.406e-7, -2.399e-7, 7.600e-7, 2.773e-6, 2.013e-6, -2.470e-7, -2.456e-7, -2.483e-7
0.780, 7.200e-7, 2.694e-6, 1.974e-6, -2.777e-7, -2.765e-7, -2.789e-7, 8.031e-7, 2.760e-6, 1.957e-6, -2.536e-7, -2.610e-7, -2.461e-7, 7.610e-7, 2.826e-6, 2.065e-6, -2.405e-7, -2.418e-7, -2.392e-7, 7.671e-7, 2.781e-6, 2.014e-6, -2.530e-7, -2.523e-7, -2.537e-7
0.784, 7.318e-7, 2.704e-6, 1.973e-6, -2.782e-7, -2.787e-7, -2.777e-7, 8.173e-7, 2.776e-6, 1.958e-6, -2.559e-7, -2.583e-7, -2.536e-7, 7.705e-7, 2.834e-6, 2.063e-6, -2.441e-7, -2.460e-7, -2.421e-7, 7.753e-7, 2.790e-6, 2.014e-6, -2.567e-7, -2.555e-7, -2.579e-7
0.788, 7.410e-7, 2.715e-6, 1.974e-6, -2.815e-7, -2.815e-7, -2.814e-7, 8.246e-7, 2.785e-6, 1.960e-6, -2.604e-7, -2.663e-7, -2.546e-7, 7.853e-7, 2.845e-6, 2.060e-6, -2.460e-7, -2.434e-7, -2.486e-7, 7.963e-7, 2.808e-6, 2.012e-6, -2.575e-7, -2.558e-7, -2.592e-7
0.792, 7.534e-7, 2.729e-6, 1.976e-6, -2.837e-7, -2.822e-7, -2.852e-7, 8.409e-7, 2.800e-6, 1.959e-6, -2.614e-7, -2.661e-7, -2.566e-7, 7.900e-7, 2.854e-6, 2.064e-6, -2.507e-7, -2.508e-7, -2.507e-7, 8.047e-7, 2.819e-6, 2.014e-6, -2.586e-7, -2.568e-7, -2.604e-7
0.796, 7.689e-7, 2.743e-6, 1.974e-6, -2.824e-7, -2.826e-7, -2.823e-7, 8.549e-7, 2.819e-6, 1.964e-6, -2.628e-7, -2.690e-7, -2.566e-7, 8.013e-7, 2.868e-6, 2.067e-6, -2.519e-7, -2.521e-7, -2.516e-7, 8.229e-7, 2.836e-6, 2.013e-6, -2.634e-7, -2.603e-7, -2.665e-7
0.800, 7.797e-7, 2.759e-6, 1.979e-6, -2.822e-7, -2.842e-7, -2.803e-7, 8.683e-7, 2.837e-6, 1.968e-6, -2.636e-7, -2.674e-7, -2.597e-7, 8.215e-7, 2.889e-6, 2.067e-6, -2.566e-7, -2.570e-7, -2.562e-7, 8.375e-7, 2.850e-6, 2.013e-6, -2.654e-7, -2.652e-7, -2.655e-7
0.804, 7.953e-7, 2.776e-6, 1.981e-6, -2.881e-7, -2.882e-7, -2.879e-7, 8.875e-7, 2.856e-6, 1.969e-6, -2.687e-7, -2.710e-7, -2.665e-7, 8.356e-7, 2.905e-6, 2.069e-6, -2.562e-7, -2.555e-7, -2.568e-7, 8.510e-7, 2.871e-6, 2.020e-6, -2.637e-7, -2.636e-7, -2.637e-7
0.808, 8.115e-7, 2.793e-6, 1.981e-6, -2.897e-7, -2.892e-7, -2.902e-7, 9.099e-7, 2.882e-6, 1.972e-6, -2.677e-7, -2.702e-7, -2.653e-7, 8.484e-7, 2.923e-6, 2.075e-6, -2.573e-7, -2.602e-7, -2.545e-7, 8.679e-7, 2.891e-6, 2.023e-6, -2.689e-7, -2.693e-7, -2.686e-7
0.812, 8.274e-7, 2.812e-6, 1.985e-6, -2.952e-7, -2.971e-7, -2.934e-7, 9.239e-7, 2.901e-6, 1.977e-6, -2.707e-7, -2.755e-7, -2.659e-7, 8.722e-7, 2.946e-6, 2.074e-6, -2.597e-7, -2.584e-7, -2.610e-7, 8.930e-7, 2.918e-6, 2.025e-6, -2.712e-7, -2.696e-7, -2.727e-7
0.816, 8.543e-7, 2.839e-6, 1.985e-6, -2.938e-7, -2.923e-7, -2.952e-7, 9.411e-7, 2.926e-6, 1.985e-6, -2.727e-7, -2.805e-7, -2.648e-7, 8.829e-7, 2.968e-6, 2.085e-6, -2.618e-7, -2.626e-7, -2.609e-7, 9.160e-7, 2.944e-6, 2.028e-6, -2.729e-7, -2.690e-7, -2.768e-7
0.820, 8.660e-7, 2.860e-6, 1.994e-6, -2.977e-7, -2.993e-7, -2.961e-7, 9.690e-7, 2.955e-6, 1.986e-6, -2.765e-7, -2.801e-7, -2.730e-7, 9.111e-7, 2.993e-6, 2.082e-6, -2.654e-7, -2.646e-7, -2.662e-7, 9.346e-7, 2.970e-6, 2.035e-6, -2.741e-7, -2.731e-7, -2.750e-7
0.824, 8.861e-7, 2.886e-6, 2.000e-6, -2.964e-7, -2.943e-7, -2.984e-7, 9.962e-7, 2.989e-6, 1.993e-6, -2.800e-7, -2.823e-7, -2.778e-7, 9.332e-7, 3.020e-6, 2.087e-6, -2.698e-7, -2.692e-7, -2.703e-7, 9.607e-7, 3.000e-6, 2.039e-6, -2.776e-7, -2.784e-7, -2.768e-7
0.828, 9.135e-7, 2.917e-6, 2.004e-6, -3.024e-7, -3.037e-7, -3.011e-7, 1.018e-6, 3.018e-6, 2.000e-6, -2.816e-7, -2.848e-7, -2.784e-7, 9.575e-7, 3.049e-6, 2.091e-6, -2.695e-7, -2.672e-7, -2.719e-7, 9.881e-7, 3.033e-6, 2.044e-6, -2.800e-7, -2.805e-7, -2.796e-7
0.832, 9.383e-7, 2.946e-6, 2.007e-6, -3.049e-7, -3.041e-7, -3.056e-7, 1.043e-6, 3.051e-6, 2.008e-6, -2.852e-7, -2.919e-7, -2.784e-7, 9.769e-7, 3.079e-6, 2.102e-6, -2.736e-7, -2.749e-7, -2.722e-7, 1.015e-6, 3.066e-6, 2.051e-6, -2.832e-7, -2.806e-7, -2.857e-7
0.836, 9.648e-7, 2.979e-6, 2.014e-6, -3.058e-7, -3.046e-7, -3.070e-7, 1.076e-6, 3.093e-6, 2.016e-6, -2.879e-7, -2.909e-7, -2.849e-7, 1.002e-6, 3.111e-6, 2.109e-6, -2.784e-7, -2.798e-7, -2.770e-7, 1.040e-6, 3.098e-6, 2.058e-6, -2.866e-7, -2.847e-7, -2.885e-7
0.840, 9.928e-7, 3.015e-6, 2.022e-6, -3.085e-7, -3.087e-7, -3.082e-7, 1.106e-6, 3.133e-6, 2.027e-6, -2.919e-7, -2.984e-7, -2.854e-7, 1.032e-6, 3.147e-6, 2.115e-6, -2.814e-7, -2.791e-7, -2.837e-7, 1.075e-6, 3.140e-6, 2.065e-6, -2.878e-7, -2.848e-7, -2.909e-7
0.844, 1.009e-6, 3.044e-6, 2.034e-6, -3.103e-7, -3.101e-7, -3.104e-7, 1.142e-6, 3.178e-6, 2.036e-6, -2.939e-7, -2.961e-7, -2.918e-7, 1.066e-6, 3.188e-6, 2.123e-6, -2.851e-7, -2.857e-7, -2.845e-7, 1.101e-6, 3.178e-6, 2.077e-6, -2.945e-7, -2.948e-7, -2.942e-7
0.848, 1.045e-6, 3.088e-6, 2.043e-6, -3.130e-7, -3.132e-7, -3.127e-7, 1.170e-6, 3.219e-6, 2.050e-6, -2.965e-7, -3.020e-7, -2.910e-7, 1.094e-6, 3.229e-6, 2.135e-6, -2.875e-7, -2.863e-7, -2.887e-7, 1.142e-6, 3.228e-6, 2.086e-6, -2.937e-7, -2.924e-7, -2.950e-7
0.852, 1.073e-6, 3.124e-6, 2.051e-6, -3.193e-7, -3.205e-7, -3.181e-7, 1.207e-6, 3.267e-6, 2.059e-6, -3.043e-7, -3.084e-7, -3.003e-7, 1.130e-6, 3.275e-6, 2.144e-6, -2.878e-7, -2.856e-7, -2.901e-7, 1.177e-6, 3.275e-6, 2.098e-6, -2.972e-7, -2.971e-7, -2.974e-7
0.856, 1.105e-6, 3.167e-6, 2.062e-6, -3.209e-7, -3.234e-7, -3.184e-7, 1.251e-6, 3.321e-6, 2.070e-6, -3.060e-7, -3.089e-7, -3.030e-7, 1.167e-6, 3.322e-6, 2.154e-6, -2.942e-7, -2.918e-7, -2.966e-7, 1.211e-6, 3.324e-6, 2.113e-6, -3.033e-7, -3.026e-7, -3.039e-7
0.860, 1.143e-6, 3.214e-6, 2.071e-6, -3.235e-7, -3.252e-7, -3.217e-7, 1.283e-6, 3.373e-6, 2.090e-6, -3.072e-7, -3.120e-7, -3.023e-7, 1.194e-6, 3.368e-6, 2.174e-6, -2.969e-7, -2.957e-7, -2.982e-7, 1.255e-6, 3.375e-6, 2.121e-6, -3.089e-7, -3.060e-7, -3.117e-7
0.864, 1.177e-6, 3.263e-6, 2.086e-6, -3.277e-7, -3.282e-7, -3.272e-7, 1.323e-6, 3.428e-6, 2.105e-6, -3.123e-7, -3.180e-7, -3.065e-7, 1.236e-6, 3.420e-6, 2.184e-6, -2.999e-7, -2.983e-7, -3.015e-7, 1.294e-6, 3.430e-6, 2.136e-6, -3.119e-7, -3.089e-7, -3.149e-7
0.868, 1.215e-6, 3.313e-6, 2.097e-6, -3.327e-7, -3.309e-7, -3.345e-7, 1.367e-6, 3.487e-6, 2.120e-6, -3.178e-7, -3.220e-7, -3.136e-7, 1.271e-6, 3.473e-6, 2.202e-6, -3.037e-7, -3.034e-7, -3.040e-7, 1.333e-6, 3.489e-6, 2.156e-6, -3.156e-7, -3.123e-7, -3.189e-7
0.872, 1.254e-6, 3.368e-6, 2.114e-6, -3.346e-7, -3.337e-7, -3.355e-7, 1.413e-6, 3.553e-6, 2.140e-6, -3.212e-7, -3.271e-7, -3.152e-7, 1.313e-6, 3.529e-6, 2.216e-6, -3.097e-7, -3.099e-7, -3.095e-7, 1.375e-6, 3.547e-6, 2.172e-6, -3.201e-7, -3.170e-7, -3.232e-7
0.876, 1.293e-6, 3.423e-6, 2.130e-6, -3.405e-7, -3.407e-7, -3.403e-7, 1.455e-6, 3.616e-6, 2.161e-6, -3.265e-7, -3.287e-7, -3.244e-7, 1.351e-6, 3.586e-6, 2.235e-6, -3.142e-7, -3.123e-7, -3.162e-7, 1.421e-6, 3.613e-6, 2.192e-6, -3.234e-7, -3.238e-7, -3.231e-7
0.880, 1.331e-6, 3.480e-6, 2.149e-6, -3.443e-7, -3.465e-7, -3.422e-7, 1.502e-6, 3.684e-6, 2.183e-6, -3.302e-7, -3.326e-7, -3.278e-7, 1.396e-6, 3.651e-6, 2.255e-6, -3.169e-7, -3.168e-7, -3.170e-7, 1.473e-6, 3.685e-6, 2.212e-6, -3.300e-7, -3.288e-7, -3.311e-7
0.884, 1.377e-6, 3.547e-6, 2.170e-6, -3.490e-7, -3.489e-7, -3.491e-7, 1.551e-6, 3.757e-6, 2.205e-6, -3.355e-7, -3.369e-7, -3.341e-7, 1.442e-6, 3.717e-6, 2.274e-6, -3.224e-7, -3.215e-7, -3.232e-7, 1.519e-6, 3.754e-6, 2.235e-6, -3.340e-7, -3.337e-7, -3.342e-7
0.888, 1.424e-6, 3.610e-6, 2.186e-6, -3.530e-7, -3.525e-7, -3.535e-7, 1.602e-6, 3.831e-6, 2.229e-6, -3.402e-7, -3.439e-7, -3.365e-7, 1.489e-6, 3.787e-6, 2.298e-6, -3.268e-7, -3.249e-7, -3.286e-7, 1.578e-6, 3.836e-6, 2.258e-6, -3.396e-7, -3.390e-7, -3.401e-7
0.892, 1.472e-6, 3.682e-6, 2.210e-6, -3.588e-7, -3.598e-7, -3.578e-7, 1.654e-6, 3.910e-6, 2.256e-6, -3.493e-7, -3.520e-7, -3.466e-7, 1.537e-6, 3.857e-6, 2.320e-6, -3.331e-7, -3.316e-7, -3.346e-7, 1.634e-6, 3.913e-6, 2.279e-6, -3.447e-7, -3.408e-7, -3.486e-7
0.896, 1.528e-6, 3.757e-6, 2.228e-6, -3.662e-7, -3.670e-7, -3.653e-7, 1.712e-6, 3.995e-6, 2.283e-6, -3.544e-7, -3.589e-7, -3.498e-7, 1.586e-6, 3.936e-6, 2.350e-6, -3.366e-7, -3.348e-7, -3.383e-7, 1.691e-6, 4.001e-6, 2.310e-6, -3.510e-7, -3.477e-7, -3.544e-7
0.900, 1.584e-6, 3.838e-6, 2.254e-6, -3.718e-7, -3.677e-7, -3.758e-7, 1.776e-6, 4.086e-6, 2.311e-6, -3.591e-7, -3.628e-7, -3.554e-7, 1.639e-6, 4.017e-6, 2.378e-6, -3.411e-7, -3.422e-7, -3.399e-7, 1.752e-6, 4.092e-6, 2.339e-6, -3.595e-7, -3.570e-7, -3.619e-7
