0.104, 2.024e-6, -5.795e-7, -2.603e-6, 1.917e-6, -4.750e-7, -2.392e-6, 2.054e-6, -5.522e-7, -2.606e-6, 2.006e-6, -5.355e-7, -2.542e-6
0.108, 2.162e-6, 1.342e-7, -2.028e-6, 2.049e-6, 1.769e-7, -1.872e-6, 2.202e-6, 1.672e-7, -2.035e-6, 2.139e-6, 1.516e-7, -1.987e-6
0.112, 2.121e-6, 3.776e-7, -1.743e-6, 2.012e-6, 3.934e-7, -1.618e-6, 2.165e-6, 4.084e-7, -1.757e-6, 2.097e-6, 3.822e-7, -1.715e-6
0.116, 2.120e-6, 5.554e-7, -1.565e-6, 2.012e-6, 5.527e-7, -1.460e-6, 2.168e-6, 5.853e-7, -1.583e-6, 2.095e-6, 5.518e-7, -1.543e-6
0.120, 2.144e-6, 7.047e-7, -1.440e-6, 2.037e-6, 6.884e-7, -1.348e-6, 2.197e-6, 7.359e-7, -1.461e-6, 2.118e-6, 6.952e-7, -1.423e-6
0.124, 2.184e-6, 8.372e-7, -1.347e-6, 2.075e-6, 8.097e-7, -1.265e-6, 2.242e-6, 8.703e-7, -1.372e-6, 2.156e-6, 8.230e-7, -1.333e-6
0.128, 2.234e-6, 9.585e-7, -1.276e-6, 2.121e-6, 9.203e-7, -1.200e-6, 2.296e-6, 9.935e-7, -1.303e-6, 2.204e-6, 9.408e-7, -1.263e-6
0.132, 2.290e-6, 1.072e-6, -1.219e-6, 2.173e-6, 1.024e-6, -1.148e-6, 2.356e-6, 1.109e-6, -1.247e-6, 2.256e-6, 1.050e-6, -1.206e-6
0.136, 2.346e-6, 1.176e-6, -1.170e-6, 2.223e-6, 1.120e-6, -1.103e-6, 2.415e-6, 1.215e-6, -1.200e-6, 2.308e-6, 1.151e-6, -1.157e-6
0.140, 2.397e-6, 1.271e-6, -1.126e-6, 2.268e-6, 1.207e-6, -1.061e-6, 2.469e-6, 1.312e-6, -1.157e-6, 2.356e-6, 1.244e-6, -1.112e-6
0.144, 2.445e-6, 1.361e-6, -1.084e-6, 2.309e-6, 1.288e-6, -1.021e-6, 2.519e-6, 1.403e-6, -1.116e-6, 2.399e-6, 1.330e-6, -1.070e-6
0.148, 2.485e-6, 1.442e-6, -1.044e-6, 2.342e-6, 1.361e-6, -9.818e-7, 2.560e-6, 1.484e-6, -1.076e-6, 2.435e-6, 1.407e-6, -1.029e-6
0.152, 2.514e-6, 1.514e-6, -9.999e-7, 2.365e-6, 1.426e-6, -9.397e-7, 2.589e-6, 1.556e-6, -1.033e-6, 2.460e-6, 1.476e-6, -9.846e-7
0.156, 2.532e-6, 1.578e-6, -9.544e-7, 2.378e-6, 1.482e-6, -8.956e-7, 2.607e-6, 1.620e-6, -9.870e-7, 2.475e-6, 1.536e-6, -9.385e-7
0.160, 2.538e-6, 1.633e-6, -9.055e-7, 2.378e-6, 1.530e-6, -8.483e-7, 2.612e-6, 1.674e-6, -9.379e-7, 2.477e-6, 1.588e-6, -8.890e-7
0.164, 2.533e-6, 1.680e-6, -8.528e-7, 2.367e-6, 1.570e-6, -7.974e-7, 2.604e-6, 1.720e-6, -8.842e-7, 2.468e-6, 1.632e-6, -8.361e-7
0.168, 2.516e-6, 1.719e-6, -7.972e-7, 2.346e-6, 1.602e-6, -7.437e-7, 2.584e-6, 1.756e-6, -8.275e-7, 2.447e-6, 1.666e-6, -7.807e-7
0.172, 2.487e-6, 1.750e-6, -7.375e-7, 2.312e-6, 1.627e-6, -6.860e-7, 2.550e-6, 1.784e-6, -7.662e-7, 2.414e-6, 1.693e-6, -7.211e-7
0.176, 2.448e-6, 1.773e-6, -6.743e-7, 2.269e-6, 1.644e-6, -6.255e-7, 2.505e-6, 1.804e-6, -7.009e-7, 2.370e-6, 1.713e-6, -6.579e-7
0.180, 2.399e-6, 1.790e-6, -6.090e-7, 2.217e-6, 1.655e-6, -5.629e-7, 2.449e-6, 1.816e-6, -6.334e-7, 2.319e-6, 1.725e-6, -5.936e-7
0.184, 2.341e-6, 1.800e-6, -5.415e-7, 2.159e-6, 1.660e-6, -4.984e-7, 2.385e-6, 1.821e-6, -5.636e-7, 2.258e-6, 1.732e-6, -5.260e-7
0.188, 2.277e-6, 1.804e-6, -4.726e-7, 2.093e-6, 1.660e-6, -4.326e-7, 2.312e-6, 1.820e-6, -4.917e-7, 2.191e-6, 1.733e-6, -4.577e-7
0.192, 2.208e-6, 1.804e-6, -4.033e-7, 2.023e-6, 1.656e-6, -3.662e-7, 2.236e-6, 1.816e-6, -4.197e-7, 2.119e-6, 1.730e-6, -3.890e-7
0.196, 2.135e-6, 1.801e-6, -3.342e-7, 1.951e-6, 1.651e-6, -3.009e-7, 2.156e-6, 1.808e-6, -3.480e-7, 2.044e-6, 1.724e-6, -3.201e-7
0.200, 2.061e-6, 1.795e-6, -2.659e-7, 1.878e-6, 1.642e-6, -2.359e-7, 2.074e-6, 1.797e-6, -2.769e-7, 1.969e-6, 1.716e-6, -2.527e-7
0.204, 1.985e-6, 1.787e-6, -1.985e-7, 1.804e-6, 1.633e-6, -1.716e-7, 1.991e-6, 1.784e-6, -2.068e-7, 1.892e-6, 1.706e-6, -1.859e-7
0.208, 1.913e-6, 1.779e-6, -1.333e-7, 1.733e-6, 1.623e-6, -1.098e-7, 1.911e-6, 1.772e-6, -1.389e-7, 1.818e-6, 1.697e-6, -1.210e-7
0.212, 1.841e-6, 1.771e-6, -7.043e-8, 1.666e-6, 1.615e-6, -5.091e-8, 1.834e-6, 1.759e-6, -7.426e-8, 1.746e-6, 1.687e-6, -5.941e-8
0.216, 1.772e-6, 1.763e-6, -9.726e-9, 1.600e-6, 1.607e-6, 7.046e-9, 1.759e-6, 1.748e-6, -1.113e-8, 1.677e-6, 1.678e-6, 9.845e-10
0.220, 1.707e-6, 1.755e-6, 4.803e-8, 1.539e-6, 1.601e-6, 6.151e-8, 1.689e-6, 1.737e-6, 4.807e-8, 1.612e-6, 1.670e-6, 5.786e-8
0.224, 1.646e-6, 1.749e-6, 1.032e-7, 1.481e-6, 1.595e-6, 1.134e-7, 1.624e-6, 1.728e-6, 1.046e-7, 1.552e-6, 1.664e-6, 1.121e-7
0.228, 1.589e-6, 1.744e-6, 1.556e-7, 1.428e-6, 1.592e-6, 1.631e-7, 1.563e-6, 1.721e-6, 1.582e-7, 1.496e-6, 1.659e-6, 1.636e-7
0.232, 1.536e-6, 1.741e-6, 2.056e-7, 1.381e-6, 1.590e-6, 2.095e-7, 1.507e-6, 1.716e-6, 2.087e-7, 1.445e-6, 1.657e-6, 2.120e-7
0.236, 1.487e-6, 1.740e-6, 2.523e-7, 1.336e-6, 1.590e-6, 2.540e-7, 1.456e-6, 1.712e-6, 2.565e-7, 1.397e-6, 1.656e-6, 2.581e-7
0.240, 1.443e-6, 1.739e-6, 2.967e-7, 1.295e-6, 1.591e-6, 2.961e-7, 1.409e-6, 1.710e-6, 3.013e-7, 1.355e-6, 1.656e-6, 3.013e-7
0.244, 1.402e-6, 1.740e-6, 3.387e-7, 1.259e-6, 1.594e-6, 3.354e-7, 1.367e-6, 1.710e-6, 3.433e-7, 1.315e-6, 1.658e-6, 3.425e-7
0.248, 1.364e-6, 1.743e-6, 3.786e-7, 1.225e-6, 1.599e-6, 3.734e-7, 1.328e-6, 1.711e-6, 3.834e-7, 1.279e-6, 1.661e-6, 3.816e-7
0.252, 1.329e-6, 1.746e-6, 4.167e-7, 1.194e-6, 1.604e-6, 4.096e-7, 1.292e-6, 1.713e-6, 4.213e-7, 1.246e-6, 1.665e-6, 4.188e-7
0.256, 1.297e-6, 1.750e-6, 4.528e-7, 1.166e-6, 1.610e-6, 4.440e-7, 1.259e-6, 1.716e-6, 4.576e-7, 1.216e-6, 1.670e-6, 4.542e-7
0.260, 1.268e-6, 1.755e-6, 4.874e-7, 1.140e-6, 1.617e-6, 4.771e-7, 1.229e-6, 1.721e-6, 4.916e-7, 1.188e-6, 1.676e-6, 4.875e-7
0.264, 1.239e-6, 1.760e-6, 5.206e-7, 1.116e-6, 1.625e-6, 5.085e-7, 1.201e-6, 1.725e-6, 5.243e-7, 1.162e-6, 1.682e-6, 5.201e-7
0.268, 1.213e-6, 1.765e-6, 5.526e-7, 1.093e-6, 1.632e-6, 5.394e-7, 1.174e-6, 1.730e-6, 5.563e-7, 1.137e-6, 1.689e-6, 5.514e-7
0.272, 1.188e-6, 1.771e-6, 5.834e-7, 1.071e-6, 1.640e-6, 5.691e-7, 1.149e-6, 1.736e-6, 5.866e-7, 1.115e-6, 1.696e-6, 5.813e-7
0.276, 1.164e-6, 1.777e-6, 6.125e-7, 1.051e-6, 1.648e-6, 5.972e-7, 1.126e-6, 1.741e-6, 6.152e-7, 1.093e-6, 1.703e-6, 6.097e-7
0.280, 1.141e-6, 1.782e-6, 6.412e-7, 1.031e-6, 1.656e-6, 6.248e-7, 1.102e-6, 1.746e-6, 6.435e-7, 1.072e-6, 1.709e-6, 6.377e-7
0.284, 1.120e-6, 1.788e-6, 6.684e-7, 1.012e-6, 1.663e-6, 6.514e-7, 1.081e-6, 1.751e-6, 6.704e-7, 1.052e-6, 1.716e-6, 6.645e-7
0.288, 1.098e-6, 1.793e-6, 6.947e-7, 9.928e-7, 1.670e-6, 6.774e-7, 1.060e-6, 1.756e-6, 6.964e-7, 1.032e-6, 1.723e-6, 6.906e-7
0.292, 1.078e-6, 1.798e-6, 7.200e-7, 9.749e-7, 1.677e-6, 7.021e-7, 1.039e-6, 1.761e-6, 7.217e-7, 1.013e-6, 1.728e-6, 7.157e-7
0.296, 1.057e-6, 1.802e-6, 7.447e-7, 9.563e-7, 1.683e-6, 7.266e-7, 1.019e-6, 1.764e-6, 7.454e-7, 9.941e-7, 1.734e-6, 7.399e-7
0.300, 1.037e-6, 1.805e-6, 7.679e-7, 9.388e-7, 1.689e-6, 7.500e-7, 9.991e-7, 1.768e-6, 7.688e-7, 9.758e-7, 1.739e-6, 7.629e-7
0.304, 1.018e-6, 1.808e-6, 7.903e-7, 9.209e-7, 1.694e-6, 7.727e-7, 9.795e-7, 1.771e-6, 7.913e-7, 9.570e-7, 1.743e-6, 7.858e-7
0.308, 9.984e-7, 1.810e-6, 8.120e-7, 9.034e-7, 1.698e-6, 7.944e-7, 9.606e-7, 1.773e-6, 8.122e-7, 9.391e-7, 1.746e-6, 8.073e-7
0.312, 9.795e-7, 1.812e-6, 8.326e-7, 8.862e-7, 1.702e-6, 8.154e-7, 9.418e-7, 1.775e-6, 8.329e-7, 9.216e-7, 1.750e-6, 8.281e-7
0.316, 9.610e-7, 1.813e-6, 8.523e-7, 8.691e-7, 1.705e-6, 8.355e-7, 9.230e-7, 1.776e-6, 8.529e-7, 9.038e-7, 1.752e-6, 8.481e-7
0.320, 9.428e-7, 1.814e-6, 8.710e-7, 8.520e-7, 1.707e-6, 8.549e-7, 9.051e-7, 1.777e-6, 8.714e-7, 8.868e-7, 1.754e-6, 8.671e-7
0.324, 9.251e-7, 1.814e-6, 8.890e-7, 8.355e-7, 1.709e-6, 8.735e-7, 8.867e-7, 1.777e-6, 8.898e-7, 8.698e-7, 1.755e-6, 8.856e-7
0.328, 9.082e-7, 1.814e-6, 9.056e-7, 8.188e-7, 1.710e-6, 8.916e-7, 8.698e-7, 1.777e-6, 9.068e-7, 8.538e-7, 1.757e-6, 9.031e-7
0.332, 8.909e-7, 1.813e-6, 9.221e-7, 8.024e-7, 1.711e-6, 9.089e-7, 8.528e-7, 1.776e-6, 9.232e-7, 8.368e-7, 1.757e-6, 9.202e-7
0.336, 8.745e-7, 1.812e-6, 9.377e-7, 7.865e-7, 1.712e-6, 9.253e-7, 8.357e-7, 1.775e-6, 9.395e-7, 8.210e-7, 1.757e-6, 9.364e-7
0.340, 8.588e-7, 1.811e-6, 9.519e-7, 7.710e-7, 1.712e-6, 9.407e-7, 8.203e-7, 1.774e-6, 9.539e-7, 8.058e-7, 1.757e-6, 9.514e-7
0.344, 8.432e-7, 1.809e-6, 9.659e-7, 7.565e-7, 1.712e-6, 9.555e-7, 8.041e-7, 1.772e-6, 9.682e-7, 7.907e-7, 1.757e-6, 9.662e-7
0.348, 8.289e-7, 1.807e-6, 9.785e-7, 7.415e-7, 1.711e-6, 9.697e-7, 7.890e-7, 1.771e-6, 9.817e-7, 7.761e-7, 1.756e-6, 9.800e-7
0.352, 8.144e-7, 1.805e-6, 9.907e-7, 7.274e-7, 1.710e-6, 9.831e-7, 7.748e-7, 1.769e-6, 9.941e-7, 7.622e-7, 1.755e-6, 9.930e-7
0.356, 8.004e-7, 1.803e-6, 1.003e-6, 7.136e-7, 1.709e-6, 9.958e-7, 7.601e-7, 1.766e-6, 1.006e-6, 7.480e-7, 1.754e-6, 1.006e-6
0.360, 7.879e-7, 1.801e-6, 1.013e-6, 7.002e-7, 1.708e-6, 1.008e-6, 7.464e-7, 1.764e-6, 1.018e-6, 7.350e-7, 1.753e-6, 1.017e-6
0.364, 7.749e-7, 1.798e-6, 1.024e-6, 6.874e-7, 1.707e-6, 1.019e-6, 7.331e-7, 1.762e-6, 1.029e-6, 7.225e-7, 1.751e-6, 1.029e-6
0.368, 7.631e-7, 1.796e-6, 1.033e-6, 6.753e-7, 1.705e-6, 1.030e-6, 7.206e-7, 1.759e-6, 1.039e-6, 7.100e-7, 1.749e-6, 1.039e-6
0.372, 7.520e-7, 1.794e-6, 1.042e-6, 6.639e-7, 1.704e-6, 1.040e-6, 7.088e-7, 1.756e-6, 1.048e-6, 6.990e-7, 1.748e-6, 1.049e-6
0.376, 7.405e-7, 1.791e-6, 1.051e-6, 6.523e-7, 1.702e-6, 1.050e-6, 6.971e-7, 1.754e-6, 1.057e-6, 6.874e-7, 1.746e-6, 1.059e-6
0.380, 7.301e-7, 1.789e-6, 1.059e-6, 6.412e-7, 1.700e-6, 1.059e-6, 6.856e-7, 1.751e-6, 1.066e-6, 6.762e-7, 1.744e-6, 1.068e-6
0.384, 7.199e-7, 1.786e-6, 1.066e-6, 6.311e-7, 1.698e-6, 1.067e-6, 6.752e-7, 1.749e-6, 1.074e-6, 6.663e-7, 1.742e-6, 1.076e-6
0.388, 7.117e-7, 1.784e-6, 1.073e-6, 6.220e-7, 1.697e-6, 1.075e-6, 6.659e-7, 1.747e-6, 1.081e-6, 6.575e-7, 1.741e-6, 1.084e-6
0.392, 7.025e-7, 1.781e-6, 1.079e-6, 6.124e-7, 1.695e-6, 1.083e-6, 6.565e-7, 1.744e-6, 1.088e-6, 6.477e-7, 1.739e-6, 1.091e-6
0.396, 6.934e-7, 1.778e-6, 1.085e-6, 6.026e-7, 1.692e-6, 1.090e-6, 6.466e-7, 1.741e-6, 1.094e-6, 6.383e-7, 1.736e-6, 1.098e-6
0.400, 6.854e-7, 1.776e-6, 1.091e-6, 5.942e-7, 1.690e-6, 1.096e-6, 6.382e-7, 1.739e-6, 1.101e-6, 6.301e-7, 1.735e-6, 1.105e-6
0.404, 6.774e-7, 1.773e-6, 1.096e-6, 5.861e-7, 1.688e-6, 1.102e-6, 6.295e-7, 1.736e-6, 1.106e-6, 6.212e-7, 1.732e-6, 1.111e-6
0.408, 6.697e-7, 1.771e-6, 1.101e-6, 5.775e-7, 1.686e-6, 1.108e-6, 6.208e-7, 1.733e-6, 1.112e-6, 6.131e-7, 1.730e-6, 1.117e-6
0.412, 6.616e-7, 1.768e-6, 1.106e-6, 5.700e-7, 1.684e-6, 1.114e-6, 6.131e-7, 1.730e-6, 1.117e-6, 6.055e-7, 1.728e-6, 1.123e-6
0.416, 6.546e-7, 1.765e-6, 1.111e-6, 5.621e-7, 1.681e-6, 1.119e-6, 6.055e-7, 1.727e-6, 1.122e-6, 5.977e-7, 1.726e-6, 1.128e-6
0.420, 6.473e-7, 1.763e-6, 1.115e-6, 5.549e-7, 1.679e-6, 1.124e-6, 5.980e-7, 1.724e-6, 1.126e-6, 5.906e-7, 1.723e-6, 1.133e-6
0.424, 6.408e-7, 1.760e-6, 1.119e-6, 5.484e-7, 1.677e-6, 1.128e-6, 5.914e-7, 1.722e-6, 1.130e-6, 5.838e-7, 1.721e-6, 1.137e-6
0.428, 6.342e-7, 1.758e-6, 1.123e-6, 5.418e-7, 1.674e-6, 1.133e-6, 5.844e-7, 1.719e-6, 1.134e-6, 5.768e-7, 1.718e-6, 1.142e-6
0.432, 6.271e-7, 1.755e-6, 1.128e-6, 5.347e-7, 1.672e-6, 1.137e-6, 5.774e-7, 1.716e-6, 1.139e-6, 5.697e-7, 1.716e-6, 1.147e-6
0.436, 6.205e-7, 1.752e-6, 1.132e-6, 5.287e-7, 1.670e-6, 1.141e-6, 5.713e-7, 1.713e-6, 1.142e-6, 5.636e-7, 1.714e-6, 1.150e-6
0.440, 6.144e-7, 1.750e-6, 1.135e-6, 5.226e-7, 1.667e-6, 1.144e-6, 5.650e-7, 1.710e-6, 1.145e-6, 5.576e-7, 1.712e-6, 1.154e-6
0.444, 6.086e-7, 1.747e-6, 1.139e-6, 5.168e-7, 1.665e-6, 1.148e-6, 5.590e-7, 1.708e-6, 1.149e-6, 5.514e-7, 1.709e-6, 1.157e-6
0.448, 6.024e-7, 1.744e-6, 1.142e-6, 5.111e-7, 1.662e-6, 1.151e-6, 5.533e-7, 1.705e-6, 1.151e-6, 5.453e-7, 1.706e-6, 1.161e-6
0.452, 5.971e-7, 1.742e-6, 1.145e-6, 5.055e-7, 1.659e-6, 1.154e-6, 5.482e-7, 1.702e-6, 1.154e-6, 5.401e-7, 1.704e-6, 1.164e-6
0.456, 5.915e-7, 1.739e-6, 1.148e-6, 5.007e-7, 1.657e-6, 1.156e-6, 5.428e-7, 1.700e-6, 1.157e-6, 5.346e-7, 1.701e-6, 1.167e-6
0.460, 5.854e-7, 1.736e-6, 1.151e-6, 4.952e-7, 1.654e-6, 1.159e-6, 5.374e-7, 1.697e-6, 1.159e-6, 5.292e-7, 1.699e-6, 1.169e-6
0.464, 5.801e-7, 1.734e-6, 1.154e-6, 4.905e-7, 1.652e-6, 1.162e-6, 5.326e-7, 1.694e-6, 1.161e-6, 5.246e-7, 1.696e-6, 1.172e-6
0.468, 5.748e-7, 1.731e-6, 1.156e-6, 4.854e-7, 1.649e-6, 1.164e-6, 5.274e-7, 1.691e-6, 1.164e-6, 5.193e-7, 1.694e-6, 1.174e-6
0.472, 5.691e-7, 1.728e-6, 1.159e-6, 4.809e-7, 1.647e-6, 1.166e-6, 5.225e-7, 1.688e-6, 1.166e-6, 5.141e-7, 1.691e-6, 1.177e-6
0.476, 5.638e-7, 1.725e-6, 1.161e-6, 4.757e-7, 1.644e-6, 1.168e-6, 5.175e-7, 1.685e-6, 1.168e-6, 5.089e-7, 1.688e-6, 1.179e-6
0.480, 5.585e-7, 1.722e-6, 1.164e-6, 4.713e-7, 1.642e-6, 1.170e-6, 5.130e-7, 1.682e-6, 1.169e-6, 5.039e-7, 1.685e-6, 1.181e-6
0.484, 5.529e-7, 1.719e-6, 1.166e-6, 4.667e-7, 1.639e-6, 1.172e-6, 5.084e-7, 1.680e-6, 1.171e-6, 4.990e-7, 1.682e-6, 1.183e-6
0.488, 5.484e-7, 1.717e-6, 1.169e-6, 4.625e-7, 1.636e-6, 1.174e-6, 5.041e-7, 1.677e-6, 1.173e-6, 4.950e-7, 1.680e-6, 1.185e-6
0.492, 5.432e-7, 1.714e-6, 1.171e-6, 4.583e-7, 1.634e-6, 1.175e-6, 4.994e-7, 1.674e-6, 1.174e-6, 4.901e-7, 1.677e-6, 1.187e-6
0.496, 5.379e-7, 1.711e-6, 1.173e-6, 4.539e-7, 1.631e-6, 1.177e-6, 4.949e-7, 1.671e-6, 1.176e-6, 4.855e-7, 1.674e-6, 1.188e-6
0.500, 5.338e-7, 1.708e-6, 1.174e-6, 4.498e-7, 1.628e-6, 1.179e-6, 4.910e-7, 1.668e-6, 1.177e-6, 4.806e-7, 1.671e-6, 1.190e-6
0.504, 5.284e-7, 1.705e-6, 1.176e-6, 4.455e-7, 1.625e-6, 1.180e-6, 4.868e-7, 1.665e-6, 1.179e-6, 4.761e-7, 1.668e-6, 1.192e-6
0.508, 5.230e-7, 1.701e-6, 1.178e-6, 4.413e-7, 1.623e-6, 1.181e-6, 4.821e-7, 1.662e-6, 1.180e-6, 4.716e-7, 1.665e-6, 1.193e-6
0.512, 5.180e-7, 1.698e-6, 1.180e-6, 4.370e-7, 1.620e-6, 1.183e-6, 4.781e-7, 1.659e-6, 1.181e-6, 4.674e-7, 1.662e-6, 1.194e-6
0.516, 5.136e-7, 1.695e-6, 1.181e-6, 4.335e-7, 1.617e-6, 1.184e-6, 4.739e-7, 1.656e-6, 1.182e-6, 4.633e-7, 1.659e-6, 1.196e-6
0.520, 5.082e-7, 1.692e-6, 1.184e-6, 4.292e-7, 1.614e-6, 1.185e-6, 4.703e-7, 1.653e-6, 1.183e-6, 4.587e-7, 1.656e-6, 1.197e-6
0.524, 5.035e-7, 1.688e-6, 1.185e-6, 4.251e-7, 1.611e-6, 1.186e-6, 4.658e-7, 1.650e-6, 1.184e-6, 4.540e-7, 1.653e-6, 1.199e-6
0.528, 4.988e-7, 1.685e-6, 1.186e-6, 4.209e-7, 1.608e-6, 1.187e-6, 4.614e-7, 1.647e-6, 1.185e-6, 4.497e-7, 1.649e-6, 1.200e-6
0.532, 4.940e-7, 1.682e-6, 1.188e-6, 4.179e-7, 1.605e-6, 1.188e-6, 4.581e-7, 1.644e-6, 1.186e-6, 4.453e-7, 1.646e-6, 1.201e-6
0.536, 4.887e-7, 1.678e-6, 1.189e-6, 4.137e-7, 1.602e-6, 1.189e-6, 4.537e-7, 1.641e-6, 1.187e-6, 4.411e-7, 1.643e-6, 1.202e-6
0.540, 4.845e-7, 1.675e-6, 1.190e-6, 4.095e-7, 1.599e-6, 1.190e-6, 4.499e-7, 1.638e-6, 1.188e-6, 4.369e-7, 1.640e-6, 1.203e-6
0.544, 4.793e-7, 1.671e-6, 1.192e-6, 4.057e-7, 1.596e-6, 1.191e-6, 4.461e-7, 1.635e-6, 1.189e-6, 4.324e-7, 1.636e-6, 1.204e-6
0.548, 4.749e-7, 1.668e-6, 1.193e-6, 4.025e-7, 1.593e-6, 1.191e-6, 4.424e-7, 1.632e-6, 1.190e-6, 4.285e-7, 1.633e-6, 1.205e-6
0.552, 4.703e-7, 1.664e-6, 1.194e-6, 3.987e-7, 1.590e-6, 1.192e-6, 4.389e-7, 1.629e-6, 1.190e-6, 4.244e-7, 1.630e-6, 1.206e-6
0.556, 4.655e-7, 1.661e-6, 1.195e-6, 3.946e-7, 1.587e-6, 1.192e-6, 4.348e-7, 1.626e-6, 1.191e-6, 4.204e-7, 1.627e-6, 1.206e-6
0.560, 4.612e-7, 1.657e-6, 1.196e-6, 3.911e-7, 1.584e-6, 1.193e-6, 4.311e-7, 1.623e-6, 1.192e-6, 4.162e-7, 1.623e-6, 1.207e-6
0.564, 4.570e-7, 1.654e-6, 1.197e-6, 3.875e-7, 1.581e-6, 1.193e-6, 4.279e-7, 1.620e-6, 1.192e-6, 4.125e-7, 1.620e-6, 1.208e-6
0.568, 4.525e-7, 1.650e-6, 1.198e-6, 3.839e-7, 1.578e-6, 1.194e-6, 4.244e-7, 1.617e-6, 1.192e-6, 4.088e-7, 1.617e-6, 1.208e-6
0.572, 4.476e-7, 1.646e-6, 1.199e-6, 3.803e-7, 1.575e-6, 1.194e-6, 4.211e-7, 1.614e-6, 1.193e-6, 4.046e-7, 1.613e-6, 1.209e-6
0.576, 4.438e-7, 1.643e-6, 1.199e-6, 3.772e-7, 1.572e-6, 1.195e-6, 4.171e-7, 1.610e-6, 1.193e-6, 4.007e-7, 1.610e-6, 1.209e-6
0.580, 4.398e-7, 1.639e-6, 1.200e-6, 3.741e-7, 1.569e-6, 1.195e-6, 4.146e-7, 1.608e-6, 1.193e-6, 3.976e-7, 1.607e-6, 1.209e-6
0.584, 4.359e-7, 1.636e-6, 1.200e-6, 3.707e-7, 1.566e-6, 1.195e-6, 4.112e-7, 1.605e-6, 1.194e-6, 3.941e-7, 1.604e-6, 1.210e-6
0.588, 4.319e-7, 1.633e-6, 1.201e-6, 3.676e-7, 1.563e-6, 1.195e-6, 4.077e-7, 1.602e-6, 1.194e-6, 3.902e-7, 1.600e-6, 1.210e-6
0.592, 4.279e-7, 1.629e-6, 1.201e-6, 3.646e-7, 1.560e-6, 1.195e-6, 4.047e-7, 1.599e-6, 1.194e-6, 3.869e-7, 1.597e-6, 1.210e-6
0.596, 4.246e-7, 1.626e-6, 1.201e-6, 3.620e-7, 1.557e-6, 1.195e-6, 4.022e-7, 1.596e-6, 1.194e-6, 3.845e-7, 1.594e-6, 1.210e-6
0.600, 4.212e-7, 1.623e-6, 1.202e-6, 3.589e-7, 1.554e-6, 1.195e-6, 3.992e-7, 1.593e-6, 1.194e-6, 3.811e-7, 1.591e-6, 1.210e-6
0.604, 4.177e-7, 1.620e-6, 1.202e-6, 3.562e-7, 1.551e-6, 1.195e-6, 3.959e-7, 1.590e-6, 1.194e-6, 3.781e-7, 1.588e-6, 1.210e-6
0.608, 4.145e-7, 1.616e-6, 1.202e-6, 3.529e-7, 1.548e-6, 1.195e-6, 3.937e-7, 1.588e-6, 1.194e-6, 3.747e-7, 1.585e-6, 1.210e-6
0.612, 4.111e-7, 1.613e-6, 1.202e-6, 3.506e-7, 1.546e-6, 1.195e-6, 3.905e-7, 1.585e-6, 1.194e-6, 3.719e-7, 1.582e-6, 1.210e-6
0.616, 4.082e-7, 1.611e-6, 1.202e-6, 3.484e-7, 1.543e-6, 1.194e-6, 3.882e-7, 1.582e-6, 1.194e-6, 3.691e-7, 1.579e-6, 1.210e-6
0.620, 4.056e-7, 1.607e-6, 1.202e-6, 3.462e-7, 1.541e-6, 1.194e-6, 3.860e-7, 1.580e-6, 1.194e-6, 3.664e-7, 1.576e-6, 1.210e-6
0.624, 4.021e-7, 1.604e-6, 1.202e-6, 3.438e-7, 1.538e-6, 1.194e-6, 3.832e-7, 1.577e-6, 1.194e-6, 3.637e-7, 1.573e-6, 1.209e-6
0.628, 4.002e-7, 1.602e-6, 1.202e-6, 3.419e-7, 1.536e-6, 1.194e-6, 3.811e-7, 1.575e-6, 1.194e-6, 3.616e-7, 1.571e-6, 1.209e-6
0.632, 3.977e-7, 1.599e-6, 1.201e-6, 3.399e-7, 1.533e-6, 1.193e-6, 3.794e-7, 1.572e-6, 1.193e-6, 3.591e-7, 1.568e-6, 1.209e-6
0.636, 3.951e-7, 1.596e-6, 1.201e-6, 3.380e-7, 1.531e-6, 1.193e-6, 3.770e-7, 1.570e-6, 1.193e-6, 3.572e-7, 1.565e-6, 1.208e-6
0.640, 3.932e-7, 1.594e-6, 1.201e-6, 3.361e-7, 1.528e-6, 1.192e-6, 3.749e-7, 1.568e-6, 1.193e-6, 3.549e-7, 1.563e-6, 1.208e-6
0.644, 3.912e-7, 1.592e-6, 1.200e-6, 3.347e-7, 1.527e-6, 1.192e-6, 3.737e-7, 1.566e-6, 1.192e-6, 3.534e-7, 1.561e-6, 1.207e-6
0.648, 3.896e-7, 1.590e-6, 1.200e-6, 3.336e-7, 1.525e-6, 1.191e-6, 3.726e-7, 1.564e-6, 1.192e-6, 3.516e-7, 1.559e-6, 1.207e-6
0.652, 3.879e-7, 1.588e-6, 1.200e-6, 3.321e-7, 1.523e-6, 1.191e-6, 3.712e-7, 1.562e-6, 1.191e-6, 3.502e-7, 1.557e-6, 1.206e-6
0.656, 3.869e-7, 1.586e-6, 1.199e-6, 3.313e-7, 1.521e-6, 1.190e-6, 3.700e-7, 1.561e-6, 1.191e-6, 3.496e-7, 1.555e-6, 1.205e-6
0.660, 3.858e-7, 1.584e-6, 1.198e-6, 3.306e-7, 1.520e-6, 1.189e-6, 3.693e-7, 1.559e-6, 1.190e-6, 3.481e-7, 1.553e-6, 1.205e-6
0.664, 3.850e-7, 1.583e-6, 1.198e-6, 3.300e-7, 1.519e-6, 1.189e-6, 3.683e-7, 1.558e-6, 1.190e-6, 3.473e-7, 1.552e-6, 1.204e-6
0.668, 3.840e-7, 1.581e-6, 1.197e-6, 3.297e-7, 1.518e-6, 1.188e-6, 3.681e-7, 1.557e-6, 1.189e-6, 3.465e-7, 1.550e-6, 1.204e-6
0.672, 3.841e-7, 1.581e-6, 1.197e-6, 3.296e-7, 1.517e-6, 1.187e-6, 3.678e-7, 1.556e-6, 1.189e-6, 3.468e-7, 1.550e-6, 1.203e-6
0.676, 3.837e-7, 1.580e-6, 1.196e-6, 3.299e-7, 1.516e-6, 1.186e-6, 3.684e-7, 1.556e-6, 1.188e-6, 3.467e-7, 1.549e-6, 1.202e-6
0.680, 3.837e-7, 1.579e-6, 1.195e-6, 3.303e-7, 1.516e-6, 1.186e-6, 3.684e-7, 1.556e-6, 1.187e-6, 3.473e-7, 1.548e-6, 1.201e-6
0.684, 3.844e-7, 1.579e-6, 1.194e-6, 3.311e-7, 1.516e-6, 1.185e-6, 3.693e-7, 1.556e-6, 1.187e-6, 3.473e-7, 1.548e-6, 1.200e-6
0.688, 3.851e-7, 1.579e-6, 1.194e-6, 3.322e-7, 1.516e-6, 1.184e-6, 3.700e-7, 1.556e-6, 1.187e-6, 3.480e-7, 1.548e-6, 1.200e-6
0.692, 3.860e-7, 1.579e-6, 1.193e-6, 3.337e-7, 1.517e-6, 1.183e-6, 3.717e-7, 1.557e-6, 1.186e-6, 3.490e-7, 1.548e-6, 1.199e-6
0.696, 3.875e-7, 1.580e-6, 1.192e-6, 3.350e-7, 1.518e-6, 1.183e-6, 3.732e-7, 1.559e-6, 1.185e-6, 3.512e-7, 1.550e-6, 1.198e-6
0.700, 3.890e-7, 1.581e-6, 1.192e-6, 3.374e-7, 1.520e-6, 1.182e-6, 3.756e-7, 1.560e-6, 1.185e-6, 3.526e-7, 1.551e-6, 1.198e-6
0.704, 3.915e-7, 1.583e-6, 1.191e-6, 3.400e-7, 1.521e-6, 1.181e-6, 3.783e-7, 1.563e-6, 1.184e-6, 3.551e-7, 1.552e-6, 1.197e-6
0.708, 3.946e-7, 1.585e-6, 1.191e-6, 3.434e-7, 1.524e-6, 1.181e-6, 3.818e-7, 1.566e-6, 1.184e-6, 3.581e-7, 1.555e-6, 1.196e-6
0.712, 3.980e-7, 1.588e-6, 1.190e-6, 3.468e-7, 1.527e-6, 1.180e-6, 3.853e-7, 1.569e-6, 1.184e-6, 3.614e-7, 1.557e-6, 1.196e-6
0.716, 4.012e-7, 1.591e-6, 1.189e-6, 3.512e-7, 1.531e-6, 1.179e-6, 3.894e-7, 1.573e-6, 1.183e-6, 3.655e-7, 1.561e-6, 1.195e-6
0.720, 4.051e-7, 1.594e-6, 1.189e-6, 3.558e-7, 1.535e-6, 1.179e-6, 3.944e-7, 1.578e-6, 1.183e-6, 3.698e-7, 1.564e-6, 1.195e-6
0.724, 4.107e-7, 1.600e-6, 1.189e-6, 3.615e-7, 1.540e-6, 1.179e-6, 4.007e-7, 1.583e-6, 1.182e-6, 3.752e-7, 1.569e-6, 1.194e-6
0.728, 4.172e-7, 1.605e-6, 1.188e-6, 3.679e-7, 1.546e-6, 1.178e-6, 4.071e-7, 1.590e-6, 1.183e-6, 3.813e-7, 1.575e-6, 1.194e-6
0.732, 4.235e-7, 1.611e-6, 1.188e-6, 3.751e-7, 1.553e-6, 1.178e-6, 4.146e-7, 1.597e-6, 1.182e-6, 3.880e-7, 1.582e-6, 1.194e-6
0.736, 4.305e-7, 1.618e-6, 1.188e-6, 3.831e-7, 1.561e-6, 1.178e-6, 4.233e-7, 1.606e-6, 1.183e-6, 3.964e-7, 1.590e-6, 1.193e-6
0.740, 4.393e-7, 1.627e-6, 1.188e-6, 3.923e-7, 1.570e-6, 1.178e-6, 4.332e-7, 1.616e-6, 1.183e-6, 4.047e-7, 1.598e-6, 1.193e-6
0.744, 4.491e-7, 1.637e-6, 1.188e-6, 4.028e-7, 1.581e-6, 1.178e-6, 4.440e-7, 1.627e-6, 1.183e-6, 4.152e-7, 1.609e-6, 1.193e-6
0.748, 4.602e-7, 1.648e-6, 1.188e-6, 4.138e-7, 1.592e-6, 1.178e-6, 4.565e-7, 1.640e-6, 1.183e-6, 4.262e-7, 1.620e-6, 1.194e-6
0.752, 4.728e-7, 1.661e-6, 1.189e-6, 4.274e-7, 1.606e-6, 1.179e-6, 4.702e-7, 1.655e-6, 1.184e-6, 4.394e-7, 1.633e-6, 1.194e-6
0.756, 4.870e-7, 1.676e-6, 1.189e-6, 4.420e-7, 1.621e-6, 1.179e-6, 4.861e-7, 1.671e-6, 1.185e-6, 4.536e-7, 1.648e-6, 1.195e-6
0.760, 5.024e-7, 1.692e-6, 1.190e-6, 4.589e-7, 1.638e-6, 1.180e-6, 5.043e-7, 1.690e-6, 1.186e-6, 4.700e-7, 1.665e-6, 1.195e-6
0.764, 5.198e-7, 1.711e-6, 1.191e-6, 4.766e-7, 1.658e-6, 1.181e-6, 5.239e-7, 1.711e-6, 1.187e-6, 4.880e-7, 1.684e-6, 1.196e-6
0.768, 5.388e-7, 1.731e-6, 1.192e-6, 4.970e-7, 1.680e-6, 1.183e-6, 5.456e-7, 1.735e-6, 1.189e-6, 5.078e-7, 1.706e-6, 1.198e-6
0.772, 5.610e-7, 1.755e-6, 1.194e-6, 5.204e-7, 1.705e-6, 1.184e-6, 5.704e-7, 1.762e-6, 1.192e-6, 5.308e-7, 1.731e-6, 1.200e-6
0.776, 5.854e-7, 1.781e-6, 1.196e-6, 5.446e-7, 1.732e-6, 1.187e-6, 5.983e-7, 1.793e-6, 1.194e-6, 5.559e-7, 1.758e-6, 1.202e-6
0.780, 6.117e-7, 1.810e-6, 1.199e-6, 5.725e-7, 1.762e-6, 1.190e-6, 6.281e-7, 1.826e-6, 1.198e-6, 5.838e-7, 1.789e-6, 1.205e-6
0.784, 6.419e-7, 1.844e-6, 1.202e-6, 6.037e-7, 1.797e-6, 1.194e-6, 6.626e-7, 1.865e-6, 1.202e-6, 6.144e-7, 1.824e-6, 1.209e-6
0.788, 6.750e-7, 1.881e-6, 1.206e-6, 6.380e-7, 1.836e-6, 1.198e-6, 6.999e-7, 1.907e-6, 1.207e-6, 6.492e-7, 1.863e-6, 1.213e-6
0.792, 7.110e-7, 1.922e-6, 1.211e-6, 6.757e-7, 1.879e-6, 1.203e-6, 7.409e-7, 1.954e-6, 1.213e-6, 6.875e-7, 1.906e-6, 1.219e-6
0.796, 7.519e-7, 1.968e-6, 1.216e-6, 7.175e-7, 1.927e-6, 1.210e-6, 7.875e-7, 2.007e-6, 1.220e-6, 7.299e-7, 1.955e-6, 1.225e-6
0.800, 7.961e-7, 2.019e-6, 1.223e-6, 7.638e-7, 1.981e-6, 1.217e-6, 8.383e-7, 2.067e-6, 1.228e-6, 7.763e-7, 2.009e-6, 1.232e-6
