-0.100, -3.840e-7, -3.594e-7, -3.440e-7, -3.533e-7
-0.099, -3.471e-7, -3.287e-7, -3.133e-7, -3.287e-7
-0.098, -3.226e-7, -3.103e-7, -2.980e-7, -3.103e-7
-0.097, -3.072e-7, -2.949e-7, -2.826e-7, -2.949e-7
-0.096, -2.918e-7, -2.796e-7, -2.704e-7, -2.826e-7
-0.095, -2.826e-7, -2.704e-7, -2.581e-7, -2.704e-7
-0.094, -2.704e-7, -2.581e-7, -2.489e-7, -2.611e-7
-0.093, -2.611e-7, -2.489e-7, -2.396e-7, -2.489e-7
-0.092, -2.489e-7, -2.396e-7, -2.304e-7, -2.396e-7
-0.091, -2.427e-7, -2.304e-7, -2.212e-7, -2.304e-7
-0.090, -2.304e-7, -2.212e-7, -2.120e-7, -2.212e-7
-0.089, -2.212e-7, -2.120e-7, -2.028e-7, -2.120e-7
-0.088, -2.151e-7, -2.028e-7, -1.967e-7, -2.059e-7
-0.087, -2.089e-7, -1.967e-7, -1.875e-7, -1.967e-7
-0.086, -1.997e-7, -1.905e-7, -1.813e-7, -1.905e-7
-0.085, -1.905e-7, -1.813e-7, -1.721e-7, -1.813e-7
-0.084, -1.844e-7, -1.752e-7, -1.660e-7, -1.752e-7
-0.083, -1.782e-7, -1.660e-7, -1.598e-7, -1.690e-7
-0.082, -1.721e-7, -1.598e-7, -1.537e-7, -1.598e-7
-0.081, -1.629e-7, -1.537e-7, -1.475e-7, -1.537e-7
-0.080, -1.598e-7, -1.475e-7, -1.414e-7, -1.475e-7
-0.079, -1.537e-7, -1.414e-7, -1.353e-7, -1.414e-7
-0.078, -1.475e-7, -1.383e-7, -1.291e-7, -1.353e-7
-0.077, -1.414e-7, -1.322e-7, -1.260e-7, -1.291e-7
-0.076, -1.353e-7, -1.260e-7, -1.199e-7, -1.260e-7
-0.075, -1.291e-7, -1.199e-7, -1.138e-7, -1.199e-7
-0.074, -1.260e-7, -1.168e-7, -1.107e-7, -1.138e-7
-0.073, -1.199e-7, -1.107e-7, -1.045e-7, -1.107e-7
-0.072, -1.138e-7, -1.076e-7, -1.015e-7, -1.045e-7
-0.071, -1.107e-7, -1.015e-7, -9.534e-8, -1.015e-7
-0.070, -1.076e-7, -9.841e-8, -9.226e-8, -9.534e-8
-0.069, -1.015e-7, -9.227e-8, -8.612e-8, -9.227e-8
-0.068, -9.841e-8, -8.920e-8, -8.305e-8, -8.612e-8
-0.067, -9.227e-8, -8.305e-8, -7.998e-8, -8.305e-8
-0.066, -8.920e-8, -7.998e-8, -7.384e-8, -7.998e-8
-0.065, -8.612e-8, -7.691e-8, -7.077e-8, -7.384e-8
-0.064, -7.998e-8, -7.384e-8, -6.770e-8, -7.077e-8
-0.063, -7.691e-8, -7.077e-8, -6.463e-8, -6.770e-8
-0.062, -7.384e-8, -6.463e-8, -6.156e-8, -6.463e-8
-0.061, -7.077e-8, -6.156e-8, -5.849e-8, -6.156e-8
-0.060, -6.770e-8, -5.849e-8, -5.542e-8, -5.849e-8
-0.059, -6.463e-8, -5.542e-8, -5.235e-8, -5.542e-8
-0.058, -6.156e-8, -5.235e-8, -4.928e-8, -4.928e-8
-0.057, -5.849e-8, -4.928e-8, -4.621e-8, -4.928e-8
-0.056, -5.542e-8, -4.621e-8, -4.314e-8, -4.621e-8
-0.055, -5.235e-8, -4.621e-8, -4.007e-8, -4.314e-8
-0.054, -4.928e-8, -4.314e-8, -3.700e-8, -4.007e-8
-0.053, -4.621e-8, -4.007e-8, -3.700e-8, -3.700e-8
-0.052, -4.314e-8, -3.700e-8, -3.393e-8, -3.393e-8
-0.051, -4.314e-8, -3.393e-8, -3.085e-8, -3.086e-8
-0.050, -4.007e-8, -3.086e-8, -2.778e-8, -2.778e-8
-0.049, -3.700e-8, -2.779e-8, -2.471e-8, -2.471e-8
-0.048, -3.393e-8, -2.779e-8, -2.164e-8, -2.471e-8
-0.047, -3.393e-8, -2.471e-8, -2.164e-8, -2.164e-8
-0.046, -3.086e-8, -2.164e-8, -1.857e-8, -1.857e-8
-0.045, -2.779e-8, -2.164e-8, -1.550e-8, -1.550e-8
-0.044, -2.472e-8, -1.857e-8, -1.243e-8, -1.550e-8
-0.043, -2.472e-8, -1.550e-8, -1.243e-8, -1.243e-8
-0.042, -2.164e-8, -1.550e-8, -1.243e-8, -9.362e-9
-0.041, -1.857e-8, -1.243e-8, -9.361e-9, -9.362e-9
-0.040, -1.857e-8, -1.243e-8, -6.291e-9, -9.362e-9
-0.039, -1.550e-8, -9.362e-9, -6.291e-9, -6.291e-9
-0.038, -1.550e-8, -6.292e-9, -3.220e-9, -3.221e-9
-0.037, -1.243e-8, -6.292e-9, -3.220e-9, -3.221e-9
-0.036, -9.363e-9, -3.221e-9, -1.497e-10, -1.502e-10
-0.035, -9.363e-9, -3.221e-9, -1.497e-10, 2.920e-9
-0.034, -6.292e-9, -1.508e-10, 2.921e-9, 2.920e-9
-0.033, -6.292e-9, -1.508e-10, 2.921e-9, 2.920e-9
-0.032, -3.222e-9, 2.920e-9, 5.991e-9, 5.991e-9
-0.031, -3.222e-9, 2.920e-9, 5.991e-9, 5.991e-9
-0.030, -1.511e-10, 5.990e-9, 5.991e-9, 9.061e-9
-0.029, -1.511e-10, 5.990e-9, 9.062e-9, 9.061e-9
-0.028, 2.919e-9, 5.990e-9, 1.213e-8, 1.213e-8
-0.027, 2.919e-9, 9.061e-9, 1.213e-8, 1.213e-8
-0.026, 2.919e-9, 9.061e-9, 1.213e-8, 1.520e-8
-0.025, 5.990e-9, 1.213e-8, 1.520e-8, 1.520e-8
-0.024, 5.990e-9, 1.213e-8, 1.520e-8, 1.827e-8
-0.023, 5.990e-9, 1.520e-8, 1.827e-8, 1.827e-8
-0.022, 9.060e-9, 1.520e-8, 1.827e-8, 2.134e-8
-0.021, 9.060e-9, 1.520e-8, 1.827e-8, 2.134e-8
-0.020, 1.213e-8, 1.520e-8, 2.134e-8, 2.134e-8
-0.019, 1.213e-8, 1.827e-8, 2.134e-8, 2.134e-8
-0.018, 1.213e-8, 1.827e-8, 2.134e-8, 2.441e-8
-0.017, 1.520e-8, 1.827e-8, 2.441e-8, 2.441e-8
-0.016, 1.520e-8, 2.134e-8, 2.441e-8, 2.441e-8
-0.015, 1.827e-8, 2.134e-8, 2.441e-8, 2.748e-8
-0.014, 1.827e-8, 2.134e-8, 2.748e-8, 2.748e-8
-0.013, 1.827e-8, 2.441e-8, 2.748e-8, 3.055e-8
-0.012, 2.134e-8, 2.441e-8, 2.748e-8, 3.055e-8
-0.011, 2.134e-8, 2.441e-8, 2.748e-8, 3.055e-8
-0.010, 2.134e-8, 2.441e-8, 3.056e-8, 3.055e-8
-0.009, 2.441e-8, 2.748e-8, 3.056e-8, 3.363e-8
-0.008, 2.441e-8, 2.748e-8, 3.056e-8, 3.363e-8
-0.007, 2.441e-8, 2.748e-8, 3.363e-8, 3.363e-8
-0.006, 2.441e-8, 3.055e-8, 3.363e-8, 3.670e-8
-0.005, 2.748e-8, 3.055e-8, 3.363e-8, 3.670e-8
-0.004, 2.748e-8, 3.055e-8, 3.363e-8, 3.670e-8
-0.003, 2.748e-8, 3.055e-8, 3.670e-8, 3.670e-8
-0.002, 2.748e-8, 3.055e-8, 3.670e-8, 3.977e-8
-0.001, 3.055e-8, 3.362e-8, 3.670e-8, 3.977e-8
-0.000, 3.055e-8, 3.362e-8, 3.670e-8, 3.977e-8
0.001, 3.055e-8, 3.670e-8, 3.977e-8, 4.284e-8
0.002, 3.055e-8, 3.670e-8, 3.977e-8, 4.284e-8
0.003, 3.362e-8, 3.670e-8, 3.977e-8, 4.284e-8
0.004, 3.362e-8, 3.670e-8, 3.977e-8, 4.284e-8
0.005, 3.362e-8, 3.670e-8, 4.284e-8, 4.591e-8
0.006, 3.669e-8, 3.670e-8, 4.284e-8, 4.591e-8
0.007, 3.669e-8, 3.977e-8, 4.284e-8, 4.591e-8
0.008, 3.669e-8, 3.977e-8, 4.591e-8, 4.898e-8
0.009, 3.669e-8, 3.977e-8, 4.591e-8, 4.898e-8
0.010, 3.977e-8, 3.977e-8, 4.591e-8, 4.898e-8
0.011, 3.977e-8, 4.284e-8, 4.591e-8, 4.898e-8
0.012, 3.977e-8, 4.284e-8, 4.591e-8, 5.205e-8
0.013, 3.977e-8, 4.284e-8, 4.898e-8, 5.205e-8
0.014, 4.284e-8, 4.284e-8, 4.898e-8, 5.205e-8
0.015, 3.977e-8, 4.284e-8, 4.898e-8, 5.205e-8
0.016, 4.284e-8, 4.591e-8, 4.898e-8, 5.205e-8
0.017, 4.284e-8, 4.591e-8, 5.205e-8, 5.512e-8
0.018, 4.284e-8, 4.591e-8, 5.205e-8, 5.512e-8
0.019, 4.284e-8, 4.591e-8, 5.205e-8, 5.512e-8
0.020, 4.591e-8, 4.591e-8, 5.205e-8, 5.512e-8
0.021, 4.591e-8, 4.898e-8, 5.205e-8, 5.819e-8
0.022, 4.591e-8, 4.898e-8, 5.512e-8, 5.819e-8
0.023, 4.898e-8, 4.898e-8, 5.512e-8, 5.819e-8
0.024, 4.898e-8, 4.898e-8, 5.512e-8, 5.819e-8
0.025, 4.898e-8, 5.205e-8, 5.512e-8, 5.819e-8
0.026, 4.898e-8, 5.205e-8, 5.819e-8, 6.126e-8
0.027, 4.898e-8, 5.205e-8, 5.819e-8, 6.126e-8
0.028, 4.898e-8, 5.205e-8, 5.819e-8, 6.126e-8
0.029, 5.205e-8, 5.205e-8, 5.819e-8, 6.126e-8
0.030, 5.205e-8, 5.205e-8, 5.819e-8, 6.433e-8
0.031, 5.205e-8, 5.512e-8, 6.126e-8, 6.433e-8
0.032, 5.205e-8, 5.512e-8, 6.126e-8, 6.433e-8
0.033, 5.512e-8, 5.512e-8, 6.126e-8, 6.433e-8
0.034, 5.512e-8, 5.512e-8, 6.126e-8, 6.740e-8
0.035, 5.512e-8, 5.512e-8, 6.126e-8, 6.740e-8
0.036, 5.512e-8, 5.819e-8, 6.433e-8, 6.740e-8
0.037, 5.512e-8, 5.819e-8, 6.433e-8, 6.740e-8
0.038, 5.819e-8, 5.819e-8, 6.433e-8, 7.047e-8
0.039, 5.819e-8, 5.819e-8, 6.740e-8, 7.047e-8
0.040, 5.819e-8, 5.819e-8, 6.740e-8, 7.047e-8
0.041, 5.819e-8, 6.126e-8, 6.740e-8, 7.047e-8
0.042, 5.819e-8, 6.126e-8, 6.740e-8, 7.354e-8
0.043, 6.126e-8, 6.126e-8, 7.047e-8, 7.354e-8
0.044, 6.126e-8, 6.126e-8, 7.047e-8, 7.354e-8
0.045, 6.126e-8, 6.126e-8, 7.047e-8, 7.661e-8
0.046, 6.126e-8, 6.126e-8, 7.047e-8, 7.661e-8
0.047, 6.126e-8, 6.433e-8, 7.354e-8, 7.661e-8
0.048, 6.433e-8, 6.433e-8, 7.354e-8, 7.661e-8
0.049, 6.433e-8, 6.433e-8, 7.354e-8, 7.968e-8
0.050, 6.433e-8, 6.433e-8, 7.354e-8, 7.968e-8
0.051, 6.433e-8, 6.740e-8, 7.354e-8, 7.968e-8
0.052, 6.740e-8, 6.740e-8, 7.661e-8, 8.275e-8
0.053, 6.740e-8, 6.740e-8, 7.661e-8, 8.275e-8
0.054, 6.740e-8, 7.047e-8, 7.661e-8, 8.275e-8
0.055, 6.740e-8, 7.047e-8, 7.968e-8, 8.275e-8
0.056, 7.047e-8, 7.047e-8, 7.968e-8, 8.275e-8
0.057, 7.047e-8, 7.047e-8, 7.968e-8, 8.582e-8
0.058, 7.047e-8, 7.047e-8, 8.275e-8, 8.582e-8
0.059, 7.047e-8, 7.354e-8, 8.275e-8, 8.582e-8
0.060, 7.354e-8, 7.354e-8, 8.275e-8, 8.889e-8
0.061, 7.354e-8, 7.354e-8, 8.275e-8, 8.889e-8
0.062, 7.354e-8, 7.354e-8, 8.582e-8, 9.196e-8
0.063, 7.354e-8, 7.661e-8, 8.582e-8, 9.196e-8
0.064, 7.661e-8, 7.661e-8, 8.889e-8, 9.196e-8
0.065, 7.661e-8, 7.661e-8, 8.889e-8, 9.504e-8
0.066, 7.661e-8, 7.968e-8, 8.889e-8, 9.504e-8
0.067, 7.968e-8, 7.968e-8, 8.889e-8, 9.811e-8
0.068, 7.968e-8, 7.968e-8, 9.197e-8, 9.811e-8
0.069, 7.968e-8, 8.275e-8, 9.197e-8, 9.811e-8
0.070, 7.968e-8, 8.275e-8, 9.504e-8, 1.012e-7
0.071, 8.275e-8, 8.275e-8, 9.504e-8, 1.012e-7
0.072, 8.275e-8, 8.275e-8, 9.811e-8, 1.042e-7
0.073, 8.275e-8, 8.582e-8, 9.811e-8, 1.042e-7
0.074, 8.275e-8, 8.582e-8, 9.811e-8, 1.042e-7
0.075, 8.582e-8, 8.582e-8, 1.012e-7, 1.073e-7
0.076, 8.582e-8, 8.889e-8, 1.012e-7, 1.073e-7
0.077, 8.889e-8, 8.889e-8, 1.042e-7, 1.104e-7
0.078, 8.889e-8, 9.196e-8, 1.042e-7, 1.104e-7
0.079, 8.889e-8, 9.196e-8, 1.073e-7, 1.135e-7
0.080, 9.196e-8, 9.196e-8, 1.073e-7, 1.165e-7
0.081, 9.196e-8, 9.503e-8, 1.104e-7, 1.165e-7
0.082, 9.196e-8, 9.503e-8, 1.104e-7, 1.165e-7
0.083, 9.503e-8, 9.811e-8, 1.135e-7, 1.196e-7
0.084, 9.810e-8, 9.811e-8, 1.135e-7, 1.227e-7
0.085, 9.810e-8, 1.012e-7, 1.165e-7, 1.227e-7
0.086, 9.810e-8, 1.012e-7, 1.196e-7, 1.257e-7
0.087, 9.810e-8, 1.042e-7, 1.196e-7, 1.288e-7
0.088, 1.012e-7, 1.042e-7, 1.227e-7, 1.288e-7
0.089, 1.042e-7, 1.073e-7, 1.257e-7, 1.319e-7
0.090, 1.042e-7, 1.073e-7, 1.257e-7, 1.350e-7
0.091, 1.073e-7, 1.104e-7, 1.288e-7, 1.350e-7
0.092, 1.073e-7, 1.104e-7, 1.319e-7, 1.380e-7
0.093, 1.104e-7, 1.135e-7, 1.319e-7, 1.411e-7
0.094, 1.104e-7, 1.135e-7, 1.350e-7, 1.442e-7
0.095, 1.135e-7, 1.165e-7, 1.380e-7, 1.472e-7
0.096, 1.165e-7, 1.196e-7, 1.411e-7, 1.503e-7
0.097, 1.165e-7, 1.227e-7, 1.442e-7, 1.534e-7
0.098, 1.196e-7, 1.257e-7, 1.472e-7, 1.564e-7
0.099, 1.227e-7, 1.257e-7, 1.503e-7, 1.595e-7
0.100, 1.227e-7, 1.288e-7, 1.534e-7, 1.626e-7
0.101, 1.257e-7, 1.319e-7, 1.564e-7, 1.657e-7
0.102, 1.288e-7, 1.350e-7, 1.595e-7, 1.687e-7
0.103, 1.319e-7, 1.380e-7, 1.626e-7, 1.718e-7
0.104, 1.350e-7, 1.380e-7, 1.687e-7, 1.779e-7
0.105, 1.350e-7, 1.411e-7, 1.718e-7, 1.810e-7
0.106, 1.380e-7, 1.472e-7, 1.749e-7, 1.841e-7
0.107, 1.411e-7, 1.503e-7, 1.779e-7, 1.902e-7
0.108, 1.442e-7, 1.534e-7, 1.841e-7, 1.933e-7
0.109, 1.472e-7, 1.564e-7, 1.872e-7, 1.994e-7
0.110, 1.503e-7, 1.595e-7, 1.933e-7, 2.025e-7
0.111, 1.534e-7, 1.626e-7, 1.964e-7, 2.086e-7
0.112, 1.564e-7, 1.687e-7, 2.025e-7, 2.148e-7
0.113, 1.626e-7, 1.718e-7, 2.086e-7, 2.179e-7
0.114, 1.657e-7, 1.749e-7, 2.117e-7, 2.240e-7
0.115, 1.687e-7, 1.810e-7, 2.179e-7, 2.332e-7
0.116, 1.749e-7, 1.871e-7, 2.240e-7, 2.363e-7
0.117, 1.779e-7, 1.902e-7, 2.301e-7, 2.424e-7
0.118, 1.810e-7, 1.964e-7, 2.363e-7, 2.486e-7
0.119, 1.871e-7, 1.994e-7, 2.424e-7, 2.547e-7
0.120, 1.902e-7, 2.056e-7, 2.486e-7, 2.639e-7
0.121, 1.964e-7, 2.117e-7, 2.578e-7, 2.701e-7
0.122, 2.025e-7, 2.179e-7, 2.639e-7, 2.793e-7
0.123, 2.086e-7, 2.240e-7, 2.701e-7, 2.854e-7
0.124, 2.148e-7, 2.301e-7, 2.793e-7, 2.946e-7
0.125, 2.179e-7, 2.363e-7, 2.885e-7, 3.008e-7
0.126, 2.240e-7, 2.424e-7, 2.946e-7, 3.100e-7
0.127, 2.301e-7, 2.486e-7, 3.038e-7, 3.192e-7
0.128, 2.363e-7, 2.578e-7, 3.130e-7, 3.284e-7
0.129, 2.455e-7, 2.639e-7, 3.223e-7, 3.376e-7
0.130, 2.486e-7, 2.701e-7, 3.315e-7, 3.468e-7
0.131, 2.578e-7, 2.793e-7, 3.407e-7, 3.591e-7
0.132, 2.639e-7, 2.885e-7, 3.530e-7, 3.683e-7
0.133, 2.731e-7, 2.946e-7, 3.622e-7, 3.775e-7
0.134, 2.793e-7, 3.038e-7, 3.714e-7, 3.898e-7
0.135, 2.885e-7, 3.130e-7, 3.837e-7, 4.021e-7
0.136, 2.946e-7, 3.223e-7, 3.929e-7, 4.113e-7
0.137, 3.038e-7, 3.315e-7, 4.052e-7, 4.236e-7
0.138, 3.130e-7, 3.376e-7, 4.174e-7, 4.359e-7
0.139, 3.223e-7, 3.468e-7, 4.297e-7, 4.481e-7
0.140, 3.315e-7, 3.591e-7, 4.420e-7, 4.604e-7
0.141, 3.407e-7, 3.714e-7, 4.543e-7, 4.727e-7
0.142, 3.499e-7, 3.775e-7, 4.666e-7, 4.850e-7
0.143, 3.591e-7, 3.898e-7, 4.819e-7, 5.003e-7
0.144, 3.683e-7, 3.990e-7, 4.942e-7, 5.126e-7
0.145, 3.775e-7, 4.113e-7, 5.065e-7, 5.249e-7
0.146, 3.867e-7, 4.205e-7, 5.218e-7, 5.403e-7
0.147, 3.990e-7, 4.328e-7, 5.341e-7, 5.556e-7
0.148, 4.113e-7, 4.451e-7, 5.495e-7, 5.679e-7
0.149, 4.205e-7, 4.543e-7, 5.618e-7, 5.832e-7
0.150, 4.297e-7, 4.666e-7, 5.771e-7, 5.955e-7
0.151, 4.420e-7, 4.788e-7, 5.925e-7, 6.109e-7
0.152, 4.543e-7, 4.881e-7, 6.047e-7, 6.262e-7
0.153, 4.635e-7, 5.003e-7, 6.201e-7, 6.416e-7
0.154, 4.758e-7, 5.157e-7, 6.354e-7, 6.569e-7
0.155, 4.881e-7, 5.249e-7, 6.508e-7, 6.723e-7
0.156, 4.973e-7, 5.372e-7, 6.661e-7, 6.876e-7
0.157, 5.096e-7, 5.495e-7, 6.815e-7, 6.999e-7
0.158, 5.218e-7, 5.618e-7, 6.969e-7, 7.153e-7
0.159, 5.310e-7, 5.740e-7, 7.122e-7, 7.306e-7
0.160, 5.433e-7, 5.863e-7, 7.276e-7, 7.460e-7
0.161, 5.556e-7, 5.986e-7, 7.429e-7, 7.613e-7
0.162, 5.679e-7, 6.109e-7, 7.552e-7, 7.767e-7
0.163, 5.802e-7, 6.232e-7, 7.705e-7, 7.920e-7
0.164, 5.894e-7, 6.324e-7, 7.859e-7, 8.043e-7
0.165, 6.017e-7, 6.447e-7, 8.013e-7, 8.197e-7
0.166, 6.109e-7, 6.569e-7, 8.166e-7, 8.350e-7
0.167, 6.232e-7, 6.692e-7, 8.289e-7, 8.473e-7
0.168, 6.354e-7, 6.815e-7, 8.442e-7, 8.596e-7
0.169, 6.447e-7, 6.907e-7, 8.565e-7, 8.749e-7
0.170, 6.569e-7, 7.030e-7, 8.719e-7, 8.903e-7
0.171, 6.661e-7, 7.122e-7, 8.842e-7, 9.026e-7
0.172, 6.754e-7, 7.214e-7, 8.964e-7, 9.149e-7
0.173, 6.876e-7, 7.337e-7, 9.087e-7, 9.271e-7
0.174, 6.969e-7, 7.429e-7, 9.210e-7, 9.364e-7
0.175, 7.061e-7, 7.521e-7, 9.333e-7, 9.517e-7
0.176, 7.153e-7, 7.644e-7, 9.456e-7, 9.640e-7
0.177, 7.245e-7, 7.736e-7, 9.578e-7, 9.732e-7
0.178, 7.337e-7, 7.828e-7, 9.671e-7, 9.855e-7
0.179, 7.429e-7, 7.920e-7, 9.793e-7, 9.947e-7
0.180, 7.521e-7, 8.012e-7, 9.886e-7, 1.004e-6
0.181, 7.613e-7, 8.074e-7, 1.001e-6, 1.016e-6
0.182, 7.705e-7, 8.166e-7, 1.010e-6, 1.025e-6
0.183, 7.767e-7, 8.258e-7, 1.019e-6, 1.035e-6
0.184, 7.828e-7, 8.320e-7, 1.028e-6, 1.044e-6
0.185, 7.920e-7, 8.381e-7, 1.038e-6, 1.050e-6
0.186, 7.982e-7, 8.473e-7, 1.044e-6, 1.059e-6
0.187, 8.043e-7, 8.504e-7, 1.053e-6, 1.065e-6
0.188, 8.105e-7, 8.596e-7, 1.062e-6, 1.075e-6
0.189, 8.166e-7, 8.657e-7, 1.068e-6, 1.081e-6
0.190, 8.227e-7, 8.719e-7, 1.075e-6, 1.087e-6
0.191, 8.289e-7, 8.749e-7, 1.081e-6, 1.093e-6
0.192, 8.350e-7, 8.811e-7, 1.087e-6, 1.099e-6
0.193, 8.381e-7, 8.872e-7, 1.093e-6, 1.105e-6
0.194, 8.442e-7, 8.903e-7, 1.099e-6, 1.111e-6
0.195, 8.473e-7, 8.964e-7, 1.105e-6, 1.114e-6
0.196, 8.534e-7, 8.995e-7, 1.108e-6, 1.121e-6
0.197, 8.565e-7, 9.056e-7, 1.114e-6, 1.124e-6
0.198, 8.596e-7, 9.087e-7, 1.118e-6, 1.130e-6
0.199, 8.627e-7, 9.118e-7, 1.121e-6, 1.133e-6
0.200, 8.657e-7, 9.149e-7, 1.124e-6, 1.136e-6
0.201, 8.688e-7, 9.179e-7, 1.127e-6, 1.139e-6
0.202, 8.719e-7, 9.210e-7, 1.130e-6, 1.142e-6
0.203, 8.749e-7, 9.241e-7, 1.133e-6, 1.145e-6
0.204, 8.780e-7, 9.271e-7, 1.136e-6, 1.148e-6
0.205, 8.811e-7, 9.302e-7, 1.139e-6, 1.151e-6
0.206, 8.842e-7, 9.302e-7, 1.142e-6, 1.154e-6
0.207, 8.842e-7, 9.333e-7, 1.142e-6, 1.154e-6
0.208, 8.872e-7, 9.364e-7, 1.145e-6, 1.157e-6
0.209, 8.903e-7, 9.364e-7, 1.145e-6, 1.157e-6
0.210, 8.903e-7, 9.394e-7, 1.148e-6, 1.160e-6
0.211, 8.903e-7, 9.394e-7, 1.148e-6, 1.160e-6
0.212, 8.934e-7, 9.394e-7, 1.148e-6, 1.160e-6
0.213, 8.934e-7, 9.425e-7, 1.151e-6, 1.164e-6
0.214, 8.934e-7, 9.425e-7, 1.148e-6, 1.164e-6
0.215, 8.964e-7, 9.456e-7, 1.151e-6, 1.164e-6
0.216, 8.964e-7, 9.456e-7, 1.151e-6, 1.164e-6
0.217, 8.964e-7, 9.456e-7, 1.151e-6, 1.164e-6
0.218, 8.964e-7, 9.456e-7, 1.151e-6, 1.164e-6
0.219, 8.995e-7, 9.456e-7, 1.151e-6, 1.164e-6
0.220, 8.995e-7, 9.486e-7, 1.151e-6, 1.167e-6
0.221, 8.995e-7, 9.486e-7, 1.151e-6, 1.167e-6
0.222, 8.995e-7, 9.486e-7, 1.151e-6, 1.167e-6
0.223, 8.995e-7, 9.486e-7, 1.151e-6, 1.164e-6
0.224, 8.995e-7, 9.486e-7, 1.151e-6, 1.167e-6
0.225, 8.995e-7, 9.486e-7, 1.151e-6, 1.164e-6
0.226, 8.995e-7, 9.486e-7, 1.148e-6, 1.164e-6
0.227, 8.995e-7, 9.486e-7, 1.148e-6, 1.164e-6
0.228, 8.995e-7, 9.486e-7, 1.148e-6, 1.164e-6
0.229, 8.995e-7, 9.486e-7, 1.148e-6, 1.164e-6
0.230, 8.995e-7, 9.486e-7, 1.145e-6, 1.164e-6
0.231, 8.995e-7, 9.486e-7, 1.148e-6, 1.160e-6
0.232, 8.995e-7, 9.486e-7, 1.145e-6, 1.160e-6
0.233, 8.995e-7, 9.486e-7, 1.145e-6, 1.160e-6
0.234, 8.995e-7, 9.486e-7, 1.145e-6, 1.160e-6
0.235, 8.995e-7, 9.486e-7, 1.142e-6, 1.160e-6
0.236, 8.995e-7, 9.486e-7, 1.142e-6, 1.157e-6
0.237, 8.995e-7, 9.486e-7, 1.142e-6, 1.157e-6
0.238, 8.995e-7, 9.486e-7, 1.142e-6, 1.157e-6
0.239, 8.964e-7, 9.486e-7, 1.139e-6, 1.157e-6
0.240, 8.964e-7, 9.456e-7, 1.139e-6, 1.154e-6
0.241, 8.964e-7, 9.456e-7, 1.139e-6, 1.154e-6
0.242, 8.964e-7, 9.456e-7, 1.136e-6, 1.154e-6
0.243, 8.964e-7, 9.456e-7, 1.136e-6, 1.154e-6
0.244, 8.964e-7, 9.456e-7, 1.136e-6, 1.151e-6
0.245, 8.964e-7, 9.456e-7, 1.136e-6, 1.151e-6
0.246, 8.964e-7, 9.456e-7, 1.133e-6, 1.151e-6
0.247, 8.934e-7, 9.456e-7, 1.133e-6, 1.148e-6
0.248, 8.934e-7, 9.425e-7, 1.130e-6, 1.148e-6
0.249, 8.934e-7, 9.425e-7, 1.130e-6, 1.145e-6
0.250, 8.934e-7, 9.425e-7, 1.130e-6, 1.145e-6
0.251, 8.934e-7, 9.425e-7, 1.130e-6, 1.145e-6
0.252, 8.934e-7, 9.425e-7, 1.130e-6, 1.145e-6
0.253, 8.934e-7, 9.425e-7, 1.127e-6, 1.145e-6
0.254, 8.934e-7, 9.425e-7, 1.127e-6, 1.142e-6
0.255, 8.934e-7, 9.394e-7, 1.124e-6, 1.142e-6
0.256, 8.903e-7, 9.394e-7, 1.127e-6, 1.142e-6
0.257, 8.903e-7, 9.394e-7, 1.124e-6, 1.139e-6
0.258, 8.903e-7, 9.394e-7, 1.124e-6, 1.139e-6
0.259, 8.903e-7, 9.394e-7, 1.121e-6, 1.139e-6
0.260, 8.903e-7, 9.394e-7, 1.121e-6, 1.136e-6
0.261, 8.903e-7, 9.364e-7, 1.121e-6, 1.136e-6
0.262, 8.903e-7, 9.364e-7, 1.121e-6, 1.136e-6
0.263, 8.903e-7, 9.364e-7, 1.118e-6, 1.136e-6
0.264, 8.872e-7, 9.364e-7, 1.118e-6, 1.133e-6
0.265, 8.872e-7, 9.364e-7, 1.118e-6, 1.133e-6
0.266, 8.872e-7, 9.364e-7, 1.118e-6, 1.130e-6
0.267, 8.872e-7, 9.333e-7, 1.114e-6, 1.130e-6
0.268, 8.872e-7, 9.333e-7, 1.114e-6, 1.130e-6
0.269, 8.872e-7, 9.333e-7, 1.114e-6, 1.127e-6
0.270, 8.842e-7, 9.333e-7, 1.114e-6, 1.127e-6
0.271, 8.842e-7, 9.333e-7, 1.111e-6, 1.127e-6
0.272, 8.842e-7, 9.333e-7, 1.111e-6, 1.124e-6
0.273, 8.842e-7, 9.302e-7, 1.111e-6, 1.124e-6
0.274, 8.842e-7, 9.302e-7, 1.108e-6, 1.124e-6
0.275, 8.842e-7, 9.302e-7, 1.108e-6, 1.121e-6
0.276, 8.842e-7, 9.302e-7, 1.108e-6, 1.121e-6
0.277, 8.811e-7, 9.271e-7, 1.105e-6, 1.121e-6
0.278, 8.811e-7, 9.271e-7, 1.105e-6, 1.118e-6
0.279, 8.811e-7, 9.271e-7, 1.105e-6, 1.118e-6
0.280, 8.811e-7, 9.241e-7, 1.105e-6, 1.118e-6
0.281, 8.811e-7, 9.241e-7, 1.102e-6, 1.118e-6
0.282, 8.811e-7, 9.241e-7, 1.102e-6, 1.114e-6
0.283, 8.780e-7, 9.241e-7, 1.102e-6, 1.114e-6
0.284, 8.780e-7, 9.241e-7, 1.102e-6, 1.111e-6
0.285, 8.780e-7, 9.241e-7, 1.099e-6, 1.111e-6
0.286, 8.780e-7, 9.210e-7, 1.099e-6, 1.108e-6
0.287, 8.749e-7, 9.210e-7, 1.099e-6, 1.108e-6
0.288, 8.780e-7, 9.210e-7, 1.096e-6, 1.108e-6
0.289, 8.749e-7, 9.179e-7, 1.096e-6, 1.105e-6
0.290, 8.749e-7, 9.179e-7, 1.096e-6, 1.105e-6
0.291, 8.749e-7, 9.179e-7, 1.093e-6, 1.105e-6
0.292, 8.719e-7, 9.149e-7, 1.093e-6, 1.102e-6
0.293, 8.719e-7, 9.149e-7, 1.093e-6, 1.102e-6
0.294, 8.719e-7, 9.149e-7, 1.093e-6, 1.099e-6
0.295, 8.719e-7, 9.149e-7, 1.090e-6, 1.099e-6
0.296, 8.719e-7, 9.118e-7, 1.090e-6, 1.099e-6
0.297, 8.719e-7, 9.118e-7, 1.087e-6, 1.096e-6
0.298, 8.688e-7, 9.087e-7, 1.087e-6, 1.096e-6
0.299, 8.688e-7, 9.087e-7, 1.087e-6, 1.093e-6
0.300, 8.688e-7, 9.087e-7, 1.087e-6, 1.093e-6
0.301, 8.688e-7, 9.087e-7, 1.084e-6, 1.093e-6
0.302, 8.688e-7, 9.056e-7, 1.084e-6, 1.090e-6
0.303, 8.657e-7, 9.056e-7, 1.081e-6, 1.087e-6
0.304, 8.657e-7, 9.056e-7, 1.081e-6, 1.087e-6
0.305, 8.657e-7, 9.026e-7, 1.081e-6, 1.087e-6
0.306, 8.627e-7, 9.026e-7, 1.078e-6, 1.084e-6
0.307, 8.627e-7, 9.026e-7, 1.078e-6, 1.084e-6
0.308, 8.627e-7, 8.995e-7, 1.078e-6, 1.081e-6
0.309, 8.596e-7, 8.995e-7, 1.075e-6, 1.081e-6
0.310, 8.596e-7, 8.964e-7, 1.075e-6, 1.078e-6
0.311, 8.596e-7, 8.964e-7, 1.071e-6, 1.078e-6
0.312, 8.596e-7, 8.964e-7, 1.071e-6, 1.078e-6
0.313, 8.596e-7, 8.934e-7, 1.071e-6, 1.075e-6
0.314, 8.565e-7, 8.934e-7, 1.071e-6, 1.071e-6
0.315, 8.565e-7, 8.903e-7, 1.068e-6, 1.071e-6
0.316, 8.565e-7, 8.903e-7, 1.068e-6, 1.071e-6
0.317, 8.565e-7, 8.903e-7, 1.065e-6, 1.068e-6
0.318, 8.534e-7, 8.903e-7, 1.065e-6, 1.065e-6
0.319, 8.534e-7, 8.872e-7, 1.065e-6, 1.065e-6
0.320, 8.504e-7, 8.872e-7, 1.062e-6, 1.065e-6
0.321, 8.504e-7, 8.842e-7, 1.062e-6, 1.062e-6
0.322, 8.504e-7, 8.842e-7, 1.059e-6, 1.062e-6
0.323, 8.504e-7, 8.811e-7, 1.059e-6, 1.059e-6
0.324, 8.473e-7, 8.811e-7, 1.059e-6, 1.059e-6
0.325, 8.473e-7, 8.811e-7, 1.056e-6, 1.056e-6
0.326, 8.473e-7, 8.780e-7, 1.056e-6, 1.056e-6
0.327, 8.442e-7, 8.780e-7, 1.053e-6, 1.053e-6
0.328, 8.442e-7, 8.749e-7, 1.053e-6, 1.053e-6
0.329, 8.442e-7, 8.749e-7, 1.050e-6, 1.050e-6
0.330, 8.412e-7, 8.719e-7, 1.050e-6, 1.050e-6
0.331, 8.412e-7, 8.719e-7, 1.050e-6, 1.047e-6
0.332, 8.412e-7, 8.719e-7, 1.047e-6, 1.047e-6
0.333, 8.381e-7, 8.688e-7, 1.047e-6, 1.044e-6
0.334, 8.381e-7, 8.688e-7, 1.044e-6, 1.044e-6
0.335, 8.381e-7, 8.657e-7, 1.044e-6, 1.041e-6
0.336, 8.350e-7, 8.657e-7, 1.044e-6, 1.041e-6
0.337, 8.350e-7, 8.657e-7, 1.041e-6, 1.038e-6
0.338, 8.320e-7, 8.627e-7, 1.041e-6, 1.038e-6
0.339, 8.320e-7, 8.627e-7, 1.038e-6, 1.035e-6
0.340, 8.320e-7, 8.596e-7, 1.038e-6, 1.035e-6
0.341, 8.289e-7, 8.596e-7, 1.035e-6, 1.035e-6
0.342, 8.289e-7, 8.596e-7, 1.035e-6, 1.032e-6
0.343, 8.289e-7, 8.565e-7, 1.032e-6, 1.028e-6
0.344, 8.258e-7, 8.534e-7, 1.032e-6, 1.028e-6
0.345, 8.258e-7, 8.534e-7, 1.028e-6, 1.025e-6
0.346, 8.258e-7, 8.534e-7, 1.028e-6, 1.025e-6
0.347, 8.227e-7, 8.504e-7, 1.028e-6, 1.022e-6
0.348, 8.227e-7, 8.504e-7, 1.025e-6, 1.022e-6
0.349, 8.227e-7, 8.504e-7, 1.025e-6, 1.019e-6
0.350, 8.197e-7, 8.473e-7, 1.022e-6, 1.019e-6
0.351, 8.197e-7, 8.473e-7, 1.019e-6, 1.016e-6
0.352, 8.197e-7, 8.473e-7, 1.019e-6, 1.016e-6
0.353, 8.166e-7, 8.442e-7, 1.019e-6, 1.013e-6
0.354, 8.166e-7, 8.442e-7, 1.016e-6, 1.013e-6
0.355, 8.166e-7, 8.412e-7, 1.016e-6, 1.010e-6
0.356, 8.135e-7, 8.412e-7, 1.013e-6, 1.010e-6
0.357, 8.135e-7, 8.381e-7, 1.013e-6, 1.007e-6
0.358, 8.105e-7, 8.381e-7, 1.010e-6, 1.007e-6
0.359, 8.105e-7, 8.381e-7, 1.010e-6, 1.004e-6
0.360, 8.105e-7, 8.350e-7, 1.010e-6, 1.004e-6
0.361, 8.074e-7, 8.350e-7, 1.007e-6, 1.001e-6
0.362, 8.074e-7, 8.320e-7, 1.004e-6, 1.001e-6
0.363, 8.074e-7, 8.320e-7, 1.004e-6, 9.978e-7
0.364, 8.043e-7, 8.320e-7, 1.001e-6, 9.978e-7
0.365, 8.043e-7, 8.289e-7, 1.001e-6, 9.947e-7
0.366, 8.043e-7, 8.289e-7, 9.978e-7, 9.947e-7
0.367, 8.012e-7, 8.289e-7, 9.978e-7, 9.916e-7
0.368, 8.012e-7, 8.258e-7, 9.978e-7, 9.916e-7
0.369, 8.012e-7, 8.258e-7, 9.947e-7, 9.885e-7
0.370, 7.982e-7, 8.227e-7, 9.947e-7, 9.855e-7
0.371, 7.982e-7, 8.227e-7, 9.916e-7, 9.855e-7
0.372, 7.951e-7, 8.227e-7, 9.916e-7, 9.855e-7
0.373, 7.951e-7, 8.227e-7, 9.886e-7, 9.824e-7
0.374, 7.951e-7, 8.197e-7, 9.886e-7, 9.824e-7
0.375, 7.920e-7, 8.197e-7, 9.886e-7, 9.793e-7
0.376, 7.920e-7, 8.166e-7, 9.855e-7, 9.763e-7
0.377, 7.920e-7, 8.166e-7, 9.824e-7, 9.763e-7
0.378, 7.920e-7, 8.135e-7, 9.824e-7, 9.763e-7
0.379, 7.890e-7, 8.135e-7, 9.824e-7, 9.732e-7
0.380, 7.890e-7, 8.135e-7, 9.793e-7, 9.732e-7
0.381, 7.859e-7, 8.105e-7, 9.793e-7, 9.701e-7
0.382, 7.859e-7, 8.105e-7, 9.763e-7, 9.701e-7
0.383, 7.859e-7, 8.105e-7, 9.763e-7, 9.671e-7
0.384, 7.859e-7, 8.074e-7, 9.763e-7, 9.671e-7
0.385, 7.828e-7, 8.074e-7, 9.732e-7, 9.640e-7
0.386, 7.828e-7, 8.074e-7, 9.701e-7, 9.640e-7
0.387, 7.798e-7, 8.043e-7, 9.701e-7, 9.609e-7
0.388, 7.798e-7, 8.043e-7, 9.701e-7, 9.609e-7
0.389, 7.798e-7, 8.012e-7, 9.671e-7, 9.578e-7
0.390, 7.767e-7, 8.012e-7, 9.671e-7, 9.578e-7
0.391, 7.767e-7, 8.012e-7, 9.640e-7, 9.548e-7
0.392, 7.767e-7, 7.982e-7, 9.640e-7, 9.548e-7
0.393, 7.736e-7, 7.982e-7, 9.609e-7, 9.548e-7
0.394, 7.736e-7, 7.982e-7, 9.609e-7, 9.517e-7
0.395, 7.736e-7, 7.951e-7, 9.578e-7, 9.517e-7
0.396, 7.736e-7, 7.951e-7, 9.578e-7, 9.486e-7
0.397, 7.705e-7, 7.951e-7, 9.578e-7, 9.486e-7
0.398, 7.705e-7, 7.920e-7, 9.548e-7, 9.456e-7
0.399, 7.705e-7, 7.920e-7, 9.548e-7, 9.456e-7
0.400, 7.675e-7, 7.920e-7, 9.517e-7, 9.425e-7
0.401, 7.675e-7, 7.890e-7, 9.517e-7, 9.425e-7
0.402, 7.675e-7, 7.890e-7, 9.517e-7, 9.425e-7
0.403, 7.644e-7, 7.890e-7, 9.486e-7, 9.394e-7
0.404, 7.644e-7, 7.890e-7, 9.486e-7, 9.394e-7
0.405, 7.644e-7, 7.859e-7, 9.456e-7, 9.364e-7
0.406, 7.644e-7, 7.859e-7, 9.456e-7, 9.364e-7
0.407, 7.613e-7, 7.828e-7, 9.425e-7, 9.333e-7
0.408, 7.613e-7, 7.828e-7, 9.425e-7, 9.333e-7
0.409, 7.613e-7, 7.828e-7, 9.394e-7, 9.333e-7
0.410, 7.613e-7, 7.828e-7, 9.425e-7, 9.333e-7
0.411, 7.583e-7, 7.798e-7, 9.394e-7, 9.302e-7
0.412, 7.583e-7, 7.798e-7, 9.364e-7, 9.302e-7
0.413, 7.583e-7, 7.798e-7, 9.364e-7, 9.271e-7
0.414, 7.552e-7, 7.767e-7, 9.364e-7, 9.271e-7
0.415, 7.552e-7, 7.767e-7, 9.333e-7, 9.241e-7
0.416, 7.552e-7, 7.767e-7, 9.333e-7, 9.241e-7
0.417, 7.521e-7, 7.767e-7, 9.333e-7, 9.241e-7
0.418, 7.521e-7, 7.736e-7, 9.302e-7, 9.210e-7
0.419, 7.521e-7, 7.736e-7, 9.302e-7, 9.210e-7
0.420, 7.521e-7, 7.736e-7, 9.302e-7, 9.179e-7
0.421, 7.490e-7, 7.705e-7, 9.271e-7, 9.179e-7
0.422, 7.490e-7, 7.705e-7, 9.271e-7, 9.179e-7
0.423, 7.490e-7, 7.705e-7, 9.241e-7, 9.149e-7
0.424, 7.490e-7, 7.675e-7, 9.241e-7, 9.149e-7
0.425, 7.460e-7, 7.675e-7, 9.241e-7, 9.118e-7
0.426, 7.460e-7, 7.675e-7, 9.210e-7, 9.118e-7
0.427, 7.460e-7, 7.675e-7, 9.210e-7, 9.118e-7
0.428, 7.460e-7, 7.644e-7, 9.210e-7, 9.118e-7
0.429, 7.429e-7, 7.644e-7, 9.179e-7, 9.087e-7
0.430, 7.429e-7, 7.644e-7, 9.179e-7, 9.087e-7
0.431, 7.429e-7, 7.613e-7, 9.179e-7, 9.056e-7
0.432, 7.429e-7, 7.613e-7, 9.149e-7, 9.056e-7
0.433, 7.429e-7, 7.613e-7, 9.149e-7, 9.026e-7
0.434, 7.398e-7, 7.583e-7, 9.149e-7, 9.026e-7
0.435, 7.398e-7, 7.583e-7, 9.118e-7, 9.026e-7
0.436, 7.398e-7, 7.583e-7, 9.118e-7, 9.026e-7
0.437, 7.398e-7, 7.583e-7, 9.118e-7, 8.995e-7
0.438, 7.368e-7, 7.583e-7, 9.087e-7, 8.995e-7
0.439, 7.368e-7, 7.552e-7, 9.087e-7, 8.995e-7
0.440, 7.368e-7, 7.552e-7, 9.087e-7, 8.964e-7
0.441, 7.368e-7, 7.521e-7, 9.056e-7, 8.964e-7
0.442, 7.337e-7, 7.552e-7, 9.056e-7, 8.964e-7
0.443, 7.337e-7, 7.521e-7, 9.056e-7, 8.934e-7
0.444, 7.337e-7, 7.521e-7, 9.026e-7, 8.934e-7
0.445, 7.337e-7, 7.521e-7, 9.026e-7, 8.934e-7
0.446, 7.337e-7, 7.491e-7, 9.026e-7, 8.903e-7
0.447, 7.306e-7, 7.491e-7, 8.995e-7, 8.903e-7
0.448, 7.337e-7, 7.491e-7, 8.995e-7, 8.903e-7
0.449, 7.306e-7, 7.491e-7, 8.995e-7, 8.872e-7
0.450, 7.306e-7, 7.491e-7, 8.995e-7, 8.872e-7
0.451, 7.306e-7, 7.460e-7, 8.964e-7, 8.872e-7
0.452, 7.306e-7, 7.460e-7, 8.964e-7, 8.872e-7
0.453, 7.276e-7, 7.460e-7, 8.964e-7, 8.842e-7
0.454, 7.276e-7, 7.460e-7, 8.964e-7, 8.842e-7
0.455, 7.276e-7, 7.460e-7, 8.934e-7, 8.842e-7
0.456, 7.276e-7, 7.429e-7, 8.934e-7, 8.842e-7
0.457, 7.276e-7, 7.429e-7, 8.934e-7, 8.811e-7
0.458, 7.245e-7, 7.429e-7, 8.934e-7, 8.811e-7
0.459, 7.245e-7, 7.429e-7, 8.903e-7, 8.780e-7
0.460, 7.245e-7, 7.398e-7, 8.903e-7, 8.780e-7
0.461, 7.245e-7, 7.429e-7, 8.903e-7, 8.780e-7
0.462, 7.245e-7, 7.398e-7, 8.903e-7, 8.780e-7
0.463, 7.245e-7, 7.398e-7, 8.872e-7, 8.780e-7
0.464, 7.245e-7, 7.398e-7, 8.872e-7, 8.749e-7
0.465, 7.214e-7, 7.368e-7, 8.872e-7, 8.749e-7
0.466, 7.214e-7, 7.368e-7, 8.872e-7, 8.749e-7
0.467, 7.214e-7, 7.368e-7, 8.842e-7, 8.749e-7
0.468, 7.214e-7, 7.368e-7, 8.842e-7, 8.749e-7
0.469, 7.214e-7, 7.368e-7, 8.842e-7, 8.719e-7
0.470, 7.214e-7, 7.368e-7, 8.842e-7, 8.719e-7
0.471, 7.214e-7, 7.368e-7, 8.811e-7, 8.719e-7
0.472, 7.183e-7, 7.337e-7, 8.811e-7, 8.719e-7
0.473, 7.183e-7, 7.337e-7, 8.811e-7, 8.688e-7
0.474, 7.183e-7, 7.337e-7, 8.811e-7, 8.688e-7
0.475, 7.183e-7, 7.337e-7, 8.811e-7, 8.688e-7
0.476, 7.183e-7, 7.337e-7, 8.780e-7, 8.688e-7
0.477, 7.183e-7, 7.337e-7, 8.780e-7, 8.688e-7
0.478, 7.183e-7, 7.306e-7, 8.780e-7, 8.657e-7
0.479, 7.183e-7, 7.306e-7, 8.780e-7, 8.657e-7
0.480, 7.183e-7, 7.306e-7, 8.780e-7, 8.657e-7
0.481, 7.183e-7, 7.306e-7, 8.749e-7, 8.657e-7
0.482, 7.153e-7, 7.306e-7, 8.749e-7, 8.657e-7
0.483, 7.153e-7, 7.276e-7, 8.749e-7, 8.627e-7
0.484, 7.153e-7, 7.306e-7, 8.749e-7, 8.627e-7
0.485, 7.153e-7, 7.276e-7, 8.749e-7, 8.627e-7
0.486, 7.153e-7, 7.276e-7, 8.749e-7, 8.627e-7
0.487, 7.153e-7, 7.276e-7, 8.719e-7, 8.627e-7
0.488, 7.153e-7, 7.276e-7, 8.719e-7, 8.596e-7
0.489, 7.153e-7, 7.276e-7, 8.719e-7, 8.596e-7
0.490, 7.153e-7, 7.276e-7, 8.719e-7, 8.596e-7
0.491, 7.153e-7, 7.276e-7, 8.719e-7, 8.596e-7
0.492, 7.122e-7, 7.245e-7, 8.719e-7, 8.596e-7
0.493, 7.122e-7, 7.245e-7, 8.688e-7, 8.596e-7
0.494, 7.122e-7, 7.245e-7, 8.688e-7, 8.565e-7
0.495, 7.122e-7, 7.245e-7, 8.688e-7, 8.565e-7
0.496, 7.122e-7, 7.245e-7, 8.688e-7, 8.565e-7
0.497, 7.122e-7, 7.245e-7, 8.688e-7, 8.565e-7
0.498, 7.122e-7, 7.245e-7, 8.688e-7, 8.565e-7
0.499, 7.122e-7, 7.245e-7, 8.657e-7, 8.565e-7
0.500, 7.122e-7, 7.245e-7, 8.657e-7, 8.565e-7
0.501, 7.122e-7, 7.214e-7, 8.657e-7, 8.534e-7
0.502, 7.122e-7, 7.214e-7, 8.657e-7, 8.534e-7
0.503, 7.122e-7, 7.214e-7, 8.657e-7, 8.534e-7
0.504, 7.122e-7, 7.214e-7, 8.657e-7, 8.534e-7
0.505, 7.091e-7, 7.214e-7, 8.627e-7, 8.534e-7
0.506, 7.091e-7, 7.214e-7, 8.657e-7, 8.534e-7
0.507, 7.091e-7, 7.214e-7, 8.627e-7, 8.534e-7
0.508, 7.091e-7, 7.214e-7, 8.627e-7, 8.534e-7
0.509, 7.091e-7, 7.214e-7, 8.627e-7, 8.534e-7
0.510, 7.091e-7, 7.183e-7, 8.627e-7, 8.504e-7
0.511, 7.091e-7, 7.183e-7, 8.627e-7, 8.504e-7
0.512, 7.091e-7, 7.183e-7, 8.627e-7, 8.504e-7
0.513, 7.091e-7, 7.183e-7, 8.627e-7, 8.504e-7
0.514, 7.091e-7, 7.183e-7, 8.627e-7, 8.504e-7
0.515, 7.091e-7, 7.183e-7, 8.596e-7, 8.504e-7
0.516, 7.091e-7, 7.183e-7, 8.596e-7, 8.504e-7
0.517, 7.091e-7, 7.183e-7, 8.596e-7, 8.504e-7
0.518, 7.091e-7, 7.183e-7, 8.596e-7, 8.473e-7
0.519, 7.091e-7, 7.183e-7, 8.596e-7, 8.473e-7
0.520, 7.091e-7, 7.183e-7, 8.596e-7, 8.473e-7
0.521, 7.091e-7, 7.183e-7, 8.596e-7, 8.473e-7
0.522, 7.061e-7, 7.183e-7, 8.596e-7, 8.473e-7
0.523, 7.091e-7, 7.183e-7, 8.565e-7, 8.473e-7
0.524, 7.061e-7, 7.153e-7, 8.596e-7, 8.473e-7
0.525, 7.091e-7, 7.153e-7, 8.565e-7, 8.473e-7
0.526, 7.061e-7, 7.183e-7, 8.565e-7, 8.442e-7
0.527, 7.061e-7, 7.153e-7, 8.565e-7, 8.473e-7
0.528, 7.061e-7, 7.153e-7, 8.565e-7, 8.473e-7
0.529, 7.061e-7, 7.153e-7, 8.565e-7, 8.442e-7
0.530, 7.061e-7, 7.153e-7, 8.565e-7, 8.442e-7
0.531, 7.061e-7, 7.153e-7, 8.565e-7, 8.442e-7
0.532, 7.061e-7, 7.153e-7, 8.565e-7, 8.442e-7
0.533, 7.061e-7, 7.153e-7, 8.565e-7, 8.442e-7
0.534, 7.061e-7, 7.153e-7, 8.565e-7, 8.442e-7
0.535, 7.061e-7, 7.153e-7, 8.565e-7, 8.442e-7
0.536, 7.061e-7, 7.153e-7, 8.565e-7, 8.442e-7
0.537, 7.061e-7, 7.153e-7, 8.565e-7, 8.442e-7
0.538, 7.061e-7, 7.153e-7, 8.565e-7, 8.442e-7
0.539, 7.061e-7, 7.153e-7, 8.534e-7, 8.412e-7
0.540, 7.061e-7, 7.153e-7, 8.534e-7, 8.412e-7
0.541, 7.061e-7, 7.153e-7, 8.534e-7, 8.412e-7
0.542, 7.061e-7, 7.122e-7, 8.534e-7, 8.412e-7
0.543, 7.061e-7, 7.122e-7, 8.534e-7, 8.412e-7
0.544, 7.061e-7, 7.122e-7, 8.534e-7, 8.412e-7
0.545, 7.061e-7, 7.153e-7, 8.534e-7, 8.412e-7
0.546, 7.061e-7, 7.122e-7, 8.534e-7, 8.412e-7
0.547, 7.061e-7, 7.122e-7, 8.534e-7, 8.412e-7
0.548, 7.061e-7, 7.122e-7, 8.534e-7, 8.412e-7
0.549, 7.061e-7, 7.122e-7, 8.534e-7, 8.412e-7
0.550, 7.061e-7, 7.122e-7, 8.534e-7, 8.412e-7
0.551, 7.061e-7, 7.122e-7, 8.534e-7, 8.412e-7
0.552, 7.061e-7, 7.122e-7, 8.534e-7, 8.412e-7
0.553, 7.061e-7, 7.122e-7, 8.504e-7, 8.412e-7
0.554, 7.061e-7, 7.122e-7, 8.504e-7, 8.412e-7
0.555, 7.061e-7, 7.122e-7, 8.504e-7, 8.381e-7
0.556, 7.061e-7, 7.122e-7, 8.534e-7, 8.381e-7
0.557, 7.061e-7, 7.122e-7, 8.504e-7, 8.381e-7
0.558, 7.061e-7, 7.122e-7, 8.504e-7, 8.381e-7
0.559, 7.061e-7, 7.122e-7, 8.504e-7, 8.381e-7
0.560, 7.061e-7, 7.122e-7, 8.504e-7, 8.381e-7
0.561, 7.061e-7, 7.122e-7, 8.504e-7, 8.381e-7
0.562, 7.061e-7, 7.122e-7, 8.504e-7, 8.381e-7
0.563, 7.061e-7, 7.122e-7, 8.504e-7, 8.381e-7
0.564, 7.061e-7, 7.122e-7, 8.504e-7, 8.381e-7
0.565, 7.061e-7, 7.122e-7, 8.504e-7, 8.381e-7
0.566, 7.061e-7, 7.122e-7, 8.504e-7, 8.381e-7
0.567, 7.061e-7, 7.122e-7, 8.504e-7, 8.381e-7
0.568, 7.061e-7, 7.122e-7, 8.504e-7, 8.381e-7
0.569, 7.061e-7, 7.122e-7, 8.504e-7, 8.381e-7
0.570, 7.061e-7, 7.122e-7, 8.504e-7, 8.381e-7
0.571, 7.061e-7, 7.122e-7, 8.504e-7, 8.381e-7
0.572, 7.061e-7, 7.122e-7, 8.504e-7, 8.381e-7
0.573, 7.061e-7, 7.122e-7, 8.473e-7, 8.381e-7
0.574, 7.061e-7, 7.122e-7, 8.473e-7, 8.381e-7
0.575, 7.061e-7, 7.122e-7, 8.473e-7, 8.381e-7
0.576, 7.061e-7, 7.122e-7, 8.473e-7, 8.381e-7
0.577, 7.061e-7, 7.122e-7, 8.473e-7, 8.381e-7
0.578, 7.061e-7, 7.122e-7, 8.473e-7, 8.381e-7
0.579, 7.061e-7, 7.122e-7, 8.473e-7, 8.381e-7
0.580, 7.061e-7, 7.122e-7, 8.473e-7, 8.381e-7
0.581, 7.061e-7, 7.122e-7, 8.473e-7, 8.381e-7
0.582, 7.061e-7, 7.122e-7, 8.473e-7, 8.381e-7
0.583, 7.061e-7, 7.122e-7, 8.473e-7, 8.381e-7
0.584, 7.061e-7, 7.122e-7, 8.473e-7, 8.350e-7
0.585, 7.061e-7, 7.122e-7, 8.473e-7, 8.350e-7
0.586, 7.061e-7, 7.122e-7, 8.473e-7, 8.350e-7
0.587, 7.061e-7, 7.122e-7, 8.473e-7, 8.350e-7
0.588, 7.061e-7, 7.122e-7, 8.473e-7, 8.350e-7
0.589, 7.030e-7, 7.122e-7, 8.473e-7, 8.350e-7
0.590, 7.061e-7, 7.122e-7, 8.473e-7, 8.350e-7
0.591, 7.061e-7, 7.122e-7, 8.473e-7, 8.350e-7
0.592, 7.061e-7, 7.122e-7, 8.473e-7, 8.350e-7
0.593, 7.061e-7, 7.122e-7, 8.473e-7, 8.350e-7
0.594, 7.061e-7, 7.122e-7, 8.473e-7, 8.350e-7
0.595, 7.061e-7, 7.122e-7, 8.473e-7, 8.350e-7
0.596, 7.061e-7, 7.122e-7, 8.473e-7, 8.350e-7
0.597, 7.061e-7, 7.122e-7, 8.473e-7, 8.350e-7
0.598, 7.061e-7, 7.122e-7, 8.442e-7, 8.350e-7
0.599, 7.061e-7, 7.122e-7, 8.442e-7, 8.350e-7
0.600, 7.061e-7, 7.122e-7, 8.473e-7, 8.350e-7
0.601, 7.061e-7, 7.122e-7, 8.473e-7, 8.350e-7
0.602, 7.061e-7, 7.122e-7, 8.473e-7, 8.350e-7
0.603, 7.061e-7, 7.122e-7, 8.442e-7, 8.350e-7
0.604, 7.061e-7, 7.122e-7, 8.442e-7, 8.350e-7
0.605, 7.061e-7, 7.122e-7, 8.473e-7, 8.350e-7
0.606, 7.061e-7, 7.122e-7, 8.442e-7, 8.350e-7
0.607, 7.061e-7, 7.122e-7, 8.442e-7, 8.350e-7
0.608, 7.061e-7, 7.122e-7, 8.442e-7, 8.350e-7
0.609, 7.061e-7, 7.122e-7, 8.442e-7, 8.350e-7
0.610, 7.061e-7, 7.122e-7, 8.442e-7, 8.350e-7
0.611, 7.061e-7, 7.122e-7, 8.442e-7, 8.350e-7
0.612, 7.061e-7, 7.153e-7, 8.442e-7, 8.350e-7
0.613, 7.061e-7, 7.122e-7, 8.442e-7, 8.350e-7
0.614, 7.061e-7, 7.153e-7, 8.442e-7, 8.350e-7
0.615, 7.061e-7, 7.153e-7, 8.442e-7, 8.350e-7
0.616, 7.061e-7, 7.122e-7, 8.442e-7, 8.350e-7
0.617, 7.061e-7, 7.122e-7, 8.442e-7, 8.350e-7
0.618, 7.061e-7, 7.122e-7, 8.442e-7, 8.350e-7
0.619, 7.061e-7, 7.122e-7, 8.442e-7, 8.350e-7
0.620, 7.061e-7, 7.153e-7, 8.442e-7, 8.350e-7
0.621, 7.061e-7, 7.153e-7, 8.442e-7, 8.350e-7
0.622, 7.061e-7, 7.153e-7, 8.442e-7, 8.320e-7
0.623, 7.061e-7, 7.153e-7, 8.442e-7, 8.350e-7
0.624, 7.061e-7, 7.153e-7, 8.442e-7, 8.350e-7
0.625, 7.061e-7, 7.153e-7, 8.442e-7, 8.350e-7
0.626, 7.061e-7, 7.122e-7, 8.412e-7, 8.320e-7
0.627, 7.061e-7, 7.153e-7, 8.442e-7, 8.350e-7
0.628, 7.061e-7, 7.153e-7, 8.442e-7, 8.350e-7
0.629, 7.061e-7, 7.153e-7, 8.442e-7, 8.320e-7
0.630, 7.061e-7, 7.153e-7, 8.442e-7, 8.320e-7
0.631, 7.061e-7, 7.153e-7, 8.442e-7, 8.320e-7
0.632, 7.061e-7, 7.153e-7, 8.412e-7, 8.320e-7
0.633, 7.061e-7, 7.153e-7, 8.442e-7, 8.320e-7
0.634, 7.061e-7, 7.153e-7, 8.412e-7, 8.320e-7
0.635, 7.061e-7, 7.153e-7, 8.412e-7, 8.320e-7
0.636, 7.061e-7, 7.153e-7, 8.412e-7, 8.350e-7
0.637, 7.061e-7, 7.153e-7, 8.412e-7, 8.320e-7
0.638, 7.061e-7, 7.153e-7, 8.412e-7, 8.320e-7
0.639, 7.061e-7, 7.153e-7, 8.412e-7, 8.320e-7
0.640, 7.061e-7, 7.153e-7, 8.412e-7, 8.320e-7
0.641, 7.061e-7, 7.153e-7, 8.412e-7, 8.320e-7
0.642, 7.061e-7, 7.153e-7, 8.412e-7, 8.320e-7
0.643, 7.061e-7, 7.153e-7, 8.412e-7, 8.320e-7
0.644, 7.061e-7, 7.153e-7, 8.412e-7, 8.320e-7
0.645, 7.061e-7, 7.153e-7, 8.412e-7, 8.320e-7
0.646, 7.061e-7, 7.153e-7, 8.412e-7, 8.320e-7
0.647, 7.061e-7, 7.153e-7, 8.412e-7, 8.320e-7
0.648, 7.061e-7, 7.153e-7, 8.412e-7, 8.320e-7
0.649, 7.061e-7, 7.153e-7, 8.412e-7, 8.320e-7
0.650, 7.061e-7, 7.153e-7, 8.412e-7, 8.320e-7
0.651, 7.061e-7, 7.153e-7, 8.412e-7, 8.320e-7
0.652, 7.091e-7, 7.153e-7, 8.412e-7, 8.320e-7
0.653, 7.091e-7, 7.183e-7, 8.412e-7, 8.350e-7
0.654, 7.061e-7, 7.153e-7, 8.412e-7, 8.320e-7
0.655, 7.091e-7, 7.153e-7, 8.412e-7, 8.320e-7
0.656, 7.061e-7, 7.183e-7, 8.412e-7, 8.350e-7
0.657, 7.091e-7, 7.153e-7, 8.412e-7, 8.320e-7
0.658, 7.091e-7, 7.183e-7, 8.412e-7, 8.350e-7
0.659, 7.091e-7, 7.183e-7, 8.412e-7, 8.320e-7
0.660, 7.091e-7, 7.183e-7, 8.412e-7, 8.320e-7
0.661, 7.091e-7, 7.183e-7, 8.412e-7, 8.320e-7
0.662, 7.091e-7, 7.183e-7, 8.412e-7, 8.350e-7
0.663, 7.091e-7, 7.183e-7, 8.412e-7, 8.320e-7
0.664, 7.091e-7, 7.183e-7, 8.412e-7, 8.350e-7
0.665, 7.091e-7, 7.183e-7, 8.412e-7, 8.350e-7
0.666, 7.091e-7, 7.183e-7, 8.412e-7, 8.350e-7
0.667, 7.091e-7, 7.183e-7, 8.412e-7, 8.350e-7
0.668, 7.091e-7, 7.183e-7, 8.412e-7, 8.350e-7
0.669, 7.091e-7, 7.214e-7, 8.412e-7, 8.350e-7
0.670, 7.122e-7, 7.214e-7, 8.412e-7, 8.350e-7
0.671, 7.091e-7, 7.214e-7, 8.412e-7, 8.350e-7
0.672, 7.122e-7, 7.183e-7, 8.412e-7, 8.350e-7
0.673, 7.122e-7, 7.214e-7, 8.412e-7, 8.350e-7
0.674, 7.122e-7, 7.214e-7, 8.412e-7, 8.350e-7
0.675, 7.122e-7, 7.214e-7, 8.412e-7, 8.350e-7
0.676, 7.122e-7, 7.214e-7, 8.412e-7, 8.350e-7
0.677, 7.122e-7, 7.214e-7, 8.412e-7, 8.381e-7
0.678, 7.122e-7, 7.214e-7, 8.412e-7, 8.381e-7
0.679, 7.153e-7, 7.245e-7, 8.442e-7, 8.381e-7
0.680, 7.122e-7, 7.214e-7, 8.442e-7, 8.381e-7
0.681, 7.122e-7, 7.245e-7, 8.442e-7, 8.381e-7
0.682, 7.153e-7, 7.245e-7, 8.442e-7, 8.381e-7
0.683, 7.153e-7, 7.245e-7, 8.442e-7, 8.381e-7
0.684, 7.153e-7, 7.245e-7, 8.442e-7, 8.381e-7
0.685, 7.153e-7, 7.245e-7, 8.442e-7, 8.381e-7
0.686, 7.153e-7, 7.276e-7, 8.442e-7, 8.381e-7
0.687, 7.153e-7, 7.245e-7, 8.442e-7, 8.381e-7
0.688, 7.153e-7, 7.245e-7, 8.442e-7, 8.412e-7
0.689, 7.183e-7, 7.276e-7, 8.473e-7, 8.412e-7
0.690, 7.183e-7, 7.276e-7, 8.473e-7, 8.412e-7
0.691, 7.183e-7, 7.276e-7, 8.473e-7, 8.412e-7
0.692, 7.183e-7, 7.276e-7, 8.473e-7, 8.412e-7
0.693, 7.183e-7, 7.306e-7, 8.473e-7, 8.412e-7
0.694, 7.214e-7, 7.306e-7, 8.473e-7, 8.442e-7
0.695, 7.214e-7, 7.306e-7, 8.473e-7, 8.442e-7
0.696, 7.214e-7, 7.306e-7, 8.504e-7, 8.442e-7
0.697, 7.214e-7, 7.337e-7, 8.504e-7, 8.442e-7
0.698, 7.214e-7, 7.337e-7, 8.504e-7, 8.442e-7
0.699, 7.245e-7, 7.337e-7, 8.504e-7, 8.473e-7
0.700, 7.245e-7, 7.337e-7, 8.504e-7, 8.473e-7
0.701, 7.245e-7, 7.337e-7, 8.504e-7, 8.473e-7
0.702, 7.245e-7, 7.368e-7, 8.534e-7, 8.473e-7
0.703, 7.245e-7, 7.368e-7, 8.534e-7, 8.473e-7
0.704, 7.276e-7, 7.368e-7, 8.534e-7, 8.504e-7
0.705, 7.276e-7, 7.368e-7, 8.534e-7, 8.504e-7
0.706, 7.276e-7, 7.398e-7, 8.565e-7, 8.504e-7
0.707, 7.276e-7, 7.398e-7, 8.565e-7, 8.504e-7
0.708, 7.306e-7, 7.398e-7, 8.565e-7, 8.534e-7
0.709, 7.306e-7, 7.429e-7, 8.565e-7, 8.534e-7
0.710, 7.306e-7, 7.429e-7, 8.565e-7, 8.534e-7
0.711, 7.337e-7, 7.429e-7, 8.596e-7, 8.565e-7
0.712, 7.337e-7, 7.460e-7, 8.596e-7, 8.565e-7
0.713, 7.337e-7, 7.460e-7, 8.627e-7, 8.565e-7
0.714, 7.368e-7, 7.460e-7, 8.627e-7, 8.596e-7
0.715, 7.368e-7, 7.491e-7, 8.627e-7, 8.596e-7
0.716, 7.368e-7, 7.491e-7, 8.627e-7, 8.596e-7
0.717, 7.398e-7, 7.521e-7, 8.657e-7, 8.627e-7
0.718, 7.398e-7, 7.521e-7, 8.657e-7, 8.627e-7
0.719, 7.429e-7, 7.521e-7, 8.688e-7, 8.657e-7
0.720, 7.429e-7, 7.552e-7, 8.688e-7, 8.657e-7
0.721, 7.429e-7, 7.552e-7, 8.688e-7, 8.657e-7
0.722, 7.460e-7, 7.552e-7, 8.719e-7, 8.688e-7
0.723, 7.460e-7, 7.583e-7, 8.719e-7, 8.719e-7
0.724, 7.490e-7, 7.613e-7, 8.749e-7, 8.719e-7
0.725, 7.490e-7, 7.613e-7, 8.749e-7, 8.719e-7
0.726, 7.490e-7, 7.644e-7, 8.780e-7, 8.749e-7
0.727, 7.521e-7, 7.644e-7, 8.780e-7, 8.749e-7
0.728, 7.552e-7, 7.675e-7, 8.780e-7, 8.780e-7
0.729, 7.552e-7, 7.675e-7, 8.811e-7, 8.811e-7
0.730, 7.583e-7, 7.705e-7, 8.811e-7, 8.811e-7
0.731, 7.583e-7, 7.705e-7, 8.842e-7, 8.842e-7
0.732, 7.613e-7, 7.736e-7, 8.872e-7, 8.842e-7
0.733, 7.613e-7, 7.767e-7, 8.872e-7, 8.872e-7
0.734, 7.644e-7, 7.798e-7, 8.903e-7, 8.872e-7
0.735, 7.675e-7, 7.798e-7, 8.903e-7, 8.903e-7
0.736, 7.675e-7, 7.828e-7, 8.934e-7, 8.934e-7
0.737, 7.705e-7, 7.859e-7, 8.964e-7, 8.964e-7
0.738, 7.736e-7, 7.890e-7, 8.995e-7, 8.964e-7
0.739, 7.736e-7, 7.890e-7, 8.995e-7, 8.995e-7
0.740, 7.767e-7, 7.920e-7, 9.026e-7, 9.026e-7
0.741, 7.798e-7, 7.951e-7, 9.056e-7, 9.056e-7
0.742, 7.828e-7, 7.982e-7, 9.056e-7, 9.056e-7
0.743, 7.859e-7, 8.012e-7, 9.087e-7, 9.087e-7
0.744, 7.859e-7, 8.012e-7, 9.118e-7, 9.118e-7
0.745, 7.890e-7, 8.043e-7, 9.149e-7, 9.149e-7
0.746, 7.920e-7, 8.074e-7, 9.179e-7, 9.179e-7
0.747, 7.951e-7, 8.105e-7, 9.210e-7, 9.210e-7
0.748, 7.982e-7, 8.135e-7, 9.241e-7, 9.241e-7
0.749, 8.012e-7, 8.166e-7, 9.271e-7, 9.271e-7
0.750, 8.043e-7, 8.197e-7, 9.271e-7, 9.302e-7
0.751, 8.074e-7, 8.227e-7, 9.302e-7, 9.333e-7
0.752, 8.105e-7, 8.258e-7, 9.333e-7, 9.364e-7
0.753, 8.135e-7, 8.289e-7, 9.364e-7, 9.394e-7
0.754, 8.166e-7, 8.320e-7, 9.394e-7, 9.425e-7
0.755, 8.197e-7, 8.381e-7, 9.456e-7, 9.486e-7
0.756, 8.227e-7, 8.412e-7, 9.486e-7, 9.517e-7
0.757, 8.289e-7, 8.442e-7, 9.517e-7, 9.548e-7
0.758, 8.289e-7, 8.504e-7, 9.548e-7, 9.578e-7
0.759, 8.350e-7, 8.534e-7, 9.609e-7, 9.640e-7
0.760, 8.381e-7, 8.565e-7, 9.640e-7, 9.671e-7
0.761, 8.442e-7, 8.627e-7, 9.671e-7, 9.701e-7
0.762, 8.473e-7, 8.657e-7, 9.701e-7, 9.763e-7
0.763, 8.504e-7, 8.688e-7, 9.763e-7, 9.793e-7
0.764, 8.534e-7, 8.749e-7, 9.793e-7, 9.855e-7
0.765, 8.596e-7, 8.780e-7, 9.855e-7, 9.885e-7
0.766, 8.657e-7, 8.842e-7, 9.885e-7, 9.947e-7
0.767, 8.688e-7, 8.903e-7, 9.947e-7, 1.001e-6
0.768, 8.749e-7, 8.964e-7, 1.001e-6, 1.007e-6
0.769, 8.811e-7, 8.995e-7, 1.004e-6, 1.010e-6
0.770, 8.842e-7, 9.056e-7, 1.010e-6, 1.016e-6
0.771, 8.903e-7, 9.118e-7, 1.016e-6, 1.022e-6
0.772, 8.964e-7, 9.179e-7, 1.019e-6, 1.028e-6
0.773, 8.995e-7, 9.241e-7, 1.025e-6, 1.035e-6
0.774, 9.056e-7, 9.302e-7, 1.032e-6, 1.041e-6
0.775, 9.149e-7, 9.364e-7, 1.038e-6, 1.047e-6
0.776, 9.179e-7, 9.425e-7, 1.044e-6, 1.053e-6
0.777, 9.241e-7, 9.486e-7, 1.050e-6, 1.059e-6
0.778, 9.333e-7, 9.548e-7, 1.059e-6, 1.068e-6
0.779, 9.394e-7, 9.609e-7, 1.062e-6, 1.075e-6
0.780, 9.456e-7, 9.701e-7, 1.071e-6, 1.081e-6
0.781, 9.517e-7, 9.763e-7, 1.078e-6, 1.090e-6
0.782, 9.609e-7, 9.855e-7, 1.087e-6, 1.096e-6
0.783, 9.671e-7, 9.916e-7, 1.093e-6, 1.105e-6
0.784, 9.763e-7, 1.001e-6, 1.102e-6, 1.114e-6
0.785, 9.824e-7, 1.010e-6, 1.108e-6, 1.121e-6
0.786, 9.916e-7, 1.016e-6, 1.118e-6, 1.130e-6
0.787, 9.978e-7, 1.025e-6, 1.124e-6, 1.139e-6
0.788, 1.007e-6, 1.035e-6, 1.133e-6, 1.148e-6
0.789, 1.016e-6, 1.044e-6, 1.142e-6, 1.157e-6
0.790, 1.025e-6, 1.053e-6, 1.151e-6, 1.167e-6
0.791, 1.035e-6, 1.062e-6, 1.160e-6, 1.176e-6
0.792, 1.044e-6, 1.071e-6, 1.170e-6, 1.188e-6
0.793, 1.053e-6, 1.084e-6, 1.179e-6, 1.197e-6
0.794, 1.062e-6, 1.093e-6, 1.191e-6, 1.207e-6
0.795, 1.075e-6, 1.102e-6, 1.200e-6, 1.219e-6
0.796, 1.084e-6, 1.114e-6, 1.210e-6, 1.228e-6
0.797, 1.093e-6, 1.127e-6, 1.222e-6, 1.240e-6
0.798, 1.105e-6, 1.136e-6, 1.234e-6, 1.253e-6
0.799, 1.118e-6, 1.148e-6, 1.243e-6, 1.265e-6
0.800, 1.130e-6, 1.160e-6, 1.256e-6, 1.277e-6
0.801, 1.142e-6, 1.173e-6, 1.268e-6, 1.293e-6
0.802, 1.154e-6, 1.185e-6, 1.280e-6, 1.305e-6
0.803, 1.167e-6, 1.200e-6, 1.293e-6, 1.317e-6
0.804, 1.179e-6, 1.213e-6, 1.308e-6, 1.332e-6
0.805, 1.191e-6, 1.225e-6, 1.320e-6, 1.345e-6
0.806, 1.207e-6, 1.240e-6, 1.332e-6, 1.360e-6
0.807, 1.222e-6, 1.256e-6, 1.348e-6, 1.375e-6
0.808, 1.234e-6, 1.271e-6, 1.363e-6, 1.391e-6
0.809, 1.250e-6, 1.286e-6, 1.379e-6, 1.406e-6
0.810, 1.265e-6, 1.302e-6, 1.391e-6, 1.425e-6
0.811, 1.280e-6, 1.317e-6, 1.406e-6, 1.440e-6
0.812, 1.299e-6, 1.332e-6, 1.425e-6, 1.458e-6
0.813, 1.314e-6, 1.351e-6, 1.440e-6, 1.474e-6
0.814, 1.329e-6, 1.369e-6, 1.458e-6, 1.492e-6
0.815, 1.348e-6, 1.385e-6, 1.474e-6, 1.511e-6
0.816, 1.366e-6, 1.403e-6, 1.492e-6, 1.529e-6
0.817, 1.385e-6, 1.421e-6, 1.511e-6, 1.550e-6
0.818, 1.403e-6, 1.443e-6, 1.529e-6, 1.569e-6
0.819, 1.421e-6, 1.461e-6, 1.547e-6, 1.590e-6
0.820, 1.443e-6, 1.483e-6, 1.569e-6, 1.612e-6
0.821, 1.461e-6, 1.501e-6, 1.587e-6, 1.633e-6
0.822, 1.483e-6, 1.523e-6, 1.609e-6, 1.655e-6
0.823, 1.504e-6, 1.544e-6, 1.630e-6, 1.676e-6
0.824, 1.526e-6, 1.569e-6, 1.652e-6, 1.698e-6
0.825, 1.547e-6, 1.590e-6, 1.673e-6, 1.722e-6
0.826, 1.572e-6, 1.615e-6, 1.695e-6, 1.747e-6
0.827, 1.593e-6, 1.639e-6, 1.719e-6, 1.772e-6
0.828, 1.618e-6, 1.664e-6, 1.741e-6, 1.796e-6
0.829, 1.643e-6, 1.689e-6, 1.765e-6, 1.824e-6
0.830, 1.667e-6, 1.713e-6, 1.790e-6, 1.848e-6
0.831, 1.692e-6, 1.741e-6, 1.815e-6, 1.876e-6
0.832, 1.716e-6, 1.765e-6, 1.842e-6, 1.904e-6
0.833, 1.744e-6, 1.793e-6, 1.867e-6, 1.934e-6
0.834, 1.772e-6, 1.821e-6, 1.894e-6, 1.959e-6
0.835, 1.799e-6, 1.848e-6, 1.922e-6, 1.990e-6
0.836, 1.827e-6, 1.879e-6, 1.950e-6, 2.020e-6
0.837, 1.854e-6, 1.907e-6, 1.977e-6, 2.051e-6
0.838, 1.882e-6, 1.937e-6, 2.005e-6, 2.082e-6
0.839, 1.913e-6, 1.968e-6, 2.036e-6, 2.112e-6
0.840, 1.943e-6, 1.999e-6, 2.066e-6, 2.146e-6
0.841, 1.974e-6, 2.029e-6, 2.097e-6, 2.177e-6
0.842, 2.005e-6, 2.063e-6, 2.128e-6, 2.211e-6
0.843, 2.036e-6, 2.094e-6, 2.158e-6, 2.244e-6
0.844, 2.069e-6, 2.128e-6, 2.189e-6, 2.278e-6
0.845, 2.100e-6, 2.161e-6, 2.223e-6, 2.315e-6
0.846, 2.134e-6, 2.198e-6, 2.257e-6, 2.352e-6
0.847, 2.168e-6, 2.232e-6, 2.290e-6, 2.389e-6
0.848, 2.201e-6, 2.269e-6, 2.324e-6, 2.422e-6
0.849, 2.238e-6, 2.303e-6, 2.361e-6, 2.462e-6
0.850, 2.272e-6, 2.340e-6, 2.395e-6, 2.499e-6
0.851, 2.309e-6, 2.379e-6, 2.432e-6, 2.536e-6
0.852, 2.346e-6, 2.416e-6, 2.469e-6, 2.576e-6
0.853, 2.383e-6, 2.453e-6, 2.505e-6, 2.616e-6
0.854, 2.419e-6, 2.493e-6, 2.542e-6, 2.656e-6
0.855, 2.456e-6, 2.533e-6, 2.579e-6, 2.696e-6
0.856, 2.493e-6, 2.573e-6, 2.619e-6, 2.739e-6
0.857, 2.533e-6, 2.613e-6, 2.656e-6, 2.782e-6
0.858, 2.573e-6, 2.653e-6, 2.699e-6, 2.822e-6
0.859, 2.613e-6, 2.696e-6, 2.739e-6, 2.865e-6
0.860, 2.653e-6, 2.739e-6, 2.779e-6, 2.911e-6
0.861, 2.693e-6, 2.779e-6, 2.822e-6, 2.954e-6
0.862, 2.736e-6, 2.825e-6, 2.862e-6, 2.997e-6
0.863, 2.776e-6, 2.868e-6, 2.905e-6, 3.043e-6
0.864, 2.819e-6, 2.911e-6, 2.948e-6, 3.089e-6
0.865, 2.862e-6, 2.957e-6, 2.991e-6, 3.135e-6
0.866, 2.905e-6, 3.000e-6, 3.034e-6, 3.184e-6
0.867, 2.948e-6, 3.046e-6, 3.080e-6, 3.230e-6
0.868, 2.994e-6, 3.095e-6, 3.126e-6, 3.279e-6
0.869, 3.037e-6, 3.141e-6, 3.172e-6, 3.328e-6
0.870, 3.083e-6, 3.190e-6, 3.218e-6, 3.377e-6
0.871, 3.129e-6, 3.239e-6, 3.267e-6, 3.430e-6
0.872, 3.175e-6, 3.288e-6, 3.313e-6, 3.479e-6
0.873, 3.224e-6, 3.337e-6, 3.362e-6, 3.531e-6
0.874, 3.270e-6, 3.390e-6, 3.411e-6, 3.586e-6
0.875, 3.322e-6, 3.439e-6, 3.463e-6, 3.638e-6
0.876, 3.368e-6, 3.491e-6, 3.512e-6, 3.691e-6
0.877, 3.420e-6, 3.546e-6, 3.565e-6, 3.749e-6
0.878, 3.470e-6, 3.602e-6, 3.617e-6, 3.804e-6
0.879, 3.522e-6, 3.654e-6, 3.672e-6, 3.863e-6
0.880, 3.574e-6, 3.712e-6, 3.724e-6, 3.921e-6
0.881, 3.626e-6, 3.767e-6, 3.780e-6, 3.979e-6
0.882, 3.681e-6, 3.826e-6, 3.838e-6, 4.038e-6
0.883, 3.737e-6, 3.884e-6, 3.896e-6, 4.099e-6
0.884, 3.792e-6, 3.945e-6, 3.955e-6, 4.163e-6
0.885, 3.850e-6, 4.007e-6, 4.013e-6, 4.225e-6
0.886, 3.909e-6, 4.068e-6, 4.074e-6, 4.289e-6
0.887, 3.970e-6, 4.133e-6, 4.136e-6, 4.357e-6
0.888, 4.028e-6, 4.197e-6, 4.197e-6, 4.424e-6
0.889, 4.090e-6, 4.262e-6, 4.262e-6, 4.492e-6
0.890, 4.154e-6, 4.329e-6, 4.329e-6, 4.563e-6
0.891, 4.219e-6, 4.400e-6, 4.397e-6, 4.636e-6
0.892, 4.283e-6, 4.470e-6, 4.464e-6, 4.707e-6
0.893, 4.351e-6, 4.544e-6, 4.535e-6, 4.784e-6
0.894, 4.418e-6, 4.618e-6, 4.606e-6, 4.857e-6
0.895, 4.486e-6, 4.692e-6, 4.679e-6, 4.937e-6
0.896, 4.560e-6, 4.768e-6, 4.753e-6, 5.017e-6
0.897, 4.633e-6, 4.848e-6, 4.830e-6, 5.100e-6
0.898, 4.707e-6, 4.931e-6, 4.910e-6, 5.183e-6
0.899, 4.784e-6, 5.014e-6, 4.989e-6, 5.272e-6
0.900, 4.857e-6, 5.075e-6, 5.023e-6, 5.278e-6
0.899, 4.799e-6, 4.999e-6, 4.931e-6, 5.167e-6
0.898, 4.682e-6, 4.876e-6, 4.805e-6, 5.035e-6
0.897, 4.553e-6, 4.744e-6, 4.670e-6, 4.894e-6
0.896, 4.424e-6, 4.609e-6, 4.541e-6, 4.756e-6
0.895, 4.299e-6, 4.483e-6, 4.412e-6, 4.624e-6
0.894, 4.179e-6, 4.357e-6, 4.292e-6, 4.495e-6
0.893, 4.062e-6, 4.237e-6, 4.176e-6, 4.372e-6
0.892, 3.952e-6, 4.120e-6, 4.062e-6, 4.252e-6
0.891, 3.844e-6, 4.010e-6, 3.955e-6, 4.139e-6
0.890, 3.740e-6, 3.902e-6, 3.847e-6, 4.028e-6
0.889, 3.638e-6, 3.798e-6, 3.746e-6, 3.921e-6
0.888, 3.540e-6, 3.697e-6, 3.648e-6, 3.816e-6
0.887, 3.448e-6, 3.602e-6, 3.552e-6, 3.718e-6
0.886, 3.356e-6, 3.506e-6, 3.463e-6, 3.620e-6
0.885, 3.267e-6, 3.414e-6, 3.374e-6, 3.528e-6
0.884, 3.184e-6, 3.328e-6, 3.285e-6, 3.436e-6
0.883, 3.098e-6, 3.242e-6, 3.202e-6, 3.347e-6
0.882, 3.018e-6, 3.159e-6, 3.123e-6, 3.264e-6
0.881, 2.941e-6, 3.076e-6, 3.043e-6, 3.181e-6
0.880, 2.868e-6, 3.000e-6, 2.966e-6, 3.098e-6
0.879, 2.794e-6, 2.926e-6, 2.892e-6, 3.021e-6
0.878, 2.723e-6, 2.849e-6, 2.822e-6, 2.944e-6
0.877, 2.653e-6, 2.779e-6, 2.751e-6, 2.871e-6
0.876, 2.585e-6, 2.708e-6, 2.680e-6, 2.800e-6
0.875, 2.521e-6, 2.640e-6, 2.616e-6, 2.730e-6
0.874, 2.456e-6, 2.576e-6, 2.551e-6, 2.662e-6
0.873, 2.398e-6, 2.512e-6, 2.490e-6, 2.594e-6
0.872, 2.336e-6, 2.450e-6, 2.429e-6, 2.533e-6
0.871, 2.278e-6, 2.389e-6, 2.370e-6, 2.469e-6
0.870, 2.223e-6, 2.330e-6, 2.312e-6, 2.407e-6
0.869, 2.168e-6, 2.272e-6, 2.257e-6, 2.352e-6
0.868, 2.112e-6, 2.217e-6, 2.201e-6, 2.294e-6
0.867, 2.060e-6, 2.165e-6, 2.149e-6, 2.238e-6
0.866, 2.011e-6, 2.109e-6, 2.097e-6, 2.183e-6
0.865, 1.962e-6, 2.060e-6, 2.048e-6, 2.131e-6
0.864, 1.916e-6, 2.011e-6, 1.999e-6, 2.079e-6
0.863, 1.867e-6, 1.959e-6, 1.950e-6, 2.029e-6
0.862, 1.824e-6, 1.913e-6, 1.904e-6, 1.980e-6
0.861, 1.778e-6, 1.867e-6, 1.861e-6, 1.934e-6
0.860, 1.735e-6, 1.821e-6, 1.815e-6, 1.888e-6
0.859, 1.692e-6, 1.778e-6, 1.772e-6, 1.842e-6
0.858, 1.652e-6, 1.735e-6, 1.729e-6, 1.796e-6
0.857, 1.612e-6, 1.692e-6, 1.689e-6, 1.753e-6
0.856, 1.572e-6, 1.652e-6, 1.649e-6, 1.710e-6
0.855, 1.535e-6, 1.612e-6, 1.612e-6, 1.670e-6
0.854, 1.498e-6, 1.572e-6, 1.572e-6, 1.630e-6
0.853, 1.461e-6, 1.535e-6, 1.535e-6, 1.593e-6
0.852, 1.428e-6, 1.498e-6, 1.498e-6, 1.554e-6
0.851, 1.391e-6, 1.461e-6, 1.464e-6, 1.517e-6
0.850, 1.357e-6, 1.425e-6, 1.428e-6, 1.480e-6
0.849, 1.326e-6, 1.391e-6, 1.394e-6, 1.446e-6
0.848, 1.296e-6, 1.357e-6, 1.363e-6, 1.409e-6
0.847, 1.262e-6, 1.323e-6, 1.329e-6, 1.375e-6
0.846, 1.231e-6, 1.293e-6, 1.299e-6, 1.345e-6
0.845, 1.203e-6, 1.259e-6, 1.268e-6, 1.311e-6
0.844, 1.176e-6, 1.231e-6, 1.237e-6, 1.280e-6
0.843, 1.145e-6, 1.200e-6, 1.210e-6, 1.250e-6
0.842, 1.118e-6, 1.170e-6, 1.182e-6, 1.219e-6
0.841, 1.093e-6, 1.142e-6, 1.151e-6, 1.191e-6
0.840, 1.065e-6, 1.114e-6, 1.127e-6, 1.164e-6
0.839, 1.041e-6, 1.087e-6, 1.099e-6, 1.136e-6
0.838, 1.016e-6, 1.059e-6, 1.075e-6, 1.108e-6
0.837, 9.916e-7, 1.035e-6, 1.050e-6, 1.084e-6
0.836, 9.671e-7, 1.010e-6, 1.025e-6, 1.056e-6
0.835, 9.456e-7, 9.855e-7, 1.001e-6, 1.032e-6
0.834, 9.241e-7, 9.609e-7, 9.763e-7, 1.007e-6
0.833, 9.026e-7, 9.394e-7, 9.548e-7, 9.824e-7
0.832, 8.811e-7, 9.149e-7, 9.333e-7, 9.609e-7
0.831, 8.596e-7, 8.934e-7, 9.118e-7, 9.394e-7
0.830, 8.381e-7, 8.719e-7, 8.903e-7, 9.179e-7
0.829, 8.197e-7, 8.504e-7, 8.719e-7, 8.934e-7
0.828, 8.012e-7, 8.289e-7, 8.504e-7, 8.749e-7
0.827, 7.828e-7, 8.105e-7, 8.320e-7, 8.534e-7
0.826, 7.644e-7, 7.920e-7, 8.135e-7, 8.350e-7
0.825, 7.460e-7, 7.705e-7, 7.951e-7, 8.166e-7
0.824, 7.306e-7, 7.552e-7, 7.767e-7, 7.982e-7
0.823, 7.122e-7, 7.337e-7, 7.583e-7, 7.798e-7
0.822, 6.969e-7, 7.183e-7, 7.429e-7, 7.613e-7
0.821, 6.815e-7, 7.030e-7, 7.245e-7, 7.460e-7
0.820, 6.661e-7, 6.846e-7, 7.091e-7, 7.276e-7
0.819, 6.508e-7, 6.692e-7, 6.938e-7, 7.122e-7
0.818, 6.354e-7, 6.508e-7, 6.784e-7, 6.938e-7
0.817, 6.232e-7, 6.385e-7, 6.631e-7, 6.784e-7
0.816, 6.078e-7, 6.232e-7, 6.508e-7, 6.661e-7
0.815, 5.955e-7, 6.078e-7, 6.354e-7, 6.508e-7
0.814, 5.832e-7, 5.955e-7, 6.232e-7, 6.354e-7
0.813, 5.679e-7, 5.832e-7, 6.109e-7, 6.232e-7
0.812, 5.556e-7, 5.679e-7, 5.955e-7, 6.109e-7
0.811, 5.464e-7, 5.556e-7, 5.832e-7, 5.955e-7
0.810, 5.341e-7, 5.433e-7, 5.710e-7, 5.832e-7
0.809, 5.218e-7, 5.310e-7, 5.587e-7, 5.710e-7
0.808, 5.126e-7, 5.188e-7, 5.495e-7, 5.618e-7
0.807, 5.003e-7, 5.096e-7, 5.372e-7, 5.495e-7
0.806, 4.911e-7, 4.973e-7, 5.280e-7, 5.372e-7
0.805, 4.788e-7, 4.850e-7, 5.157e-7, 5.249e-7
0.804, 4.696e-7, 4.758e-7, 5.065e-7, 5.157e-7
0.803, 4.604e-7, 4.666e-7, 4.973e-7, 5.065e-7
0.802, 4.512e-7, 4.574e-7, 4.881e-7, 4.942e-7
0.801, 4.420e-7, 4.481e-7, 4.758e-7, 4.850e-7
0.800, 4.328e-7, 4.359e-7, 4.666e-7, 4.758e-7
0.799, 4.236e-7, 4.297e-7, 4.604e-7, 4.666e-7
0.798, 4.174e-7, 4.205e-7, 4.512e-7, 4.574e-7
0.797, 4.082e-7, 4.113e-7, 4.420e-7, 4.481e-7
0.796, 3.990e-7, 4.021e-7, 4.328e-7, 4.389e-7
0.795, 3.929e-7, 3.959e-7, 4.266e-7, 4.297e-7
0.794, 3.867e-7, 3.867e-7, 4.174e-7, 4.236e-7
0.793, 3.775e-7, 3.775e-7, 4.082e-7, 4.144e-7
0.792, 3.714e-7, 3.714e-7, 4.021e-7, 4.082e-7
0.791, 3.652e-7, 3.652e-7, 3.929e-7, 3.990e-7
0.790, 3.591e-7, 3.560e-7, 3.867e-7, 3.929e-7
0.789, 3.499e-7, 3.499e-7, 3.806e-7, 3.837e-7
0.788, 3.437e-7, 3.437e-7, 3.745e-7, 3.775e-7
0.787, 3.376e-7, 3.376e-7, 3.683e-7, 3.714e-7
0.786, 3.315e-7, 3.284e-7, 3.622e-7, 3.652e-7
0.785, 3.253e-7, 3.223e-7, 3.560e-7, 3.560e-7
0.784, 3.192e-7, 3.161e-7, 3.499e-7, 3.499e-7
0.783, 3.130e-7, 3.130e-7, 3.407e-7, 3.437e-7
0.782, 3.100e-7, 3.069e-7, 3.376e-7, 3.376e-7
0.781, 3.008e-7, 3.008e-7, 3.315e-7, 3.345e-7
0.780, 2.977e-7, 2.946e-7, 3.253e-7, 3.284e-7
0.779, 2.915e-7, 2.885e-7, 3.192e-7, 3.223e-7
0.778, 2.885e-7, 2.823e-7, 3.130e-7, 3.161e-7
0.777, 2.823e-7, 2.793e-7, 3.069e-7, 3.100e-7
0.776, 2.762e-7, 2.731e-7, 3.038e-7, 3.038e-7
0.775, 2.731e-7, 2.670e-7, 2.977e-7, 2.977e-7
0.774, 2.670e-7, 2.639e-7, 2.915e-7, 2.946e-7
0.773, 2.639e-7, 2.578e-7, 2.885e-7, 2.885e-7
0.772, 2.578e-7, 2.547e-7, 2.823e-7, 2.854e-7
0.771, 2.547e-7, 2.486e-7, 2.793e-7, 2.793e-7
0.770, 2.486e-7, 2.455e-7, 2.731e-7, 2.762e-7
0.769, 2.455e-7, 2.393e-7, 2.701e-7, 2.701e-7
0.768, 2.424e-7, 2.363e-7, 2.639e-7, 2.670e-7
0.767, 2.363e-7, 2.301e-7, 2.608e-7, 2.608e-7
0.766, 2.332e-7, 2.301e-7, 2.578e-7, 2.547e-7
0.765, 2.301e-7, 2.240e-7, 2.516e-7, 2.516e-7
0.764, 2.240e-7, 2.209e-7, 2.486e-7, 2.486e-7
0.763, 2.209e-7, 2.179e-7, 2.455e-7, 2.455e-7
0.762, 2.179e-7, 2.117e-7, 2.424e-7, 2.393e-7
0.761, 2.148e-7, 2.086e-7, 2.363e-7, 2.363e-7
0.760, 2.117e-7, 2.056e-7, 2.332e-7, 2.332e-7
0.759, 2.086e-7, 2.025e-7, 2.301e-7, 2.301e-7
0.758, 2.056e-7, 1.994e-7, 2.271e-7, 2.240e-7
0.757, 2.025e-7, 1.964e-7, 2.240e-7, 2.209e-7
0.756, 1.964e-7, 1.933e-7, 2.209e-7, 2.179e-7
0.755, 1.933e-7, 1.902e-7, 2.179e-7, 2.148e-7
0.754, 1.933e-7, 1.871e-7, 2.117e-7, 2.117e-7
0.753, 1.902e-7, 1.841e-7, 2.086e-7, 2.086e-7
0.752, 1.871e-7, 1.810e-7, 2.086e-7, 2.056e-7
0.751, 1.841e-7, 1.779e-7, 2.056e-7, 2.025e-7
0.750, 1.810e-7, 1.749e-7, 2.025e-7, 1.994e-7
0.749, 1.779e-7, 1.718e-7, 1.994e-7, 1.964e-7
0.748, 1.749e-7, 1.687e-7, 1.964e-7, 1.933e-7
0.747, 1.718e-7, 1.657e-7, 1.933e-7, 1.902e-7
0.746, 1.687e-7, 1.626e-7, 1.902e-7, 1.871e-7
0.745, 1.687e-7, 1.595e-7, 1.871e-7, 1.841e-7
0.744, 1.657e-7, 1.595e-7, 1.841e-7, 1.810e-7
0.743, 1.626e-7, 1.564e-7, 1.841e-7, 1.779e-7
0.742, 1.595e-7, 1.534e-7, 1.810e-7, 1.749e-7
0.741, 1.564e-7, 1.503e-7, 1.779e-7, 1.749e-7
0.740, 1.564e-7, 1.503e-7, 1.749e-7, 1.718e-7
0.739, 1.534e-7, 1.472e-7, 1.718e-7, 1.687e-7
0.738, 1.503e-7, 1.442e-7, 1.718e-7, 1.687e-7
0.737, 1.503e-7, 1.411e-7, 1.687e-7, 1.657e-7
0.736, 1.472e-7, 1.411e-7, 1.657e-7, 1.626e-7
0.735, 1.442e-7, 1.380e-7, 1.657e-7, 1.595e-7
0.734, 1.442e-7, 1.350e-7, 1.626e-7, 1.595e-7
0.733, 1.411e-7, 1.350e-7, 1.595e-7, 1.564e-7
0.732, 1.380e-7, 1.319e-7, 1.564e-7, 1.534e-7
0.731, 1.380e-7, 1.319e-7, 1.564e-7, 1.503e-7
0.730, 1.349e-7, 1.288e-7, 1.534e-7, 1.503e-7
0.729, 1.349e-7, 1.288e-7, 1.534e-7, 1.503e-7
0.728, 1.319e-7, 1.257e-7, 1.503e-7, 1.472e-7
0.727, 1.319e-7, 1.257e-7, 1.503e-7, 1.442e-7
0.726, 1.288e-7, 1.227e-7, 1.472e-7, 1.442e-7
0.725, 1.288e-7, 1.196e-7, 1.472e-7, 1.411e-7
0.724, 1.257e-7, 1.196e-7, 1.442e-7, 1.380e-7
0.723, 1.257e-7, 1.196e-7, 1.411e-7, 1.380e-7
0.722, 1.227e-7, 1.165e-7, 1.411e-7, 1.380e-7
0.721, 1.227e-7, 1.165e-7, 1.380e-7, 1.350e-7
0.720, 1.227e-7, 1.135e-7, 1.380e-7, 1.350e-7
0.719, 1.196e-7, 1.135e-7, 1.380e-7, 1.319e-7
0.718, 1.196e-7, 1.104e-7, 1.350e-7, 1.319e-7
0.717, 1.165e-7, 1.104e-7, 1.350e-7, 1.288e-7
0.716, 1.165e-7, 1.104e-7, 1.319e-7, 1.288e-7
0.715, 1.135e-7, 1.073e-7, 1.319e-7, 1.257e-7
0.714, 1.135e-7, 1.073e-7, 1.319e-7, 1.257e-7
0.713, 1.135e-7, 1.042e-7, 1.288e-7, 1.257e-7
0.712, 1.104e-7, 1.042e-7, 1.288e-7, 1.227e-7
0.711, 1.104e-7, 1.042e-7, 1.288e-7, 1.227e-7
0.710, 1.073e-7, 1.042e-7, 1.257e-7, 1.196e-7
0.709, 1.073e-7, 1.042e-7, 1.257e-7, 1.227e-7
0.708, 1.073e-7, 1.012e-7, 1.257e-7, 1.196e-7
0.707, 1.073e-7, 1.012e-7, 1.227e-7, 1.196e-7
0.706, 1.073e-7, 1.012e-7, 1.227e-7, 1.196e-7
0.705, 1.042e-7, 9.810e-8, 1.227e-7, 1.165e-7
0.704, 1.042e-7, 9.810e-8, 1.227e-7, 1.165e-7
0.703, 1.042e-7, 9.810e-8, 1.227e-7, 1.165e-7
0.702, 1.042e-7, 9.810e-8, 1.196e-7, 1.135e-7
0.701, 1.012e-7, 9.810e-8, 1.196e-7, 1.135e-7
0.700, 1.012e-7, 9.503e-8, 1.196e-7, 1.135e-7
0.699, 1.012e-7, 9.503e-8, 1.196e-7, 1.135e-7
0.698, 1.012e-7, 9.503e-8, 1.196e-7, 1.135e-7
0.697, 1.012e-7, 9.503e-8, 1.165e-7, 1.104e-7
0.696, 1.012e-7, 9.503e-8, 1.165e-7, 1.135e-7
0.695, 9.810e-8, 9.503e-8, 1.165e-7, 1.104e-7
0.694, 9.810e-8, 9.196e-8, 1.165e-7, 1.104e-7
0.693, 9.810e-8, 9.196e-8, 1.165e-7, 1.104e-7
0.692, 9.810e-8, 9.196e-8, 1.165e-7, 1.104e-7
0.691, 9.810e-8, 9.196e-8, 1.165e-7, 1.104e-7
0.690, 9.810e-8, 9.196e-8, 1.165e-7, 1.104e-7
0.689, 9.810e-8, 9.196e-8, 1.165e-7, 1.104e-7
0.688, 9.810e-8, 9.196e-8, 1.135e-7, 1.104e-7
0.687, 9.503e-8, 9.196e-8, 1.135e-7, 1.073e-7
0.686, 9.503e-8, 9.196e-8, 1.135e-7, 1.073e-7
0.685, 9.503e-8, 9.196e-8, 1.135e-7, 1.073e-7
0.684, 9.503e-8, 9.196e-8, 1.135e-7, 1.073e-7
0.683, 9.503e-8, 9.196e-8, 1.135e-7, 1.073e-7
0.682, 9.503e-8, 9.196e-8, 1.135e-7, 1.073e-7
0.681, 9.503e-8, 9.196e-8, 1.135e-7, 1.073e-7
0.680, 9.503e-8, 9.196e-8, 1.135e-7, 1.073e-7
0.679, 9.503e-8, 9.196e-8, 1.135e-7, 1.073e-7
0.678, 9.503e-8, 9.196e-8, 1.135e-7, 1.073e-7
0.677, 9.503e-8, 9.196e-8, 1.135e-7, 1.073e-7
0.676, 9.503e-8, 9.196e-8, 1.135e-7, 1.073e-7
0.675, 9.503e-8, 9.196e-8, 1.135e-7, 1.073e-7
0.674, 9.503e-8, 9.196e-8, 1.165e-7, 1.073e-7
0.673, 9.503e-8, 9.196e-8, 1.135e-7, 1.073e-7
0.672, 9.503e-8, 9.196e-8, 1.165e-7, 1.073e-7
0.671, 9.503e-8, 9.196e-8, 1.135e-7, 1.073e-7
0.670, 9.503e-8, 9.196e-8, 1.165e-7, 1.073e-7
0.669, 9.503e-8, 9.196e-8, 1.165e-7, 1.104e-7
0.668, 9.503e-8, 9.196e-8, 1.165e-7, 1.073e-7
0.667, 9.503e-8, 9.196e-8, 1.165e-7, 1.073e-7
0.666, 9.503e-8, 9.196e-8, 1.165e-7, 1.073e-7
0.665, 9.503e-8, 9.196e-8, 1.165e-7, 1.104e-7
0.664, 9.810e-8, 9.196e-8, 1.165e-7, 1.104e-7
0.663, 9.503e-8, 9.196e-8, 1.165e-7, 1.104e-7
0.662, 9.810e-8, 9.196e-8, 1.165e-7, 1.104e-7
0.661, 9.810e-8, 9.503e-8, 1.165e-7, 1.104e-7
0.660, 9.810e-8, 9.503e-8, 1.165e-7, 1.104e-7
0.659, 9.810e-8, 9.503e-8, 1.196e-7, 1.104e-7
0.658, 9.810e-8, 9.503e-8, 1.196e-7, 1.104e-7
0.657, 9.810e-8, 9.503e-8, 1.196e-7, 1.104e-7
0.656, 9.810e-8, 9.503e-8, 1.196e-7, 1.104e-7
0.655, 9.810e-8, 9.503e-8, 1.196e-7, 1.135e-7
0.654, 9.810e-8, 9.503e-8, 1.196e-7, 1.135e-7
0.653, 9.810e-8, 9.503e-8, 1.196e-7, 1.135e-7
0.652, 9.810e-8, 9.503e-8, 1.227e-7, 1.135e-7
0.651, 1.012e-7, 9.503e-8, 1.196e-7, 1.135e-7
0.650, 1.012e-7, 9.810e-8, 1.227e-7, 1.165e-7
0.649, 1.012e-7, 9.503e-8, 1.227e-7, 1.135e-7
0.648, 1.012e-7, 9.810e-8, 1.227e-7, 1.165e-7
0.647, 1.012e-7, 9.810e-8, 1.227e-7, 1.165e-7
0.646, 1.012e-7, 9.810e-8, 1.227e-7, 1.165e-7
0.645, 1.012e-7, 9.810e-8, 1.257e-7, 1.165e-7
0.644, 1.012e-7, 9.810e-8, 1.257e-7, 1.165e-7
0.643, 1.012e-7, 9.810e-8, 1.257e-7, 1.165e-7
0.642, 1.042e-7, 1.012e-7, 1.257e-7, 1.196e-7
0.641, 1.042e-7, 1.012e-7, 1.257e-7, 1.196e-7
0.640, 1.042e-7, 1.012e-7, 1.257e-7, 1.196e-7
0.639, 1.042e-7, 1.012e-7, 1.288e-7, 1.196e-7
0.638, 1.042e-7, 1.012e-7, 1.288e-7, 1.196e-7
0.637, 1.042e-7, 1.012e-7, 1.288e-7, 1.227e-7
0.636, 1.073e-7, 1.012e-7, 1.288e-7, 1.227e-7
0.635, 1.073e-7, 1.012e-7, 1.288e-7, 1.227e-7
0.634, 1.073e-7, 1.012e-7, 1.288e-7, 1.227e-7
0.633, 1.073e-7, 1.042e-7, 1.319e-7, 1.227e-7
0.632, 1.073e-7, 1.042e-7, 1.319e-7, 1.227e-7
0.631, 1.073e-7, 1.042e-7, 1.319e-7, 1.227e-7
0.630, 1.073e-7, 1.042e-7, 1.319e-7, 1.257e-7
0.629, 1.073e-7, 1.042e-7, 1.319e-7, 1.257e-7
0.628, 1.104e-7, 1.042e-7, 1.319e-7, 1.257e-7
0.627, 1.104e-7, 1.042e-7, 1.350e-7, 1.257e-7
0.626, 1.104e-7, 1.073e-7, 1.350e-7, 1.288e-7
0.625, 1.104e-7, 1.073e-7, 1.350e-7, 1.288e-7
0.624, 1.104e-7, 1.073e-7, 1.350e-7, 1.288e-7
0.623, 1.104e-7, 1.073e-7, 1.350e-7, 1.288e-7
0.622, 1.135e-7, 1.073e-7, 1.380e-7, 1.288e-7
0.621, 1.135e-7, 1.073e-7, 1.380e-7, 1.319e-7
0.620, 1.135e-7, 1.104e-7, 1.380e-7, 1.319e-7
0.619, 1.135e-7, 1.104e-7, 1.380e-7, 1.319e-7
0.618, 1.135e-7, 1.104e-7, 1.380e-7, 1.319e-7
0.617, 1.135e-7, 1.104e-7, 1.411e-7, 1.319e-7
0.616, 1.165e-7, 1.104e-7, 1.411e-7, 1.350e-7
0.615, 1.165e-7, 1.104e-7, 1.411e-7, 1.319e-7
0.614, 1.165e-7, 1.104e-7, 1.411e-7, 1.350e-7
0.613, 1.165e-7, 1.135e-7, 1.442e-7, 1.350e-7
0.612, 1.165e-7, 1.135e-7, 1.442e-7, 1.350e-7
0.611, 1.165e-7, 1.135e-7, 1.442e-7, 1.380e-7
0.610, 1.165e-7, 1.135e-7, 1.442e-7, 1.380e-7
0.609, 1.196e-7, 1.135e-7, 1.472e-7, 1.380e-7
0.608, 1.196e-7, 1.165e-7, 1.472e-7, 1.380e-7
0.607, 1.196e-7, 1.165e-7, 1.472e-7, 1.380e-7
0.606, 1.196e-7, 1.165e-7, 1.472e-7, 1.380e-7
0.605, 1.196e-7, 1.165e-7, 1.472e-7, 1.380e-7
0.604, 1.196e-7, 1.165e-7, 1.472e-7, 1.411e-7
0.603, 1.227e-7, 1.165e-7, 1.503e-7, 1.411e-7
0.602, 1.227e-7, 1.165e-7, 1.503e-7, 1.411e-7
0.601, 1.227e-7, 1.165e-7, 1.503e-7, 1.411e-7
0.600, 1.227e-7, 1.196e-7, 1.503e-7, 1.442e-7
0.599, 1.227e-7, 1.196e-7, 1.534e-7, 1.442e-7
0.598, 1.227e-7, 1.196e-7, 1.534e-7, 1.442e-7
0.597, 1.257e-7, 1.196e-7, 1.534e-7, 1.442e-7
0.596, 1.257e-7, 1.227e-7, 1.534e-7, 1.472e-7
0.595, 1.257e-7, 1.196e-7, 1.534e-7, 1.472e-7
0.594, 1.257e-7, 1.227e-7, 1.564e-7, 1.472e-7
0.593, 1.257e-7, 1.227e-7, 1.564e-7, 1.472e-7
0.592, 1.288e-7, 1.227e-7, 1.564e-7, 1.472e-7
0.591, 1.288e-7, 1.227e-7, 1.564e-7, 1.503e-7
0.590, 1.288e-7, 1.257e-7, 1.564e-7, 1.503e-7
0.589, 1.288e-7, 1.257e-7, 1.595e-7, 1.503e-7
0.588, 1.288e-7, 1.257e-7, 1.595e-7, 1.503e-7
0.587, 1.319e-7, 1.257e-7, 1.595e-7, 1.534e-7
0.586, 1.319e-7, 1.257e-7, 1.595e-7, 1.534e-7
0.585, 1.319e-7, 1.257e-7, 1.595e-7, 1.534e-7
0.584, 1.319e-7, 1.257e-7, 1.626e-7, 1.534e-7
0.583, 1.319e-7, 1.288e-7, 1.626e-7, 1.534e-7
0.582, 1.319e-7, 1.288e-7, 1.626e-7, 1.534e-7
0.581, 1.350e-7, 1.288e-7, 1.657e-7, 1.564e-7
0.580, 1.350e-7, 1.288e-7, 1.657e-7, 1.564e-7
0.579, 1.350e-7, 1.288e-7, 1.657e-7, 1.564e-7
0.578, 1.350e-7, 1.288e-7, 1.657e-7, 1.595e-7
0.577, 1.350e-7, 1.319e-7, 1.657e-7, 1.595e-7
0.576, 1.350e-7, 1.319e-7, 1.687e-7, 1.595e-7
0.575, 1.350e-7, 1.319e-7, 1.687e-7, 1.595e-7
0.574, 1.380e-7, 1.319e-7, 1.687e-7, 1.595e-7
0.573, 1.380e-7, 1.319e-7, 1.687e-7, 1.626e-7
0.572, 1.380e-7, 1.319e-7, 1.718e-7, 1.626e-7
0.571, 1.380e-7, 1.350e-7, 1.718e-7, 1.626e-7
0.570, 1.380e-7, 1.350e-7, 1.718e-7, 1.626e-7
0.569, 1.380e-7, 1.350e-7, 1.718e-7, 1.626e-7
0.568, 1.411e-7, 1.350e-7, 1.718e-7, 1.626e-7
0.567, 1.411e-7, 1.350e-7, 1.749e-7, 1.657e-7
0.566, 1.411e-7, 1.350e-7, 1.749e-7, 1.657e-7
0.565, 1.411e-7, 1.350e-7, 1.749e-7, 1.657e-7
0.564, 1.411e-7, 1.350e-7, 1.749e-7, 1.687e-7
0.563, 1.442e-7, 1.380e-7, 1.749e-7, 1.687e-7
0.562, 1.442e-7, 1.380e-7, 1.779e-7, 1.687e-7
0.561, 1.442e-7, 1.380e-7, 1.779e-7, 1.687e-7
0.560, 1.442e-7, 1.380e-7, 1.779e-7, 1.687e-7
0.559, 1.442e-7, 1.380e-7, 1.779e-7, 1.718e-7
0.558, 1.472e-7, 1.380e-7, 1.779e-7, 1.718e-7
0.557, 1.472e-7, 1.380e-7, 1.810e-7, 1.718e-7
0.556, 1.472e-7, 1.411e-7, 1.810e-7, 1.718e-7
0.555, 1.472e-7, 1.411e-7, 1.810e-7, 1.749e-7
0.554, 1.472e-7, 1.411e-7, 1.810e-7, 1.718e-7
0.553, 1.472e-7, 1.411e-7, 1.841e-7, 1.749e-7
0.552, 1.503e-7, 1.411e-7, 1.841e-7, 1.749e-7
0.551, 1.503e-7, 1.411e-7, 1.841e-7, 1.749e-7
0.550, 1.503e-7, 1.411e-7, 1.841e-7, 1.779e-7
0.549, 1.503e-7, 1.442e-7, 1.841e-7, 1.779e-7
0.548, 1.503e-7, 1.442e-7, 1.871e-7, 1.779e-7
0.547, 1.503e-7, 1.442e-7, 1.871e-7, 1.779e-7
0.546, 1.503e-7, 1.442e-7, 1.872e-7, 1.779e-7
0.545, 1.534e-7, 1.442e-7, 1.872e-7, 1.779e-7
0.544, 1.534e-7, 1.442e-7, 1.872e-7, 1.810e-7
0.543, 1.534e-7, 1.472e-7, 1.902e-7, 1.810e-7
0.542, 1.534e-7, 1.472e-7, 1.902e-7, 1.810e-7
0.541, 1.534e-7, 1.472e-7, 1.902e-7, 1.810e-7
0.540, 1.534e-7, 1.472e-7, 1.902e-7, 1.810e-7
0.539, 1.564e-7, 1.472e-7, 1.933e-7, 1.841e-7
0.538, 1.564e-7, 1.472e-7, 1.933e-7, 1.841e-7
0.537, 1.564e-7, 1.472e-7, 1.933e-7, 1.841e-7
0.536, 1.564e-7, 1.472e-7, 1.933e-7, 1.871e-7
0.535, 1.564e-7, 1.503e-7, 1.933e-7, 1.841e-7
0.534, 1.595e-7, 1.503e-7, 1.964e-7, 1.871e-7
0.533, 1.595e-7, 1.503e-7, 1.964e-7, 1.871e-7
0.532, 1.595e-7, 1.503e-7, 1.964e-7, 1.871e-7
0.531, 1.595e-7, 1.503e-7, 1.964e-7, 1.902e-7
0.530, 1.595e-7, 1.503e-7, 1.994e-7, 1.902e-7
0.529, 1.595e-7, 1.503e-7, 1.994e-7, 1.902e-7
0.528, 1.595e-7, 1.503e-7, 1.994e-7, 1.902e-7
0.527, 1.626e-7, 1.534e-7, 1.994e-7, 1.902e-7
0.526, 1.626e-7, 1.503e-7, 2.025e-7, 1.902e-7
0.525, 1.626e-7, 1.534e-7, 2.025e-7, 1.933e-7
0.524, 1.626e-7, 1.534e-7, 2.025e-7, 1.933e-7
0.523, 1.626e-7, 1.534e-7, 2.025e-7, 1.933e-7
0.522, 1.657e-7, 1.534e-7, 2.025e-7, 1.933e-7
0.521, 1.657e-7, 1.534e-7, 2.056e-7, 1.933e-7
0.520, 1.657e-7, 1.534e-7, 2.056e-7, 1.964e-7
0.519, 1.657e-7, 1.534e-7, 2.056e-7, 1.964e-7
0.518, 1.657e-7, 1.564e-7, 2.056e-7, 1.964e-7
0.517, 1.657e-7, 1.564e-7, 2.086e-7, 1.994e-7
0.516, 1.687e-7, 1.564e-7, 2.086e-7, 1.994e-7
0.515, 1.687e-7, 1.564e-7, 2.086e-7, 1.994e-7
0.514, 1.687e-7, 1.564e-7, 2.086e-7, 1.994e-7
0.513, 1.687e-7, 1.564e-7, 2.117e-7, 1.994e-7
0.512, 1.687e-7, 1.564e-7, 2.117e-7, 2.025e-7
0.511, 1.718e-7, 1.564e-7, 2.117e-7, 2.025e-7
0.510, 1.718e-7, 1.595e-7, 2.117e-7, 2.025e-7
0.509, 1.718e-7, 1.595e-7, 2.117e-7, 2.025e-7
0.508, 1.718e-7, 1.595e-7, 2.117e-7, 2.025e-7
0.507, 1.718e-7, 1.595e-7, 2.148e-7, 2.025e-7
0.506, 1.718e-7, 1.595e-7, 2.148e-7, 2.056e-7
0.505, 1.718e-7, 1.595e-7, 2.148e-7, 2.056e-7
0.504, 1.749e-7, 1.595e-7, 2.179e-7, 2.086e-7
0.503, 1.749e-7, 1.626e-7, 2.179e-7, 2.086e-7
0.502, 1.749e-7, 1.626e-7, 2.179e-7, 2.056e-7
0.501, 1.749e-7, 1.626e-7, 2.179e-7, 2.086e-7
0.500, 1.749e-7, 1.626e-7, 2.179e-7, 2.086e-7
0.499, 1.749e-7, 1.626e-7, 2.179e-7, 2.117e-7
0.498, 1.749e-7, 1.626e-7, 2.209e-7, 2.117e-7
0.497, 1.779e-7, 1.626e-7, 2.209e-7, 2.117e-7
0.496, 1.779e-7, 1.626e-7, 2.209e-7, 2.117e-7
0.495, 1.779e-7, 1.657e-7, 2.209e-7, 2.117e-7
0.494, 1.779e-7, 1.626e-7, 2.240e-7, 2.148e-7
0.493, 1.779e-7, 1.657e-7, 2.240e-7, 2.148e-7
0.492, 1.779e-7, 1.657e-7, 2.240e-7, 2.148e-7
0.491, 1.810e-7, 1.657e-7, 2.240e-7, 2.148e-7
0.490, 1.810e-7, 1.657e-7, 2.240e-7, 2.148e-7
0.489, 1.810e-7, 1.657e-7, 2.240e-7, 2.179e-7
0.488, 1.810e-7, 1.657e-7, 2.271e-7, 2.179e-7
0.487, 1.810e-7, 1.657e-7, 2.271e-7, 2.179e-7
0.486, 1.810e-7, 1.687e-7, 2.271e-7, 2.179e-7
0.485, 1.841e-7, 1.687e-7, 2.271e-7, 2.209e-7
0.484, 1.841e-7, 1.687e-7, 2.301e-7, 2.209e-7
0.483, 1.841e-7, 1.687e-7, 2.301e-7, 2.209e-7
0.482, 1.841e-7, 1.687e-7, 2.301e-7, 2.209e-7
0.481, 1.841e-7, 1.687e-7, 2.301e-7, 2.240e-7
0.480, 1.841e-7, 1.687e-7, 2.301e-7, 2.240e-7
0.479, 1.841e-7, 1.687e-7, 2.301e-7, 2.240e-7
0.478, 1.871e-7, 1.718e-7, 2.332e-7, 2.240e-7
0.477, 1.871e-7, 1.718e-7, 2.332e-7, 2.240e-7
0.476, 1.871e-7, 1.718e-7, 2.332e-7, 2.240e-7
0.475, 1.871e-7, 1.718e-7, 2.332e-7, 2.271e-7
0.474, 1.871e-7, 1.718e-7, 2.332e-7, 2.240e-7
0.473, 1.871e-7, 1.718e-7, 2.363e-7, 2.271e-7
0.472, 1.871e-7, 1.718e-7, 2.363e-7, 2.301e-7
0.471, 1.902e-7, 1.749e-7, 2.363e-7, 2.301e-7
0.470, 1.902e-7, 1.749e-7, 2.363e-7, 2.301e-7
0.469, 1.902e-7, 1.749e-7, 2.363e-7, 2.301e-7
0.468, 1.902e-7, 1.749e-7, 2.393e-7, 2.301e-7
0.467, 1.902e-7, 1.749e-7, 2.393e-7, 2.301e-7
0.466, 1.902e-7, 1.749e-7, 2.393e-7, 2.332e-7
0.465, 1.902e-7, 1.779e-7, 2.393e-7, 2.332e-7
0.464, 1.933e-7, 1.749e-7, 2.393e-7, 2.332e-7
0.463, 1.933e-7, 1.779e-7, 2.393e-7, 2.332e-7
0.462, 1.933e-7, 1.779e-7, 2.393e-7, 2.332e-7
0.461, 1.933e-7, 1.779e-7, 2.424e-7, 2.363e-7
0.460, 1.933e-7, 1.779e-7, 2.424e-7, 2.363e-7
0.459, 1.964e-7, 1.779e-7, 2.424e-7, 2.363e-7
0.458, 1.933e-7, 1.779e-7, 2.424e-7, 2.393e-7
0.457, 1.964e-7, 1.810e-7, 2.424e-7, 2.363e-7
0.456, 1.964e-7, 1.810e-7, 2.455e-7, 2.393e-7
0.455, 1.964e-7, 1.810e-7, 2.455e-7, 2.393e-7
0.454, 1.964e-7, 1.810e-7, 2.455e-7, 2.393e-7
0.453, 1.964e-7, 1.810e-7, 2.455e-7, 2.393e-7
0.452, 1.964e-7, 1.810e-7, 2.455e-7, 2.393e-7
0.451, 1.964e-7, 1.810e-7, 2.455e-7, 2.393e-7
0.450, 1.964e-7, 1.810e-7, 2.455e-7, 2.424e-7
0.449, 1.994e-7, 1.810e-7, 2.486e-7, 2.424e-7
0.448, 1.994e-7, 1.841e-7, 2.486e-7, 2.424e-7
0.447, 1.994e-7, 1.841e-7, 2.486e-7, 2.424e-7
0.446, 1.994e-7, 1.841e-7, 2.486e-7, 2.424e-7
0.445, 1.994e-7, 1.841e-7, 2.486e-7, 2.455e-7
0.444, 2.025e-7, 1.841e-7, 2.486e-7, 2.455e-7
0.443, 2.025e-7, 1.871e-7, 2.516e-7, 2.455e-7
0.442, 2.025e-7, 1.871e-7, 2.516e-7, 2.455e-7
0.441, 2.025e-7, 1.871e-7, 2.516e-7, 2.455e-7
0.440, 2.025e-7, 1.871e-7, 2.516e-7, 2.455e-7
0.439, 2.025e-7, 1.871e-7, 2.516e-7, 2.486e-7
0.438, 2.025e-7, 1.871e-7, 2.547e-7, 2.486e-7
0.437, 2.056e-7, 1.871e-7, 2.547e-7, 2.486e-7
0.436, 2.056e-7, 1.871e-7, 2.547e-7, 2.486e-7
0.435, 2.056e-7, 1.902e-7, 2.547e-7, 2.486e-7
0.434, 2.056e-7, 1.902e-7, 2.547e-7, 2.486e-7
0.433, 2.056e-7, 1.902e-7, 2.547e-7, 2.516e-7
0.432, 2.056e-7, 1.902e-7, 2.547e-7, 2.516e-7
0.431, 2.056e-7, 1.902e-7, 2.578e-7, 2.516e-7
0.430, 2.086e-7, 1.902e-7, 2.578e-7, 2.516e-7
0.429, 2.086e-7, 1.902e-7, 2.578e-7, 2.547e-7
0.428, 2.086e-7, 1.933e-7, 2.578e-7, 2.547e-7
0.427, 2.086e-7, 1.933e-7, 2.578e-7, 2.547e-7
0.426, 2.086e-7, 1.933e-7, 2.578e-7, 2.547e-7
0.425, 2.086e-7, 1.933e-7, 2.608e-7, 2.547e-7
0.424, 2.086e-7, 1.933e-7, 2.608e-7, 2.578e-7
0.423, 2.117e-7, 1.933e-7, 2.608e-7, 2.578e-7
0.422, 2.086e-7, 1.964e-7, 2.608e-7, 2.578e-7
0.421, 2.117e-7, 1.964e-7, 2.608e-7, 2.578e-7
0.420, 2.117e-7, 1.964e-7, 2.608e-7, 2.578e-7
0.419, 2.117e-7, 1.964e-7, 2.639e-7, 2.578e-7
0.418, 2.117e-7, 1.964e-7, 2.639e-7, 2.608e-7
0.417, 2.117e-7, 1.964e-7, 2.639e-7, 2.608e-7
0.416, 2.117e-7, 1.994e-7, 2.639e-7, 2.608e-7
0.415, 2.148e-7, 1.994e-7, 2.639e-7, 2.608e-7
0.414, 2.148e-7, 1.994e-7, 2.639e-7, 2.639e-7
0.413, 2.148e-7, 1.994e-7, 2.670e-7, 2.608e-7
0.412, 2.148e-7, 1.994e-7, 2.670e-7, 2.639e-7
0.411, 2.148e-7, 1.994e-7, 2.670e-7, 2.639e-7
0.410, 2.148e-7, 1.994e-7, 2.639e-7, 2.639e-7
0.409, 2.148e-7, 2.025e-7, 2.670e-7, 2.639e-7
0.408, 2.179e-7, 2.025e-7, 2.670e-7, 2.639e-7
0.407, 2.148e-7, 2.025e-7, 2.670e-7, 2.670e-7
0.406, 2.179e-7, 2.025e-7, 2.670e-7, 2.670e-7
0.405, 2.179e-7, 2.056e-7, 2.701e-7, 2.670e-7
0.404, 2.179e-7, 2.056e-7, 2.670e-7, 2.670e-7
0.403, 2.179e-7, 2.056e-7, 2.701e-7, 2.670e-7
0.402, 2.179e-7, 2.056e-7, 2.701e-7, 2.701e-7
0.401, 2.179e-7, 2.056e-7, 2.701e-7, 2.701e-7
0.400, 2.179e-7, 2.056e-7, 2.701e-7, 2.670e-7
0.399, 2.209e-7, 2.086e-7, 2.731e-7, 2.701e-7
0.398, 2.209e-7, 2.056e-7, 2.731e-7, 2.701e-7
0.397, 2.209e-7, 2.086e-7, 2.701e-7, 2.701e-7
0.396, 2.209e-7, 2.086e-7, 2.731e-7, 2.731e-7
0.395, 2.209e-7, 2.086e-7, 2.731e-7, 2.701e-7
0.394, 2.209e-7, 2.086e-7, 2.731e-7, 2.731e-7
0.393, 2.209e-7, 2.086e-7, 2.731e-7, 2.731e-7
0.392, 2.240e-7, 2.117e-7, 2.731e-7, 2.731e-7
0.391, 2.240e-7, 2.117e-7, 2.731e-7, 2.731e-7
0.390, 2.240e-7, 2.117e-7, 2.731e-7, 2.731e-7
0.389, 2.240e-7, 2.117e-7, 2.762e-7, 2.762e-7
0.388, 2.240e-7, 2.117e-7, 2.762e-7, 2.762e-7
0.387, 2.240e-7, 2.117e-7, 2.762e-7, 2.762e-7
0.386, 2.240e-7, 2.148e-7, 2.762e-7, 2.762e-7
0.385, 2.240e-7, 2.148e-7, 2.762e-7, 2.762e-7
0.384, 2.271e-7, 2.148e-7, 2.762e-7, 2.762e-7
0.383, 2.271e-7, 2.148e-7, 2.762e-7, 2.793e-7
0.382, 2.271e-7, 2.148e-7, 2.762e-7, 2.762e-7
0.381, 2.271e-7, 2.179e-7, 2.793e-7, 2.793e-7
0.380, 2.271e-7, 2.179e-7, 2.793e-7, 2.793e-7
0.379, 2.271e-7, 2.179e-7, 2.793e-7, 2.793e-7
0.378, 2.271e-7, 2.179e-7, 2.793e-7, 2.793e-7
0.377, 2.271e-7, 2.179e-7, 2.793e-7, 2.793e-7
0.376, 2.301e-7, 2.179e-7, 2.793e-7, 2.793e-7
0.375, 2.301e-7, 2.179e-7, 2.793e-7, 2.823e-7
0.374, 2.301e-7, 2.209e-7, 2.793e-7, 2.823e-7
0.373, 2.301e-7, 2.209e-7, 2.823e-7, 2.823e-7
0.372, 2.301e-7, 2.209e-7, 2.823e-7, 2.823e-7
0.371, 2.301e-7, 2.209e-7, 2.823e-7, 2.823e-7
0.370, 2.301e-7, 2.209e-7, 2.823e-7, 2.854e-7
0.369, 2.301e-7, 2.209e-7, 2.823e-7, 2.823e-7
0.368, 2.301e-7, 2.209e-7, 2.823e-7, 2.854e-7
0.367, 2.332e-7, 2.240e-7, 2.823e-7, 2.854e-7
0.366, 2.332e-7, 2.240e-7, 2.823e-7, 2.854e-7
0.365, 2.332e-7, 2.240e-7, 2.823e-7, 2.854e-7
0.364, 2.332e-7, 2.240e-7, 2.854e-7, 2.854e-7
0.363, 2.332e-7, 2.240e-7, 2.854e-7, 2.854e-7
0.362, 2.332e-7, 2.271e-7, 2.854e-7, 2.854e-7
0.361, 2.332e-7, 2.271e-7, 2.854e-7, 2.854e-7
0.360, 2.332e-7, 2.271e-7, 2.854e-7, 2.885e-7
0.359, 2.332e-7, 2.271e-7, 2.854e-7, 2.854e-7
0.358, 2.363e-7, 2.271e-7, 2.854e-7, 2.885e-7
0.357, 2.332e-7, 2.271e-7, 2.854e-7, 2.885e-7
0.356, 2.363e-7, 2.271e-7, 2.854e-7, 2.885e-7
0.355, 2.363e-7, 2.271e-7, 2.854e-7, 2.885e-7
0.354, 2.363e-7, 2.301e-7, 2.885e-7, 2.915e-7
0.353, 2.363e-7, 2.301e-7, 2.885e-7, 2.915e-7
0.352, 2.363e-7, 2.301e-7, 2.885e-7, 2.915e-7
0.351, 2.363e-7, 2.301e-7, 2.885e-7, 2.915e-7
0.350, 2.393e-7, 2.301e-7, 2.885e-7, 2.915e-7
0.349, 2.393e-7, 2.301e-7, 2.885e-7, 2.915e-7
0.348, 2.393e-7, 2.301e-7, 2.885e-7, 2.915e-7
0.347, 2.363e-7, 2.332e-7, 2.885e-7, 2.915e-7
0.346, 2.393e-7, 2.332e-7, 2.885e-7, 2.915e-7
0.345, 2.393e-7, 2.332e-7, 2.885e-7, 2.915e-7
0.344, 2.393e-7, 2.332e-7, 2.915e-7, 2.946e-7
0.343, 2.393e-7, 2.332e-7, 2.915e-7, 2.946e-7
0.342, 2.393e-7, 2.332e-7, 2.915e-7, 2.946e-7
0.341, 2.393e-7, 2.332e-7, 2.915e-7, 2.946e-7
0.340, 2.393e-7, 2.332e-7, 2.915e-7, 2.946e-7
0.339, 2.393e-7, 2.332e-7, 2.915e-7, 2.946e-7
0.338, 2.393e-7, 2.363e-7, 2.915e-7, 2.946e-7
0.337, 2.424e-7, 2.363e-7, 2.915e-7, 2.946e-7
0.336, 2.424e-7, 2.363e-7, 2.915e-7, 2.946e-7
0.335, 2.424e-7, 2.363e-7, 2.915e-7, 2.946e-7
0.334, 2.424e-7, 2.363e-7, 2.915e-7, 2.946e-7
0.333, 2.424e-7, 2.363e-7, 2.915e-7, 2.977e-7
0.332, 2.424e-7, 2.363e-7, 2.915e-7, 2.977e-7
0.331, 2.424e-7, 2.363e-7, 2.915e-7, 2.977e-7
0.330, 2.424e-7, 2.363e-7, 2.915e-7, 2.977e-7
0.329, 2.424e-7, 2.363e-7, 2.946e-7, 2.977e-7
0.328, 2.424e-7, 2.363e-7, 2.946e-7, 2.977e-7
0.327, 2.424e-7, 2.393e-7, 2.946e-7, 2.977e-7
0.326, 2.424e-7, 2.393e-7, 2.946e-7, 2.977e-7
0.325, 2.424e-7, 2.393e-7, 2.946e-7, 2.977e-7
0.324, 2.455e-7, 2.393e-7, 2.946e-7, 2.977e-7
0.323, 2.455e-7, 2.393e-7, 2.946e-7, 3.008e-7
0.322, 2.455e-7, 2.393e-7, 2.946e-7, 3.008e-7
0.321, 2.455e-7, 2.393e-7, 2.946e-7, 2.977e-7
0.320, 2.455e-7, 2.393e-7, 2.946e-7, 3.008e-7
0.319, 2.424e-7, 2.393e-7, 2.946e-7, 3.008e-7
0.318, 2.455e-7, 2.393e-7, 2.946e-7, 3.008e-7
0.317, 2.455e-7, 2.393e-7, 2.946e-7, 3.008e-7
0.316, 2.455e-7, 2.424e-7, 2.946e-7, 3.008e-7
0.315, 2.455e-7, 2.424e-7, 2.977e-7, 3.008e-7
0.314, 2.455e-7, 2.424e-7, 2.946e-7, 3.008e-7
0.313, 2.455e-7, 2.424e-7, 2.946e-7, 3.008e-7
0.312, 2.455e-7, 2.424e-7, 2.977e-7, 3.008e-7
0.311, 2.455e-7, 2.424e-7, 2.977e-7, 3.008e-7
0.310, 2.455e-7, 2.424e-7, 2.977e-7, 3.008e-7
0.309, 2.455e-7, 2.424e-7, 2.977e-7, 3.008e-7
0.308, 2.455e-7, 2.424e-7, 2.977e-7, 3.008e-7
0.307, 2.455e-7, 2.424e-7, 2.977e-7, 3.008e-7
0.306, 2.455e-7, 2.424e-7, 2.977e-7, 3.008e-7
0.305, 2.486e-7, 2.455e-7, 2.977e-7, 3.008e-7
0.304, 2.455e-7, 2.424e-7, 2.977e-7, 3.008e-7
0.303, 2.455e-7, 2.424e-7, 2.977e-7, 3.008e-7
0.302, 2.486e-7, 2.455e-7, 2.977e-7, 3.038e-7
0.301, 2.455e-7, 2.455e-7, 2.977e-7, 3.038e-7
0.300, 2.455e-7, 2.455e-7, 2.977e-7, 3.038e-7
0.299, 2.486e-7, 2.455e-7, 2.977e-7, 3.038e-7
0.298, 2.486e-7, 2.455e-7, 2.977e-7, 3.038e-7
0.297, 2.486e-7, 2.455e-7, 2.977e-7, 3.038e-7
0.296, 2.486e-7, 2.455e-7, 2.977e-7, 3.038e-7
0.295, 2.486e-7, 2.455e-7, 2.977e-7, 3.038e-7
0.294, 2.486e-7, 2.455e-7, 2.977e-7, 3.038e-7
0.293, 2.486e-7, 2.455e-7, 2.977e-7, 3.038e-7
0.292, 2.486e-7, 2.455e-7, 2.977e-7, 3.038e-7
0.291, 2.486e-7, 2.455e-7, 2.977e-7, 3.038e-7
0.290, 2.486e-7, 2.455e-7, 2.977e-7, 3.038e-7
0.289, 2.486e-7, 2.455e-7, 2.977e-7, 3.038e-7
0.288, 2.486e-7, 2.486e-7, 2.977e-7, 3.038e-7
0.287, 2.486e-7, 2.455e-7, 2.977e-7, 3.069e-7
0.286, 2.486e-7, 2.486e-7, 2.977e-7, 3.038e-7
0.285, 2.486e-7, 2.486e-7, 2.977e-7, 3.038e-7
0.284, 2.486e-7, 2.486e-7, 2.977e-7, 3.038e-7
0.283, 2.486e-7, 2.486e-7, 2.977e-7, 3.069e-7
0.282, 2.486e-7, 2.486e-7, 2.977e-7, 3.038e-7
0.281, 2.486e-7, 2.486e-7, 2.977e-7, 3.038e-7
0.280, 2.486e-7, 2.486e-7, 2.977e-7, 3.069e-7
0.279, 2.486e-7, 2.486e-7, 2.977e-7, 3.069e-7
0.278, 2.486e-7, 2.486e-7, 2.977e-7, 3.038e-7
0.277, 2.486e-7, 2.486e-7, 2.977e-7, 3.069e-7
0.276, 2.455e-7, 2.486e-7, 2.977e-7, 3.038e-7
0.275, 2.455e-7, 2.486e-7, 2.977e-7, 3.069e-7
0.274, 2.486e-7, 2.486e-7, 2.977e-7, 3.069e-7
0.273, 2.486e-7, 2.486e-7, 2.977e-7, 3.069e-7
0.272, 2.486e-7, 2.486e-7, 2.977e-7, 3.069e-7
0.271, 2.455e-7, 2.486e-7, 2.977e-7, 3.069e-7
0.270, 2.455e-7, 2.486e-7, 2.977e-7, 3.069e-7
0.269, 2.455e-7, 2.486e-7, 2.977e-7, 3.038e-7
0.268, 2.455e-7, 2.486e-7, 2.977e-7, 3.038e-7
0.267, 2.455e-7, 2.486e-7, 2.977e-7, 3.038e-7
0.266, 2.455e-7, 2.486e-7, 2.977e-7, 3.038e-7
0.265, 2.455e-7, 2.486e-7, 2.977e-7, 3.069e-7
0.264, 2.455e-7, 2.486e-7, 2.977e-7, 3.069e-7
0.263, 2.455e-7, 2.486e-7, 2.977e-7, 3.069e-7
0.262, 2.455e-7, 2.486e-7, 2.977e-7, 3.038e-7
0.261, 2.455e-7, 2.486e-7, 2.977e-7, 3.038e-7
0.260, 2.455e-7, 2.486e-7, 2.977e-7, 3.038e-7
0.259, 2.455e-7, 2.486e-7, 2.977e-7, 3.038e-7
0.258, 2.455e-7, 2.486e-7, 2.977e-7, 3.038e-7
0.257, 2.455e-7, 2.486e-7, 2.977e-7, 3.038e-7
0.256, 2.424e-7, 2.455e-7, 2.946e-7, 3.038e-7
0.255, 2.424e-7, 2.486e-7, 2.946e-7, 3.038e-7
0.254, 2.424e-7, 2.486e-7, 2.946e-7, 3.038e-7
0.253, 2.424e-7, 2.486e-7, 2.946e-7, 3.038e-7
0.252, 2.424e-7, 2.486e-7, 2.946e-7, 3.038e-7
0.251, 2.424e-7, 2.486e-7, 2.946e-7, 3.038e-7
0.250, 2.393e-7, 2.486e-7, 2.946e-7, 3.008e-7
0.249, 2.393e-7, 2.455e-7, 2.946e-7, 3.038e-7
0.248, 2.393e-7, 2.455e-7, 2.946e-7, 3.038e-7
0.247, 2.393e-7, 2.455e-7, 2.946e-7, 3.008e-7
0.246, 2.393e-7, 2.455e-7, 2.915e-7, 3.008e-7
0.245, 2.393e-7, 2.455e-7, 2.915e-7, 3.008e-7
0.244, 2.393e-7, 2.455e-7, 2.915e-7, 3.008e-7
0.243, 2.363e-7, 2.424e-7, 2.915e-7, 3.008e-7
0.242, 2.363e-7, 2.424e-7, 2.915e-7, 3.008e-7
0.241, 2.363e-7, 2.424e-7, 2.885e-7, 2.977e-7
0.240, 2.363e-7, 2.424e-7, 2.885e-7, 2.977e-7
0.239, 2.363e-7, 2.424e-7, 2.885e-7, 2.977e-7
0.238, 2.363e-7, 2.424e-7, 2.885e-7, 2.977e-7
0.237, 2.332e-7, 2.424e-7, 2.854e-7, 2.946e-7
0.236, 2.332e-7, 2.393e-7, 2.854e-7, 2.946e-7
0.235, 2.332e-7, 2.393e-7, 2.854e-7, 2.946e-7
0.234, 2.301e-7, 2.393e-7, 2.854e-7, 2.946e-7
0.233, 2.301e-7, 2.393e-7, 2.823e-7, 2.946e-7
0.232, 2.301e-7, 2.363e-7, 2.823e-7, 2.915e-7
0.231, 2.301e-7, 2.363e-7, 2.823e-7, 2.915e-7
0.230, 2.271e-7, 2.363e-7, 2.793e-7, 2.885e-7
0.229, 2.271e-7, 2.363e-7, 2.793e-7, 2.885e-7
0.228, 2.240e-7, 2.363e-7, 2.793e-7, 2.885e-7
0.227, 2.240e-7, 2.332e-7, 2.762e-7, 2.885e-7
0.226, 2.240e-7, 2.332e-7, 2.762e-7, 2.854e-7
0.225, 2.209e-7, 2.332e-7, 2.731e-7, 2.854e-7
0.224, 2.209e-7, 2.301e-7, 2.731e-7, 2.823e-7
0.223, 2.179e-7, 2.301e-7, 2.731e-7, 2.823e-7
0.222, 2.179e-7, 2.271e-7, 2.701e-7, 2.793e-7
0.221, 2.148e-7, 2.271e-7, 2.670e-7, 2.793e-7
0.220, 2.117e-7, 2.240e-7, 2.670e-7, 2.762e-7
0.219, 2.117e-7, 2.240e-7, 2.639e-7, 2.762e-7
0.218, 2.086e-7, 2.240e-7, 2.639e-7, 2.731e-7
0.217, 2.086e-7, 2.209e-7, 2.608e-7, 2.701e-7
0.216, 2.056e-7, 2.179e-7, 2.578e-7, 2.701e-7
0.215, 2.025e-7, 2.179e-7, 2.547e-7, 2.670e-7
0.214, 2.025e-7, 2.148e-7, 2.547e-7, 2.639e-7
0.213, 1.994e-7, 2.117e-7, 2.516e-7, 2.608e-7
0.212, 1.964e-7, 2.117e-7, 2.486e-7, 2.608e-7
0.211, 1.933e-7, 2.086e-7, 2.455e-7, 2.578e-7
0.210, 1.902e-7, 2.056e-7, 2.455e-7, 2.547e-7
0.209, 1.871e-7, 2.025e-7, 2.424e-7, 2.516e-7
0.208, 1.841e-7, 2.025e-7, 2.363e-7, 2.486e-7
0.207, 1.810e-7, 1.994e-7, 2.363e-7, 2.455e-7
0.206, 1.779e-7, 1.964e-7, 2.301e-7, 2.424e-7
0.205, 1.779e-7, 1.933e-7, 2.271e-7, 2.393e-7
0.204, 1.718e-7, 1.871e-7, 2.240e-7, 2.363e-7
0.203, 1.687e-7, 1.871e-7, 2.209e-7, 2.332e-7
0.202, 1.657e-7, 1.841e-7, 2.179e-7, 2.301e-7
0.201, 1.626e-7, 1.779e-7, 2.117e-7, 2.240e-7
0.200, 1.564e-7, 1.749e-7, 2.086e-7, 2.209e-7
0.199, 1.534e-7, 1.718e-7, 2.056e-7, 2.179e-7
0.198, 1.472e-7, 1.687e-7, 1.994e-7, 2.117e-7
0.197, 1.442e-7, 1.626e-7, 1.964e-7, 2.086e-7
0.196, 1.411e-7, 1.595e-7, 1.902e-7, 2.025e-7
0.195, 1.350e-7, 1.534e-7, 1.841e-7, 1.964e-7
0.194, 1.288e-7, 1.503e-7, 1.810e-7, 1.902e-7
0.193, 1.257e-7, 1.442e-7, 1.749e-7, 1.872e-7
0.192, 1.196e-7, 1.380e-7, 1.687e-7, 1.810e-7
0.191, 1.135e-7, 1.350e-7, 1.626e-7, 1.779e-7
0.190, 1.104e-7, 1.288e-7, 1.564e-7, 1.718e-7
0.189, 1.042e-7, 1.257e-7, 1.503e-7, 1.626e-7
0.188, 9.810e-8, 1.196e-7, 1.442e-7, 1.564e-7
0.187, 9.196e-8, 1.135e-7, 1.380e-7, 1.503e-7
0.186, 8.582e-8, 1.073e-7, 1.319e-7, 1.442e-7
0.185, 7.968e-8, 1.012e-7, 1.257e-7, 1.380e-7
0.184, 7.047e-8, 9.503e-8, 1.196e-7, 1.319e-7
0.183, 6.433e-8, 8.889e-8, 1.104e-7, 1.227e-7
0.182, 5.819e-8, 7.968e-8, 1.042e-7, 1.165e-7
0.181, 5.205e-8, 7.354e-8, 9.504e-8, 1.104e-7
0.180, 4.284e-8, 6.740e-8, 8.889e-8, 1.012e-7
0.179, 3.669e-8, 5.819e-8, 7.968e-8, 9.196e-8
0.178, 3.055e-8, 5.205e-8, 7.354e-8, 8.582e-8
0.177, 2.134e-8, 4.591e-8, 6.433e-8, 7.661e-8
0.176, 1.520e-8, 3.977e-8, 5.512e-8, 7.047e-8
0.175, 5.990e-9, 3.055e-8, 4.898e-8, 6.126e-8
0.174, -1.513e-10, 2.441e-8, 3.977e-8, 5.512e-8
0.173, -9.363e-9, 1.520e-8, 3.056e-8, 4.591e-8
0.172, -1.550e-8, 9.061e-9, 2.441e-8, 3.670e-8
0.171, -2.472e-8, 2.920e-9, 1.520e-8, 2.748e-8
0.170, -3.086e-8, -6.292e-9, 5.991e-9, 2.134e-8
0.169, -4.007e-8, -1.243e-8, -1.500e-10, 1.213e-8
0.168, -4.621e-8, -2.164e-8, -9.361e-9, 2.920e-9
0.167, -5.542e-8, -2.779e-8, -1.857e-8, -6.291e-9
0.166, -6.463e-8, -3.700e-8, -2.778e-8, -1.243e-8
0.165, -7.077e-8, -4.621e-8, -3.393e-8, -2.164e-8
0.164, -7.691e-8, -5.235e-8, -4.314e-8, -3.086e-8
0.163, -8.613e-8, -5.849e-8, -4.928e-8, -3.700e-8
0.162, -9.227e-8, -6.463e-8, -5.849e-8, -4.621e-8
0.161, -9.841e-8, -7.384e-8, -6.463e-8, -5.235e-8
0.160, -1.076e-7, -7.998e-8, -7.384e-8, -6.156e-8
0.159, -1.138e-7, -8.612e-8, -7.998e-8, -6.770e-8
0.158, -1.199e-7, -9.227e-8, -8.612e-8, -7.384e-8
0.157, -1.260e-7, -9.841e-8, -9.226e-8, -8.305e-8
0.156, -1.322e-7, -1.045e-7, -1.015e-7, -8.919e-8
0.155, -1.383e-7, -1.076e-7, -1.045e-7, -9.227e-8
0.154, -1.445e-7, -1.138e-7, -1.138e-7, -1.015e-7
0.153, -1.475e-7, -1.199e-7, -1.168e-7, -1.076e-7
0.152, -1.537e-7, -1.230e-7, -1.230e-7, -1.107e-7
0.151, -1.567e-7, -1.291e-7, -1.291e-7, -1.168e-7
0.150, -1.629e-7, -1.322e-7, -1.322e-7, -1.199e-7
0.149, -1.660e-7, -1.353e-7, -1.353e-7, -1.260e-7
0.148, -1.690e-7, -1.383e-7, -1.414e-7, -1.291e-7
0.147, -1.721e-7, -1.414e-7, -1.445e-7, -1.353e-7
0.146, -1.752e-7, -1.445e-7, -1.475e-7, -1.353e-7
0.145, -1.782e-7, -1.475e-7, -1.506e-7, -1.414e-7
0.144, -1.813e-7, -1.506e-7, -1.537e-7, -1.445e-7
0.143, -1.844e-7, -1.506e-7, -1.537e-7, -1.445e-7
0.142, -1.844e-7, -1.506e-7, -1.567e-7, -1.475e-7
0.141, -1.875e-7, -1.537e-7, -1.567e-7, -1.506e-7
0.140, -1.875e-7, -1.567e-7, -1.598e-7, -1.506e-7
0.139, -1.875e-7, -1.567e-7, -1.598e-7, -1.506e-7
0.138, -1.905e-7, -1.567e-7, -1.598e-7, -1.537e-7
0.137, -1.905e-7, -1.567e-7, -1.598e-7, -1.537e-7
0.136, -1.905e-7, -1.567e-7, -1.598e-7, -1.537e-7
0.135, -1.875e-7, -1.537e-7, -1.598e-7, -1.537e-7
0.134, -1.875e-7, -1.537e-7, -1.598e-7, -1.537e-7
0.133, -1.875e-7, -1.537e-7, -1.598e-7, -1.537e-7
0.132, -1.875e-7, -1.537e-7, -1.598e-7, -1.506e-7
0.131, -1.844e-7, -1.506e-7, -1.567e-7, -1.506e-7
0.130, -1.844e-7, -1.506e-7, -1.567e-7, -1.506e-7
0.129, -1.813e-7, -1.475e-7, -1.567e-7, -1.506e-7
0.128, -1.813e-7, -1.475e-7, -1.537e-7, -1.475e-7
0.127, -1.782e-7, -1.445e-7, -1.506e-7, -1.475e-7
0.126, -1.752e-7, -1.414e-7, -1.506e-7, -1.445e-7
0.125, -1.752e-7, -1.414e-7, -1.475e-7, -1.414e-7
0.124, -1.721e-7, -1.383e-7, -1.445e-7, -1.414e-7
0.123, -1.721e-7, -1.353e-7, -1.445e-7, -1.383e-7
0.122, -1.690e-7, -1.322e-7, -1.414e-7, -1.353e-7
0.121, -1.660e-7, -1.291e-7, -1.383e-7, -1.353e-7
0.120, -1.629e-7, -1.291e-7, -1.353e-7, -1.322e-7
0.119, -1.598e-7, -1.260e-7, -1.322e-7, -1.291e-7
0.118, -1.567e-7, -1.230e-7, -1.322e-7, -1.260e-7
0.117, -1.537e-7, -1.199e-7, -1.291e-7, -1.260e-7
0.116, -1.537e-7, -1.168e-7, -1.260e-7, -1.230e-7
0.115, -1.506e-7, -1.168e-7, -1.230e-7, -1.199e-7
0.114, -1.475e-7, -1.138e-7, -1.199e-7, -1.168e-7
0.113, -1.445e-7, -1.107e-7, -1.199e-7, -1.168e-7
0.112, -1.445e-7, -1.076e-7, -1.168e-7, -1.138e-7
0.111, -1.414e-7, -1.076e-7, -1.138e-7, -1.107e-7
0.110, -1.383e-7, -1.045e-7, -1.107e-7, -1.076e-7
0.109, -1.353e-7, -1.015e-7, -1.107e-7, -1.076e-7
0.108, -1.322e-7, -9.841e-8, -1.076e-7, -1.045e-7
0.107, -1.291e-7, -9.534e-8, -1.045e-7, -1.045e-7
0.106, -1.291e-7, -9.534e-8, -1.015e-7, -1.015e-7
0.105, -1.260e-7, -9.227e-8, -1.015e-7, -9.841e-8
0.104, -1.230e-7, -8.920e-8, -9.841e-8, -9.841e-8
0.103, -1.230e-7, -8.920e-8, -9.841e-8, -9.534e-8
0.102, -1.199e-7, -8.612e-8, -9.534e-8, -9.534e-8
0.101, -1.199e-7, -8.612e-8, -9.226e-8, -9.227e-8
0.100, -1.168e-7, -8.305e-8, -9.226e-8, -8.919e-8
0.099, -1.138e-7, -8.305e-8, -8.919e-8, -8.919e-8
0.098, -1.138e-7, -7.998e-8, -8.919e-8, -8.919e-8
0.097, -1.107e-7, -7.998e-8, -8.612e-8, -8.612e-8
0.096, -1.107e-7, -7.691e-8, -8.612e-8, -8.305e-8
0.095, -1.076e-7, -7.691e-8, -8.305e-8, -8.305e-8
0.094, -1.076e-7, -7.384e-8, -8.305e-8, -8.305e-8
0.093, -1.045e-7, -7.384e-8, -7.998e-8, -7.998e-8
0.092, -1.045e-7, -7.384e-8, -7.998e-8, -7.998e-8
0.091, -1.015e-7, -7.077e-8, -7.691e-8, -7.691e-8
0.090, -1.015e-7, -7.077e-8, -7.691e-8, -7.691e-8
0.089, -1.015e-7, -7.077e-8, -7.691e-8, -7.691e-8
0.088, -1.015e-7, -6.770e-8, -7.691e-8, -7.691e-8
0.087, -9.841e-8, -6.770e-8, -7.384e-8, -7.384e-8
0.086, -9.841e-8, -6.770e-8, -7.384e-8, -7.384e-8
0.085, -9.841e-8, -6.770e-8, -7.384e-8, -7.384e-8
0.084, -9.534e-8, -6.770e-8, -7.384e-8, -7.384e-8
0.083, -9.534e-8, -6.463e-8, -7.077e-8, -7.077e-8
0.082, -9.534e-8, -6.463e-8, -7.077e-8, -7.077e-8
0.081, -9.534e-8, -6.463e-8, -7.077e-8, -7.077e-8
0.080, -9.227e-8, -6.463e-8, -7.077e-8, -7.077e-8
0.079, -9.534e-8, -6.156e-8, -7.077e-8, -7.077e-8
0.078, -9.227e-8, -6.156e-8, -7.077e-8, -7.077e-8
0.077, -9.227e-8, -6.156e-8, -6.770e-8, -6.770e-8
0.076, -9.227e-8, -6.156e-8, -6.770e-8, -6.770e-8
0.075, -9.227e-8, -6.156e-8, -6.770e-8, -6.770e-8
0.074, -9.227e-8, -6.156e-8, -6.770e-8, -6.770e-8
0.073, -8.920e-8, -6.156e-8, -6.770e-8, -6.770e-8
0.072, -8.920e-8, -6.156e-8, -6.770e-8, -6.770e-8
0.071, -8.920e-8, -6.156e-8, -6.770e-8, -6.770e-8
0.070, -8.920e-8, -6.156e-8, -6.770e-8, -6.770e-8
0.069, -8.920e-8, -6.156e-8, -6.770e-8, -6.770e-8
0.068, -8.920e-8, -5.849e-8, -6.463e-8, -6.770e-8
0.067, -8.920e-8, -5.849e-8, -6.463e-8, -6.770e-8
0.066, -8.920e-8, -6.156e-8, -6.463e-8, -6.770e-8
0.065, -8.920e-8, -5.849e-8, -6.463e-8, -6.770e-8
0.064, -8.920e-8, -5.849e-8, -6.463e-8, -6.770e-8
0.063, -8.920e-8, -5.849e-8, -6.463e-8, -6.770e-8
0.062, -8.920e-8, -5.849e-8, -6.463e-8, -6.463e-8
0.061, -8.920e-8, -5.849e-8, -6.463e-8, -6.463e-8
0.060, -8.920e-8, -5.849e-8, -6.463e-8, -6.770e-8
0.059, -8.613e-8, -5.849e-8, -6.463e-8, -6.463e-8
0.058, -8.920e-8, -5.849e-8, -6.463e-8, -6.463e-8
0.057, -8.920e-8, -5.849e-8, -6.463e-8, -6.463e-8
0.056, -8.920e-8, -5.849e-8, -6.463e-8, -6.770e-8
0.055, -8.920e-8, -5.849e-8, -6.463e-8, -6.770e-8
0.054, -8.920e-8, -6.156e-8, -6.463e-8, -6.463e-8
0.053, -8.920e-8, -5.849e-8, -6.463e-8, -6.770e-8
0.052, -8.920e-8, -5.849e-8, -6.463e-8, -6.463e-8
0.051, -8.920e-8, -6.156e-8, -6.463e-8, -6.770e-8
0.050, -8.920e-8, -6.156e-8, -6.463e-8, -6.770e-8
0.049, -8.920e-8, -6.156e-8, -6.463e-8, -6.770e-8
0.048, -8.920e-8, -6.156e-8, -6.463e-8, -6.770e-8
0.047, -8.920e-8, -5.849e-8, -6.463e-8, -6.770e-8
0.046, -8.920e-8, -6.156e-8, -6.463e-8, -6.770e-8
0.045, -8.920e-8, -6.156e-8, -6.463e-8, -6.770e-8
0.044, -8.920e-8, -6.156e-8, -6.463e-8, -6.770e-8
0.043, -8.920e-8, -6.156e-8, -6.463e-8, -6.770e-8
0.042, -8.920e-8, -6.156e-8, -6.770e-8, -6.770e-8
0.041, -8.920e-8, -6.156e-8, -6.463e-8, -6.770e-8
0.040, -8.920e-8, -6.156e-8, -6.770e-8, -6.770e-8
0.039, -8.920e-8, -6.156e-8, -6.770e-8, -6.770e-8
0.038, -8.920e-8, -6.156e-8, -6.770e-8, -6.770e-8
0.037, -8.920e-8, -6.156e-8, -6.770e-8, -6.770e-8
0.036, -8.920e-8, -6.156e-8, -6.770e-8, -6.770e-8
0.035, -8.920e-8, -6.156e-8, -6.770e-8, -6.770e-8
0.034, -8.920e-8, -6.156e-8, -6.770e-8, -6.770e-8
0.033, -8.920e-8, -6.156e-8, -6.770e-8, -7.077e-8
0.032, -8.920e-8, -6.156e-8, -6.770e-8, -7.077e-8
0.031, -9.227e-8, -6.463e-8, -6.770e-8, -7.077e-8
0.030, -9.227e-8, -6.156e-8, -6.770e-8, -7.077e-8
0.029, -9.227e-8, -6.463e-8, -6.770e-8, -7.077e-8
0.028, -9.227e-8, -6.463e-8, -6.770e-8, -7.077e-8
0.027, -9.227e-8, -6.463e-8, -6.770e-8, -7.077e-8
0.026, -9.227e-8, -6.463e-8, -7.077e-8, -7.077e-8
0.025, -9.227e-8, -6.463e-8, -7.077e-8, -7.077e-8
0.024, -9.227e-8, -6.463e-8, -7.077e-8, -7.077e-8
0.023, -9.227e-8, -6.463e-8, -7.077e-8, -7.077e-8
0.022, -9.227e-8, -6.463e-8, -7.077e-8, -7.384e-8
0.021, -9.227e-8, -6.463e-8, -7.077e-8, -7.077e-8
0.020, -9.534e-8, -6.770e-8, -7.077e-8, -7.384e-8
0.019, -9.534e-8, -6.770e-8, -7.077e-8, -7.384e-8
0.018, -9.534e-8, -6.770e-8, -7.077e-8, -7.384e-8
0.017, -9.534e-8, -6.770e-8, -7.077e-8, -7.384e-8
0.016, -9.534e-8, -6.770e-8, -7.077e-8, -7.384e-8
0.015, -9.534e-8, -6.770e-8, -7.384e-8, -7.384e-8
0.014, -9.534e-8, -6.770e-8, -7.384e-8, -7.384e-8
0.013, -9.841e-8, -6.770e-8, -7.384e-8, -7.384e-8
0.012, -9.841e-8, -7.077e-8, -7.384e-8, -7.691e-8
0.011, -9.841e-8, -7.077e-8, -7.384e-8, -7.691e-8
0.010, -9.841e-8, -7.077e-8, -7.384e-8, -7.691e-8
0.009, -9.841e-8, -7.077e-8, -7.384e-8, -7.691e-8
0.008, -9.841e-8, -7.077e-8, -7.691e-8, -7.691e-8
0.007, -9.841e-8, -7.077e-8, -7.691e-8, -7.691e-8
0.006, -1.015e-7, -7.077e-8, -7.691e-8, -7.998e-8
0.005, -1.015e-7, -7.384e-8, -7.691e-8, -7.998e-8
0.004, -1.015e-7, -7.384e-8, -7.691e-8, -7.998e-8
0.003, -1.015e-7, -7.384e-8, -7.691e-8, -7.998e-8
0.002, -1.015e-7, -7.384e-8, -7.691e-8, -7.998e-8
0.001, -1.015e-7, -7.691e-8, -7.998e-8, -8.305e-8
0.000, -1.045e-7, -7.691e-8, -7.998e-8, -8.305e-8
-0.001, -1.045e-7, -7.691e-8, -7.998e-8, -8.305e-8
-0.002, -1.045e-7, -7.691e-8, -7.998e-8, -8.305e-8
-0.003, -1.045e-7, -7.691e-8, -7.998e-8, -8.305e-8
-0.004, -1.045e-7, -7.691e-8, -8.305e-8, -8.612e-8
-0.005, -1.045e-7, -7.998e-8, -8.305e-8, -8.612e-8
-0.006, -1.076e-7, -7.998e-8, -8.305e-8, -8.612e-8
-0.007, -1.076e-7, -7.998e-8, -8.305e-8, -8.612e-8
-0.008, -1.076e-7, -7.998e-8, -8.305e-8, -8.612e-8
-0.009, -1.076e-7, -7.998e-8, -8.612e-8, -8.919e-8
-0.010, -1.076e-7, -8.305e-8, -8.612e-8, -8.919e-8
-0.011, -1.107e-7, -8.305e-8, -8.612e-8, -8.919e-8
-0.012, -1.107e-7, -8.305e-8, -8.612e-8, -8.919e-8
-0.013, -1.107e-7, -8.612e-8, -8.919e-8, -9.227e-8
-0.014, -1.138e-7, -8.612e-8, -8.919e-8, -9.227e-8
-0.015, -1.138e-7, -8.612e-8, -8.919e-8, -9.227e-8
-0.016, -1.138e-7, -8.612e-8, -8.919e-8, -9.227e-8
-0.017, -1.138e-7, -8.920e-8, -9.226e-8, -9.227e-8
-0.018, -1.138e-7, -8.920e-8, -9.226e-8, -9.534e-8
-0.019, -1.168e-7, -8.920e-8, -9.226e-8, -9.534e-8
-0.020, -1.168e-7, -8.920e-8, -9.226e-8, -9.841e-8
-0.021, -1.168e-7, -9.227e-8, -9.534e-8, -9.841e-8
-0.022, -1.168e-7, -9.227e-8, -9.534e-8, -9.841e-8
-0.023, -1.199e-7, -9.227e-8, -9.534e-8, -1.015e-7
-0.024, -1.199e-7, -9.534e-8, -9.841e-8, -1.015e-7
-0.025, -1.230e-7, -9.534e-8, -9.841e-8, -1.045e-7
-0.026, -1.230e-7, -9.534e-8, -9.841e-8, -1.045e-7
-0.027, -1.230e-7, -9.841e-8, -1.015e-7, -1.045e-7
-0.028, -1.230e-7, -9.841e-8, -1.015e-7, -1.045e-7
-0.029, -1.260e-7, -1.015e-7, -1.015e-7, -1.076e-7
-0.030, -1.260e-7, -1.015e-7, -1.045e-7, -1.076e-7
-0.031, -1.291e-7, -1.015e-7, -1.045e-7, -1.107e-7
-0.032, -1.291e-7, -1.045e-7, -1.076e-7, -1.107e-7
-0.033, -1.322e-7, -1.045e-7, -1.076e-7, -1.107e-7
-0.034, -1.322e-7, -1.076e-7, -1.076e-7, -1.138e-7
-0.035, -1.322e-7, -1.076e-7, -1.107e-7, -1.168e-7
-0.036, -1.353e-7, -1.107e-7, -1.107e-7, -1.168e-7
-0.037, -1.353e-7, -1.107e-7, -1.138e-7, -1.199e-7
-0.038, -1.383e-7, -1.107e-7, -1.138e-7, -1.199e-7
-0.039, -1.383e-7, -1.138e-7, -1.168e-7, -1.230e-7
-0.040, -1.414e-7, -1.168e-7, -1.168e-7, -1.230e-7
-0.041, -1.414e-7, -1.168e-7, -1.199e-7, -1.260e-7
-0.042, -1.445e-7, -1.168e-7, -1.199e-7, -1.260e-7
-0.043, -1.445e-7, -1.199e-7, -1.230e-7, -1.291e-7
-0.044, -1.475e-7, -1.230e-7, -1.230e-7, -1.291e-7
-0.045, -1.506e-7, -1.260e-7, -1.260e-7, -1.322e-7
-0.046, -1.506e-7, -1.260e-7, -1.291e-7, -1.353e-7
-0.047, -1.537e-7, -1.291e-7, -1.291e-7, -1.353e-7
-0.048, -1.537e-7, -1.291e-7, -1.322e-7, -1.383e-7
-0.049, -1.567e-7, -1.322e-7, -1.322e-7, -1.414e-7
-0.050, -1.598e-7, -1.322e-7, -1.353e-7, -1.414e-7
-0.051, -1.598e-7, -1.353e-7, -1.383e-7, -1.445e-7
-0.052, -1.629e-7, -1.383e-7, -1.414e-7, -1.475e-7
-0.053, -1.660e-7, -1.414e-7, -1.414e-7, -1.506e-7
-0.054, -1.690e-7, -1.445e-7, -1.445e-7, -1.537e-7
-0.055, -1.690e-7, -1.445e-7, -1.475e-7, -1.567e-7
-0.056, -1.721e-7, -1.475e-7, -1.506e-7, -1.567e-7
-0.057, -1.752e-7, -1.506e-7, -1.537e-7, -1.598e-7
-0.058, -1.782e-7, -1.537e-7, -1.567e-7, -1.629e-7
-0.059, -1.782e-7, -1.567e-7, -1.598e-7, -1.660e-7
-0.060, -1.813e-7, -1.598e-7, -1.598e-7, -1.690e-7
-0.061, -1.844e-7, -1.629e-7, -1.629e-7, -1.721e-7
-0.062, -1.875e-7, -1.660e-7, -1.660e-7, -1.752e-7
-0.063, -1.905e-7, -1.690e-7, -1.690e-7, -1.782e-7
-0.064, -1.936e-7, -1.721e-7, -1.721e-7, -1.813e-7
-0.065, -1.967e-7, -1.752e-7, -1.752e-7, -1.844e-7
-0.066, -1.997e-7, -1.782e-7, -1.782e-7, -1.875e-7
-0.067, -2.059e-7, -1.813e-7, -1.844e-7, -1.905e-7
-0.068, -2.089e-7, -1.844e-7, -1.875e-7, -1.967e-7
-0.069, -2.089e-7, -1.875e-7, -1.905e-7, -1.997e-7
-0.070, -2.151e-7, -1.936e-7, -1.936e-7, -2.028e-7
-0.071, -2.182e-7, -1.967e-7, -1.967e-7, -2.089e-7
-0.072, -2.212e-7, -1.997e-7, -2.028e-7, -2.120e-7
-0.073, -2.274e-7, -2.059e-7, -2.059e-7, -2.151e-7
-0.074, -2.304e-7, -2.089e-7, -2.089e-7, -2.212e-7
-0.075, -2.335e-7, -2.120e-7, -2.120e-7, -2.243e-7
-0.076, -2.396e-7, -2.182e-7, -2.182e-7, -2.304e-7
-0.077, -2.427e-7, -2.212e-7, -2.243e-7, -2.335e-7
-0.078, -2.458e-7, -2.274e-7, -2.274e-7, -2.396e-7
-0.079, -2.519e-7, -2.304e-7, -2.335e-7, -2.427e-7
-0.080, -2.581e-7, -2.366e-7, -2.366e-7, -2.489e-7
-0.081, -2.611e-7, -2.427e-7, -2.427e-7, -2.550e-7
-0.082, -2.673e-7, -2.458e-7, -2.489e-7, -2.611e-7
-0.083, -2.734e-7, -2.519e-7, -2.519e-7, -2.673e-7
-0.084, -2.796e-7, -2.581e-7, -2.581e-7, -2.734e-7
-0.085, -2.826e-7, -2.642e-7, -2.642e-7, -2.796e-7
-0.086, -2.888e-7, -2.704e-7, -2.704e-7, -2.857e-7
-0.087, -2.949e-7, -2.765e-7, -2.765e-7, -2.918e-7
-0.088, -3.011e-7, -2.826e-7, -2.826e-7, -2.980e-7
-0.089, -3.072e-7, -2.888e-7, -2.888e-7, -3.041e-7
-0.090, -3.133e-7, -2.949e-7, -2.949e-7, -3.103e-7
-0.091, -3.195e-7, -3.011e-7, -3.041e-7, -3.195e-7
-0.092, -3.256e-7, -3.103e-7, -3.103e-7, -3.256e-7
-0.093, -3.348e-7, -3.164e-7, -3.164e-7, -3.318e-7
-0.094, -3.410e-7, -3.226e-7, -3.226e-7, -3.410e-7
-0.095, -3.471e-7, -3.318e-7, -3.318e-7, -3.471e-7
-0.096, -3.563e-7, -3.379e-7, -3.410e-7, -3.563e-7
-0.097, -3.625e-7, -3.471e-7, -3.471e-7, -3.655e-7
-0.098, -3.717e-7, -3.563e-7, -3.563e-7, -3.748e-7
-0.099, -3.809e-7, -3.625e-7, -3.655e-7, -3.840e-7
