-0.100, -1.445e-7, -1.260e-7, -1.445e-7, -1.322e-7
-0.099, -1.107e-7, -9.841e-8, -1.138e-7, -1.107e-7
-0.098, -9.227e-8, -8.612e-8, -9.841e-8, -9.841e-8
-0.097, -8.305e-8, -7.691e-8, -8.919e-8, -8.919e-8
-0.096, -7.384e-8, -7.077e-8, -8.305e-8, -8.305e-8
-0.095, -7.077e-8, -6.463e-8, -7.691e-8, -7.691e-8
-0.094, -6.463e-8, -6.156e-8, -7.384e-8, -7.384e-8
-0.093, -6.156e-8, -5.849e-8, -6.770e-8, -6.770e-8
-0.092, -5.849e-8, -5.542e-8, -6.156e-8, -6.463e-8
-0.091, -5.235e-8, -4.928e-8, -5.849e-8, -6.156e-8
-0.090, -4.928e-8, -4.928e-8, -5.542e-8, -5.849e-8
-0.089, -4.621e-8, -4.314e-8, -5.235e-8, -5.542e-8
-0.088, -4.314e-8, -4.007e-8, -4.928e-8, -4.928e-8
-0.087, -4.007e-8, -4.007e-8, -4.621e-8, -4.928e-8
-0.086, -3.700e-8, -3.700e-8, -4.314e-8, -4.621e-8
-0.085, -3.393e-8, -3.393e-8, -4.007e-8, -4.314e-8
-0.084, -3.086e-8, -3.086e-8, -3.700e-8, -4.007e-8
-0.083, -3.086e-8, -2.779e-8, -3.393e-8, -3.700e-8
-0.082, -2.779e-8, -2.779e-8, -3.085e-8, -3.393e-8
-0.081, -2.472e-8, -2.471e-8, -3.085e-8, -3.086e-8
-0.080, -2.472e-8, -2.164e-8, -2.778e-8, -2.778e-8
-0.079, -2.164e-8, -2.164e-8, -2.471e-8, -2.778e-8
-0.078, -1.857e-8, -1.857e-8, -2.164e-8, -2.471e-8
-0.077, -1.857e-8, -1.550e-8, -2.164e-8, -2.164e-8
-0.076, -1.550e-8, -1.550e-8, -1.857e-8, -2.164e-8
-0.075, -1.243e-8, -1.550e-8, -1.550e-8, -1.857e-8
-0.074, -1.243e-8, -1.243e-8, -1.243e-8, -1.857e-8
-0.073, -9.363e-9, -9.362e-9, -1.243e-8, -1.550e-8
-0.072, -9.363e-9, -9.362e-9, -9.361e-9, -1.243e-8
-0.071, -6.292e-9, -9.362e-9, -9.361e-9, -1.243e-8
-0.070, -6.292e-9, -6.292e-9, -6.291e-9, -9.362e-9
-0.069, -3.222e-9, -6.292e-9, -6.291e-9, -9.362e-9
-0.068, -3.222e-9, -3.221e-9, -6.291e-9, -9.362e-9
-0.067, -1.510e-10, -3.221e-9, -3.220e-9, -6.291e-9
-0.066, -1.510e-10, -1.507e-10, -3.220e-9, -3.221e-9
-0.065, -1.510e-10, -1.507e-10, -1.497e-10, -3.221e-9
-0.064, 2.919e-9, -1.507e-10, 2.921e-9, -3.221e-9
-0.063, 2.919e-9, 2.920e-9, 2.921e-9, -1.502e-10
-0.062, 2.919e-9, 2.920e-9, 2.921e-9, -1.502e-10
-0.061, 2.919e-9, 2.920e-9, 5.991e-9, -1.502e-10
-0.060, 5.990e-9, 5.990e-9, 5.991e-9, 2.920e-9
-0.059, 5.990e-9, 5.990e-9, 5.991e-9, 2.920e-9
-0.058, 5.990e-9, 5.990e-9, 9.062e-9, 5.991e-9
-0.057, 9.060e-9, 9.061e-9, 9.062e-9, 5.991e-9
-0.056, 9.060e-9, 9.061e-9, 1.213e-8, 5.991e-9
-0.055, 1.213e-8, 9.061e-9, 1.213e-8, 9.061e-9
-0.054, 1.213e-8, 9.061e-9, 1.213e-8, 9.061e-9
-0.053, 1.213e-8, 1.213e-8, 1.213e-8, 9.061e-9
-0.052, 1.213e-8, 1.213e-8, 1.520e-8, 1.213e-8
-0.051, 1.520e-8, 1.213e-8, 1.520e-8, 1.213e-8
-0.050, 1.520e-8, 1.213e-8, 1.520e-8, 1.213e-8
-0.049, 1.520e-8, 1.213e-8, 1.827e-8, 1.520e-8
-0.048, 1.520e-8, 1.520e-8, 1.827e-8, 1.520e-8
-0.047, 1.827e-8, 1.520e-8, 1.827e-8, 1.520e-8
-0.046, 1.827e-8, 1.520e-8, 2.134e-8, 1.520e-8
-0.045, 1.827e-8, 1.827e-8, 2.134e-8, 1.827e-8
-0.044, 2.134e-8, 1.827e-8, 2.134e-8, 1.827e-8
-0.043, 2.134e-8, 1.827e-8, 2.134e-8, 1.827e-8
-0.042, 2.134e-8, 1.827e-8, 2.441e-8, 1.827e-8
-0.041, 2.134e-8, 1.827e-8, 2.441e-8, 2.134e-8
-0.040, 2.134e-8, 2.134e-8, 2.441e-8, 2.134e-8
-0.039, 2.441e-8, 2.134e-8, 2.441e-8, 2.134e-8
-0.038, 2.441e-8, 2.134e-8, 2.441e-8, 2.134e-8
-0.037, 2.441e-8, 2.134e-8, 2.441e-8, 2.134e-8
-0.036, 2.441e-8, 2.134e-8, 2.748e-8, 2.441e-8
-0.035, 2.441e-8, 2.441e-8, 2.748e-8, 2.441e-8
-0.034, 2.441e-8, 2.441e-8, 2.748e-8, 2.441e-8
-0.033, 2.748e-8, 2.441e-8, 2.748e-8, 2.441e-8
-0.032, 2.748e-8, 2.441e-8, 3.056e-8, 2.441e-8
-0.031, 2.748e-8, 2.441e-8, 3.056e-8, 2.441e-8
-0.030, 2.748e-8, 2.441e-8, 3.056e-8, 2.748e-8
-0.029, 2.748e-8, 2.441e-8, 3.056e-8, 2.748e-8
-0.028, 2.748e-8, 2.441e-8, 3.056e-8, 2.748e-8
-0.027, 2.748e-8, 2.441e-8, 3.056e-8, 2.748e-8
-0.026, 2.748e-8, 2.748e-8, 3.363e-8, 2.748e-8
-0.025, 2.748e-8, 2.748e-8, 3.363e-8, 2.748e-8
-0.024, 3.055e-8, 2.748e-8, 3.363e-8, 2.748e-8
-0.023, 3.055e-8, 2.748e-8, 3.363e-8, 3.055e-8
-0.022, 3.055e-8, 2.748e-8, 3.363e-8, 3.055e-8
-0.021, 3.055e-8, 2.748e-8, 3.363e-8, 3.055e-8
-0.020, 3.055e-8, 2.748e-8, 3.363e-8, 3.055e-8
-0.019, 3.055e-8, 2.748e-8, 3.670e-8, 3.055e-8
-0.018, 3.055e-8, 3.055e-8, 3.670e-8, 3.055e-8
-0.017, 3.055e-8, 3.055e-8, 3.670e-8, 3.363e-8
-0.016, 3.362e-8, 3.055e-8, 3.670e-8, 3.363e-8
-0.015, 3.362e-8, 3.055e-8, 3.670e-8, 3.363e-8
-0.014, 3.362e-8, 3.055e-8, 3.670e-8, 3.363e-8
-0.013, 3.362e-8, 3.055e-8, 3.670e-8, 3.363e-8
-0.012, 3.362e-8, 3.055e-8, 3.670e-8, 3.363e-8
-0.011, 3.362e-8, 3.055e-8, 3.670e-8, 3.363e-8
-0.010, 3.362e-8, 3.055e-8, 3.977e-8, 3.363e-8
-0.009, 3.362e-8, 3.055e-8, 3.977e-8, 3.363e-8
-0.008, 3.669e-8, 3.055e-8, 3.977e-8, 3.670e-8
-0.007, 3.362e-8, 3.362e-8, 3.977e-8, 3.670e-8
-0.006, 3.669e-8, 3.362e-8, 3.977e-8, 3.670e-8
-0.005, 3.669e-8, 3.362e-8, 3.977e-8, 3.670e-8
-0.004, 3.669e-8, 3.362e-8, 3.977e-8, 3.670e-8
-0.003, 3.669e-8, 3.362e-8, 3.977e-8, 3.670e-8
-0.002, 3.669e-8, 3.362e-8, 3.977e-8, 3.670e-8
-0.001, 3.669e-8, 3.362e-8, 4.284e-8, 3.670e-8
-0.000, 3.669e-8, 3.362e-8, 4.284e-8, 3.670e-8
0.001, 3.977e-8, 3.670e-8, 4.284e-8, 3.977e-8
0.002, 3.977e-8, 3.362e-8, 4.284e-8, 3.977e-8
0.003, 3.977e-8, 3.362e-8, 4.284e-8, 3.977e-8
0.004, 3.977e-8, 3.670e-8, 4.284e-8, 3.977e-8
0.005, 3.977e-8, 3.670e-8, 4.284e-8, 3.977e-8
0.006, 3.977e-8, 3.670e-8, 4.284e-8, 3.977e-8
0.007, 3.977e-8, 3.670e-8, 4.591e-8, 3.977e-8
0.008, 3.977e-8, 3.670e-8, 4.284e-8, 3.977e-8
0.009, 3.977e-8, 3.670e-8, 4.591e-8, 3.977e-8
0.010, 3.977e-8, 3.670e-8, 4.591e-8, 3.977e-8
0.011, 3.977e-8, 3.670e-8, 4.591e-8, 4.284e-8
0.012, 3.977e-8, 3.670e-8, 4.591e-8, 4.284e-8
0.013, 3.977e-8, 3.670e-8, 4.591e-8, 4.284e-8
0.014, 3.977e-8, 3.670e-8, 4.591e-8, 4.284e-8
0.015, 4.284e-8, 3.670e-8, 4.591e-8, 4.284e-8
0.016, 4.284e-8, 3.977e-8, 4.591e-8, 4.284e-8
0.017, 4.284e-8, 3.977e-8, 4.898e-8, 4.284e-8
0.018, 4.284e-8, 3.977e-8, 4.898e-8, 4.284e-8
0.019, 4.284e-8, 3.977e-8, 4.898e-8, 4.284e-8
0.020, 4.284e-8, 3.977e-8, 4.898e-8, 4.284e-8
0.021, 4.284e-8, 3.977e-8, 4.898e-8, 4.284e-8
0.022, 4.591e-8, 3.977e-8, 4.898e-8, 4.591e-8
0.023, 4.284e-8, 3.977e-8, 4.898e-8, 4.591e-8
0.024, 4.591e-8, 3.977e-8, 4.898e-8, 4.591e-8
0.025, 4.591e-8, 3.977e-8, 4.898e-8, 4.591e-8
0.026, 4.591e-8, 3.977e-8, 4.898e-8, 4.591e-8
0.027, 4.591e-8, 3.977e-8, 5.205e-8, 4.591e-8
0.028, 4.591e-8, 3.977e-8, 5.205e-8, 4.591e-8
0.029, 4.591e-8, 4.284e-8, 5.205e-8, 4.591e-8
0.030, 4.591e-8, 4.284e-8, 5.205e-8, 4.591e-8
0.031, 4.591e-8, 4.284e-8, 5.205e-8, 4.898e-8
0.032, 4.591e-8, 4.284e-8, 5.205e-8, 4.591e-8
0.033, 4.591e-8, 4.284e-8, 5.205e-8, 4.898e-8
0.034, 4.591e-8, 4.284e-8, 5.205e-8, 4.898e-8
0.035, 4.898e-8, 4.284e-8, 5.205e-8, 4.898e-8
0.036, 4.898e-8, 4.284e-8, 5.512e-8, 4.898e-8
0.037, 4.898e-8, 4.284e-8, 5.512e-8, 4.898e-8
0.038, 4.898e-8, 4.284e-8, 5.512e-8, 4.898e-8
0.039, 4.898e-8, 4.284e-8, 5.512e-8, 4.898e-8
0.040, 4.898e-8, 4.591e-8, 5.512e-8, 4.898e-8
0.041, 4.898e-8, 4.284e-8, 5.512e-8, 5.205e-8
0.042, 4.898e-8, 4.591e-8, 5.512e-8, 5.205e-8
0.043, 4.898e-8, 4.591e-8, 5.512e-8, 5.205e-8
0.044, 4.898e-8, 4.591e-8, 5.512e-8, 5.205e-8
0.045, 4.898e-8, 4.591e-8, 5.512e-8, 5.205e-8
0.046, 5.205e-8, 4.591e-8, 5.512e-8, 5.205e-8
0.047, 5.205e-8, 4.591e-8, 5.819e-8, 5.205e-8
0.048, 5.205e-8, 4.591e-8, 5.819e-8, 5.205e-8
0.049, 5.205e-8, 4.898e-8, 5.819e-8, 5.205e-8
0.050, 5.205e-8, 4.898e-8, 5.819e-8, 5.205e-8
0.051, 5.205e-8, 4.898e-8, 5.819e-8, 5.205e-8
0.052, 5.205e-8, 4.898e-8, 5.819e-8, 5.512e-8
0.053, 5.205e-8, 4.898e-8, 5.819e-8, 5.512e-8
0.054, 5.205e-8, 4.898e-8, 5.819e-8, 5.512e-8
0.055, 5.512e-8, 4.898e-8, 6.126e-8, 5.512e-8
0.056, 5.512e-8, 4.898e-8, 6.126e-8, 5.512e-8
0.057, 5.512e-8, 4.898e-8, 6.126e-8, 5.512e-8
0.058, 5.512e-8, 4.898e-8, 6.126e-8, 5.512e-8
0.059, 5.512e-8, 4.898e-8, 6.126e-8, 5.819e-8
0.060, 5.512e-8, 5.205e-8, 6.126e-8, 5.512e-8
0.061, 5.512e-8, 5.205e-8, 6.433e-8, 5.819e-8
0.062, 5.512e-8, 5.205e-8, 6.433e-8, 5.819e-8
0.063, 5.819e-8, 5.205e-8, 6.433e-8, 5.819e-8
0.064, 5.819e-8, 5.205e-8, 6.433e-8, 5.819e-8
0.065, 5.819e-8, 5.205e-8, 6.433e-8, 5.819e-8
0.066, 5.819e-8, 5.205e-8, 6.740e-8, 5.819e-8
0.067, 5.819e-8, 5.512e-8, 6.433e-8, 6.126e-8
0.068, 5.819e-8, 5.512e-8, 6.740e-8, 6.126e-8
0.069, 6.126e-8, 5.512e-8, 6.740e-8, 6.126e-8
0.070, 6.126e-8, 5.512e-8, 6.740e-8, 6.126e-8
0.071, 6.126e-8, 5.512e-8, 6.740e-8, 6.126e-8
0.072, 6.126e-8, 5.512e-8, 6.740e-8, 6.433e-8
0.073, 6.126e-8, 5.512e-8, 7.047e-8, 6.433e-8
0.074, 6.433e-8, 5.819e-8, 7.047e-8, 6.433e-8
0.075, 6.433e-8, 5.819e-8, 7.047e-8, 6.433e-8
0.076, 6.433e-8, 5.819e-8, 7.047e-8, 6.740e-8
0.077, 6.433e-8, 6.126e-8, 7.047e-8, 6.740e-8
0.078, 6.740e-8, 5.819e-8, 7.354e-8, 6.740e-8
0.079, 6.740e-8, 6.126e-8, 7.354e-8, 6.740e-8
0.080, 6.740e-8, 6.126e-8, 7.354e-8, 7.047e-8
0.081, 7.047e-8, 6.126e-8, 7.661e-8, 7.047e-8
0.082, 7.047e-8, 6.126e-8, 7.661e-8, 7.047e-8
0.083, 7.047e-8, 6.433e-8, 7.661e-8, 7.047e-8
0.084, 7.354e-8, 6.433e-8, 7.968e-8, 7.354e-8
0.085, 7.354e-8, 6.433e-8, 7.968e-8, 7.354e-8
0.086, 7.354e-8, 6.740e-8, 7.968e-8, 7.354e-8
0.087, 7.354e-8, 6.740e-8, 8.275e-8, 7.661e-8
0.088, 7.661e-8, 6.740e-8, 8.275e-8, 7.661e-8
0.089, 7.661e-8, 7.047e-8, 8.275e-8, 7.968e-8
0.090, 7.968e-8, 7.047e-8, 8.582e-8, 7.968e-8
0.091, 7.968e-8, 7.047e-8, 8.582e-8, 7.968e-8
0.092, 7.968e-8, 7.354e-8, 8.582e-8, 8.275e-8
0.093, 8.275e-8, 7.354e-8, 8.889e-8, 8.275e-8
0.094, 8.275e-8, 7.661e-8, 8.889e-8, 8.275e-8
0.095, 8.582e-8, 7.661e-8, 9.197e-8, 8.582e-8
0.096, 8.889e-8, 7.661e-8, 9.197e-8, 8.582e-8
0.097, 8.889e-8, 7.968e-8, 9.197e-8, 8.889e-8
0.098, 8.889e-8, 7.968e-8, 9.504e-8, 8.889e-8
0.099, 9.196e-8, 8.275e-8, 9.811e-8, 9.196e-8
0.100, 9.196e-8, 8.275e-8, 9.811e-8, 9.504e-8
0.101, 9.503e-8, 8.582e-8, 1.012e-7, 9.504e-8
0.102, 9.810e-8, 8.889e-8, 1.012e-7, 9.811e-8
0.103, 1.012e-7, 8.889e-8, 1.042e-7, 1.012e-7
0.104, 1.012e-7, 9.196e-8, 1.073e-7, 1.012e-7
0.105, 1.042e-7, 9.196e-8, 1.073e-7, 1.042e-7
0.106, 1.073e-7, 9.503e-8, 1.104e-7, 1.073e-7
0.107, 1.073e-7, 9.503e-8, 1.104e-7, 1.073e-7
0.108, 1.104e-7, 9.811e-8, 1.135e-7, 1.104e-7
0.109, 1.135e-7, 1.012e-7, 1.165e-7, 1.135e-7
0.110, 1.165e-7, 1.042e-7, 1.196e-7, 1.135e-7
0.111, 1.196e-7, 1.042e-7, 1.196e-7, 1.165e-7
0.112, 1.227e-7, 1.073e-7, 1.227e-7, 1.196e-7
0.113, 1.227e-7, 1.104e-7, 1.257e-7, 1.227e-7
0.114, 1.288e-7, 1.104e-7, 1.288e-7, 1.257e-7
0.115, 1.319e-7, 1.135e-7, 1.319e-7, 1.288e-7
0.116, 1.319e-7, 1.165e-7, 1.350e-7, 1.319e-7
0.117, 1.350e-7, 1.196e-7, 1.380e-7, 1.350e-7
0.118, 1.380e-7, 1.227e-7, 1.380e-7, 1.380e-7
0.119, 1.411e-7, 1.257e-7, 1.411e-7, 1.411e-7
0.120, 1.472e-7, 1.288e-7, 1.442e-7, 1.442e-7
0.121, 1.503e-7, 1.319e-7, 1.503e-7, 1.472e-7
0.122, 1.534e-7, 1.350e-7, 1.534e-7, 1.534e-7
0.123, 1.595e-7, 1.380e-7, 1.564e-7, 1.564e-7
0.124, 1.626e-7, 1.411e-7, 1.595e-7, 1.595e-7
0.125, 1.657e-7, 1.442e-7, 1.626e-7, 1.657e-7
0.126, 1.687e-7, 1.472e-7, 1.657e-7, 1.657e-7
0.127, 1.749e-7, 1.503e-7, 1.718e-7, 1.718e-7
0.128, 1.779e-7, 1.564e-7, 1.749e-7, 1.779e-7
0.129, 1.841e-7, 1.595e-7, 1.779e-7, 1.810e-7
0.130, 1.871e-7, 1.626e-7, 1.841e-7, 1.841e-7
0.131, 1.933e-7, 1.657e-7, 1.872e-7, 1.902e-7
0.132, 1.964e-7, 1.718e-7, 1.902e-7, 1.933e-7
0.133, 2.025e-7, 1.749e-7, 1.933e-7, 1.994e-7
0.134, 2.056e-7, 1.779e-7, 1.994e-7, 2.025e-7
0.135, 2.117e-7, 1.841e-7, 2.025e-7, 2.086e-7
0.136, 2.179e-7, 1.871e-7, 2.086e-7, 2.117e-7
0.137, 2.209e-7, 1.933e-7, 2.117e-7, 2.179e-7
0.138, 2.271e-7, 1.964e-7, 2.179e-7, 2.240e-7
0.139, 2.332e-7, 1.994e-7, 2.209e-7, 2.271e-7
0.140, 2.363e-7, 2.056e-7, 2.271e-7, 2.332e-7
0.141, 2.424e-7, 2.117e-7, 2.301e-7, 2.393e-7
0.142, 2.486e-7, 2.148e-7, 2.363e-7, 2.424e-7
0.143, 2.547e-7, 2.209e-7, 2.393e-7, 2.486e-7
0.144, 2.608e-7, 2.240e-7, 2.455e-7, 2.547e-7
0.145, 2.670e-7, 2.301e-7, 2.516e-7, 2.578e-7
0.146, 2.701e-7, 2.363e-7, 2.578e-7, 2.670e-7
0.147, 2.793e-7, 2.393e-7, 2.608e-7, 2.731e-7
0.148, 2.854e-7, 2.455e-7, 2.670e-7, 2.762e-7
0.149, 2.885e-7, 2.486e-7, 2.731e-7, 2.823e-7
0.150, 2.946e-7, 2.547e-7, 2.762e-7, 2.885e-7
0.151, 3.008e-7, 2.608e-7, 2.823e-7, 2.946e-7
0.152, 3.069e-7, 2.670e-7, 2.885e-7, 3.008e-7
0.153, 3.161e-7, 2.701e-7, 2.946e-7, 3.069e-7
0.154, 3.223e-7, 2.762e-7, 3.008e-7, 3.130e-7
0.155, 3.284e-7, 2.823e-7, 3.038e-7, 3.192e-7
0.156, 3.345e-7, 2.885e-7, 3.100e-7, 3.253e-7
0.157, 3.407e-7, 2.915e-7, 3.161e-7, 3.315e-7
0.158, 3.468e-7, 2.977e-7, 3.223e-7, 3.376e-7
0.159, 3.530e-7, 3.038e-7, 3.284e-7, 3.437e-7
0.160, 3.591e-7, 3.100e-7, 3.345e-7, 3.499e-7
0.161, 3.683e-7, 3.161e-7, 3.407e-7, 3.560e-7
0.162, 3.714e-7, 3.192e-7, 3.437e-7, 3.622e-7
0.163, 3.775e-7, 3.253e-7, 3.499e-7, 3.683e-7
0.164, 3.837e-7, 3.315e-7, 3.560e-7, 3.745e-7
0.165, 3.898e-7, 3.376e-7, 3.622e-7, 3.806e-7
0.166, 3.990e-7, 3.437e-7, 3.683e-7, 3.867e-7
0.167, 4.052e-7, 3.499e-7, 3.745e-7, 3.929e-7
0.168, 4.113e-7, 3.560e-7, 3.775e-7, 3.990e-7
0.169, 4.174e-7, 3.591e-7, 3.837e-7, 4.052e-7
0.170, 4.236e-7, 3.652e-7, 3.898e-7, 4.113e-7
0.171, 4.297e-7, 3.714e-7, 3.959e-7, 4.174e-7
0.172, 4.389e-7, 3.775e-7, 4.021e-7, 4.236e-7
0.173, 4.451e-7, 3.837e-7, 4.052e-7, 4.297e-7
0.174, 4.512e-7, 3.898e-7, 4.113e-7, 4.359e-7
0.175, 4.574e-7, 3.929e-7, 4.205e-7, 4.420e-7
0.176, 4.635e-7, 3.990e-7, 4.236e-7, 4.481e-7
0.177, 4.696e-7, 4.052e-7, 4.297e-7, 4.543e-7
0.178, 4.758e-7, 4.113e-7, 4.359e-7, 4.604e-7
0.179, 4.819e-7, 4.174e-7, 4.420e-7, 4.666e-7
0.180, 4.911e-7, 4.205e-7, 4.481e-7, 4.727e-7
0.181, 4.973e-7, 4.266e-7, 4.543e-7, 4.788e-7
0.182, 5.034e-7, 4.328e-7, 4.574e-7, 4.850e-7
0.183, 5.096e-7, 4.389e-7, 4.635e-7, 4.911e-7
0.184, 5.157e-7, 4.451e-7, 4.696e-7, 4.973e-7
0.185, 5.218e-7, 4.481e-7, 4.758e-7, 5.034e-7
0.186, 5.280e-7, 4.543e-7, 4.788e-7, 5.096e-7
0.187, 5.341e-7, 4.604e-7, 4.850e-7, 5.157e-7
0.188, 5.403e-7, 4.666e-7, 4.911e-7, 5.218e-7
0.189, 5.464e-7, 4.696e-7, 4.973e-7, 5.249e-7
0.190, 5.525e-7, 4.758e-7, 5.034e-7, 5.310e-7
0.191, 5.587e-7, 4.819e-7, 5.065e-7, 5.372e-7
0.192, 5.648e-7, 4.850e-7, 5.126e-7, 5.433e-7
0.193, 5.710e-7, 4.911e-7, 5.188e-7, 5.495e-7
0.194, 5.771e-7, 4.973e-7, 5.218e-7, 5.525e-7
0.195, 5.832e-7, 5.034e-7, 5.280e-7, 5.587e-7
0.196, 5.894e-7, 5.065e-7, 5.341e-7, 5.648e-7
0.197, 5.955e-7, 5.126e-7, 5.403e-7, 5.710e-7
0.198, 6.017e-7, 5.157e-7, 5.433e-7, 5.740e-7
0.199, 6.078e-7, 5.218e-7, 5.495e-7, 5.802e-7
0.200, 6.109e-7, 5.280e-7, 5.525e-7, 5.863e-7
0.201, 6.170e-7, 5.310e-7, 5.587e-7, 5.894e-7
0.202, 6.232e-7, 5.372e-7, 5.648e-7, 5.955e-7
0.203, 6.293e-7, 5.403e-7, 5.679e-7, 5.986e-7
0.204, 6.324e-7, 5.464e-7, 5.740e-7, 6.047e-7
0.205, 6.416e-7, 5.525e-7, 5.802e-7, 6.109e-7
0.206, 6.447e-7, 5.556e-7, 5.832e-7, 6.170e-7
0.207, 6.508e-7, 5.587e-7, 5.894e-7, 6.201e-7
0.208, 6.569e-7, 5.648e-7, 5.925e-7, 6.262e-7
0.209, 6.631e-7, 5.710e-7, 5.986e-7, 6.293e-7
0.210, 6.661e-7, 5.740e-7, 6.017e-7, 6.354e-7
0.211, 6.723e-7, 5.771e-7, 6.047e-7, 6.385e-7
0.212, 6.754e-7, 5.832e-7, 6.109e-7, 6.447e-7
0.213, 6.815e-7, 5.863e-7, 6.170e-7, 6.477e-7
0.214, 6.876e-7, 5.925e-7, 6.201e-7, 6.508e-7
0.215, 6.907e-7, 5.955e-7, 6.262e-7, 6.569e-7
0.216, 6.969e-7, 5.986e-7, 6.293e-7, 6.600e-7
0.217, 6.999e-7, 6.047e-7, 6.354e-7, 6.661e-7
0.218, 7.061e-7, 6.078e-7, 6.385e-7, 6.692e-7
0.219, 7.091e-7, 6.109e-7, 6.416e-7, 6.723e-7
0.220, 7.153e-7, 6.170e-7, 6.477e-7, 6.784e-7
0.221, 7.183e-7, 6.201e-7, 6.508e-7, 6.815e-7
0.222, 7.245e-7, 6.232e-7, 6.539e-7, 6.846e-7
0.223, 7.276e-7, 6.293e-7, 6.600e-7, 6.907e-7
0.224, 7.306e-7, 6.324e-7, 6.631e-7, 6.938e-7
0.225, 7.368e-7, 6.354e-7, 6.661e-7, 6.969e-7
0.226, 7.398e-7, 6.385e-7, 6.723e-7, 6.999e-7
0.227, 7.460e-7, 6.447e-7, 6.754e-7, 7.030e-7
0.228, 7.491e-7, 6.477e-7, 6.784e-7, 7.061e-7
0.229, 7.521e-7, 6.508e-7, 6.846e-7, 7.122e-7
0.230, 7.583e-7, 6.539e-7, 6.876e-7, 7.153e-7
0.231, 7.613e-7, 6.569e-7, 6.907e-7, 7.183e-7
0.232, 7.644e-7, 6.600e-7, 6.969e-7, 7.214e-7
0.233, 7.675e-7, 6.631e-7, 6.999e-7, 7.245e-7
0.234, 7.705e-7, 6.661e-7, 7.030e-7, 7.276e-7
0.235, 7.736e-7, 6.692e-7, 7.061e-7, 7.306e-7
0.236, 7.798e-7, 6.754e-7, 7.091e-7, 7.337e-7
0.237, 7.828e-7, 6.784e-7, 7.122e-7, 7.368e-7
0.238, 7.859e-7, 6.784e-7, 7.153e-7, 7.398e-7
0.239, 7.890e-7, 6.846e-7, 7.183e-7, 7.429e-7
0.240, 7.920e-7, 6.876e-7, 7.245e-7, 7.429e-7
0.241, 7.951e-7, 6.876e-7, 7.276e-7, 7.460e-7
0.242, 7.982e-7, 6.938e-7, 7.306e-7, 7.491e-7
0.243, 8.012e-7, 6.969e-7, 7.337e-7, 7.521e-7
0.244, 8.043e-7, 6.969e-7, 7.368e-7, 7.552e-7
0.245, 8.074e-7, 6.999e-7, 7.398e-7, 7.552e-7
0.246, 8.105e-7, 7.030e-7, 7.429e-7, 7.583e-7
0.247, 8.105e-7, 7.061e-7, 7.460e-7, 7.613e-7
0.248, 8.135e-7, 7.091e-7, 7.491e-7, 7.644e-7
0.249, 8.166e-7, 7.122e-7, 7.521e-7, 7.644e-7
0.250, 8.197e-7, 7.122e-7, 7.552e-7, 7.675e-7
0.251, 8.227e-7, 7.153e-7, 7.552e-7, 7.705e-7
0.252, 8.227e-7, 7.183e-7, 7.583e-7, 7.705e-7
0.253, 8.258e-7, 7.214e-7, 7.613e-7, 7.736e-7
0.254, 8.289e-7, 7.214e-7, 7.644e-7, 7.736e-7
0.255, 8.289e-7, 7.245e-7, 7.675e-7, 7.767e-7
0.256, 8.320e-7, 7.276e-7, 7.705e-7, 7.767e-7
0.257, 8.350e-7, 7.306e-7, 7.736e-7, 7.798e-7
0.258, 8.350e-7, 7.306e-7, 7.767e-7, 7.828e-7
0.259, 8.381e-7, 7.337e-7, 7.767e-7, 7.828e-7
0.260, 8.381e-7, 7.368e-7, 7.798e-7, 7.859e-7
0.261, 8.412e-7, 7.368e-7, 7.828e-7, 7.859e-7
0.262, 8.412e-7, 7.398e-7, 7.828e-7, 7.859e-7
0.263, 8.442e-7, 7.429e-7, 7.859e-7, 7.890e-7
0.264, 8.442e-7, 7.429e-7, 7.890e-7, 7.890e-7
0.265, 8.473e-7, 7.460e-7, 7.920e-7, 7.920e-7
0.266, 8.473e-7, 7.460e-7, 7.920e-7, 7.920e-7
0.267, 8.504e-7, 7.460e-7, 7.951e-7, 7.920e-7
0.268, 8.504e-7, 7.491e-7, 7.951e-7, 7.920e-7
0.269, 8.504e-7, 7.521e-7, 7.982e-7, 7.951e-7
0.270, 8.534e-7, 7.521e-7, 7.982e-7, 7.951e-7
0.271, 8.534e-7, 7.552e-7, 8.012e-7, 7.951e-7
0.272, 8.565e-7, 7.552e-7, 8.043e-7, 7.982e-7
0.273, 8.565e-7, 7.552e-7, 8.043e-7, 7.982e-7
0.274, 8.565e-7, 7.583e-7, 8.074e-7, 7.982e-7
0.275, 8.565e-7, 7.583e-7, 8.074e-7, 7.982e-7
0.276, 8.596e-7, 7.613e-7, 8.105e-7, 7.982e-7
0.277, 8.596e-7, 7.613e-7, 8.105e-7, 8.012e-7
0.278, 8.596e-7, 7.644e-7, 8.135e-7, 8.012e-7
0.279, 8.596e-7, 7.644e-7, 8.135e-7, 8.012e-7
0.280, 8.627e-7, 7.644e-7, 8.166e-7, 8.012e-7
0.281, 8.627e-7, 7.675e-7, 8.166e-7, 8.012e-7
0.282, 8.627e-7, 7.675e-7, 8.197e-7, 8.012e-7
0.283, 8.627e-7, 7.675e-7, 8.197e-7, 8.043e-7
0.284, 8.657e-7, 7.705e-7, 8.197e-7, 8.043e-7
0.285, 8.657e-7, 7.705e-7, 8.227e-7, 8.043e-7
0.286, 8.657e-7, 7.705e-7, 8.227e-7, 8.043e-7
0.287, 8.657e-7, 7.705e-7, 8.258e-7, 8.043e-7
0.288, 8.657e-7, 7.736e-7, 8.258e-7, 8.043e-7
0.289, 8.657e-7, 7.736e-7, 8.258e-7, 8.043e-7
0.290, 8.657e-7, 7.736e-7, 8.289e-7, 8.043e-7
0.291, 8.657e-7, 7.736e-7, 8.258e-7, 8.043e-7
0.292, 8.657e-7, 7.767e-7, 8.289e-7, 8.043e-7
0.293, 8.657e-7, 7.767e-7, 8.289e-7, 8.043e-7
0.294, 8.688e-7, 7.767e-7, 8.320e-7, 8.074e-7
0.295, 8.688e-7, 7.767e-7, 8.320e-7, 8.074e-7
0.296, 8.688e-7, 7.767e-7, 8.320e-7, 8.043e-7
0.297, 8.688e-7, 7.798e-7, 8.320e-7, 8.043e-7
0.298, 8.688e-7, 7.798e-7, 8.350e-7, 8.043e-7
0.299, 8.688e-7, 7.798e-7, 8.350e-7, 8.043e-7
0.300, 8.688e-7, 7.798e-7, 8.350e-7, 8.043e-7
0.301, 8.688e-7, 7.798e-7, 8.381e-7, 8.074e-7
0.302, 8.688e-7, 7.798e-7, 8.381e-7, 8.043e-7
0.303, 8.688e-7, 7.798e-7, 8.381e-7, 8.074e-7
0.304, 8.688e-7, 7.828e-7, 8.381e-7, 8.043e-7
0.305, 8.688e-7, 7.828e-7, 8.381e-7, 8.043e-7
0.306, 8.688e-7, 7.828e-7, 8.412e-7, 8.074e-7
0.307, 8.688e-7, 7.828e-7, 8.412e-7, 8.074e-7
0.308, 8.688e-7, 7.828e-7, 8.412e-7, 8.043e-7
0.309, 8.688e-7, 7.828e-7, 8.412e-7, 8.043e-7
0.310, 8.688e-7, 7.828e-7, 8.412e-7, 8.043e-7
0.311, 8.688e-7, 7.828e-7, 8.442e-7, 8.043e-7
0.312, 8.688e-7, 7.828e-7, 8.442e-7, 8.043e-7
0.313, 8.688e-7, 7.828e-7, 8.442e-7, 8.043e-7
0.314, 8.688e-7, 7.859e-7, 8.442e-7, 8.043e-7
0.315, 8.688e-7, 7.859e-7, 8.442e-7, 8.043e-7
0.316, 8.688e-7, 7.859e-7, 8.442e-7, 8.043e-7
0.317, 8.688e-7, 7.859e-7, 8.473e-7, 8.043e-7
0.318, 8.688e-7, 7.859e-7, 8.473e-7, 8.043e-7
0.319, 8.688e-7, 7.859e-7, 8.473e-7, 8.043e-7
0.320, 8.688e-7, 7.859e-7, 8.473e-7, 8.043e-7
0.321, 8.688e-7, 7.859e-7, 8.473e-7, 8.012e-7
0.322, 8.688e-7, 7.859e-7, 8.473e-7, 8.043e-7
0.323, 8.688e-7, 7.859e-7, 8.473e-7, 8.012e-7
0.324, 8.657e-7, 7.859e-7, 8.473e-7, 8.012e-7
0.325, 8.657e-7, 7.859e-7, 8.473e-7, 8.012e-7
0.326, 8.657e-7, 7.859e-7, 8.504e-7, 8.012e-7
0.327, 8.657e-7, 7.859e-7, 8.504e-7, 8.012e-7
0.328, 8.657e-7, 7.859e-7, 8.504e-7, 8.012e-7
0.329, 8.657e-7, 7.859e-7, 8.504e-7, 8.012e-7
0.330, 8.657e-7, 7.859e-7, 8.504e-7, 8.012e-7
0.331, 8.657e-7, 7.859e-7, 8.504e-7, 8.012e-7
0.332, 8.657e-7, 7.859e-7, 8.504e-7, 7.982e-7
0.333, 8.657e-7, 7.859e-7, 8.504e-7, 7.982e-7
0.334, 8.657e-7, 7.859e-7, 8.504e-7, 7.982e-7
0.335, 8.627e-7, 7.859e-7, 8.504e-7, 7.982e-7
0.336, 8.627e-7, 7.859e-7, 8.504e-7, 7.982e-7
0.337, 8.627e-7, 7.859e-7, 8.504e-7, 7.982e-7
0.338, 8.627e-7, 7.859e-7, 8.504e-7, 7.982e-7
0.339, 8.627e-7, 7.828e-7, 8.504e-7, 7.982e-7
0.340, 8.627e-7, 7.859e-7, 8.504e-7, 7.951e-7
0.341, 8.596e-7, 7.828e-7, 8.504e-7, 7.951e-7
0.342, 8.627e-7, 7.859e-7, 8.504e-7, 7.951e-7
0.343, 8.596e-7, 7.828e-7, 8.504e-7, 7.951e-7
0.344, 8.596e-7, 7.828e-7, 8.504e-7, 7.951e-7
0.345, 8.596e-7, 7.828e-7, 8.504e-7, 7.951e-7
0.346, 8.596e-7, 7.828e-7, 8.504e-7, 7.951e-7
0.347, 8.596e-7, 7.828e-7, 8.504e-7, 7.951e-7
0.348, 8.596e-7, 7.828e-7, 8.504e-7, 7.920e-7
0.349, 8.596e-7, 7.828e-7, 8.504e-7, 7.920e-7
0.350, 8.565e-7, 7.828e-7, 8.504e-7, 7.920e-7
0.351, 8.565e-7, 7.828e-7, 8.504e-7, 7.920e-7
0.352, 8.565e-7, 7.828e-7, 8.504e-7, 7.920e-7
0.353, 8.565e-7, 7.798e-7, 8.504e-7, 7.890e-7
0.354, 8.565e-7, 7.798e-7, 8.473e-7, 7.890e-7
0.355, 8.565e-7, 7.798e-7, 8.473e-7, 7.890e-7
0.356, 8.565e-7, 7.798e-7, 8.473e-7, 7.890e-7
0.357, 8.534e-7, 7.798e-7, 8.473e-7, 7.890e-7
0.358, 8.534e-7, 7.798e-7, 8.504e-7, 7.890e-7
0.359, 8.534e-7, 7.798e-7, 8.473e-7, 7.859e-7
0.360, 8.534e-7, 7.767e-7, 8.473e-7, 7.859e-7
0.361, 8.534e-7, 7.767e-7, 8.473e-7, 7.859e-7
0.362, 8.504e-7, 7.767e-7, 8.473e-7, 7.859e-7
0.363, 8.504e-7, 7.767e-7, 8.473e-7, 7.859e-7
0.364, 8.504e-7, 7.767e-7, 8.473e-7, 7.859e-7
0.365, 8.504e-7, 7.767e-7, 8.473e-7, 7.859e-7
0.366, 8.504e-7, 7.767e-7, 8.473e-7, 7.828e-7
0.367, 8.473e-7, 7.767e-7, 8.473e-7, 7.828e-7
0.368, 8.473e-7, 7.767e-7, 8.442e-7, 7.828e-7
0.369, 8.473e-7, 7.736e-7, 8.442e-7, 7.828e-7
0.370, 8.473e-7, 7.736e-7, 8.442e-7, 7.828e-7
0.371, 8.473e-7, 7.736e-7, 8.442e-7, 7.828e-7
0.372, 8.473e-7, 7.736e-7, 8.442e-7, 7.828e-7
0.373, 8.442e-7, 7.736e-7, 8.442e-7, 7.798e-7
0.374, 8.442e-7, 7.736e-7, 8.442e-7, 7.798e-7
0.375, 8.442e-7, 7.736e-7, 8.412e-7, 7.798e-7
0.376, 8.442e-7, 7.705e-7, 8.412e-7, 7.767e-7
0.377, 8.412e-7, 7.705e-7, 8.412e-7, 7.767e-7
0.378, 8.412e-7, 7.705e-7, 8.412e-7, 7.767e-7
0.379, 8.412e-7, 7.705e-7, 8.412e-7, 7.767e-7
0.380, 8.412e-7, 7.705e-7, 8.412e-7, 7.767e-7
0.381, 8.412e-7, 7.705e-7, 8.412e-7, 7.767e-7
0.382, 8.381e-7, 7.705e-7, 8.381e-7, 7.736e-7
0.383, 8.381e-7, 7.705e-7, 8.412e-7, 7.736e-7
0.384, 8.381e-7, 7.675e-7, 8.381e-7, 7.767e-7
0.385, 8.381e-7, 7.675e-7, 8.381e-7, 7.736e-7
0.386, 8.381e-7, 7.675e-7, 8.381e-7, 7.736e-7
0.387, 8.350e-7, 7.675e-7, 8.381e-7, 7.736e-7
0.388, 8.381e-7, 7.675e-7, 8.381e-7, 7.736e-7
0.389, 8.350e-7, 7.675e-7, 8.381e-7, 7.736e-7
0.390, 8.350e-7, 7.675e-7, 8.381e-7, 7.736e-7
0.391, 8.350e-7, 7.675e-7, 8.381e-7, 7.736e-7
0.392, 8.350e-7, 7.644e-7, 8.350e-7, 7.705e-7
0.393, 8.320e-7, 7.644e-7, 8.350e-7, 7.705e-7
0.394, 8.350e-7, 7.644e-7, 8.350e-7, 7.705e-7
0.395, 8.350e-7, 7.644e-7, 8.350e-7, 7.705e-7
0.396, 8.320e-7, 7.644e-7, 8.350e-7, 7.705e-7
0.397, 8.320e-7, 7.644e-7, 8.350e-7, 7.705e-7
0.398, 8.320e-7, 7.644e-7, 8.320e-7, 7.705e-7
0.399, 8.289e-7, 7.613e-7, 8.350e-7, 7.705e-7
0.400, 8.289e-7, 7.613e-7, 8.320e-7, 7.675e-7
0.401, 8.289e-7, 7.613e-7, 8.320e-7, 7.675e-7
0.402, 8.289e-7, 7.613e-7, 8.320e-7, 7.675e-7
0.403, 8.289e-7, 7.613e-7, 8.320e-7, 7.675e-7
0.404, 8.289e-7, 7.613e-7, 8.320e-7, 7.675e-7
0.405, 8.289e-7, 7.613e-7, 8.320e-7, 7.675e-7
0.406, 8.289e-7, 7.613e-7, 8.320e-7, 7.675e-7
0.407, 8.289e-7, 7.583e-7, 8.289e-7, 7.675e-7
0.408, 8.289e-7, 7.583e-7, 8.289e-7, 7.675e-7
0.409, 8.258e-7, 7.583e-7, 8.289e-7, 7.675e-7
0.410, 8.289e-7, 7.613e-7, 8.320e-7, 7.675e-7
0.411, 8.258e-7, 7.583e-7, 8.289e-7, 7.675e-7
0.412, 8.258e-7, 7.583e-7, 8.289e-7, 7.675e-7
0.413, 8.258e-7, 7.583e-7, 8.289e-7, 7.675e-7
0.414, 8.258e-7, 7.583e-7, 8.289e-7, 7.675e-7
0.415, 8.258e-7, 7.583e-7, 8.289e-7, 7.675e-7
0.416, 8.258e-7, 7.583e-7, 8.289e-7, 7.644e-7
0.417, 8.258e-7, 7.583e-7, 8.289e-7, 7.675e-7
0.418, 8.258e-7, 7.583e-7, 8.289e-7, 7.675e-7
0.419, 8.258e-7, 7.552e-7, 8.289e-7, 7.675e-7
0.420, 8.258e-7, 7.583e-7, 8.258e-7, 7.675e-7
0.421, 8.258e-7, 7.583e-7, 8.258e-7, 7.675e-7
0.422, 8.258e-7, 7.583e-7, 8.289e-7, 7.675e-7
0.423, 8.258e-7, 7.583e-7, 8.289e-7, 7.675e-7
0.424, 8.258e-7, 7.583e-7, 8.258e-7, 7.675e-7
0.425, 8.258e-7, 7.583e-7, 8.258e-7, 7.675e-7
0.426, 8.258e-7, 7.583e-7, 8.258e-7, 7.675e-7
0.427, 8.258e-7, 7.583e-7, 8.258e-7, 7.675e-7
0.428, 8.258e-7, 7.583e-7, 8.258e-7, 7.675e-7
0.429, 8.258e-7, 7.583e-7, 8.258e-7, 7.675e-7
0.430, 8.258e-7, 7.583e-7, 8.258e-7, 7.675e-7
0.431, 8.258e-7, 7.583e-7, 8.289e-7, 7.705e-7
0.432, 8.258e-7, 7.583e-7, 8.258e-7, 7.705e-7
0.433, 8.258e-7, 7.583e-7, 8.289e-7, 7.705e-7
0.434, 8.258e-7, 7.583e-7, 8.258e-7, 7.705e-7
0.435, 8.258e-7, 7.583e-7, 8.289e-7, 7.705e-7
0.436, 8.258e-7, 7.583e-7, 8.289e-7, 7.705e-7
0.437, 8.258e-7, 7.583e-7, 8.289e-7, 7.705e-7
0.438, 8.289e-7, 7.613e-7, 8.289e-7, 7.705e-7
0.439, 8.289e-7, 7.583e-7, 8.289e-7, 7.736e-7
0.440, 8.289e-7, 7.613e-7, 8.289e-7, 7.736e-7
0.441, 8.289e-7, 7.613e-7, 8.289e-7, 7.736e-7
0.442, 8.289e-7, 7.613e-7, 8.289e-7, 7.736e-7
0.443, 8.289e-7, 7.613e-7, 8.289e-7, 7.767e-7
0.444, 8.320e-7, 7.613e-7, 8.320e-7, 7.767e-7
0.445, 8.320e-7, 7.613e-7, 8.320e-7, 7.767e-7
0.446, 8.320e-7, 7.644e-7, 8.320e-7, 7.767e-7
0.447, 8.320e-7, 7.644e-7, 8.320e-7, 7.798e-7
0.448, 8.350e-7, 7.644e-7, 8.320e-7, 7.798e-7
0.449, 8.350e-7, 7.675e-7, 8.350e-7, 7.798e-7
0.450, 8.350e-7, 7.675e-7, 8.350e-7, 7.828e-7
0.451, 8.350e-7, 7.675e-7, 8.350e-7, 7.828e-7
0.452, 8.381e-7, 7.675e-7, 8.350e-7, 7.859e-7
0.453, 8.381e-7, 7.675e-7, 8.381e-7, 7.859e-7
0.454, 8.381e-7, 7.705e-7, 8.381e-7, 7.890e-7
0.455, 8.412e-7, 7.705e-7, 8.381e-7, 7.890e-7
0.456, 8.412e-7, 7.736e-7, 8.412e-7, 7.890e-7
0.457, 8.442e-7, 7.736e-7, 8.412e-7, 7.920e-7
0.458, 8.442e-7, 7.736e-7, 8.412e-7, 7.920e-7
0.459, 8.442e-7, 7.767e-7, 8.412e-7, 7.951e-7
0.460, 8.473e-7, 7.767e-7, 8.442e-7, 7.982e-7
0.461, 8.473e-7, 7.767e-7, 8.442e-7, 7.982e-7
0.462, 8.504e-7, 7.798e-7, 8.473e-7, 8.012e-7
0.463, 8.534e-7, 7.798e-7, 8.473e-7, 8.012e-7
0.464, 8.534e-7, 7.828e-7, 8.504e-7, 8.043e-7
0.465, 8.534e-7, 7.828e-7, 8.504e-7, 8.043e-7
0.466, 8.565e-7, 7.859e-7, 8.534e-7, 8.074e-7
0.467, 8.596e-7, 7.859e-7, 8.534e-7, 8.105e-7
0.468, 8.596e-7, 7.890e-7, 8.565e-7, 8.135e-7
0.469, 8.627e-7, 7.890e-7, 8.565e-7, 8.135e-7
0.470, 8.657e-7, 7.920e-7, 8.596e-7, 8.166e-7
0.471, 8.657e-7, 7.951e-7, 8.596e-7, 8.197e-7
0.472, 8.688e-7, 7.951e-7, 8.627e-7, 8.227e-7
0.473, 8.719e-7, 7.982e-7, 8.627e-7, 8.258e-7
0.474, 8.719e-7, 8.012e-7, 8.657e-7, 8.258e-7
0.475, 8.749e-7, 8.012e-7, 8.688e-7, 8.289e-7
0.476, 8.780e-7, 8.043e-7, 8.719e-7, 8.320e-7
0.477, 8.811e-7, 8.074e-7, 8.719e-7, 8.350e-7
0.478, 8.842e-7, 8.105e-7, 8.749e-7, 8.381e-7
0.479, 8.842e-7, 8.105e-7, 8.780e-7, 8.412e-7
0.480, 8.872e-7, 8.135e-7, 8.811e-7, 8.442e-7
0.481, 8.903e-7, 8.166e-7, 8.811e-7, 8.473e-7
0.482, 8.934e-7, 8.197e-7, 8.842e-7, 8.504e-7
0.483, 8.964e-7, 8.227e-7, 8.872e-7, 8.534e-7
0.484, 8.995e-7, 8.258e-7, 8.903e-7, 8.565e-7
0.485, 9.026e-7, 8.258e-7, 8.934e-7, 8.596e-7
0.486, 9.056e-7, 8.289e-7, 8.964e-7, 8.657e-7
0.487, 9.087e-7, 8.320e-7, 8.995e-7, 8.688e-7
0.488, 9.118e-7, 8.350e-7, 9.026e-7, 8.719e-7
0.489, 9.179e-7, 8.381e-7, 9.056e-7, 8.749e-7
0.490, 9.210e-7, 8.412e-7, 9.087e-7, 8.780e-7
0.491, 9.241e-7, 8.442e-7, 9.118e-7, 8.842e-7
0.492, 9.271e-7, 8.504e-7, 9.149e-7, 8.872e-7
0.493, 9.302e-7, 8.534e-7, 9.179e-7, 8.934e-7
0.494, 9.364e-7, 8.565e-7, 9.210e-7, 8.964e-7
0.495, 9.394e-7, 8.596e-7, 9.241e-7, 8.995e-7
0.496, 9.425e-7, 8.627e-7, 9.271e-7, 9.056e-7
0.497, 9.486e-7, 8.657e-7, 9.333e-7, 9.087e-7
0.498, 9.517e-7, 8.719e-7, 9.364e-7, 9.149e-7
0.499, 9.548e-7, 8.749e-7, 9.394e-7, 9.179e-7
0.500, 9.609e-7, 8.780e-7, 9.425e-7, 9.241e-7
0.501, 9.640e-7, 8.842e-7, 9.486e-7, 9.271e-7
0.502, 9.701e-7, 8.872e-7, 9.517e-7, 9.333e-7
0.503, 9.732e-7, 8.903e-7, 9.578e-7, 9.364e-7
0.504, 9.793e-7, 8.964e-7, 9.609e-7, 9.425e-7
0.505, 9.824e-7, 8.995e-7, 9.640e-7, 9.486e-7
0.506, 9.885e-7, 9.056e-7, 9.701e-7, 9.517e-7
0.507, 9.916e-7, 9.087e-7, 9.732e-7, 9.578e-7
0.508, 9.978e-7, 9.149e-7, 9.793e-7, 9.640e-7
0.509, 1.004e-6, 9.179e-7, 9.824e-7, 9.701e-7
0.510, 1.010e-6, 9.241e-7, 9.886e-7, 9.732e-7
0.511, 1.013e-6, 9.302e-7, 9.916e-7, 9.793e-7
0.512, 1.019e-6, 9.333e-7, 9.978e-7, 9.855e-7
0.513, 1.025e-6, 9.394e-7, 1.004e-6, 9.916e-7
0.514, 1.032e-6, 9.425e-7, 1.007e-6, 9.978e-7
0.515, 1.035e-6, 9.486e-7, 1.013e-6, 1.004e-6
0.516, 1.041e-6, 9.548e-7, 1.019e-6, 1.010e-6
0.517, 1.047e-6, 9.609e-7, 1.022e-6, 1.016e-6
0.518, 1.053e-6, 9.671e-7, 1.032e-6, 1.022e-6
0.519, 1.059e-6, 9.701e-7, 1.035e-6, 1.028e-6
0.520, 1.065e-6, 9.763e-7, 1.041e-6, 1.035e-6
0.521, 1.071e-6, 9.824e-7, 1.047e-6, 1.041e-6
0.522, 1.078e-6, 9.885e-7, 1.053e-6, 1.050e-6
0.523, 1.084e-6, 9.947e-7, 1.059e-6, 1.056e-6
0.524, 1.090e-6, 1.001e-6, 1.065e-6, 1.062e-6
0.525, 1.096e-6, 1.007e-6, 1.071e-6, 1.068e-6
0.526, 1.102e-6, 1.013e-6, 1.078e-6, 1.075e-6
0.527, 1.108e-6, 1.019e-6, 1.084e-6, 1.081e-6
0.528, 1.118e-6, 1.025e-6, 1.090e-6, 1.087e-6
0.529, 1.124e-6, 1.032e-6, 1.096e-6, 1.096e-6
0.530, 1.130e-6, 1.038e-6, 1.102e-6, 1.102e-6
0.531, 1.136e-6, 1.044e-6, 1.108e-6, 1.108e-6
0.532, 1.142e-6, 1.050e-6, 1.114e-6, 1.118e-6
0.533, 1.151e-6, 1.056e-6, 1.121e-6, 1.124e-6
0.534, 1.157e-6, 1.062e-6, 1.127e-6, 1.130e-6
0.535, 1.164e-6, 1.071e-6, 1.133e-6, 1.136e-6
0.536, 1.170e-6, 1.078e-6, 1.142e-6, 1.145e-6
0.537, 1.179e-6, 1.084e-6, 1.148e-6, 1.151e-6
0.538, 1.185e-6, 1.090e-6, 1.154e-6, 1.160e-6
0.539, 1.191e-6, 1.096e-6, 1.160e-6, 1.167e-6
0.540, 1.200e-6, 1.102e-6, 1.167e-6, 1.173e-6
0.541, 1.207e-6, 1.111e-6, 1.176e-6, 1.179e-6
0.542, 1.213e-6, 1.118e-6, 1.182e-6, 1.188e-6
0.543, 1.219e-6, 1.124e-6, 1.188e-6, 1.194e-6
0.544, 1.228e-6, 1.130e-6, 1.197e-6, 1.200e-6
0.545, 1.234e-6, 1.139e-6, 1.203e-6, 1.210e-6
0.546, 1.240e-6, 1.142e-6, 1.210e-6, 1.216e-6
0.547, 1.250e-6, 1.151e-6, 1.216e-6, 1.222e-6
0.548, 1.256e-6, 1.157e-6, 1.222e-6, 1.231e-6
0.549, 1.262e-6, 1.167e-6, 1.228e-6, 1.237e-6
0.550, 1.268e-6, 1.173e-6, 1.237e-6, 1.243e-6
0.551, 1.277e-6, 1.179e-6, 1.243e-6, 1.250e-6
0.552, 1.283e-6, 1.185e-6, 1.250e-6, 1.256e-6
0.553, 1.289e-6, 1.194e-6, 1.259e-6, 1.265e-6
0.554, 1.299e-6, 1.200e-6, 1.265e-6, 1.271e-6
0.555, 1.305e-6, 1.207e-6, 1.271e-6, 1.277e-6
0.556, 1.311e-6, 1.213e-6, 1.277e-6, 1.283e-6
0.557, 1.317e-6, 1.219e-6, 1.283e-6, 1.293e-6
0.558, 1.323e-6, 1.228e-6, 1.289e-6, 1.299e-6
0.559, 1.329e-6, 1.234e-6, 1.299e-6, 1.305e-6
0.560, 1.336e-6, 1.240e-6, 1.305e-6, 1.311e-6
0.561, 1.345e-6, 1.246e-6, 1.311e-6, 1.317e-6
0.562, 1.351e-6, 1.253e-6, 1.317e-6, 1.323e-6
0.563, 1.357e-6, 1.259e-6, 1.323e-6, 1.329e-6
0.564, 1.363e-6, 1.265e-6, 1.329e-6, 1.336e-6
0.565, 1.369e-6, 1.271e-6, 1.336e-6, 1.342e-6
0.566, 1.375e-6, 1.277e-6, 1.345e-6, 1.348e-6
0.567, 1.382e-6, 1.283e-6, 1.348e-6, 1.354e-6
0.568, 1.388e-6, 1.289e-6, 1.354e-6, 1.357e-6
0.569, 1.394e-6, 1.296e-6, 1.360e-6, 1.363e-6
0.570, 1.400e-6, 1.302e-6, 1.366e-6, 1.369e-6
0.571, 1.406e-6, 1.308e-6, 1.372e-6, 1.375e-6
0.572, 1.409e-6, 1.314e-6, 1.379e-6, 1.379e-6
0.573, 1.415e-6, 1.320e-6, 1.385e-6, 1.385e-6
0.574, 1.421e-6, 1.323e-6, 1.391e-6, 1.391e-6
0.575, 1.428e-6, 1.329e-6, 1.394e-6, 1.397e-6
0.576, 1.431e-6, 1.336e-6, 1.400e-6, 1.400e-6
0.577, 1.437e-6, 1.342e-6, 1.406e-6, 1.406e-6
0.578, 1.443e-6, 1.345e-6, 1.412e-6, 1.409e-6
0.579, 1.446e-6, 1.351e-6, 1.415e-6, 1.412e-6
0.580, 1.452e-6, 1.357e-6, 1.421e-6, 1.418e-6
0.581, 1.455e-6, 1.360e-6, 1.428e-6, 1.421e-6
0.582, 1.461e-6, 1.366e-6, 1.431e-6, 1.428e-6
0.583, 1.464e-6, 1.369e-6, 1.437e-6, 1.431e-6
0.584, 1.471e-6, 1.375e-6, 1.440e-6, 1.434e-6
0.585, 1.474e-6, 1.379e-6, 1.446e-6, 1.437e-6
0.586, 1.477e-6, 1.382e-6, 1.449e-6, 1.443e-6
0.587, 1.483e-6, 1.388e-6, 1.455e-6, 1.446e-6
0.588, 1.486e-6, 1.391e-6, 1.458e-6, 1.449e-6
0.589, 1.489e-6, 1.397e-6, 1.461e-6, 1.452e-6
0.590, 1.492e-6, 1.400e-6, 1.468e-6, 1.455e-6
0.591, 1.495e-6, 1.403e-6, 1.471e-6, 1.458e-6
0.592, 1.498e-6, 1.406e-6, 1.474e-6, 1.461e-6
0.593, 1.504e-6, 1.412e-6, 1.477e-6, 1.464e-6
0.594, 1.507e-6, 1.415e-6, 1.480e-6, 1.468e-6
0.595, 1.511e-6, 1.418e-6, 1.483e-6, 1.468e-6
0.596, 1.514e-6, 1.421e-6, 1.489e-6, 1.471e-6
0.597, 1.514e-6, 1.425e-6, 1.492e-6, 1.474e-6
0.598, 1.517e-6, 1.428e-6, 1.495e-6, 1.477e-6
0.599, 1.520e-6, 1.431e-6, 1.498e-6, 1.477e-6
0.600, 1.523e-6, 1.434e-6, 1.498e-6, 1.480e-6
0.601, 1.526e-6, 1.434e-6, 1.504e-6, 1.483e-6
0.602, 1.529e-6, 1.437e-6, 1.504e-6, 1.483e-6
0.603, 1.529e-6, 1.440e-6, 1.507e-6, 1.486e-6
0.604, 1.532e-6, 1.443e-6, 1.511e-6, 1.486e-6
0.605, 1.535e-6, 1.446e-6, 1.511e-6, 1.489e-6
0.606, 1.535e-6, 1.446e-6, 1.514e-6, 1.489e-6
0.607, 1.535e-6, 1.449e-6, 1.517e-6, 1.492e-6
0.608, 1.538e-6, 1.452e-6, 1.517e-6, 1.492e-6
0.609, 1.538e-6, 1.452e-6, 1.520e-6, 1.492e-6
0.610, 1.541e-6, 1.455e-6, 1.523e-6, 1.495e-6
0.611, 1.541e-6, 1.455e-6, 1.523e-6, 1.495e-6
0.612, 1.544e-6, 1.458e-6, 1.526e-6, 1.495e-6
0.613, 1.544e-6, 1.458e-6, 1.526e-6, 1.495e-6
0.614, 1.544e-6, 1.458e-6, 1.529e-6, 1.498e-6
0.615, 1.547e-6, 1.461e-6, 1.529e-6, 1.498e-6
0.616, 1.547e-6, 1.464e-6, 1.532e-6, 1.498e-6
0.617, 1.547e-6, 1.464e-6, 1.532e-6, 1.498e-6
0.618, 1.547e-6, 1.464e-6, 1.532e-6, 1.498e-6
0.619, 1.550e-6, 1.468e-6, 1.535e-6, 1.498e-6
0.620, 1.550e-6, 1.468e-6, 1.535e-6, 1.498e-6
0.621, 1.550e-6, 1.468e-6, 1.535e-6, 1.498e-6
0.622, 1.550e-6, 1.468e-6, 1.535e-6, 1.498e-6
0.623, 1.550e-6, 1.468e-6, 1.538e-6, 1.498e-6
0.624, 1.550e-6, 1.468e-6, 1.538e-6, 1.498e-6
0.625, 1.550e-6, 1.471e-6, 1.538e-6, 1.498e-6
0.626, 1.550e-6, 1.471e-6, 1.538e-6, 1.498e-6
0.627, 1.550e-6, 1.471e-6, 1.538e-6, 1.498e-6
0.628, 1.550e-6, 1.471e-6, 1.538e-6, 1.495e-6
0.629, 1.550e-6, 1.471e-6, 1.538e-6, 1.498e-6
0.630, 1.550e-6, 1.471e-6, 1.538e-6, 1.495e-6
0.631, 1.550e-6, 1.471e-6, 1.538e-6, 1.495e-6
0.632, 1.550e-6, 1.471e-6, 1.538e-6, 1.495e-6
0.633, 1.550e-6, 1.471e-6, 1.538e-6, 1.492e-6
0.634, 1.550e-6, 1.471e-6, 1.538e-6, 1.492e-6
0.635, 1.550e-6, 1.471e-6, 1.538e-6, 1.492e-6
0.636, 1.547e-6, 1.471e-6, 1.538e-6, 1.492e-6
0.637, 1.547e-6, 1.468e-6, 1.538e-6, 1.489e-6
0.638, 1.547e-6, 1.468e-6, 1.535e-6, 1.489e-6
0.639, 1.544e-6, 1.468e-6, 1.535e-6, 1.489e-6
0.640, 1.544e-6, 1.468e-6, 1.538e-6, 1.486e-6
0.641, 1.544e-6, 1.468e-6, 1.535e-6, 1.486e-6
0.642, 1.544e-6, 1.468e-6, 1.535e-6, 1.486e-6
0.643, 1.544e-6, 1.464e-6, 1.535e-6, 1.483e-6
0.644, 1.541e-6, 1.464e-6, 1.535e-6, 1.483e-6
0.645, 1.541e-6, 1.464e-6, 1.535e-6, 1.483e-6
0.646, 1.538e-6, 1.464e-6, 1.532e-6, 1.480e-6
0.647, 1.538e-6, 1.464e-6, 1.532e-6, 1.480e-6
0.648, 1.538e-6, 1.461e-6, 1.532e-6, 1.480e-6
0.649, 1.538e-6, 1.461e-6, 1.529e-6, 1.477e-6
0.650, 1.535e-6, 1.461e-6, 1.529e-6, 1.477e-6
0.651, 1.535e-6, 1.458e-6, 1.529e-6, 1.474e-6
0.652, 1.535e-6, 1.458e-6, 1.526e-6, 1.474e-6
0.653, 1.532e-6, 1.458e-6, 1.526e-6, 1.474e-6
0.654, 1.532e-6, 1.458e-6, 1.526e-6, 1.471e-6
0.655, 1.532e-6, 1.455e-6, 1.523e-6, 1.471e-6
0.656, 1.529e-6, 1.455e-6, 1.523e-6, 1.468e-6
0.657, 1.529e-6, 1.452e-6, 1.523e-6, 1.468e-6
0.658, 1.526e-6, 1.452e-6, 1.520e-6, 1.464e-6
0.659, 1.526e-6, 1.452e-6, 1.520e-6, 1.464e-6
0.660, 1.526e-6, 1.449e-6, 1.520e-6, 1.461e-6
0.661, 1.523e-6, 1.449e-6, 1.517e-6, 1.461e-6
0.662, 1.523e-6, 1.446e-6, 1.517e-6, 1.458e-6
0.663, 1.520e-6, 1.446e-6, 1.514e-6, 1.458e-6
0.664, 1.520e-6, 1.446e-6, 1.514e-6, 1.455e-6
0.665, 1.517e-6, 1.443e-6, 1.511e-6, 1.455e-6
0.666, 1.517e-6, 1.443e-6, 1.511e-6, 1.455e-6
0.667, 1.514e-6, 1.440e-6, 1.511e-6, 1.452e-6
0.668, 1.514e-6, 1.440e-6, 1.511e-6, 1.449e-6
0.669, 1.514e-6, 1.440e-6, 1.507e-6, 1.449e-6
0.670, 1.511e-6, 1.437e-6, 1.507e-6, 1.449e-6
0.671, 1.511e-6, 1.437e-6, 1.504e-6, 1.446e-6
0.672, 1.507e-6, 1.434e-6, 1.504e-6, 1.446e-6
0.673, 1.507e-6, 1.434e-6, 1.501e-6, 1.443e-6
0.674, 1.504e-6, 1.431e-6, 1.501e-6, 1.443e-6
0.675, 1.504e-6, 1.431e-6, 1.498e-6, 1.440e-6
0.676, 1.501e-6, 1.428e-6, 1.498e-6, 1.440e-6
0.677, 1.501e-6, 1.428e-6, 1.498e-6, 1.437e-6
0.678, 1.498e-6, 1.428e-6, 1.495e-6, 1.437e-6
0.679, 1.498e-6, 1.425e-6, 1.495e-6, 1.434e-6
0.680, 1.498e-6, 1.425e-6, 1.492e-6, 1.434e-6
0.681, 1.495e-6, 1.421e-6, 1.492e-6, 1.431e-6
0.682, 1.492e-6, 1.421e-6, 1.489e-6, 1.431e-6
0.683, 1.492e-6, 1.418e-6, 1.489e-6, 1.428e-6
0.684, 1.489e-6, 1.418e-6, 1.486e-6, 1.428e-6
0.685, 1.489e-6, 1.415e-6, 1.486e-6, 1.425e-6
0.686, 1.489e-6, 1.415e-6, 1.486e-6, 1.425e-6
0.687, 1.486e-6, 1.415e-6, 1.483e-6, 1.421e-6
0.688, 1.486e-6, 1.412e-6, 1.483e-6, 1.421e-6
0.689, 1.483e-6, 1.412e-6, 1.480e-6, 1.418e-6
0.690, 1.483e-6, 1.409e-6, 1.480e-6, 1.418e-6
0.691, 1.480e-6, 1.409e-6, 1.480e-6, 1.415e-6
0.692, 1.480e-6, 1.409e-6, 1.477e-6, 1.415e-6
0.693, 1.477e-6, 1.406e-6, 1.474e-6, 1.415e-6
0.694, 1.477e-6, 1.403e-6, 1.474e-6, 1.412e-6
0.695, 1.474e-6, 1.403e-6, 1.474e-6, 1.412e-6
0.696, 1.474e-6, 1.403e-6, 1.471e-6, 1.409e-6
0.697, 1.471e-6, 1.400e-6, 1.471e-6, 1.409e-6
0.698, 1.471e-6, 1.400e-6, 1.468e-6, 1.406e-6
0.699, 1.471e-6, 1.397e-6, 1.468e-6, 1.406e-6
0.700, 1.468e-6, 1.397e-6, 1.464e-6, 1.403e-6
0.701, 1.464e-6, 1.397e-6, 1.464e-6, 1.403e-6
0.702, 1.464e-6, 1.394e-6, 1.464e-6, 1.400e-6
0.703, 1.464e-6, 1.391e-6, 1.461e-6, 1.400e-6
0.704, 1.461e-6, 1.391e-6, 1.461e-6, 1.400e-6
0.705, 1.461e-6, 1.391e-6, 1.461e-6, 1.397e-6
0.706, 1.458e-6, 1.388e-6, 1.458e-6, 1.397e-6
0.707, 1.458e-6, 1.388e-6, 1.458e-6, 1.394e-6
0.708, 1.458e-6, 1.385e-6, 1.458e-6, 1.394e-6
0.709, 1.455e-6, 1.385e-6, 1.455e-6, 1.391e-6
0.710, 1.455e-6, 1.382e-6, 1.455e-6, 1.391e-6
0.711, 1.455e-6, 1.382e-6, 1.452e-6, 1.391e-6
0.712, 1.452e-6, 1.382e-6, 1.452e-6, 1.388e-6
0.713, 1.449e-6, 1.379e-6, 1.449e-6, 1.388e-6
0.714, 1.449e-6, 1.379e-6, 1.449e-6, 1.385e-6
0.715, 1.449e-6, 1.379e-6, 1.449e-6, 1.385e-6
0.716, 1.449e-6, 1.375e-6, 1.446e-6, 1.385e-6
0.717, 1.446e-6, 1.375e-6, 1.446e-6, 1.382e-6
0.718, 1.446e-6, 1.375e-6, 1.446e-6, 1.382e-6
0.719, 1.443e-6, 1.372e-6, 1.443e-6, 1.379e-6
0.720, 1.443e-6, 1.372e-6, 1.443e-6, 1.379e-6
0.721, 1.443e-6, 1.369e-6, 1.440e-6, 1.379e-6
0.722, 1.440e-6, 1.369e-6, 1.440e-6, 1.379e-6
0.723, 1.440e-6, 1.369e-6, 1.440e-6, 1.375e-6
0.724, 1.437e-6, 1.366e-6, 1.440e-6, 1.375e-6
0.725, 1.437e-6, 1.366e-6, 1.437e-6, 1.372e-6
0.726, 1.434e-6, 1.366e-6, 1.437e-6, 1.372e-6
0.727, 1.434e-6, 1.363e-6, 1.437e-6, 1.372e-6
0.728, 1.434e-6, 1.363e-6, 1.437e-6, 1.369e-6
0.729, 1.434e-6, 1.363e-6, 1.434e-6, 1.369e-6
0.730, 1.431e-6, 1.360e-6, 1.434e-6, 1.369e-6
0.731, 1.431e-6, 1.360e-6, 1.434e-6, 1.369e-6
0.732, 1.431e-6, 1.360e-6, 1.431e-6, 1.366e-6
0.733, 1.428e-6, 1.357e-6, 1.431e-6, 1.366e-6
0.734, 1.428e-6, 1.357e-6, 1.431e-6, 1.363e-6
0.735, 1.428e-6, 1.354e-6, 1.431e-6, 1.366e-6
0.736, 1.428e-6, 1.354e-6, 1.428e-6, 1.363e-6
0.737, 1.425e-6, 1.354e-6, 1.428e-6, 1.363e-6
0.738, 1.425e-6, 1.354e-6, 1.428e-6, 1.363e-6
0.739, 1.425e-6, 1.354e-6, 1.428e-6, 1.360e-6
0.740, 1.421e-6, 1.351e-6, 1.428e-6, 1.360e-6
0.741, 1.421e-6, 1.351e-6, 1.425e-6, 1.360e-6
0.742, 1.421e-6, 1.351e-6, 1.425e-6, 1.360e-6
0.743, 1.421e-6, 1.351e-6, 1.425e-6, 1.360e-6
0.744, 1.421e-6, 1.351e-6, 1.425e-6, 1.357e-6
0.745, 1.418e-6, 1.348e-6, 1.425e-6, 1.357e-6
0.746, 1.418e-6, 1.348e-6, 1.421e-6, 1.357e-6
0.747, 1.418e-6, 1.348e-6, 1.421e-6, 1.357e-6
0.748, 1.418e-6, 1.348e-6, 1.421e-6, 1.357e-6
0.749, 1.415e-6, 1.348e-6, 1.421e-6, 1.354e-6
0.750, 1.415e-6, 1.345e-6, 1.421e-6, 1.354e-6
0.751, 1.415e-6, 1.345e-6, 1.421e-6, 1.354e-6
0.752, 1.415e-6, 1.345e-6, 1.421e-6, 1.354e-6
0.753, 1.415e-6, 1.345e-6, 1.421e-6, 1.354e-6
0.754, 1.412e-6, 1.345e-6, 1.421e-6, 1.354e-6
0.755, 1.412e-6, 1.342e-6, 1.418e-6, 1.354e-6
0.756, 1.412e-6, 1.342e-6, 1.418e-6, 1.354e-6
0.757, 1.412e-6, 1.342e-6, 1.421e-6, 1.354e-6
0.758, 1.412e-6, 1.342e-6, 1.418e-6, 1.351e-6
0.759, 1.412e-6, 1.342e-6, 1.418e-6, 1.351e-6
0.760, 1.412e-6, 1.342e-6, 1.418e-6, 1.351e-6
0.761, 1.412e-6, 1.342e-6, 1.418e-6, 1.351e-6
0.762, 1.409e-6, 1.342e-6, 1.421e-6, 1.351e-6
0.763, 1.409e-6, 1.339e-6, 1.418e-6, 1.351e-6
0.764, 1.412e-6, 1.339e-6, 1.421e-6, 1.351e-6
0.765, 1.409e-6, 1.339e-6, 1.421e-6, 1.351e-6
0.766, 1.409e-6, 1.342e-6, 1.418e-6, 1.351e-6
0.767, 1.409e-6, 1.339e-6, 1.421e-6, 1.351e-6
0.768, 1.409e-6, 1.339e-6, 1.421e-6, 1.351e-6
0.769, 1.409e-6, 1.339e-6, 1.421e-6, 1.351e-6
0.770, 1.409e-6, 1.339e-6, 1.421e-6, 1.351e-6
0.771, 1.409e-6, 1.339e-6, 1.421e-6, 1.351e-6
0.772, 1.409e-6, 1.339e-6, 1.421e-6, 1.351e-6
0.773, 1.409e-6, 1.339e-6, 1.421e-6, 1.351e-6
0.774, 1.409e-6, 1.339e-6, 1.425e-6, 1.351e-6
0.775, 1.409e-6, 1.339e-6, 1.425e-6, 1.354e-6
0.776, 1.409e-6, 1.342e-6, 1.425e-6, 1.354e-6
0.777, 1.409e-6, 1.339e-6, 1.428e-6, 1.354e-6
0.778, 1.412e-6, 1.342e-6, 1.428e-6, 1.354e-6
0.779, 1.412e-6, 1.342e-6, 1.425e-6, 1.354e-6
0.780, 1.412e-6, 1.342e-6, 1.428e-6, 1.354e-6
0.781, 1.412e-6, 1.342e-6, 1.428e-6, 1.354e-6
0.782, 1.412e-6, 1.342e-6, 1.431e-6, 1.357e-6
0.783, 1.412e-6, 1.345e-6, 1.431e-6, 1.357e-6
0.784, 1.412e-6, 1.342e-6, 1.431e-6, 1.357e-6
0.785, 1.415e-6, 1.345e-6, 1.434e-6, 1.357e-6
0.786, 1.415e-6, 1.345e-6, 1.434e-6, 1.357e-6
0.787, 1.415e-6, 1.345e-6, 1.434e-6, 1.360e-6
0.788, 1.415e-6, 1.345e-6, 1.437e-6, 1.360e-6
0.789, 1.418e-6, 1.348e-6, 1.437e-6, 1.360e-6
0.790, 1.418e-6, 1.348e-6, 1.440e-6, 1.360e-6
0.791, 1.418e-6, 1.348e-6, 1.440e-6, 1.363e-6
0.792, 1.418e-6, 1.348e-6, 1.443e-6, 1.363e-6
0.793, 1.418e-6, 1.348e-6, 1.443e-6, 1.363e-6
0.794, 1.421e-6, 1.351e-6, 1.446e-6, 1.366e-6
0.795, 1.421e-6, 1.351e-6, 1.446e-6, 1.366e-6
0.796, 1.421e-6, 1.351e-6, 1.449e-6, 1.369e-6
0.797, 1.425e-6, 1.354e-6, 1.452e-6, 1.369e-6
0.798, 1.425e-6, 1.354e-6, 1.452e-6, 1.369e-6
0.799, 1.428e-6, 1.354e-6, 1.455e-6, 1.372e-6
0.800, 1.428e-6, 1.357e-6, 1.455e-6, 1.372e-6
0.801, 1.428e-6, 1.357e-6, 1.458e-6, 1.375e-6
0.802, 1.431e-6, 1.360e-6, 1.461e-6, 1.375e-6
0.803, 1.431e-6, 1.360e-6, 1.461e-6, 1.379e-6
0.804, 1.434e-6, 1.363e-6, 1.464e-6, 1.379e-6
0.805, 1.434e-6, 1.363e-6, 1.468e-6, 1.382e-6
0.806, 1.437e-6, 1.366e-6, 1.471e-6, 1.382e-6
0.807, 1.437e-6, 1.366e-6, 1.471e-6, 1.385e-6
0.808, 1.440e-6, 1.369e-6, 1.474e-6, 1.388e-6
0.809, 1.440e-6, 1.369e-6, 1.477e-6, 1.388e-6
0.810, 1.443e-6, 1.372e-6, 1.480e-6, 1.391e-6
0.811, 1.443e-6, 1.375e-6, 1.483e-6, 1.391e-6
0.812, 1.446e-6, 1.375e-6, 1.486e-6, 1.394e-6
0.813, 1.449e-6, 1.379e-6, 1.489e-6, 1.397e-6
0.814, 1.452e-6, 1.379e-6, 1.492e-6, 1.400e-6
0.815, 1.452e-6, 1.382e-6, 1.495e-6, 1.400e-6
0.816, 1.455e-6, 1.382e-6, 1.498e-6, 1.403e-6
0.817, 1.455e-6, 1.388e-6, 1.501e-6, 1.406e-6
0.818, 1.458e-6, 1.388e-6, 1.504e-6, 1.406e-6
0.819, 1.461e-6, 1.391e-6, 1.507e-6, 1.412e-6
0.820, 1.464e-6, 1.394e-6, 1.511e-6, 1.412e-6
0.821, 1.468e-6, 1.397e-6, 1.514e-6, 1.415e-6
0.822, 1.468e-6, 1.397e-6, 1.517e-6, 1.418e-6
0.823, 1.471e-6, 1.400e-6, 1.523e-6, 1.421e-6
0.824, 1.474e-6, 1.403e-6, 1.526e-6, 1.425e-6
0.825, 1.477e-6, 1.406e-6, 1.529e-6, 1.428e-6
0.826, 1.480e-6, 1.409e-6, 1.535e-6, 1.431e-6
0.827, 1.483e-6, 1.412e-6, 1.538e-6, 1.434e-6
0.828, 1.486e-6, 1.415e-6, 1.541e-6, 1.437e-6
0.829, 1.489e-6, 1.418e-6, 1.547e-6, 1.440e-6
0.830, 1.492e-6, 1.421e-6, 1.550e-6, 1.443e-6
0.831, 1.492e-6, 1.421e-6, 1.557e-6, 1.446e-6
0.832, 1.498e-6, 1.428e-6, 1.560e-6, 1.449e-6
0.833, 1.501e-6, 1.431e-6, 1.563e-6, 1.452e-6
0.834, 1.504e-6, 1.434e-6, 1.569e-6, 1.455e-6
0.835, 1.507e-6, 1.437e-6, 1.575e-6, 1.461e-6
0.836, 1.511e-6, 1.440e-6, 1.578e-6, 1.464e-6
0.837, 1.514e-6, 1.443e-6, 1.584e-6, 1.468e-6
0.838, 1.517e-6, 1.446e-6, 1.587e-6, 1.471e-6
0.839, 1.520e-6, 1.452e-6, 1.593e-6, 1.474e-6
0.840, 1.526e-6, 1.455e-6, 1.600e-6, 1.480e-6
0.841, 1.529e-6, 1.458e-6, 1.606e-6, 1.483e-6
0.842, 1.535e-6, 1.461e-6, 1.612e-6, 1.489e-6
0.843, 1.538e-6, 1.468e-6, 1.615e-6, 1.492e-6
0.844, 1.541e-6, 1.471e-6, 1.621e-6, 1.495e-6
0.845, 1.544e-6, 1.474e-6, 1.627e-6, 1.501e-6
0.846, 1.550e-6, 1.480e-6, 1.633e-6, 1.504e-6
0.847, 1.554e-6, 1.483e-6, 1.639e-6, 1.511e-6
0.848, 1.560e-6, 1.486e-6, 1.646e-6, 1.514e-6
0.849, 1.563e-6, 1.492e-6, 1.652e-6, 1.520e-6
0.850, 1.569e-6, 1.495e-6, 1.658e-6, 1.523e-6
0.851, 1.572e-6, 1.501e-6, 1.664e-6, 1.529e-6
0.852, 1.578e-6, 1.507e-6, 1.670e-6, 1.535e-6
0.853, 1.581e-6, 1.511e-6, 1.679e-6, 1.538e-6
0.854, 1.587e-6, 1.517e-6, 1.686e-6, 1.544e-6
0.855, 1.590e-6, 1.520e-6, 1.692e-6, 1.547e-6
0.856, 1.597e-6, 1.526e-6, 1.698e-6, 1.554e-6
0.857, 1.603e-6, 1.532e-6, 1.704e-6, 1.560e-6
0.858, 1.606e-6, 1.535e-6, 1.713e-6, 1.566e-6
0.859, 1.612e-6, 1.541e-6, 1.722e-6, 1.572e-6
0.860, 1.618e-6, 1.547e-6, 1.729e-6, 1.575e-6
0.861, 1.624e-6, 1.554e-6, 1.735e-6, 1.581e-6
0.862, 1.630e-6, 1.560e-6, 1.744e-6, 1.587e-6
0.863, 1.633e-6, 1.563e-6, 1.753e-6, 1.593e-6
0.864, 1.639e-6, 1.569e-6, 1.759e-6, 1.600e-6
0.865, 1.646e-6, 1.575e-6, 1.768e-6, 1.606e-6
0.866, 1.652e-6, 1.581e-6, 1.775e-6, 1.612e-6
0.867, 1.658e-6, 1.587e-6, 1.784e-6, 1.618e-6
0.868, 1.664e-6, 1.593e-6, 1.793e-6, 1.624e-6
0.869, 1.670e-6, 1.600e-6, 1.799e-6, 1.630e-6
0.870, 1.676e-6, 1.606e-6, 1.808e-6, 1.636e-6
0.871, 1.682e-6, 1.612e-6, 1.818e-6, 1.643e-6
0.872, 1.689e-6, 1.618e-6, 1.827e-6, 1.649e-6
0.873, 1.695e-6, 1.624e-6, 1.836e-6, 1.658e-6
0.874, 1.701e-6, 1.633e-6, 1.845e-6, 1.664e-6
0.875, 1.707e-6, 1.639e-6, 1.854e-6, 1.670e-6
0.876, 1.713e-6, 1.646e-6, 1.864e-6, 1.676e-6
0.877, 1.722e-6, 1.652e-6, 1.873e-6, 1.686e-6
0.878, 1.729e-6, 1.661e-6, 1.885e-6, 1.692e-6
0.879, 1.735e-6, 1.667e-6, 1.894e-6, 1.698e-6
0.880, 1.744e-6, 1.673e-6, 1.904e-6, 1.707e-6
0.881, 1.750e-6, 1.682e-6, 1.913e-6, 1.713e-6
0.882, 1.759e-6, 1.689e-6, 1.925e-6, 1.722e-6
0.883, 1.765e-6, 1.695e-6, 1.934e-6, 1.729e-6
0.884, 1.772e-6, 1.704e-6, 1.943e-6, 1.738e-6
0.885, 1.781e-6, 1.710e-6, 1.953e-6, 1.744e-6
0.886, 1.787e-6, 1.719e-6, 1.965e-6, 1.753e-6
0.887, 1.796e-6, 1.725e-6, 1.977e-6, 1.762e-6
0.888, 1.805e-6, 1.735e-6, 1.986e-6, 1.768e-6
0.889, 1.811e-6, 1.744e-6, 1.999e-6, 1.778e-6
0.890, 1.821e-6, 1.750e-6, 2.008e-6, 1.787e-6
0.891, 1.827e-6, 1.759e-6, 2.020e-6, 1.793e-6
0.892, 1.836e-6, 1.768e-6, 2.033e-6, 1.802e-6
0.893, 1.845e-6, 1.778e-6, 2.045e-6, 1.811e-6
0.894, 1.854e-6, 1.787e-6, 2.054e-6, 1.821e-6
0.895, 1.861e-6, 1.793e-6, 2.069e-6, 1.830e-6
0.896, 1.870e-6, 1.802e-6, 2.082e-6, 1.839e-6
0.897, 1.879e-6, 1.811e-6, 2.094e-6, 1.848e-6
0.898, 1.888e-6, 1.821e-6, 2.106e-6, 1.858e-6
0.899, 1.897e-6, 1.830e-6, 2.118e-6, 1.867e-6
0.900, 1.904e-6, 1.827e-6, 2.106e-6, 1.845e-6
0.899, 1.870e-6, 1.796e-6, 2.063e-6, 1.808e-6
0.898, 1.833e-6, 1.762e-6, 2.020e-6, 1.778e-6
0.897, 1.802e-6, 1.735e-6, 1.983e-6, 1.747e-6
0.896, 1.775e-6, 1.707e-6, 1.947e-6, 1.719e-6
0.895, 1.747e-6, 1.679e-6, 1.913e-6, 1.692e-6
0.894, 1.722e-6, 1.658e-6, 1.882e-6, 1.667e-6
0.893, 1.698e-6, 1.633e-6, 1.851e-6, 1.643e-6
0.892, 1.676e-6, 1.612e-6, 1.824e-6, 1.621e-6
0.891, 1.655e-6, 1.590e-6, 1.796e-6, 1.600e-6
0.890, 1.636e-6, 1.569e-6, 1.772e-6, 1.578e-6
0.889, 1.615e-6, 1.550e-6, 1.747e-6, 1.560e-6
0.888, 1.597e-6, 1.532e-6, 1.722e-6, 1.541e-6
0.887, 1.578e-6, 1.514e-6, 1.698e-6, 1.523e-6
0.886, 1.560e-6, 1.498e-6, 1.676e-6, 1.504e-6
0.885, 1.544e-6, 1.480e-6, 1.655e-6, 1.486e-6
0.884, 1.526e-6, 1.464e-6, 1.633e-6, 1.471e-6
0.883, 1.511e-6, 1.449e-6, 1.612e-6, 1.455e-6
0.882, 1.495e-6, 1.434e-6, 1.593e-6, 1.440e-6
0.881, 1.480e-6, 1.418e-6, 1.575e-6, 1.425e-6
0.880, 1.468e-6, 1.403e-6, 1.557e-6, 1.409e-6
0.879, 1.455e-6, 1.391e-6, 1.538e-6, 1.397e-6
0.878, 1.440e-6, 1.379e-6, 1.523e-6, 1.385e-6
0.877, 1.428e-6, 1.366e-6, 1.507e-6, 1.372e-6
0.876, 1.415e-6, 1.354e-6, 1.489e-6, 1.360e-6
0.875, 1.403e-6, 1.342e-6, 1.474e-6, 1.348e-6
0.874, 1.391e-6, 1.329e-6, 1.458e-6, 1.336e-6
0.873, 1.382e-6, 1.320e-6, 1.446e-6, 1.323e-6
0.872, 1.369e-6, 1.308e-6, 1.431e-6, 1.314e-6
0.871, 1.360e-6, 1.299e-6, 1.418e-6, 1.302e-6
0.870, 1.348e-6, 1.286e-6, 1.403e-6, 1.293e-6
0.869, 1.339e-6, 1.277e-6, 1.391e-6, 1.283e-6
0.868, 1.329e-6, 1.268e-6, 1.379e-6, 1.271e-6
0.867, 1.320e-6, 1.259e-6, 1.366e-6, 1.262e-6
0.866, 1.311e-6, 1.250e-6, 1.354e-6, 1.256e-6
0.865, 1.302e-6, 1.240e-6, 1.345e-6, 1.246e-6
0.864, 1.293e-6, 1.231e-6, 1.332e-6, 1.237e-6
0.863, 1.286e-6, 1.222e-6, 1.320e-6, 1.228e-6
0.862, 1.277e-6, 1.216e-6, 1.311e-6, 1.219e-6
0.861, 1.268e-6, 1.207e-6, 1.302e-6, 1.213e-6
0.860, 1.262e-6, 1.200e-6, 1.293e-6, 1.203e-6
0.859, 1.253e-6, 1.191e-6, 1.280e-6, 1.197e-6
0.858, 1.246e-6, 1.185e-6, 1.271e-6, 1.188e-6
0.857, 1.237e-6, 1.179e-6, 1.262e-6, 1.182e-6
0.856, 1.231e-6, 1.170e-6, 1.256e-6, 1.176e-6
0.855, 1.225e-6, 1.164e-6, 1.246e-6, 1.170e-6
0.854, 1.219e-6, 1.157e-6, 1.237e-6, 1.160e-6
0.853, 1.213e-6, 1.151e-6, 1.228e-6, 1.154e-6
0.852, 1.207e-6, 1.145e-6, 1.219e-6, 1.148e-6
0.851, 1.200e-6, 1.139e-6, 1.213e-6, 1.142e-6
0.850, 1.194e-6, 1.133e-6, 1.203e-6, 1.136e-6
0.849, 1.188e-6, 1.127e-6, 1.197e-6, 1.130e-6
0.848, 1.182e-6, 1.121e-6, 1.191e-6, 1.127e-6
0.847, 1.176e-6, 1.114e-6, 1.182e-6, 1.118e-6
0.846, 1.170e-6, 1.108e-6, 1.176e-6, 1.114e-6
0.845, 1.167e-6, 1.105e-6, 1.170e-6, 1.108e-6
0.844, 1.160e-6, 1.099e-6, 1.164e-6, 1.102e-6
0.843, 1.154e-6, 1.093e-6, 1.154e-6, 1.099e-6
0.842, 1.151e-6, 1.090e-6, 1.148e-6, 1.093e-6
0.841, 1.145e-6, 1.084e-6, 1.142e-6, 1.090e-6
0.840, 1.142e-6, 1.081e-6, 1.136e-6, 1.084e-6
0.839, 1.136e-6, 1.075e-6, 1.130e-6, 1.081e-6
0.838, 1.133e-6, 1.071e-6, 1.124e-6, 1.075e-6
0.837, 1.127e-6, 1.065e-6, 1.121e-6, 1.071e-6
0.836, 1.124e-6, 1.062e-6, 1.114e-6, 1.065e-6
0.835, 1.118e-6, 1.056e-6, 1.108e-6, 1.062e-6
0.834, 1.114e-6, 1.053e-6, 1.102e-6, 1.059e-6
0.833, 1.111e-6, 1.050e-6, 1.099e-6, 1.053e-6
0.832, 1.105e-6, 1.047e-6, 1.093e-6, 1.050e-6
0.831, 1.102e-6, 1.041e-6, 1.087e-6, 1.044e-6
0.830, 1.099e-6, 1.038e-6, 1.084e-6, 1.041e-6
0.829, 1.093e-6, 1.035e-6, 1.078e-6, 1.038e-6
0.828, 1.090e-6, 1.028e-6, 1.071e-6, 1.035e-6
0.827, 1.087e-6, 1.025e-6, 1.068e-6, 1.032e-6
0.826, 1.084e-6, 1.022e-6, 1.065e-6, 1.028e-6
0.825, 1.081e-6, 1.019e-6, 1.059e-6, 1.022e-6
0.824, 1.078e-6, 1.016e-6, 1.056e-6, 1.019e-6
0.823, 1.075e-6, 1.013e-6, 1.050e-6, 1.016e-6
0.822, 1.068e-6, 1.010e-6, 1.047e-6, 1.013e-6
0.821, 1.068e-6, 1.007e-6, 1.044e-6, 1.010e-6
0.820, 1.065e-6, 1.004e-6, 1.038e-6, 1.007e-6
0.819, 1.059e-6, 9.978e-7, 1.035e-6, 1.004e-6
0.818, 1.056e-6, 9.947e-7, 1.032e-6, 1.001e-6
0.817, 1.056e-6, 9.916e-7, 1.025e-6, 9.978e-7
0.816, 1.050e-6, 9.916e-7, 1.022e-6, 9.947e-7
0.815, 1.047e-6, 9.885e-7, 1.019e-6, 9.916e-7
0.814, 1.047e-6, 9.855e-7, 1.016e-6, 9.885e-7
0.813, 1.044e-6, 9.824e-7, 1.010e-6, 9.855e-7
0.812, 1.041e-6, 9.763e-7, 1.007e-6, 9.824e-7
0.811, 1.038e-6, 9.763e-7, 1.004e-6, 9.793e-7
0.810, 1.035e-6, 9.732e-7, 1.001e-6, 9.763e-7
0.809, 1.032e-6, 9.701e-7, 9.978e-7, 9.732e-7
0.808, 1.028e-6, 9.671e-7, 9.947e-7, 9.732e-7
0.807, 1.028e-6, 9.640e-7, 9.916e-7, 9.701e-7
0.806, 1.022e-6, 9.609e-7, 9.885e-7, 9.671e-7
0.805, 1.019e-6, 9.609e-7, 9.855e-7, 9.640e-7
0.804, 1.019e-6, 9.578e-7, 9.824e-7, 9.609e-7
0.803, 1.016e-6, 9.548e-7, 9.793e-7, 9.609e-7
0.802, 1.013e-6, 9.548e-7, 9.763e-7, 9.578e-7
0.801, 1.010e-6, 9.517e-7, 9.732e-7, 9.548e-7
0.800, 1.010e-6, 9.486e-7, 9.701e-7, 9.517e-7
0.799, 1.007e-6, 9.456e-7, 9.671e-7, 9.517e-7
0.798, 1.004e-6, 9.456e-7, 9.640e-7, 9.486e-7
0.797, 1.004e-6, 9.425e-7, 9.609e-7, 9.456e-7
0.796, 1.001e-6, 9.394e-7, 9.578e-7, 9.425e-7
0.795, 9.978e-7, 9.364e-7, 9.548e-7, 9.425e-7
0.794, 9.947e-7, 9.333e-7, 9.517e-7, 9.394e-7
0.793, 9.947e-7, 9.333e-7, 9.486e-7, 9.364e-7
0.792, 9.916e-7, 9.302e-7, 9.486e-7, 9.364e-7
0.791, 9.885e-7, 9.302e-7, 9.456e-7, 9.333e-7
0.790, 9.855e-7, 9.271e-7, 9.425e-7, 9.333e-7
0.789, 9.855e-7, 9.241e-7, 9.394e-7, 9.302e-7
0.788, 9.824e-7, 9.241e-7, 9.364e-7, 9.271e-7
0.787, 9.824e-7, 9.210e-7, 9.333e-7, 9.241e-7
0.786, 9.793e-7, 9.179e-7, 9.302e-7, 9.241e-7
0.785, 9.763e-7, 9.179e-7, 9.302e-7, 9.210e-7
0.784, 9.763e-7, 9.149e-7, 9.271e-7, 9.210e-7
0.783, 9.732e-7, 9.118e-7, 9.241e-7, 9.179e-7
0.782, 9.732e-7, 9.118e-7, 9.210e-7, 9.149e-7
0.781, 9.701e-7, 9.087e-7, 9.210e-7, 9.118e-7
0.780, 9.671e-7, 9.056e-7, 9.179e-7, 9.118e-7
0.779, 9.671e-7, 9.056e-7, 9.149e-7, 9.087e-7
0.778, 9.640e-7, 9.026e-7, 9.118e-7, 9.087e-7
0.777, 9.609e-7, 8.995e-7, 9.087e-7, 9.056e-7
0.776, 9.609e-7, 8.995e-7, 9.087e-7, 9.056e-7
0.775, 9.578e-7, 8.964e-7, 9.056e-7, 9.026e-7
0.774, 9.578e-7, 8.964e-7, 9.026e-7, 8.995e-7
0.773, 9.548e-7, 8.934e-7, 9.026e-7, 8.995e-7
0.772, 9.517e-7, 8.903e-7, 8.995e-7, 8.964e-7
0.771, 9.517e-7, 8.903e-7, 8.964e-7, 8.934e-7
0.770, 9.486e-7, 8.872e-7, 8.934e-7, 8.934e-7
0.769, 9.486e-7, 8.872e-7, 8.934e-7, 8.903e-7
0.768, 9.456e-7, 8.842e-7, 8.903e-7, 8.903e-7
0.767, 9.425e-7, 8.811e-7, 8.903e-7, 8.872e-7
0.766, 9.425e-7, 8.811e-7, 8.842e-7, 8.872e-7
0.765, 9.394e-7, 8.780e-7, 8.842e-7, 8.842e-7
0.764, 9.394e-7, 8.780e-7, 8.811e-7, 8.811e-7
0.763, 9.363e-7, 8.749e-7, 8.780e-7, 8.811e-7
0.762, 9.363e-7, 8.749e-7, 8.780e-7, 8.780e-7
0.761, 9.333e-7, 8.719e-7, 8.749e-7, 8.780e-7
0.760, 9.333e-7, 8.719e-7, 8.719e-7, 8.749e-7
0.759, 9.302e-7, 8.688e-7, 8.719e-7, 8.749e-7
0.758, 9.271e-7, 8.657e-7, 8.688e-7, 8.719e-7
0.757, 9.271e-7, 8.657e-7, 8.657e-7, 8.719e-7
0.756, 9.241e-7, 8.627e-7, 8.657e-7, 8.688e-7
0.755, 9.241e-7, 8.627e-7, 8.627e-7, 8.688e-7
0.754, 9.210e-7, 8.596e-7, 8.596e-7, 8.657e-7
0.753, 9.210e-7, 8.596e-7, 8.596e-7, 8.657e-7
0.752, 9.179e-7, 8.565e-7, 8.565e-7, 8.627e-7
0.751, 9.149e-7, 8.565e-7, 8.534e-7, 8.596e-7
0.750, 9.149e-7, 8.534e-7, 8.534e-7, 8.596e-7
0.749, 9.118e-7, 8.534e-7, 8.504e-7, 8.565e-7
0.748, 9.118e-7, 8.504e-7, 8.473e-7, 8.565e-7
0.747, 9.118e-7, 8.473e-7, 8.473e-7, 8.534e-7
0.746, 9.087e-7, 8.473e-7, 8.442e-7, 8.534e-7
0.745, 9.056e-7, 8.442e-7, 8.412e-7, 8.504e-7
0.744, 9.056e-7, 8.442e-7, 8.412e-7, 8.504e-7
0.743, 9.026e-7, 8.442e-7, 8.381e-7, 8.473e-7
0.742, 9.026e-7, 8.412e-7, 8.350e-7, 8.473e-7
0.741, 8.995e-7, 8.381e-7, 8.350e-7, 8.442e-7
0.740, 8.995e-7, 8.381e-7, 8.320e-7, 8.442e-7
0.739, 8.964e-7, 8.350e-7, 8.289e-7, 8.412e-7
0.738, 8.934e-7, 8.350e-7, 8.289e-7, 8.381e-7
0.737, 8.934e-7, 8.320e-7, 8.258e-7, 8.381e-7
0.736, 8.903e-7, 8.320e-7, 8.258e-7, 8.350e-7
0.735, 8.903e-7, 8.289e-7, 8.227e-7, 8.350e-7
0.734, 8.872e-7, 8.258e-7, 8.197e-7, 8.320e-7
0.733, 8.872e-7, 8.258e-7, 8.197e-7, 8.320e-7
0.732, 8.842e-7, 8.227e-7, 8.166e-7, 8.289e-7
0.731, 8.842e-7, 8.227e-7, 8.135e-7, 8.289e-7
0.730, 8.811e-7, 8.197e-7, 8.135e-7, 8.258e-7
0.729, 8.811e-7, 8.197e-7, 8.105e-7, 8.258e-7
0.728, 8.780e-7, 8.197e-7, 8.074e-7, 8.227e-7
0.727, 8.780e-7, 8.166e-7, 8.074e-7, 8.227e-7
0.726, 8.749e-7, 8.135e-7, 8.043e-7, 8.197e-7
0.725, 8.719e-7, 8.135e-7, 8.043e-7, 8.197e-7
0.724, 8.719e-7, 8.105e-7, 8.012e-7, 8.166e-7
0.723, 8.688e-7, 8.105e-7, 7.982e-7, 8.166e-7
0.722, 8.688e-7, 8.074e-7, 7.982e-7, 8.135e-7
0.721, 8.688e-7, 8.074e-7, 7.951e-7, 8.135e-7
0.720, 8.657e-7, 8.043e-7, 7.920e-7, 8.105e-7
0.719, 8.657e-7, 8.043e-7, 7.920e-7, 8.074e-7
0.718, 8.627e-7, 8.012e-7, 7.890e-7, 8.074e-7
0.717, 8.596e-7, 8.012e-7, 7.859e-7, 8.074e-7
0.716, 8.596e-7, 7.982e-7, 7.859e-7, 8.043e-7
0.715, 8.565e-7, 7.982e-7, 7.828e-7, 8.043e-7
0.714, 8.565e-7, 7.951e-7, 7.828e-7, 8.012e-7
0.713, 8.534e-7, 7.951e-7, 7.798e-7, 7.982e-7
0.712, 8.534e-7, 7.920e-7, 7.798e-7, 7.982e-7
0.711, 8.504e-7, 7.890e-7, 7.767e-7, 7.982e-7
0.710, 8.504e-7, 7.890e-7, 7.736e-7, 7.951e-7
0.709, 8.473e-7, 7.859e-7, 7.736e-7, 7.920e-7
0.708, 8.473e-7, 7.859e-7, 7.705e-7, 7.920e-7
0.707, 8.442e-7, 7.828e-7, 7.675e-7, 7.890e-7
0.706, 8.412e-7, 7.828e-7, 7.675e-7, 7.890e-7
0.705, 8.412e-7, 7.798e-7, 7.644e-7, 7.859e-7
0.704, 8.381e-7, 7.798e-7, 7.644e-7, 7.859e-7
0.703, 8.381e-7, 7.767e-7, 7.613e-7, 7.828e-7
0.702, 8.350e-7, 7.767e-7, 7.583e-7, 7.828e-7
0.701, 8.350e-7, 7.736e-7, 7.583e-7, 7.798e-7
0.700, 8.320e-7, 7.736e-7, 7.552e-7, 7.798e-7
0.699, 8.320e-7, 7.705e-7, 7.521e-7, 7.767e-7
0.698, 8.289e-7, 7.705e-7, 7.521e-7, 7.767e-7
0.697, 8.289e-7, 7.675e-7, 7.491e-7, 7.736e-7
0.696, 8.258e-7, 7.675e-7, 7.491e-7, 7.736e-7
0.695, 8.258e-7, 7.644e-7, 7.460e-7, 7.705e-7
0.694, 8.227e-7, 7.613e-7, 7.429e-7, 7.705e-7
0.693, 8.227e-7, 7.613e-7, 7.429e-7, 7.675e-7
0.692, 8.197e-7, 7.583e-7, 7.398e-7, 7.675e-7
0.691, 8.166e-7, 7.583e-7, 7.368e-7, 7.644e-7
0.690, 8.166e-7, 7.552e-7, 7.368e-7, 7.644e-7
0.689, 8.166e-7, 7.552e-7, 7.337e-7, 7.613e-7
0.688, 8.135e-7, 7.521e-7, 7.337e-7, 7.583e-7
0.687, 8.105e-7, 7.491e-7, 7.306e-7, 7.583e-7
0.686, 8.105e-7, 7.491e-7, 7.276e-7, 7.552e-7
0.685, 8.074e-7, 7.460e-7, 7.276e-7, 7.552e-7
0.684, 8.074e-7, 7.460e-7, 7.245e-7, 7.521e-7
0.683, 8.043e-7, 7.429e-7, 7.245e-7, 7.521e-7
0.682, 8.012e-7, 7.429e-7, 7.214e-7, 7.491e-7
0.681, 8.012e-7, 7.398e-7, 7.183e-7, 7.460e-7
0.680, 7.982e-7, 7.398e-7, 7.183e-7, 7.460e-7
0.679, 7.982e-7, 7.368e-7, 7.153e-7, 7.429e-7
0.678, 7.951e-7, 7.368e-7, 7.122e-7, 7.429e-7
0.677, 7.951e-7, 7.337e-7, 7.122e-7, 7.429e-7
0.676, 7.920e-7, 7.337e-7, 7.091e-7, 7.398e-7
0.675, 7.890e-7, 7.306e-7, 7.061e-7, 7.368e-7
0.674, 7.890e-7, 7.276e-7, 7.061e-7, 7.368e-7
0.673, 7.859e-7, 7.276e-7, 7.030e-7, 7.337e-7
0.672, 7.859e-7, 7.245e-7, 7.030e-7, 7.337e-7
0.671, 7.828e-7, 7.245e-7, 6.999e-7, 7.306e-7
0.670, 7.828e-7, 7.214e-7, 6.999e-7, 7.276e-7
0.669, 7.798e-7, 7.214e-7, 6.969e-7, 7.276e-7
0.668, 7.767e-7, 7.183e-7, 6.938e-7, 7.245e-7
0.667, 7.767e-7, 7.153e-7, 6.938e-7, 7.245e-7
0.666, 7.736e-7, 7.153e-7, 6.907e-7, 7.214e-7
0.665, 7.736e-7, 7.122e-7, 6.876e-7, 7.214e-7
0.664, 7.705e-7, 7.122e-7, 6.876e-7, 7.183e-7
0.663, 7.675e-7, 7.091e-7, 6.846e-7, 7.183e-7
0.662, 7.675e-7, 7.061e-7, 6.815e-7, 7.153e-7
0.661, 7.644e-7, 7.061e-7, 6.815e-7, 7.122e-7
0.660, 7.644e-7, 7.030e-7, 6.784e-7, 7.122e-7
0.659, 7.613e-7, 6.999e-7, 6.754e-7, 7.091e-7
0.658, 7.583e-7, 6.999e-7, 6.754e-7, 7.091e-7
0.657, 7.583e-7, 6.969e-7, 6.723e-7, 7.061e-7
0.656, 7.552e-7, 6.969e-7, 6.692e-7, 7.030e-7
0.655, 7.521e-7, 6.938e-7, 6.692e-7, 6.999e-7
0.654, 7.490e-7, 6.907e-7, 6.661e-7, 6.999e-7
0.653, 7.490e-7, 6.907e-7, 6.631e-7, 6.999e-7
0.652, 7.460e-7, 6.876e-7, 6.631e-7, 6.969e-7
0.651, 7.460e-7, 6.846e-7, 6.600e-7, 6.938e-7
0.650, 7.429e-7, 6.846e-7, 6.569e-7, 6.907e-7
0.649, 7.398e-7, 6.815e-7, 6.569e-7, 6.907e-7
0.648, 7.398e-7, 6.784e-7, 6.539e-7, 6.876e-7
0.647, 7.368e-7, 6.754e-7, 6.508e-7, 6.846e-7
0.646, 7.337e-7, 6.754e-7, 6.477e-7, 6.846e-7
0.645, 7.306e-7, 6.723e-7, 6.477e-7, 6.815e-7
0.644, 7.306e-7, 6.723e-7, 6.447e-7, 6.784e-7
0.643, 7.276e-7, 6.692e-7, 6.416e-7, 6.784e-7
0.642, 7.245e-7, 6.661e-7, 6.416e-7, 6.754e-7
0.641, 7.245e-7, 6.661e-7, 6.385e-7, 6.723e-7
0.640, 7.214e-7, 6.631e-7, 6.354e-7, 6.723e-7
0.639, 7.183e-7, 6.600e-7, 6.324e-7, 6.692e-7
0.638, 7.183e-7, 6.600e-7, 6.293e-7, 6.692e-7
0.637, 7.153e-7, 6.569e-7, 6.293e-7, 6.661e-7
0.636, 7.122e-7, 6.539e-7, 6.262e-7, 6.631e-7
0.635, 7.091e-7, 6.508e-7, 6.232e-7, 6.600e-7
0.634, 7.061e-7, 6.477e-7, 6.232e-7, 6.600e-7
0.633, 7.061e-7, 6.477e-7, 6.170e-7, 6.569e-7
0.632, 7.030e-7, 6.447e-7, 6.170e-7, 6.539e-7
0.631, 6.999e-7, 6.416e-7, 6.139e-7, 6.508e-7
0.630, 6.969e-7, 6.385e-7, 6.109e-7, 6.477e-7
0.629, 6.938e-7, 6.385e-7, 6.078e-7, 6.477e-7
0.628, 6.938e-7, 6.354e-7, 6.078e-7, 6.447e-7
0.627, 6.907e-7, 6.324e-7, 6.047e-7, 6.416e-7
0.626, 6.876e-7, 6.293e-7, 6.017e-7, 6.416e-7
0.625, 6.846e-7, 6.262e-7, 5.986e-7, 6.385e-7
0.624, 6.815e-7, 6.232e-7, 5.955e-7, 6.354e-7
0.623, 6.784e-7, 6.232e-7, 5.925e-7, 6.324e-7
0.622, 6.784e-7, 6.201e-7, 5.925e-7, 6.293e-7
0.621, 6.754e-7, 6.170e-7, 5.894e-7, 6.262e-7
0.620, 6.723e-7, 6.139e-7, 5.863e-7, 6.232e-7
0.619, 6.692e-7, 6.109e-7, 5.832e-7, 6.232e-7
0.618, 6.661e-7, 6.078e-7, 5.802e-7, 6.201e-7
0.617, 6.631e-7, 6.078e-7, 5.771e-7, 6.170e-7
0.616, 6.631e-7, 6.047e-7, 5.771e-7, 6.139e-7
0.615, 6.569e-7, 6.017e-7, 5.740e-7, 6.109e-7
0.614, 6.539e-7, 5.986e-7, 5.679e-7, 6.078e-7
0.613, 6.539e-7, 5.955e-7, 5.679e-7, 6.078e-7
0.612, 6.508e-7, 5.925e-7, 5.648e-7, 6.047e-7
0.611, 6.447e-7, 5.894e-7, 5.618e-7, 6.017e-7
0.610, 6.447e-7, 5.863e-7, 5.587e-7, 5.986e-7
0.609, 6.416e-7, 5.832e-7, 5.556e-7, 5.955e-7
0.608, 6.385e-7, 5.832e-7, 5.525e-7, 5.925e-7
0.607, 6.354e-7, 5.771e-7, 5.495e-7, 5.894e-7
0.606, 6.324e-7, 5.771e-7, 5.464e-7, 5.863e-7
0.605, 6.293e-7, 5.740e-7, 5.433e-7, 5.832e-7
0.604, 6.262e-7, 5.679e-7, 5.403e-7, 5.802e-7
0.603, 6.232e-7, 5.679e-7, 5.372e-7, 5.771e-7
0.602, 6.201e-7, 5.648e-7, 5.341e-7, 5.740e-7
0.601, 6.170e-7, 5.617e-7, 5.310e-7, 5.710e-7
0.600, 6.139e-7, 5.587e-7, 5.280e-7, 5.679e-7
0.599, 6.109e-7, 5.556e-7, 5.249e-7, 5.648e-7
0.598, 6.078e-7, 5.525e-7, 5.218e-7, 5.618e-7
0.597, 6.047e-7, 5.495e-7, 5.188e-7, 5.587e-7
0.596, 6.017e-7, 5.464e-7, 5.157e-7, 5.556e-7
0.595, 5.986e-7, 5.433e-7, 5.126e-7, 5.525e-7
0.594, 5.955e-7, 5.403e-7, 5.096e-7, 5.495e-7
0.593, 5.925e-7, 5.372e-7, 5.065e-7, 5.464e-7
0.592, 5.863e-7, 5.341e-7, 5.034e-7, 5.433e-7
0.591, 5.832e-7, 5.280e-7, 5.003e-7, 5.403e-7
0.590, 5.802e-7, 5.249e-7, 4.973e-7, 5.372e-7
0.589, 5.771e-7, 5.218e-7, 4.942e-7, 5.341e-7
0.588, 5.740e-7, 5.188e-7, 4.881e-7, 5.310e-7
0.587, 5.710e-7, 5.157e-7, 4.881e-7, 5.280e-7
0.586, 5.679e-7, 5.126e-7, 4.819e-7, 5.249e-7
0.585, 5.648e-7, 5.096e-7, 4.788e-7, 5.218e-7
0.584, 5.617e-7, 5.065e-7, 4.758e-7, 5.157e-7
0.583, 5.556e-7, 5.034e-7, 4.727e-7, 5.126e-7
0.582, 5.525e-7, 5.003e-7, 4.696e-7, 5.096e-7
0.581, 5.495e-7, 4.942e-7, 4.666e-7, 5.065e-7
0.580, 5.464e-7, 4.942e-7, 4.635e-7, 5.034e-7
0.579, 5.433e-7, 4.881e-7, 4.574e-7, 5.003e-7
0.578, 5.403e-7, 4.850e-7, 4.574e-7, 4.973e-7
0.577, 5.341e-7, 4.819e-7, 4.512e-7, 4.942e-7
0.576, 5.310e-7, 4.788e-7, 4.481e-7, 4.881e-7
0.575, 5.280e-7, 4.758e-7, 4.451e-7, 4.850e-7
0.574, 5.249e-7, 4.727e-7, 4.420e-7, 4.819e-7
0.573, 5.218e-7, 4.696e-7, 4.389e-7, 4.788e-7
0.572, 5.157e-7, 4.635e-7, 4.359e-7, 4.758e-7
0.571, 5.126e-7, 4.604e-7, 4.328e-7, 4.727e-7
0.570, 5.096e-7, 4.574e-7, 4.266e-7, 4.696e-7
0.569, 5.065e-7, 4.543e-7, 4.236e-7, 4.635e-7
0.568, 5.034e-7, 4.512e-7, 4.205e-7, 4.604e-7
0.567, 4.973e-7, 4.481e-7, 4.174e-7, 4.574e-7
0.566, 4.942e-7, 4.420e-7, 4.144e-7, 4.543e-7
0.565, 4.911e-7, 4.420e-7, 4.113e-7, 4.512e-7
0.564, 4.881e-7, 4.359e-7, 4.082e-7, 4.451e-7
0.563, 4.850e-7, 4.328e-7, 4.021e-7, 4.420e-7
0.562, 4.788e-7, 4.297e-7, 3.990e-7, 4.389e-7
0.561, 4.758e-7, 4.266e-7, 3.959e-7, 4.359e-7
0.560, 4.727e-7, 4.236e-7, 3.929e-7, 4.328e-7
0.559, 4.696e-7, 4.205e-7, 3.898e-7, 4.297e-7
0.558, 4.666e-7, 4.174e-7, 3.867e-7, 4.236e-7
0.557, 4.604e-7, 4.144e-7, 3.837e-7, 4.205e-7
0.556, 4.574e-7, 4.113e-7, 3.806e-7, 4.174e-7
0.555, 4.543e-7, 4.082e-7, 3.775e-7, 4.144e-7
0.554, 4.512e-7, 4.021e-7, 3.745e-7, 4.113e-7
0.553, 4.481e-7, 3.990e-7, 3.714e-7, 4.082e-7
0.552, 4.451e-7, 3.959e-7, 3.683e-7, 4.052e-7
0.551, 4.389e-7, 3.929e-7, 3.622e-7, 3.990e-7
0.550, 4.359e-7, 3.898e-7, 3.591e-7, 3.959e-7
0.549, 4.328e-7, 3.867e-7, 3.560e-7, 3.929e-7
0.548, 4.297e-7, 3.837e-7, 3.530e-7, 3.898e-7
0.547, 4.266e-7, 3.806e-7, 3.499e-7, 3.867e-7
0.546, 4.236e-7, 3.775e-7, 3.468e-7, 3.837e-7
0.545, 4.205e-7, 3.744e-7, 3.437e-7, 3.806e-7
0.544, 4.144e-7, 3.714e-7, 3.407e-7, 3.775e-7
0.543, 4.144e-7, 3.683e-7, 3.376e-7, 3.745e-7
0.542, 4.082e-7, 3.652e-7, 3.345e-7, 3.714e-7
0.541, 4.052e-7, 3.622e-7, 3.315e-7, 3.683e-7
0.540, 4.021e-7, 3.591e-7, 3.284e-7, 3.652e-7
0.539, 3.990e-7, 3.560e-7, 3.253e-7, 3.622e-7
0.538, 3.959e-7, 3.530e-7, 3.223e-7, 3.560e-7
0.537, 3.929e-7, 3.499e-7, 3.192e-7, 3.560e-7
0.536, 3.898e-7, 3.468e-7, 3.161e-7, 3.530e-7
0.535, 3.867e-7, 3.437e-7, 3.161e-7, 3.499e-7
0.534, 3.837e-7, 3.407e-7, 3.130e-7, 3.437e-7
0.533, 3.806e-7, 3.376e-7, 3.100e-7, 3.437e-7
0.532, 3.775e-7, 3.345e-7, 3.069e-7, 3.376e-7
0.531, 3.744e-7, 3.345e-7, 3.038e-7, 3.376e-7
0.530, 3.714e-7, 3.315e-7, 3.008e-7, 3.345e-7
0.529, 3.683e-7, 3.284e-7, 2.977e-7, 3.315e-7
0.528, 3.683e-7, 3.253e-7, 2.946e-7, 3.284e-7
0.527, 3.652e-7, 3.223e-7, 2.915e-7, 3.253e-7
0.526, 3.622e-7, 3.192e-7, 2.915e-7, 3.223e-7
0.525, 3.591e-7, 3.161e-7, 2.885e-7, 3.192e-7
0.524, 3.560e-7, 3.161e-7, 2.854e-7, 3.161e-7
0.523, 3.530e-7, 3.130e-7, 2.823e-7, 3.130e-7
0.522, 3.499e-7, 3.100e-7, 2.793e-7, 3.100e-7
0.521, 3.468e-7, 3.069e-7, 2.762e-7, 3.100e-7
0.520, 3.468e-7, 3.069e-7, 2.762e-7, 3.069e-7
0.519, 3.437e-7, 3.038e-7, 2.731e-7, 3.038e-7
0.518, 3.407e-7, 3.008e-7, 2.701e-7, 3.008e-7
0.517, 3.376e-7, 2.977e-7, 2.701e-7, 2.977e-7
0.516, 3.345e-7, 2.977e-7, 2.670e-7, 2.977e-7
0.515, 3.315e-7, 2.946e-7, 2.639e-7, 2.946e-7
0.514, 3.315e-7, 2.915e-7, 2.639e-7, 2.915e-7
0.513, 3.284e-7, 2.915e-7, 2.608e-7, 2.885e-7
0.512, 3.253e-7, 2.885e-7, 2.578e-7, 2.885e-7
0.511, 3.223e-7, 2.885e-7, 2.547e-7, 2.854e-7
0.510, 3.223e-7, 2.854e-7, 2.547e-7, 2.823e-7
0.509, 3.192e-7, 2.823e-7, 2.516e-7, 2.823e-7
0.508, 3.192e-7, 2.823e-7, 2.516e-7, 2.793e-7
0.507, 3.161e-7, 2.793e-7, 2.486e-7, 2.762e-7
0.506, 3.130e-7, 2.762e-7, 2.486e-7, 2.762e-7
0.505, 3.130e-7, 2.762e-7, 2.455e-7, 2.731e-7
0.504, 3.100e-7, 2.731e-7, 2.455e-7, 2.701e-7
0.503, 3.100e-7, 2.731e-7, 2.424e-7, 2.701e-7
0.502, 3.069e-7, 2.701e-7, 2.393e-7, 2.670e-7
0.501, 3.038e-7, 2.701e-7, 2.393e-7, 2.670e-7
0.500, 3.038e-7, 2.670e-7, 2.393e-7, 2.639e-7
0.499, 3.008e-7, 2.670e-7, 2.363e-7, 2.639e-7
0.498, 3.008e-7, 2.639e-7, 2.363e-7, 2.608e-7
0.497, 2.977e-7, 2.639e-7, 2.332e-7, 2.578e-7
0.496, 2.977e-7, 2.608e-7, 2.332e-7, 2.578e-7
0.495, 2.946e-7, 2.608e-7, 2.301e-7, 2.578e-7
0.494, 2.946e-7, 2.608e-7, 2.301e-7, 2.547e-7
0.493, 2.915e-7, 2.578e-7, 2.301e-7, 2.547e-7
0.492, 2.915e-7, 2.578e-7, 2.271e-7, 2.516e-7
0.491, 2.915e-7, 2.578e-7, 2.271e-7, 2.516e-7
0.490, 2.885e-7, 2.547e-7, 2.240e-7, 2.486e-7
0.489, 2.885e-7, 2.547e-7, 2.240e-7, 2.486e-7
0.488, 2.854e-7, 2.516e-7, 2.240e-7, 2.486e-7
0.487, 2.854e-7, 2.516e-7, 2.209e-7, 2.455e-7
0.486, 2.854e-7, 2.516e-7, 2.209e-7, 2.455e-7
0.485, 2.823e-7, 2.486e-7, 2.209e-7, 2.424e-7
0.484, 2.823e-7, 2.486e-7, 2.209e-7, 2.424e-7
0.483, 2.823e-7, 2.486e-7, 2.179e-7, 2.424e-7
0.482, 2.793e-7, 2.455e-7, 2.179e-7, 2.424e-7
0.481, 2.793e-7, 2.455e-7, 2.148e-7, 2.393e-7
0.480, 2.793e-7, 2.455e-7, 2.148e-7, 2.393e-7
0.479, 2.793e-7, 2.455e-7, 2.148e-7, 2.393e-7
0.478, 2.762e-7, 2.424e-7, 2.148e-7, 2.363e-7
0.477, 2.762e-7, 2.424e-7, 2.148e-7, 2.363e-7
0.476, 2.762e-7, 2.424e-7, 2.117e-7, 2.363e-7
0.475, 2.731e-7, 2.424e-7, 2.117e-7, 2.363e-7
0.474, 2.731e-7, 2.393e-7, 2.117e-7, 2.332e-7
0.473, 2.731e-7, 2.393e-7, 2.086e-7, 2.332e-7
0.472, 2.731e-7, 2.393e-7, 2.117e-7, 2.332e-7
0.471, 2.701e-7, 2.393e-7, 2.086e-7, 2.332e-7
0.470, 2.701e-7, 2.393e-7, 2.086e-7, 2.301e-7
0.469, 2.701e-7, 2.393e-7, 2.086e-7, 2.301e-7
0.468, 2.701e-7, 2.363e-7, 2.056e-7, 2.301e-7
0.467, 2.670e-7, 2.363e-7, 2.056e-7, 2.301e-7
0.466, 2.670e-7, 2.363e-7, 2.056e-7, 2.301e-7
0.465, 2.670e-7, 2.363e-7, 2.056e-7, 2.301e-7
0.464, 2.670e-7, 2.363e-7, 2.056e-7, 2.271e-7
0.463, 2.670e-7, 2.363e-7, 2.056e-7, 2.271e-7
0.462, 2.670e-7, 2.363e-7, 2.056e-7, 2.271e-7
0.461, 2.670e-7, 2.363e-7, 2.025e-7, 2.271e-7
0.460, 2.670e-7, 2.332e-7, 2.025e-7, 2.271e-7
0.459, 2.670e-7, 2.332e-7, 2.025e-7, 2.271e-7
0.458, 2.639e-7, 2.332e-7, 2.025e-7, 2.271e-7
0.457, 2.639e-7, 2.332e-7, 2.025e-7, 2.271e-7
0.456, 2.639e-7, 2.332e-7, 2.025e-7, 2.271e-7
0.455, 2.639e-7, 2.332e-7, 2.025e-7, 2.240e-7
0.454, 2.639e-7, 2.332e-7, 2.025e-7, 2.240e-7
0.453, 2.639e-7, 2.332e-7, 1.994e-7, 2.240e-7
0.452, 2.639e-7, 2.332e-7, 2.025e-7, 2.240e-7
0.451, 2.639e-7, 2.332e-7, 1.994e-7, 2.240e-7
0.450, 2.639e-7, 2.301e-7, 1.994e-7, 2.240e-7
0.449, 2.608e-7, 2.301e-7, 1.994e-7, 2.240e-7
0.448, 2.608e-7, 2.301e-7, 1.994e-7, 2.240e-7
0.447, 2.608e-7, 2.301e-7, 1.994e-7, 2.240e-7
0.446, 2.608e-7, 2.332e-7, 1.994e-7, 2.240e-7
0.445, 2.608e-7, 2.301e-7, 1.994e-7, 2.209e-7
0.444, 2.608e-7, 2.301e-7, 1.994e-7, 2.209e-7
0.443, 2.608e-7, 2.301e-7, 1.994e-7, 2.240e-7
0.442, 2.608e-7, 2.301e-7, 1.994e-7, 2.240e-7
0.441, 2.608e-7, 2.301e-7, 1.994e-7, 2.209e-7
0.440, 2.608e-7, 2.301e-7, 1.994e-7, 2.209e-7
0.439, 2.608e-7, 2.301e-7, 1.994e-7, 2.209e-7
0.438, 2.608e-7, 2.301e-7, 1.994e-7, 2.209e-7
0.437, 2.608e-7, 2.301e-7, 1.994e-7, 2.209e-7
0.436, 2.608e-7, 2.301e-7, 1.964e-7, 2.209e-7
0.435, 2.608e-7, 2.301e-7, 1.964e-7, 2.209e-7
0.434, 2.608e-7, 2.301e-7, 1.964e-7, 2.209e-7
0.433, 2.608e-7, 2.301e-7, 1.994e-7, 2.209e-7
0.432, 2.608e-7, 2.301e-7, 1.964e-7, 2.209e-7
0.431, 2.608e-7, 2.301e-7, 1.964e-7, 2.209e-7
0.430, 2.608e-7, 2.301e-7, 1.964e-7, 2.209e-7
0.429, 2.608e-7, 2.301e-7, 1.964e-7, 2.209e-7
0.428, 2.608e-7, 2.301e-7, 1.964e-7, 2.209e-7
0.427, 2.608e-7, 2.301e-7, 1.964e-7, 2.209e-7
0.426, 2.608e-7, 2.301e-7, 1.964e-7, 2.209e-7
0.425, 2.608e-7, 2.301e-7, 1.964e-7, 2.209e-7
0.424, 2.608e-7, 2.301e-7, 1.964e-7, 2.209e-7
0.423, 2.608e-7, 2.301e-7, 1.964e-7, 2.209e-7
0.422, 2.578e-7, 2.301e-7, 1.964e-7, 2.209e-7
0.421, 2.608e-7, 2.301e-7, 1.964e-7, 2.209e-7
0.420, 2.608e-7, 2.301e-7, 1.964e-7, 2.209e-7
0.419, 2.608e-7, 2.271e-7, 1.964e-7, 2.209e-7
0.418, 2.608e-7, 2.301e-7, 1.964e-7, 2.209e-7
0.417, 2.608e-7, 2.301e-7, 1.964e-7, 2.209e-7
0.416, 2.608e-7, 2.271e-7, 1.964e-7, 2.209e-7
0.415, 2.608e-7, 2.301e-7, 1.964e-7, 2.209e-7
0.414, 2.608e-7, 2.301e-7, 1.964e-7, 2.209e-7
0.413, 2.608e-7, 2.271e-7, 1.964e-7, 2.209e-7
0.412, 2.608e-7, 2.301e-7, 1.964e-7, 2.209e-7
0.411, 2.608e-7, 2.271e-7, 1.964e-7, 2.209e-7
0.410, 2.608e-7, 2.271e-7, 1.933e-7, 2.209e-7
0.409, 2.578e-7, 2.271e-7, 1.933e-7, 2.209e-7
0.408, 2.608e-7, 2.301e-7, 1.964e-7, 2.209e-7
0.407, 2.608e-7, 2.271e-7, 1.964e-7, 2.209e-7
0.406, 2.578e-7, 2.271e-7, 1.933e-7, 2.209e-7
0.405, 2.578e-7, 2.271e-7, 1.964e-7, 2.209e-7
0.404, 2.578e-7, 2.271e-7, 1.933e-7, 2.209e-7
0.403, 2.608e-7, 2.271e-7, 1.933e-7, 2.209e-7
0.402, 2.578e-7, 2.271e-7, 1.933e-7, 2.209e-7
0.401, 2.608e-7, 2.271e-7, 1.964e-7, 2.209e-7
0.400, 2.578e-7, 2.271e-7, 1.964e-7, 2.209e-7
0.399, 2.578e-7, 2.271e-7, 1.933e-7, 2.209e-7
0.398, 2.578e-7, 2.271e-7, 1.933e-7, 2.209e-7
0.397, 2.578e-7, 2.271e-7, 1.933e-7, 2.209e-7
0.396, 2.578e-7, 2.271e-7, 1.933e-7, 2.209e-7
0.395, 2.578e-7, 2.271e-7, 1.964e-7, 2.209e-7
0.394, 2.578e-7, 2.271e-7, 1.933e-7, 2.209e-7
0.393, 2.578e-7, 2.271e-7, 1.933e-7, 2.209e-7
0.392, 2.578e-7, 2.271e-7, 1.933e-7, 2.209e-7
0.391, 2.578e-7, 2.271e-7, 1.933e-7, 2.209e-7
0.390, 2.578e-7, 2.271e-7, 1.933e-7, 2.209e-7
0.389, 2.578e-7, 2.271e-7, 1.933e-7, 2.209e-7
0.388, 2.578e-7, 2.271e-7, 1.933e-7, 2.209e-7
0.387, 2.578e-7, 2.271e-7, 1.933e-7, 2.209e-7
0.386, 2.578e-7, 2.271e-7, 1.933e-7, 2.209e-7
0.385, 2.578e-7, 2.271e-7, 1.933e-7, 2.209e-7
0.384, 2.578e-7, 2.271e-7, 1.902e-7, 2.209e-7
0.383, 2.578e-7, 2.271e-7, 1.902e-7, 2.209e-7
0.382, 2.578e-7, 2.271e-7, 1.933e-7, 2.209e-7
0.381, 2.578e-7, 2.271e-7, 1.933e-7, 2.209e-7
0.380, 2.578e-7, 2.271e-7, 1.902e-7, 2.209e-7
0.379, 2.578e-7, 2.240e-7, 1.902e-7, 2.179e-7
0.378, 2.578e-7, 2.240e-7, 1.902e-7, 2.209e-7
0.377, 2.578e-7, 2.240e-7, 1.902e-7, 2.209e-7
0.376, 2.578e-7, 2.240e-7, 1.902e-7, 2.209e-7
0.375, 2.547e-7, 2.240e-7, 1.902e-7, 2.179e-7
0.374, 2.547e-7, 2.240e-7, 1.902e-7, 2.209e-7
0.373, 2.547e-7, 2.240e-7, 1.902e-7, 2.179e-7
0.372, 2.547e-7, 2.240e-7, 1.902e-7, 2.179e-7
0.371, 2.547e-7, 2.240e-7, 1.902e-7, 2.179e-7
0.370, 2.547e-7, 2.240e-7, 1.902e-7, 2.179e-7
0.369, 2.547e-7, 2.240e-7, 1.872e-7, 2.179e-7
0.368, 2.547e-7, 2.240e-7, 1.902e-7, 2.179e-7
0.367, 2.547e-7, 2.240e-7, 1.872e-7, 2.179e-7
0.366, 2.547e-7, 2.240e-7, 1.872e-7, 2.179e-7
0.365, 2.547e-7, 2.209e-7, 1.872e-7, 2.179e-7
0.364, 2.547e-7, 2.240e-7, 1.872e-7, 2.179e-7
0.363, 2.547e-7, 2.209e-7, 1.872e-7, 2.179e-7
0.362, 2.547e-7, 2.209e-7, 1.872e-7, 2.179e-7
0.361, 2.516e-7, 2.209e-7, 1.872e-7, 2.179e-7
0.360, 2.516e-7, 2.209e-7, 1.872e-7, 2.179e-7
0.359, 2.516e-7, 2.209e-7, 1.841e-7, 2.148e-7
0.358, 2.516e-7, 2.209e-7, 1.841e-7, 2.148e-7
0.357, 2.516e-7, 2.209e-7, 1.872e-7, 2.148e-7
0.356, 2.516e-7, 2.209e-7, 1.841e-7, 2.148e-7
0.355, 2.516e-7, 2.209e-7, 1.841e-7, 2.148e-7
0.354, 2.516e-7, 2.179e-7, 1.841e-7, 2.148e-7
0.353, 2.516e-7, 2.179e-7, 1.841e-7, 2.148e-7
0.352, 2.486e-7, 2.179e-7, 1.841e-7, 2.148e-7
0.351, 2.486e-7, 2.179e-7, 1.841e-7, 2.148e-7
0.350, 2.486e-7, 2.179e-7, 1.841e-7, 2.148e-7
0.349, 2.486e-7, 2.179e-7, 1.841e-7, 2.148e-7
0.348, 2.486e-7, 2.179e-7, 1.810e-7, 2.117e-7
0.347, 2.486e-7, 2.179e-7, 1.810e-7, 2.117e-7
0.346, 2.486e-7, 2.148e-7, 1.810e-7, 2.117e-7
0.345, 2.455e-7, 2.148e-7, 1.810e-7, 2.117e-7
0.344, 2.455e-7, 2.148e-7, 1.810e-7, 2.117e-7
0.343, 2.455e-7, 2.148e-7, 1.779e-7, 2.117e-7
0.342, 2.455e-7, 2.148e-7, 1.810e-7, 2.117e-7
0.341, 2.455e-7, 2.148e-7, 1.779e-7, 2.086e-7
0.340, 2.455e-7, 2.148e-7, 1.779e-7, 2.086e-7
0.339, 2.455e-7, 2.117e-7, 1.779e-7, 2.086e-7
0.338, 2.424e-7, 2.117e-7, 1.779e-7, 2.086e-7
0.337, 2.424e-7, 2.117e-7, 1.749e-7, 2.086e-7
0.336, 2.424e-7, 2.117e-7, 1.749e-7, 2.086e-7
0.335, 2.424e-7, 2.117e-7, 1.749e-7, 2.086e-7
0.334, 2.424e-7, 2.086e-7, 1.749e-7, 2.056e-7
0.333, 2.393e-7, 2.086e-7, 1.749e-7, 2.056e-7
0.332, 2.393e-7, 2.086e-7, 1.749e-7, 2.056e-7
0.331, 2.393e-7, 2.086e-7, 1.718e-7, 2.056e-7
0.330, 2.393e-7, 2.086e-7, 1.718e-7, 2.056e-7
0.329, 2.393e-7, 2.086e-7, 1.718e-7, 2.056e-7
0.328, 2.393e-7, 2.056e-7, 1.718e-7, 2.056e-7
0.327, 2.363e-7, 2.056e-7, 1.718e-7, 2.025e-7
0.326, 2.363e-7, 2.056e-7, 1.687e-7, 2.025e-7
0.325, 2.363e-7, 2.056e-7, 1.687e-7, 2.025e-7
0.324, 2.363e-7, 2.056e-7, 1.687e-7, 2.025e-7
0.323, 2.363e-7, 2.025e-7, 1.687e-7, 2.025e-7
0.322, 2.332e-7, 2.025e-7, 1.687e-7, 1.994e-7
0.321, 2.332e-7, 2.025e-7, 1.657e-7, 1.994e-7
0.320, 2.332e-7, 2.025e-7, 1.657e-7, 1.994e-7
0.319, 2.332e-7, 1.994e-7, 1.657e-7, 1.994e-7
0.318, 2.332e-7, 1.994e-7, 1.657e-7, 1.994e-7
0.317, 2.301e-7, 1.994e-7, 1.626e-7, 1.964e-7
0.316, 2.301e-7, 1.994e-7, 1.626e-7, 1.964e-7
0.315, 2.301e-7, 1.994e-7, 1.626e-7, 1.964e-7
0.314, 2.301e-7, 1.994e-7, 1.626e-7, 1.933e-7
0.313, 2.271e-7, 1.964e-7, 1.595e-7, 1.933e-7
0.312, 2.271e-7, 1.964e-7, 1.595e-7, 1.933e-7
0.311, 2.271e-7, 1.964e-7, 1.595e-7, 1.933e-7
0.310, 2.240e-7, 1.933e-7, 1.564e-7, 1.933e-7
0.309, 2.240e-7, 1.933e-7, 1.595e-7, 1.902e-7
0.308, 2.240e-7, 1.933e-7, 1.564e-7, 1.902e-7
0.307, 2.240e-7, 1.902e-7, 1.564e-7, 1.902e-7
0.306, 2.209e-7, 1.902e-7, 1.534e-7, 1.902e-7
0.305, 2.209e-7, 1.902e-7, 1.534e-7, 1.871e-7
0.304, 2.209e-7, 1.902e-7, 1.534e-7, 1.871e-7
0.303, 2.179e-7, 1.871e-7, 1.534e-7, 1.871e-7
0.302, 2.179e-7, 1.871e-7, 1.503e-7, 1.841e-7
0.301, 2.179e-7, 1.871e-7, 1.503e-7, 1.841e-7
0.300, 2.179e-7, 1.841e-7, 1.503e-7, 1.841e-7
0.299, 2.148e-7, 1.841e-7, 1.503e-7, 1.841e-7
0.298, 2.148e-7, 1.841e-7, 1.472e-7, 1.810e-7
0.297, 2.148e-7, 1.841e-7, 1.472e-7, 1.810e-7
0.296, 2.117e-7, 1.810e-7, 1.472e-7, 1.810e-7
0.295, 2.117e-7, 1.810e-7, 1.442e-7, 1.779e-7
0.294, 2.117e-7, 1.810e-7, 1.442e-7, 1.779e-7
0.293, 2.086e-7, 1.810e-7, 1.442e-7, 1.779e-7
0.292, 2.086e-7, 1.779e-7, 1.411e-7, 1.779e-7
0.291, 2.056e-7, 1.779e-7, 1.411e-7, 1.779e-7
0.290, 2.056e-7, 1.779e-7, 1.411e-7, 1.749e-7
0.289, 2.056e-7, 1.749e-7, 1.380e-7, 1.749e-7
0.288, 2.056e-7, 1.749e-7, 1.380e-7, 1.718e-7
0.287, 2.025e-7, 1.749e-7, 1.380e-7, 1.718e-7
0.286, 2.025e-7, 1.718e-7, 1.350e-7, 1.718e-7
0.285, 1.994e-7, 1.718e-7, 1.350e-7, 1.687e-7
0.284, 1.994e-7, 1.718e-7, 1.350e-7, 1.687e-7
0.283, 1.994e-7, 1.687e-7, 1.319e-7, 1.687e-7
0.282, 1.964e-7, 1.687e-7, 1.319e-7, 1.657e-7
0.281, 1.964e-7, 1.657e-7, 1.288e-7, 1.657e-7
0.280, 1.964e-7, 1.657e-7, 1.288e-7, 1.657e-7
0.279, 1.933e-7, 1.657e-7, 1.288e-7, 1.657e-7
0.278, 1.933e-7, 1.657e-7, 1.288e-7, 1.626e-7
0.277, 1.902e-7, 1.626e-7, 1.257e-7, 1.626e-7
0.276, 1.902e-7, 1.626e-7, 1.257e-7, 1.595e-7
0.275, 1.871e-7, 1.595e-7, 1.227e-7, 1.595e-7
0.274, 1.871e-7, 1.595e-7, 1.227e-7, 1.564e-7
0.273, 1.871e-7, 1.564e-7, 1.227e-7, 1.564e-7
0.272, 1.841e-7, 1.564e-7, 1.196e-7, 1.534e-7
0.271, 1.841e-7, 1.564e-7, 1.196e-7, 1.534e-7
0.270, 1.841e-7, 1.534e-7, 1.196e-7, 1.534e-7
0.269, 1.810e-7, 1.534e-7, 1.165e-7, 1.503e-7
0.268, 1.810e-7, 1.503e-7, 1.165e-7, 1.503e-7
0.267, 1.779e-7, 1.503e-7, 1.135e-7, 1.503e-7
0.266, 1.779e-7, 1.503e-7, 1.135e-7, 1.472e-7
0.265, 1.749e-7, 1.472e-7, 1.135e-7, 1.472e-7
0.264, 1.749e-7, 1.472e-7, 1.104e-7, 1.442e-7
0.263, 1.718e-7, 1.442e-7, 1.104e-7, 1.442e-7
0.262, 1.718e-7, 1.442e-7, 1.073e-7, 1.442e-7
0.261, 1.687e-7, 1.442e-7, 1.073e-7, 1.411e-7
0.260, 1.687e-7, 1.411e-7, 1.042e-7, 1.411e-7
0.259, 1.687e-7, 1.411e-7, 1.042e-7, 1.380e-7
0.258, 1.657e-7, 1.380e-7, 1.042e-7, 1.380e-7
0.257, 1.626e-7, 1.380e-7, 1.012e-7, 1.380e-7
0.256, 1.626e-7, 1.350e-7, 1.012e-7, 1.350e-7
0.255, 1.595e-7, 1.350e-7, 9.811e-8, 1.350e-7
0.254, 1.595e-7, 1.350e-7, 9.811e-8, 1.319e-7
0.253, 1.564e-7, 1.319e-7, 9.811e-8, 1.319e-7
0.252, 1.564e-7, 1.319e-7, 9.504e-8, 1.288e-7
0.251, 1.564e-7, 1.288e-7, 9.504e-8, 1.288e-7
0.250, 1.534e-7, 1.288e-7, 9.196e-8, 1.257e-7
0.249, 1.534e-7, 1.257e-7, 9.196e-8, 1.257e-7
0.248, 1.503e-7, 1.257e-7, 8.889e-8, 1.227e-7
0.247, 1.503e-7, 1.257e-7, 8.889e-8, 1.227e-7
0.246, 1.472e-7, 1.227e-7, 8.582e-8, 1.227e-7
0.245, 1.442e-7, 1.227e-7, 8.582e-8, 1.196e-7
0.244, 1.442e-7, 1.196e-7, 8.275e-8, 1.196e-7
0.243, 1.411e-7, 1.196e-7, 8.275e-8, 1.165e-7
0.242, 1.411e-7, 1.165e-7, 8.275e-8, 1.165e-7
0.241, 1.380e-7, 1.165e-7, 7.968e-8, 1.135e-7
0.240, 1.380e-7, 1.135e-7, 7.968e-8, 1.135e-7
0.239, 1.350e-7, 1.135e-7, 7.661e-8, 1.104e-7
0.238, 1.350e-7, 1.104e-7, 7.661e-8, 1.104e-7
0.237, 1.319e-7, 1.104e-7, 7.354e-8, 1.073e-7
0.236, 1.319e-7, 1.073e-7, 7.047e-8, 1.073e-7
0.235, 1.288e-7, 1.073e-7, 7.047e-8, 1.042e-7
0.234, 1.288e-7, 1.042e-7, 7.047e-8, 1.042e-7
0.233, 1.257e-7, 1.042e-7, 6.740e-8, 1.012e-7
0.232, 1.257e-7, 1.012e-7, 6.740e-8, 1.012e-7
0.231, 1.227e-7, 1.012e-7, 6.433e-8, 9.811e-8
0.230, 1.227e-7, 9.810e-8, 6.433e-8, 9.811e-8
0.229, 1.196e-7, 9.810e-8, 6.126e-8, 9.504e-8
0.228, 1.165e-7, 9.810e-8, 6.126e-8, 9.504e-8
0.227, 1.165e-7, 9.503e-8, 5.819e-8, 9.196e-8
0.226, 1.135e-7, 9.196e-8, 5.819e-8, 9.196e-8
0.225, 1.135e-7, 9.196e-8, 5.512e-8, 8.889e-8
0.224, 1.104e-7, 8.889e-8, 5.512e-8, 8.889e-8
0.223, 1.104e-7, 8.889e-8, 5.205e-8, 8.582e-8
0.222, 1.073e-7, 8.582e-8, 5.205e-8, 8.582e-8
0.221, 1.073e-7, 8.582e-8, 5.205e-8, 8.275e-8
0.220, 1.042e-7, 8.275e-8, 4.898e-8, 8.275e-8
0.219, 1.012e-7, 8.275e-8, 4.898e-8, 7.968e-8
0.218, 1.012e-7, 7.968e-8, 4.591e-8, 7.661e-8
0.217, 9.810e-8, 7.968e-8, 4.284e-8, 7.661e-8
0.216, 9.810e-8, 7.968e-8, 4.284e-8, 7.354e-8
0.215, 9.503e-8, 7.661e-8, 3.977e-8, 7.354e-8
0.214, 9.503e-8, 7.354e-8, 3.977e-8, 7.047e-8
0.213, 9.196e-8, 7.354e-8, 3.670e-8, 7.047e-8
0.212, 8.889e-8, 7.047e-8, 3.670e-8, 6.740e-8
0.211, 8.582e-8, 7.047e-8, 3.363e-8, 6.433e-8
0.210, 8.582e-8, 6.740e-8, 3.363e-8, 6.433e-8
0.209, 8.275e-8, 6.740e-8, 3.055e-8, 6.126e-8
0.208, 7.968e-8, 6.433e-8, 3.055e-8, 6.126e-8
0.207, 7.968e-8, 6.126e-8, 2.748e-8, 5.819e-8
0.206, 7.661e-8, 6.126e-8, 2.441e-8, 5.819e-8
0.205, 7.661e-8, 5.819e-8, 2.441e-8, 5.512e-8
0.204, 7.354e-8, 5.512e-8, 2.134e-8, 5.205e-8
0.203, 7.047e-8, 5.512e-8, 2.134e-8, 5.205e-8
0.202, 7.047e-8, 5.205e-8, 1.827e-8, 4.898e-8
0.201, 6.740e-8, 5.205e-8, 1.827e-8, 4.898e-8
0.200, 6.433e-8, 4.898e-8, 1.520e-8, 4.591e-8
0.199, 6.126e-8, 4.898e-8, 1.213e-8, 4.284e-8
0.198, 6.126e-8, 4.591e-8, 1.213e-8, 4.284e-8
0.197, 5.819e-8, 4.284e-8, 9.061e-9, 3.977e-8
0.196, 5.819e-8, 4.284e-8, 5.991e-9, 3.670e-8
0.195, 5.512e-8, 3.977e-8, 5.991e-9, 3.670e-8
0.194, 5.205e-8, 3.669e-8, 2.921e-9, 3.363e-8
0.193, 4.898e-8, 3.669e-8, 2.921e-9, 3.055e-8
0.192, 4.898e-8, 3.362e-8, -1.500e-10, 2.748e-8
0.191, 4.591e-8, 3.055e-8, -3.220e-9, 2.748e-8
0.190, 4.284e-8, 2.748e-8, -6.291e-9, 2.441e-8
0.189, 3.977e-8, 2.748e-8, -6.291e-9, 2.134e-8
0.188, 3.669e-8, 2.441e-8, -9.361e-9, 2.134e-8
0.187, 3.362e-8, 2.134e-8, -1.243e-8, 1.827e-8
0.186, 3.055e-8, 2.134e-8, -1.550e-8, 1.520e-8
0.185, 3.055e-8, 1.827e-8, -1.550e-8, 1.213e-8
0.184, 2.748e-8, 1.520e-8, -1.857e-8, 9.061e-9
0.183, 2.441e-8, 1.213e-8, -2.164e-8, 5.991e-9
0.182, 2.134e-8, 9.061e-9, -2.471e-8, 5.991e-9
0.181, 2.134e-8, 9.061e-9, -2.471e-8, 2.920e-9
0.180, 1.827e-8, 5.990e-9, -2.778e-8, -1.504e-10
0.179, 1.213e-8, 2.920e-9, -3.085e-8, -3.221e-9
0.178, 9.060e-9, -1.510e-10, -3.393e-8, -6.291e-9
0.177, 9.060e-9, -3.221e-9, -3.700e-8, -9.362e-9
0.176, 5.990e-9, -3.221e-9, -3.700e-8, -9.362e-9
0.175, 2.919e-9, -6.292e-9, -4.007e-8, -1.243e-8
0.174, -1.513e-10, -9.362e-9, -4.314e-8, -1.550e-8
0.173, -3.222e-9, -1.243e-8, -4.621e-8, -1.857e-8
0.172, -6.292e-9, -1.550e-8, -4.928e-8, -2.164e-8
0.171, -9.363e-9, -1.857e-8, -5.235e-8, -2.471e-8
0.170, -1.243e-8, -2.164e-8, -5.542e-8, -2.778e-8
0.169, -1.550e-8, -2.471e-8, -5.849e-8, -3.086e-8
0.168, -1.857e-8, -2.779e-8, -6.156e-8, -3.393e-8
0.167, -2.164e-8, -3.086e-8, -6.463e-8, -3.700e-8
0.166, -2.472e-8, -3.086e-8, -6.770e-8, -4.007e-8
0.165, -2.779e-8, -3.393e-8, -6.770e-8, -4.314e-8
0.164, -3.086e-8, -3.700e-8, -7.077e-8, -4.621e-8
0.163, -3.393e-8, -4.007e-8, -7.384e-8, -4.928e-8
0.162, -4.007e-8, -4.314e-8, -7.691e-8, -5.235e-8
0.161, -4.314e-8, -4.621e-8, -7.998e-8, -5.542e-8
0.160, -4.621e-8, -4.928e-8, -8.305e-8, -5.849e-8
0.159, -4.928e-8, -5.235e-8, -8.612e-8, -6.156e-8
0.158, -4.928e-8, -5.542e-8, -8.919e-8, -6.463e-8
0.157, -5.542e-8, -5.849e-8, -9.226e-8, -6.770e-8
0.156, -5.849e-8, -6.156e-8, -9.534e-8, -7.077e-8
0.155, -6.156e-8, -6.463e-8, -9.841e-8, -7.384e-8
0.154, -6.463e-8, -6.770e-8, -1.015e-7, -7.691e-8
0.153, -6.770e-8, -7.077e-8, -1.045e-7, -7.998e-8
0.152, -7.077e-8, -7.384e-8, -1.076e-7, -8.305e-8
0.151, -7.384e-8, -7.691e-8, -1.107e-7, -8.612e-8
0.150, -7.691e-8, -7.998e-8, -1.138e-7, -8.919e-8
0.149, -7.998e-8, -8.305e-8, -1.168e-7, -9.227e-8
0.148, -8.305e-8, -8.612e-8, -1.168e-7, -9.534e-8
0.147, -8.613e-8, -8.612e-8, -1.199e-7, -9.841e-8
0.146, -8.920e-8, -8.920e-8, -1.230e-7, -9.841e-8
0.145, -8.920e-8, -9.227e-8, -1.260e-7, -1.045e-7
0.144, -9.534e-8, -9.534e-8, -1.291e-7, -1.076e-7
0.143, -9.534e-8, -9.841e-8, -1.322e-7, -1.076e-7
0.142, -9.841e-8, -1.015e-7, -1.322e-7, -1.107e-7
0.141, -1.045e-7, -1.045e-7, -1.353e-7, -1.138e-7
0.140, -1.045e-7, -1.045e-7, -1.383e-7, -1.168e-7
0.139, -1.076e-7, -1.076e-7, -1.383e-7, -1.168e-7
0.138, -1.107e-7, -1.107e-7, -1.414e-7, -1.199e-7
0.137, -1.107e-7, -1.107e-7, -1.445e-7, -1.230e-7
0.136, -1.138e-7, -1.138e-7, -1.475e-7, -1.260e-7
0.135, -1.168e-7, -1.168e-7, -1.475e-7, -1.260e-7
0.134, -1.199e-7, -1.168e-7, -1.506e-7, -1.291e-7
0.133, -1.199e-7, -1.199e-7, -1.537e-7, -1.291e-7
0.132, -1.230e-7, -1.199e-7, -1.537e-7, -1.322e-7
0.131, -1.260e-7, -1.230e-7, -1.567e-7, -1.322e-7
0.130, -1.260e-7, -1.230e-7, -1.567e-7, -1.353e-7
0.129, -1.291e-7, -1.260e-7, -1.598e-7, -1.383e-7
0.128, -1.291e-7, -1.260e-7, -1.598e-7, -1.383e-7
0.127, -1.322e-7, -1.291e-7, -1.598e-7, -1.383e-7
0.126, -1.322e-7, -1.291e-7, -1.629e-7, -1.414e-7
0.125, -1.353e-7, -1.291e-7, -1.629e-7, -1.414e-7
0.124, -1.353e-7, -1.322e-7, -1.629e-7, -1.414e-7
0.123, -1.353e-7, -1.322e-7, -1.629e-7, -1.445e-7
0.122, -1.383e-7, -1.322e-7, -1.660e-7, -1.445e-7
0.121, -1.383e-7, -1.353e-7, -1.660e-7, -1.445e-7
0.120, -1.383e-7, -1.322e-7, -1.660e-7, -1.445e-7
0.119, -1.383e-7, -1.353e-7, -1.660e-7, -1.445e-7
0.118, -1.414e-7, -1.353e-7, -1.660e-7, -1.445e-7
0.117, -1.414e-7, -1.353e-7, -1.690e-7, -1.445e-7
0.116, -1.414e-7, -1.353e-7, -1.660e-7, -1.475e-7
0.115, -1.414e-7, -1.353e-7, -1.660e-7, -1.475e-7
0.114, -1.414e-7, -1.353e-7, -1.660e-7, -1.445e-7
0.113, -1.414e-7, -1.353e-7, -1.660e-7, -1.475e-7
0.112, -1.414e-7, -1.353e-7, -1.660e-7, -1.475e-7
0.111, -1.414e-7, -1.353e-7, -1.660e-7, -1.475e-7
0.110, -1.414e-7, -1.353e-7, -1.660e-7, -1.445e-7
0.109, -1.414e-7, -1.353e-7, -1.660e-7, -1.475e-7
0.108, -1.414e-7, -1.353e-7, -1.660e-7, -1.445e-7
0.107, -1.414e-7, -1.322e-7, -1.629e-7, -1.445e-7
0.106, -1.414e-7, -1.353e-7, -1.629e-7, -1.445e-7
0.105, -1.414e-7, -1.322e-7, -1.629e-7, -1.445e-7
0.104, -1.414e-7, -1.322e-7, -1.629e-7, -1.445e-7
0.103, -1.383e-7, -1.322e-7, -1.629e-7, -1.445e-7
0.102, -1.414e-7, -1.322e-7, -1.629e-7, -1.414e-7
0.101, -1.383e-7, -1.322e-7, -1.598e-7, -1.414e-7
0.100, -1.383e-7, -1.291e-7, -1.598e-7, -1.414e-7
0.099, -1.383e-7, -1.291e-7, -1.598e-7, -1.383e-7
0.098, -1.353e-7, -1.291e-7, -1.567e-7, -1.383e-7
0.097, -1.353e-7, -1.291e-7, -1.567e-7, -1.383e-7
0.096, -1.353e-7, -1.260e-7, -1.567e-7, -1.353e-7
0.095, -1.353e-7, -1.260e-7, -1.537e-7, -1.353e-7
0.094, -1.322e-7, -1.260e-7, -1.537e-7, -1.353e-7
0.093, -1.322e-7, -1.260e-7, -1.537e-7, -1.353e-7
0.092, -1.322e-7, -1.230e-7, -1.537e-7, -1.322e-7
0.091, -1.291e-7, -1.230e-7, -1.506e-7, -1.322e-7
0.090, -1.291e-7, -1.230e-7, -1.506e-7, -1.322e-7
0.089, -1.291e-7, -1.199e-7, -1.506e-7, -1.322e-7
0.088, -1.291e-7, -1.199e-7, -1.475e-7, -1.291e-7
0.087, -1.260e-7, -1.199e-7, -1.475e-7, -1.291e-7
0.086, -1.260e-7, -1.168e-7, -1.445e-7, -1.291e-7
0.085, -1.260e-7, -1.168e-7, -1.445e-7, -1.260e-7
0.084, -1.230e-7, -1.168e-7, -1.414e-7, -1.260e-7
0.083, -1.230e-7, -1.138e-7, -1.414e-7, -1.230e-7
0.082, -1.230e-7, -1.138e-7, -1.414e-7, -1.230e-7
0.081, -1.199e-7, -1.138e-7, -1.383e-7, -1.230e-7
0.080, -1.199e-7, -1.107e-7, -1.383e-7, -1.230e-7
0.079, -1.199e-7, -1.107e-7, -1.383e-7, -1.199e-7
0.078, -1.168e-7, -1.107e-7, -1.353e-7, -1.199e-7
0.077, -1.168e-7, -1.076e-7, -1.353e-7, -1.199e-7
0.076, -1.168e-7, -1.076e-7, -1.353e-7, -1.168e-7
0.075, -1.138e-7, -1.076e-7, -1.322e-7, -1.168e-7
0.074, -1.138e-7, -1.076e-7, -1.322e-7, -1.168e-7
0.073, -1.138e-7, -1.045e-7, -1.322e-7, -1.168e-7
0.072, -1.107e-7, -1.045e-7, -1.291e-7, -1.138e-7
0.071, -1.107e-7, -1.045e-7, -1.291e-7, -1.138e-7
0.070, -1.107e-7, -1.045e-7, -1.291e-7, -1.138e-7
0.069, -1.107e-7, -1.015e-7, -1.260e-7, -1.138e-7
0.068, -1.107e-7, -1.015e-7, -1.260e-7, -1.107e-7
0.067, -1.076e-7, -1.015e-7, -1.260e-7, -1.107e-7
0.066, -1.076e-7, -9.841e-8, -1.260e-7, -1.107e-7
0.065, -1.076e-7, -9.841e-8, -1.230e-7, -1.107e-7
0.064, -1.076e-7, -9.841e-8, -1.230e-7, -1.107e-7
0.063, -1.045e-7, -9.841e-8, -1.230e-7, -1.076e-7
0.062, -1.045e-7, -9.841e-8, -1.230e-7, -1.076e-7
0.061, -1.045e-7, -9.534e-8, -1.230e-7, -1.076e-7
0.060, -1.045e-7, -9.534e-8, -1.199e-7, -1.076e-7
0.059, -1.015e-7, -9.534e-8, -1.199e-7, -1.045e-7
0.058, -1.045e-7, -9.534e-8, -1.199e-7, -1.045e-7
0.057, -1.015e-7, -9.534e-8, -1.199e-7, -1.045e-7
0.056, -1.015e-7, -9.227e-8, -1.168e-7, -1.045e-7
0.055, -1.015e-7, -9.227e-8, -1.168e-7, -1.045e-7
0.054, -1.015e-7, -9.227e-8, -1.168e-7, -1.045e-7
0.053, -9.841e-8, -9.227e-8, -1.168e-7, -1.015e-7
0.052, -9.841e-8, -9.227e-8, -1.168e-7, -1.015e-7
0.051, -9.841e-8, -9.227e-8, -1.168e-7, -1.015e-7
0.050, -9.841e-8, -9.227e-8, -1.138e-7, -1.015e-7
0.049, -9.841e-8, -8.920e-8, -1.138e-7, -1.015e-7
0.048, -9.841e-8, -8.920e-8, -1.138e-7, -1.015e-7
0.047, -9.841e-8, -8.920e-8, -1.138e-7, -1.015e-7
0.046, -9.534e-8, -8.920e-8, -1.138e-7, -9.841e-8
0.045, -9.534e-8, -8.920e-8, -1.138e-7, -9.841e-8
0.044, -9.534e-8, -8.920e-8, -1.138e-7, -9.841e-8
0.043, -9.534e-8, -8.920e-8, -1.107e-7, -9.841e-8
0.042, -9.534e-8, -8.920e-8, -1.107e-7, -9.841e-8
0.041, -9.534e-8, -8.612e-8, -1.107e-7, -9.841e-8
0.040, -9.534e-8, -8.612e-8, -1.107e-7, -9.841e-8
0.039, -9.534e-8, -8.612e-8, -1.107e-7, -9.841e-8
0.038, -9.227e-8, -8.612e-8, -1.107e-7, -9.841e-8
0.037, -9.227e-8, -8.612e-8, -1.107e-7, -9.534e-8
0.036, -9.227e-8, -8.612e-8, -1.076e-7, -9.534e-8
0.035, -9.227e-8, -8.612e-8, -1.076e-7, -9.534e-8
0.034, -9.227e-8, -8.612e-8, -1.076e-7, -9.534e-8
0.033, -9.227e-8, -8.305e-8, -1.076e-7, -9.534e-8
0.032, -9.227e-8, -8.612e-8, -1.076e-7, -9.534e-8
0.031, -9.227e-8, -8.612e-8, -1.076e-7, -9.534e-8
0.030, -9.227e-8, -8.305e-8, -1.076e-7, -9.534e-8
0.029, -9.227e-8, -8.305e-8, -1.076e-7, -9.534e-8
0.028, -9.227e-8, -8.305e-8, -1.076e-7, -9.534e-8
0.027, -9.227e-8, -8.305e-8, -1.076e-7, -9.534e-8
0.026, -8.920e-8, -8.305e-8, -1.076e-7, -9.534e-8
0.025, -8.920e-8, -8.305e-8, -1.076e-7, -9.534e-8
0.024, -8.920e-8, -8.305e-8, -1.045e-7, -9.227e-8
0.023, -8.920e-8, -8.305e-8, -1.076e-7, -9.227e-8
0.022, -8.920e-8, -8.305e-8, -1.076e-7, -9.227e-8
0.021, -8.920e-8, -8.305e-8, -1.045e-7, -9.227e-8
0.020, -8.920e-8, -8.305e-8, -1.076e-7, -9.227e-8
0.019, -8.920e-8, -8.305e-8, -1.045e-7, -9.227e-8
0.018, -8.920e-8, -8.305e-8, -1.045e-7, -9.227e-8
0.017, -8.920e-8, -8.305e-8, -1.045e-7, -9.227e-8
0.016, -8.920e-8, -8.305e-8, -1.045e-7, -9.227e-8
0.015, -8.920e-8, -8.305e-8, -1.045e-7, -9.227e-8
0.014, -8.920e-8, -8.305e-8, -1.045e-7, -9.227e-8
0.013, -8.920e-8, -8.305e-8, -1.045e-7, -9.227e-8
0.012, -8.920e-8, -8.305e-8, -1.045e-7, -9.227e-8
0.011, -8.920e-8, -7.998e-8, -1.045e-7, -9.227e-8
0.010, -8.920e-8, -7.998e-8, -1.045e-7, -9.227e-8
0.009, -8.920e-8, -7.998e-8, -1.045e-7, -9.227e-8
0.008, -8.920e-8, -7.998e-8, -1.045e-7, -9.227e-8
0.007, -8.920e-8, -7.998e-8, -1.045e-7, -9.227e-8
0.006, -8.920e-8, -7.998e-8, -1.045e-7, -9.227e-8
0.005, -8.920e-8, -7.998e-8, -1.045e-7, -9.227e-8
0.004, -8.920e-8, -7.998e-8, -1.045e-7, -9.227e-8
0.003, -8.613e-8, -7.998e-8, -1.045e-7, -9.227e-8
0.002, -8.920e-8, -7.998e-8, -1.045e-7, -9.227e-8
0.001, -8.920e-8, -7.998e-8, -1.045e-7, -9.227e-8
0.000, -8.920e-8, -8.305e-8, -1.045e-7, -9.227e-8
-0.001, -8.920e-8, -7.998e-8, -1.045e-7, -9.227e-8
-0.002, -8.920e-8, -7.998e-8, -1.045e-7, -9.227e-8
-0.003, -8.920e-8, -7.998e-8, -1.045e-7, -9.227e-8
-0.004, -8.920e-8, -7.998e-8, -1.045e-7, -9.227e-8
-0.005, -8.920e-8, -7.998e-8, -1.045e-7, -9.227e-8
-0.006, -8.920e-8, -7.998e-8, -1.045e-7, -9.227e-8
-0.007, -8.920e-8, -7.998e-8, -1.045e-7, -9.227e-8
-0.008, -8.920e-8, -7.998e-8, -1.045e-7, -9.227e-8
-0.009, -8.613e-8, -7.998e-8, -1.045e-7, -9.227e-8
-0.010, -8.920e-8, -7.998e-8, -1.045e-7, -9.227e-8
-0.011, -8.920e-8, -7.998e-8, -1.045e-7, -9.227e-8
-0.012, -8.920e-8, -7.998e-8, -1.045e-7, -9.227e-8
-0.013, -8.920e-8, -7.998e-8, -1.045e-7, -9.227e-8
-0.014, -8.920e-8, -7.998e-8, -1.045e-7, -9.227e-8
-0.015, -8.920e-8, -7.998e-8, -1.045e-7, -9.227e-8
-0.016, -8.920e-8, -7.998e-8, -1.045e-7, -9.227e-8
-0.017, -8.920e-8, -7.998e-8, -1.045e-7, -9.227e-8
-0.018, -8.920e-8, -7.998e-8, -1.045e-7, -9.534e-8
-0.019, -8.920e-8, -7.998e-8, -1.045e-7, -9.227e-8
-0.020, -8.920e-8, -8.305e-8, -1.045e-7, -9.227e-8
-0.021, -8.920e-8, -7.998e-8, -1.045e-7, -9.534e-8
-0.022, -8.920e-8, -8.305e-8, -1.045e-7, -9.227e-8
-0.023, -8.920e-8, -8.305e-8, -1.045e-7, -9.534e-8
-0.024, -8.920e-8, -8.305e-8, -1.045e-7, -9.534e-8
-0.025, -8.920e-8, -8.305e-8, -1.045e-7, -9.534e-8
-0.026, -8.920e-8, -8.305e-8, -1.045e-7, -9.534e-8
-0.027, -8.920e-8, -8.305e-8, -1.045e-7, -9.534e-8
-0.028, -8.920e-8, -8.305e-8, -1.045e-7, -9.534e-8
-0.029, -8.920e-8, -8.305e-8, -1.045e-7, -9.534e-8
-0.030, -8.920e-8, -8.305e-8, -1.045e-7, -9.534e-8
-0.031, -8.920e-8, -8.305e-8, -1.076e-7, -9.534e-8
-0.032, -8.920e-8, -8.305e-8, -1.045e-7, -9.534e-8
-0.033, -9.227e-8, -8.305e-8, -1.076e-7, -9.534e-8
-0.034, -9.227e-8, -8.305e-8, -1.076e-7, -9.534e-8
-0.035, -9.227e-8, -8.305e-8, -1.076e-7, -9.841e-8
-0.036, -9.227e-8, -8.305e-8, -1.076e-7, -9.841e-8
-0.037, -9.227e-8, -8.305e-8, -1.076e-7, -9.841e-8
-0.038, -9.227e-8, -8.612e-8, -1.076e-7, -9.841e-8
-0.039, -9.227e-8, -8.612e-8, -1.076e-7, -9.841e-8
-0.040, -9.227e-8, -8.305e-8, -1.076e-7, -9.841e-8
-0.041, -9.227e-8, -8.612e-8, -1.076e-7, -9.841e-8
-0.042, -9.227e-8, -8.612e-8, -1.076e-7, -9.841e-8
-0.043, -9.227e-8, -8.612e-8, -1.076e-7, -9.841e-8
-0.044, -9.534e-8, -8.612e-8, -1.107e-7, -1.015e-7
-0.045, -9.534e-8, -8.612e-8, -1.107e-7, -1.015e-7
-0.046, -9.534e-8, -8.612e-8, -1.107e-7, -9.841e-8
-0.047, -9.534e-8, -8.612e-8, -1.107e-7, -1.015e-7
-0.048, -9.534e-8, -8.920e-8, -1.107e-7, -1.015e-7
-0.049, -9.534e-8, -8.612e-8, -1.107e-7, -1.015e-7
-0.050, -9.534e-8, -8.920e-8, -1.138e-7, -1.015e-7
-0.051, -9.841e-8, -8.920e-8, -1.138e-7, -1.045e-7
-0.052, -9.841e-8, -8.920e-8, -1.138e-7, -1.045e-7
-0.053, -9.841e-8, -8.920e-8, -1.138e-7, -1.045e-7
-0.054, -9.841e-8, -8.920e-8, -1.138e-7, -1.045e-7
-0.055, -9.841e-8, -8.920e-8, -1.138e-7, -1.045e-7
-0.056, -9.841e-8, -8.920e-8, -1.138e-7, -1.045e-7
-0.057, -9.841e-8, -9.227e-8, -1.168e-7, -1.076e-7
-0.058, -9.841e-8, -9.227e-8, -1.168e-7, -1.076e-7
-0.059, -1.015e-7, -9.227e-8, -1.168e-7, -1.076e-7
-0.060, -1.015e-7, -9.227e-8, -1.168e-7, -1.076e-7
-0.061, -1.015e-7, -9.534e-8, -1.168e-7, -1.107e-7
-0.062, -1.015e-7, -9.534e-8, -1.199e-7, -1.107e-7
-0.063, -1.015e-7, -9.534e-8, -1.199e-7, -1.107e-7
-0.064, -1.045e-7, -9.534e-8, -1.230e-7, -1.107e-7
-0.065, -1.045e-7, -9.534e-8, -1.199e-7, -1.138e-7
-0.066, -1.045e-7, -9.841e-8, -1.230e-7, -1.138e-7
-0.067, -1.045e-7, -9.841e-8, -1.230e-7, -1.138e-7
-0.068, -1.076e-7, -9.841e-8, -1.230e-7, -1.138e-7
-0.069, -1.076e-7, -9.841e-8, -1.230e-7, -1.168e-7
-0.070, -1.076e-7, -9.841e-8, -1.260e-7, -1.168e-7
-0.071, -1.107e-7, -1.015e-7, -1.260e-7, -1.168e-7
-0.072, -1.107e-7, -1.015e-7, -1.291e-7, -1.199e-7
-0.073, -1.107e-7, -1.015e-7, -1.291e-7, -1.199e-7
-0.074, -1.107e-7, -1.045e-7, -1.291e-7, -1.199e-7
-0.075, -1.138e-7, -1.045e-7, -1.291e-7, -1.230e-7
-0.076, -1.138e-7, -1.045e-7, -1.322e-7, -1.230e-7
-0.077, -1.168e-7, -1.076e-7, -1.322e-7, -1.230e-7
-0.078, -1.168e-7, -1.076e-7, -1.322e-7, -1.230e-7
-0.079, -1.168e-7, -1.076e-7, -1.353e-7, -1.260e-7
-0.080, -1.168e-7, -1.107e-7, -1.353e-7, -1.291e-7
-0.081, -1.199e-7, -1.107e-7, -1.383e-7, -1.291e-7
-0.082, -1.199e-7, -1.107e-7, -1.383e-7, -1.291e-7
-0.083, -1.199e-7, -1.138e-7, -1.414e-7, -1.322e-7
-0.084, -1.230e-7, -1.138e-7, -1.414e-7, -1.322e-7
-0.085, -1.230e-7, -1.138e-7, -1.445e-7, -1.353e-7
-0.086, -1.260e-7, -1.168e-7, -1.445e-7, -1.353e-7
-0.087, -1.260e-7, -1.168e-7, -1.475e-7, -1.383e-7
-0.088, -1.260e-7, -1.199e-7, -1.475e-7, -1.383e-7
-0.089, -1.291e-7, -1.199e-7, -1.506e-7, -1.414e-7
-0.090, -1.322e-7, -1.230e-7, -1.506e-7, -1.414e-7
-0.091, -1.322e-7, -1.230e-7, -1.537e-7, -1.445e-7
-0.092, -1.322e-7, -1.260e-7, -1.537e-7, -1.475e-7
-0.093, -1.353e-7, -1.260e-7, -1.567e-7, -1.475e-7
-0.094, -1.353e-7, -1.291e-7, -1.567e-7, -1.506e-7
-0.095, -1.383e-7, -1.291e-7, -1.598e-7, -1.537e-7
-0.096, -1.414e-7, -1.322e-7, -1.629e-7, -1.537e-7
-0.097, -1.414e-7, -1.322e-7, -1.629e-7, -1.567e-7
-0.098, -1.445e-7, -1.353e-7, -1.660e-7, -1.598e-7
-0.099, -1.475e-7, -1.383e-7, -1.690e-7, -1.598e-7
