0.002	1.229e-6	-2.443e-7	1.697e-6	-3.561e-7	1.282e-6	-3.099e-7	1.300e-6	-3.151e-7
0.003	1.051e-6	-1.275e-7	1.487e-6	-1.894e-7	1.115e-6	-1.604e-7	1.129e-6	-1.644e-7
0.004	9.590e-7	-8.981e-8	1.386e-6	-1.161e-7	1.027e-6	-1.028e-7	1.036e-6	-1.084e-7
0.005	8.968e-7	-6.215e-8	1.293e-6	-9.083e-8	9.735e-7	-7.643e-8	9.796e-7	-7.468e-8
0.006	8.702e-7	-4.490e-8	1.262e-6	-6.141e-8	9.159e-7	-6.548e-8	9.204e-7	-6.188e-8
0.007	8.284e-7	-3.732e-8	1.204e-6	-5.034e-8	8.924e-7	-5.164e-8	8.886e-7	-5.339e-8
0.008	8.092e-7	-2.949e-8	1.178e-6	-3.786e-8	8.522e-7	-3.916e-8	8.638e-7	-5.002e-8
0.009	7.811e-7	-2.722e-8	1.144e-6	-3.653e-8	8.321e-7	-3.324e-8	8.442e-7	-3.115e-8
0.010	7.516e-7	-2.048e-8	1.128e-6	-3.388e-8	8.290e-7	-3.304e-8	8.250e-7	-2.778e-8
0.011	7.349e-7	-1.954e-8	1.099e-6	-2.110e-8	8.142e-7	-3.218e-8	8.162e-7	-2.969e-8
0.012	7.303e-7	-1.691e-8	1.097e-6	-1.674e-8	7.856e-7	-2.670e-8	7.770e-7	-2.429e-8
0.013	7.025e-7	-1.112e-8	1.069e-6	-1.773e-8	7.730e-7	-2.336e-8	7.693e-7	-1.575e-8
0.014	7.106e-7	-4.509e-9	1.053e-6	-1.122e-8	7.504e-7	-2.363e-8	7.762e-7	-1.340e-8
0.015	6.868e-7	-1.355e-8	1.041e-6	-8.544e-9	7.499e-7	-1.593e-8	7.496e-7	-1.981e-8
0.016	6.935e-7	-1.431e-8	1.048e-6	-4.880e-9	7.386e-7	-9.815e-9	7.305e-7	-1.511e-8
0.017	6.794e-7	-5.128e-9	1.041e-6	-5.499e-9	7.326e-7	-1.452e-8	7.181e-7	-1.062e-8
0.018	6.615e-7	-7.678e-9	1.008e-6	-1.179e-8	7.310e-7	-1.521e-8	7.330e-7	-1.144e-8
0.019	6.638e-7	-6.192e-9	1.006e-6	-2.502e-9	7.167e-7	-8.379e-9	7.243e-7	-1.419e-8
0.020	6.640e-7	-8.223e-9	9.974e-7	-1.142e-8	7.102e-7	-1.120e-8	7.222e-7	-1.095e-8
0.021	6.505e-7	-9.213e-9	1.002e-6	-4.409e-9	7.095e-7	-1.375e-8	7.003e-7	-7.107e-9
0.022	6.452e-7	-4.360e-9	9.975e-7	-8.421e-9	7.166e-7	-1.474e-8	6.947e-7	-1.127e-8
0.023	6.510e-7	1.286e-9	9.824e-7	-8.222e-9	6.955e-7	-1.821e-8	7.116e-7	-1.186e-8
0.024	6.476e-7	-7.282e-9	9.835e-7	-4.261e-9	6.963e-7	-9.270e-9	7.128e-7	-1.332e-8
0.025	6.391e-7	-3.295e-9	9.809e-7	-3.840e-9	6.976e-7	-1.165e-8	6.913e-7	-6.637e-9
0.026	6.298e-7	-5.771e-9	9.815e-7	-2.502e-9	6.890e-7	-2.684e-9	6.875e-7	-1.035e-8
0.027	6.344e-7	-2.552e-9	9.788e-7	2.524e-9	6.844e-7	-7.166e-9	6.943e-7	-1.486e-9
0.028	6.250e-7	3.539e-9	9.864e-7	-2.998e-9	6.938e-7	-1.110e-8	6.852e-7	-2.675e-9
0.029	6.178e-7	-3.667e-9	9.587e-7	2.797e-9	6.992e-7	-5.556e-9	7.023e-7	-2.824e-9
0.030	6.182e-7	-3.889e-9	9.701e-7	2.499e-9	6.983e-7	-2.074e-10	6.876e-7	-6.389e-9
0.031	6.251e-7	-4.112e-9	9.583e-7	-2.552e-9	6.820e-7	-1.520e-9	6.879e-7	9.403e-10
0.032	6.163e-7	-2.948e-9	9.725e-7	-4.472e-10	6.918e-7	-3.847e-9	6.887e-7	-3.963e-9
0.033	6.108e-7	3.564e-9	9.542e-7	3.787e-9	6.694e-7	-5.828e-9	6.851e-7	-1.462e-9
0.034	6.184e-7	2.400e-9	9.484e-7	-2.205e-9	6.652e-7	-3.327e-9	6.876e-7	3.392e-9
0.035	6.144e-7	6.668e-10	9.365e-7	3.812e-9	6.736e-7	-3.065e-10	6.915e-7	1.312e-9
0.036	6.090e-7	-4.583e-9	9.519e-7	-1.748e-10	6.808e-7	2.195e-9	6.830e-7	3.144e-9
0.037	6.043e-7	-2.057e-9	9.431e-7	-2.739e-10	6.640e-7	9.564e-10	6.843e-7	6.338e-9
0.038	6.033e-7	1.360e-9	9.470e-7	4.703e-9	6.706e-7	3.408e-9	6.820e-7	6.413e-9
0.039	6.114e-7	8.244e-9	9.450e-7	8.343e-9	6.598e-7	-2.634e-9	6.714e-7	4.011e-9
0.040	5.995e-7	2.474e-9	9.464e-7	3.911e-9	6.655e-7	5.602e-10	6.699e-7	7.255e-9
0.041	5.934e-7	4.777e-9	9.447e-7	8.195e-9	6.664e-7	-1.817e-9	6.605e-7	2.178e-9
0.042	6.028e-7	7.906e-10	9.303e-7	5.768e-9	6.583e-7	7.766e-9	6.728e-7	8.641e-9
0.043	5.978e-7	-7.199e-10	9.489e-7	-1.512e-9	6.548e-7	8.113e-9	6.542e-7	6.413e-9
0.044	5.905e-7	4.777e-9	9.298e-7	5.199e-9	6.579e-7	-1.272e-9	6.761e-7	3.565e-9
0.045	5.927e-7	4.034e-9	9.368e-7	9.854e-9	6.519e-7	1.699e-9	6.676e-7	6.908e-9
0.046	5.931e-7	-1.289e-9	9.301e-7	9.284e-9	6.538e-7	1.074e-8	6.760e-7	6.487e-9
0.047	5.987e-7	7.625e-9	9.456e-7	6.660e-9	6.519e-7	4.275e-9	6.580e-7	7.676e-9
0.048	5.989e-7	9.383e-9	9.408e-7	7.254e-9	6.569e-7	-8.760e-10	6.607e-7	-8.921e-10
0.049	5.943e-7	6.065e-9	9.277e-7	8.764e-9	6.606e-7	5.785e-9	6.609e-7	-5.702e-10
0.050	5.932e-7	8.896e-10	9.291e-7	1.377e-8	6.592e-7	1.105e-9	6.671e-7	-1.660e-9
0.051	6.106e-7	-2.156e-9	9.478e-7	7.625e-9	6.471e-7	5.067e-9	6.623e-7	3.565e-9
0.052	6.045e-7	1.311e-9	9.472e-7	6.090e-9	6.478e-7	4.275e-9	6.639e-7	2.030e-9
0.053	5.921e-7	2.648e-9	9.405e-7	5.000e-9	6.638e-7	5.355e-10	6.649e-7	6.413e-9
0.054	5.949e-7	7.328e-9	9.492e-7	5.694e-9	6.530e-7	2.095e-9	6.656e-7	6.413e-9
0.055	6.033e-7	6.015e-9	9.430e-7	1.781e-9	6.590e-7	-2.569e-10	6.709e-7	1.023e-8
0.056	6.003e-7	2.296e-11	9.441e-7	3.366e-9	6.523e-7	3.160e-9	6.653e-7	1.099e-8
0.057	5.974e-7	-6.704e-10	9.360e-7	6.610e-9	6.619e-7	3.012e-9	6.650e-7	6.363e-9
0.058	5.934e-7	4.975e-9	9.505e-7	5.075e-9	6.647e-7	9.128e-9	6.654e-7	9.483e-9
0.059	6.020e-7	6.114e-9	9.384e-7	3.787e-9	6.691e-7	4.671e-9	6.737e-7	6.388e-9
0.060	5.939e-7	4.332e-9	9.382e-7	9.903e-9	6.572e-7	5.934e-9	6.703e-7	1.072e-8
0.061	5.883e-7	1.156e-8	9.502e-7	4.258e-9	6.576e-7	6.033e-9	6.657e-7	1.099e-8
0.062	6.007e-7	3.093e-9	9.380e-7	1.235e-8	6.578e-7	8.385e-9	6.799e-7	8.047e-9
0.063	6.087e-7	8.764e-9	9.486e-7	-6.453e-10	6.586e-7	1.254e-9	6.779e-7	1.025e-8
0.064	5.973e-7	1.003e-8	9.511e-7	8.244e-9	6.635e-7	1.101e-8	6.653e-7	7.799e-9
0.065	6.002e-7	5.322e-9	9.469e-7	1.139e-8	6.645e-7	8.756e-9	6.696e-7	6.066e-9
0.066	5.932e-7	7.848e-9	9.500e-7	-5.101e-11	6.640e-7	7.271e-9	6.694e-7	1.094e-8
0.067	5.980e-7	6.783e-9	9.458e-7	-8.204e-8	6.688e-7	1.222e-8	6.706e-7	1.691e-8
0.068	6.033e-7	6.808e-9	9.532e-7	-1.620e-7	6.575e-7	1.505e-8	6.616e-7	9.632e-9
0.069	5.996e-7	4.282e-9	9.463e-7	-1.892e-7	6.552e-7	1.264e-8	6.653e-7	1.429e-8
0.070	5.884e-7	1.203e-8	9.356e-7	-1.842e-7	6.681e-7	2.145e-9	6.765e-7	9.756e-9
0.071	6.012e-7	8.318e-9	9.473e-7	-1.897e-7	6.582e-7	9.970e-9	6.776e-7	1.387e-8
0.072	5.887e-7	3.391e-9	9.470e-7	-1.610e-7	6.610e-7	1.237e-8	6.685e-7	1.174e-8
0.073	6.001e-7	3.168e-9	9.485e-7	-1.641e-7	6.658e-7	1.111e-8	6.688e-7	1.580e-8
0.074	5.994e-7	7.130e-9	9.500e-7	-1.584e-7	6.630e-7	3.705e-9	6.776e-7	5.992e-9
0.075	6.076e-7	3.292e-9	9.599e-7	-1.581e-7	6.559e-7	5.463e-9	6.743e-7	6.165e-9
0.076	6.004e-7	1.065e-8	9.535e-7	-1.527e-7	6.588e-7	4.943e-9	6.798e-7	1.055e-8
0.077	6.082e-7	1.122e-8	9.591e-7	-1.408e-7	6.644e-7	5.042e-9	6.719e-7	8.815e-9
0.078	6.054e-7	1.206e-8	9.528e-7	-1.378e-7	6.754e-7	3.631e-9	6.818e-7	4.481e-9
0.079	6.000e-7	1.032e-8	9.666e-7	-1.338e-7	6.814e-7	3.383e-9	6.827e-7	1.211e-8
0.080	6.072e-7	3.911e-9	9.764e-7	-1.354e-7	6.774e-7	6.355e-9	6.845e-7	1.619e-8
0.081	6.048e-7	1.218e-8	9.648e-7	-1.118e-7	6.836e-7	5.488e-9	6.913e-7	1.052e-8
0.082	6.247e-7	5.743e-9	9.684e-7	-1.088e-7	6.772e-7	3.012e-9	6.945e-7	8.295e-9
0.083	6.330e-7	1.000e-8	9.802e-7	-1.205e-7	6.722e-7	6.503e-9	6.901e-7	1.483e-8
0.084	6.117e-7	9.284e-9	9.800e-7	-1.176e-7	6.863e-7	7.370e-9	6.853e-7	1.399e-8
0.085	6.286e-7	9.804e-9	9.741e-7	-9.531e-8	6.795e-7	7.741e-9	7.004e-7	1.057e-8
0.086	6.146e-7	6.313e-9	9.756e-7	-9.400e-8	6.850e-7	1.039e-8	6.949e-7	9.954e-9
0.087	6.229e-7	1.045e-8	9.740e-7	-9.256e-8	6.949e-7	7.915e-9	7.004e-7	9.458e-9
0.088	6.193e-7	2.103e-9	9.849e-7	-2.494e-8	6.880e-7	1.467e-8	7.003e-7	1.961e-8
0.089	6.215e-7	1.364e-8	9.820e-7	-3.145e-8	6.904e-7	4.175e-9	6.976e-7	1.278e-8
0.090	6.279e-7	1.027e-8	9.948e-7	-3.063e-8	6.870e-7	9.326e-9	6.938e-7	8.567e-9
0.091	6.298e-7	9.680e-9	9.893e-7	-3.544e-8	6.938e-7	1.173e-8	7.005e-7	1.491e-8
0.092	6.437e-7	7.674e-9	9.992e-7	-4.997e-8	6.944e-7	1.133e-8	7.006e-7	1.483e-8
0.093	6.241e-7	8.640e-9	9.834e-7	-5.742e-8	6.873e-7	1.876e-8	7.003e-7	2.367e-8
0.094	6.344e-7	6.907e-9	9.940e-7	-4.868e-8	6.854e-7	9.252e-9	6.960e-7	1.793e-8
0.095	6.229e-7	1.253e-8	1.002e-6	-4.712e-8	6.836e-7	6.701e-9	6.915e-7	1.424e-8
0.096	6.169e-7	1.396e-8	9.934e-7	-4.408e-8	6.939e-7	1.153e-8	6.875e-7	1.139e-8
0.097	6.227e-7	6.733e-9	9.852e-7	-4.274e-8	6.925e-7	1.113e-8	7.070e-7	1.478e-8
0.098	6.284e-7	1.134e-8	9.964e-7	-4.054e-8	7.051e-7	1.500e-8	7.010e-7	1.738e-8
0.099	6.308e-7	8.194e-9	1.009e-6	-4.126e-8	7.003e-7	1.212e-8	6.962e-7	1.647e-8
0.100	6.429e-7	1.577e-8	9.989e-7	-3.187e-8	6.820e-7	5.240e-9	7.038e-7	9.013e-9
0.101	6.380e-7	1.302e-8	1.013e-6	-3.430e-8	6.961e-7	8.583e-9	7.052e-7	1.827e-8
0.102	6.370e-7	1.542e-8	1.002e-6	-3.128e-8	7.102e-7	5.884e-9	7.143e-7	1.790e-8
0.103	6.487e-7	1.230e-8	1.019e-6	-2.489e-8	7.016e-7	1.217e-8	7.048e-7	1.315e-8
0.104	6.366e-7	1.240e-8	1.007e-6	-2.655e-8	6.996e-7	6.924e-9	7.193e-7	1.793e-8
0.105	6.431e-7	1.208e-8	1.023e-6	-2.132e-8	7.095e-7	9.326e-9	7.052e-7	1.109e-8
0.106	6.350e-7	1.302e-8	1.029e-6	-2.325e-8	7.136e-7	9.747e-9	7.106e-7	1.577e-8
0.107	6.444e-7	6.857e-9	1.026e-6	-2.504e-8	7.127e-7	1.750e-8	7.269e-7	1.416e-8
0.108	6.347e-7	1.112e-9	1.025e-6	-1.421e-8	7.261e-7	1.532e-8	7.240e-7	8.245e-9
0.109	6.560e-7	6.511e-9	1.021e-6	-1.748e-8	7.112e-7	8.930e-9	7.268e-7	1.176e-8
0.110	6.599e-7	8.789e-9	1.031e-6	-1.533e-8	7.132e-7	8.014e-9	7.284e-7	1.201e-8
0.111	6.451e-7	5.396e-9	1.029e-6	-1.397e-8	7.384e-7	1.022e-8	7.347e-7	1.595e-8
0.112	6.606e-7	6.585e-9	1.040e-6	-1.035e-8	7.213e-7	1.589e-8	7.264e-7	1.050e-8
0.113	6.726e-7	1.193e-8	1.041e-6	-1.122e-8	7.211e-7	1.099e-8	7.431e-7	1.840e-8
0.114	6.589e-7	1.094e-8	1.054e-6	-8.619e-9	7.346e-7	6.478e-9	7.297e-7	1.466e-8
0.115	6.748e-7	4.687e-10	1.048e-6	-3.815e-9	7.359e-7	1.569e-8	7.547e-7	1.300e-8
0.116	6.594e-7	9.730e-9	1.052e-6	-4.211e-9	7.434e-7	1.012e-8	7.435e-7	1.795e-8
0.117	6.759e-7	1.414e-8	1.049e-6	-1.017e-9	7.333e-7	1.210e-8	7.516e-7	1.134e-8
0.118	6.696e-7	1.193e-8	1.053e-6	-9.920e-10	7.406e-7	1.079e-8	7.430e-7	1.840e-8
0.119	6.873e-7	1.037e-8	1.061e-6	-1.264e-9	7.258e-7	1.519e-8	7.506e-7	2.129e-8
0.120	6.846e-7	8.863e-9	1.061e-6	-3.482e-10	7.325e-7	1.765e-8	7.502e-7	1.743e-8
0.121	6.950e-7	7.873e-9	1.063e-6	4.159e-9	7.291e-7	1.534e-8	7.584e-7	2.018e-8
0.122	6.670e-7	1.119e-8	1.063e-6	-5.622e-9	7.583e-7	1.633e-8	7.600e-7	2.763e-8
0.123	6.771e-7	9.457e-9	1.075e-6	9.642e-10	7.522e-7	2.349e-8	7.568e-7	1.998e-8
0.124	6.774e-7	1.300e-8	1.082e-6	2.475e-9	7.470e-7	6.454e-9	7.495e-7	1.894e-8
0.125	6.883e-7	1.213e-8	1.072e-6	5.124e-9	7.644e-7	1.215e-8	7.547e-7	1.874e-8
0.126	6.983e-7	6.808e-9	1.068e-6	9.755e-9	7.492e-7	2.121e-8	7.679e-7	2.001e-8
0.127	6.762e-7	1.211e-8	1.080e-6	9.928e-9	7.567e-7	2.094e-8	7.552e-7	1.701e-8
0.128	6.793e-7	1.733e-8	1.074e-6	1.075e-8	7.501e-7	1.779e-8	7.637e-7	1.847e-8
0.129	6.972e-7	1.302e-8	1.077e-6	1.255e-8	7.445e-7	1.626e-8	7.604e-7	2.402e-8
0.130	6.906e-7	8.343e-9	1.092e-6	1.510e-8	7.600e-7	1.849e-8	7.679e-7	2.134e-8
0.131	6.919e-7	1.099e-8	1.095e-6	1.382e-8	7.634e-7	1.626e-8	7.679e-7	2.102e-8
0.132	6.969e-7	1.141e-8	1.083e-6	1.746e-8	7.555e-7	1.668e-8	7.701e-7	1.981e-8
0.133	6.913e-7	1.146e-8	1.093e-6	1.196e-8	7.589e-7	1.475e-8	7.673e-7	2.224e-8
0.134	6.922e-7	1.414e-8	1.091e-6	8.839e-9	7.795e-7	1.012e-8	7.789e-7	2.055e-8
0.135	7.101e-7	1.664e-8	1.093e-6	1.127e-8	7.713e-7	8.633e-9	7.915e-7	2.248e-8
0.136	7.115e-7	1.040e-8	1.098e-6	1.270e-8	7.706e-7	1.146e-8	7.941e-7	2.095e-8
0.137	7.130e-7	1.300e-8	1.107e-6	1.134e-8	7.713e-7	6.478e-9	7.936e-7	1.644e-8
0.138	7.114e-7	1.515e-8	1.119e-6	1.897e-8	7.801e-7	1.039e-8	7.768e-7	1.340e-8
0.139	7.187e-7	7.476e-9	1.108e-6	6.189e-9	7.794e-7	1.631e-8	8.096e-7	1.778e-8
0.140	7.225e-7	8.219e-9	1.124e-6	1.233e-8	7.901e-7	1.463e-8	7.935e-7	2.018e-8
0.141	7.257e-7	1.084e-8	1.114e-6	1.770e-8	7.929e-7	1.240e-8	8.155e-7	8.270e-9
0.142	7.338e-7	1.406e-8	1.118e-6	1.765e-8	7.889e-7	1.297e-8	8.149e-7	2.053e-8
0.143	7.406e-7	1.079e-8	1.127e-6	1.691e-8	7.982e-7	1.656e-8	8.091e-7	1.689e-8
0.144	7.294e-7	1.436e-8	1.144e-6	1.738e-8	8.039e-7	1.329e-8	8.089e-7	1.773e-8
0.145	7.305e-7	7.328e-9	1.135e-6	1.617e-8	8.062e-7	1.661e-8	8.174e-7	2.129e-8
0.146	7.442e-7	1.406e-8	1.134e-6	1.050e-8	8.109e-7	1.133e-8	8.215e-7	2.464e-8
0.147	7.492e-7	5.446e-9	1.133e-6	2.015e-8	8.018e-7	1.824e-8	8.215e-7	1.518e-8
0.148	7.392e-7	1.047e-8	1.138e-6	1.874e-8	8.093e-7	1.770e-8	8.298e-7	1.808e-8
0.149	7.420e-7	1.619e-8	1.146e-6	1.468e-8	8.165e-7	1.658e-8	8.321e-7	1.850e-8
0.150	7.552e-7	2.191e-8	1.151e-6	1.089e-8	8.119e-7	1.089e-8	8.267e-7	2.387e-8
0.151	7.460e-7	1.540e-8	1.159e-6	1.916e-8	8.271e-7	1.453e-8	8.358e-7	2.102e-8
0.152	7.380e-7	1.607e-8	1.176e-6	1.939e-8	8.389e-7	1.871e-8	8.286e-7	1.758e-8
0.153	7.611e-7	1.637e-8	1.153e-6	2.179e-8	8.259e-7	2.114e-8	8.433e-7	2.560e-8
0.154	7.520e-7	1.386e-8	1.159e-6	1.949e-8	8.238e-7	1.789e-8	8.506e-7	2.377e-8
0.155	7.662e-7	1.082e-8	1.162e-6	1.780e-8	8.334e-7	1.529e-8	8.447e-7	2.949e-8
0.156	7.724e-7	1.186e-8	1.183e-6	2.424e-8	8.307e-7	1.992e-8	8.364e-7	2.030e-8
0.157	7.597e-7	8.937e-9	1.167e-6	2.169e-8	8.384e-7	2.257e-8	8.483e-7	2.003e-8
0.158	7.492e-7	1.560e-8	1.169e-6	2.164e-8	8.458e-7	1.616e-8	8.417e-7	2.446e-8
0.159	7.772e-7	1.926e-8	1.171e-6	2.617e-8	8.381e-7	1.695e-8	8.626e-7	1.783e-8
0.160	7.667e-7	1.300e-8	1.181e-6	2.011e-8	8.403e-7	1.512e-8	8.678e-7	2.075e-8
0.161	7.718e-7	1.713e-8	1.188e-6	1.973e-8	8.473e-7	1.916e-8	8.676e-7	2.385e-8
0.162	7.791e-7	1.488e-8	1.195e-6	2.305e-8	8.424e-7	1.636e-8	8.573e-7	2.070e-8
0.163	7.853e-7	2.043e-8	1.199e-6	1.580e-8	8.574e-7	1.512e-8	8.674e-7	2.637e-8
0.164	7.909e-7	1.384e-8	1.197e-6	2.006e-8	8.557e-7	1.792e-8	8.789e-7	2.476e-8
0.165	7.872e-7	1.030e-8	1.200e-6	2.610e-8	8.734e-7	1.678e-8	8.879e-7	1.884e-8
0.166	7.952e-7	1.297e-8	1.210e-6	2.342e-8	8.599e-7	1.643e-8	8.836e-7	2.548e-8
0.167	7.968e-7	1.604e-8	1.190e-6	2.632e-8	8.675e-7	2.010e-8	9.003e-7	1.528e-8
0.168	7.991e-7	1.372e-8	1.219e-6	2.389e-8	8.750e-7	2.297e-8	8.892e-7	2.667e-8
0.169	8.082e-7	1.235e-8	1.205e-6	2.360e-8	8.775e-7	1.591e-8	9.110e-7	1.736e-8
0.170	8.220e-7	1.208e-8	1.221e-6	2.795e-8	8.751e-7	1.517e-8	9.005e-7	2.134e-8
0.171	8.228e-7	1.421e-8	1.239e-6	1.419e-8	8.721e-7	1.403e-8	8.982e-7	2.446e-8
0.172	8.113e-7	1.936e-8	1.228e-6	2.290e-8	8.965e-7	1.438e-8	9.250e-7	2.664e-8
0.173	8.256e-7	1.379e-8	1.244e-6	2.330e-8	8.919e-7	1.985e-8	9.084e-7	2.664e-8
0.174	8.204e-7	1.931e-8	1.247e-6	1.775e-8	8.846e-7	1.470e-8	9.052e-7	2.952e-8
0.175	8.221e-7	1.297e-8	1.236e-6	2.308e-8	9.005e-7	1.648e-8	9.235e-7	2.112e-8
0.176	8.321e-7	1.495e-8	1.255e-6	2.236e-8	9.073e-7	2.044e-8	9.143e-7	1.946e-8
0.177	8.407e-7	1.057e-8	1.256e-6	2.100e-8	9.131e-7	2.428e-8	9.294e-7	2.025e-8
0.178	8.410e-7	1.983e-8	1.254e-6	3.063e-8	9.173e-7	1.616e-8	9.258e-7	1.986e-8
0.179	8.395e-7	1.946e-8	1.255e-6	2.050e-8	9.259e-7	2.035e-8	9.342e-7	2.771e-8
0.180	8.499e-7	1.490e-8	1.264e-6	2.199e-8	9.117e-7	2.087e-8	9.410e-7	2.620e-8
0.181	8.587e-7	1.637e-8	1.284e-6	2.786e-8	9.133e-7	2.091e-8	9.288e-7	2.075e-8
0.182	8.681e-7	1.208e-8	1.264e-6	2.622e-8	9.193e-7	1.968e-8	9.434e-7	2.295e-8
0.183	8.612e-7	8.764e-9	1.279e-6	1.379e-8	9.308e-7	2.319e-8	9.571e-7	3.266e-8
0.184	8.756e-7	1.372e-8	1.276e-6	2.583e-8	9.313e-7	2.089e-8	9.526e-7	2.315e-8
0.185	8.846e-7	1.582e-8	1.282e-6	2.939e-8	9.321e-7	1.948e-8	9.543e-7	2.273e-8
0.186	8.771e-7	1.951e-8	1.293e-6	2.479e-8	9.302e-7	1.866e-8	9.602e-7	2.025e-8
0.187	8.721e-7	1.736e-8	1.284e-6	3.033e-8	9.386e-7	1.708e-8	9.572e-7	2.454e-8
0.188	8.863e-7	9.680e-9	1.298e-6	2.568e-8	9.480e-7	1.933e-8	9.696e-7	2.471e-8
0.189	8.806e-7	1.369e-8	1.302e-6	3.011e-8	9.484e-7	2.148e-8	9.676e-7	2.491e-8
0.190	8.788e-7	1.273e-8	1.307e-6	2.635e-8	9.559e-7	2.295e-8	9.664e-7	2.679e-8
0.191	8.911e-7	1.575e-8	1.299e-6	2.828e-8	9.552e-7	2.262e-8	9.789e-7	2.491e-8
0.192	8.878e-7	1.144e-8	1.307e-6	2.360e-8	9.552e-7	2.406e-8	9.879e-7	2.932e-8
0.193	8.991e-7	1.847e-8	1.311e-6	2.540e-8	9.546e-7	2.000e-8	9.810e-7	2.315e-8
0.194	9.081e-7	1.959e-8	1.319e-6	2.932e-8	9.626e-7	1.571e-8	9.862e-7	2.553e-8
0.195	9.110e-7	2.077e-8	1.324e-6	2.630e-8	9.776e-7	1.574e-8	9.958e-7	2.734e-8
0.196	9.167e-7	1.154e-8	1.342e-6	2.528e-8	9.695e-7	2.332e-8	9.864e-7	2.422e-8
0.197	9.243e-7	1.070e-8	1.348e-6	2.365e-8	9.833e-7	1.834e-8	9.972e-7	2.107e-8
0.198	9.336e-7	1.590e-8	1.341e-6	2.429e-8	9.852e-7	1.619e-8	1.008e-6	2.323e-8
0.199	9.261e-7	1.765e-8	1.336e-6	2.337e-8	9.902e-7	1.757e-8	1.019e-6	2.437e-8
0.200	9.404e-7	1.807e-8	1.351e-6	1.622e-8	1.003e-6	1.007e-8	1.017e-6	2.545e-8
0.201	9.411e-7	6.956e-9	1.356e-6	2.786e-8	1.009e-6	2.347e-8	1.025e-6	1.822e-8
0.202	9.414e-7	1.894e-8	1.367e-6	2.179e-8	1.012e-6	1.831e-8	1.025e-6	2.266e-8
0.203	9.468e-7	1.112e-8	1.370e-6	2.241e-8	1.021e-6	2.205e-8	1.038e-6	2.508e-8
0.204	9.550e-7	1.651e-8	1.371e-6	2.479e-8	1.029e-6	1.883e-8	1.050e-6	2.001e-8
0.205	9.679e-7	1.570e-8	1.380e-6	2.709e-8	1.029e-6	1.864e-8	1.053e-6	1.921e-8
0.206	9.727e-7	1.590e-8	1.381e-6	2.647e-8	1.027e-6	1.510e-8	1.055e-6	2.726e-8
0.207	9.656e-7	1.290e-8	1.396e-6	2.743e-8	1.049e-6	2.403e-8	1.059e-6	2.243e-8
0.208	9.877e-7	1.590e-8	1.403e-6	2.714e-8	1.034e-6	2.096e-8	1.061e-6	2.357e-8
0.209	9.819e-7	2.055e-8	1.400e-6	2.976e-8	1.042e-6	1.559e-8	1.068e-6	1.936e-8
0.210	9.829e-7	1.238e-8	1.412e-6	2.746e-8	1.055e-6	2.522e-8	1.071e-6	2.902e-8
0.211	1.002e-6	1.820e-8	1.398e-6	2.815e-8	1.045e-6	2.327e-8	1.075e-6	2.380e-8
0.212	1.011e-6	1.443e-8	1.410e-6	2.417e-8	1.050e-6	2.265e-8	1.084e-6	2.991e-8
0.213	1.011e-6	2.030e-8	1.410e-6	2.798e-8	1.057e-6	1.854e-8	1.082e-6	2.897e-8
0.214	1.000e-6	1.510e-8	1.422e-6	2.724e-8	1.062e-6	2.074e-8	1.089e-6	3.474e-8
0.215	1.012e-6	1.592e-8	1.427e-6	2.503e-8	1.081e-6	2.490e-8	1.096e-6	3.209e-8
0.216	1.024e-6	1.555e-8	1.424e-6	2.880e-8	1.069e-6	2.411e-8	1.098e-6	3.073e-8
0.217	1.014e-6	2.258e-8	1.433e-6	3.385e-8	1.086e-6	1.510e-8	1.097e-6	2.417e-8
0.218	1.032e-6	2.107e-8	1.432e-6	3.340e-8	1.076e-6	2.052e-8	1.114e-6	2.600e-8
0.219	1.023e-6	1.733e-8	1.435e-6	3.117e-8	1.089e-6	3.003e-8	1.111e-6	2.957e-8
0.220	1.036e-6	8.120e-9	1.452e-6	2.736e-8	1.083e-6	2.644e-8	1.107e-6	2.704e-8
0.221	1.044e-6	1.798e-8	1.451e-6	2.961e-8	1.093e-6	1.916e-8	1.112e-6	2.818e-8
0.222	1.056e-6	2.048e-8	1.447e-6	2.308e-8	1.083e-6	2.017e-8	1.127e-6	2.902e-8
0.223	1.046e-6	1.968e-8	1.451e-6	3.241e-8	1.097e-6	2.455e-8	1.128e-6	2.783e-8
0.224	1.060e-6	2.134e-8	1.447e-6	2.954e-8	1.102e-6	1.839e-8	1.142e-6	2.397e-8
0.225	1.045e-6	2.174e-8	1.463e-6	2.815e-8	1.110e-6	1.257e-8	1.127e-6	2.516e-8
0.226	1.073e-6	1.807e-8	1.467e-6	2.857e-8	1.101e-6	2.262e-8	1.143e-6	2.645e-8
0.227	1.072e-6	1.240e-8	1.480e-6	2.902e-8	1.108e-6	2.290e-8	1.140e-6	2.550e-8
0.228	1.078e-6	1.337e-8	1.485e-6	3.018e-8	1.121e-6	2.594e-8	1.148e-6	2.593e-8
0.229	1.080e-6	1.879e-8	1.491e-6	2.459e-8	1.127e-6	1.995e-8	1.153e-6	2.939e-8
0.230	1.088e-6	1.624e-8	1.495e-6	3.117e-8	1.127e-6	2.389e-8	1.150e-6	2.840e-8
0.231	1.090e-6	2.300e-8	1.495e-6	3.234e-8	1.133e-6	1.460e-8	1.167e-6	2.783e-8
0.232	1.098e-6	1.193e-8	1.502e-6	2.521e-8	1.141e-6	2.191e-8	1.169e-6	2.672e-8
0.233	1.100e-6	1.988e-8	1.489e-6	2.491e-8	1.138e-6	1.443e-8	1.186e-6	2.830e-8
0.234	1.100e-6	1.463e-8	1.505e-6	2.558e-8	1.144e-6	2.106e-8	1.180e-6	2.595e-8
0.235	1.110e-6	1.483e-8	1.509e-6	2.549e-9	1.157e-6	1.782e-8	1.194e-6	2.446e-8
0.236	1.122e-6	1.859e-8	1.520e-6	2.038e-8	1.141e-6	1.740e-8	1.182e-6	2.805e-8
0.237	1.122e-6	7.575e-9	1.522e-6	2.095e-8	1.164e-6	2.344e-8	1.186e-6	2.954e-8
0.238	1.123e-6	1.669e-8	1.514e-6	2.704e-8	1.170e-6	2.374e-8	1.210e-6	2.508e-8
0.239	1.138e-6	1.481e-8	1.528e-6	3.021e-8	1.158e-6	2.485e-8	1.191e-6	2.461e-8
0.240	1.139e-6	1.879e-8	1.530e-6	3.100e-8	1.156e-6	2.079e-8	1.199e-6	2.989e-8
0.241	1.133e-6	1.349e-8	1.534e-6	3.031e-8	1.166e-6	2.550e-8	1.193e-6	2.796e-8
0.242	1.130e-6	1.552e-8	1.526e-6	3.008e-8	1.185e-6	2.448e-8	1.204e-6	2.667e-8
0.243	1.133e-6	1.696e-8	1.548e-6	3.107e-8	1.175e-6	2.663e-8	1.203e-6	3.269e-8
0.244	1.150e-6	2.372e-8	1.543e-6	2.860e-8	1.181e-6	1.742e-8	1.211e-6	2.825e-8
0.245	1.145e-6	1.560e-8	1.532e-6	3.439e-8	1.185e-6	2.386e-8	1.209e-6	2.365e-8
0.246	1.154e-6	1.971e-8	1.541e-6	3.729e-8	1.189e-6	2.210e-8	1.214e-6	2.602e-8
0.247	1.163e-6	1.847e-8	1.547e-6	3.058e-8	1.173e-6	2.386e-8	1.223e-6	2.788e-8
0.248	1.156e-6	2.223e-8	1.548e-6	2.139e-8	1.176e-6	2.364e-8	1.216e-6	3.469e-8
0.249	1.148e-6	1.463e-8	1.556e-6	3.001e-8	1.195e-6	3.159e-8	1.213e-6	3.345e-8
0.250	1.167e-6	1.602e-8	1.555e-6	2.907e-8	1.170e-6	2.463e-8	1.216e-6	3.330e-8
0.251	1.166e-6	1.330e-8	1.557e-6	3.286e-8	1.184e-6	3.087e-8	1.210e-6	2.746e-8
0.252	1.160e-6	1.743e-8	1.555e-6	3.672e-8	1.194e-6	2.743e-8	1.210e-6	2.127e-8
0.253	1.164e-6	1.916e-8	1.558e-6	2.679e-8	1.190e-6	2.599e-8	1.225e-6	3.358e-8
0.254	1.150e-6	1.495e-8	1.556e-6	2.803e-8	1.203e-6	2.708e-8	1.223e-6	2.828e-8
0.255	1.162e-6	1.760e-8	1.556e-6	2.850e-8	1.196e-6	2.203e-8	1.235e-6	2.865e-8
0.256	1.168e-6	1.815e-8	1.567e-6	2.734e-8	1.199e-6	2.406e-8	1.222e-6	2.860e-8
0.257	1.172e-6	1.634e-8	1.570e-6	2.419e-8	1.201e-6	2.485e-8	1.222e-6	2.989e-8
0.258	1.174e-6	1.713e-8	1.571e-6	2.875e-8	1.197e-6	1.814e-8	1.230e-6	2.654e-8
0.259	1.176e-6	1.575e-8	1.570e-6	2.392e-8	1.205e-6	2.364e-8	1.241e-6	2.749e-8
0.260	1.201e-6	1.339e-8	1.569e-6	2.142e-8	1.189e-6	2.143e-8	1.255e-6	2.352e-8
0.261	1.188e-6	1.760e-8	1.584e-6	3.526e-8	1.203e-6	2.210e-8	1.241e-6	1.545e-8
0.262	1.186e-6	1.580e-8	1.574e-6	2.929e-8	1.208e-6	2.277e-8	1.243e-6	2.516e-8
0.263	1.196e-6	2.129e-8	1.593e-6	3.026e-8	1.218e-6	1.391e-8	1.240e-6	2.672e-8
0.264	1.199e-6	1.632e-8	1.579e-6	2.431e-8	1.210e-6	2.124e-8	1.253e-6	3.004e-8
0.265	1.195e-6	2.233e-8	1.578e-6	2.360e-8	1.222e-6	1.623e-8	1.254e-6	2.746e-8
0.266	1.203e-6	1.411e-8	1.588e-6	2.830e-8	1.206e-6	2.389e-8	1.253e-6	2.924e-8
0.267	1.200e-6	2.228e-8	1.597e-6	3.063e-8	1.212e-6	1.495e-8	1.252e-6	2.419e-8
0.268	1.207e-6	1.914e-8	1.594e-6	3.249e-8	1.205e-6	2.451e-8	1.240e-6	2.808e-8
0.269	1.196e-6	1.941e-8	1.591e-6	3.739e-8	1.221e-6	2.522e-8	1.246e-6	2.147e-8
0.270	1.199e-6	1.448e-8	1.594e-6	2.724e-8	1.221e-6	2.411e-8	1.246e-6	3.182e-8
0.271	1.202e-6	1.198e-8	1.581e-6	3.306e-8	1.216e-6	3.265e-8	1.241e-6	2.820e-8
0.272	1.195e-6	2.110e-8	1.592e-6	3.605e-8	1.224e-6	2.413e-8	1.247e-6	3.202e-8
0.273	1.213e-6	1.691e-8	1.602e-6	2.545e-8	1.214e-6	2.745e-8	1.242e-6	3.756e-8
0.274	1.204e-6	1.577e-8	1.594e-6	3.558e-8	1.212e-6	2.911e-8	1.254e-6	2.788e-8
0.275	1.201e-6	1.337e-8	1.591e-6	4.083e-8	1.203e-6	3.072e-8	1.257e-6	2.870e-8
0.276	1.199e-6	1.798e-8	1.592e-6	3.380e-8	1.209e-6	2.275e-8	1.233e-6	3.053e-8
0.277	1.205e-6	2.149e-8	1.598e-6	3.209e-8	1.218e-6	2.342e-8	1.238e-6	3.244e-8
0.278	1.195e-6	1.644e-8	1.597e-6	3.216e-8	1.213e-6	3.040e-8	1.245e-6	2.924e-8
0.279	1.212e-6	1.904e-8	1.597e-6	3.727e-8	1.214e-6	2.116e-8	1.251e-6	2.739e-8
0.280	1.197e-6	1.869e-8	1.602e-6	3.125e-8	1.223e-6	2.859e-8	1.244e-6	3.065e-8
0.281	1.209e-6	1.884e-8	1.601e-6	2.461e-8	1.203e-6	2.403e-8	1.238e-6	3.303e-8
0.282	1.193e-6	1.904e-8	1.604e-6	3.251e-8	1.222e-6	2.183e-8	1.238e-6	2.122e-8
0.283	1.209e-6	1.827e-8	1.606e-6	3.107e-8	1.215e-6	2.322e-8	1.252e-6	3.392e-8
0.284	1.207e-6	1.523e-8	1.608e-6	3.157e-8	1.217e-6	2.324e-8	1.244e-6	3.281e-8
0.285	1.215e-6	1.530e-8	1.606e-6	3.897e-8	1.214e-6	2.614e-8	1.240e-6	2.179e-8
0.286	1.203e-6	2.117e-8	1.614e-6	3.600e-8	1.224e-6	1.762e-8	1.238e-6	2.808e-8
0.287	1.218e-6	1.416e-8	1.606e-6	3.130e-8	1.223e-6	2.646e-8	1.246e-6	2.749e-8
0.288	1.209e-6	2.063e-8	1.611e-6	2.753e-8	1.214e-6	1.641e-8	1.239e-6	2.699e-8
0.289	1.225e-6	1.830e-8	1.617e-6	2.966e-8	1.214e-6	1.680e-8	1.235e-6	2.432e-8
0.290	1.225e-6	1.944e-8	1.616e-6	3.041e-8	1.224e-6	2.106e-8	1.243e-6	3.306e-8
0.291	1.216e-6	1.961e-8	1.612e-6	3.216e-8	1.213e-6	1.638e-8	1.241e-6	2.585e-8
0.292	1.223e-6	2.345e-8	1.626e-6	2.716e-8	1.219e-6	2.010e-8	1.236e-6	3.016e-8
0.293	1.216e-6	1.802e-8	1.619e-6	3.447e-8	1.227e-6	1.948e-8	1.251e-6	2.597e-8
0.294	1.232e-6	1.820e-8	1.627e-6	3.410e-8	1.205e-6	2.146e-8	1.248e-6	2.479e-8
0.295	1.224e-6	1.604e-8	1.619e-6	3.003e-8	1.222e-6	2.428e-8	1.250e-6	3.085e-8
0.296	1.230e-6	1.869e-8	1.623e-6	3.254e-8	1.212e-6	2.126e-8	1.249e-6	2.449e-8
0.297	1.231e-6	1.404e-8	1.624e-6	2.506e-8	1.214e-6	1.945e-8	1.252e-6	2.828e-8
0.298	1.215e-6	1.778e-8	1.622e-6	3.984e-8	1.225e-6	2.302e-8	1.258e-6	2.365e-8
0.299	1.235e-6	2.206e-8	1.637e-6	3.085e-8	1.211e-6	2.171e-8	1.249e-6	2.441e-8
0.300	1.233e-6	1.629e-8	1.617e-6	3.041e-8	1.228e-6	2.376e-8	1.264e-6	2.687e-8
0.301	1.224e-6	1.377e-8	1.635e-6	3.063e-8	1.228e-6	2.946e-8	1.234e-6	3.184e-8
0.302	1.235e-6	1.869e-8	1.633e-6	2.971e-8	1.221e-6	1.851e-8	1.254e-6	2.828e-8
0.303	1.226e-6	1.842e-8	1.629e-6	2.649e-8	1.225e-6	2.609e-8	1.249e-6	3.553e-8
0.304	1.230e-6	2.162e-8	1.632e-6	2.800e-8	1.226e-6	2.277e-8	1.254e-6	3.581e-8
0.305	1.232e-6	1.263e-8	1.633e-6	3.259e-8	1.218e-6	2.805e-8	1.249e-6	2.684e-8
0.306	1.230e-6	2.176e-8	1.640e-6	3.155e-8	1.225e-6	2.431e-8	1.236e-6	2.917e-8
0.307	1.226e-6	2.122e-8	1.642e-6	3.675e-8	1.235e-6	2.210e-8	1.250e-6	3.011e-8
0.308	1.228e-6	1.424e-8	1.630e-6	3.043e-8	1.219e-6	2.775e-8	1.264e-6	3.026e-8
0.309	1.240e-6	1.733e-8	1.635e-6	3.427e-8	1.215e-6	2.597e-8	1.261e-6	2.744e-8
0.310	1.224e-6	1.547e-8	1.639e-6	3.157e-8	1.231e-6	2.715e-8	1.254e-6	3.273e-8
0.311	1.219e-6	2.060e-8	1.643e-6	3.080e-8	1.245e-6	3.052e-8	1.253e-6	2.627e-8
0.312	1.235e-6	1.614e-8	1.645e-6	2.674e-8	1.233e-6	2.735e-8	1.254e-6	3.363e-8
0.313	1.234e-6	1.074e-8	1.641e-6	2.877e-8	1.230e-6	2.512e-8	1.252e-6	3.137e-8
0.314	1.239e-6	2.159e-8	1.652e-6	2.677e-8	1.220e-6	2.998e-8	1.236e-6	2.776e-8
0.315	1.221e-6	2.493e-8	1.643e-6	2.449e-8	1.238e-6	2.220e-8	1.247e-6	3.672e-8
0.316	1.232e-6	1.248e-8	1.644e-6	3.905e-8	1.237e-6	3.176e-8	1.251e-6	2.833e-8
0.317	1.234e-6	2.080e-8	1.643e-6	2.986e-8	1.233e-6	2.584e-8	1.241e-6	2.763e-8
0.318	1.232e-6	2.206e-8	1.644e-6	3.813e-8	1.242e-6	2.894e-8	1.258e-6	2.954e-8
0.319	1.236e-6	1.245e-8	1.646e-6	3.107e-8	1.237e-6	3.443e-8	1.253e-6	3.162e-8
0.320	1.224e-6	1.847e-8	1.637e-6	3.462e-8	1.238e-6	2.594e-8	1.251e-6	3.474e-8
0.321	1.235e-6	1.991e-8	1.641e-6	3.318e-8	1.227e-6	2.277e-8	1.249e-6	2.872e-8
0.322	1.242e-6	1.488e-8	1.638e-6	3.078e-8	1.240e-6	2.800e-8	1.260e-6	3.177e-8
0.323	1.246e-6	1.486e-8	1.646e-6	3.675e-8	1.234e-6	3.072e-8	1.244e-6	2.605e-8
0.324	1.234e-6	1.956e-8	1.637e-6	4.058e-8	1.222e-6	2.668e-8	1.247e-6	2.474e-8
0.325	1.238e-6	1.879e-8	1.648e-6	3.001e-8	1.233e-6	2.735e-8	1.260e-6	3.117e-8
0.326	1.240e-6	1.587e-8	1.634e-6	3.474e-8	1.225e-6	2.693e-8	1.256e-6	3.058e-8
0.327	1.240e-6	1.325e-8	1.660e-6	3.600e-8	1.231e-6	3.079e-8	1.247e-6	2.996e-8
0.328	1.245e-6	2.025e-8	1.648e-6	3.387e-8	1.236e-6	2.671e-8	1.255e-6	3.207e-8
0.329	1.249e-6	2.585e-8	1.652e-6	3.402e-8	1.223e-6	2.332e-8	1.253e-6	2.684e-8
0.330	1.253e-6	1.765e-8	1.650e-6	3.249e-8	1.219e-6	2.421e-8	1.254e-6	2.850e-8
0.331	1.244e-6	1.607e-8	1.641e-6	2.986e-8	1.239e-6	2.587e-8	1.257e-6	2.697e-8
0.332	1.242e-6	1.646e-8	1.658e-6	3.375e-8	1.242e-6	2.027e-8	1.257e-6	2.169e-8
0.333	1.253e-6	2.397e-8	1.660e-6	2.847e-8	1.237e-6	2.344e-8	1.258e-6	2.947e-8
0.334	1.245e-6	1.282e-8	1.648e-6	2.602e-8	1.240e-6	2.394e-8	1.263e-6	2.796e-8
0.335	1.258e-6	1.253e-8	1.660e-6	2.486e-8	1.230e-6	2.072e-8	1.255e-6	2.716e-8
0.336	1.250e-6	1.617e-8	1.663e-6	2.627e-8	1.239e-6	2.287e-8	1.258e-6	2.516e-8
0.337	1.255e-6	1.327e-8	1.656e-6	2.587e-8	1.238e-6	2.208e-8	1.260e-6	2.516e-8
0.338	1.257e-6	9.160e-9	1.653e-6	2.367e-8	1.238e-6	2.394e-8	1.264e-6	2.803e-8
0.339	1.255e-6	2.033e-8	1.658e-6	2.818e-8	1.252e-6	1.760e-8	1.270e-6	2.593e-8
0.340	1.262e-6	1.347e-8	1.657e-6	2.786e-8	1.248e-6	2.493e-8	1.266e-6	2.082e-8
0.341	1.255e-6	1.852e-8	1.659e-6	2.664e-8	1.251e-6	2.673e-8	1.272e-6	1.996e-8
0.342	1.264e-6	1.741e-8	1.671e-6	3.083e-8	1.252e-6	2.230e-8	1.266e-6	2.216e-8
0.343	1.262e-6	1.362e-8	1.659e-6	2.550e-8	1.252e-6	2.384e-8	1.272e-6	2.162e-8
0.344	1.262e-6	1.315e-8	1.672e-6	3.028e-8	1.248e-6	2.909e-8	1.263e-6	2.590e-8
0.345	1.263e-6	2.375e-8	1.673e-6	3.419e-8	1.258e-6	1.066e-8	1.269e-6	2.647e-8
0.346	1.273e-6	1.193e-8	1.672e-6	3.075e-8	1.257e-6	2.332e-8	1.268e-6	3.083e-8
0.347	1.273e-6	1.867e-8	1.671e-6	2.590e-8	1.251e-6	1.973e-8	1.276e-6	2.449e-8
0.348	1.262e-6	1.659e-8	1.664e-6	2.669e-8	1.255e-6	2.173e-8	1.270e-6	3.122e-8
0.349	1.255e-6	1.830e-8	1.676e-6	3.479e-8	1.259e-6	2.399e-8	1.271e-6	2.484e-8
0.350	1.262e-6	1.230e-8	1.670e-6	1.961e-8	1.264e-6	2.490e-8	1.292e-6	3.558e-8
0.351	1.262e-6	1.302e-8	1.669e-6	3.142e-8	1.260e-6	2.458e-8	1.281e-6	2.711e-8
0.352	1.266e-6	1.599e-8	1.670e-6	3.125e-8	1.244e-6	3.265e-8	1.277e-6	2.627e-8
0.353	1.270e-6	1.565e-8	1.661e-6	2.944e-8	1.248e-6	2.379e-8	1.278e-6	2.751e-8
0.354	1.260e-6	1.991e-8	1.662e-6	3.211e-8	1.262e-6	2.064e-8	1.275e-6	3.113e-8
0.355	1.262e-6	1.461e-8	1.658e-6	3.110e-8	1.251e-6	2.966e-8	1.274e-6	3.145e-8
0.356	1.265e-6	2.122e-8	1.653e-6	2.568e-8	1.244e-6	2.161e-8	1.275e-6	3.457e-8
0.357	1.261e-6	9.358e-9	1.666e-6	3.147e-8	1.260e-6	2.785e-8	1.273e-6	3.011e-8
0.358	1.274e-6	2.325e-8	1.665e-6	2.431e-8	1.247e-6	1.940e-8	1.268e-6	3.709e-8
0.359	1.276e-6	2.144e-8	1.666e-6	2.709e-8	1.239e-6	2.054e-8	1.264e-6	2.786e-8
0.360	1.266e-6	1.924e-8	1.663e-6	3.350e-8	1.256e-6	2.361e-8	1.280e-6	2.615e-8
0.361	1.251e-6	1.552e-8	1.661e-6	3.367e-8	1.260e-6	2.594e-8	1.285e-6	2.719e-8
0.362	1.271e-6	2.275e-8	1.671e-6	3.130e-8	1.255e-6	2.176e-8	1.258e-6	2.979e-8
0.363	1.263e-6	1.907e-8	1.663e-6	2.867e-8	1.249e-6	1.955e-8	1.266e-6	2.538e-8
0.364	1.257e-6	4.133e-9	1.659e-6	2.709e-8	1.255e-6	2.792e-8	1.270e-6	2.919e-8
0.365	1.272e-6	1.582e-8	1.656e-6	2.506e-8	1.247e-6	2.287e-8	1.277e-6	3.110e-8
0.366	1.262e-6	1.986e-8	1.661e-6	2.795e-8	1.245e-6	1.700e-8	1.269e-6	2.590e-8
0.367	1.264e-6	1.617e-8	1.664e-6	2.258e-8	1.259e-6	2.195e-8	1.274e-6	2.744e-8
0.368	1.272e-6	1.193e-8	1.667e-6	2.758e-8	1.255e-6	2.200e-8	1.267e-6	2.555e-8
0.369	1.271e-6	1.389e-8	1.658e-6	3.202e-8	1.249e-6	2.049e-8	1.277e-6	2.377e-8
0.370	1.264e-6	1.743e-8	1.662e-6	3.400e-8	1.251e-6	1.931e-8	1.269e-6	2.333e-8
0.371	1.268e-6	1.196e-8	1.664e-6	2.726e-8	1.247e-6	2.235e-8	1.268e-6	2.615e-8
0.372	1.259e-6	1.344e-8	1.671e-6	2.835e-8	1.254e-6	1.472e-8	1.264e-6	2.526e-8
0.373	1.256e-6	1.448e-8	1.665e-6	2.595e-8	1.261e-6	1.948e-8	1.267e-6	2.877e-8
0.374	1.256e-6	1.332e-8	1.676e-6	2.597e-8	1.249e-6	1.874e-8	1.261e-6	2.763e-8
0.375	1.266e-6	1.206e-8	1.672e-6	2.709e-8	1.254e-6	1.950e-8	1.262e-6	2.479e-8
0.376	1.280e-6	1.726e-8	1.671e-6	2.672e-8	1.246e-6	1.945e-8	1.277e-6	2.600e-8
0.377	1.273e-6	1.775e-8	1.669e-6	2.773e-8	1.251e-6	2.191e-8	1.275e-6	2.808e-8
0.378	1.271e-6	1.285e-8	1.660e-6	2.951e-8	1.257e-6	1.589e-8	1.271e-6	2.137e-8
0.379	1.277e-6	1.275e-8	1.663e-6	2.612e-8	1.242e-6	2.037e-8	1.265e-6	2.501e-8
0.380	1.273e-6	8.615e-9	1.675e-6	2.590e-8	1.241e-6	1.886e-8	1.264e-6	2.380e-8
0.381	1.264e-6	1.582e-8	1.656e-6	2.184e-8	1.254e-6	1.874e-8	1.268e-6	3.004e-8
0.382	1.267e-6	8.516e-9	1.656e-6	2.575e-8	1.240e-6	2.423e-8	1.270e-6	2.632e-8
0.383	1.277e-6	1.122e-8	1.658e-6	2.313e-8	1.251e-6	2.252e-8	1.276e-6	2.974e-8
0.384	1.259e-6	1.320e-8	1.648e-6	2.365e-8	1.250e-6	2.136e-8	1.276e-6	2.922e-8
0.385	1.273e-6	1.268e-8	1.661e-6	2.491e-8	1.241e-6	2.027e-8	1.268e-6	3.360e-8
0.386	1.260e-6	1.248e-8	1.653e-6	2.298e-8	1.247e-6	2.391e-8	1.274e-6	2.731e-8
0.387	1.264e-6	1.538e-8	1.644e-6	2.548e-8	1.240e-6	2.349e-8	1.273e-6	2.174e-8
0.388	1.252e-6	1.384e-8	1.640e-6	2.615e-8	1.243e-6	1.527e-8	1.266e-6	2.266e-8
0.389	1.255e-6	1.226e-8	1.650e-6	2.679e-8	1.254e-6	2.213e-8	1.266e-6	2.394e-8
0.390	1.252e-6	1.852e-8	1.639e-6	2.877e-8	1.247e-6	1.633e-8	1.254e-6	1.959e-8
0.391	1.267e-6	1.238e-8	1.633e-6	2.964e-8	1.230e-6	2.616e-8	1.266e-6	3.120e-8
0.392	1.247e-6	1.213e-8	1.636e-6	2.555e-8	1.240e-6	2.490e-8	1.267e-6	2.531e-8
0.393	1.260e-6	1.273e-8	1.633e-6	1.850e-8	1.227e-6	2.015e-8	1.261e-6	2.895e-8
0.394	1.246e-6	1.775e-8	1.629e-6	2.100e-8	1.239e-6	1.831e-8	1.253e-6	2.860e-8
0.395	1.252e-6	1.099e-8	1.633e-6	2.570e-8	1.234e-6	1.844e-8	1.261e-6	3.023e-8
0.396	1.252e-6	8.690e-9	1.628e-6	2.446e-8	1.230e-6	2.327e-8	1.255e-6	2.439e-8
0.397	1.249e-6	1.639e-8	1.622e-6	2.003e-8	1.231e-6	1.955e-8	1.250e-6	3.417e-8
0.398	1.248e-6	1.431e-8	1.625e-6	2.974e-8	1.227e-6	2.327e-8	1.254e-6	2.573e-8
0.399	1.245e-6	1.136e-8	1.609e-6	2.191e-8	1.234e-6	1.807e-8	1.260e-6	2.387e-8
0.400	1.251e-6	6.907e-9	1.634e-6	2.300e-8	1.230e-6	2.064e-8	1.239e-6	1.951e-8
0.401	1.228e-6	1.243e-8	1.624e-6	1.857e-8	1.236e-6	1.693e-8	1.254e-6	2.266e-8
0.402	1.236e-6	1.429e-8	1.616e-6	2.028e-8	1.242e-6	1.247e-8	1.263e-6	2.313e-8
0.403	1.247e-6	9.234e-9	1.620e-6	2.100e-8	1.226e-6	1.955e-8	1.247e-6	1.907e-8
0.404	1.242e-6	1.505e-8	1.622e-6	2.258e-8	1.226e-6	1.794e-8	1.248e-6	2.229e-8
0.405	1.253e-6	4.802e-9	1.623e-6	1.748e-8	1.221e-6	1.742e-8	1.262e-6	2.404e-8
0.406	1.244e-6	8.566e-9	1.617e-6	2.431e-8	1.230e-6	1.720e-8	1.253e-6	1.605e-8
0.407	1.234e-6	1.186e-8	1.626e-6	2.204e-8	1.239e-6	1.708e-8	1.247e-6	1.775e-8
0.408	1.234e-6	9.309e-9	1.610e-6	1.713e-8	1.230e-6	1.874e-8	1.265e-6	2.533e-8
0.409	1.255e-6	1.164e-8	1.615e-6	1.471e-8	1.219e-6	1.931e-8	1.256e-6	2.669e-8
0.410	1.237e-6	1.087e-8	1.610e-6	2.278e-8	1.224e-6	1.460e-8	1.246e-6	1.602e-8
0.411	1.236e-6	1.156e-8	1.612e-6	1.463e-8	1.217e-6	1.081e-8	1.247e-6	2.709e-8
0.412	1.235e-6	7.947e-9	1.604e-6	2.013e-8	1.225e-6	1.363e-8	1.254e-6	2.110e-8
0.413	1.230e-6	7.873e-9	1.619e-6	1.183e-8	1.228e-6	1.589e-8	1.249e-6	2.350e-8
0.414	1.227e-6	9.829e-9	1.603e-6	2.273e-8	1.226e-6	1.544e-8	1.243e-6	1.572e-8
0.415	1.242e-6	5.594e-9	1.615e-6	2.092e-8	1.209e-6	2.126e-8	1.231e-6	1.855e-8
0.416	1.232e-6	7.204e-9	1.604e-6	1.664e-8	1.221e-6	1.666e-8	1.244e-6	2.253e-8
0.417	1.237e-6	5.273e-9	1.601e-6	2.048e-8	1.204e-6	1.564e-8	1.237e-6	2.392e-8
0.418	1.232e-6	1.126e-8	1.610e-6	2.251e-8	1.215e-6	1.051e-8	1.226e-6	1.761e-8
0.419	1.222e-6	6.915e-10	1.586e-6	2.087e-8	1.217e-6	1.973e-8	1.242e-6	2.704e-8
0.420	1.231e-6	5.941e-9	1.602e-6	1.921e-8	1.206e-6	1.812e-8	1.230e-6	2.238e-8
0.421	1.228e-6	1.035e-8	1.605e-6	1.278e-8	1.206e-6	1.505e-8	1.235e-6	3.080e-8
0.422	1.228e-6	7.229e-9	1.594e-6	2.370e-8	1.208e-6	1.829e-8	1.237e-6	2.038e-8
0.423	1.220e-6	9.581e-9	1.586e-6	1.728e-8	1.205e-6	1.512e-8	1.239e-6	2.432e-8
0.424	1.217e-6	6.585e-9	1.573e-6	1.461e-8	1.210e-6	1.906e-8	1.240e-6	2.303e-8
0.425	1.207e-6	5.396e-9	1.570e-6	1.954e-8	1.211e-6	1.284e-8	1.226e-6	2.224e-8
0.426	1.212e-6	2.326e-9	1.591e-6	9.631e-9	1.206e-6	1.983e-8	1.215e-6	2.687e-8
0.427	1.212e-6	6.461e-9	1.578e-6	1.483e-8	1.195e-6	1.527e-8	1.230e-6	2.437e-8
0.428	1.216e-6	6.709e-9	1.572e-6	1.830e-8	1.204e-6	1.430e-8	1.226e-6	1.716e-8
0.429	1.197e-6	-1.958e-9	1.562e-6	1.198e-8	1.196e-6	2.235e-8	1.228e-6	2.092e-8
0.430	1.198e-6	4.530e-9	1.574e-6	1.671e-8	1.198e-6	1.517e-8	1.212e-6	1.696e-8
0.431	1.207e-6	7.996e-9	1.575e-6	9.903e-9	1.201e-6	1.646e-8	1.209e-6	1.657e-8
0.432	1.209e-6	7.427e-9	1.585e-6	-2.923e-9	1.191e-6	1.106e-8	1.218e-6	1.401e-8
0.433	1.204e-6	7.798e-9	1.569e-6	1.431e-8	1.194e-6	1.326e-8	1.219e-6	1.780e-8
0.434	1.204e-6	6.090e-9	1.562e-6	1.253e-8	1.187e-6	1.121e-8	1.220e-6	1.684e-8
0.435	1.202e-6	6.238e-9	1.568e-6	7.204e-9	1.197e-6	9.623e-9	1.210e-6	2.134e-8
0.436	1.205e-6	8.739e-9	1.551e-6	1.703e-8	1.188e-6	9.103e-9	1.222e-6	1.758e-8
0.437	1.201e-6	9.705e-9	1.560e-6	9.953e-9	1.189e-6	5.215e-9	1.217e-6	2.132e-8
0.438	1.195e-6	1.203e-8	1.564e-6	4.208e-9	1.191e-6	1.287e-8	1.210e-6	2.407e-8
0.439	1.191e-6	3.193e-9	1.550e-6	5.050e-9	1.193e-6	1.250e-8	1.212e-6	2.498e-8
0.440	1.186e-6	2.821e-9	1.540e-6	4.530e-9	1.186e-6	9.549e-9	1.227e-6	2.588e-8
0.441	1.193e-6	1.286e-9	1.540e-6	1.389e-8	1.188e-6	1.510e-8	1.221e-6	1.471e-8
0.442	1.180e-6	-1.751e-10	1.554e-6	1.124e-8	1.187e-6	9.078e-9	1.213e-6	1.109e-8
0.443	1.208e-6	9.725e-11	1.539e-6	1.312e-8	1.173e-6	1.616e-8	1.213e-6	1.409e-8
0.444	1.192e-6	4.876e-9	1.549e-6	9.086e-9	1.185e-6	8.781e-9	1.211e-6	1.557e-8
0.445	1.188e-6	-1.017e-9	1.540e-6	6.932e-9	1.183e-6	1.133e-8	1.216e-6	1.723e-8
0.446	1.199e-6	4.926e-9	1.546e-6	1.510e-8	1.177e-6	4.349e-9	1.213e-6	1.124e-8
0.447	1.190e-6	2.425e-9	1.550e-6	1.265e-8	1.184e-6	5.315e-9	1.212e-6	1.540e-8
0.448	1.195e-6	2.177e-9	1.543e-6	1.226e-8	1.180e-6	7.865e-9	1.204e-6	9.359e-9
0.449	1.185e-6	-2.651e-9	1.541e-6	1.102e-8	1.185e-6	1.009e-8	1.215e-6	1.092e-8
0.450	1.190e-6	-3.741e-9	1.543e-6	8.640e-9	1.170e-6	1.094e-8	1.209e-6	1.211e-8
0.451	1.192e-6	-6.415e-9	1.543e-6	1.156e-8	1.166e-6	1.678e-8	1.204e-6	1.704e-8
0.452	1.188e-6	-2.899e-9	1.529e-6	8.442e-9	1.169e-6	5.735e-9	1.205e-6	1.042e-8
0.453	1.187e-6	-4.806e-9	1.529e-6	8.517e-9	1.171e-6	8.558e-9	1.210e-6	1.109e-8
0.454	1.194e-6	1.434e-9	1.539e-6	1.384e-8	1.166e-6	5.612e-9	1.193e-6	1.436e-8
0.455	1.184e-6	-3.345e-9	1.540e-6	1.119e-8	1.172e-6	6.355e-9	1.198e-6	1.033e-8
0.456	1.197e-6	-3.246e-9	1.529e-6	1.070e-8	1.162e-6	1.014e-8	1.200e-6	1.597e-8
0.457	1.184e-6	-5.713e-10	1.529e-6	1.268e-8	1.179e-6	3.878e-9	1.205e-6	1.340e-8
0.458	1.178e-6	7.249e-11	1.530e-6	-1.748e-10	1.174e-6	8.360e-9	1.191e-6	1.874e-8
0.459	1.181e-6	-7.609e-11	1.538e-6	1.478e-8	1.179e-6	9.326e-9	1.197e-6	8.815e-9
0.460	1.189e-6	-2.057e-9	1.527e-6	1.307e-8	1.178e-6	9.475e-9	1.194e-6	1.468e-8
0.461	1.191e-6	-7.282e-9	1.526e-6	5.941e-9	1.159e-6	1.084e-8	1.200e-6	1.176e-8
0.462	1.185e-6	-4.236e-9	1.514e-6	-1.834e-9	1.160e-6	7.716e-9	1.199e-6	1.233e-8
0.463	1.190e-6	-6.935e-9	1.533e-6	8.987e-9	1.156e-6	4.844e-9	1.194e-6	8.394e-9
0.464	1.191e-6	-8.545e-9	1.529e-6	3.416e-9	1.165e-6	9.821e-9	1.188e-6	1.094e-8
0.465	1.181e-6	5.182e-10	1.511e-6	3.688e-9	1.168e-6	3.457e-9	1.209e-6	1.154e-8
0.466	1.184e-6	-9.675e-10	1.533e-6	2.524e-9	1.172e-6	8.831e-9	1.185e-6	9.533e-9
0.467	1.194e-6	-8.190e-10	1.525e-6	2.153e-9	1.165e-6	5.092e-9	1.197e-6	1.042e-8
0.468	1.186e-6	-7.257e-9	1.522e-6	4.926e-9	1.169e-6	9.276e-9	1.192e-6	8.938e-9
0.469	1.185e-6	-7.356e-9	1.529e-6	-5.400e-9	1.174e-6	9.846e-9	1.187e-6	1.711e-8
0.470	1.179e-6	-9.238e-9	1.530e-6	1.831e-9	1.156e-6	9.004e-9	1.186e-6	9.533e-9
0.471	1.193e-6	-7.609e-11	1.512e-6	1.732e-9	1.154e-6	3.185e-9	1.199e-6	8.196e-9
0.472	1.182e-6	-1.908e-9	1.509e-6	4.307e-9	1.157e-6	4.894e-9	1.198e-6	7.676e-9
0.473	1.170e-6	-4.707e-9	1.516e-6	6.090e-9	1.174e-6	1.128e-8	1.190e-6	8.938e-9
0.474	1.176e-6	-7.505e-9	1.502e-6	2.945e-9	1.164e-6	4.299e-9	1.206e-6	1.025e-8
0.475	1.173e-6	-6.465e-9	1.514e-6	1.732e-9	1.171e-6	4.423e-9	1.189e-6	6.215e-9
0.476	1.181e-6	-5.771e-9	1.510e-6	3.947e-10	1.155e-6	2.541e-9	1.193e-6	8.864e-9
0.477	1.181e-6	-5.152e-9	1.509e-6	2.425e-9	1.150e-6	1.476e-9	1.186e-6	9.236e-9
0.478	1.181e-6	-2.230e-9	1.503e-6	-1.512e-9	1.151e-6	4.612e-10	1.189e-6	1.238e-8
0.479	1.173e-6	-7.307e-9	1.506e-6	-4.224e-10	1.166e-6	2.219e-9	1.195e-6	1.226e-8
0.480	1.174e-6	-6.960e-9	1.510e-6	-2.986e-10	1.149e-6	5.290e-9	1.187e-6	1.337e-8
0.481	1.174e-6	-5.846e-9	1.504e-6	2.722e-9	1.156e-6	8.212e-9	1.193e-6	2.005e-9
0.482	1.172e-6	-8.198e-9	1.488e-6	6.585e-9	1.163e-6	3.655e-9	1.196e-6	6.314e-9
0.483	1.167e-6	-1.388e-9	1.497e-6	3.688e-9	1.159e-6	1.798e-9	1.183e-6	1.275e-8
0.484	1.173e-6	-2.800e-9	1.503e-6	-5.102e-9	1.163e-6	5.909e-9	1.183e-6	9.904e-9
0.485	1.176e-6	-3.716e-9	1.506e-6	-4.558e-9	1.153e-6	3.457e-9	1.164e-6	1.387e-8
0.486	1.160e-6	-1.045e-8	1.499e-6	-8.434e-10	1.163e-6	3.507e-9	1.185e-6	1.015e-8
0.487	1.177e-6	-7.257e-9	1.504e-6	-1.289e-9	1.149e-6	4.225e-9	1.177e-6	8.418e-9
0.488	1.166e-6	-1.280e-8	1.494e-6	-6.167e-9	1.156e-6	8.261e-9	1.181e-6	1.263e-8
0.489	1.165e-6	-5.722e-9	1.482e-6	-5.003e-9	1.159e-6	2.269e-9	1.185e-6	1.107e-8
0.490	1.170e-6	-7.926e-9	1.491e-6	-1.908e-9	1.148e-6	7.088e-10	1.191e-6	2.996e-9
0.491	1.166e-6	-7.901e-9	1.498e-6	-3.394e-9	1.155e-6	1.922e-9	1.175e-6	1.171e-8
0.492	1.170e-6	-1.735e-9	1.468e-6	-6.453e-10	1.139e-6	-3.303e-9	1.183e-6	8.418e-9
0.493	1.162e-6	-6.118e-9	1.483e-6	-5.746e-9	1.144e-6	2.318e-9	1.182e-6	9.879e-9
0.494	1.164e-6	-9.684e-9	1.468e-6	-1.005e-10	1.140e-6	9.747e-9	1.178e-6	8.765e-9
0.495	1.160e-6	-1.164e-8	1.485e-6	-3.022e-9	1.138e-6	5.389e-9	1.163e-6	1.255e-8
0.496	1.161e-6	-6.316e-9	1.482e-6	-2.354e-9	1.140e-6	3.621e-10	1.171e-6	5.794e-9
0.497	1.165e-6	-5.251e-9	1.475e-6	-3.146e-9	1.121e-6	-1.446e-9	1.164e-6	1.119e-8
0.498	1.157e-6	-1.543e-8	1.470e-6	-4.607e-9	1.135e-6	4.745e-9	1.179e-6	8.146e-9
0.499	1.154e-6	-6.341e-9	1.469e-6	-6.043e-9	1.126e-6	5.215e-9	1.175e-6	1.013e-8
0.500	1.157e-6	-7.901e-9	1.471e-6	-9.436e-9	1.131e-6	-2.065e-9	1.181e-6	1.042e-8
0.501	1.156e-6	-1.038e-8	1.470e-6	-1.636e-9	1.134e-6	-4.838e-9	1.165e-6	5.670e-9
0.502	1.146e-6	-1.352e-8	1.479e-6	-6.365e-9	1.138e-6	-1.331e-10	1.153e-6	2.352e-9
0.503	1.149e-6	-1.040e-8	1.459e-6	-1.087e-8	1.128e-6	-7.274e-10	1.172e-6	7.676e-9
0.504	1.138e-6	-1.058e-8	1.457e-6	-4.682e-9	1.143e-6	-5.541e-10	1.168e-6	7.973e-9
0.505	1.145e-6	-1.907e-8	1.472e-6	-9.758e-9	1.130e-6	1.229e-9	1.162e-6	6.858e-9
0.506	1.153e-6	-1.493e-8	1.459e-6	-1.048e-8	1.124e-6	-1.842e-9	1.164e-6	8.666e-9
0.507	1.157e-6	-1.288e-8	1.467e-6	-1.441e-8	1.127e-6	-2.040e-9	1.154e-6	5.125e-9
0.508	1.147e-6	-1.783e-8	1.461e-6	-8.619e-9	1.125e-6	1.526e-9	1.160e-6	-1.245e-10
0.509	1.157e-6	-1.280e-8	1.466e-6	-9.188e-9	1.120e-6	-6.794e-9	1.151e-6	-1.740e-10
0.510	1.146e-6	-1.134e-8	1.453e-6	-1.124e-8	1.133e-6	-6.225e-9	1.160e-6	7.917e-10
0.511	1.152e-6	-1.506e-8	1.463e-6	-9.337e-9	1.116e-6	-2.560e-9	1.152e-6	-3.071e-9
0.512	1.147e-6	-1.637e-8	1.460e-6	-1.144e-8	1.122e-6	-2.074e-10	1.154e-6	3.218e-9
0.513	1.137e-6	-1.218e-8	1.450e-6	-6.019e-9	1.129e-6	-1.446e-9	1.148e-6	5.521e-9
0.514	1.137e-6	-1.521e-8	1.451e-6	-9.089e-9	1.119e-6	-4.541e-9	1.155e-6	7.917e-10
0.515	1.142e-6	-1.959e-8	1.446e-6	-1.332e-8	1.127e-6	8.187e-9	1.167e-6	7.422e-10
0.516	1.132e-6	-1.659e-8	1.435e-6	-1.127e-8	1.127e-6	-1.049e-9	1.163e-6	4.803e-9
0.517	1.137e-6	-1.409e-8	1.440e-6	-1.184e-8	1.115e-6	-3.105e-9	1.153e-6	3.070e-9
0.518	1.117e-6	-1.431e-8	1.431e-6	-1.191e-8	1.118e-6	-6.819e-9	1.144e-6	8.413e-10
0.519	1.128e-6	-8.347e-9	1.433e-6	-1.466e-8	1.119e-6	-9.865e-9	1.151e-6	7.874e-9
0.520	1.134e-6	-1.275e-8	1.433e-6	-1.959e-8	1.106e-6	-4.021e-9	1.149e-6	8.097e-9
0.521	1.110e-6	-1.157e-8	1.426e-6	-1.176e-8	1.119e-6	-4.640e-9	1.149e-6	5.769e-9
0.522	1.126e-6	-1.310e-8	1.435e-6	-1.065e-8	1.105e-6	-6.225e-9	1.129e-6	4.729e-9
0.523	1.111e-6	-2.214e-8	1.417e-6	-1.783e-8	1.117e-6	-2.322e-10	1.148e-6	5.521e-9
0.524	1.110e-6	-1.043e-8	1.426e-6	-7.653e-9	1.104e-6	-5.135e-9	1.135e-6	-1.090e-9
0.525	1.110e-6	-1.781e-8	1.408e-6	-1.340e-8	1.106e-6	-2.164e-9	1.142e-6	1.411e-9
0.526	1.118e-6	-1.367e-8	1.418e-6	-1.023e-8	1.092e-6	-1.036e-8	1.140e-6	3.689e-9
0.527	1.098e-6	-8.718e-9	1.405e-6	-7.257e-9	1.108e-6	-8.255e-9	1.132e-6	-5.052e-9
0.528	1.101e-6	-1.758e-8	1.410e-6	-1.132e-8	1.092e-6	-5.209e-9	1.129e-6	1.337e-9
0.529	1.100e-6	-1.620e-8	1.395e-6	-1.142e-8	1.088e-6	-9.503e-10	1.126e-6	3.714e-9
0.530	1.104e-6	-1.191e-8	1.390e-6	-1.721e-8	1.082e-6	-5.284e-9	1.127e-6	6.537e-9
0.531	1.097e-6	-1.020e-8	1.394e-6	-1.164e-8	1.088e-6	-6.076e-9	1.126e-6	1.479e-10
0.532	1.093e-6	-1.221e-8	1.387e-6	-1.095e-8	1.081e-6	-8.478e-9	1.113e-6	4.135e-9
0.533	1.090e-6	-1.350e-8	1.398e-6	-1.399e-8	1.079e-6	-3.303e-9	1.103e-6	2.327e-9
0.534	1.108e-6	-1.231e-8	1.387e-6	-1.446e-8	1.075e-6	-6.794e-9	1.115e-6	6.784e-9
0.535	1.074e-6	-1.372e-8	1.384e-6	-1.530e-8	1.086e-6	2.393e-9	1.106e-6	6.660e-9
0.536	1.081e-6	-2.358e-8	1.379e-6	-8.817e-9	1.076e-6	3.804e-9	1.111e-6	-1.684e-9
0.537	1.072e-6	-1.580e-8	1.373e-6	-1.414e-8	1.080e-6	-2.040e-9	1.101e-6	-1.115e-9
0.538	1.066e-6	-1.956e-8	1.377e-6	-1.929e-8	1.071e-6	-6.284e-10	1.097e-6	4.506e-9
0.539	1.081e-6	-1.654e-8	1.368e-6	-1.724e-8	1.059e-6	-8.760e-10	1.096e-6	3.689e-9
0.540	1.082e-6	-1.677e-8	1.364e-6	-1.639e-8	1.064e-6	-2.114e-9	1.098e-6	4.902e-9
0.541	1.061e-6	-1.570e-8	1.363e-6	-1.781e-8	1.068e-6	-2.535e-9	1.093e-6	5.695e-9
0.542	1.071e-6	-1.659e-8	1.355e-6	-1.627e-8	1.059e-6	-1.842e-9	1.097e-6	1.188e-9
0.543	1.063e-6	-1.800e-8	1.367e-6	-1.659e-8	1.060e-6	-8.512e-10	1.083e-6	4.258e-9
0.544	1.065e-6	-1.786e-8	1.353e-6	-1.612e-8	1.066e-6	-2.436e-9	1.089e-6	5.942e-9
0.545	1.048e-6	-1.726e-8	1.348e-6	-1.959e-8	1.046e-6	-4.887e-9	1.079e-6	6.933e-9
0.546	1.058e-6	-1.513e-8	1.331e-6	-1.949e-8	1.048e-6	-7.240e-9	1.094e-6	3.169e-9
0.547	1.053e-6	-1.320e-8	1.328e-6	-1.790e-8	1.036e-6	-1.446e-9	1.091e-6	-2.235e-10
0.548	1.039e-6	-1.553e-8	1.330e-6	-1.659e-8	1.045e-6	-3.006e-9	1.083e-6	2.476e-9
0.549	1.041e-6	-1.342e-8	1.345e-6	-2.152e-8	1.041e-6	-7.463e-9	1.063e-6	2.451e-9
0.550	1.047e-6	-1.798e-8	1.336e-6	-7.579e-9	1.039e-6	-1.594e-9	1.076e-6	-8.073e-9
0.551	1.031e-6	-1.795e-8	1.321e-6	-1.176e-8	1.038e-6	-4.367e-9	1.073e-6	1.931e-9
0.552	1.026e-6	-1.835e-8	1.319e-6	-1.280e-8	1.038e-6	-1.693e-9	1.063e-6	-9.168e-10
0.553	1.031e-6	-1.550e-8	1.314e-6	-1.114e-8	1.028e-6	-5.259e-9	1.054e-6	-2.204e-9
0.554	1.038e-6	-1.199e-8	1.309e-6	-1.387e-8	1.026e-6	-7.388e-9	1.057e-6	2.965e-10
0.555	1.011e-6	-1.285e-8	1.300e-6	-1.243e-8	1.033e-6	-1.076e-8	1.063e-6	-3.888e-9
0.556	1.022e-6	-1.149e-8	1.309e-6	-1.238e-8	1.029e-6	-9.270e-9	1.049e-6	-4.464e-10
0.557	1.010e-6	-2.145e-8	1.290e-6	-2.298e-8	1.021e-6	-1.148e-9	1.061e-6	9.898e-10
0.558	1.015e-6	-1.773e-8	1.301e-6	-1.573e-8	1.017e-6	-3.204e-9	1.042e-6	-4.012e-9
0.559	1.012e-6	-1.610e-8	1.281e-6	-1.369e-8	1.005e-6	-1.495e-9	1.051e-6	-2.403e-9
0.560	1.008e-6	-1.174e-8	1.282e-6	-1.065e-8	1.008e-6	-7.289e-9	1.046e-6	-5.102e-9
0.561	9.998e-7	-1.587e-8	1.288e-6	-1.681e-8	1.012e-6	-7.611e-9	1.038e-6	-3.225e-10
0.562	9.926e-7	-2.055e-8	1.292e-6	-1.558e-8	1.012e-6	-4.590e-9	1.032e-6	-2.204e-9
0.563	9.932e-7	-1.456e-8	1.268e-6	-1.937e-8	1.007e-6	-5.828e-9	1.034e-6	1.337e-9
0.564	9.977e-7	-1.659e-8	1.273e-6	-1.781e-8	9.976e-7	-7.686e-9	1.037e-6	2.055e-9
0.565	9.821e-7	-1.402e-8	1.268e-6	-1.335e-8	9.962e-7	-9.964e-9	1.031e-6	-3.344e-9
0.566	9.841e-7	-1.456e-8	1.267e-6	-1.961e-8	9.979e-7	-7.562e-9	1.022e-6	1.832e-9
0.567	9.786e-7	-1.835e-8	1.265e-6	-2.320e-8	9.991e-7	-4.887e-9	1.025e-6	2.965e-10
0.568	9.731e-7	-1.684e-8	1.252e-6	-2.065e-8	9.954e-7	-6.076e-9	1.025e-6	-7.930e-10
0.569	9.769e-7	-1.828e-8	1.256e-6	-1.800e-8	9.894e-7	-9.964e-9	1.027e-6	-9.969e-11
0.570	9.759e-7	-1.174e-8	1.245e-6	-1.761e-8	9.914e-7	-1.190e-8	1.013e-6	-6.662e-9
0.571	9.612e-7	-1.721e-8	1.246e-6	-2.147e-8	9.851e-7	-6.101e-9	1.015e-6	3.095e-9
0.572	9.694e-7	-1.877e-8	1.243e-6	-1.179e-8	9.754e-7	-4.392e-9	9.998e-7	-3.740e-9
0.573	9.678e-7	-2.246e-8	1.235e-6	-1.872e-8	9.737e-7	-4.863e-9	1.020e-6	-2.923e-9
0.574	9.668e-7	-1.642e-8	1.232e-6	-1.761e-8	9.754e-7	-7.364e-9	1.009e-6	-6.445e-10
0.575	9.630e-7	-1.503e-8	1.232e-6	-2.278e-8	9.807e-7	-1.180e-8	1.003e-6	2.599e-9
0.576	9.653e-7	-1.550e-8	1.221e-6	-1.657e-8	9.516e-7	-6.571e-9	1.015e-6	-3.393e-9
0.577	9.561e-7	-1.813e-8	1.230e-6	-1.620e-8	9.767e-7	-4.937e-9	9.973e-7	-2.353e-9
0.578	9.491e-7	-2.263e-8	1.223e-6	-2.281e-8	9.795e-7	-6.992e-9	1.003e-6	5.695e-9
0.579	9.434e-7	-1.984e-8	1.217e-6	-1.407e-8	9.583e-7	-1.031e-8	9.874e-7	-3.913e-9
0.580	9.520e-7	-2.085e-8	1.214e-6	-1.857e-8	9.620e-7	-7.661e-9	1.001e-6	-3.418e-9
0.581	9.389e-7	-1.516e-8	1.222e-6	-1.885e-8	9.754e-7	-1.177e-8	9.875e-7	-3.393e-9
0.582	9.460e-7	-2.276e-8	1.209e-6	-1.461e-8	9.572e-7	-9.023e-9	9.885e-7	-3.591e-9
0.583	9.473e-7	-2.147e-8	1.213e-6	-2.211e-8	9.459e-7	-7.636e-9	9.847e-7	2.327e-9
0.584	9.358e-7	-2.068e-8	1.211e-6	-2.041e-8	9.543e-7	-6.497e-9	9.893e-7	-1.189e-9
0.585	9.311e-7	-2.055e-8	1.206e-6	-2.360e-8	9.516e-7	-6.522e-9	9.749e-7	-8.673e-10
0.586	9.364e-7	-2.112e-8	1.186e-6	-1.384e-8	9.463e-7	-8.255e-9	9.841e-7	-6.488e-9
0.587	9.372e-7	-1.840e-8	1.197e-6	-1.870e-8	9.433e-7	-6.101e-9	9.666e-7	-2.353e-9
0.588	9.215e-7	-2.211e-8	1.202e-6	-1.922e-8	9.429e-7	-3.946e-9	9.766e-7	-6.785e-9
0.589	9.186e-7	-2.179e-8	1.190e-6	-1.392e-8	9.393e-7	-1.043e-8	9.616e-7	-8.370e-9
0.590	9.282e-7	-2.320e-8	1.185e-6	-1.426e-8	9.349e-7	-8.503e-9	9.731e-7	-7.900e-9
0.591	9.196e-7	-2.154e-8	1.192e-6	-2.303e-8	9.369e-7	-8.899e-9	9.523e-7	-3.864e-9
0.592	9.108e-7	-1.808e-8	1.163e-6	-1.956e-8	9.343e-7	-1.098e-8	9.669e-7	-1.288e-9
0.593	9.096e-7	-1.860e-8	1.178e-6	-1.991e-8	9.305e-7	-8.924e-9	9.608e-7	-4.656e-9
0.594	9.170e-7	-2.263e-8	1.166e-6	-1.491e-8	9.300e-7	-8.478e-9	9.669e-7	-5.473e-9
0.595	9.040e-7	-2.345e-8	1.158e-6	-2.231e-8	9.390e-7	-8.156e-9	9.695e-7	-5.399e-9
0.596	9.069e-7	-2.098e-8	1.169e-6	-2.041e-8	9.271e-7	-8.527e-9	9.553e-7	-5.102e-9
0.597	8.964e-7	-1.870e-8	1.167e-6	-1.820e-8	9.255e-7	-1.170e-8	9.453e-7	-7.405e-9
0.598	9.030e-7	-2.298e-8	1.157e-6	-2.172e-8	9.201e-7	-1.056e-8	9.590e-7	-3.492e-9
0.599	8.910e-7	-2.147e-8	1.164e-6	-1.944e-8	9.380e-7	-1.264e-8	9.471e-7	-7.256e-9
0.600	9.029e-7	-2.154e-8	1.153e-6	-2.033e-8	9.136e-7	-1.425e-8	9.492e-7	-4.359e-9
0.601	8.983e-7	-1.488e-8	1.160e-6	-2.645e-8	9.167e-7	-1.281e-8	9.483e-7	-3.195e-9
0.602	8.889e-7	-2.209e-8	1.155e-6	-2.405e-8	9.178e-7	-1.145e-8	9.441e-7	-4.755e-9
0.603	8.916e-7	-1.877e-8	1.153e-6	-2.395e-8	9.123e-7	-1.516e-8	9.356e-7	-4.557e-9
0.604	8.861e-7	-2.122e-8	1.124e-6	-2.184e-8	9.140e-7	-8.948e-9	9.520e-7	-3.269e-9
0.605	8.857e-7	-1.753e-8	1.140e-6	-2.288e-8	9.150e-7	-1.511e-8	9.350e-7	-3.839e-9
0.606	8.852e-7	-2.088e-8	1.142e-6	-1.971e-8	9.039e-7	-1.214e-8	9.352e-7	-1.080e-8
0.607	8.832e-7	-2.268e-8	1.145e-6	-1.592e-8	9.148e-7	-7.661e-9	9.265e-7	-8.172e-9
0.608	8.776e-7	-2.608e-8	1.142e-6	-2.023e-8	9.100e-7	-3.946e-9	9.238e-7	-3.690e-9
0.609	8.985e-7	-1.815e-8	1.133e-6	-2.249e-8	8.906e-7	-1.333e-8	9.174e-7	-2.304e-9
0.610	8.801e-7	-2.637e-8	1.128e-6	-2.271e-8	8.956e-7	-5.333e-9	9.319e-7	-8.673e-10
0.611	8.866e-7	-2.320e-8	1.133e-6	-1.984e-8	8.951e-7	-5.209e-9	9.317e-7	-3.170e-9
0.612	8.719e-7	-2.474e-8	1.140e-6	-1.733e-8	8.998e-7	-6.819e-9	9.112e-7	-9.707e-9
0.613	8.652e-7	-2.068e-8	1.114e-6	-1.855e-8	8.983e-7	-1.073e-8	9.343e-7	-3.294e-9
0.614	8.617e-7	-1.882e-8	1.125e-6	-1.877e-8	9.002e-7	-1.261e-8	9.202e-7	-6.290e-9
0.615	8.674e-7	-2.068e-8	1.122e-6	-2.271e-8	8.857e-7	-1.281e-8	9.110e-7	-9.168e-10
0.616	8.598e-7	-2.187e-8	1.116e-6	-2.301e-8	8.898e-7	-1.140e-8	9.182e-7	-6.637e-9
0.617	8.632e-7	-2.291e-8	1.126e-6	-2.967e-8	8.915e-7	-2.238e-9	9.089e-7	5.249e-9
0.618	8.618e-7	-2.494e-8	1.114e-6	-2.018e-8	8.727e-7	-1.261e-8	9.137e-7	-1.759e-9
0.619	8.561e-7	-1.956e-8	1.120e-6	-2.271e-8	8.864e-7	-7.463e-9	9.102e-7	-2.056e-9
0.620	8.517e-7	-2.211e-8	1.114e-6	-2.570e-8	8.894e-7	-8.973e-9	9.026e-7	-9.168e-10
0.621	8.469e-7	-1.602e-8	1.106e-6	-2.011e-8	8.915e-7	-9.790e-9	9.134e-7	-3.170e-9
0.622	8.655e-7	-2.090e-8	1.101e-6	-1.857e-8	8.785e-7	-9.642e-9	9.069e-7	-5.770e-9
0.623	8.489e-7	-1.682e-8	1.096e-6	-2.355e-8	8.793e-7	-1.202e-8	9.105e-7	-4.309e-9
0.624	8.469e-7	-1.934e-8	1.108e-6	-1.991e-8	8.833e-7	-9.493e-9	9.019e-7	-5.894e-9
0.625	8.448e-7	-2.310e-8	1.104e-6	-2.618e-8	8.841e-7	-9.667e-9	8.940e-7	7.175e-10
0.626	8.503e-7	-2.246e-8	1.094e-6	-2.320e-8	8.799e-7	-1.098e-8	9.142e-7	-6.142e-9
0.627	8.534e-7	-2.345e-8	1.105e-6	-2.350e-8	8.742e-7	-7.265e-9	8.957e-7	-3.789e-9
0.628	8.549e-7	-2.962e-8	1.092e-6	-2.422e-8	8.661e-7	-6.398e-9	9.087e-7	-1.561e-9
0.629	8.507e-7	-2.150e-8	1.091e-6	-2.350e-8	8.709e-7	-9.493e-9	8.945e-7	-4.384e-9
0.630	8.509e-7	-2.395e-8	1.092e-6	-2.419e-8	8.783e-7	-6.348e-9	9.040e-7	-5.151e-9
0.631	8.506e-7	-2.251e-8	1.099e-6	-1.684e-8	8.625e-7	-7.686e-9	8.891e-7	-6.959e-9
0.632	8.374e-7	-2.266e-8	1.087e-6	-2.281e-8	8.699e-7	-1.204e-8	8.944e-7	-1.104e-8
0.633	8.506e-7	-2.216e-8	1.086e-6	-1.862e-8	8.661e-7	-9.345e-9	8.985e-7	-5.151e-9
0.634	8.328e-7	-2.598e-8	1.090e-6	-2.605e-8	8.714e-7	-7.265e-9	8.919e-7	-8.915e-9
0.635	8.380e-7	-2.657e-8	1.086e-6	-2.400e-8	8.678e-7	-6.423e-9	8.958e-7	-6.662e-9
0.636	8.384e-7	-2.568e-8	1.086e-6	-2.511e-8	8.697e-7	-4.367e-9	8.801e-7	-4.953e-9
0.637	8.482e-7	-2.776e-8	1.069e-6	-2.221e-8	8.496e-7	-3.352e-9	8.968e-7	-5.052e-9
0.638	8.401e-7	-2.026e-8	1.078e-6	-2.122e-8	8.611e-7	-1.747e-8	8.951e-7	-7.801e-9
0.639	8.287e-7	-2.291e-8	1.083e-6	-2.105e-8	8.733e-7	-1.328e-8	8.839e-7	-8.370e-9
0.640	8.425e-7	-2.189e-8	1.082e-6	-2.365e-8	8.585e-7	-9.147e-9	8.903e-7	-7.578e-9
0.641	8.311e-7	-2.234e-8	1.078e-6	-2.580e-8	8.631e-7	-1.088e-8	8.921e-7	-4.458e-9
0.642	8.290e-7	-1.585e-8	1.077e-6	-1.706e-8	8.723e-7	-1.393e-8	8.833e-7	-7.726e-9
0.643	8.309e-7	-2.717e-8	1.075e-6	-2.905e-8	8.486e-7	-8.082e-9	8.781e-7	-3.220e-9
0.644	8.243e-7	-1.939e-8	1.084e-6	-2.811e-8	8.631e-7	-1.425e-8	8.758e-7	-1.214e-9
0.645	8.257e-7	-2.553e-8	1.079e-6	-2.229e-8	8.634e-7	-3.724e-9	8.832e-7	-9.361e-9
0.646	8.067e-7	-2.382e-8	1.066e-6	-2.811e-8	8.618e-7	-9.617e-9	8.819e-7	-7.330e-9
0.647	8.172e-7	-2.065e-8	1.081e-6	-2.984e-8	8.765e-7	-1.014e-8	8.715e-7	-3.269e-9
0.648	8.238e-7	-2.095e-8	1.069e-6	-2.382e-8	8.616e-7	-8.206e-9	8.789e-7	-9.911e-10
0.649	8.201e-7	-2.385e-8	1.065e-6	-2.907e-8	8.634e-7	-1.147e-8	8.785e-7	-5.027e-9
0.650	8.203e-7	-1.528e-8	1.077e-6	-2.278e-8	8.647e-7	-1.558e-8	8.725e-7	-7.008e-9
0.651	8.274e-7	-2.286e-8	1.066e-6	-3.009e-8	8.477e-7	-9.889e-9	8.759e-7	-3.096e-9
0.652	8.098e-7	-2.008e-8	1.078e-6	-2.518e-8	8.599e-7	-1.502e-8	8.682e-7	-9.311e-9
0.653	8.232e-7	-2.360e-8	1.068e-6	-2.476e-8	8.437e-7	-7.661e-9	8.674e-7	-8.296e-9
0.654	8.114e-7	-2.964e-8	1.067e-6	-2.959e-8	8.549e-7	-4.838e-9	8.686e-7	-6.166e-9
0.655	8.224e-7	-2.516e-8	1.059e-6	-2.858e-8	8.519e-7	-1.160e-8	8.772e-7	1.975e-10
0.656	8.227e-7	-2.343e-8	1.063e-6	-2.328e-8	8.459e-7	-7.611e-9	8.756e-7	-2.774e-9
0.657	8.079e-7	-2.214e-8	1.048e-6	-2.187e-8	8.558e-7	-1.445e-8	8.816e-7	-1.243e-8
0.658	8.195e-7	-2.335e-8	1.069e-6	-2.375e-8	8.589e-7	-1.009e-8	8.723e-7	-8.172e-9
0.659	8.227e-7	-2.333e-8	1.070e-6	-2.513e-8	8.419e-7	-1.350e-8	8.693e-7	-5.572e-9
0.660	8.241e-7	-2.172e-8	1.066e-6	-2.736e-8	8.416e-7	-1.848e-8	8.722e-7	-2.675e-9
0.661	8.159e-7	-1.986e-8	1.058e-6	-3.093e-8	8.425e-7	-1.383e-8	8.659e-7	-4.507e-9
0.662	8.069e-7	-2.585e-8	1.068e-6	-2.776e-8	8.446e-7	-9.221e-9	8.637e-7	-1.387e-9
0.663	8.092e-7	-2.130e-8	1.059e-6	-2.650e-8	8.526e-7	-1.833e-8	8.678e-7	-6.439e-9
0.664	8.163e-7	-1.887e-8	1.060e-6	-2.662e-8	8.432e-7	-9.741e-9	8.580e-7	-3.963e-9
0.665	8.170e-7	-2.585e-8	1.063e-6	-3.071e-8	8.334e-7	-1.578e-8	8.638e-7	-3.665e-9
0.666	8.114e-7	-2.187e-8	1.047e-6	-2.982e-8	8.411e-7	-1.249e-8	8.689e-7	1.535e-9
0.667	8.150e-7	-1.954e-8	1.056e-6	-2.761e-8	8.452e-7	-1.269e-8	8.667e-7	-2.130e-9
0.668	8.164e-7	-2.397e-8	1.061e-6	-2.759e-8	8.385e-7	-8.701e-9	8.572e-7	-4.730e-9
0.669	8.248e-7	-2.169e-8	1.060e-6	-2.850e-8	8.330e-7	-7.809e-9	8.580e-7	-7.578e-9
0.670	8.175e-7	-2.189e-8	1.053e-6	-2.900e-8	8.386e-7	-1.229e-8	8.652e-7	-3.764e-9
0.671	8.096e-7	-2.058e-8	1.057e-6	-2.385e-8	8.450e-7	-1.484e-8	8.508e-7	-1.236e-8
0.672	8.203e-7	-1.798e-8	1.065e-6	-2.660e-8	8.400e-7	-1.187e-8	8.620e-7	-7.528e-9
0.673	8.006e-7	-2.541e-8	1.053e-6	-2.734e-8	8.456e-7	-1.098e-8	8.498e-7	-4.730e-9
0.674	8.106e-7	-2.338e-8	1.058e-6	-3.051e-8	8.381e-7	-9.617e-9	8.567e-7	-6.142e-9
0.675	8.080e-7	-2.291e-8	1.052e-6	-2.627e-8	8.472e-7	-1.279e-8	8.642e-7	-5.968e-9
0.676	8.002e-7	-2.197e-8	1.054e-6	-3.100e-8	8.412e-7	-1.360e-8	8.694e-7	-3.814e-9
0.677	8.179e-7	-2.605e-8	1.068e-6	-3.182e-8	8.320e-7	-8.800e-9	8.518e-7	-2.403e-9
0.678	8.141e-7	-2.434e-8	1.058e-6	-2.526e-8	8.327e-7	-8.948e-9	8.597e-7	-7.182e-9
0.679	8.132e-7	-2.130e-8	1.059e-6	-2.385e-8	8.335e-7	-1.551e-8	8.615e-7	-1.052e-8
0.680	8.117e-7	-2.410e-8	1.055e-6	-2.709e-8	8.407e-7	-1.286e-8	8.579e-7	-6.389e-9
0.681	8.148e-7	-2.538e-8	1.050e-6	-2.605e-8	8.426e-7	-6.150e-9	8.778e-7	-5.721e-9
0.682	8.145e-7	-2.793e-8	1.050e-6	-2.922e-8	8.357e-7	-7.983e-9	8.656e-7	-4.854e-9
0.683	8.084e-7	-2.424e-8	1.052e-6	-2.803e-8	8.451e-7	-9.691e-9	8.620e-7	-5.250e-9
0.684	8.051e-7	-2.412e-8	1.063e-6	-2.568e-8	8.305e-7	-1.348e-8	8.421e-7	-3.839e-9
0.685	8.075e-7	-2.221e-8	1.052e-6	-2.927e-8	8.320e-7	-7.636e-9	8.568e-7	5.194e-10
0.686	8.070e-7	-2.137e-8	1.058e-6	-3.036e-8	8.386e-7	-1.558e-8	8.492e-7	2.847e-9
0.687	8.037e-7	-2.489e-8	1.058e-6	-2.674e-8	8.391e-7	-1.185e-8	8.551e-7	-9.955e-9
0.688	7.911e-7	-2.484e-8	1.056e-6	-2.419e-8	8.522e-7	-7.785e-9	8.569e-7	-4.606e-9
0.689	8.014e-7	-2.291e-8	1.055e-6	-2.729e-8	8.433e-7	-1.286e-8	8.539e-7	-7.435e-10
0.690	8.055e-7	-2.679e-8	1.054e-6	-3.036e-8	8.301e-7	-1.658e-8	8.655e-7	-9.336e-9
0.691	8.025e-7	-2.632e-8	1.059e-6	-2.348e-8	8.413e-7	-8.899e-9	8.597e-7	-4.408e-9
0.692	7.941e-7	-2.783e-8	1.050e-6	-2.568e-8	8.489e-7	-1.544e-8	8.619e-7	-8.395e-9
0.693	8.060e-7	-2.444e-8	1.048e-6	-3.291e-8	8.361e-7	-1.066e-8	8.664e-7	3.441e-9
0.694	8.033e-7	-1.716e-8	1.054e-6	-3.333e-8	8.383e-7	-1.437e-8	8.624e-7	-9.969e-11
0.695	8.043e-7	-2.476e-8	1.054e-6	-2.766e-8	8.350e-7	-1.182e-8	8.527e-7	-3.963e-9
0.696	8.119e-7	-2.563e-8	1.049e-6	-2.489e-8	8.315e-7	-1.192e-8	8.629e-7	-9.559e-9
0.697	8.062e-7	-2.365e-8	1.051e-6	-2.548e-8	8.375e-7	-6.621e-9	8.548e-7	-4.656e-9
0.698	8.043e-7	-2.320e-8	1.046e-6	-2.890e-8	8.419e-7	-9.914e-9	8.674e-7	-5.250e-9
0.699	8.099e-7	-1.924e-8	1.045e-6	-2.766e-8	8.402e-7	-1.675e-8	8.684e-7	-2.477e-9
0.700	8.060e-7	-2.761e-8	1.057e-6	-2.744e-8	8.464e-7	-8.255e-9	8.684e-7	-2.700e-9
0.701	8.056e-7	-2.912e-8	1.064e-6	-2.672e-8	8.433e-7	-7.785e-9	8.596e-7	-5.696e-9
0.702	7.928e-7	-2.204e-8	1.061e-6	-2.075e-8	8.533e-7	-1.001e-8	8.589e-7	-1.437e-9
0.703	8.059e-7	-2.484e-8	1.062e-6	-3.038e-8	8.483e-7	-1.162e-8	8.655e-7	-6.464e-9
0.704	8.097e-7	-3.289e-8	1.057e-6	-2.915e-8	8.359e-7	-4.788e-9	8.580e-7	-2.997e-9
0.705	8.040e-7	-2.370e-8	1.067e-6	-2.613e-8	8.438e-7	-1.130e-8	8.483e-7	-2.526e-9
0.706	8.034e-7	-2.197e-8	1.066e-6	-3.150e-8	8.430e-7	-8.552e-9	8.588e-7	-6.909e-9
0.707	8.222e-7	-1.852e-8	1.070e-6	-2.994e-8	8.288e-7	-1.447e-8	8.574e-7	-4.483e-9
0.708	8.042e-7	-3.078e-8	1.055e-6	-3.068e-8	8.393e-7	-8.849e-9	8.669e-7	-1.065e-9
0.709	8.098e-7	-1.961e-8	1.064e-6	-3.014e-8	8.369e-7	-9.939e-9	8.580e-7	-8.717e-9
0.710	8.066e-7	-2.744e-8	1.063e-6	-3.308e-8	8.441e-7	-1.296e-8	8.652e-7	-8.865e-9
0.711	8.122e-7	-2.588e-8	1.054e-6	-3.318e-8	8.387e-7	-1.246e-8	8.624e-7	-3.473e-10
0.712	7.964e-7	-2.360e-8	1.063e-6	-3.328e-8	8.484e-7	-1.447e-8	8.569e-7	-5.151e-9
0.713	8.007e-7	-2.481e-8	1.061e-6	-2.781e-8	8.401e-7	-1.610e-8	8.623e-7	-7.974e-9
0.714	8.181e-7	-2.543e-8	1.064e-6	-3.207e-8	8.380e-7	-1.794e-8	8.661e-7	-7.652e-9
0.715	7.983e-7	-2.662e-8	1.065e-6	-3.479e-8	8.521e-7	-8.206e-9	8.571e-7	-2.650e-9
0.716	8.128e-7	-2.038e-8	1.071e-6	-2.766e-8	8.513e-7	-1.521e-8	8.444e-7	-4.284e-9
0.717	8.083e-7	-2.055e-8	1.068e-6	-3.147e-8	8.496e-7	-1.566e-8	8.648e-7	-7.380e-9
0.718	8.159e-7	-2.417e-8	1.066e-6	-3.450e-8	8.418e-7	-1.138e-8	8.633e-7	-6.340e-9
0.719	8.173e-7	-2.667e-8	1.066e-6	-2.813e-8	8.429e-7	-1.284e-8	8.615e-7	-1.142e-8
0.720	8.035e-7	-2.375e-8	1.072e-6	-2.509e-8	8.593e-7	-1.893e-8	8.687e-7	-1.161e-8
0.721	8.171e-7	-2.088e-8	1.067e-6	-2.937e-8	8.480e-7	-1.955e-8	8.741e-7	-1.025e-8
0.722	8.076e-7	-2.999e-8	1.082e-6	-3.445e-8	8.638e-7	-1.558e-8	8.636e-7	-3.814e-9
0.723	8.251e-7	-2.402e-8	1.088e-6	-3.935e-8	8.513e-7	-1.868e-8	8.694e-7	-5.102e-9
0.724	8.321e-7	-3.081e-8	1.084e-6	-3.160e-8	8.514e-7	-1.358e-8	8.773e-7	-1.270e-8
0.725	8.121e-7	-2.660e-8	1.082e-6	-2.917e-8	8.548e-7	-1.073e-8	8.757e-7	-1.364e-8
0.726	8.180e-7	-1.810e-8	1.091e-6	-3.274e-8	8.709e-7	-1.789e-8	8.721e-7	-7.925e-9
0.727	8.231e-7	-2.112e-8	1.091e-6	-2.707e-8	8.603e-7	-2.244e-8	8.817e-7	-1.035e-8
0.728	8.228e-7	-2.650e-8	1.078e-6	-3.370e-8	8.630e-7	-1.454e-8	8.863e-7	-5.869e-9
0.729	8.290e-7	-2.268e-8	1.091e-6	-3.687e-8	8.575e-7	-2.363e-8	8.772e-7	-5.721e-9
0.730	8.360e-7	-3.103e-8	1.099e-6	-3.073e-8	8.581e-7	-1.534e-8	8.719e-7	-1.256e-8
0.731	8.249e-7	-3.199e-8	1.093e-6	-3.232e-8	8.690e-7	-1.484e-8	8.783e-7	-1.107e-8
0.732	8.328e-7	-3.648e-8	1.092e-6	-2.702e-8	8.721e-7	-1.311e-8	8.820e-7	-1.253e-8
0.733	8.356e-7	-3.019e-8	1.098e-6	-3.727e-8	8.589e-7	-1.784e-8	8.804e-7	-1.305e-8
0.734	8.364e-7	-2.915e-8	1.105e-6	-3.747e-8	8.680e-7	-1.960e-8	8.906e-7	-1.325e-8
0.735	8.248e-7	-3.177e-8	1.109e-6	-3.175e-8	8.749e-7	-1.454e-8	8.868e-7	-9.633e-9
0.736	8.434e-7	-3.459e-8	1.109e-6	-3.034e-8	8.765e-7	-1.628e-8	9.058e-7	-1.419e-8
0.737	8.354e-7	-3.229e-8	1.108e-6	-3.237e-8	8.870e-7	-8.874e-9	8.953e-7	-1.533e-8
0.738	8.437e-7	-2.093e-8	1.107e-6	-3.469e-8	8.804e-7	-1.841e-8	9.000e-7	-1.199e-8
0.739	8.401e-7	-3.024e-8	1.107e-6	-3.212e-8	8.845e-7	-1.284e-8	8.990e-7	-8.544e-9
0.740	8.578e-7	-2.206e-8	1.120e-6	-3.145e-8	8.718e-7	-2.306e-8	8.989e-7	-1.275e-8
0.741	8.477e-7	-2.308e-8	1.114e-6	-3.561e-8	8.837e-7	-2.168e-8	9.033e-7	-8.519e-9
0.742	8.436e-7	-3.011e-8	1.127e-6	-3.791e-8	8.872e-7	-1.393e-8	9.005e-7	-1.322e-8
0.743	8.482e-7	-2.873e-8	1.132e-6	-3.526e-8	8.873e-7	-1.823e-8	8.974e-7	-1.805e-8
0.744	8.519e-7	-2.707e-8	1.132e-6	-3.217e-8	8.883e-7	-2.267e-8	9.043e-7	-1.887e-8
0.745	8.513e-7	-3.217e-8	1.127e-6	-4.034e-8	8.923e-7	-1.868e-8	9.120e-7	-7.479e-9
0.746	8.561e-7	-2.167e-8	1.135e-6	-3.242e-8	8.902e-7	-1.994e-8	9.040e-7	-8.568e-9
0.747	8.542e-7	-2.471e-8	1.130e-6	-3.502e-8	8.931e-7	-2.061e-8	9.203e-7	-1.201e-8
0.748	8.635e-7	-2.778e-8	1.135e-6	-4.254e-8	8.972e-7	-1.984e-8	9.267e-7	-7.652e-9
0.749	8.559e-7	-2.942e-8	1.135e-6	-3.185e-8	8.999e-7	-2.237e-8	9.215e-7	-1.597e-8
0.750	8.763e-7	-3.405e-8	1.152e-6	-2.930e-8	8.994e-7	-1.707e-8	9.131e-7	-1.402e-8
0.751	8.598e-7	-2.915e-8	1.144e-6	-3.930e-8	9.070e-7	-1.843e-8	9.227e-7	-1.364e-8
0.752	8.702e-7	-3.090e-8	1.142e-6	-4.232e-8	9.080e-7	-1.866e-8	9.269e-7	-7.578e-9
0.753	8.804e-7	-2.932e-8	1.153e-6	-3.546e-8	9.083e-7	-1.784e-8	9.299e-7	-1.283e-8
0.754	8.796e-7	-2.714e-8	1.159e-6	-3.789e-8	9.057e-7	-1.343e-8	9.262e-7	-1.451e-8
0.755	8.740e-7	-3.180e-8	1.149e-6	-3.776e-8	9.136e-7	-1.410e-8	9.425e-7	-1.347e-8
0.756	8.877e-7	-3.175e-8	1.164e-6	-3.509e-8	9.025e-7	-1.578e-8	9.274e-7	-1.077e-8
0.757	8.856e-7	-2.523e-8	1.165e-6	-3.638e-8	9.155e-7	-2.267e-8	9.338e-7	-1.568e-8
0.758	8.710e-7	-2.543e-8	1.164e-6	-4.029e-8	9.162e-7	-1.682e-8	9.346e-7	-1.260e-8
0.759	8.800e-7	-2.620e-8	1.158e-6	-3.729e-8	9.212e-7	-2.225e-8	9.438e-7	-1.048e-8
0.760	8.775e-7	-3.076e-8	1.163e-6	-4.182e-8	9.233e-7	-1.712e-8	9.526e-7	-1.360e-8
0.761	8.798e-7	-2.925e-8	1.174e-6	-4.274e-8	9.255e-7	-2.296e-8	9.545e-7	-9.633e-9
0.762	8.830e-7	-3.509e-8	1.172e-6	-4.264e-8	9.323e-7	-1.662e-8	9.468e-7	-9.262e-9
0.763	8.685e-7	-3.586e-8	1.180e-6	-4.086e-8	9.360e-7	-1.910e-8	9.550e-7	-1.020e-8
0.764	8.911e-7	-3.036e-8	1.182e-6	-3.749e-8	9.310e-7	-2.054e-8	9.582e-7	-1.308e-8
0.765	8.894e-7	-3.276e-8	1.180e-6	-3.774e-8	9.288e-7	-1.459e-8	9.578e-7	-1.100e-8
0.766	8.878e-7	-3.561e-8	1.192e-6	-4.405e-8	9.444e-7	-1.697e-8	9.501e-7	-1.218e-8
0.767	8.881e-7	-2.479e-8	1.194e-6	-3.786e-8	9.557e-7	-2.452e-8	9.581e-7	-1.159e-8
0.768	8.950e-7	-3.001e-8	1.193e-6	-3.984e-8	9.501e-7	-2.071e-8	9.668e-7	-1.563e-8
0.769	9.014e-7	-2.967e-8	1.206e-6	-4.108e-8	9.467e-7	-2.799e-8	9.606e-7	-1.095e-8
0.770	9.136e-7	-3.167e-8	1.203e-6	-4.282e-8	9.527e-7	-2.259e-8	9.714e-7	-1.107e-8
0.771	9.159e-7	-3.383e-8	1.201e-6	-4.059e-8	9.478e-7	-1.722e-8	9.750e-7	-1.528e-8
0.772	9.187e-7	-3.848e-8	1.229e-6	-4.202e-8	9.537e-7	-2.415e-8	9.745e-7	-1.506e-8
0.773	9.211e-7	-3.563e-8	1.211e-6	-4.730e-8	9.598e-7	-2.542e-8	9.846e-7	-1.694e-8
0.774	9.185e-7	-2.967e-8	1.232e-6	-4.829e-8	9.640e-7	-3.076e-8	9.782e-7	-1.575e-8
0.775	9.179e-7	-4.155e-8	1.243e-6	-4.554e-8	9.761e-7	-1.677e-8	9.771e-7	-1.840e-8
0.776	9.214e-7	-4.069e-8	1.223e-6	-4.403e-8	9.754e-7	-1.930e-8	9.929e-7	-1.753e-8
0.777	9.264e-7	-3.100e-8	1.238e-6	-5.260e-8	9.703e-7	-3.287e-8	9.930e-7	-1.486e-8
0.778	9.251e-7	-2.917e-8	1.250e-6	-4.346e-8	9.843e-7	-3.292e-8	9.982e-7	-2.367e-8
0.779	9.253e-7	-3.447e-8	1.243e-6	-4.603e-8	9.936e-7	-2.698e-8	1.002e-6	-2.102e-8
0.780	9.261e-7	-3.900e-8	1.252e-6	-3.863e-8	9.904e-7	-2.254e-8	1.002e-6	-2.548e-8
0.781	9.396e-7	-3.432e-8	1.254e-6	-5.356e-8	9.932e-7	-2.150e-8	1.005e-6	-1.508e-8
0.782	9.307e-7	-3.960e-8	1.269e-6	-5.116e-8	1.001e-6	-2.249e-8	1.006e-6	-2.038e-8
0.783	9.311e-7	-3.667e-8	1.264e-6	-4.700e-8	1.013e-6	-2.428e-8	1.009e-6	-1.659e-8
0.784	9.509e-7	-3.826e-8	1.262e-6	-4.227e-8	1.009e-6	-2.056e-8	1.028e-6	-2.563e-8
0.785	9.275e-7	-4.022e-8	1.270e-6	-4.621e-8	1.018e-6	-2.576e-8	1.020e-6	-2.154e-8
0.786	9.451e-7	-3.898e-8	1.289e-6	-4.690e-8	1.008e-6	-2.846e-8	1.017e-6	-2.300e-8
0.787	9.662e-7	-3.764e-8	1.274e-6	-4.338e-8	1.016e-6	-3.324e-8	1.032e-6	-2.271e-8
0.788	9.620e-7	-4.366e-8	1.293e-6	-5.492e-8	1.015e-6	-2.378e-8	1.037e-6	-1.568e-8
0.789	9.537e-7	-3.739e-8	1.289e-6	-4.527e-8	1.034e-6	-2.901e-8	1.033e-6	-2.325e-8
0.790	9.677e-7	-3.697e-8	1.299e-6	-4.670e-8	1.024e-6	-3.057e-8	1.045e-6	-1.988e-8
0.791	9.628e-7	-3.643e-8	1.293e-6	-5.250e-8	1.037e-6	-2.903e-8	1.047e-6	-1.991e-8
0.792	9.616e-7	-3.653e-8	1.302e-6	-5.396e-8	1.026e-6	-2.878e-8	1.050e-6	-2.221e-8
0.793	9.699e-7	-2.920e-8	1.299e-6	-4.792e-8	1.036e-6	-3.572e-8	1.065e-6	-2.157e-8
0.794	9.736e-7	-3.809e-8	1.306e-6	-4.737e-8	1.029e-6	-2.750e-8	1.055e-6	-2.699e-8
0.795	9.962e-7	-3.994e-8	1.312e-6	-4.821e-8	1.038e-6	-2.509e-8	1.062e-6	-2.474e-8
0.796	9.868e-7	-3.645e-8	1.327e-6	-5.057e-8	1.046e-6	-2.962e-8	1.068e-6	-1.773e-8
0.797	9.866e-7	-3.870e-8	1.326e-6	-5.094e-8	1.057e-6	-2.579e-8	1.070e-6	-2.486e-8
0.798	9.901e-7	-4.002e-8	1.330e-6	-4.893e-8	1.058e-6	-3.366e-8	1.080e-6	-2.476e-8
0.799	1.004e-6	-3.898e-8	1.341e-6	-5.099e-8	1.053e-6	-2.906e-8	1.070e-6	-2.533e-8
0.800	1.008e-6	-3.435e-8	1.338e-6	-5.074e-8	1.063e-6	-3.287e-8	1.078e-6	-2.278e-8
0.801	9.959e-7	-3.544e-8	1.342e-6	-5.094e-8	1.074e-6	-3.250e-8	1.085e-6	-3.145e-8
0.802	1.007e-6	-3.588e-8	1.347e-6	-5.319e-8	1.082e-6	-3.101e-8	1.102e-6	-2.456e-8
0.803	1.015e-6	-4.101e-8	1.351e-6	-5.693e-8	1.072e-6	-2.806e-8	1.103e-6	-2.902e-8
0.804	1.034e-6	-4.467e-8	1.363e-6	-5.131e-8	1.074e-6	-2.898e-8	1.100e-6	-3.026e-8
0.805	1.039e-6	-3.868e-8	1.374e-6	-5.643e-8	1.074e-6	-3.218e-8	1.103e-6	-2.474e-8
0.806	1.030e-6	-4.707e-8	1.376e-6	-5.475e-8	1.088e-6	-3.356e-8	1.111e-6	-2.679e-8
0.807	1.033e-6	-4.499e-8	1.370e-6	-5.998e-8	1.103e-6	-3.609e-8	1.121e-6	-3.021e-8
0.808	1.033e-6	-4.512e-8	1.391e-6	-6.210e-8	1.098e-6	-3.089e-8	1.117e-6	-2.741e-8
0.809	1.046e-6	-4.081e-8	1.395e-6	-5.267e-8	1.109e-6	-3.391e-8	1.120e-6	-3.363e-8
0.810	1.044e-6	-4.398e-8	1.402e-6	-5.619e-8	1.116e-6	-2.737e-8	1.119e-6	-2.942e-8
0.811	1.057e-6	-4.668e-8	1.402e-6	-5.591e-8	1.113e-6	-3.666e-8	1.128e-6	-3.026e-8
0.812	1.055e-6	-4.282e-8	1.395e-6	-6.166e-8	1.111e-6	-3.799e-8	1.142e-6	-3.296e-8
0.813	1.056e-6	-4.732e-8	1.406e-6	-6.062e-8	1.120e-6	-4.141e-8	1.141e-6	-3.360e-8
0.814	1.058e-6	-3.987e-8	1.419e-6	-5.824e-8	1.131e-6	-3.596e-8	1.147e-6	-3.422e-8
0.815	1.064e-6	-4.098e-8	1.415e-6	-6.582e-8	1.125e-6	-4.077e-8	1.146e-6	-2.801e-8
0.816	1.069e-6	-4.821e-8	1.433e-6	-6.069e-8	1.129e-6	-3.589e-8	1.151e-6	-3.598e-8
0.817	1.080e-6	-4.329e-8	1.437e-6	-6.280e-8	1.130e-6	-3.641e-8	1.158e-6	-3.613e-8
0.818	1.081e-6	-5.203e-8	1.430e-6	-6.102e-8	1.153e-6	-3.594e-8	1.162e-6	-2.996e-8
0.819	1.086e-6	-4.586e-8	1.433e-6	-6.201e-8	1.147e-6	-4.285e-8	1.171e-6	-3.244e-8
0.820	1.078e-6	-4.242e-8	1.440e-6	-6.834e-8	1.160e-6	-4.448e-8	1.172e-6	-3.204e-8
0.821	1.087e-6	-4.584e-8	1.442e-6	-6.262e-8	1.153e-6	-4.173e-8	1.185e-6	-3.761e-8
0.822	1.088e-6	-4.811e-8	1.462e-6	-6.144e-8	1.156e-6	-4.054e-8	1.184e-6	-3.912e-8
0.823	1.087e-6	-5.057e-8	1.465e-6	-7.003e-8	1.177e-6	-3.886e-8	1.181e-6	-2.967e-8
0.824	1.097e-6	-4.797e-8	1.471e-6	-6.414e-8	1.167e-6	-4.181e-8	1.182e-6	-3.360e-8
0.825	1.097e-6	-4.935e-8	1.463e-6	-6.495e-8	1.176e-6	-3.809e-8	1.194e-6	-3.430e-8
0.826	1.106e-6	-5.676e-8	1.480e-6	-6.730e-8	1.176e-6	-3.443e-8	1.207e-6	-3.605e-8
0.827	1.107e-6	-5.232e-8	1.468e-6	-7.466e-8	1.195e-6	-3.824e-8	1.210e-6	-3.026e-8
0.828	1.109e-6	-5.460e-8	1.492e-6	-7.052e-8	1.184e-6	-3.898e-8	1.202e-6	-3.964e-8
0.829	1.123e-6	-5.185e-8	1.496e-6	-7.434e-8	1.191e-6	-4.161e-8	1.211e-6	-3.558e-8
0.830	1.118e-6	-5.487e-8	1.497e-6	-7.488e-8	1.198e-6	-4.208e-8	1.220e-6	-3.640e-8
0.831	1.137e-6	-5.262e-8	1.507e-6	-7.372e-8	1.196e-6	-4.198e-8	1.220e-6	-3.452e-8
0.832	1.133e-6	-5.064e-8	1.500e-6	-7.558e-8	1.199e-6	-4.354e-8	1.230e-6	-3.942e-8
0.833	1.126e-6	-5.418e-8	1.509e-6	-7.350e-8	1.210e-6	-4.421e-8	1.227e-6	-4.014e-8
0.834	1.141e-6	-5.542e-8	1.507e-6	-7.627e-8	1.201e-6	-4.401e-8	1.238e-6	-3.776e-8
0.835	1.138e-6	-5.029e-8	1.522e-6	-7.033e-8	1.216e-6	-4.480e-8	1.233e-6	-4.019e-8
0.836	1.146e-6	-4.987e-8	1.521e-6	-7.585e-8	1.216e-6	-4.886e-8	1.248e-6	-3.724e-8
0.837	1.149e-6	-5.450e-8	1.531e-6	-7.917e-8	1.226e-6	-4.723e-8	1.241e-6	-3.816e-8
0.838	1.160e-6	-5.861e-8	1.529e-6	-6.921e-8	1.218e-6	-4.542e-8	1.247e-6	-4.670e-8
0.839	1.165e-6	-5.344e-8	1.537e-6	-7.714e-8	1.224e-6	-4.857e-8	1.251e-6	-4.098e-8
0.840	1.165e-6	-5.450e-8	1.551e-6	-7.597e-8	1.228e-6	-4.810e-8	1.262e-6	-4.113e-8
0.841	1.156e-6	-5.515e-8	1.549e-6	-7.696e-8	1.250e-6	-4.884e-8	1.257e-6	-4.529e-8
0.842	1.172e-6	-5.544e-8	1.567e-6	-8.035e-8	1.246e-6	-4.696e-8	1.253e-6	-4.564e-8
0.843	1.179e-6	-5.445e-8	1.555e-6	-8.144e-8	1.245e-6	-5.090e-8	1.262e-6	-4.616e-8
0.844	1.172e-6	-5.886e-8	1.563e-6	-8.030e-8	1.249e-6	-4.478e-8	1.263e-6	-4.472e-8
0.845	1.184e-6	-5.686e-8	1.563e-6	-8.266e-8	1.239e-6	-5.298e-8	1.273e-6	-4.395e-8
0.846	1.175e-6	-6.156e-8	1.569e-6	-7.538e-8	1.253e-6	-4.926e-8	1.266e-6	-4.940e-8
0.847	1.185e-6	-5.733e-8	1.584e-6	-8.268e-8	1.262e-6	-5.057e-8	1.263e-6	-4.475e-8
0.848	1.183e-6	-6.258e-8	1.572e-6	-7.842e-8	1.268e-6	-4.886e-8	1.286e-6	-4.569e-8
0.849	1.184e-6	-5.963e-8	1.580e-6	-8.439e-8	1.266e-6	-5.186e-8	1.282e-6	-4.383e-8
0.850	1.183e-6	-5.599e-8	1.586e-6	-7.969e-8	1.268e-6	-5.414e-8	1.288e-6	-4.579e-8
0.851	1.201e-6	-5.609e-8	1.588e-6	-8.461e-8	1.269e-6	-5.855e-8	1.289e-6	-4.140e-8
0.852	1.192e-6	-5.478e-8	1.587e-6	-8.622e-8	1.278e-6	-6.008e-8	1.285e-6	-4.970e-8
0.853	1.209e-6	-6.000e-8	1.588e-6	-9.239e-8	1.273e-6	-5.327e-8	1.294e-6	-4.546e-8
0.854	1.204e-6	-6.055e-8	1.611e-6	-8.932e-8	1.282e-6	-6.050e-8	1.300e-6	-4.294e-8
0.855	1.213e-6	-6.094e-8	1.610e-6	-8.833e-8	1.281e-6	-5.684e-8	1.296e-6	-5.094e-8
0.856	1.216e-6	-5.539e-8	1.614e-6	-8.974e-8	1.282e-6	-5.907e-8	1.288e-6	-4.804e-8
0.857	1.214e-6	-6.471e-8	1.611e-6	-9.204e-8	1.290e-6	-5.327e-8	1.311e-6	-5.264e-8
0.858	1.209e-6	-6.480e-8	1.616e-6	-9.036e-8	1.290e-6	-4.976e-8	1.298e-6	-4.883e-8
0.859	1.227e-6	-6.411e-8	1.629e-6	-8.984e-8	1.294e-6	-5.503e-8	1.300e-6	-5.534e-8
0.860	1.230e-6	-6.934e-8	1.629e-6	-9.122e-8	1.292e-6	-5.107e-8	1.309e-6	-5.183e-8
0.861	1.236e-6	-6.664e-8	1.612e-6	-9.140e-8	1.283e-6	-5.726e-8	1.322e-6	-5.180e-8
0.862	1.230e-6	-7.060e-8	1.630e-6	-9.707e-8	1.295e-6	-5.305e-8	1.314e-6	-4.940e-8
0.863	1.234e-6	-6.136e-8	1.639e-6	-1.032e-7	1.306e-6	-6.115e-8	1.314e-6	-4.871e-8
0.864	1.243e-6	-6.433e-8	1.622e-6	-9.125e-8	1.299e-6	-5.892e-8	1.328e-6	-5.784e-8
0.865	1.246e-6	-5.936e-8	1.646e-6	-9.298e-8	1.304e-6	-6.451e-8	1.320e-6	-5.344e-8
0.866	1.237e-6	-6.812e-8	1.652e-6	-9.823e-8	1.313e-6	-5.852e-8	1.327e-6	-5.596e-8
0.867	1.242e-6	-6.458e-8	1.639e-6	-1.028e-7	1.315e-6	-6.100e-8	1.324e-6	-5.425e-8
0.868	1.251e-6	-6.765e-8	1.651e-6	-9.893e-8	1.314e-6	-6.395e-8	1.334e-6	-5.814e-8
0.869	1.263e-6	-7.013e-8	1.658e-6	-1.030e-7	1.319e-6	-6.385e-8	1.323e-6	-5.836e-8
0.870	1.250e-6	-6.830e-8	1.653e-6	-1.079e-7	1.312e-6	-6.068e-8	1.333e-6	-5.408e-8
0.871	1.271e-6	-6.993e-8	1.654e-6	-1.021e-7	1.308e-6	-5.882e-8	1.341e-6	-5.958e-8
0.872	1.265e-6	-7.201e-8	1.652e-6	-1.036e-7	1.312e-6	-5.981e-8	1.347e-6	-6.262e-8
0.873	1.266e-6	-6.419e-8	1.677e-6	-1.020e-7	1.326e-6	-6.667e-8	1.320e-6	-6.134e-8
0.874	1.265e-6	-6.844e-8	1.661e-6	-1.068e-7	1.332e-6	-6.865e-8	1.350e-6	-5.787e-8
0.875	1.275e-6	-6.688e-8	1.678e-6	-1.076e-7	1.319e-6	-6.729e-8	1.332e-6	-5.921e-8
0.876	1.272e-6	-7.067e-8	1.672e-6	-1.035e-7	1.333e-6	-6.664e-8	1.352e-6	-5.520e-8
0.877	1.272e-6	-7.426e-8	1.682e-6	-1.088e-7	1.335e-6	-6.707e-8	1.341e-6	-5.968e-8
0.878	1.278e-6	-7.327e-8	1.683e-6	-1.102e-7	1.340e-6	-6.256e-8	1.345e-6	-6.248e-8
0.879	1.285e-6	-7.377e-8	1.671e-6	-1.100e-7	1.328e-6	-6.035e-8	1.357e-6	-6.064e-8
0.880	1.287e-6	-7.337e-8	1.680e-6	-1.033e-7	1.336e-6	-6.370e-8	1.355e-6	-5.918e-8
0.881	1.290e-6	-7.867e-8	1.679e-6	-1.055e-7	1.329e-6	-6.432e-8	1.352e-6	-6.678e-8
0.882	1.283e-6	-7.181e-8	1.682e-6	-1.103e-7	1.332e-6	-6.565e-8	1.343e-6	-6.153e-8
0.883	1.288e-6	-7.439e-8	1.686e-6	-1.073e-7	1.336e-6	-6.813e-8	1.353e-6	-5.948e-8
0.884	1.278e-6	-7.327e-8	1.690e-6	-1.132e-7	1.355e-6	-6.642e-8	1.351e-6	-5.557e-8
0.885	1.301e-6	-7.246e-8	1.696e-6	-1.059e-7	1.337e-6	-6.828e-8	1.351e-6	-6.649e-8
0.886	1.297e-6	-6.716e-8	1.684e-6	-1.112e-7	1.332e-6	-7.415e-8	1.355e-6	-6.183e-8
0.887	1.288e-6	-7.144e-8	1.696e-6	-1.082e-7	1.342e-6	-6.900e-8	1.350e-6	-6.532e-8
0.888	1.294e-6	-7.580e-8	1.690e-6	-1.107e-7	1.343e-6	-6.521e-8	1.349e-6	-6.394e-8
0.889	1.292e-6	-7.515e-8	1.696e-6	-1.102e-7	1.349e-6	-6.144e-8	1.350e-6	-6.265e-8
0.890	1.315e-6	-8.011e-8	1.693e-6	-1.183e-7	1.330e-6	-6.439e-8	1.352e-6	-5.802e-8
0.891	1.303e-6	-7.867e-8	1.692e-6	-1.205e-7	1.335e-6	-6.397e-8	1.351e-6	-6.277e-8
0.892	1.296e-6	-7.523e-8	1.697e-6	-1.181e-7	1.351e-6	-6.442e-8	1.358e-6	-5.341e-8
0.893	1.307e-6	-7.449e-8	1.689e-6	-1.164e-7	1.340e-6	-6.768e-8	1.356e-6	-5.599e-8
0.894	1.292e-6	-7.248e-8	1.695e-6	-1.156e-7	1.355e-6	-6.645e-8	1.357e-6	-5.879e-8
0.895	1.302e-6	-7.560e-8	1.697e-6	-1.206e-7	1.353e-6	-6.711e-8	1.349e-6	-6.082e-8
0.896	1.300e-6	-7.728e-8	1.702e-6	-1.181e-7	1.346e-6	-6.850e-8	1.348e-6	-6.146e-8
0.897	1.304e-6	-7.218e-8	1.699e-6	-1.222e-7	1.331e-6	-7.160e-8	1.348e-6	-5.908e-8
0.898	1.319e-6	-7.927e-8	1.697e-6	-1.109e-7	1.337e-6	-6.813e-8	1.358e-6	-6.641e-8
0.899	1.308e-6	-7.974e-8	1.686e-6	-1.176e-7	1.337e-6	-7.137e-8	1.365e-6	-6.131e-8
0.900	1.303e-6	-7.515e-8	1.712e-6	-1.200e-7	1.339e-6	-7.145e-8	1.343e-6	-6.188e-8
