0.896	-4.615e-6	2.473e-6	7.088e-6	-5.232e-6	2.701e-6	7.932e-6	-5.217e-6	2.832e-6	8.049e-6	-5.637e-6	3.039e-6	8.677e-6	-4.662e-6	2.550e-6	7.212e-6	-5.146e-6	2.749e-6	7.895e-6	-4.691e-6	2.581e-6	7.273e-6	-5.133e-6	2.754e-6	7.887e-6
0.892	-4.010e-6	1.591e-6	5.601e-6	-4.549e-6	1.705e-6	6.254e-6	-4.581e-6	1.799e-6	6.380e-6	-4.953e-6	1.898e-6	6.852e-6	-4.057e-6	1.638e-6	5.695e-6	-4.475e-6	1.738e-6	6.214e-6	-4.087e-6	1.642e-6	5.729e-6	-4.474e-6	1.717e-6	6.191e-6
0.888	-3.479e-6	1.148e-6	4.627e-6	-3.940e-6	1.218e-6	5.158e-6	-3.994e-6	1.289e-6	5.284e-6	-4.315e-6	1.348e-6	5.663e-6	-3.525e-6	1.180e-6	4.706e-6	-3.879e-6	1.243e-6	5.122e-6	-3.552e-6	1.176e-6	4.729e-6	-3.880e-6	1.219e-6	5.099e-6
0.884	-3.065e-6	8.471e-7	3.913e-6	-3.471e-6	8.883e-7	4.360e-6	-3.536e-6	9.447e-7	4.481e-6	-3.816e-6	9.805e-7	4.797e-6	-3.110e-6	8.711e-7	3.981e-6	-3.417e-6	9.116e-7	4.328e-6	-3.136e-6	8.637e-7	4.000e-6	-3.420e-6	8.876e-7	4.308e-6
0.880	-2.739e-6	6.238e-7	3.362e-6	-3.097e-6	6.458e-7	3.743e-6	-3.169e-6	6.900e-7	3.859e-6	-3.416e-6	7.099e-7	4.126e-6	-2.782e-6	6.424e-7	3.424e-6	-3.050e-6	6.667e-7	3.717e-6	-2.807e-6	6.329e-7	3.440e-6	-3.056e-6	6.435e-7	3.699e-6
0.876	-2.472e-6	4.518e-7	2.923e-6	-2.794e-6	4.593e-7	3.253e-6	-2.869e-6	4.935e-7	3.363e-6	-3.091e-6	5.017e-7	3.592e-6	-2.514e-6	4.665e-7	2.981e-6	-2.753e-6	4.790e-7	3.232e-6	-2.538e-6	4.554e-7	2.993e-6	-2.761e-6	4.569e-7	3.218e-6
0.872	-2.249e-6	3.144e-7	2.563e-6	-2.541e-6	3.101e-7	2.851e-6	-2.618e-6	3.360e-7	2.954e-6	-2.818e-6	3.366e-7	3.155e-6	-2.291e-6	3.253e-7	2.616e-6	-2.505e-6	3.299e-7	2.835e-6	-2.314e-6	3.143e-7	2.629e-6	-2.515e-6	3.082e-7	2.823e-6
0.868	-2.061e-6	2.022e-7	2.263e-6	-2.327e-6	1.889e-7	2.516e-6	-2.406e-6	2.074e-7	2.613e-6	-2.588e-6	2.019e-7	2.790e-6	-2.102e-6	2.104e-7	2.312e-6	-2.295e-6	2.079e-7	2.503e-6	-2.126e-6	1.980e-7	2.324e-6	-2.307e-6	1.874e-7	2.495e-6
0.864	-1.902e-6	1.085e-7	2.010e-6	-2.145e-6	8.865e-8	2.234e-6	-2.223e-6	1.005e-7	2.323e-6	-2.391e-6	8.954e-8	2.481e-6	-1.942e-6	1.142e-7	2.056e-6	-2.118e-6	1.061e-7	2.224e-6	-1.967e-6	1.013e-7	2.068e-6	-2.131e-6	8.650e-8	2.218e-6
0.860	-1.765e-6	2.951e-8	1.795e-6	-1.990e-6	3.470e-9	1.993e-6	-2.067e-6	9.119e-9	2.076e-6	-2.222e-6	-5.662e-9	2.217e-6	-1.805e-6	3.285e-8	1.838e-6	-1.966e-6	2.060e-8	1.986e-6	-1.830e-6	1.923e-8	1.849e-6	-1.980e-6	1.169e-9	1.982e-6
0.856	-1.647e-6	-3.860e-8	1.609e-6	-1.856e-6	-6.995e-8	1.786e-6	-1.932e-6	-6.874e-8	1.863e-6	-2.076e-6	-8.653e-8	1.989e-6	-1.687e-6	-3.763e-8	1.649e-6	-1.835e-6	-5.343e-8	1.781e-6	-1.712e-6	-5.232e-8	1.660e-6	-1.852e-6	-7.253e-8	1.779e-6
0.852	-1.543e-6	-9.669e-8	1.446e-6	-1.737e-6	-1.311e-7	1.606e-6	-1.813e-6	-1.357e-7	1.678e-6	-1.948e-6	-1.562e-7	1.792e-6	-1.582e-6	-9.745e-8	1.484e-6	-1.719e-6	-1.156e-7	1.603e-6	-1.608e-6	-1.132e-7	1.495e-6	-1.737e-6	-1.350e-7	1.602e-6
0.848	-1.452e-6	-1.477e-7	1.304e-6	-1.633e-6	-1.855e-7	1.448e-6	-1.709e-6	-1.947e-7	1.514e-6	-1.836e-6	-2.175e-7	1.618e-6	-1.490e-6	-1.502e-7	1.340e-6	-1.617e-6	-1.709e-7	1.446e-6	-1.517e-6	-1.668e-7	1.350e-6	-1.637e-6	-1.902e-7	1.446e-6
0.844	-1.374e-6	-1.925e-7	1.181e-6	-1.543e-6	-2.326e-7	1.310e-6	-1.618e-6	-2.470e-7	1.371e-6	-1.737e-6	-2.710e-7	1.466e-6	-1.410e-6	-1.971e-7	1.213e-6	-1.530e-6	-2.196e-7	1.310e-6	-1.437e-6	-2.144e-7	1.223e-6	-1.550e-6	-2.388e-7	1.311e-6
0.840	-1.301e-6	-2.309e-7	1.070e-6	-1.463e-6	-2.742e-7	1.188e-6	-1.536e-6	-2.921e-7	1.243e-6	-1.650e-6	-3.178e-7	1.332e-6	-1.339e-6	-2.378e-7	1.101e-6	-1.451e-6	-2.614e-7	1.189e-6	-1.366e-6	-2.561e-7	1.110e-6	-1.472e-6	-2.813e-7	1.191e-6
0.836	-1.239e-6	-2.659e-7	9.728e-7	-1.390e-6	-3.102e-7	1.080e-6	-1.463e-6	-3.329e-7	1.130e-6	-1.570e-6	-3.591e-7	1.211e-6	-1.274e-6	-2.735e-7	1.001e-6	-1.379e-6	-2.983e-7	1.081e-6	-1.302e-6	-2.928e-7	1.009e-6	-1.402e-6	-3.189e-7	1.083e-6
0.832	-1.182e-6	-2.960e-7	8.859e-7	-1.326e-6	-3.426e-7	9.838e-7	-1.397e-6	-3.686e-7	1.028e-6	-1.500e-6	-3.957e-7	1.104e-6	-1.217e-6	-3.057e-7	9.115e-7	-1.317e-6	-3.315e-7	9.855e-7	-1.245e-6	-3.257e-7	9.196e-7	-1.341e-6	-3.524e-7	9.886e-7
0.828	-1.132e-6	-3.245e-7	8.078e-7	-1.270e-6	-3.723e-7	8.974e-7	-1.340e-6	-4.023e-7	9.378e-7	-1.439e-6	-4.301e-7	1.009e-6	-1.166e-6	-3.351e-7	8.312e-7	-1.262e-6	-3.620e-7	9.003e-7	-1.195e-6	-3.559e-7	8.388e-7	-1.286e-6	-3.837e-7	9.028e-7
0.824	-1.087e-6	-3.500e-7	7.374e-7	-1.219e-6	-3.984e-7	8.206e-7	-1.288e-6	-4.324e-7	8.560e-7	-1.384e-6	-4.608e-7	9.233e-7	-1.121e-6	-3.620e-7	7.585e-7	-1.214e-6	-3.903e-7	8.238e-7	-1.149e-6	-3.836e-7	7.656e-7	-1.238e-6	-4.115e-7	8.260e-7
0.820	-1.046e-6	-3.719e-7	6.746e-7	-1.174e-6	-4.223e-7	7.516e-7	-1.240e-6	-4.589e-7	7.815e-7	-1.334e-6	-4.877e-7	8.459e-7	-1.079e-6	-3.854e-7	6.936e-7	-1.168e-6	-4.144e-7	7.537e-7	-1.108e-6	-4.081e-7	6.998e-7	-1.193e-6	-4.361e-7	7.568e-7
0.816	-1.010e-6	-3.928e-7	6.177e-7	-1.134e-6	-4.446e-7	6.893e-7	-1.198e-6	-4.838e-7	7.145e-7	-1.289e-6	-5.136e-7	7.756e-7	-1.042e-6	-4.074e-7	6.347e-7	-1.128e-6	-4.370e-7	6.915e-7	-1.071e-6	-4.312e-7	6.396e-7	-1.153e-6	-4.593e-7	6.937e-7
0.812	-9.792e-7	-4.125e-7	5.667e-7	-1.098e-6	-4.643e-7	6.333e-7	-1.161e-6	-5.066e-7	6.541e-7	-1.250e-6	-5.369e-7	7.130e-7	-1.009e-6	-4.280e-7	5.812e-7	-1.093e-6	-4.583e-7	6.352e-7	-1.038e-6	-4.520e-7	5.859e-7	-1.119e-6	-4.809e-7	6.381e-7
0.808	-9.510e-7	-4.306e-7	5.204e-7	-1.066e-6	-4.836e-7	5.828e-7	-1.127e-6	-5.280e-7	5.992e-7	-1.214e-6	-5.587e-7	6.557e-7	-9.797e-7	-4.465e-7	5.332e-7	-1.062e-6	-4.773e-7	5.844e-7	-1.009e-6	-4.714e-7	5.372e-7	-1.088e-6	-5.008e-7	5.869e-7
0.804	-9.248e-7	-4.471e-7	4.777e-7	-1.038e-6	-5.011e-7	5.365e-7	-1.097e-6	-5.478e-7	5.489e-7	-1.182e-6	-5.790e-7	6.035e-7	-9.533e-7	-4.646e-7	4.886e-7	-1.034e-6	-4.959e-7	5.381e-7	-9.818e-7	-4.895e-7	4.924e-7	-1.059e-6	-5.190e-7	5.404e-7
0.800	-9.016e-7	-4.624e-7	4.392e-7	-1.012e-6	-5.171e-7	4.947e-7	-1.069e-6	-5.660e-7	5.032e-7	-1.154e-6	-5.978e-7	5.564e-7	-9.281e-7	-4.800e-7	4.481e-7	-1.008e-6	-5.126e-7	4.956e-7	-9.567e-7	-5.058e-7	4.509e-7	-1.035e-6	-5.367e-7	4.980e-7
0.796	-8.812e-7	-4.777e-7	4.035e-7	-9.892e-7	-5.330e-7	4.562e-7	-1.044e-6	-5.839e-7	4.599e-7	-1.128e-6	-6.157e-7	5.126e-7	-9.069e-7	-4.957e-7	4.111e-7	-9.861e-7	-5.291e-7	4.571e-7	-9.358e-7	-5.226e-7	4.132e-7	-1.012e-6	-5.531e-7	4.591e-7
0.792	-8.634e-7	-4.917e-7	3.716e-7	-9.691e-7	-5.475e-7	4.216e-7	-1.022e-6	-6.004e-7	4.217e-7	-1.107e-6	-6.336e-7	4.734e-7	-8.881e-7	-5.107e-7	3.774e-7	-9.667e-7	-5.446e-7	4.221e-7	-9.170e-7	-5.374e-7	3.796e-7	-9.926e-7	-5.687e-7	4.239e-7
0.788	-8.468e-7	-5.050e-7	3.419e-7	-9.516e-7	-5.614e-7	3.902e-7	-1.002e-6	-6.156e-7	3.868e-7	-1.086e-6	-6.490e-7	4.370e-7	-8.707e-7	-5.242e-7	3.465e-7	-9.480e-7	-5.587e-7	3.893e-7	-8.989e-7	-5.510e-7	3.479e-7	-9.748e-7	-5.831e-7	3.917e-7
0.784	-8.320e-7	-5.176e-7	3.144e-7	-9.359e-7	-5.756e-7	3.603e-7	-9.847e-7	-6.306e-7	3.540e-7	-1.069e-6	-6.650e-7	4.042e-7	-8.556e-7	-5.378e-7	3.179e-7	-9.335e-7	-5.733e-7	3.601e-7	-8.824e-7	-5.644e-7	3.180e-7	-9.592e-7	-5.976e-7	3.616e-7
0.780	-8.188e-7	-5.296e-7	2.891e-7	-9.216e-7	-5.879e-7	3.338e-7	-9.696e-7	-6.450e-7	3.246e-7	-1.053e-6	-6.796e-7	3.734e-7	-8.421e-7	-5.505e-7	2.916e-7	-9.202e-7	-5.870e-7	3.332e-7	-8.695e-7	-5.773e-7	2.922e-7	-9.457e-7	-6.109e-7	3.348e-7
0.776	-8.070e-7	-5.408e-7	2.661e-7	-9.082e-7	-5.998e-7	3.084e-7	-9.550e-7	-6.582e-7	2.968e-7	-1.038e-6	-6.939e-7	3.445e-7	-8.295e-7	-5.626e-7	2.669e-7	-9.070e-7	-5.990e-7	3.080e-7	-8.565e-7	-5.894e-7	2.671e-7	-9.333e-7	-6.233e-7	3.099e-7
0.772	-7.959e-7	-5.521e-7	2.438e-7	-8.970e-7	-6.118e-7	2.852e-7	-9.417e-7	-6.711e-7	2.706e-7	-1.026e-6	-7.078e-7	3.185e-7	-8.183e-7	-5.741e-7	2.442e-7	-8.962e-7	-6.118e-7	2.844e-7	-8.446e-7	-6.007e-7	2.439e-7	-9.211e-7	-6.353e-7	2.858e-7
0.768	-7.864e-7	-5.622e-7	2.242e-7	-8.870e-7	-6.234e-7	2.636e-7	-9.301e-7	-6.833e-7	2.468e-7	-1.014e-6	-7.202e-7	2.942e-7	-8.079e-7	-5.848e-7	2.230e-7	-8.861e-7	-6.235e-7	2.626e-7	-8.346e-7	-6.120e-7	2.226e-7	-9.122e-7	-6.479e-7	2.643e-7
0.764	-7.780e-7	-5.725e-7	2.055e-7	-8.780e-7	-6.338e-7	2.442e-7	-9.195e-7	-6.944e-7	2.250e-7	-1.005e-6	-7.328e-7	2.720e-7	-7.991e-7	-5.952e-7	2.040e-7	-8.775e-7	-6.345e-7	2.429e-7	-8.257e-7	-6.223e-7	2.034e-7	-9.033e-7	-6.588e-7	2.446e-7
0.760	-7.702e-7	-5.821e-7	1.881e-7	-8.698e-7	-6.445e-7	2.253e-7	-9.102e-7	-7.060e-7	2.042e-7	-9.960e-7	-7.454e-7	2.505e-7	-7.906e-7	-6.053e-7	1.853e-7	-8.708e-7	-6.466e-7	2.242e-7	-8.170e-7	-6.323e-7	1.847e-7	-8.958e-7	-6.700e-7	2.258e-7
0.756	-7.627e-7	-5.911e-7	1.716e-7	-8.626e-7	-6.538e-7	2.088e-7	-9.013e-7	-7.161e-7	1.852e-7	-9.883e-7	-7.567e-7	2.316e-7	-7.833e-7	-6.146e-7	1.687e-7	-8.629e-7	-6.563e-7	2.066e-7	-8.098e-7	-6.412e-7	1.685e-7	-8.883e-7	-6.795e-7	2.088e-7
0.752	-7.553e-7	-5.989e-7	1.563e-7	-8.550e-7	-6.632e-7	1.918e-7	-8.931e-7	-7.256e-7	1.674e-7	-9.803e-7	-7.670e-7	2.133e-7	-7.762e-7	-6.234e-7	1.528e-7	-8.565e-7	-6.660e-7	1.905e-7	-8.026e-7	-6.501e-7	1.525e-7	-8.828e-7	-6.899e-7	1.929e-7
0.748	-7.495e-7	-6.073e-7	1.422e-7	-8.488e-7	-6.717e-7	1.771e-7	-8.856e-7	-7.344e-7	1.512e-7	-9.734e-7	-7.773e-7	1.961e-7	-7.696e-7	-6.313e-7	1.383e-7	-8.509e-7	-6.755e-7	1.754e-7	-7.962e-7	-6.581e-7	1.381e-7	-8.768e-7	-6.984e-7	1.784e-7
0.744	-7.436e-7	-6.145e-7	1.291e-7	-8.424e-7	-6.795e-7	1.630e-7	-8.775e-7	-7.419e-7	1.356e-7	-9.663e-7	-7.860e-7	1.803e-7	-7.634e-7	-6.388e-7	1.246e-7	-8.449e-7	-6.837e-7	1.612e-7	-7.891e-7	-6.649e-7	1.242e-7	-8.708e-7	-7.072e-7	1.636e-7
0.740	-7.379e-7	-6.216e-7	1.163e-7	-8.371e-7	-6.876e-7	1.495e-7	-8.719e-7	-7.503e-7	1.217e-7	-9.610e-7	-7.950e-7	1.660e-7	-7.582e-7	-6.459e-7	1.122e-7	-8.411e-7	-6.926e-7	1.485e-7	-7.849e-7	-6.726e-7	1.123e-7	-8.666e-7	-7.155e-7	1.511e-7
0.736	-7.332e-7	-6.277e-7	1.054e-7	-8.321e-7	-6.948e-7	1.372e-7	-8.652e-7	-7.563e-7	1.089e-7	-9.552e-7	-8.031e-7	1.521e-7	-7.528e-7	-6.523e-7	1.004e-7	-8.360e-7	-7.001e-7	1.359e-7	-7.791e-7	-6.787e-7	1.004e-7	-8.619e-7	-7.227e-7	1.392e-7
0.732	-7.286e-7	-6.338e-7	9.481e-8	-8.275e-7	-7.013e-7	1.262e-7	-8.598e-7	-7.627e-7	9.705e-8	-9.495e-7	-8.100e-7	1.395e-7	-7.480e-7	-6.583e-7	8.966e-8	-8.316e-7	-7.067e-7	1.248e-7	-7.742e-7	-6.843e-7	8.987e-8	-8.578e-7	-7.300e-7	1.279e-7
0.728	-7.234e-7	-6.381e-7	8.528e-8	-8.233e-7	-7.071e-7	1.162e-7	-8.535e-7	-7.673e-7	8.620e-8	-9.438e-7	-8.158e-7	1.280e-7	-7.434e-7	-6.633e-7	8.014e-8	-8.283e-7	-7.135e-7	1.148e-7	-7.692e-7	-6.894e-7	7.979e-8	-8.539e-7	-7.358e-7	1.181e-7
0.724	-7.188e-7	-6.426e-7	7.622e-8	-8.190e-7	-7.123e-7	1.067e-7	-8.471e-7	-7.708e-7	7.626e-8	-9.380e-7	-8.209e-7	1.171e-7	-7.378e-7	-6.673e-7	7.054e-8	-8.233e-7	-7.189e-7	1.044e-7	-7.641e-7	-6.932e-7	7.090e-8	-8.504e-7	-7.417e-7	1.087e-7
0.720	-7.141e-7	-6.464e-7	6.766e-8	-8.140e-7	-7.166e-7	9.736e-8	-8.413e-7	-7.740e-7	6.723e-8	-9.321e-7	-8.253e-7	1.068e-7	-7.335e-7	-6.716e-7	6.194e-8	-8.194e-7	-7.236e-7	9.578e-8	-7.602e-7	-6.976e-7	6.260e-8	-8.461e-7	-7.465e-7	9.956e-8
0.716	-7.102e-7	-6.501e-7	6.015e-8	-8.103e-7	-7.213e-7	8.893e-8	-8.360e-7	-7.769e-7	5.910e-8	-9.267e-7	-8.289e-7	9.780e-8	-7.297e-7	-6.750e-7	5.465e-8	-8.161e-7	-7.282e-7	8.783e-8	-7.562e-7	-7.009e-7	5.536e-8	-8.427e-7	-7.509e-7	9.177e-8
0.712	-7.055e-7	-6.524e-7	5.310e-8	-8.065e-7	-7.250e-7	8.147e-8	-8.304e-7	-7.787e-7	5.169e-8	-9.209e-7	-8.316e-7	8.937e-8	-7.247e-7	-6.773e-7	4.738e-8	-8.123e-7	-7.323e-7	7.998e-8	-7.524e-7	-7.037e-7	4.865e-8	-8.388e-7	-7.546e-7	8.423e-8
0.708	-7.009e-7	-6.544e-7	4.654e-8	-8.010e-7	-7.274e-7	7.358e-8	-8.238e-7	-7.790e-7	4.481e-8	-9.146e-7	-8.334e-7	8.119e-8	-7.196e-7	-6.790e-7	4.062e-8	-8.071e-7	-7.348e-7	7.230e-8	-7.474e-7	-7.054e-7	4.196e-8	-8.346e-7	-7.579e-7	7.672e-8
0.704	-6.972e-7	-6.563e-7	4.085e-8	-7.968e-7	-7.294e-7	6.746e-8	-8.178e-7	-7.794e-7	3.837e-8	-9.078e-7	-8.342e-7	7.359e-8	-7.152e-7	-6.802e-7	3.501e-8	-8.033e-7	-7.373e-7	6.600e-8	-7.432e-7	-7.069e-7	3.627e-8	-8.316e-7	-7.607e-7	7.087e-8
0.700	-6.932e-7	-6.571e-7	3.613e-8	-7.939e-7	-7.314e-7	6.249e-8	-8.130e-7	-7.792e-7	3.382e-8	-9.029e-7	-8.351e-7	6.778e-8	-7.106e-7	-6.808e-7	2.981e-8	-8.000e-7	-7.392e-7	6.085e-8	-7.396e-7	-7.082e-7	3.146e-8	-8.287e-7	-7.627e-7	6.599e-8
0.696	-6.884e-7	-6.574e-7	3.099e-8	-7.890e-7	-7.324e-7	5.658e-8	-8.076e-7	-7.783e-7	2.928e-8	-8.973e-7	-8.351e-7	6.211e-8	-7.065e-7	-6.808e-7	2.563e-8	-7.960e-7	-7.405e-7	5.548e-8	-7.357e-7	-7.085e-7	2.716e-8	-8.248e-7	-7.640e-7	6.076e-8
0.692	-6.840e-7	-6.570e-7	2.702e-8	-7.847e-7	-7.325e-7	5.219e-8	-8.019e-7	-7.767e-7	2.519e-8	-8.904e-7	-8.337e-7	5.664e-8	-7.012e-7	-6.800e-7	2.112e-8	-7.914e-7	-7.406e-7	5.081e-8	-7.308e-7	-7.076e-7	2.323e-8	-8.212e-7	-7.647e-7	5.655e-8
0.688	-6.797e-7	-6.564e-7	2.335e-8	-7.800e-7	-7.319e-7	4.804e-8	-7.960e-7	-7.741e-7	2.182e-8	-8.845e-7	-8.323e-7	5.220e-8	-6.967e-7	-6.793e-7	1.740e-8	-7.878e-7	-7.412e-7	4.655e-8	-7.267e-7	-7.070e-7	1.966e-8	-8.177e-7	-7.653e-7	5.246e-8
0.684	-6.762e-7	-6.555e-7	2.073e-8	-7.762e-7	-7.318e-7	4.439e-8	-7.912e-7	-7.719e-7	1.928e-8	-8.794e-7	-8.310e-7	4.845e-8	-6.933e-7	-6.782e-7	1.508e-8	-7.838e-7	-7.406e-7	4.312e-8	-7.236e-7	-7.062e-7	1.743e-8	-8.137e-7	-7.648e-7	4.888e-8
0.680	-6.713e-7	-6.537e-7	1.764e-8	-7.701e-7	-7.294e-7	4.068e-8	-7.847e-7	-7.681e-7	1.664e-8	-8.733e-7	-8.280e-7	4.531e-8	-6.881e-7	-6.757e-7	1.244e-8	-7.789e-7	-7.388e-7	4.007e-8	-7.188e-7	-7.036e-7	1.513e-8	-8.099e-7	-7.637e-7	4.620e-8
0.676	-6.673e-7	-6.513e-7	1.596e-8	-7.656e-7	-7.275e-7	3.813e-8	-7.792e-7	-7.641e-7	1.503e-8	-8.671e-7	-8.249e-7	4.223e-8	-6.825e-7	-6.726e-7	9.888e-9	-7.742e-7	-7.371e-7	3.708e-8	-7.147e-7	-7.011e-7	1.352e-8	-8.054e-7	-7.620e-7	4.343e-8
0.672	-6.631e-7	-6.491e-7	1.398e-8	-7.618e-7	-7.254e-7	3.639e-8	-7.738e-7	-7.597e-7	1.405e-8	-8.625e-7	-8.219e-7	4.062e-8	-6.784e-7	-6.698e-7	8.549e-9	-7.697e-7	-7.350e-7	3.465e-8	-7.102e-7	-6.985e-7	1.166e-8	-8.020e-7	-7.605e-7	4.151e-8
0.668	-6.585e-7	-6.455e-7	1.299e-8	-7.562e-7	-7.219e-7	3.427e-8	-7.681e-7	-7.553e-7	1.282e-8	-8.553e-7	-8.174e-7	3.794e-8	-6.737e-7	-6.664e-7	7.388e-9	-7.656e-7	-7.326e-7	3.295e-8	-7.055e-7	-6.951e-7	1.036e-8	-7.976e-7	-7.578e-7	3.972e-8
0.664	-6.554e-7	-6.428e-7	1.260e-8	-7.518e-7	-7.191e-7	3.265e-8	-7.631e-7	-7.503e-7	1.284e-8	-8.503e-7	-8.134e-7	3.696e-8	-6.693e-7	-6.629e-7	6.473e-9	-7.614e-7	-7.297e-7	3.169e-8	-7.017e-7	-6.917e-7	9.937e-9	-7.941e-7	-7.553e-7	3.889e-8
0.660	-6.502e-7	-6.388e-7	1.137e-8	-7.473e-7	-7.158e-7	3.144e-8	-7.575e-7	-7.452e-7	1.229e-8	-8.444e-7	-8.087e-7	3.571e-8	-6.644e-7	-6.590e-7	5.469e-9	-7.560e-7	-7.258e-7	3.013e-8	-6.967e-7	-6.875e-7	9.238e-9	-7.899e-7	-7.521e-7	3.780e-8
0.656	-6.463e-7	-6.351e-7	1.114e-8	-7.421e-7	-7.115e-7	3.053e-8	-7.517e-7	-7.392e-7	1.252e-8	-8.380e-7	-8.032e-7	3.479e-8	-6.595e-7	-6.540e-7	5.439e-9	-7.510e-7	-7.217e-7	2.932e-8	-6.927e-7	-6.834e-7	9.317e-9	-7.851e-7	-7.479e-7	3.722e-8
0.652	-6.427e-7	-6.312e-7	1.141e-8	-7.375e-7	-7.079e-7	2.958e-8	-7.475e-7	-7.345e-7	1.307e-8	-8.339e-7	-7.991e-7	3.480e-8	-6.548e-7	-6.496e-7	5.223e-9	-7.472e-7	-7.187e-7	2.850e-8	-6.883e-7	-6.791e-7	9.199e-9	-7.812e-7	-7.447e-7	3.653e-8
0.648	-6.387e-7	-6.272e-7	1.156e-8	-7.341e-7	-7.042e-7	2.982e-8	-7.427e-7	-7.291e-7	1.356e-8	-8.282e-7	-7.940e-7	3.420e-8	-6.503e-7	-6.448e-7	5.498e-9	-7.425e-7	-7.141e-7	2.836e-8	-6.844e-7	-6.742e-7	1.012e-8	-7.775e-7	-7.409e-7	3.665e-8
0.644	-6.340e-7	-6.224e-7	1.163e-8	-7.284e-7	-6.987e-7	2.967e-8	-7.367e-7	-7.223e-7	1.439e-8	-8.221e-7	-7.876e-7	3.450e-8	-6.458e-7	-6.402e-7	5.646e-9	-7.374e-7	-7.094e-7	2.795e-8	-6.796e-7	-6.692e-7	1.041e-8	-7.725e-7	-7.358e-7	3.670e-8
0.640	-6.306e-7	-6.179e-7	1.272e-8	-7.247e-7	-6.943e-7	3.042e-8	-7.333e-7	-7.172e-7	1.613e-8	-8.171e-7	-7.820e-7	3.509e-8	-6.415e-7	-6.348e-7	6.709e-9	-7.328e-7	-7.046e-7	2.816e-8	-6.754e-7	-6.640e-7	1.139e-8	-7.696e-7	-7.320e-7	3.761e-8
0.636	-6.278e-7	-6.137e-7	1.411e-8	-7.197e-7	-6.895e-7	3.024e-8	-7.281e-7	-7.105e-7	1.762e-8	-8.126e-7	-7.764e-7	3.620e-8	-6.366e-7	-6.291e-7	7.477e-9	-7.287e-7	-6.997e-7	2.898e-8	-6.718e-7	-6.590e-7	1.281e-8	-7.651e-7	-7.268e-7	3.831e-8
0.632	-6.240e-7	-6.089e-7	1.505e-8	-7.163e-7	-6.846e-7	3.168e-8	-7.244e-7	-7.050e-7	1.938e-8	-8.083e-7	-7.709e-7	3.739e-8	-6.335e-7	-6.249e-7	8.638e-9	-7.248e-7	-6.948e-7	2.998e-8	-6.690e-7	-6.540e-7	1.500e-8	-7.616e-7	-7.221e-7	3.957e-8
0.628	-6.211e-7	-6.043e-7	1.680e-8	-7.133e-7	-6.802e-7	3.306e-8	-7.204e-7	-6.993e-7	2.110e-8	-8.030e-7	-7.649e-7	3.802e-8	-6.290e-7	-6.192e-7	9.878e-9	-7.207e-7	-6.899e-7	3.074e-8	-6.645e-7	-6.486e-7	1.583e-8	-7.578e-7	-7.172e-7	4.069e-8
0.624	-6.177e-7	-5.997e-7	1.805e-8	-7.086e-7	-6.748e-7	3.383e-8	-7.163e-7	-6.932e-7	2.301e-8	-7.982e-7	-7.588e-7	3.937e-8	-6.252e-7	-6.140e-7	1.123e-8	-7.160e-7	-6.846e-7	3.137e-8	-6.606e-7	-6.430e-7	1.753e-8	-7.534e-7	-7.118e-7	4.166e-8
0.620	-6.146e-7	-5.951e-7	1.944e-8	-7.054e-7	-6.699e-7	3.559e-8	-7.127e-7	-6.872e-7	2.551e-8	-7.939e-7	-7.528e-7	4.111e-8	-6.217e-7	-6.084e-7	1.336e-8	-7.118e-7	-6.791e-7	3.269e-8	-6.571e-7	-6.379e-7	1.916e-8	-7.509e-7	-7.067e-7	4.427e-8
0.616	-6.113e-7	-5.900e-7	2.123e-8	-7.011e-7	-6.645e-7	3.660e-8	-7.088e-7	-6.816e-7	2.717e-8	-7.893e-7	-7.467e-7	4.252e-8	-6.177e-7	-6.032e-7	1.448e-8	-7.074e-7	-6.738e-7	3.361e-8	-6.530e-7	-6.322e-7	2.087e-8	-7.459e-7	-7.011e-7	4.476e-8
0.612	-6.081e-7	-5.855e-7	2.254e-8	-6.975e-7	-6.596e-7	3.791e-8	-7.056e-7	-6.762e-7	2.932e-8	-7.854e-7	-7.413e-7	4.406e-8	-6.142e-7	-5.982e-7	1.593e-8	-7.034e-7	-6.685e-7	3.485e-8	-6.495e-7	-6.266e-7	2.294e-8	-7.424e-7	-6.962e-7	4.617e-8
0.608	-6.061e-7	-5.814e-7	2.470e-8	-6.942e-7	-6.547e-7	3.952e-8	-7.024e-7	-6.708e-7	3.164e-8	-7.814e-7	-7.354e-7	4.603e-8	-6.114e-7	-5.934e-7	1.801e-8	-7.006e-7	-6.640e-7	3.665e-8	-6.466e-7	-6.216e-7	2.500e-8	-7.393e-7	-6.909e-7	4.834e-8
0.604	-6.039e-7	-5.775e-7	2.641e-8	-6.913e-7	-6.505e-7	4.087e-8	-7.000e-7	-6.660e-7	3.395e-8	-7.780e-7	-7.301e-7	4.795e-8	-6.088e-7	-5.890e-7	1.981e-8	-6.965e-7	-6.589e-7	3.764e-8	-6.438e-7	-6.169e-7	2.694e-8	-7.367e-7	-6.865e-7	5.021e-8
0.600	-6.013e-7	-5.733e-7	2.798e-8	-6.884e-7	-6.459e-7	4.245e-8	-6.973e-7	-6.613e-7	3.601e-8	-7.741e-7	-7.252e-7	4.891e-8	-6.049e-7	-5.838e-7	2.116e-8	-6.932e-7	-6.540e-7	3.916e-8	-6.407e-7	-6.119e-7	2.881e-8	-7.332e-7	-6.812e-7	5.203e-8
0.596	-5.986e-7	-5.687e-7	2.989e-8	-6.853e-7	-6.410e-7	4.432e-8	-6.941e-7	-6.560e-7	3.814e-8	-7.711e-7	-7.193e-7	5.181e-8	-6.026e-7	-5.792e-7	2.336e-8	-6.894e-7	-6.486e-7	4.079e-8	-6.384e-7	-6.073e-7	3.113e-8	-7.300e-7	-6.762e-7	5.383e-8
0.592	-5.974e-7	-5.653e-7	3.214e-8	-6.823e-7	-6.363e-7	4.606e-8	-6.923e-7	-6.517e-7	4.068e-8	-7.680e-7	-7.148e-7	5.319e-8	-5.995e-7	-5.748e-7	2.470e-8	-6.868e-7	-6.445e-7	4.230e-8	-6.360e-7	-6.029e-7	3.314e-8	-7.271e-7	-6.718e-7	5.532e-8
0.588	-5.966e-7	-5.623e-7	3.427e-8	-6.803e-7	-6.323e-7	4.797e-8	-6.904e-7	-6.475e-7	4.290e-8	-7.651e-7	-7.098e-7	5.527e-8	-5.975e-7	-5.709e-7	2.663e-8	-6.840e-7	-6.399e-7	4.404e-8	-6.343e-7	-5.989e-7	3.539e-8	-7.253e-7	-6.674e-7	5.782e-8
0.584	-5.935e-7	-5.576e-7	3.592e-8	-6.774e-7	-6.279e-7	4.950e-8	-6.876e-7	-6.428e-7	4.481e-8	-7.620e-7	-7.050e-7	5.697e-8	-5.950e-7	-5.664e-7	2.859e-8	-6.806e-7	-6.349e-7	4.567e-8	-6.315e-7	-5.939e-7	3.763e-8	-7.219e-7	-6.624e-7	5.956e-8
0.580	-5.919e-7	-5.543e-7	3.764e-8	-6.752e-7	-6.238e-7	5.141e-8	-6.864e-7	-6.389e-7	4.755e-8	-7.597e-7	-7.005e-7	5.920e-8	-5.930e-7	-5.625e-7	3.047e-8	-6.778e-7	-6.306e-7	4.716e-8	-6.286e-7	-5.892e-7	3.942e-8	-7.190e-7	-6.576e-7	6.142e-8
0.576	-5.909e-7	-5.512e-7	3.963e-8	-6.732e-7	-6.200e-7	5.317e-8	-6.853e-7	-6.356e-7	4.970e-8	-7.579e-7	-6.965e-7	6.142e-8	-5.904e-7	-5.587e-7	3.178e-8	-6.755e-7	-6.266e-7	4.894e-8	-6.266e-7	-5.851e-7	4.151e-8	-7.167e-7	-6.535e-7	6.316e-8
0.572	-5.893e-7	-5.475e-7	4.177e-8	-6.707e-7	-6.157e-7	5.503e-8	-6.836e-7	-6.314e-7	5.214e-8	-7.548e-7	-6.918e-7	6.298e-8	-5.884e-7	-5.546e-7	3.382e-8	-6.729e-7	-6.223e-7	5.066e-8	-6.239e-7	-5.807e-7	4.325e-8	-7.141e-7	-6.491e-7	6.500e-8
0.568	-5.873e-7	-5.441e-7	4.323e-8	-6.687e-7	-6.124e-7	5.630e-8	-6.814e-7	-6.276e-7	5.378e-8	-7.530e-7	-6.879e-7	6.509e-8	-5.862e-7	-5.508e-7	3.543e-8	-6.700e-7	-6.182e-7	5.184e-8	-6.221e-7	-5.770e-7	4.511e-8	-7.115e-7	-6.447e-7	6.681e-8
0.564	-5.861e-7	-5.412e-7	4.490e-8	-6.671e-7	-6.091e-7	5.798e-8	-6.804e-7	-6.245e-7	5.587e-8	-7.501e-7	-6.837e-7	6.648e-8	-5.843e-7	-5.473e-7	3.699e-8	-6.680e-7	-6.145e-7	5.351e-8	-6.197e-7	-5.727e-7	4.706e-8	-7.095e-7	-6.409e-7	6.862e-8
0.560	-5.851e-7	-5.384e-7	4.674e-8	-6.653e-7	-6.052e-7	6.018e-8	-6.796e-7	-6.212e-7	5.841e-8	-7.485e-7	-6.801e-7	6.843e-8	-5.831e-7	-5.440e-7	3.908e-8	-6.655e-7	-6.104e-7	5.513e-8	-6.181e-7	-5.691e-7	4.900e-8	-7.075e-7	-6.368e-7	7.064e-8
0.556	-5.834e-7	-5.350e-7	4.841e-8	-6.631e-7	-6.017e-7	6.147e-8	-6.777e-7	-6.180e-7	5.972e-8	-7.462e-7	-6.757e-7	7.052e-8	-5.805e-7	-5.403e-7	4.018e-8	-6.625e-7	-6.059e-7	5.654e-8	-6.158e-7	-5.656e-7	5.016e-8	-7.055e-7	-6.329e-7	7.264e-8
0.552	-5.817e-7	-5.319e-7	4.977e-8	-6.605e-7	-5.974e-7	6.309e-8	-6.761e-7	-6.144e-7	6.163e-8	-7.447e-7	-6.721e-7	7.254e-8	-5.786e-7	-5.369e-7	4.171e-8	-6.602e-7	-6.020e-7	5.814e-8	-6.132e-7	-5.613e-7	5.193e-8	-7.024e-7	-6.289e-7	7.348e-8
0.548	-5.797e-7	-5.288e-7	5.091e-8	-6.588e-7	-5.943e-7	6.450e-8	-6.745e-7	-6.112e-7	6.331e-8	-7.425e-7	-6.686e-7	7.384e-8	-5.766e-7	-5.335e-7	4.312e-8	-6.574e-7	-5.985e-7	5.893e-8	-6.111e-7	-5.577e-7	5.345e-8	-6.999e-7	-6.246e-7	7.532e-8
0.544	-5.775e-7	-5.255e-7	5.203e-8	-6.547e-7	-5.897e-7	6.503e-8	-6.730e-7	-6.081e-7	6.497e-8	-7.390e-7	-6.643e-7	7.472e-8	-5.741e-7	-5.297e-7	4.434e-8	-6.538e-7	-5.940e-7	5.979e-8	-6.086e-7	-5.542e-7	5.435e-8	-6.962e-7	-6.200e-7	7.617e-8
0.540	-5.765e-7	-5.230e-7	5.347e-8	-6.538e-7	-5.868e-7	6.700e-8	-6.727e-7	-6.053e-7	6.735e-8	-7.380e-7	-6.610e-7	7.706e-8	-5.723e-7	-5.266e-7	4.566e-8	-6.524e-7	-5.911e-7	6.136e-8	-6.071e-7	-5.508e-7	5.624e-8	-6.948e-7	-6.171e-7	7.764e-8
0.536	-5.739e-7	-5.195e-7	5.434e-8	-6.504e-7	-5.833e-7	6.717e-8	-6.708e-7	-6.027e-7	6.817e-8	-7.361e-7	-6.577e-7	7.839e-8	-5.701e-7	-5.232e-7	4.688e-8	-6.503e-7	-5.873e-7	6.300e-8	-6.053e-7	-5.477e-7	5.762e-8	-6.921e-7	-6.131e-7	7.899e-8
0.532	-5.718e-7	-5.165e-7	5.530e-8	-6.474e-7	-5.790e-7	6.838e-8	-6.689e-7	-5.989e-7	7.000e-8	-7.331e-7	-6.538e-7	7.931e-8	-5.679e-7	-5.201e-7	4.782e-8	-6.474e-7	-5.832e-7	6.411e-8	-6.024e-7	-5.437e-7	5.868e-8	-6.892e-7	-6.091e-7	8.009e-8
0.528	-5.702e-7	-5.139e-7	5.626e-8	-6.445e-7	-5.753e-7	6.921e-8	-6.677e-7	-5.961e-7	7.154e-8	-7.308e-7	-6.502e-7	8.061e-8	-5.655e-7	-5.169e-7	4.857e-8	-6.442e-7	-5.792e-7	6.500e-8	-6.001e-7	-5.403e-7	5.985e-8	-6.863e-7	-6.052e-7	8.108e-8
0.524	-5.668e-7	-5.105e-7	5.634e-8	-6.415e-7	-5.718e-7	6.965e-8	-6.648e-7	-5.933e-7	7.154e-8	-7.285e-7	-6.466e-7	8.191e-8	-5.634e-7	-5.145e-7	4.895e-8	-6.412e-7	-5.761e-7	6.508e-8	-5.973e-7	-5.369e-7	6.030e-8	-6.828e-7	-6.014e-7	8.138e-8
0.520	-5.652e-7	-5.076e-7	5.765e-8	-6.389e-7	-5.684e-7	7.051e-8	-6.632e-7	-5.898e-7	7.341e-8	-7.260e-7	-6.430e-7	8.300e-8	-5.615e-7	-5.108e-7	5.073e-8	-6.388e-7	-5.723e-7	6.649e-8	-5.955e-7	-5.338e-7	6.168e-8	-6.807e-7	-5.980e-7	8.262e-8
0.516	-5.622e-7	-5.045e-7	5.768e-8	-6.351e-7	-5.641e-7	7.092e-8	-6.613e-7	-5.872e-7	7.409e-8	-7.233e-7	-6.400e-7	8.335e-8	-5.590e-7	-5.077e-7	5.130e-8	-6.351e-7	-5.687e-7	6.639e-8	-5.925e-7	-5.303e-7	6.215e-8	-6.768e-7	-5.937e-7	8.309e-8
0.512	-5.603e-7	-5.017e-7	5.865e-8	-6.327e-7	-5.612e-7	7.152e-8	-6.604e-7	-5.847e-7	7.565e-8	-7.206e-7	-6.361e-7	8.448e-8	-5.568e-7	-5.048e-7	5.199e-8	-6.330e-7	-5.654e-7	6.757e-8	-5.908e-7	-5.273e-7	6.345e-8	-6.740e-7	-5.902e-7	8.382e-8
0.508	-5.579e-7	-4.993e-7	5.865e-8	-6.293e-7	-5.578e-7	7.147e-8	-6.582e-7	-5.819e-7	7.630e-8	-7.188e-7	-6.334e-7	8.539e-8	-5.547e-7	-5.025e-7	5.220e-8	-6.301e-7	-5.623e-7	6.785e-8	-5.877e-7	-5.242e-7	6.347e-8	-6.708e-7	-5.870e-7	8.381e-8
0.504	-5.555e-7	-4.965e-7	5.900e-8	-6.259e-7	-5.547e-7	7.117e-8	-6.567e-7	-5.794e-7	7.731e-8	-7.163e-7	-6.305e-7	8.579e-8	-5.528e-7	-4.999e-7	5.295e-8	-6.272e-7	-5.593e-7	6.787e-8	-5.854e-7	-5.217e-7	6.373e-8	-6.682e-7	-5.834e-7	8.478e-8
0.500	-5.522e-7	-4.933e-7	5.895e-8	-6.227e-7	-5.511e-7	7.160e-8	-6.546e-7	-5.768e-7	7.775e-8	-7.137e-7	-6.272e-7	8.656e-8	-5.495e-7	-4.964e-7	5.301e-8	-6.249e-7	-5.562e-7	6.873e-8	-5.829e-7	-5.183e-7	6.466e-8	-6.644e-7	-5.795e-7	8.494e-8
0.496	-5.499e-7	-4.903e-7	5.959e-8	-6.193e-7	-5.478e-7	7.146e-8	-6.530e-7	-5.747e-7	7.838e-8	-7.115e-7	-6.242e-7	8.735e-8	-5.487e-7	-4.944e-7	5.434e-8	-6.223e-7	-5.529e-7	6.941e-8	-5.809e-7	-5.156e-7	6.531e-8	-6.628e-7	-5.768e-7	8.600e-8
0.492	-5.469e-7	-4.878e-7	5.911e-8	-6.167e-7	-5.449e-7	7.188e-8	-6.516e-7	-5.723e-7	7.927e-8	-7.085e-7	-6.209e-7	8.757e-8	-5.461e-7	-4.918e-7	5.426e-8	-6.197e-7	-5.500e-7	6.965e-8	-5.783e-7	-5.127e-7	6.561e-8	-6.594e-7	-5.738e-7	8.558e-8
0.488	-5.440e-7	-4.848e-7	5.920e-8	-6.133e-7	-5.418e-7	7.152e-8	-6.495e-7	-5.701e-7	7.943e-8	-7.059e-7	-6.183e-7	8.760e-8	-5.436e-7	-4.895e-7	5.407e-8	-6.168e-7	-5.475e-7	6.928e-8	-5.754e-7	-5.100e-7	6.539e-8	-6.566e-7	-5.708e-7	8.583e-8
0.484	-5.417e-7	-4.823e-7	5.938e-8	-6.101e-7	-5.383e-7	7.187e-8	-6.485e-7	-5.678e-7	8.069e-8	-7.038e-7	-6.157e-7	8.811e-8	-5.415e-7	-4.865e-7	5.500e-8	-6.146e-7	-5.446e-7	7.002e-8	-5.726e-7	-5.065e-7	6.604e-8	-6.532e-7	-5.673e-7	8.599e-8
0.480	-5.393e-7	-4.801e-7	5.924e-8	-6.072e-7	-5.357e-7	7.144e-8	-6.463e-7	-5.657e-7	8.064e-8	-7.024e-7	-6.133e-7	8.911e-8	-5.393e-7	-4.843e-7	5.501e-8	-6.121e-7	-5.415e-7	7.060e-8	-5.704e-7	-5.040e-7	6.638e-8	-6.507e-7	-5.643e-7	8.637e-8
0.476	-5.366e-7	-4.772e-7	5.941e-8	-6.037e-7	-5.325e-7	7.114e-8	-6.451e-7	-5.635e-7	8.168e-8	-7.002e-7	-6.106e-7	8.956e-8	-5.373e-7	-4.818e-7	5.544e-8	-6.095e-7	-5.388e-7	7.068e-8	-5.679e-7	-5.011e-7	6.679e-8	-6.475e-7	-5.614e-7	8.606e-8
0.472	-5.344e-7	-4.752e-7	5.923e-8	-6.007e-7	-5.299e-7	7.088e-8	-6.439e-7	-5.620e-7	8.191e-8	-6.978e-7	-6.080e-7	8.976e-8	-5.355e-7	-4.796e-7	5.588e-8	-6.070e-7	-5.365e-7	7.047e-8	-5.661e-7	-4.991e-7	6.705e-8	-6.456e-7	-5.591e-7	8.649e-8
0.468	-5.308e-7	-4.718e-7	5.896e-8	-5.974e-7	-5.268e-7	7.058e-8	-6.415e-7	-5.592e-7	8.232e-8	-6.948e-7	-6.051e-7	8.966e-8	-5.332e-7	-4.771e-7	5.609e-8	-6.042e-7	-5.331e-7	7.104e-8	-5.628e-7	-4.960e-7	6.673e-8	-6.421e-7	-5.554e-7	8.671e-8
0.464	-5.278e-7	-4.691e-7	5.877e-8	-5.942e-7	-5.237e-7	7.045e-8	-6.392e-7	-5.566e-7	8.268e-8	-6.927e-7	-6.027e-7	9.002e-8	-5.303e-7	-4.744e-7	5.592e-8	-6.011e-7	-5.302e-7	7.083e-8	-5.598e-7	-4.930e-7	6.684e-8	-6.388e-7	-5.526e-7	8.616e-8
0.460	-5.250e-7	-4.664e-7	5.860e-8	-5.911e-7	-5.214e-7	6.972e-8	-6.380e-7	-5.551e-7	8.293e-8	-6.915e-7	-6.010e-7	9.046e-8	-5.285e-7	-4.725e-7	5.603e-8	-5.998e-7	-5.286e-7	7.117e-8	-5.577e-7	-4.908e-7	6.694e-8	-6.361e-7	-5.498e-7	8.628e-8
0.456	-5.222e-7	-4.637e-7	5.851e-8	-5.874e-7	-5.180e-7	6.935e-8	-6.354e-7	-5.525e-7	8.289e-8	-6.888e-7	-5.982e-7	9.061e-8	-5.253e-7	-4.691e-7	5.615e-8	-5.960e-7	-5.254e-7	7.059e-8	-5.545e-7	-4.874e-7	6.712e-8	-6.325e-7	-5.466e-7	8.597e-8
0.452	-5.190e-7	-4.609e-7	5.812e-8	-5.844e-7	-5.147e-7	6.970e-8	-6.339e-7	-5.504e-7	8.350e-8	-6.866e-7	-5.956e-7	9.099e-8	-5.228e-7	-4.667e-7	5.602e-8	-5.939e-7	-5.228e-7	7.110e-8	-5.515e-7	-4.844e-7	6.704e-8	-6.293e-7	-5.434e-7	8.583e-8
0.448	-5.150e-7	-4.578e-7	5.712e-8	-5.801e-7	-5.112e-7	6.887e-8	-6.316e-7	-5.474e-7	8.415e-8	-6.837e-7	-5.927e-7	9.099e-8	-5.200e-7	-4.637e-7	5.627e-8	-5.905e-7	-5.199e-7	7.061e-8	-5.480e-7	-4.814e-7	6.658e-8	-6.263e-7	-5.405e-7	8.581e-8
0.444	-5.127e-7	-4.553e-7	5.743e-8	-5.785e-7	-5.096e-7	6.889e-8	-6.304e-7	-5.457e-7	8.467e-8	-6.812e-7	-5.903e-7	9.093e-8	-5.177e-7	-4.615e-7	5.620e-8	-5.885e-7	-5.174e-7	7.110e-8	-5.463e-7	-4.791e-7	6.718e-8	-6.229e-7	-5.375e-7	8.544e-8
0.440	-5.100e-7	-4.526e-7	5.736e-8	-5.756e-7	-5.065e-7	6.908e-8	-6.277e-7	-5.432e-7	8.445e-8	-6.801e-7	-5.884e-7	9.178e-8	-5.160e-7	-4.592e-7	5.678e-8	-5.859e-7	-5.150e-7	7.093e-8	-5.427e-7	-4.758e-7	6.689e-8	-6.204e-7	-5.348e-7	8.558e-8
0.436	-5.062e-7	-4.493e-7	5.681e-8	-5.713e-7	-5.034e-7	6.791e-8	-6.256e-7	-5.411e-7	8.448e-8	-6.769e-7	-5.854e-7	9.151e-8	-5.124e-7	-4.564e-7	5.595e-8	-5.826e-7	-5.121e-7	7.047e-8	-5.391e-7	-4.727e-7	6.643e-8	-6.169e-7	-5.316e-7	8.526e-8
0.432	-5.041e-7	-4.471e-7	5.699e-8	-5.698e-7	-5.016e-7	6.814e-8	-6.246e-7	-5.392e-7	8.538e-8	-6.762e-7	-5.843e-7	9.190e-8	-5.111e-7	-4.545e-7	5.658e-8	-5.817e-7	-5.105e-7	7.126e-8	-5.374e-7	-4.707e-7	6.670e-8	-6.152e-7	-5.297e-7	8.553e-8
0.428	-5.012e-7	-4.449e-7	5.629e-8	-5.662e-7	-4.991e-7	6.710e-8	-6.214e-7	-5.367e-7	8.468e-8	-6.726e-7	-5.811e-7	9.150e-8	-5.075e-7	-4.517e-7	5.581e-8	-5.783e-7	-5.077e-7	7.057e-8	-5.341e-7	-4.679e-7	6.621e-8	-6.115e-7	-5.267e-7	8.474e-8
0.424	-4.977e-7	-4.418e-7	5.589e-8	-5.634e-7	-4.961e-7	6.723e-8	-6.199e-7	-5.346e-7	8.532e-8	-6.716e-7	-5.797e-7	9.188e-8	-5.055e-7	-4.496e-7	5.587e-8	-5.756e-7	-5.050e-7	7.064e-8	-5.311e-7	-4.652e-7	6.588e-8	-6.084e-7	-5.237e-7	8.462e-8
0.420	-4.944e-7	-4.390e-7	5.546e-8	-5.600e-7	-4.938e-7	6.625e-8	-6.172e-7	-5.322e-7	8.495e-8	-6.685e-7	-5.769e-7	9.164e-8	-5.028e-7	-4.473e-7	5.552e-8	-5.728e-7	-5.025e-7	7.029e-8	-5.273e-7	-4.619e-7	6.533e-8	-6.049e-7	-5.208e-7	8.414e-8
0.416	-4.922e-7	-4.368e-7	5.542e-8	-5.573e-7	-4.912e-7	6.607e-8	-6.154e-7	-5.300e-7	8.532e-8	-6.657e-7	-5.741e-7	9.159e-8	-5.003e-7	-4.448e-7	5.549e-8	-5.703e-7	-5.003e-7	6.994e-8	-5.253e-7	-4.600e-7	6.526e-8	-6.015e-7	-5.182e-7	8.327e-8
0.412	-4.891e-7	-4.341e-7	5.501e-8	-5.544e-7	-4.888e-7	6.565e-8	-6.138e-7	-5.282e-7	8.567e-8	-6.640e-7	-5.720e-7	9.202e-8	-4.976e-7	-4.422e-7	5.546e-8	-5.681e-7	-4.977e-7	7.039e-8	-5.213e-7	-4.564e-7	6.496e-8	-5.985e-7	-5.150e-7	8.350e-8
0.408	-4.871e-7	-4.321e-7	5.495e-8	-5.521e-7	-4.864e-7	6.563e-8	-6.117e-7	-5.262e-7	8.551e-8	-6.626e-7	-5.708e-7	9.183e-8	-4.954e-7	-4.401e-7	5.533e-8	-5.662e-7	-4.960e-7	7.015e-8	-5.196e-7	-4.545e-7	6.514e-8	-5.958e-7	-5.128e-7	8.299e-8
0.404	-4.841e-7	-4.296e-7	5.447e-8	-5.493e-7	-4.845e-7	6.481e-8	-6.102e-7	-5.241e-7	8.606e-8	-6.607e-7	-5.686e-7	9.210e-8	-4.929e-7	-4.378e-7	5.509e-8	-5.634e-7	-4.935e-7	6.988e-8	-5.165e-7	-4.518e-7	6.466e-8	-5.925e-7	-5.103e-7	8.219e-8
0.400	-4.811e-7	-4.273e-7	5.374e-8	-5.476e-7	-4.831e-7	6.458e-8	-6.088e-7	-5.229e-7	8.598e-8	-6.594e-7	-5.676e-7	9.183e-8	-4.911e-7	-4.361e-7	5.504e-8	-5.618e-7	-4.920e-7	6.977e-8	-5.145e-7	-4.500e-7	6.444e-8	-5.907e-7	-5.084e-7	8.227e-8
0.396	-4.800e-7	-4.259e-7	5.410e-8	-5.459e-7	-4.816e-7	6.439e-8	-6.079e-7	-5.215e-7	8.633e-8	-6.581e-7	-5.659e-7	9.216e-8	-4.897e-7	-4.343e-7	5.539e-8	-5.599e-7	-4.903e-7	6.952e-8	-5.124e-7	-4.479e-7	6.444e-8	-5.880e-7	-5.066e-7	8.140e-8
0.392	-4.788e-7	-4.245e-7	5.431e-8	-5.444e-7	-4.799e-7	6.448e-8	-6.077e-7	-5.209e-7	8.680e-8	-6.582e-7	-5.660e-7	9.225e-8	-4.894e-7	-4.337e-7	5.569e-8	-5.599e-7	-4.899e-7	7.001e-8	-5.103e-7	-4.462e-7	6.409e-8	-5.871e-7	-5.055e-7	8.158e-8
0.388	-4.768e-7	-4.233e-7	5.345e-8	-5.427e-7	-4.795e-7	6.319e-8	-6.069e-7	-5.205e-7	8.640e-8	-6.571e-7	-5.653e-7	9.184e-8	-4.876e-7	-4.325e-7	5.512e-8	-5.590e-7	-4.892e-7	6.987e-8	-5.083e-7	-4.447e-7	6.362e-8	-5.848e-7	-5.041e-7	8.070e-8
0.384	-4.755e-7	-4.221e-7	5.336e-8	-5.422e-7	-4.781e-7	6.403e-8	-6.066e-7	-5.197e-7	8.697e-8	-6.572e-7	-5.646e-7	9.266e-8	-4.873e-7	-4.319e-7	5.536e-8	-5.581e-7	-4.883e-7	6.982e-8	-5.075e-7	-4.437e-7	6.381e-8	-5.848e-7	-5.033e-7	8.157e-8
0.380	-4.746e-7	-4.214e-7	5.320e-8	-5.423e-7	-4.786e-7	6.372e-8	-6.075e-7	-5.200e-7	8.744e-8	-6.590e-7	-5.657e-7	9.329e-8	-4.872e-7	-4.317e-7	5.554e-8	-5.592e-7	-4.890e-7	7.016e-8	-5.071e-7	-4.432e-7	6.387e-8	-5.840e-7	-5.029e-7	8.113e-8
0.376	-4.751e-7	-4.214e-7	5.369e-8	-5.435e-7	-4.789e-7	6.463e-8	-6.098e-7	-5.209e-7	8.893e-8	-6.611e-7	-5.668e-7	9.434e-8	-4.882e-7	-4.320e-7	5.621e-8	-5.602e-7	-4.894e-7	7.080e-8	-5.072e-7	-4.433e-7	6.390e-8	-5.840e-7	-5.026e-7	8.139e-8
0.372	-4.754e-7	-4.216e-7	5.380e-8	-5.449e-7	-4.800e-7	6.489e-8	-6.125e-7	-5.226e-7	8.989e-8	-6.638e-7	-5.686e-7	9.524e-8	-4.900e-7	-4.335e-7	5.652e-8	-5.627e-7	-4.913e-7	7.137e-8	-5.067e-7	-4.429e-7	6.381e-8	-5.857e-7	-5.039e-7	8.181e-8
0.368	-4.784e-7	-4.235e-7	5.491e-8	-5.479e-7	-4.825e-7	6.535e-8	-6.170e-7	-5.257e-7	9.123e-8	-6.690e-7	-5.724e-7	9.657e-8	-4.936e-7	-4.357e-7	5.791e-8	-5.670e-7	-4.943e-7	7.276e-8	-5.102e-7	-4.451e-7	6.508e-8	-5.893e-7	-5.063e-7	8.302e-8
0.364	-4.813e-7	-4.258e-7	5.549e-8	-5.521e-7	-4.856e-7	6.644e-8	-6.226e-7	-5.298e-7	9.286e-8	-6.752e-7	-5.767e-7	9.854e-8	-4.982e-7	-4.391e-7	5.908e-8	-5.722e-7	-4.984e-7	7.384e-8	-5.133e-7	-4.474e-7	6.596e-8	-5.931e-7	-5.092e-7	8.390e-8
0.360	-4.851e-7	-4.284e-7	5.670e-8	-5.567e-7	-4.889e-7	6.780e-8	-6.294e-7	-5.343e-7	9.506e-8	-6.826e-7	-5.818e-7	1.009e-7	-5.031e-7	-4.425e-7	6.066e-8	-5.780e-7	-5.020e-7	7.599e-8	-5.172e-7	-4.496e-7	6.755e-8	-5.984e-7	-5.132e-7	8.522e-8
0.356	-4.905e-7	-4.318e-7	5.862e-8	-5.635e-7	-4.934e-7	7.006e-8	-6.383e-7	-5.402e-7	9.809e-8	-6.919e-7	-5.882e-7	1.037e-7	-5.112e-7	-4.480e-7	6.315e-8	-5.866e-7	-5.076e-7	7.890e-8	-5.229e-7	-4.539e-7	6.902e-8	-6.057e-7	-5.180e-7	8.769e-8
0.352	-4.967e-7	-4.364e-7	6.032e-8	-5.708e-7	-4.989e-7	7.192e-8	-6.479e-7	-5.471e-7	1.009e-7	-7.033e-7	-5.963e-7	1.070e-7	-5.193e-7	-4.538e-7	6.545e-8	-5.970e-7	-5.154e-7	8.165e-8	-5.307e-7	-4.592e-7	7.143e-8	-6.140e-7	-5.241e-7	8.993e-8
0.348	-5.055e-7	-4.425e-7	6.300e-8	-5.800e-7	-5.055e-7	7.450e-8	-6.608e-7	-5.558e-7	1.050e-7	-7.173e-7	-6.056e-7	1.117e-7	-5.296e-7	-4.612e-7	6.840e-8	-6.091e-7	-5.236e-7	8.556e-8	-5.391e-7	-4.654e-7	7.372e-8	-6.249e-7	-5.321e-7	9.287e-8
0.344	-5.144e-7	-4.485e-7	6.585e-8	-5.911e-7	-5.132e-7	7.796e-8	-6.749e-7	-5.650e-7	1.099e-7	-7.315e-7	-6.155e-7	1.160e-7	-5.421e-7	-4.691e-7	7.302e-8	-6.230e-7	-5.330e-7	9.001e-8	-5.497e-7	-4.728e-7	7.694e-8	-6.379e-7	-5.406e-7	9.728e-8
0.340	-5.265e-7	-4.568e-7	6.968e-8	-6.042e-7	-5.224e-7	8.180e-8	-6.911e-7	-5.757e-7	1.154e-7	-7.499e-7	-6.280e-7	1.218e-7	-5.567e-7	-4.792e-7	7.751e-8	-6.397e-7	-5.445e-7	9.527e-8	-5.627e-7	-4.814e-7	8.131e-8	-6.530e-7	-5.507e-7	1.023e-7
0.336	-5.379e-7	-4.647e-7	7.319e-8	-6.183e-7	-5.317e-7	8.666e-8	-7.074e-7	-5.862e-7	1.212e-7	-7.681e-7	-6.402e-7	1.278e-7	-5.713e-7	-4.888e-7	8.248e-8	-6.566e-7	-5.558e-7	1.008e-7	-5.766e-7	-4.911e-7	8.547e-8	-6.680e-7	-5.612e-7	1.068e-7
0.332	-5.525e-7	-4.735e-7	7.895e-8	-6.337e-7	-5.416e-7	9.213e-8	-7.261e-7	-5.975e-7	1.287e-7	-7.881e-7	-6.523e-7	1.359e-7	-5.880e-7	-4.991e-7	8.891e-8	-6.760e-7	-5.678e-7	1.082e-7	-5.917e-7	-5.004e-7	9.131e-8	-6.871e-7	-5.733e-7	1.138e-7
0.328	-5.668e-7	-4.827e-7	8.414e-8	-6.508e-7	-5.524e-7	9.838e-8	-7.446e-7	-6.091e-7	1.355e-7	-8.099e-7	-6.656e-7	1.443e-7	-6.053e-7	-5.096e-7	9.565e-8	-6.966e-7	-5.805e-7	1.161e-7	-6.083e-7	-5.107e-7	9.755e-8	-7.050e-7	-5.848e-7	1.201e-7
0.324	-5.820e-7	-4.918e-7	9.013e-8	-6.680e-7	-5.629e-7	1.051e-7	-7.644e-7	-6.204e-7	1.440e-7	-8.316e-7	-6.788e-7	1.528e-7	-6.229e-7	-5.201e-7	1.028e-7	-7.164e-7	-5.923e-7	1.241e-7	-6.255e-7	-5.210e-7	1.045e-7	-7.258e-7	-5.974e-7	1.284e-7
0.320	-5.978e-7	-5.010e-7	9.683e-8	-6.867e-7	-5.735e-7	1.132e-7	-7.840e-7	-6.313e-7	1.527e-7	-8.539e-7	-6.913e-7	1.626e-7	-6.420e-7	-5.306e-7	1.113e-7	-7.387e-7	-6.054e-7	1.333e-7	-6.445e-7	-5.323e-7	1.122e-7	-7.472e-7	-6.097e-7	1.375e-7
0.316	-6.133e-7	-5.097e-7	1.036e-7	-7.035e-7	-5.836e-7	1.199e-7	-8.028e-7	-6.418e-7	1.610e-7	-8.747e-7	-7.033e-7	1.714e-7	-6.596e-7	-5.407e-7	1.189e-7	-7.592e-7	-6.170e-7	1.422e-7	-6.614e-7	-5.418e-7	1.196e-7	-7.676e-7	-6.215e-7	1.461e-7
0.312	-6.287e-7	-5.179e-7	1.109e-7	-7.210e-7	-5.932e-7	1.278e-7	-8.206e-7	-6.507e-7	1.699e-7	-8.953e-7	-7.141e-7	1.811e-7	-6.769e-7	-5.495e-7	1.274e-7	-7.790e-7	-6.274e-7	1.516e-7	-6.795e-7	-5.515e-7	1.280e-7	-7.880e-7	-6.328e-7	1.552e-7
0.308	-6.419e-7	-5.247e-7	1.172e-7	-7.363e-7	-6.009e-7	1.354e-7	-8.356e-7	-6.584e-7	1.773e-7	-9.133e-7	-7.233e-7	1.900e-7	-6.920e-7	-5.572e-7	1.348e-7	-7.969e-7	-6.368e-7	1.601e-7	-6.952e-7	-5.595e-7	1.357e-7	-8.063e-7	-6.422e-7	1.641e-7
0.304	-6.542e-7	-5.308e-7	1.234e-7	-7.502e-7	-6.077e-7	1.425e-7	-8.486e-7	-6.646e-7	1.840e-7	-9.292e-7	-7.314e-7	1.978e-7	-7.050e-7	-5.637e-7	1.414e-7	-8.128e-7	-6.445e-7	1.682e-7	-7.100e-7	-5.672e-7	1.427e-7	-8.235e-7	-6.513e-7	1.722e-7
0.300	-6.641e-7	-5.358e-7	1.283e-7	-7.627e-7	-6.142e-7	1.485e-7	-8.594e-7	-6.700e-7	1.895e-7	-9.424e-7	-7.378e-7	2.046e-7	-7.158e-7	-5.685e-7	1.473e-7	-8.250e-7	-6.502e-7	1.748e-7	-7.219e-7	-5.731e-7	1.488e-7	-8.371e-7	-6.580e-7	1.792e-7
0.296	-6.722e-7	-5.391e-7	1.331e-7	-7.719e-7	-6.183e-7	1.537e-7	-8.664e-7	-6.725e-7	1.939e-7	-9.517e-7	-7.416e-7	2.101e-7	-7.231e-7	-5.718e-7	1.513e-7	-8.357e-7	-6.549e-7	1.807e-7	-7.320e-7	-5.776e-7	1.545e-7	-8.481e-7	-6.627e-7	1.853e-7
0.292	-6.778e-7	-5.415e-7	1.363e-7	-7.782e-7	-6.209e-7	1.573e-7	-8.717e-7	-6.746e-7	1.971e-7	-9.578e-7	-7.444e-7	2.134e-7	-7.289e-7	-5.742e-7	1.547e-7	-8.418e-7	-6.574e-7	1.844e-7	-7.382e-7	-5.804e-7	1.578e-7	-8.563e-7	-6.662e-7	1.901e-7
0.288	-6.799e-7	-5.416e-7	1.384e-7	-7.819e-7	-6.213e-7	1.605e-7	-8.720e-7	-6.738e-7	1.982e-7	-9.593e-7	-7.439e-7	2.154e-7	-7.307e-7	-5.738e-7	1.569e-7	-8.442e-7	-6.573e-7	1.869e-7	-7.427e-7	-5.820e-7	1.607e-7	-8.600e-7	-6.671e-7	1.929e-7
0.284	-6.813e-7	-5.418e-7	1.395e-7	-7.831e-7	-6.211e-7	1.620e-7	-8.711e-7	-6.727e-7	1.984e-7	-9.589e-7	-7.429e-7	2.159e-7	-7.307e-7	-5.732e-7	1.575e-7	-8.447e-7	-6.565e-7	1.883e-7	-7.443e-7	-5.818e-7	1.625e-7	-8.621e-7	-6.674e-7	1.948e-7
0.280	-6.792e-7	-5.407e-7	1.386e-7	-7.803e-7	-6.191e-7	1.612e-7	-8.660e-7	-6.698e-7	1.961e-7	-9.543e-7	-7.396e-7	2.147e-7	-7.272e-7	-5.711e-7	1.560e-7	-8.415e-7	-6.540e-7	1.874e-7	-7.426e-7	-5.805e-7	1.621e-7	-8.590e-7	-6.649e-7	1.941e-7
0.276	-6.731e-7	-5.366e-7	1.365e-7	-7.740e-7	-6.149e-7	1.592e-7	-8.573e-7	-6.645e-7	1.928e-7	-9.452e-7	-7.340e-7	2.112e-7	-7.209e-7	-5.669e-7	1.541e-7	-8.330e-7	-6.488e-7	1.842e-7	-7.369e-7	-5.770e-7	1.599e-7	-8.523e-7	-6.603e-7	1.920e-7
0.272	-6.665e-7	-5.327e-7	1.338e-7	-7.662e-7	-6.096e-7	1.565e-7	-8.477e-7	-6.590e-7	1.887e-7	-9.341e-7	-7.271e-7	2.070e-7	-7.124e-7	-5.619e-7	1.505e-7	-8.231e-7	-6.430e-7	1.801e-7	-7.303e-7	-5.726e-7	1.578e-7	-8.437e-7	-6.548e-7	1.889e-7
0.268	-6.583e-7	-5.283e-7	1.300e-7	-7.564e-7	-6.037e-7	1.526e-7	-8.355e-7	-6.524e-7	1.831e-7	-9.211e-7	-7.197e-7	2.014e-7	-7.020e-7	-5.560e-7	1.460e-7	-8.113e-7	-6.359e-7	1.754e-7	-7.209e-7	-5.673e-7	1.536e-7	-8.325e-7	-6.483e-7	1.842e-7
0.264	-6.476e-7	-5.219e-7	1.257e-7	-7.437e-7	-5.962e-7	1.475e-7	-8.220e-7	-6.450e-7	1.770e-7	-9.056e-7	-7.109e-7	1.947e-7	-6.895e-7	-5.490e-7	1.404e-7	-7.969e-7	-6.278e-7	1.691e-7	-7.087e-7	-5.603e-7	1.484e-7	-8.186e-7	-6.401e-7	1.785e-7
0.260	-6.358e-7	-5.152e-7	1.207e-7	-7.305e-7	-5.885e-7	1.420e-7	-8.074e-7	-6.369e-7	1.705e-7	-8.886e-7	-7.011e-7	1.874e-7	-6.769e-7	-5.419e-7	1.350e-7	-7.809e-7	-6.187e-7	1.622e-7	-6.969e-7	-5.536e-7	1.432e-7	-8.032e-7	-6.313e-7	1.719e-7
0.256	-6.236e-7	-5.088e-7	1.148e-7	-7.145e-7	-5.800e-7	1.345e-7	-7.912e-7	-6.280e-7	1.632e-7	-8.705e-7	-6.908e-7	1.797e-7	-6.626e-7	-5.342e-7	1.284e-7	-7.640e-7	-6.093e-7	1.547e-7	-6.829e-7	-5.458e-7	1.371e-7	-7.861e-7	-6.220e-7	1.641e-7
0.252	-6.101e-7	-5.010e-7	1.092e-7	-6.987e-7	-5.707e-7	1.280e-7	-7.747e-7	-6.189e-7	1.558e-7	-8.507e-7	-6.797e-7	1.710e-7	-6.467e-7	-5.253e-7	1.214e-7	-7.457e-7	-5.990e-7	1.468e-7	-6.672e-7	-5.369e-7	1.303e-7	-7.678e-7	-6.117e-7	1.561e-7
0.248	-5.961e-7	-4.930e-7	1.032e-7	-6.820e-7	-5.611e-7	1.209e-7	-7.571e-7	-6.088e-7	1.483e-7	-8.297e-7	-6.681e-7	1.616e-7	-6.320e-7	-5.169e-7	1.151e-7	-7.267e-7	-5.878e-7	1.389e-7	-6.515e-7	-5.281e-7	1.235e-7	-7.487e-7	-6.010e-7	1.477e-7
0.244	-5.824e-7	-4.857e-7	9.676e-8	-6.646e-7	-5.516e-7	1.131e-7	-7.407e-7	-5.997e-7	1.410e-7	-8.101e-7	-6.570e-7	1.531e-7	-6.172e-7	-5.087e-7	1.084e-7	-7.083e-7	-5.778e-7	1.305e-7	-6.354e-7	-5.193e-7	1.160e-7	-7.292e-7	-5.899e-7	1.393e-7
0.240	-5.684e-7	-4.777e-7	9.067e-8	-6.480e-7	-5.417e-7	1.063e-7	-7.235e-7	-5.903e-7	1.331e-7	-7.899e-7	-6.458e-7	1.442e-7	-6.012e-7	-5.000e-7	1.012e-7	-6.891e-7	-5.672e-7	1.220e-7	-6.191e-7	-5.102e-7	1.088e-7	-7.105e-7	-5.795e-7	1.310e-7
0.236	-5.549e-7	-4.698e-7	8.516e-8	-6.326e-7	-5.330e-7	9.965e-8	-7.072e-7	-5.810e-7	1.262e-7	-7.703e-7	-6.342e-7	1.361e-7	-5.865e-7	-4.915e-7	9.502e-8	-6.716e-7	-5.569e-7	1.147e-7	-6.038e-7	-5.013e-7	1.026e-7	-6.920e-7	-5.687e-7	1.233e-7
0.232	-5.425e-7	-4.627e-7	7.981e-8	-6.155e-7	-5.233e-7	9.224e-8	-6.913e-7	-5.720e-7	1.192e-7	-7.500e-7	-6.229e-7	1.271e-7	-5.715e-7	-4.832e-7	8.835e-8	-6.522e-7	-5.463e-7	1.060e-7	-5.880e-7	-4.926e-7	9.545e-8	-6.733e-7	-5.583e-7	1.150e-7
0.228	-5.295e-7	-4.554e-7	7.407e-8	-6.003e-7	-5.145e-7	8.581e-8	-6.766e-7	-5.636e-7	1.130e-7	-7.323e-7	-6.128e-7	1.195e-7	-5.592e-7	-4.762e-7	8.300e-8	-6.364e-7	-5.372e-7	9.917e-8	-5.734e-7	-4.844e-7	8.905e-8	-6.559e-7	-5.484e-7	1.075e-7
0.224	-5.175e-7	-4.479e-7	6.958e-8	-5.856e-7	-5.057e-7	7.998e-8	-6.615e-7	-5.549e-7	1.066e-7	-7.142e-7	-6.018e-7	1.124e-7	-5.455e-7	-4.678e-7	7.775e-8	-6.200e-7	-5.277e-7	9.226e-8	-5.585e-7	-4.752e-7	8.335e-8	-6.393e-7	-5.386e-7	1.006e-7
0.220	-5.058e-7	-4.407e-7	6.506e-8	-5.714e-7	-4.969e-7	7.449e-8	-6.474e-7	-5.461e-7	1.013e-7	-6.971e-7	-5.914e-7	1.058e-7	-5.328e-7	-4.598e-7	7.292e-8	-6.040e-7	-5.175e-7	8.644e-8	-5.457e-7	-4.670e-7	7.874e-8	-6.220e-7	-5.278e-7	9.415e-8
0.216	-4.962e-7	-4.349e-7	6.132e-8	-5.583e-7	-4.888e-7	6.949e-8	-6.354e-7	-5.387e-7	9.673e-8	-6.824e-7	-5.826e-7	9.981e-8	-5.219e-7	-4.534e-7	6.847e-8	-5.907e-7	-5.095e-7	8.116e-8	-5.332e-7	-4.594e-7	7.376e-8	-6.082e-7	-5.196e-7	8.855e-8
0.212	-4.868e-7	-4.289e-7	5.795e-8	-5.475e-7	-4.818e-7	6.567e-8	-6.240e-7	-5.312e-7	9.278e-8	-6.676e-7	-5.733e-7	9.432e-8	-5.116e-7	-4.465e-7	6.510e-8	-5.786e-7	-5.019e-7	7.673e-8	-5.222e-7	-4.526e-7	6.961e-8	-5.952e-7	-5.116e-7	8.365e-8
0.208	-4.780e-7	-4.231e-7	5.491e-8	-5.362e-7	-4.748e-7	6.136e-8	-6.127e-7	-5.247e-7	8.800e-8	-6.538e-7	-5.651e-7	8.878e-8	-5.024e-7	-4.408e-7	6.158e-8	-5.664e-7	-4.940e-7	7.237e-8	-5.113e-7	-4.457e-7	6.560e-8	-5.822e-7	-5.037e-7	7.851e-8
0.204	-4.701e-7	-4.176e-7	5.246e-8	-5.262e-7	-4.683e-7	5.788e-8	-6.030e-7	-5.178e-7	8.528e-8	-6.423e-7	-5.571e-7	8.514e-8	-4.937e-7	-4.349e-7	5.880e-8	-5.558e-7	-4.871e-7	6.871e-8	-5.019e-7	-4.392e-7	6.268e-8	-5.709e-7	-4.959e-7	7.503e-8
0.200	-4.631e-7	-4.124e-7	5.063e-8	-5.171e-7	-4.618e-7	5.530e-8	-5.933e-7	-5.117e-7	8.164e-8	-6.309e-7	-5.494e-7	8.150e-8	-4.855e-7	-4.294e-7	5.614e-8	-5.456e-7	-4.804e-7	6.520e-8	-4.925e-7	-4.327e-7	5.984e-8	-5.604e-7	-4.891e-7	7.134e-8
0.196	-4.562e-7	-4.082e-7	4.798e-8	-5.091e-7	-4.565e-7	5.261e-8	-5.849e-7	-5.058e-7	7.908e-8	-6.199e-7	-5.422e-7	7.765e-8	-4.779e-7	-4.242e-7	5.374e-8	-5.365e-7	-4.743e-7	6.222e-8	-4.843e-7	-4.276e-7	5.677e-8	-5.503e-7	-4.823e-7	6.807e-8
0.192	-4.504e-7	-4.037e-7	4.671e-8	-5.024e-7	-4.516e-7	5.090e-8	-5.776e-7	-5.005e-7	7.708e-8	-6.107e-7	-5.359e-7	7.479e-8	-4.723e-7	-4.199e-7	5.243e-8	-5.291e-7	-4.688e-7	6.033e-8	-4.778e-7	-4.226e-7	5.520e-8	-5.422e-7	-4.764e-7	6.585e-8
0.188	-4.454e-7	-4.000e-7	4.547e-8	-4.962e-7	-4.468e-7	4.944e-8	-5.715e-7	-4.961e-7	7.541e-8	-6.035e-7	-5.308e-7	7.273e-8	-4.666e-7	-4.153e-7	5.125e-8	-5.218e-7	-4.632e-7	5.852e-8	-4.715e-7	-4.177e-7	5.376e-8	-5.351e-7	-4.710e-7	6.414e-8
0.184	-4.406e-7	-3.962e-7	4.448e-8	-4.901e-7	-4.423e-7	4.774e-8	-5.658e-7	-4.916e-7	7.428e-8	-5.954e-7	-5.248e-7	7.060e-8	-4.616e-7	-4.119e-7	4.971e-8	-5.148e-7	-4.580e-7	5.679e-8	-4.654e-7	-4.134e-7	5.196e-8	-5.278e-7	-4.660e-7	6.184e-8
0.180	-4.363e-7	-3.921e-7	4.419e-8	-4.843e-7	-4.372e-7	4.708e-8	-5.596e-7	-4.869e-7	7.265e-8	-5.884e-7	-5.192e-7	6.922e-8	-4.566e-7	-4.076e-7	4.900e-8	-5.093e-7	-4.537e-7	5.554e-8	-4.600e-7	-4.091e-7	5.097e-8	-5.209e-7	-4.609e-7	6.007e-8
0.176	-4.322e-7	-3.889e-7	4.330e-8	-4.789e-7	-4.329e-7	4.604e-8	-5.545e-7	-4.825e-7	7.203e-8	-5.824e-7	-5.145e-7	6.786e-8	-4.522e-7	-4.036e-7	4.863e-8	-5.046e-7	-4.497e-7	5.492e-8	-4.559e-7	-4.054e-7	5.042e-8	-5.153e-7	-4.561e-7	5.920e-8
0.172	-4.290e-7	-3.859e-7	4.316e-8	-4.748e-7	-4.296e-7	4.518e-8	-5.491e-7	-4.786e-7	7.049e-8	-5.769e-7	-5.098e-7	6.706e-8	-4.486e-7	-4.005e-7	4.804e-8	-4.987e-7	-4.452e-7	5.349e-8	-4.512e-7	-4.015e-7	4.968e-8	-5.093e-7	-4.516e-7	5.767e-8
0.168	-4.257e-7	-3.828e-7	4.287e-8	-4.714e-7	-4.264e-7	4.504e-8	-5.453e-7	-4.753e-7	7.009e-8	-5.718e-7	-5.058e-7	6.601e-8	-4.457e-7	-3.980e-7	4.767e-8	-4.953e-7	-4.419e-7	5.336e-8	-4.475e-7	-3.984e-7	4.905e-8	-5.045e-7	-4.474e-7	5.713e-8
0.164	-4.226e-7	-3.801e-7	4.256e-8	-4.673e-7	-4.227e-7	4.461e-8	-5.413e-7	-4.713e-7	6.998e-8	-5.668e-7	-5.011e-7	6.570e-8	-4.420e-7	-3.944e-7	4.761e-8	-4.910e-7	-4.380e-7	5.302e-8	-4.437e-7	-3.946e-7	4.910e-8	-5.003e-7	-4.434e-7	5.689e-8
0.160	-4.198e-7	-3.771e-7	4.271e-8	-4.646e-7	-4.196e-7	4.501e-8	-5.371e-7	-4.679e-7	6.924e-8	-5.632e-7	-4.977e-7	6.545e-8	-4.385e-7	-3.911e-7	4.737e-8	-4.872e-7	-4.344e-7	5.275e-8	-4.404e-7	-3.914e-7	4.901e-8	-4.957e-7	-4.391e-7	5.664e-8
0.156	-4.181e-7	-3.751e-7	4.307e-8	-4.616e-7	-4.169e-7	4.471e-8	-5.346e-7	-4.650e-7	6.957e-8	-5.596e-7	-4.942e-7	6.536e-8	-4.369e-7	-3.892e-7	4.767e-8	-4.838e-7	-4.312e-7	5.264e-8	-4.376e-7	-3.887e-7	4.887e-8	-4.923e-7	-4.365e-7	5.579e-8
0.152	-4.152e-7	-3.722e-7	4.298e-8	-4.585e-7	-4.135e-7	4.507e-8	-5.305e-7	-4.616e-7	6.890e-8	-5.553e-7	-4.905e-7	6.485e-8	-4.334e-7	-3.861e-7	4.734e-8	-4.803e-7	-4.280e-7	5.232e-8	-4.337e-7	-3.853e-7	4.834e-8	-4.895e-7	-4.334e-7	5.617e-8
0.148	-4.135e-7	-3.703e-7	4.319e-8	-4.553e-7	-4.112e-7	4.414e-8	-5.276e-7	-4.591e-7	6.846e-8	-5.512e-7	-4.874e-7	6.379e-8	-4.315e-7	-3.842e-7	4.731e-8	-4.773e-7	-4.252e-7	5.204e-8	-4.319e-7	-3.834e-7	4.851e-8	-4.852e-7	-4.298e-7	5.540e-8
0.144	-4.116e-7	-3.680e-7	4.355e-8	-4.536e-7	-4.091e-7	4.448e-8	-5.249e-7	-4.567e-7	6.818e-8	-5.489e-7	-4.849e-7	6.400e-8	-4.283e-7	-3.815e-7	4.683e-8	-4.741e-7	-4.224e-7	5.178e-8	-4.291e-7	-3.805e-7	4.868e-8	-4.819e-7	-4.267e-7	5.524e-8
0.140	-4.093e-7	-3.660e-7	4.337e-8	-4.510e-7	-4.062e-7	4.486e-8	-5.213e-7	-4.531e-7	6.828e-8	-5.452e-7	-4.813e-7	6.389e-8	-4.259e-7	-3.789e-7	4.699e-8	-4.714e-7	-4.196e-7	5.179e-8	-4.263e-7	-3.778e-7	4.847e-8	-4.789e-7	-4.233e-7	5.564e-8
0.136	-4.074e-7	-3.635e-7	4.394e-8	-4.485e-7	-4.035e-7	4.492e-8	-5.196e-7	-4.510e-7	6.864e-8	-5.420e-7	-4.783e-7	6.368e-8	-4.243e-7	-3.766e-7	4.761e-8	-4.690e-7	-4.168e-7	5.221e-8	-4.238e-7	-3.751e-7	4.872e-8	-4.769e-7	-4.210e-7	5.592e-8
0.132	-4.059e-7	-3.618e-7	4.409e-8	-4.468e-7	-4.015e-7	4.528e-8	-5.162e-7	-4.482e-7	6.801e-8	-5.394e-7	-4.760e-7	6.342e-8	-4.219e-7	-3.743e-7	4.766e-8	-4.666e-7	-4.149e-7	5.177e-8	-4.222e-7	-3.728e-7	4.936e-8	-4.733e-7	-4.182e-7	5.509e-8
0.128	-4.038e-7	-3.594e-7	4.434e-8	-4.441e-7	-3.987e-7	4.547e-8	-5.142e-7	-4.460e-7	6.819e-8	-5.371e-7	-4.734e-7	6.374e-8	-4.196e-7	-3.718e-7	4.779e-8	-4.641e-7	-4.120e-7	5.209e-8	-4.188e-7	-3.699e-7	4.893e-8	-4.701e-7	-4.149e-7	5.520e-8
0.124	-4.021e-7	-3.577e-7	4.438e-8	-4.432e-7	-3.973e-7	4.593e-8	-5.120e-7	-4.438e-7	6.819e-8	-5.347e-7	-4.710e-7	6.365e-8	-4.178e-7	-3.699e-7	4.789e-8	-4.623e-7	-4.098e-7	5.243e-8	-4.175e-7	-3.683e-7	4.914e-8	-4.682e-7	-4.128e-7	5.534e-8
0.120	-4.012e-7	-3.563e-7	4.493e-8	-4.408e-7	-3.947e-7	4.605e-8	-5.101e-7	-4.418e-7	6.833e-8	-5.331e-7	-4.688e-7	6.423e-8	-4.163e-7	-3.682e-7	4.813e-8	-4.605e-7	-4.079e-7	5.258e-8	-4.152e-7	-3.659e-7	4.921e-8	-4.659e-7	-4.105e-7	5.540e-8
0.116	-3.996e-7	-3.542e-7	4.543e-8	-4.392e-7	-3.929e-7	4.634e-8	-5.077e-7	-4.392e-7	6.855e-8	-5.314e-7	-4.666e-7	6.480e-8	-4.140e-7	-3.658e-7	4.823e-8	-4.581e-7	-4.053e-7	5.276e-8	-4.134e-7	-3.636e-7	4.975e-8	-4.634e-7	-4.075e-7	5.588e-8
0.112	-3.981e-7	-3.529e-7	4.523e-8	-4.379e-7	-3.911e-7	4.681e-8	-5.058e-7	-4.373e-7	6.847e-8	-5.298e-7	-4.648e-7	6.505e-8	-4.116e-7	-3.636e-7	4.797e-8	-4.559e-7	-4.034e-7	5.257e-8	-4.109e-7	-3.618e-7	4.919e-8	-4.608e-7	-4.052e-7	5.564e-8
0.108	-3.957e-7	-3.508e-7	4.489e-8	-4.365e-7	-3.894e-7	4.708e-8	-5.039e-7	-4.356e-7	6.833e-8	-5.270e-7	-4.623e-7	6.474e-8	-4.102e-7	-3.618e-7	4.847e-8	-4.537e-7	-4.011e-7	5.267e-8	-4.087e-7	-3.592e-7	4.947e-8	-4.586e-7	-4.030e-7	5.563e-8
0.104	-3.949e-7	-3.493e-7	4.567e-8	-4.342e-7	-3.874e-7	4.685e-8	-5.018e-7	-4.334e-7	6.842e-8	-5.247e-7	-4.602e-7	6.451e-8	-4.082e-7	-3.598e-7	4.841e-8	-4.518e-7	-3.990e-7	5.277e-8	-4.069e-7	-3.573e-7	4.966e-8	-4.561e-7	-4.008e-7	5.539e-8
0.100	-3.932e-7	-3.477e-7	4.555e-8	-4.333e-7	-3.858e-7	4.759e-8	-4.997e-7	-4.313e-7	6.837e-8	-5.232e-7	-4.589e-7	6.437e-8	-4.064e-7	-3.579e-7	4.849e-8	-4.503e-7	-3.974e-7	5.288e-8	-4.050e-7	-3.554e-7	4.955e-8	-4.545e-7	-3.988e-7	5.574e-8
0.096	-3.918e-7	-3.458e-7	4.593e-8	-4.320e-7	-3.841e-7	4.789e-8	-4.976e-7	-4.293e-7	6.831e-8	-5.218e-7	-4.566e-7	6.519e-8	-4.051e-7	-3.564e-7	4.876e-8	-4.481e-7	-3.950e-7	5.313e-8	-4.030e-7	-3.532e-7	4.980e-8	-4.516e-7	-3.960e-7	5.555e-8
0.092	-3.906e-7	-3.446e-7	4.591e-8	-4.305e-7	-3.826e-7	4.791e-8	-4.962e-7	-4.281e-7	6.807e-8	-5.191e-7	-4.544e-7	6.469e-8	-4.023e-7	-3.541e-7	4.821e-8	-4.462e-7	-3.931e-7	5.306e-8	-4.013e-7	-3.515e-7	4.986e-8	-4.498e-7	-3.942e-7	5.563e-8
0.088	-3.894e-7	-3.435e-7	4.592e-8	-4.290e-7	-3.811e-7	4.782e-8	-4.948e-7	-4.269e-7	6.791e-8	-5.180e-7	-4.533e-7	6.476e-8	-4.010e-7	-3.530e-7	4.805e-8	-4.449e-7	-3.920e-7	5.292e-8	-3.997e-7	-3.500e-7	4.968e-8	-4.482e-7	-3.925e-7	5.564e-8
0.084	-3.882e-7	-3.420e-7	4.621e-8	-4.278e-7	-3.798e-7	4.800e-8	-4.927e-7	-4.245e-7	6.822e-8	-5.166e-7	-4.512e-7	6.538e-8	-3.992e-7	-3.508e-7	4.840e-8	-4.435e-7	-3.898e-7	5.364e-8	-3.969e-7	-3.474e-7	4.956e-8	-4.461e-7	-3.903e-7	5.579e-8
0.080	-3.862e-7	-3.404e-7	4.576e-8	-4.261e-7	-3.778e-7	4.823e-8	-4.905e-7	-4.228e-7	6.772e-8	-5.147e-7	-4.499e-7	6.489e-8	-3.971e-7	-3.493e-7	4.783e-8	-4.415e-7	-3.880e-7	5.350e-8	-3.958e-7	-3.462e-7	4.959e-8	-4.433e-7	-3.881e-7	5.513e-8
0.076	-3.859e-7	-3.393e-7	4.660e-8	-4.265e-7	-3.775e-7	4.901e-8	-4.897e-7	-4.218e-7	6.794e-8	-5.145e-7	-4.488e-7	6.566e-8	-3.968e-7	-3.481e-7	4.873e-8	-4.402e-7	-3.867e-7	5.355e-8	-3.946e-7	-3.450e-7	4.962e-8	-4.432e-7	-3.870e-7	5.616e-8
0.072	-3.846e-7	-3.385e-7	4.609e-8	-4.242e-7	-3.757e-7	4.854e-8	-4.878e-7	-4.205e-7	6.724e-8	-5.133e-7	-4.477e-7	6.551e-8	-3.944e-7	-3.464e-7	4.796e-8	-4.382e-7	-3.847e-7	5.341e-8	-3.924e-7	-3.432e-7	4.920e-8	-4.411e-7	-3.854e-7	5.567e-8
0.068	-3.836e-7	-3.375e-7	4.613e-8	-4.233e-7	-3.749e-7	4.846e-8	-4.858e-7	-4.188e-7	6.699e-8	-5.115e-7	-4.464e-7	6.506e-8	-3.933e-7	-3.456e-7	4.764e-8	-4.368e-7	-3.836e-7	5.321e-8	-3.912e-7	-3.421e-7	4.915e-8	-4.394e-7	-3.835e-7	5.590e-8
0.064	-3.821e-7	-3.364e-7	4.573e-8	-4.218e-7	-3.735e-7	4.831e-8	-4.846e-7	-4.176e-7	6.705e-8	-5.101e-7	-4.451e-7	6.500e-8	-3.912e-7	-3.439e-7	4.738e-8	-4.356e-7	-3.827e-7	5.288e-8	-3.891e-7	-3.405e-7	4.860e-8	-4.373e-7	-3.822e-7	5.511e-8
0.060	-3.823e-7	-3.363e-7	4.599e-8	-4.221e-7	-3.730e-7	4.903e-8	-4.838e-7	-4.171e-7	6.672e-8	-5.081e-7	-4.434e-7	6.475e-8	-3.906e-7	-3.434e-7	4.721e-8	-4.346e-7	-3.812e-7	5.337e-8	-3.885e-7	-3.398e-7	4.874e-8	-4.370e-7	-3.815e-7	5.556e-8
0.056	-3.807e-7	-3.349e-7	4.575e-8	-4.207e-7	-3.720e-7	4.876e-8	-4.826e-7	-4.165e-7	6.610e-8	-5.077e-7	-4.430e-7	6.469e-8	-3.895e-7	-3.422e-7	4.723e-8	-4.332e-7	-3.804e-7	5.281e-8	-3.871e-7	-3.387e-7	4.839e-8	-4.355e-7	-3.804e-7	5.515e-8
0.052	-3.804e-7	-3.346e-7	4.577e-8	-4.199e-7	-3.710e-7	4.884e-8	-4.806e-7	-4.150e-7	6.558e-8	-5.061e-7	-4.416e-7	6.448e-8	-3.873e-7	-3.406e-7	4.671e-8	-4.320e-7	-3.789e-7	5.312e-8	-3.856e-7	-3.376e-7	4.796e-8	-4.337e-7	-3.787e-7	5.496e-8
0.048	-3.797e-7	-3.345e-7	4.522e-8	-4.186e-7	-3.706e-7	4.800e-8	-4.791e-7	-4.142e-7	6.494e-8	-5.052e-7	-4.412e-7	6.396e-8	-3.867e-7	-3.404e-7	4.633e-8	-4.306e-7	-3.784e-7	5.216e-8	-3.842e-7	-3.366e-7	4.759e-8	-4.318e-7	-3.779e-7	5.397e-8
0.044	-3.800e-7	-3.350e-7	4.502e-8	-4.193e-7	-3.709e-7	4.842e-8	-4.792e-7	-4.146e-7	6.464e-8	-5.037e-7	-4.403e-7	6.346e-8	-3.857e-7	-3.401e-7	4.565e-8	-4.298e-7	-3.777e-7	5.207e-8	-3.834e-7	-3.362e-7	4.715e-8	-4.314e-7	-3.770e-7	5.437e-8
0.040	-3.791e-7	-3.341e-7	4.497e-8	-4.197e-7	-3.709e-7	4.878e-8	-4.781e-7	-4.138e-7	6.427e-8	-5.038e-7	-4.402e-7	6.361e-8	-3.845e-7	-3.389e-7	4.555e-8	-4.298e-7	-3.775e-7	5.233e-8	-3.834e-7	-3.361e-7	4.733e-8	-4.310e-7	-3.765e-7	5.447e-8
0.036	-3.784e-7	-3.341e-7	4.421e-8	-4.184e-7	-3.708e-7	4.759e-8	-4.768e-7	-4.135e-7	6.324e-8	-5.023e-7	-4.395e-7	6.284e-8	-3.837e-7	-3.391e-7	4.457e-8	-4.281e-7	-3.765e-7	5.153e-8	-3.810e-7	-3.352e-7	4.577e-8	-4.289e-7	-3.753e-7	5.363e-8
0.032	-3.786e-7	-3.344e-7	4.423e-8	-4.195e-7	-3.718e-7	4.773e-8	-4.764e-7	-4.135e-7	6.283e-8	-5.023e-7	-4.397e-7	6.263e-8	-3.833e-7	-3.389e-7	4.440e-8	-4.273e-7	-3.761e-7	5.121e-8	-3.806e-7	-3.346e-7	4.598e-8	-4.284e-7	-3.751e-7	5.328e-8
0.028	-3.794e-7	-3.356e-7	4.382e-8	-4.206e-7	-3.725e-7	4.803e-8	-4.760e-7	-4.134e-7	6.266e-8	-5.026e-7	-4.400e-7	6.258e-8	-3.830e-7	-3.388e-7	4.424e-8	-4.276e-7	-3.762e-7	5.142e-8	-3.807e-7	-3.349e-7	4.584e-8	-4.282e-7	-3.749e-7	5.331e-8
0.024	-3.798e-7	-3.365e-7	4.330e-8	-4.213e-7	-3.743e-7	4.696e-8	-4.765e-7	-4.147e-7	6.178e-8	-5.030e-7	-4.411e-7	6.190e-8	-3.832e-7	-3.397e-7	4.351e-8	-4.277e-7	-3.771e-7	5.055e-8	-3.803e-7	-3.356e-7	4.473e-8	-4.286e-7	-3.761e-7	5.258e-8
0.020	-3.812e-7	-3.379e-7	4.329e-8	-4.230e-7	-3.754e-7	4.754e-8	-4.769e-7	-4.154e-7	6.151e-8	-5.036e-7	-4.418e-7	6.185e-8	-3.840e-7	-3.402e-7	4.380e-8	-4.282e-7	-3.777e-7	5.047e-8	-3.809e-7	-3.360e-7	4.491e-8	-4.290e-7	-3.764e-7	5.259e-8
0.016	-3.817e-7	-3.392e-7	4.248e-8	-4.241e-7	-3.776e-7	4.652e-8	-4.772e-7	-4.166e-7	6.060e-8	-5.042e-7	-4.437e-7	6.048e-8	-3.838e-7	-3.412e-7	4.266e-8	-4.280e-7	-3.782e-7	4.979e-8	-3.811e-7	-3.373e-7	4.380e-8	-4.295e-7	-3.774e-7	5.219e-8
0.012	-3.835e-7	-3.411e-7	4.241e-8	-4.246e-7	-3.784e-7	4.613e-8	-4.784e-7	-4.180e-7	6.042e-8	-5.041e-7	-4.442e-7	5.992e-8	-3.843e-7	-3.421e-7	4.221e-8	-4.289e-7	-3.793e-7	4.958e-8	-3.815e-7	-3.376e-7	4.390e-8	-4.293e-7	-3.782e-7	5.105e-8
0.008	-3.853e-7	-3.436e-7	4.178e-8	-4.261e-7	-3.798e-7	4.624e-8	-4.799e-7	-4.200e-7	5.988e-8	-5.056e-7	-4.459e-7	5.970e-8	-3.850e-7	-3.433e-7	4.172e-8	-4.296e-7	-3.806e-7	4.899e-8	-3.828e-7	-3.398e-7	4.302e-8	-4.304e-7	-3.796e-7	5.084e-8
0.004	-3.879e-7	-3.460e-7	4.190e-8	-4.266e-7	-3.816e-7	4.495e-8	-4.807e-7	-4.221e-7	5.857e-8	-5.061e-7	-4.477e-7	5.843e-8	-3.865e-7	-3.457e-7	4.086e-8	-4.311e-7	-3.829e-7	4.821e-8	-3.840e-7	-3.414e-7	4.264e-8	-4.324e-7	-3.816e-7	5.084e-8
0.000	-3.905e-7	-3.492e-7	4.137e-8	-4.283e-7	-3.834e-7	4.483e-8	-4.825e-7	-4.241e-7	5.841e-8	-5.087e-7	-4.505e-7	5.821e-8	-3.881e-7	-3.477e-7	4.036e-8	-4.332e-7	-3.852e-7	4.800e-8	-3.859e-7	-3.439e-7	4.199e-8	-4.338e-7	-3.839e-7	4.992e-8
