0.799, -9.800e-7, -9.813e-7, -1.405e-6, -1.019e-6
0.798, -8.609e-7, -8.594e-7, -1.242e-6, -8.967e-7
0.797, -7.942e-7, -7.922e-7, -1.149e-6, -8.257e-7
0.796, -7.480e-7, -7.443e-7, -1.084e-6, -7.753e-7
0.795, -7.106e-7, -7.072e-7, -1.035e-6, -7.392e-7
0.794, -6.832e-7, -6.793e-7, -9.982e-7, -7.108e-7
0.793, -6.620e-7, -6.566e-7, -9.686e-7, -6.887e-7
0.792, -6.420e-7, -6.375e-7, -9.426e-7, -6.694e-7
0.791, -6.277e-7, -6.224e-7, -9.227e-7, -6.557e-7
0.790, -6.150e-7, -6.096e-7, -9.042e-7, -6.411e-7
0.789, -6.022e-7, -5.964e-7, -8.876e-7, -6.287e-7
0.788, -5.920e-7, -5.869e-7, -8.734e-7, -6.179e-7
0.787, -5.833e-7, -5.775e-7, -8.605e-7, -6.078e-7
0.786, -5.754e-7, -5.691e-7, -8.498e-7, -5.997e-7
0.785, -5.690e-7, -5.623e-7, -8.386e-7, -5.917e-7
0.784, -5.625e-7, -5.549e-7, -8.289e-7, -5.854e-7
0.783, -5.557e-7, -5.486e-7, -8.193e-7, -5.783e-7
0.782, -5.512e-7, -5.448e-7, -8.125e-7, -5.731e-7
0.781, -5.464e-7, -5.397e-7, -8.064e-7, -5.683e-7
0.780, -5.425e-7, -5.351e-7, -7.989e-7, -5.640e-7
0.779, -5.380e-7, -5.310e-7, -7.930e-7, -5.589e-7
0.778, -5.341e-7, -5.273e-7, -7.875e-7, -5.558e-7
0.777, -5.295e-7, -5.227e-7, -7.820e-7, -5.509e-7
0.776, -5.269e-7, -5.204e-7, -7.776e-7, -5.487e-7
0.775, -5.245e-7, -5.179e-7, -7.726e-7, -5.453e-7
0.774, -5.222e-7, -5.145e-7, -7.696e-7, -5.423e-7
0.773, -5.182e-7, -5.105e-7, -7.644e-7, -5.384e-7
0.772, -5.164e-7, -5.096e-7, -7.614e-7, -5.367e-7
0.771, -5.139e-7, -5.069e-7, -7.580e-7, -5.341e-7
0.770, -5.127e-7, -5.058e-7, -7.544e-7, -5.322e-7
0.769, -5.117e-7, -5.035e-7, -7.528e-7, -5.306e-7
0.768, -5.101e-7, -5.027e-7, -7.493e-7, -5.285e-7
0.767, -5.092e-7, -5.006e-7, -7.468e-7, -5.259e-7
0.766, -5.072e-7, -4.993e-7, -7.459e-7, -5.251e-7
0.765, -5.071e-7, -4.989e-7, -7.442e-7, -5.248e-7
0.764, -5.059e-7, -4.986e-7, -7.420e-7, -5.234e-7
0.763, -5.069e-7, -4.978e-7, -7.416e-7, -5.232e-7
0.762, -5.053e-7, -4.971e-7, -7.392e-7, -5.211e-7
0.761, -5.054e-7, -4.966e-7, -7.387e-7, -5.203e-7
0.760, -5.044e-7, -4.965e-7, -7.361e-7, -5.199e-7
0.759, -5.047e-7, -4.958e-7, -7.350e-7, -5.190e-7
0.758, -5.042e-7, -4.963e-7, -7.368e-7, -5.197e-7
0.757, -5.046e-7, -4.962e-7, -7.355e-7, -5.188e-7
0.756, -5.054e-7, -4.965e-7, -7.346e-7, -5.188e-7
0.755, -5.038e-7, -4.959e-7, -7.318e-7, -5.179e-7
0.754, -5.049e-7, -4.955e-7, -7.338e-7, -5.179e-7
0.753, -5.053e-7, -4.962e-7, -7.322e-7, -5.181e-7
0.752, -5.062e-7, -4.963e-7, -7.325e-7, -5.181e-7
0.751, -5.070e-7, -4.973e-7, -7.331e-7, -5.190e-7
0.750, -5.063e-7, -4.970e-7, -7.327e-7, -5.184e-7
0.749, -5.075e-7, -4.970e-7, -7.336e-7, -5.183e-7
0.748, -5.084e-7, -4.979e-7, -7.331e-7, -5.180e-7
0.747, -5.079e-7, -4.991e-7, -7.339e-7, -5.195e-7
0.746, -5.096e-7, -5.001e-7, -7.348e-7, -5.194e-7
0.745, -5.104e-7, -5.002e-7, -7.342e-7, -5.202e-7
0.744, -5.118e-7, -5.019e-7, -7.357e-7, -5.210e-7
0.743, -5.130e-7, -5.023e-7, -7.363e-7, -5.214e-7
0.742, -5.130e-7, -5.033e-7, -7.362e-7, -5.221e-7
0.741, -5.144e-7, -5.043e-7, -7.376e-7, -5.231e-7
0.740, -5.162e-7, -5.061e-7, -7.385e-7, -5.239e-7
0.739, -5.169e-7, -5.072e-7, -7.395e-7, -5.246e-7
0.738, -5.193e-7, -5.084e-7, -7.406e-7, -5.254e-7
0.737, -5.193e-7, -5.081e-7, -7.405e-7, -5.265e-7
0.736, -5.208e-7, -5.109e-7, -7.427e-7, -5.276e-7
0.735, -5.226e-7, -5.127e-7, -7.438e-7, -5.284e-7
0.734, -5.252e-7, -5.136e-7, -7.461e-7, -5.303e-7
0.733, -5.259e-7, -5.149e-7, -7.463e-7, -5.299e-7
0.732, -5.283e-7, -5.180e-7, -7.489e-7, -5.332e-7
0.731, -5.289e-7, -5.183e-7, -7.505e-7, -5.344e-7
0.730, -5.315e-7, -5.207e-7, -7.523e-7, -5.363e-7
0.729, -5.331e-7, -5.213e-7, -7.546e-7, -5.378e-7
0.728, -5.340e-7, -5.238e-7, -7.562e-7, -5.392e-7
0.727, -5.368e-7, -5.251e-7, -7.579e-7, -5.402e-7
0.726, -5.372e-7, -5.267e-7, -7.594e-7, -5.418e-7
0.725, -5.402e-7, -5.280e-7, -7.605e-7, -5.433e-7
0.724, -5.426e-7, -5.307e-7, -7.632e-7, -5.451e-7
0.723, -5.442e-7, -5.328e-7, -7.642e-7, -5.472e-7
0.722, -5.460e-7, -5.346e-7, -7.669e-7, -5.485e-7
0.721, -5.477e-7, -5.370e-7, -7.688e-7, -5.500e-7
0.720, -5.515e-7, -5.394e-7, -7.707e-7, -5.519e-7
0.719, -5.536e-7, -5.425e-7, -7.741e-7, -5.544e-7
0.718, -5.554e-7, -5.438e-7, -7.770e-7, -5.553e-7
0.717, -5.587e-7, -5.463e-7, -7.788e-7, -5.575e-7
0.716, -5.608e-7, -5.492e-7, -7.810e-7, -5.596e-7
0.715, -5.629e-7, -5.510e-7, -7.829e-7, -5.615e-7
0.714, -5.646e-7, -5.535e-7, -7.843e-7, -5.631e-7
0.713, -5.683e-7, -5.558e-7, -7.877e-7, -5.656e-7
0.712, -5.716e-7, -5.586e-7, -7.913e-7, -5.691e-7
0.711, -5.742e-7, -5.617e-7, -7.930e-7, -5.704e-7
0.710, -5.763e-7, -5.635e-7, -7.955e-7, -5.721e-7
0.709, -5.793e-7, -5.658e-7, -7.988e-7, -5.749e-7
0.708, -5.821e-7, -5.703e-7, -8.017e-7, -5.769e-7
0.707, -5.849e-7, -5.728e-7, -8.057e-7, -5.794e-7
0.706, -5.878e-7, -5.747e-7, -8.064e-7, -5.808e-7
0.705, -5.910e-7, -5.792e-7, -8.112e-7, -5.846e-7
0.704, -5.937e-7, -5.806e-7, -8.127e-7, -5.870e-7
0.703, -5.975e-7, -5.845e-7, -8.164e-7, -5.902e-7
0.702, -6.009e-7, -5.877e-7, -8.192e-7, -5.924e-7
0.701, -6.027e-7, -5.909e-7, -8.225e-7, -5.944e-7
0.700, -6.070e-7, -5.944e-7, -8.259e-7, -5.974e-7
0.699, -6.091e-7, -5.968e-7, -8.292e-7, -5.997e-7
0.698, -6.136e-7, -6.002e-7, -8.321e-7, -6.027e-7
0.697, -6.171e-7, -6.036e-7, -8.357e-7, -6.061e-7
0.696, -6.197e-7, -6.067e-7, -8.383e-7, -6.079e-7
0.695, -6.230e-7, -6.108e-7, -8.424e-7, -6.116e-7
0.694, -6.283e-7, -6.142e-7, -8.467e-7, -6.145e-7
0.693, -6.312e-7, -6.178e-7, -8.505e-7, -6.174e-7
0.692, -6.355e-7, -6.217e-7, -8.539e-7, -6.217e-7
0.691, -6.390e-7, -6.260e-7, -8.561e-7, -6.243e-7
0.690, -6.433e-7, -6.295e-7, -8.602e-7, -6.267e-7
0.689, -6.463e-7, -6.336e-7, -8.644e-7, -6.306e-7
0.688, -6.504e-7, -6.370e-7, -8.673e-7, -6.341e-7
0.687, -6.552e-7, -6.415e-7, -8.725e-7, -6.374e-7
0.686, -6.571e-7, -6.450e-7, -8.764e-7, -6.393e-7
0.685, -6.627e-7, -6.482e-7, -8.796e-7, -6.433e-7
0.684, -6.667e-7, -6.535e-7, -8.838e-7, -6.471e-7
0.683, -6.703e-7, -6.566e-7, -8.872e-7, -6.505e-7
0.682, -6.752e-7, -6.613e-7, -8.922e-7, -6.537e-7
0.681, -6.791e-7, -6.655e-7, -8.960e-7, -6.573e-7
0.680, -6.830e-7, -6.690e-7, -8.997e-7, -6.605e-7
0.679, -6.876e-7, -6.730e-7, -9.027e-7, -6.635e-7
0.678, -6.926e-7, -6.783e-7, -9.082e-7, -6.686e-7
0.677, -6.951e-7, -6.828e-7, -9.112e-7, -6.718e-7
0.676, -7.012e-7, -6.877e-7, -9.167e-7, -6.759e-7
0.675, -7.051e-7, -6.917e-7, -9.205e-7, -6.796e-7
0.674, -7.096e-7, -6.960e-7, -9.241e-7, -6.831e-7
0.673, -7.143e-7, -7.004e-7, -9.295e-7, -6.868e-7
0.672, -7.184e-7, -7.049e-7, -9.333e-7, -6.910e-7
0.671, -7.227e-7, -7.085e-7, -9.371e-7, -6.944e-7
0.670, -7.276e-7, -7.136e-7, -9.422e-7, -6.979e-7
0.669, -7.326e-7, -7.185e-7, -9.464e-7, -7.023e-7
0.668, -7.369e-7, -7.236e-7, -9.520e-7, -7.070e-7
0.667, -7.414e-7, -7.282e-7, -9.562e-7, -7.104e-7
0.666, -7.449e-7, -7.317e-7, -9.590e-7, -7.139e-7
0.665, -7.502e-7, -7.374e-7, -9.639e-7, -7.182e-7
0.664, -7.557e-7, -7.424e-7, -9.697e-7, -7.222e-7
0.663, -7.606e-7, -7.471e-7, -9.741e-7, -7.265e-7
0.662, -7.649e-7, -7.520e-7, -9.784e-7, -7.308e-7
0.661, -7.699e-7, -7.571e-7, -9.829e-7, -7.352e-7
0.660, -7.742e-7, -7.612e-7, -9.872e-7, -7.396e-7
0.659, -7.798e-7, -7.668e-7, -9.918e-7, -7.429e-7
0.658, -7.835e-7, -7.702e-7, -9.966e-7, -7.468e-7
0.657, -7.885e-7, -7.760e-7, -1.001e-6, -7.507e-7
0.656, -7.939e-7, -7.816e-7, -1.006e-6, -7.558e-7
0.655, -7.984e-7, -7.855e-7, -1.011e-6, -7.587e-7
0.654, -8.037e-7, -7.903e-7, -1.015e-6, -7.630e-7
0.653, -8.072e-7, -7.956e-7, -1.019e-6, -7.682e-7
0.652, -8.117e-7, -7.993e-7, -1.023e-6, -7.706e-7
0.651, -8.171e-7, -8.053e-7, -1.028e-6, -7.749e-7
0.650, -8.222e-7, -8.097e-7, -1.033e-6, -7.791e-7
0.649, -8.256e-7, -8.135e-7, -1.036e-6, -7.829e-7
0.648, -8.315e-7, -8.186e-7, -1.041e-6, -7.865e-7
0.647, -8.362e-7, -8.241e-7, -1.045e-6, -7.902e-7
0.646, -8.404e-7, -8.280e-7, -1.050e-6, -7.946e-7
0.645, -8.443e-7, -8.330e-7, -1.054e-6, -7.989e-7
0.644, -8.502e-7, -8.385e-7, -1.058e-6, -8.035e-7
0.643, -8.543e-7, -8.425e-7, -1.063e-6, -8.065e-7
0.642, -8.589e-7, -8.475e-7, -1.069e-6, -8.115e-7
0.641, -8.638e-7, -8.526e-7, -1.071e-6, -8.137e-7
0.640, -8.678e-7, -8.573e-7, -1.076e-6, -8.183e-7
0.639, -8.732e-7, -8.617e-7, -1.080e-6, -8.228e-7
0.638, -8.792e-7, -8.673e-7, -1.085e-6, -8.280e-7
0.637, -8.828e-7, -8.715e-7, -1.091e-6, -8.318e-7
0.636, -8.867e-7, -8.757e-7, -1.093e-6, -8.348e-7
0.635, -8.921e-7, -8.817e-7, -1.098e-6, -8.400e-7
0.634, -8.961e-7, -8.851e-7, -1.102e-6, -8.435e-7
0.633, -8.999e-7, -8.886e-7, -1.106e-6, -8.462e-7
0.632, -9.046e-7, -8.944e-7, -1.111e-6, -8.514e-7
0.631, -9.098e-7, -8.986e-7, -1.116e-6, -8.556e-7
0.630, -9.141e-7, -9.035e-7, -1.120e-6, -8.588e-7
0.629, -9.181e-7, -9.076e-7, -1.124e-6, -8.619e-7
0.628, -9.228e-7, -9.124e-7, -1.128e-6, -8.663e-7
0.627, -9.275e-7, -9.169e-7, -1.132e-6, -8.705e-7
0.626, -9.302e-7, -9.203e-7, -1.135e-6, -8.732e-7
0.625, -9.351e-7, -9.255e-7, -1.141e-6, -8.782e-7
0.624, -9.394e-7, -9.297e-7, -1.144e-6, -8.814e-7
0.623, -9.423e-7, -9.330e-7, -1.147e-6, -8.836e-7
0.622, -9.473e-7, -9.375e-7, -1.153e-6, -8.890e-7
0.621, -9.516e-7, -9.429e-7, -1.158e-6, -8.928e-7
0.620, -9.555e-7, -9.462e-7, -1.161e-6, -8.958e-7
0.619, -9.579e-7, -9.499e-7, -1.164e-6, -8.991e-7
0.618, -9.637e-7, -9.543e-7, -1.168e-6, -9.022e-7
0.617, -9.659e-7, -9.574e-7, -1.171e-6, -9.057e-7
0.616, -9.695e-7, -9.619e-7, -1.174e-6, -9.090e-7
0.615, -9.739e-7, -9.661e-7, -1.178e-6, -9.124e-7
0.614, -9.764e-7, -9.689e-7, -1.181e-6, -9.152e-7
0.613, -9.813e-7, -9.730e-7, -1.185e-6, -9.187e-7
0.612, -9.842e-7, -9.769e-7, -1.189e-6, -9.222e-7
0.611, -9.872e-7, -9.809e-7, -1.192e-6, -9.249e-7
0.610, -9.902e-7, -9.833e-7, -1.194e-6, -9.276e-7
0.609, -9.944e-7, -9.880e-7, -1.199e-6, -9.313e-7
0.608, -9.970e-7, -9.903e-7, -1.202e-6, -9.338e-7
0.607, -1.000e-6, -9.937e-7, -1.205e-6, -9.373e-7
0.606, -1.004e-6, -9.974e-7, -1.209e-6, -9.398e-7
0.605, -1.007e-6, -1.001e-6, -1.213e-6, -9.433e-7
0.604, -1.009e-6, -1.004e-6, -1.215e-6, -9.460e-7
0.603, -1.012e-6, -1.007e-6, -1.219e-6, -9.482e-7
0.602, -1.015e-6, -1.010e-6, -1.222e-6, -9.507e-7
0.601, -1.017e-6, -1.013e-6, -1.224e-6, -9.537e-7
0.600, -1.020e-6, -1.015e-6, -1.226e-6, -9.551e-7
0.599, -1.024e-6, -1.019e-6, -1.230e-6, -9.582e-7
0.598, -1.026e-6, -1.021e-6, -1.232e-6, -9.602e-7
0.597, -1.027e-6, -1.024e-6, -1.234e-6, -9.627e-7
0.596, -1.030e-6, -1.026e-6, -1.237e-6, -9.654e-7
0.595, -1.033e-6, -1.030e-6, -1.242e-6, -9.681e-7
0.594, -1.035e-6, -1.031e-6, -1.242e-6, -9.700e-7
0.593, -1.038e-6, -1.034e-6, -1.246e-6, -9.719e-7
0.592, -1.039e-6, -1.036e-6, -1.247e-6, -9.735e-7
0.591, -1.040e-6, -1.038e-6, -1.250e-6, -9.754e-7
0.590, -1.043e-6, -1.041e-6, -1.253e-6, -9.785e-7
0.589, -1.044e-6, -1.042e-6, -1.254e-6, -9.786e-7
0.588, -1.046e-6, -1.044e-6, -1.256e-6, -9.811e-7
0.587, -1.049e-6, -1.046e-6, -1.259e-6, -9.839e-7
0.586, -1.050e-6, -1.048e-6, -1.262e-6, -9.858e-7
0.585, -1.051e-6, -1.049e-6, -1.263e-6, -9.877e-7
0.584, -1.052e-6, -1.051e-6, -1.266e-6, -9.885e-7
0.583, -1.054e-6, -1.052e-6, -1.267e-6, -9.896e-7
0.582, -1.054e-6, -1.053e-6, -1.268e-6, -9.911e-7
0.581, -1.056e-6, -1.055e-6, -1.270e-6, -9.921e-7
0.580, -1.057e-6, -1.057e-6, -1.272e-6, -9.943e-7
0.579, -1.057e-6, -1.057e-6, -1.273e-6, -9.950e-7
0.578, -1.057e-6, -1.058e-6, -1.274e-6, -9.958e-7
0.577, -1.059e-6, -1.059e-6, -1.278e-6, -9.984e-7
0.576, -1.060e-6, -1.060e-6, -1.279e-6, -1.000e-6
0.575, -1.060e-6, -1.060e-6, -1.279e-6, -9.994e-7
0.574, -1.060e-6, -1.063e-6, -1.281e-6, -1.001e-6
0.573, -1.061e-6, -1.063e-6, -1.282e-6, -1.002e-6
0.572, -1.062e-6, -1.063e-6, -1.283e-6, -1.003e-6
0.571, -1.063e-6, -1.063e-6, -1.284e-6, -1.003e-6
0.570, -1.062e-6, -1.065e-6, -1.287e-6, -1.006e-6
0.569, -1.062e-6, -1.065e-6, -1.288e-6, -1.005e-6
0.568, -1.062e-6, -1.066e-6, -1.288e-6, -1.007e-6
0.567, -1.063e-6, -1.066e-6, -1.290e-6, -1.007e-6
0.566, -1.062e-6, -1.066e-6, -1.290e-6, -1.008e-6
0.565, -1.062e-6, -1.066e-6, -1.292e-6, -1.008e-6
0.564, -1.062e-6, -1.066e-6, -1.291e-6, -1.008e-6
0.563, -1.061e-6, -1.066e-6, -1.292e-6, -1.008e-6
0.562, -1.061e-6, -1.065e-6, -1.293e-6, -1.009e-6
0.561, -1.062e-6, -1.067e-6, -1.295e-6, -1.010e-6
0.560, -1.061e-6, -1.065e-6, -1.296e-6, -1.009e-6
0.559, -1.060e-6, -1.065e-6, -1.295e-6, -1.010e-6
0.558, -1.059e-6, -1.065e-6, -1.295e-6, -1.010e-6
0.557, -1.059e-6, -1.064e-6, -1.296e-6, -1.010e-6
0.556, -1.057e-6, -1.062e-6, -1.295e-6, -1.009e-6
0.555, -1.056e-6, -1.062e-6, -1.296e-6, -1.009e-6
0.554, -1.054e-6, -1.060e-6, -1.294e-6, -1.007e-6
0.553, -1.053e-6, -1.059e-6, -1.294e-6, -1.006e-6
0.552, -1.052e-6, -1.057e-6, -1.294e-6, -1.007e-6
0.551, -1.051e-6, -1.057e-6, -1.294e-6, -1.006e-6
0.550, -1.049e-6, -1.056e-6, -1.294e-6, -1.006e-6
0.549, -1.047e-6, -1.054e-6, -1.293e-6, -1.004e-6
0.548, -1.045e-6, -1.052e-6, -1.293e-6, -1.004e-6
0.547, -1.043e-6, -1.051e-6, -1.292e-6, -1.002e-6
0.546, -1.040e-6, -1.050e-6, -1.292e-6, -1.002e-6
0.545, -1.039e-6, -1.048e-6, -1.292e-6, -1.002e-6
0.544, -1.037e-6, -1.046e-6, -1.291e-6, -1.001e-6
0.543, -1.035e-6, -1.044e-6, -1.289e-6, -9.999e-7
0.542, -1.032e-6, -1.043e-6, -1.290e-6, -9.986e-7
0.541, -1.031e-6, -1.040e-6, -1.289e-6, -9.971e-7
0.540, -1.029e-6, -1.038e-6, -1.288e-6, -9.962e-7
0.539, -1.026e-6, -1.037e-6, -1.286e-6, -9.939e-7
0.538, -1.025e-6, -1.033e-6, -1.284e-6, -9.930e-7
0.537, -1.022e-6, -1.031e-6, -1.283e-6, -9.914e-7
0.536, -1.019e-6, -1.029e-6, -1.283e-6, -9.900e-7
0.535, -1.016e-6, -1.027e-6, -1.281e-6, -9.885e-7
0.534, -1.014e-6, -1.024e-6, -1.281e-6, -9.875e-7
0.533, -1.012e-6, -1.021e-6, -1.278e-6, -9.855e-7
0.532, -1.009e-6, -1.020e-6, -1.280e-6, -9.844e-7
0.531, -1.007e-6, -1.017e-6, -1.277e-6, -9.825e-7
0.530, -1.004e-6, -1.013e-6, -1.276e-6, -9.808e-7
0.529, -1.002e-6, -1.013e-6, -1.276e-6, -9.801e-7
0.528, -9.984e-7, -1.009e-6, -1.274e-6, -9.779e-7
0.527, -9.948e-7, -1.007e-6, -1.272e-6, -9.758e-7
0.526, -9.929e-7, -1.005e-6, -1.272e-6, -9.745e-7
0.525, -9.902e-7, -1.001e-6, -1.270e-6, -9.723e-7
0.524, -9.857e-7, -9.981e-7, -1.268e-6, -9.696e-7
0.523, -9.835e-7, -9.951e-7, -1.267e-6, -9.680e-7
0.522, -9.809e-7, -9.927e-7, -1.266e-6, -9.667e-7
0.521, -9.767e-7, -9.879e-7, -1.263e-6, -9.636e-7
0.520, -9.729e-7, -9.863e-7, -1.263e-6, -9.620e-7
0.519, -9.703e-7, -9.824e-7, -1.261e-6, -9.605e-7
0.518, -9.663e-7, -9.797e-7, -1.259e-6, -9.581e-7
0.517, -9.641e-7, -9.762e-7, -1.256e-6, -9.566e-7
0.516, -9.613e-7, -9.728e-7, -1.255e-6, -9.545e-7
0.515, -9.570e-7, -9.703e-7, -1.253e-6, -9.508e-7
0.514, -9.534e-7, -9.663e-7, -1.252e-6, -9.489e-7
0.513, -9.500e-7, -9.633e-7, -1.250e-6, -9.468e-7
0.512, -9.459e-7, -9.600e-7, -1.248e-6, -9.445e-7
0.511, -9.429e-7, -9.561e-7, -1.245e-6, -9.413e-7
0.510, -9.399e-7, -9.534e-7, -1.245e-6, -9.399e-7
0.509, -9.371e-7, -9.494e-7, -1.242e-6, -9.379e-7
0.508, -9.326e-7, -9.457e-7, -1.240e-6, -9.353e-7
0.507, -9.290e-7, -9.423e-7, -1.238e-6, -9.327e-7
0.506, -9.260e-7, -9.389e-7, -1.236e-6, -9.307e-7
0.505, -9.211e-7, -9.347e-7, -1.234e-6, -9.268e-7
0.504, -9.182e-7, -9.302e-7, -1.232e-6, -9.248e-7
0.503, -9.158e-7, -9.287e-7, -1.232e-6, -9.238e-7
0.502, -9.102e-7, -9.239e-7, -1.228e-6, -9.194e-7
0.501, -9.077e-7, -9.200e-7, -1.227e-6, -9.186e-7
0.500, -9.033e-7, -9.173e-7, -1.226e-6, -9.152e-7
0.499, -8.996e-7, -9.133e-7, -1.224e-6, -9.125e-7
0.498, -8.958e-7, -9.087e-7, -1.222e-6, -9.102e-7
0.497, -8.925e-7, -9.055e-7, -1.219e-6, -9.081e-7
0.496, -8.884e-7, -9.021e-7, -1.217e-6, -9.053e-7
0.495, -8.842e-7, -8.978e-7, -1.214e-6, -9.022e-7
0.494, -8.811e-7, -8.953e-7, -1.212e-6, -9.004e-7
0.493, -8.785e-7, -8.907e-7, -1.210e-6, -8.979e-7
0.492, -8.744e-7, -8.874e-7, -1.208e-6, -8.942e-7
0.491, -8.703e-7, -8.832e-7, -1.207e-6, -8.920e-7
0.490, -8.670e-7, -8.788e-7, -1.206e-6, -8.897e-7
0.489, -8.629e-7, -8.759e-7, -1.203e-6, -8.867e-7
0.488, -8.585e-7, -8.725e-7, -1.201e-6, -8.848e-7
0.487, -8.564e-7, -8.689e-7, -1.199e-6, -8.827e-7
0.486, -8.514e-7, -8.644e-7, -1.196e-6, -8.793e-7
0.485, -8.472e-7, -8.611e-7, -1.194e-6, -8.771e-7
0.484, -8.448e-7, -8.581e-7, -1.194e-6, -8.750e-7
0.483, -8.414e-7, -8.534e-7, -1.191e-6, -8.719e-7
0.482, -8.368e-7, -8.491e-7, -1.188e-6, -8.685e-7
0.481, -8.335e-7, -8.465e-7, -1.187e-6, -8.665e-7
0.480, -8.299e-7, -8.411e-7, -1.183e-6, -8.627e-7
0.479, -8.265e-7, -8.384e-7, -1.181e-6, -8.607e-7
0.478, -8.235e-7, -8.353e-7, -1.180e-6, -8.579e-7
0.477, -8.189e-7, -8.312e-7, -1.177e-6, -8.552e-7
0.476, -8.148e-7, -8.273e-7, -1.174e-6, -8.527e-7
0.475, -8.122e-7, -8.248e-7, -1.173e-6, -8.493e-7
0.474, -8.092e-7, -8.222e-7, -1.172e-6, -8.487e-7
0.473, -8.051e-7, -8.173e-7, -1.169e-6, -8.450e-7
0.472, -8.027e-7, -8.140e-7, -1.167e-6, -8.429e-7
0.471, -7.987e-7, -8.107e-7, -1.165e-6, -8.400e-7
0.470, -7.965e-7, -8.075e-7, -1.165e-6, -8.386e-7
0.469, -7.911e-7, -8.027e-7, -1.162e-6, -8.347e-7
0.468, -7.899e-7, -8.013e-7, -1.161e-6, -8.337e-7
0.467, -7.864e-7, -7.980e-7, -1.159e-6, -8.313e-7
0.466, -7.821e-7, -7.935e-7, -1.156e-6, -8.280e-7
0.465, -7.795e-7, -7.922e-7, -1.157e-6, -8.277e-7
0.464, -7.760e-7, -7.872e-7, -1.153e-6, -8.246e-7
0.463, -7.730e-7, -7.837e-7, -1.152e-6, -8.224e-7
0.462, -7.718e-7, -7.812e-7, -1.151e-6, -8.216e-7
0.461, -7.679e-7, -7.778e-7, -1.149e-6, -8.177e-7
0.460, -7.644e-7, -7.754e-7, -1.148e-6, -8.167e-7
0.459, -7.619e-7, -7.734e-7, -1.147e-6, -8.146e-7
0.458, -7.603e-7, -7.710e-7, -1.146e-6, -8.144e-7
0.457, -7.571e-7, -7.675e-7, -1.144e-6, -8.111e-7
0.456, -7.555e-7, -7.655e-7, -1.143e-6, -8.101e-7
0.455, -7.524e-7, -7.631e-7, -1.142e-6, -8.079e-7
0.454, -7.492e-7, -7.589e-7, -1.141e-6, -8.058e-7
0.453, -7.476e-7, -7.578e-7, -1.139e-6, -8.040e-7
0.452, -7.461e-7, -7.545e-7, -1.138e-6, -8.024e-7
0.451, -7.423e-7, -7.520e-7, -1.136e-6, -8.007e-7
0.450, -7.404e-7, -7.488e-7, -1.136e-6, -7.990e-7
0.449, -7.392e-7, -7.469e-7, -1.135e-6, -7.978e-7
0.448, -7.368e-7, -7.444e-7, -1.134e-6, -7.967e-7
0.447, -7.335e-7, -7.415e-7, -1.131e-6, -7.930e-7
0.446, -7.311e-7, -7.391e-7, -1.130e-6, -7.910e-7
0.445, -7.289e-7, -7.373e-7, -1.129e-6, -7.897e-7
0.444, -7.276e-7, -7.352e-7, -1.128e-6, -7.883e-7
0.443, -7.240e-7, -7.317e-7, -1.125e-6, -7.860e-7
0.442, -7.214e-7, -7.295e-7, -1.124e-6, -7.835e-7
0.441, -7.195e-7, -7.269e-7, -1.123e-6, -7.819e-7
0.440, -7.176e-7, -7.265e-7, -1.123e-6, -7.816e-7
0.439, -7.158e-7, -7.236e-7, -1.121e-6, -7.790e-7
0.438, -7.132e-7, -7.206e-7, -1.119e-6, -7.777e-7
0.437, -7.108e-7, -7.184e-7, -1.117e-6, -7.761e-7
0.436, -7.098e-7, -7.157e-7, -1.117e-6, -7.738e-7
0.435, -7.073e-7, -7.133e-7, -1.115e-6, -7.713e-7
0.434, -7.048e-7, -7.122e-7, -1.114e-6, -7.698e-7
0.433, -7.047e-7, -7.114e-7, -1.114e-6, -7.704e-7
0.432, -7.021e-7, -7.083e-7, -1.113e-6, -7.672e-7
0.431, -6.992e-7, -7.063e-7, -1.111e-6, -7.651e-7
0.430, -6.982e-7, -7.042e-7, -1.110e-6, -7.653e-7
0.429, -6.974e-7, -7.024e-7, -1.109e-6, -7.635e-7
0.428, -6.956e-7, -7.019e-7, -1.109e-6, -7.632e-7
0.427, -6.938e-7, -7.002e-7, -1.106e-6, -7.604e-7
0.426, -6.927e-7, -6.982e-7, -1.106e-6, -7.596e-7
0.425, -6.921e-7, -6.953e-7, -1.105e-6, -7.584e-7
0.424, -6.890e-7, -6.951e-7, -1.104e-6, -7.582e-7
0.423, -6.877e-7, -6.933e-7, -1.105e-6, -7.567e-7
0.422, -6.872e-7, -6.923e-7, -1.102e-6, -7.553e-7
0.421, -6.861e-7, -6.902e-7, -1.102e-6, -7.541e-7
0.420, -6.858e-7, -6.903e-7, -1.103e-6, -7.544e-7
0.419, -6.841e-7, -6.884e-7, -1.102e-6, -7.528e-7
0.418, -6.823e-7, -6.867e-7, -1.101e-6, -7.520e-7
0.417, -6.829e-7, -6.859e-7, -1.101e-6, -7.514e-7
0.416, -6.798e-7, -6.841e-7, -1.099e-6, -7.487e-7
0.415, -6.800e-7, -6.844e-7, -1.100e-6, -7.495e-7
0.414, -6.792e-7, -6.826e-7, -1.098e-6, -7.481e-7
0.413, -6.770e-7, -6.819e-7, -1.099e-6, -7.477e-7
0.412, -6.770e-7, -6.809e-7, -1.099e-6, -7.467e-7
0.411, -6.763e-7, -6.783e-7, -1.097e-6, -7.459e-7
0.410, -6.748e-7, -6.786e-7, -1.098e-6, -7.455e-7
0.409, -6.726e-7, -6.761e-7, -1.095e-6, -7.431e-7
0.408, -6.721e-7, -6.753e-7, -1.094e-6, -7.432e-7
0.407, -6.715e-7, -6.747e-7, -1.095e-6, -7.425e-7
0.406, -6.716e-7, -6.741e-7, -1.094e-6, -7.422e-7
0.405, -6.704e-7, -6.735e-7, -1.093e-6, -7.412e-7
0.404, -6.694e-7, -6.719e-7, -1.093e-6, -7.408e-7
0.403, -6.676e-7, -6.708e-7, -1.091e-6, -7.394e-7
0.402, -6.674e-7, -6.698e-7, -1.091e-6, -7.386e-7
0.401, -6.671e-7, -6.689e-7, -1.091e-6, -7.383e-7
0.400, -6.656e-7, -6.677e-7, -1.091e-6, -7.379e-7
0.399, -6.651e-7, -6.681e-7, -1.090e-6, -7.378e-7
0.398, -6.660e-7, -6.672e-7, -1.090e-6, -7.367e-7
0.397, -6.639e-7, -6.657e-7, -1.089e-6, -7.352e-7
0.396, -6.624e-7, -6.646e-7, -1.088e-6, -7.341e-7
0.395, -6.624e-7, -6.640e-7, -1.088e-6, -7.350e-7
0.394, -6.627e-7, -6.639e-7, -1.088e-6, -7.352e-7
0.393, -6.616e-7, -6.647e-7, -1.088e-6, -7.341e-7
0.392, -6.601e-7, -6.618e-7, -1.085e-6, -7.314e-7
0.391, -6.606e-7, -6.615e-7, -1.086e-6, -7.325e-7
0.390, -6.581e-7, -6.605e-7, -1.085e-6, -7.308e-7
0.389, -6.585e-7, -6.608e-7, -1.084e-6, -7.315e-7
0.388, -6.575e-7, -6.589e-7, -1.085e-6, -7.301e-7
0.387, -6.568e-7, -6.586e-7, -1.083e-6, -7.293e-7
0.386, -6.566e-7, -6.571e-7, -1.082e-6, -7.277e-7
0.385, -6.567e-7, -6.574e-7, -1.083e-6, -7.287e-7
0.384, -6.551e-7, -6.561e-7, -1.081e-6, -7.277e-7
0.383, -6.561e-7, -6.567e-7, -1.083e-6, -7.283e-7
0.382, -6.539e-7, -6.554e-7, -1.080e-6, -7.256e-7
0.381, -6.529e-7, -6.544e-7, -1.080e-6, -7.263e-7
0.380, -6.529e-7, -6.540e-7, -1.079e-6, -7.243e-7
0.379, -6.528e-7, -6.545e-7, -1.080e-6, -7.258e-7
0.378, -6.530e-7, -6.530e-7, -1.079e-6, -7.247e-7
0.377, -6.504e-7, -6.528e-7, -1.078e-6, -7.236e-7
0.376, -6.503e-7, -6.513e-7, -1.077e-6, -7.237e-7
0.375, -6.508e-7, -6.513e-7, -1.077e-6, -7.224e-7
0.374, -6.492e-7, -6.500e-7, -1.076e-6, -7.217e-7
0.373, -6.486e-7, -6.504e-7, -1.076e-6, -7.218e-7
0.372, -6.488e-7, -6.492e-7, -1.076e-6, -7.207e-7
0.371, -6.479e-7, -6.483e-7, -1.074e-6, -7.199e-7
0.370, -6.470e-7, -6.475e-7, -1.075e-6, -7.188e-7
0.369, -6.457e-7, -6.458e-7, -1.072e-6, -7.182e-7
0.368, -6.458e-7, -6.464e-7, -1.072e-6, -7.178e-7
0.367, -6.446e-7, -6.444e-7, -1.071e-6, -7.173e-7
0.366, -6.437e-7, -6.434e-7, -1.070e-6, -7.159e-7
0.365, -6.439e-7, -6.436e-7, -1.070e-6, -7.156e-7
0.364, -6.429e-7, -6.418e-7, -1.067e-6, -7.136e-7
0.363, -6.418e-7, -6.422e-7, -1.067e-6, -7.145e-7
0.362, -6.412e-7, -6.412e-7, -1.067e-6, -7.128e-7
0.361, -6.398e-7, -6.401e-7, -1.066e-6, -7.125e-7
0.360, -6.416e-7, -6.407e-7, -1.067e-6, -7.126e-7
0.359, -6.402e-7, -6.400e-7, -1.066e-6, -7.116e-7
0.358, -6.380e-7, -6.385e-7, -1.064e-6, -7.111e-7
0.357, -6.374e-7, -6.378e-7, -1.064e-6, -7.091e-7
0.356, -6.385e-7, -6.370e-7, -1.062e-6, -7.101e-7
0.355, -6.370e-7, -6.362e-7, -1.061e-6, -7.087e-7
0.354, -6.376e-7, -6.367e-7, -1.062e-6, -7.089e-7
0.353, -6.353e-7, -6.356e-7, -1.060e-6, -7.085e-7
0.352, -6.347e-7, -6.345e-7, -1.060e-6, -7.073e-7
0.351, -6.339e-7, -6.335e-7, -1.058e-6, -7.057e-7
0.350, -6.347e-7, -6.328e-7, -1.058e-6, -7.054e-7
0.349, -6.336e-7, -6.324e-7, -1.057e-6, -7.048e-7
0.348, -6.334e-7, -6.323e-7, -1.057e-6, -7.041e-7
0.347, -6.326e-7, -6.308e-7, -1.056e-6, -7.036e-7
0.346, -6.313e-7, -6.301e-7, -1.055e-6, -7.042e-7
0.345, -6.301e-7, -6.299e-7, -1.055e-6, -7.024e-7
0.344, -6.298e-7, -6.290e-7, -1.054e-6, -7.011e-7
0.343, -6.280e-7, -6.279e-7, -1.052e-6, -7.004e-7
0.342, -6.280e-7, -6.268e-7, -1.051e-6, -7.009e-7
0.341, -6.276e-7, -6.262e-7, -1.050e-6, -6.996e-7
0.340, -6.282e-7, -6.270e-7, -1.051e-6, -7.004e-7
0.339, -6.273e-7, -6.258e-7, -1.050e-6, -6.989e-7
0.338, -6.268e-7, -6.261e-7, -1.049e-6, -6.971e-7
0.337, -6.264e-7, -6.255e-7, -1.048e-6, -6.978e-7
0.336, -6.268e-7, -6.262e-7, -1.048e-6, -6.978e-7
0.335, -6.259e-7, -6.238e-7, -1.048e-6, -6.968e-7
0.334, -6.247e-7, -6.233e-7, -1.047e-6, -6.961e-7
0.333, -6.234e-7, -6.226e-7, -1.046e-6, -6.954e-7
0.332, -6.232e-7, -6.218e-7, -1.045e-6, -6.948e-7
0.331, -6.234e-7, -6.227e-7, -1.045e-6, -6.948e-7
0.330, -6.219e-7, -6.223e-7, -1.044e-6, -6.937e-7
0.329, -6.219e-7, -6.205e-7, -1.043e-6, -6.931e-7
0.328, -6.204e-7, -6.200e-7, -1.043e-6, -6.921e-7
0.327, -6.216e-7, -6.199e-7, -1.041e-6, -6.915e-7
0.326, -6.200e-7, -6.186e-7, -1.041e-6, -6.916e-7
0.325, -6.205e-7, -6.179e-7, -1.040e-6, -6.906e-7
0.324, -6.193e-7, -6.189e-7, -1.041e-6, -6.900e-7
0.323, -6.180e-7, -6.170e-7, -1.037e-6, -6.883e-7
0.322, -6.172e-7, -6.162e-7, -1.037e-6, -6.884e-7
0.321, -6.175e-7, -6.159e-7, -1.037e-6, -6.872e-7
0.320, -6.167e-7, -6.144e-7, -1.036e-6, -6.869e-7
0.319, -6.147e-7, -6.130e-7, -1.033e-6, -6.843e-7
0.318, -6.152e-7, -6.120e-7, -1.032e-6, -6.847e-7
0.317, -6.140e-7, -6.119e-7, -1.032e-6, -6.839e-7
0.316, -6.123e-7, -6.102e-7, -1.030e-6, -6.832e-7
0.315, -6.126e-7, -6.106e-7, -1.030e-6, -6.815e-7
0.314, -6.105e-7, -6.079e-7, -1.028e-6, -6.810e-7
0.313, -6.102e-7, -6.074e-7, -1.026e-6, -6.791e-7
0.312, -6.086e-7, -6.065e-7, -1.025e-6, -6.785e-7
0.311, -6.078e-7, -6.061e-7, -1.024e-6, -6.768e-7
0.310, -6.073e-7, -6.051e-7, -1.023e-6, -6.759e-7
0.309, -6.059e-7, -6.046e-7, -1.021e-6, -6.755e-7
0.308, -6.048e-7, -6.026e-7, -1.019e-6, -6.738e-7
0.307, -6.040e-7, -6.013e-7, -1.018e-6, -6.729e-7
0.306, -6.043e-7, -6.021e-7, -1.018e-6, -6.722e-7
0.305, -6.037e-7, -6.009e-7, -1.017e-6, -6.715e-7
0.304, -6.017e-7, -6.005e-7, -1.016e-6, -6.713e-7
0.303, -6.019e-7, -5.995e-7, -1.015e-6, -6.700e-7
0.302, -6.010e-7, -5.985e-7, -1.013e-6, -6.687e-7
0.301, -5.986e-7, -5.971e-7, -1.011e-6, -6.680e-7
0.300, -5.971e-7, -5.955e-7, -1.010e-6, -6.662e-7
0.299, -5.973e-7, -5.957e-7, -1.009e-6, -6.649e-7
0.298, -5.960e-7, -5.934e-7, -1.007e-6, -6.638e-7
0.297, -5.951e-7, -5.923e-7, -1.006e-6, -6.624e-7
0.296, -5.939e-7, -5.925e-7, -1.005e-6, -6.615e-7
0.295, -5.937e-7, -5.915e-7, -1.004e-6, -6.610e-7
0.294, -5.916e-7, -5.898e-7, -1.002e-6, -6.601e-7
0.293, -5.917e-7, -5.877e-7, -9.995e-7, -6.572e-7
0.292, -5.908e-7, -5.881e-7, -9.991e-7, -6.574e-7
0.291, -5.898e-7, -5.880e-7, -9.986e-7, -6.564e-7
0.290, -5.903e-7, -5.872e-7, -9.993e-7, -6.566e-7
0.289, -5.884e-7, -5.858e-7, -9.968e-7, -6.549e-7
0.288, -5.879e-7, -5.854e-7, -9.940e-7, -6.537e-7
0.287, -5.859e-7, -5.838e-7, -9.933e-7, -6.531e-7
0.286, -5.863e-7, -5.837e-7, -9.919e-7, -6.523e-7
0.285, -5.849e-7, -5.808e-7, -9.916e-7, -6.502e-7
0.284, -5.842e-7, -5.810e-7, -9.902e-7, -6.498e-7
0.283, -5.833e-7, -5.805e-7, -9.887e-7, -6.491e-7
0.282, -5.826e-7, -5.790e-7, -9.874e-7, -6.485e-7
0.281, -5.805e-7, -5.771e-7, -9.852e-7, -6.464e-7
0.280, -5.812e-7, -5.779e-7, -9.844e-7, -6.458e-7
0.279, -5.805e-7, -5.781e-7, -9.844e-7, -6.460e-7
0.278, -5.789e-7, -5.750e-7, -9.824e-7, -6.440e-7
0.277, -5.782e-7, -5.741e-7, -9.798e-7, -6.427e-7
0.276, -5.762e-7, -5.731e-7, -9.791e-7, -6.416e-7
0.275, -5.753e-7, -5.728e-7, -9.781e-7, -6.406e-7
0.274, -5.745e-7, -5.710e-7, -9.756e-7, -6.391e-7
0.273, -5.744e-7, -5.701e-7, -9.740e-7, -6.387e-7
0.272, -5.732e-7, -5.695e-7, -9.727e-7, -6.376e-7
0.271, -5.723e-7, -5.688e-7, -9.721e-7, -6.366e-7
0.270, -5.719e-7, -5.672e-7, -9.704e-7, -6.353e-7
0.269, -5.699e-7, -5.664e-7, -9.689e-7, -6.336e-7
0.268, -5.700e-7, -5.656e-7, -9.675e-7, -6.330e-7
0.267, -5.688e-7, -5.646e-7, -9.657e-7, -6.320e-7
0.266, -5.675e-7, -5.636e-7, -9.651e-7, -6.307e-7
0.265, -5.658e-7, -5.618e-7, -9.619e-7, -6.286e-7
0.264, -5.647e-7, -5.605e-7, -9.606e-7, -6.272e-7
0.263, -5.645e-7, -5.607e-7, -9.597e-7, -6.275e-7
0.262, -5.629e-7, -5.571e-7, -9.566e-7, -6.244e-7
0.261, -5.623e-7, -5.586e-7, -9.572e-7, -6.255e-7
0.260, -5.610e-7, -5.569e-7, -9.552e-7, -6.235e-7
0.259, -5.603e-7, -5.555e-7, -9.550e-7, -6.232e-7
0.258, -5.591e-7, -5.545e-7, -9.516e-7, -6.216e-7
0.257, -5.589e-7, -5.539e-7, -9.511e-7, -6.204e-7
0.256, -5.571e-7, -5.518e-7, -9.479e-7, -6.192e-7
0.255, -5.551e-7, -5.500e-7, -9.459e-7, -6.168e-7
0.254, -5.536e-7, -5.500e-7, -9.453e-7, -6.159e-7
0.253, -5.546e-7, -5.481e-7, -9.437e-7, -6.158e-7
0.252, -5.528e-7, -5.484e-7, -9.422e-7, -6.143e-7
0.251, -5.522e-7, -5.466e-7, -9.411e-7, -6.137e-7
0.250, -5.512e-7, -5.470e-7, -9.411e-7, -6.131e-7
0.249, -5.497e-7, -5.445e-7, -9.381e-7, -6.115e-7
0.248, -5.470e-7, -5.429e-7, -9.355e-7, -6.101e-7
0.247, -5.483e-7, -5.431e-7, -9.353e-7, -6.097e-7
0.246, -5.467e-7, -5.422e-7, -9.333e-7, -6.083e-7
0.245, -5.454e-7, -5.398e-7, -9.313e-7, -6.064e-7
0.244, -5.435e-7, -5.383e-7, -9.288e-7, -6.040e-7
0.243, -5.435e-7, -5.378e-7, -9.277e-7, -6.032e-7
0.242, -5.412e-7, -5.367e-7, -9.252e-7, -6.015e-7
0.241, -5.404e-7, -5.354e-7, -9.250e-7, -6.004e-7
0.240, -5.393e-7, -5.342e-7, -9.216e-7, -5.995e-7
0.239, -5.379e-7, -5.327e-7, -9.201e-7, -5.969e-7
0.238, -5.363e-7, -5.318e-7, -9.177e-7, -5.963e-7
0.237, -5.341e-7, -5.286e-7, -9.145e-7, -5.939e-7
0.236, -5.340e-7, -5.290e-7, -9.148e-7, -5.929e-7
0.235, -5.326e-7, -5.257e-7, -9.104e-7, -5.910e-7
0.234, -5.306e-7, -5.245e-7, -9.085e-7, -5.890e-7
0.233, -5.303e-7, -5.245e-7, -9.084e-7, -5.890e-7
0.232, -5.286e-7, -5.231e-7, -9.056e-7, -5.874e-7
0.231, -5.260e-7, -5.212e-7, -9.029e-7, -5.851e-7
0.230, -5.253e-7, -5.188e-7, -9.008e-7, -5.829e-7
0.229, -5.252e-7, -5.194e-7, -9.004e-7, -5.831e-7
0.228, -5.233e-7, -5.189e-7, -8.979e-7, -5.816e-7
0.227, -5.221e-7, -5.168e-7, -8.962e-7, -5.798e-7
0.226, -5.203e-7, -5.154e-7, -8.939e-7, -5.789e-7
0.225, -5.212e-7, -5.137e-7, -8.929e-7, -5.774e-7
0.224, -5.185e-7, -5.120e-7, -8.907e-7, -5.758e-7
0.223, -5.177e-7, -5.107e-7, -8.887e-7, -5.738e-7
0.222, -5.159e-7, -5.096e-7, -8.850e-7, -5.734e-7
0.221, -5.145e-7, -5.087e-7, -8.842e-7, -5.715e-7
0.220, -5.137e-7, -5.081e-7, -8.819e-7, -5.699e-7
0.219, -5.122e-7, -5.064e-7, -8.814e-7, -5.695e-7
0.218, -5.123e-7, -5.052e-7, -8.793e-7, -5.677e-7
0.217, -5.108e-7, -5.040e-7, -8.775e-7, -5.665e-7
0.216, -5.092e-7, -5.016e-7, -8.747e-7, -5.653e-7
0.215, -5.084e-7, -5.009e-7, -8.741e-7, -5.635e-7
0.214, -5.073e-7, -5.004e-7, -8.727e-7, -5.628e-7
0.213, -5.052e-7, -4.993e-7, -8.702e-7, -5.619e-7
0.212, -5.059e-7, -4.991e-7, -8.706e-7, -5.613e-7
0.211, -5.034e-7, -4.968e-7, -8.680e-7, -5.595e-7
0.210, -5.032e-7, -4.956e-7, -8.653e-7, -5.585e-7
0.209, -5.015e-7, -4.952e-7, -8.637e-7, -5.568e-7
0.208, -5.020e-7, -4.939e-7, -8.628e-7, -5.565e-7
0.207, -4.995e-7, -4.918e-7, -8.597e-7, -5.539e-7
0.206, -4.985e-7, -4.900e-7, -8.592e-7, -5.523e-7
0.205, -4.971e-7, -4.899e-7, -8.557e-7, -5.503e-7
0.204, -4.948e-7, -4.879e-7, -8.549e-7, -5.496e-7
0.203, -4.956e-7, -4.886e-7, -8.533e-7, -5.498e-7
0.202, -4.946e-7, -4.858e-7, -8.511e-7, -5.474e-7
0.201, -4.928e-7, -4.847e-7, -8.488e-7, -5.463e-7
0.200, -4.920e-7, -4.844e-7, -8.482e-7, -5.446e-7
0.199, -4.897e-7, -4.817e-7, -8.454e-7, -5.430e-7
0.198, -4.883e-7, -4.804e-7, -8.433e-7, -5.417e-7
0.197, -4.869e-7, -4.794e-7, -8.391e-7, -5.395e-7
0.196, -4.864e-7, -4.787e-7, -8.393e-7, -5.399e-7
0.195, -4.851e-7, -4.773e-7, -8.369e-7, -5.371e-7
0.194, -4.830e-7, -4.746e-7, -8.338e-7, -5.344e-7
0.193, -4.816e-7, -4.729e-7, -8.314e-7, -5.335e-7
0.192, -4.800e-7, -4.722e-7, -8.293e-7, -5.323e-7
0.191, -4.780e-7, -4.703e-7, -8.264e-7, -5.308e-7
0.190, -4.776e-7, -4.692e-7, -8.260e-7, -5.291e-7
0.189, -4.759e-7, -4.679e-7, -8.228e-7, -5.266e-7
0.188, -4.753e-7, -4.662e-7, -8.205e-7, -5.256e-7
0.187, -4.744e-7, -4.653e-7, -8.186e-7, -5.243e-7
0.186, -4.720e-7, -4.627e-7, -8.158e-7, -5.225e-7
0.185, -4.706e-7, -4.618e-7, -8.141e-7, -5.214e-7
0.184, -4.708e-7, -4.619e-7, -8.133e-7, -5.215e-7
0.183, -4.678e-7, -4.597e-7, -8.112e-7, -5.190e-7
0.182, -4.665e-7, -4.577e-7, -8.078e-7, -5.173e-7
0.181, -4.666e-7, -4.581e-7, -8.072e-7, -5.161e-7
0.180, -4.639e-7, -4.557e-7, -8.040e-7, -5.148e-7
0.179, -4.633e-7, -4.542e-7, -8.005e-7, -5.126e-7
0.178, -4.619e-7, -4.526e-7, -7.991e-7, -5.108e-7
0.177, -4.605e-7, -4.513e-7, -7.973e-7, -5.095e-7
0.176, -4.590e-7, -4.499e-7, -7.942e-7, -5.079e-7
0.175, -4.586e-7, -4.493e-7, -7.937e-7, -5.071e-7
0.174, -4.572e-7, -4.486e-7, -7.925e-7, -5.053e-7
0.173, -4.550e-7, -4.470e-7, -7.897e-7, -5.040e-7
0.172, -4.553e-7, -4.458e-7, -7.879e-7, -5.031e-7
0.171, -4.550e-7, -4.450e-7, -7.868e-7, -5.021e-7
0.170, -4.548e-7, -4.447e-7, -7.860e-7, -5.019e-7
0.169, -4.520e-7, -4.429e-7, -7.828e-7, -4.984e-7
0.168, -4.515e-7, -4.418e-7, -7.812e-7, -4.981e-7
0.167, -4.504e-7, -4.401e-7, -7.780e-7, -4.966e-7
0.166, -4.489e-7, -4.392e-7, -7.777e-7, -4.955e-7
0.165, -4.473e-7, -4.377e-7, -7.755e-7, -4.947e-7
0.164, -4.474e-7, -4.384e-7, -7.742e-7, -4.939e-7
0.163, -4.449e-7, -4.356e-7, -7.712e-7, -4.912e-7
0.162, -4.441e-7, -4.357e-7, -7.694e-7, -4.903e-7
0.161, -4.435e-7, -4.344e-7, -7.670e-7, -4.891e-7
0.160, -4.432e-7, -4.330e-7, -7.654e-7, -4.869e-7
0.159, -4.402e-7, -4.300e-7, -7.618e-7, -4.852e-7
0.158, -4.389e-7, -4.293e-7, -7.610e-7, -4.846e-7
0.157, -4.378e-7, -4.276e-7, -7.591e-7, -4.829e-7
0.156, -4.359e-7, -4.260e-7, -7.557e-7, -4.816e-7
0.155, -4.347e-7, -4.247e-7, -7.537e-7, -4.795e-7
0.154, -4.337e-7, -4.227e-7, -7.509e-7, -4.777e-7
0.153, -4.312e-7, -4.216e-7, -7.475e-7, -4.752e-7
0.152, -4.310e-7, -4.200e-7, -7.458e-7, -4.745e-7
0.151, -4.292e-7, -4.186e-7, -7.436e-7, -4.721e-7
0.150, -4.282e-7, -4.179e-7, -7.425e-7, -4.718e-7
0.149, -4.267e-7, -4.172e-7, -7.398e-7, -4.694e-7
0.148, -4.264e-7, -4.165e-7, -7.391e-7, -4.696e-7
0.147, -4.252e-7, -4.148e-7, -7.356e-7, -4.672e-7
0.146, -4.227e-7, -4.124e-7, -7.338e-7, -4.653e-7
0.145, -4.223e-7, -4.116e-7, -7.318e-7, -4.654e-7
0.144, -4.207e-7, -4.098e-7, -7.286e-7, -4.631e-7
0.143, -4.197e-7, -4.092e-7, -7.274e-7, -4.616e-7
0.142, -4.173e-7, -4.082e-7, -7.243e-7, -4.598e-7
0.141, -4.170e-7, -4.067e-7, -7.232e-7, -4.587e-7
0.140, -4.157e-7, -4.050e-7, -7.212e-7, -4.578e-7
0.139, -4.142e-7, -4.039e-7, -7.182e-7, -4.563e-7
0.138, -4.133e-7, -4.041e-7, -7.175e-7, -4.557e-7
0.137, -4.128e-7, -4.024e-7, -7.152e-7, -4.548e-7
0.136, -4.123e-7, -4.010e-7, -7.132e-7, -4.521e-7
0.135, -4.106e-7, -3.993e-7, -7.113e-7, -4.519e-7
0.134, -4.085e-7, -3.985e-7, -7.082e-7, -4.496e-7
0.133, -4.075e-7, -3.971e-7, -7.068e-7, -4.478e-7
0.132, -4.069e-7, -3.981e-7, -7.063e-7, -4.486e-7
0.131, -4.053e-7, -3.953e-7, -7.028e-7, -4.457e-7
0.130, -4.050e-7, -3.945e-7, -7.024e-7, -4.458e-7
0.129, -4.033e-7, -3.936e-7, -6.990e-7, -4.440e-7
0.128, -4.025e-7, -3.926e-7, -6.985e-7, -4.427e-7
0.127, -4.013e-7, -3.914e-7, -6.952e-7, -4.420e-7
0.126, -4.009e-7, -3.901e-7, -6.942e-7, -4.406e-7
0.125, -4.000e-7, -3.889e-7, -6.926e-7, -4.389e-7
0.124, -3.967e-7, -3.860e-7, -6.885e-7, -4.367e-7
0.123, -3.956e-7, -3.857e-7, -6.879e-7, -4.361e-7
0.122, -3.955e-7, -3.854e-7, -6.865e-7, -4.343e-7
0.121, -3.950e-7, -3.844e-7, -6.843e-7, -4.341e-7
0.120, -3.937e-7, -3.839e-7, -6.820e-7, -4.323e-7
0.119, -3.932e-7, -3.829e-7, -6.807e-7, -4.319e-7
0.118, -3.922e-7, -3.810e-7, -6.780e-7, -4.300e-7
0.117, -3.892e-7, -3.793e-7, -6.750e-7, -4.278e-7
0.116, -3.891e-7, -3.788e-7, -6.747e-7, -4.276e-7
0.115, -3.884e-7, -3.768e-7, -6.725e-7, -4.256e-7
0.114, -3.877e-7, -3.765e-7, -6.711e-7, -4.249e-7
0.113, -3.868e-7, -3.763e-7, -6.688e-7, -4.242e-7
0.112, -3.837e-7, -3.739e-7, -6.656e-7, -4.222e-7
0.111, -3.840e-7, -3.731e-7, -6.645e-7, -4.214e-7
0.110, -3.824e-7, -3.719e-7, -6.634e-7, -4.193e-7
0.109, -3.802e-7, -3.697e-7, -6.592e-7, -4.173e-7
0.108, -3.804e-7, -3.695e-7, -6.586e-7, -4.163e-7
0.107, -3.779e-7, -3.668e-7, -6.544e-7, -4.147e-7
0.106, -3.778e-7, -3.672e-7, -6.545e-7, -4.137e-7
0.105, -3.754e-7, -3.652e-7, -6.513e-7, -4.114e-7
0.104, -3.746e-7, -3.633e-7, -6.485e-7, -4.107e-7
0.103, -3.733e-7, -3.620e-7, -6.475e-7, -4.092e-7
0.102, -3.718e-7, -3.612e-7, -6.436e-7, -4.070e-7
0.101, -3.704e-7, -3.597e-7, -6.422e-7, -4.059e-7
0.100, -3.686e-7, -3.578e-7, -6.398e-7, -4.042e-7
0.099, -3.667e-7, -3.565e-7, -6.375e-7, -4.033e-7
0.098, -3.664e-7, -3.561e-7, -6.360e-7, -4.010e-7
0.097, -3.653e-7, -3.548e-7, -6.348e-7, -4.007e-7
0.096, -3.642e-7, -3.543e-7, -6.317e-7, -3.998e-7
0.095, -3.642e-7, -3.526e-7, -6.302e-7, -3.971e-7
0.094, -3.618e-7, -3.518e-7, -6.293e-7, -3.976e-7
0.093, -3.603e-7, -3.505e-7, -6.263e-7, -3.957e-7
0.092, -3.602e-7, -3.497e-7, -6.243e-7, -3.936e-7
0.091, -3.593e-7, -3.493e-7, -6.232e-7, -3.939e-7
0.090, -3.575e-7, -3.470e-7, -6.206e-7, -3.917e-7
0.089, -3.573e-7, -3.453e-7, -6.177e-7, -3.898e-7
0.088, -3.556e-7, -3.446e-7, -6.154e-7, -3.887e-7
0.087, -3.538e-7, -3.446e-7, -6.140e-7, -3.882e-7
0.086, -3.521e-7, -3.414e-7, -6.111e-7, -3.854e-7
0.085, -3.517e-7, -3.420e-7, -6.105e-7, -3.851e-7
0.084, -3.515e-7, -3.412e-7, -6.089e-7, -3.849e-7
0.083, -3.506e-7, -3.396e-7, -6.068e-7, -3.825e-7
0.082, -3.484e-7, -3.381e-7, -6.036e-7, -3.810e-7
0.081, -3.490e-7, -3.377e-7, -6.034e-7, -3.813e-7
0.080, -3.471e-7, -3.373e-7, -6.016e-7, -3.805e-7
0.079, -3.462e-7, -3.347e-7, -5.999e-7, -3.780e-7
0.078, -3.460e-7, -3.355e-7, -5.986e-7, -3.782e-7
0.077, -3.451e-7, -3.332e-7, -5.961e-7, -3.761e-7
0.076, -3.423e-7, -3.325e-7, -5.943e-7, -3.748e-7
0.075, -3.427e-7, -3.321e-7, -5.934e-7, -3.748e-7
0.074, -3.423e-7, -3.309e-7, -5.927e-7, -3.737e-7
0.073, -3.402e-7, -3.286e-7, -5.890e-7, -3.713e-7
0.072, -3.400e-7, -3.291e-7, -5.878e-7, -3.717e-7
0.071, -3.391e-7, -3.291e-7, -5.865e-7, -3.700e-7
0.070, -3.386e-7, -3.271e-7, -5.853e-7, -3.684e-7
0.069, -3.358e-7, -3.247e-7, -5.817e-7, -3.670e-7
0.068, -3.348e-7, -3.252e-7, -5.811e-7, -3.668e-7
0.067, -3.343e-7, -3.242e-7, -5.791e-7, -3.647e-7
0.066, -3.332e-7, -3.221e-7, -5.767e-7, -3.641e-7
0.065, -3.316e-7, -3.209e-7, -5.740e-7, -3.606e-7
0.064, -3.307e-7, -3.196e-7, -5.725e-7, -3.607e-7
0.063, -3.297e-7, -3.188e-7, -5.712e-7, -3.589e-7
0.062, -3.280e-7, -3.170e-7, -5.676e-7, -3.577e-7
0.061, -3.267e-7, -3.161e-7, -5.668e-7, -3.569e-7
0.060, -3.262e-7, -3.154e-7, -5.648e-7, -3.558e-7
0.059, -3.259e-7, -3.147e-7, -5.632e-7, -3.550e-7
0.058, -3.238e-7, -3.133e-7, -5.610e-7, -3.534e-7
0.057, -3.237e-7, -3.133e-7, -5.595e-7, -3.528e-7
0.056, -3.229e-7, -3.119e-7, -5.574e-7, -3.512e-7
0.055, -3.211e-7, -3.106e-7, -5.555e-7, -3.503e-7
0.054, -3.214e-7, -3.091e-7, -5.547e-7, -3.495e-7
0.053, -3.187e-7, -3.078e-7, -5.516e-7, -3.484e-7
0.052, -3.182e-7, -3.064e-7, -5.505e-7, -3.459e-7
0.051, -3.173e-7, -3.073e-7, -5.496e-7, -3.465e-7
0.050, -3.164e-7, -3.047e-7, -5.469e-7, -3.449e-7
0.049, -3.154e-7, -3.056e-7, -5.461e-7, -3.450e-7
0.048, -3.142e-7, -3.041e-7, -5.442e-7, -3.437e-7
0.047, -3.147e-7, -3.035e-7, -5.435e-7, -3.437e-7
0.046, -3.139e-7, -3.024e-7, -5.435e-7, -3.428e-7
0.045, -3.124e-7, -3.010e-7, -5.402e-7, -3.413e-7
0.044, -3.123e-7, -3.008e-7, -5.393e-7, -3.414e-7
0.043, -3.112e-7, -3.006e-7, -5.387e-7, -3.401e-7
0.042, -3.113e-7, -3.008e-7, -5.375e-7, -3.401e-7
0.041, -3.098e-7, -2.987e-7, -5.354e-7, -3.381e-7
0.040, -3.090e-7, -2.989e-7, -5.342e-7, -3.372e-7
0.039, -3.085e-7, -2.976e-7, -5.320e-7, -3.364e-7
0.038, -3.075e-7, -2.965e-7, -5.311e-7, -3.356e-7
0.037, -3.056e-7, -2.951e-7, -5.290e-7, -3.347e-7
0.036, -3.057e-7, -2.943e-7, -5.271e-7, -3.324e-7
0.035, -3.043e-7, -2.938e-7, -5.252e-7, -3.322e-7
0.034, -3.026e-7, -2.915e-7, -5.243e-7, -3.304e-7
0.033, -3.028e-7, -2.906e-7, -5.226e-7, -3.300e-7
0.032, -3.027e-7, -2.911e-7, -5.212e-7, -3.304e-7
0.031, -3.003e-7, -2.891e-7, -5.189e-7, -3.282e-7
0.030, -2.991e-7, -2.886e-7, -5.169e-7, -3.261e-7
0.029, -2.984e-7, -2.872e-7, -5.150e-7, -3.259e-7
0.028, -2.960e-7, -2.853e-7, -5.138e-7, -3.243e-7
0.027, -2.968e-7, -2.860e-7, -5.113e-7, -3.230e-7
0.026, -2.961e-7, -2.852e-7, -5.118e-7, -3.230e-7
0.025, -2.946e-7, -2.839e-7, -5.089e-7, -3.215e-7
0.024, -2.943e-7, -2.826e-7, -5.069e-7, -3.203e-7
0.023, -2.929e-7, -2.824e-7, -5.063e-7, -3.200e-7
0.022, -2.911e-7, -2.801e-7, -5.034e-7, -3.175e-7
0.021, -2.907e-7, -2.814e-7, -5.039e-7, -3.183e-7
0.020, -2.896e-7, -2.791e-7, -5.002e-7, -3.162e-7
0.019, -2.889e-7, -2.775e-7, -4.990e-7, -3.147e-7
0.018, -2.875e-7, -2.760e-7, -4.965e-7, -3.133e-7
0.017, -2.880e-7, -2.766e-7, -4.968e-7, -3.137e-7
0.016, -2.864e-7, -2.762e-7, -4.953e-7, -3.131e-7
0.015, -2.863e-7, -2.751e-7, -4.944e-7, -3.122e-7
0.014, -2.859e-7, -2.750e-7, -4.935e-7, -3.123e-7
0.013, -2.866e-7, -2.746e-7, -4.928e-7, -3.112e-7
0.012, -2.849e-7, -2.733e-7, -4.903e-7, -3.102e-7
0.011, -2.841e-7, -2.735e-7, -4.909e-7, -3.098e-7
0.010, -2.836e-7, -2.716e-7, -4.883e-7, -3.088e-7
0.009, -2.831e-7, -2.716e-7, -4.874e-7, -3.092e-7
0.008, -2.814e-7, -2.719e-7, -4.867e-7, -3.077e-7
0.007, -2.807e-7, -2.706e-7, -4.848e-7, -3.075e-7
0.006, -2.805e-7, -2.694e-7, -4.832e-7, -3.063e-7
0.005, -2.797e-7, -2.684e-7, -4.822e-7, -3.056e-7
0.004, -2.789e-7, -2.677e-7, -4.810e-7, -3.051e-7
0.003, -2.787e-7, -2.669e-7, -4.796e-7, -3.040e-7
0.002, -2.774e-7, -2.662e-7, -4.783e-7, -3.040e-7
0.001, -2.766e-7, -2.654e-7, -4.763e-7, -3.022e-7
