-0.100, -6.542e-7, -2.673e-7, -2.519e-7, -2.581e-7
-0.099, -5.559e-7, -2.396e-7, -2.243e-7, -2.335e-7
-0.098, -5.037e-7, -2.212e-7, -2.089e-7, -2.182e-7
-0.097, -4.699e-7, -2.089e-7, -1.967e-7, -2.059e-7
-0.096, -4.423e-7, -1.997e-7, -1.875e-7, -1.967e-7
-0.095, -4.177e-7, -1.905e-7, -1.782e-7, -1.875e-7
-0.094, -3.993e-7, -1.844e-7, -1.721e-7, -1.813e-7
-0.093, -3.809e-7, -1.752e-7, -1.629e-7, -1.721e-7
-0.092, -3.625e-7, -1.660e-7, -1.567e-7, -1.629e-7
-0.091, -3.471e-7, -1.598e-7, -1.506e-7, -1.567e-7
-0.090, -3.318e-7, -1.537e-7, -1.445e-7, -1.506e-7
-0.089, -3.164e-7, -1.475e-7, -1.383e-7, -1.445e-7
-0.088, -3.011e-7, -1.414e-7, -1.322e-7, -1.383e-7
-0.087, -2.888e-7, -1.353e-7, -1.260e-7, -1.322e-7
-0.086, -2.734e-7, -1.291e-7, -1.199e-7, -1.260e-7
-0.085, -2.611e-7, -1.260e-7, -1.168e-7, -1.230e-7
-0.084, -2.519e-7, -1.199e-7, -1.107e-7, -1.168e-7
-0.083, -2.396e-7, -1.138e-7, -1.045e-7, -1.107e-7
-0.082, -2.274e-7, -1.107e-7, -1.015e-7, -1.076e-7
-0.081, -2.182e-7, -1.045e-7, -9.841e-8, -1.015e-7
-0.080, -2.089e-7, -1.015e-7, -9.226e-8, -9.841e-8
-0.079, -1.967e-7, -9.534e-8, -8.919e-8, -9.227e-8
-0.078, -1.875e-7, -9.227e-8, -8.612e-8, -8.919e-8
-0.077, -1.782e-7, -8.920e-8, -7.998e-8, -8.612e-8
-0.076, -1.690e-7, -8.612e-8, -7.691e-8, -7.998e-8
-0.075, -1.598e-7, -7.998e-8, -7.384e-8, -7.691e-8
-0.074, -1.537e-7, -7.691e-8, -7.077e-8, -7.384e-8
-0.073, -1.445e-7, -7.384e-8, -6.463e-8, -7.077e-8
-0.072, -1.353e-7, -7.077e-8, -6.463e-8, -6.770e-8
-0.071, -1.291e-7, -6.770e-8, -5.849e-8, -6.463e-8
-0.070, -1.230e-7, -6.463e-8, -5.542e-8, -6.156e-8
-0.069, -1.138e-7, -6.156e-8, -5.235e-8, -5.849e-8
-0.068, -1.076e-7, -5.849e-8, -5.235e-8, -5.542e-8
-0.067, -1.015e-7, -5.542e-8, -4.928e-8, -5.235e-8
-0.066, -9.534e-8, -5.235e-8, -4.621e-8, -4.928e-8
-0.065, -8.920e-8, -4.928e-8, -4.314e-8, -4.621e-8
-0.064, -8.305e-8, -4.621e-8, -4.007e-8, -4.314e-8
-0.063, -7.691e-8, -4.314e-8, -3.700e-8, -4.007e-8
-0.062, -7.077e-8, -4.314e-8, -3.393e-8, -4.007e-8
-0.061, -6.463e-8, -4.007e-8, -3.393e-8, -3.700e-8
-0.060, -6.156e-8, -3.700e-8, -3.085e-8, -3.393e-8
-0.059, -5.542e-8, -3.393e-8, -2.778e-8, -3.086e-8
-0.058, -5.235e-8, -3.393e-8, -2.778e-8, -2.778e-8
-0.057, -4.621e-8, -3.086e-8, -2.471e-8, -2.471e-8
-0.056, -4.314e-8, -2.779e-8, -2.164e-8, -2.471e-8
-0.055, -3.700e-8, -2.779e-8, -2.164e-8, -2.164e-8
-0.054, -3.393e-8, -2.471e-8, -1.857e-8, -2.164e-8
-0.053, -2.779e-8, -2.164e-8, -1.857e-8, -1.857e-8
-0.052, -2.472e-8, -2.164e-8, -1.550e-8, -1.550e-8
-0.051, -1.857e-8, -1.857e-8, -1.243e-8, -1.550e-8
-0.050, -1.550e-8, -1.857e-8, -1.243e-8, -1.550e-8
-0.049, -1.243e-8, -1.550e-8, -9.361e-9, -1.243e-8
-0.048, -9.363e-9, -1.243e-8, -9.361e-9, -9.362e-9
-0.047, -6.292e-9, -9.362e-9, -6.291e-9, -9.362e-9
-0.046, -3.222e-9, -9.362e-9, -6.291e-9, -6.291e-9
-0.045, 2.919e-9, -9.362e-9, -3.220e-9, -6.291e-9
-0.044, 2.919e-9, -9.362e-9, -3.220e-9, -3.221e-9
-0.043, 5.990e-9, -6.292e-9, -1.497e-10, -3.221e-9
-0.042, 9.060e-9, -6.292e-9, -1.497e-10, -1.502e-10
-0.041, 1.520e-8, -3.221e-9, 2.921e-9, -1.502e-10
-0.040, 1.520e-8, -3.221e-9, 2.921e-9, -1.502e-10
-0.039, 1.827e-8, -1.507e-10, 2.921e-9, 2.920e-9
-0.038, 2.134e-8, -1.507e-10, 5.991e-9, 2.920e-9
-0.037, 2.441e-8, -1.508e-10, 5.991e-9, 2.920e-9
-0.036, 2.748e-8, 2.920e-9, 5.991e-9, 5.991e-9
-0.035, 3.055e-8, 2.920e-9, 9.062e-9, 5.991e-9
-0.034, 3.055e-8, 2.920e-9, 9.062e-9, 9.061e-9
-0.033, 3.362e-8, 5.990e-9, 9.062e-9, 9.061e-9
-0.032, 3.669e-8, 5.990e-9, 1.213e-8, 1.213e-8
-0.031, 3.977e-8, 9.061e-9, 1.213e-8, 1.213e-8
-0.030, 3.977e-8, 9.061e-9, 1.213e-8, 1.213e-8
-0.029, 4.284e-8, 9.061e-9, 1.520e-8, 1.213e-8
-0.028, 4.591e-8, 1.213e-8, 1.520e-8, 1.520e-8
-0.027, 4.898e-8, 1.213e-8, 1.520e-8, 1.520e-8
-0.026, 4.898e-8, 1.213e-8, 1.520e-8, 1.520e-8
-0.025, 5.205e-8, 1.213e-8, 1.827e-8, 1.827e-8
-0.024, 5.512e-8, 1.520e-8, 1.827e-8, 1.827e-8
-0.023, 5.512e-8, 1.520e-8, 2.134e-8, 1.827e-8
-0.022, 5.819e-8, 1.520e-8, 2.134e-8, 1.827e-8
-0.021, 5.819e-8, 1.520e-8, 2.134e-8, 2.134e-8
-0.020, 6.126e-8, 1.827e-8, 2.134e-8, 2.134e-8
-0.019, 6.126e-8, 1.827e-8, 2.134e-8, 2.134e-8
-0.018, 6.433e-8, 1.827e-8, 2.134e-8, 2.134e-8
-0.017, 6.433e-8, 1.827e-8, 2.441e-8, 2.441e-8
-0.016, 6.740e-8, 2.134e-8, 2.441e-8, 2.441e-8
-0.015, 6.740e-8, 2.134e-8, 2.441e-8, 2.441e-8
-0.014, 7.047e-8, 2.134e-8, 2.441e-8, 2.441e-8
-0.013, 7.047e-8, 2.134e-8, 2.748e-8, 2.441e-8
-0.012, 7.354e-8, 2.441e-8, 2.748e-8, 2.748e-8
-0.011, 7.354e-8, 2.441e-8, 2.748e-8, 2.748e-8
-0.010, 7.661e-8, 2.441e-8, 2.748e-8, 2.748e-8
-0.009, 7.661e-8, 2.441e-8, 2.748e-8, 2.748e-8
-0.008, 7.968e-8, 2.441e-8, 2.748e-8, 3.055e-8
-0.007, 7.968e-8, 2.748e-8, 3.056e-8, 3.055e-8
-0.006, 8.275e-8, 2.748e-8, 3.056e-8, 3.055e-8
-0.005, 8.275e-8, 2.748e-8, 3.056e-8, 3.055e-8
-0.004, 8.275e-8, 2.748e-8, 3.056e-8, 3.055e-8
-0.003, 8.582e-8, 2.748e-8, 3.056e-8, 3.055e-8
-0.002, 8.582e-8, 2.748e-8, 3.363e-8, 3.055e-8
-0.001, 8.582e-8, 3.055e-8, 3.363e-8, 3.055e-8
-0.000, 8.889e-8, 3.055e-8, 3.363e-8, 3.363e-8
0.001, 8.889e-8, 3.055e-8, 3.363e-8, 3.363e-8
0.002, 9.196e-8, 3.055e-8, 3.363e-8, 3.363e-8
0.003, 9.196e-8, 3.055e-8, 3.670e-8, 3.363e-8
0.004, 9.196e-8, 3.055e-8, 3.670e-8, 3.363e-8
0.005, 9.503e-8, 3.362e-8, 3.670e-8, 3.670e-8
0.006, 9.503e-8, 3.362e-8, 3.670e-8, 3.670e-8
0.007, 9.503e-8, 3.362e-8, 3.670e-8, 3.670e-8
0.008, 9.810e-8, 3.362e-8, 3.670e-8, 3.670e-8
0.009, 9.810e-8, 3.362e-8, 3.670e-8, 3.670e-8
0.010, 9.810e-8, 3.362e-8, 3.977e-8, 3.670e-8
0.011, 1.012e-7, 3.362e-8, 3.670e-8, 3.977e-8
0.012, 1.012e-7, 3.670e-8, 3.977e-8, 3.977e-8
0.013, 1.042e-7, 3.670e-8, 3.977e-8, 3.977e-8
0.014, 1.042e-7, 3.670e-8, 3.977e-8, 3.977e-8
0.015, 1.042e-7, 3.670e-8, 3.977e-8, 3.977e-8
0.016, 1.042e-7, 3.670e-8, 3.977e-8, 3.977e-8
0.017, 1.073e-7, 3.670e-8, 4.284e-8, 3.977e-8
0.018, 1.073e-7, 3.670e-8, 4.284e-8, 3.977e-8
0.019, 1.073e-7, 3.977e-8, 4.284e-8, 4.284e-8
0.020, 1.104e-7, 3.670e-8, 4.284e-8, 4.284e-8
0.021, 1.104e-7, 3.977e-8, 4.284e-8, 4.284e-8
0.022, 1.104e-7, 3.977e-8, 4.284e-8, 4.284e-8
0.023, 1.104e-7, 3.977e-8, 4.591e-8, 4.284e-8
0.024, 1.135e-7, 3.977e-8, 4.591e-8, 4.284e-8
0.025, 1.135e-7, 3.977e-8, 4.591e-8, 4.284e-8
0.026, 1.135e-7, 4.284e-8, 4.591e-8, 4.591e-8
0.027, 1.165e-7, 4.284e-8, 4.591e-8, 4.591e-8
0.028, 1.165e-7, 4.284e-8, 4.591e-8, 4.591e-8
0.029, 1.165e-7, 4.284e-8, 4.898e-8, 4.591e-8
0.030, 1.165e-7, 4.284e-8, 4.898e-8, 4.591e-8
0.031, 1.165e-7, 4.284e-8, 4.591e-8, 4.898e-8
0.032, 1.196e-7, 4.284e-8, 4.898e-8, 4.898e-8
0.033, 1.196e-7, 4.591e-8, 4.898e-8, 4.898e-8
0.034, 1.196e-7, 4.284e-8, 4.898e-8, 4.898e-8
0.035, 1.196e-7, 4.591e-8, 4.898e-8, 4.898e-8
0.036, 1.227e-7, 4.591e-8, 4.898e-8, 4.898e-8
0.037, 1.227e-7, 4.591e-8, 4.898e-8, 4.898e-8
0.038, 1.227e-7, 4.591e-8, 5.205e-8, 4.898e-8
0.039, 1.257e-7, 4.591e-8, 5.205e-8, 5.205e-8
0.040, 1.257e-7, 4.591e-8, 5.205e-8, 5.205e-8
0.041, 1.257e-7, 4.898e-8, 5.205e-8, 5.205e-8
0.042, 1.257e-7, 4.898e-8, 5.205e-8, 5.205e-8
0.043, 1.288e-7, 4.898e-8, 5.205e-8, 5.205e-8
0.044, 1.288e-7, 4.898e-8, 5.512e-8, 5.205e-8
0.045, 1.319e-7, 4.898e-8, 5.512e-8, 5.205e-8
0.046, 1.319e-7, 4.898e-8, 5.512e-8, 5.205e-8
0.047, 1.319e-7, 4.898e-8, 5.512e-8, 5.512e-8
0.048, 1.319e-7, 4.898e-8, 5.512e-8, 5.512e-8
0.049, 1.350e-7, 5.205e-8, 5.512e-8, 5.512e-8
0.050, 1.350e-7, 5.205e-8, 5.512e-8, 5.512e-8
0.051, 1.350e-7, 5.205e-8, 5.512e-8, 5.512e-8
0.052, 1.350e-7, 5.205e-8, 5.819e-8, 5.512e-8
0.053, 1.350e-7, 5.205e-8, 5.819e-8, 5.512e-8
0.054, 1.380e-7, 5.205e-8, 5.819e-8, 5.512e-8
0.055, 1.380e-7, 5.205e-8, 5.819e-8, 5.819e-8
0.056, 1.380e-7, 5.205e-8, 5.819e-8, 5.819e-8
0.057, 1.411e-7, 5.512e-8, 5.819e-8, 5.819e-8
0.058, 1.411e-7, 5.512e-8, 6.126e-8, 5.819e-8
0.059, 1.411e-7, 5.512e-8, 6.126e-8, 6.126e-8
0.060, 1.411e-7, 5.512e-8, 6.126e-8, 6.126e-8
0.061, 1.442e-7, 5.512e-8, 6.433e-8, 6.126e-8
0.062, 1.442e-7, 5.819e-8, 6.126e-8, 6.126e-8
0.063, 1.442e-7, 5.819e-8, 6.433e-8, 6.126e-8
0.064, 1.472e-7, 5.819e-8, 6.433e-8, 6.433e-8
0.065, 1.472e-7, 5.819e-8, 6.433e-8, 6.126e-8
0.066, 1.472e-7, 6.126e-8, 6.433e-8, 6.433e-8
0.067, 1.503e-7, 6.126e-8, 6.740e-8, 6.433e-8
0.068, 1.503e-7, 6.126e-8, 6.740e-8, 6.740e-8
0.069, 1.534e-7, 6.126e-8, 6.740e-8, 6.740e-8
0.070, 1.534e-7, 6.126e-8, 6.740e-8, 6.740e-8
0.071, 1.534e-7, 6.433e-8, 7.047e-8, 6.740e-8
0.072, 1.564e-7, 6.433e-8, 7.047e-8, 6.740e-8
0.073, 1.564e-7, 6.433e-8, 7.047e-8, 7.047e-8
0.074, 1.564e-7, 6.433e-8, 7.354e-8, 7.047e-8
0.075, 1.595e-7, 6.433e-8, 7.354e-8, 7.047e-8
0.076, 1.595e-7, 6.740e-8, 7.354e-8, 7.047e-8
0.077, 1.626e-7, 6.740e-8, 7.354e-8, 7.354e-8
0.078, 1.626e-7, 6.740e-8, 7.661e-8, 7.354e-8
0.079, 1.657e-7, 7.047e-8, 7.661e-8, 7.354e-8
0.080, 1.657e-7, 7.047e-8, 7.968e-8, 7.354e-8
0.081, 1.687e-7, 7.047e-8, 7.968e-8, 7.661e-8
0.082, 1.687e-7, 7.047e-8, 7.968e-8, 7.661e-8
0.083, 1.687e-7, 7.354e-8, 8.275e-8, 7.968e-8
0.084, 1.718e-7, 7.354e-8, 8.275e-8, 7.968e-8
0.085, 1.749e-7, 7.354e-8, 8.275e-8, 7.968e-8
0.086, 1.749e-7, 7.661e-8, 8.582e-8, 8.275e-8
0.087, 1.779e-7, 7.661e-8, 8.889e-8, 8.275e-8
0.088, 1.779e-7, 7.661e-8, 8.889e-8, 8.275e-8
0.089, 1.810e-7, 7.968e-8, 8.889e-8, 8.582e-8
0.090, 1.841e-7, 8.275e-8, 9.197e-8, 8.582e-8
0.091, 1.841e-7, 8.275e-8, 9.197e-8, 8.889e-8
0.092, 1.871e-7, 8.582e-8, 9.504e-8, 9.196e-8
0.093, 1.902e-7, 8.582e-8, 9.504e-8, 9.196e-8
0.094, 1.933e-7, 8.889e-8, 9.811e-8, 9.196e-8
0.095, 1.933e-7, 8.889e-8, 1.012e-7, 9.504e-8
0.096, 1.964e-7, 9.196e-8, 1.012e-7, 9.811e-8
0.097, 1.994e-7, 9.196e-8, 1.042e-7, 9.811e-8
0.098, 2.025e-7, 9.503e-8, 1.073e-7, 1.012e-7
0.099, 2.056e-7, 9.503e-8, 1.073e-7, 1.042e-7
0.100, 2.086e-7, 9.811e-8, 1.104e-7, 1.042e-7
0.101, 2.086e-7, 1.012e-7, 1.135e-7, 1.073e-7
0.102, 2.148e-7, 1.042e-7, 1.165e-7, 1.104e-7
0.103, 2.179e-7, 1.042e-7, 1.196e-7, 1.104e-7
0.104, 2.209e-7, 1.073e-7, 1.227e-7, 1.135e-7
0.105, 2.271e-7, 1.104e-7, 1.257e-7, 1.165e-7
0.106, 2.301e-7, 1.135e-7, 1.288e-7, 1.196e-7
0.107, 2.332e-7, 1.135e-7, 1.319e-7, 1.227e-7
0.108, 2.363e-7, 1.196e-7, 1.350e-7, 1.257e-7
0.109, 2.424e-7, 1.196e-7, 1.380e-7, 1.288e-7
0.110, 2.455e-7, 1.227e-7, 1.411e-7, 1.319e-7
0.111, 2.516e-7, 1.288e-7, 1.472e-7, 1.350e-7
0.112, 2.547e-7, 1.319e-7, 1.503e-7, 1.380e-7
0.113, 2.608e-7, 1.350e-7, 1.564e-7, 1.442e-7
0.114, 2.670e-7, 1.380e-7, 1.595e-7, 1.472e-7
0.115, 2.731e-7, 1.411e-7, 1.657e-7, 1.534e-7
0.116, 2.793e-7, 1.472e-7, 1.687e-7, 1.564e-7
0.117, 2.854e-7, 1.503e-7, 1.749e-7, 1.595e-7
0.118, 2.946e-7, 1.564e-7, 1.810e-7, 1.657e-7
0.119, 3.008e-7, 1.595e-7, 1.841e-7, 1.687e-7
0.120, 3.100e-7, 1.657e-7, 1.902e-7, 1.749e-7
0.121, 3.161e-7, 1.718e-7, 1.964e-7, 1.810e-7
0.122, 3.253e-7, 1.749e-7, 2.025e-7, 1.872e-7
0.123, 3.315e-7, 1.810e-7, 2.086e-7, 1.902e-7
0.124, 3.407e-7, 1.871e-7, 2.179e-7, 1.964e-7
0.125, 3.468e-7, 1.933e-7, 2.240e-7, 2.025e-7
0.126, 3.560e-7, 1.964e-7, 2.301e-7, 2.086e-7
0.127, 3.652e-7, 2.056e-7, 2.363e-7, 2.148e-7
0.128, 3.714e-7, 2.117e-7, 2.455e-7, 2.240e-7
0.129, 3.806e-7, 2.179e-7, 2.547e-7, 2.301e-7
0.130, 3.898e-7, 2.240e-7, 2.639e-7, 2.363e-7
0.131, 3.990e-7, 2.332e-7, 2.701e-7, 2.455e-7
0.132, 4.113e-7, 2.393e-7, 2.793e-7, 2.516e-7
0.133, 4.174e-7, 2.455e-7, 2.885e-7, 2.608e-7
0.134, 4.297e-7, 2.547e-7, 2.977e-7, 2.670e-7
0.135, 4.420e-7, 2.639e-7, 3.069e-7, 2.762e-7
0.136, 4.512e-7, 2.701e-7, 3.192e-7, 2.854e-7
0.137, 4.635e-7, 2.793e-7, 3.284e-7, 2.946e-7
0.138, 4.727e-7, 2.885e-7, 3.376e-7, 3.038e-7
0.139, 4.881e-7, 2.977e-7, 3.499e-7, 3.130e-7
0.140, 5.003e-7, 3.069e-7, 3.591e-7, 3.223e-7
0.141, 5.126e-7, 3.161e-7, 3.714e-7, 3.315e-7
0.142, 5.280e-7, 3.253e-7, 3.806e-7, 3.407e-7
0.143, 5.403e-7, 3.345e-7, 3.929e-7, 3.530e-7
0.144, 5.525e-7, 3.468e-7, 4.052e-7, 3.622e-7
0.145, 5.679e-7, 3.560e-7, 4.174e-7, 3.745e-7
0.146, 5.802e-7, 3.652e-7, 4.297e-7, 3.837e-7
0.147, 5.955e-7, 3.744e-7, 4.420e-7, 3.929e-7
0.148, 6.109e-7, 3.867e-7, 4.543e-7, 4.052e-7
0.149, 6.232e-7, 3.959e-7, 4.666e-7, 4.174e-7
0.150, 6.385e-7, 4.082e-7, 4.788e-7, 4.266e-7
0.151, 6.539e-7, 4.174e-7, 4.911e-7, 4.389e-7
0.152, 6.692e-7, 4.297e-7, 5.034e-7, 4.481e-7
0.153, 6.846e-7, 4.389e-7, 5.188e-7, 4.604e-7
0.154, 6.999e-7, 4.512e-7, 5.310e-7, 4.727e-7
0.155, 7.153e-7, 4.635e-7, 5.433e-7, 4.850e-7
0.156, 7.276e-7, 4.727e-7, 5.556e-7, 4.973e-7
0.157, 7.429e-7, 4.850e-7, 5.710e-7, 5.065e-7
0.158, 7.583e-7, 4.973e-7, 5.832e-7, 5.188e-7
0.159, 7.736e-7, 5.065e-7, 5.955e-7, 5.310e-7
0.160, 7.890e-7, 5.188e-7, 6.078e-7, 5.403e-7
0.161, 8.043e-7, 5.280e-7, 6.232e-7, 5.525e-7
0.162, 8.166e-7, 5.403e-7, 6.354e-7, 5.648e-7
0.163, 8.320e-7, 5.495e-7, 6.477e-7, 5.771e-7
0.164, 8.442e-7, 5.618e-7, 6.600e-7, 5.863e-7
0.165, 8.565e-7, 5.740e-7, 6.723e-7, 5.986e-7
0.166, 8.719e-7, 5.832e-7, 6.846e-7, 6.078e-7
0.167, 8.842e-7, 5.925e-7, 6.969e-7, 6.201e-7
0.168, 8.964e-7, 6.047e-7, 7.091e-7, 6.293e-7
0.169, 9.087e-7, 6.139e-7, 7.183e-7, 6.416e-7
0.170, 9.210e-7, 6.232e-7, 7.306e-7, 6.508e-7
0.171, 9.333e-7, 6.324e-7, 7.429e-7, 6.600e-7
0.172, 9.425e-7, 6.416e-7, 7.521e-7, 6.692e-7
0.173, 9.548e-7, 6.539e-7, 7.644e-7, 6.784e-7
0.174, 9.640e-7, 6.600e-7, 7.736e-7, 6.907e-7
0.175, 9.732e-7, 6.692e-7, 7.859e-7, 6.969e-7
0.176, 9.855e-7, 6.784e-7, 7.951e-7, 7.061e-7
0.177, 9.916e-7, 6.846e-7, 8.043e-7, 7.153e-7
0.178, 1.001e-6, 6.938e-7, 8.135e-7, 7.245e-7
0.179, 1.010e-6, 7.030e-7, 8.227e-7, 7.337e-7
0.180, 1.019e-6, 7.091e-7, 8.320e-7, 7.398e-7
0.181, 1.025e-6, 7.183e-7, 8.412e-7, 7.491e-7
0.182, 1.032e-6, 7.245e-7, 8.473e-7, 7.552e-7
0.183, 1.038e-6, 7.306e-7, 8.565e-7, 7.644e-7
0.184, 1.044e-6, 7.368e-7, 8.627e-7, 7.675e-7
0.185, 1.050e-6, 7.429e-7, 8.688e-7, 7.767e-7
0.186, 1.053e-6, 7.491e-7, 8.780e-7, 7.828e-7
0.187, 1.059e-6, 7.552e-7, 8.842e-7, 7.890e-7
0.188, 1.062e-6, 7.613e-7, 8.903e-7, 7.920e-7
0.189, 1.065e-6, 7.644e-7, 8.964e-7, 7.982e-7
0.190, 1.068e-6, 7.705e-7, 8.995e-7, 8.043e-7
0.191, 1.071e-6, 7.736e-7, 9.056e-7, 8.074e-7
0.192, 1.075e-6, 7.767e-7, 9.118e-7, 8.135e-7
0.193, 1.078e-6, 7.828e-7, 9.149e-7, 8.166e-7
0.194, 1.081e-6, 7.859e-7, 9.210e-7, 8.197e-7
0.195, 1.081e-6, 7.890e-7, 9.241e-7, 8.258e-7
0.196, 1.081e-6, 7.920e-7, 9.271e-7, 8.289e-7
0.197, 1.081e-6, 7.951e-7, 9.302e-7, 8.320e-7
0.198, 1.081e-6, 7.982e-7, 9.333e-7, 8.350e-7
0.199, 1.084e-6, 8.012e-7, 9.364e-7, 8.381e-7
0.200, 1.081e-6, 8.012e-7, 9.394e-7, 8.381e-7
0.201, 1.081e-6, 8.043e-7, 9.425e-7, 8.412e-7
0.202, 1.081e-6, 8.074e-7, 9.425e-7, 8.442e-7
0.203, 1.081e-6, 8.074e-7, 9.456e-7, 8.442e-7
0.204, 1.078e-6, 8.074e-7, 9.486e-7, 8.473e-7
0.205, 1.078e-6, 8.105e-7, 9.486e-7, 8.473e-7
0.206, 1.078e-6, 8.135e-7, 9.486e-7, 8.504e-7
0.207, 1.075e-6, 8.135e-7, 9.517e-7, 8.504e-7
0.208, 1.071e-6, 8.135e-7, 9.517e-7, 8.534e-7
0.209, 1.068e-6, 8.135e-7, 9.517e-7, 8.534e-7
0.210, 1.065e-6, 8.135e-7, 9.548e-7, 8.534e-7
0.211, 1.065e-6, 8.135e-7, 9.548e-7, 8.534e-7
0.212, 1.062e-6, 8.135e-7, 9.548e-7, 8.534e-7
0.213, 1.059e-6, 8.135e-7, 9.548e-7, 8.534e-7
0.214, 1.056e-6, 8.135e-7, 9.548e-7, 8.534e-7
0.215, 1.053e-6, 8.135e-7, 9.517e-7, 8.534e-7
0.216, 1.047e-6, 8.135e-7, 9.517e-7, 8.534e-7
0.217, 1.044e-6, 8.135e-7, 9.517e-7, 8.534e-7
0.218, 1.041e-6, 8.135e-7, 9.517e-7, 8.534e-7
0.219, 1.038e-6, 8.135e-7, 9.517e-7, 8.534e-7
0.220, 1.035e-6, 8.105e-7, 9.517e-7, 8.534e-7
0.221, 1.032e-6, 8.105e-7, 9.486e-7, 8.504e-7
0.222, 1.025e-6, 8.105e-7, 9.486e-7, 8.504e-7
0.223, 1.022e-6, 8.105e-7, 9.456e-7, 8.504e-7
0.224, 1.019e-6, 8.074e-7, 9.456e-7, 8.473e-7
0.225, 1.013e-6, 8.074e-7, 9.456e-7, 8.473e-7
0.226, 1.010e-6, 8.043e-7, 9.425e-7, 8.473e-7
0.227, 1.007e-6, 8.043e-7, 9.394e-7, 8.442e-7
0.228, 1.001e-6, 8.012e-7, 9.394e-7, 8.442e-7
0.229, 9.978e-7, 8.012e-7, 9.394e-7, 8.412e-7
0.230, 9.947e-7, 8.012e-7, 9.364e-7, 8.412e-7
0.231, 9.885e-7, 7.982e-7, 9.364e-7, 8.381e-7
0.232, 9.855e-7, 7.982e-7, 9.333e-7, 8.381e-7
0.233, 9.824e-7, 7.951e-7, 9.333e-7, 8.381e-7
0.234, 9.763e-7, 7.951e-7, 9.302e-7, 8.350e-7
0.235, 9.732e-7, 7.920e-7, 9.271e-7, 8.320e-7
0.236, 9.701e-7, 7.920e-7, 9.271e-7, 8.320e-7
0.237, 9.671e-7, 7.890e-7, 9.241e-7, 8.289e-7
0.238, 9.609e-7, 7.890e-7, 9.241e-7, 8.289e-7
0.239, 9.578e-7, 7.859e-7, 9.210e-7, 8.258e-7
0.240, 9.548e-7, 7.859e-7, 9.210e-7, 8.258e-7
0.241, 9.486e-7, 7.828e-7, 9.179e-7, 8.227e-7
0.242, 9.456e-7, 7.828e-7, 9.149e-7, 8.227e-7
0.243, 9.425e-7, 7.798e-7, 9.149e-7, 8.197e-7
0.244, 9.394e-7, 7.798e-7, 9.118e-7, 8.197e-7
0.245, 9.333e-7, 7.767e-7, 9.087e-7, 8.166e-7
0.246, 9.302e-7, 7.767e-7, 9.056e-7, 8.135e-7
0.247, 9.271e-7, 7.736e-7, 9.056e-7, 8.135e-7
0.248, 9.210e-7, 7.736e-7, 9.026e-7, 8.105e-7
0.249, 9.179e-7, 7.705e-7, 9.026e-7, 8.105e-7
0.250, 9.149e-7, 7.705e-7, 8.995e-7, 8.074e-7
0.251, 9.118e-7, 7.675e-7, 8.964e-7, 8.043e-7
0.252, 9.087e-7, 7.675e-7, 8.964e-7, 8.043e-7
0.253, 9.056e-7, 7.644e-7, 8.934e-7, 8.043e-7
0.254, 9.026e-7, 7.613e-7, 8.903e-7, 8.012e-7
0.255, 8.964e-7, 7.613e-7, 8.903e-7, 7.982e-7
0.256, 8.964e-7, 7.583e-7, 8.872e-7, 7.982e-7
0.257, 8.903e-7, 7.583e-7, 8.872e-7, 7.951e-7
0.258, 8.872e-7, 7.552e-7, 8.842e-7, 7.951e-7
0.259, 8.842e-7, 7.552e-7, 8.811e-7, 7.920e-7
0.260, 8.811e-7, 7.521e-7, 8.811e-7, 7.920e-7
0.261, 8.780e-7, 7.521e-7, 8.780e-7, 7.890e-7
0.262, 8.749e-7, 7.491e-7, 8.780e-7, 7.890e-7
0.263, 8.719e-7, 7.491e-7, 8.749e-7, 7.859e-7
0.264, 8.688e-7, 7.460e-7, 8.719e-7, 7.828e-7
0.265, 8.657e-7, 7.460e-7, 8.719e-7, 7.828e-7
0.266, 8.627e-7, 7.429e-7, 8.688e-7, 7.798e-7
0.267, 8.596e-7, 7.429e-7, 8.657e-7, 7.767e-7
0.268, 8.565e-7, 7.398e-7, 8.657e-7, 7.767e-7
0.269, 8.534e-7, 7.398e-7, 8.627e-7, 7.767e-7
0.270, 8.504e-7, 7.368e-7, 8.627e-7, 7.736e-7
0.271, 8.473e-7, 7.368e-7, 8.596e-7, 7.736e-7
0.272, 8.442e-7, 7.368e-7, 8.596e-7, 7.705e-7
0.273, 8.412e-7, 7.337e-7, 8.565e-7, 7.675e-7
0.274, 8.381e-7, 7.306e-7, 8.565e-7, 7.675e-7
0.275, 8.350e-7, 7.306e-7, 8.534e-7, 7.644e-7
0.276, 8.350e-7, 7.306e-7, 8.534e-7, 7.644e-7
0.277, 8.320e-7, 7.276e-7, 8.504e-7, 7.613e-7
0.278, 8.289e-7, 7.276e-7, 8.473e-7, 7.613e-7
0.279, 8.258e-7, 7.245e-7, 8.473e-7, 7.613e-7
0.280, 8.227e-7, 7.245e-7, 8.442e-7, 7.583e-7
0.281, 8.197e-7, 7.214e-7, 8.442e-7, 7.552e-7
0.282, 8.197e-7, 7.214e-7, 8.412e-7, 7.552e-7
0.283, 8.166e-7, 7.214e-7, 8.412e-7, 7.521e-7
0.284, 8.135e-7, 7.183e-7, 8.381e-7, 7.521e-7
0.285, 8.105e-7, 7.183e-7, 8.381e-7, 7.491e-7
0.286, 8.074e-7, 7.153e-7, 8.350e-7, 7.491e-7
0.287, 8.074e-7, 7.153e-7, 8.350e-7, 7.491e-7
0.288, 8.043e-7, 7.153e-7, 8.320e-7, 7.460e-7
0.289, 8.012e-7, 7.122e-7, 8.320e-7, 7.429e-7
0.290, 7.982e-7, 7.122e-7, 8.289e-7, 7.429e-7
0.291, 7.951e-7, 7.091e-7, 8.289e-7, 7.429e-7
0.292, 7.951e-7, 7.091e-7, 8.258e-7, 7.398e-7
0.293, 7.920e-7, 7.091e-7, 8.258e-7, 7.398e-7
0.294, 7.890e-7, 7.061e-7, 8.227e-7, 7.368e-7
0.295, 7.859e-7, 7.061e-7, 8.227e-7, 7.368e-7
0.296, 7.859e-7, 7.030e-7, 8.197e-7, 7.337e-7
0.297, 7.828e-7, 7.030e-7, 8.197e-7, 7.337e-7
0.298, 7.798e-7, 6.999e-7, 8.197e-7, 7.306e-7
0.299, 7.798e-7, 6.999e-7, 8.166e-7, 7.306e-7
0.300, 7.767e-7, 6.999e-7, 8.166e-7, 7.306e-7
0.301, 7.736e-7, 6.969e-7, 8.135e-7, 7.276e-7
0.302, 7.736e-7, 6.969e-7, 8.135e-7, 7.276e-7
0.303, 7.705e-7, 6.938e-7, 8.105e-7, 7.245e-7
0.304, 7.675e-7, 6.938e-7, 8.105e-7, 7.245e-7
0.305, 7.675e-7, 6.938e-7, 8.074e-7, 7.245e-7
0.306, 7.644e-7, 6.907e-7, 8.074e-7, 7.214e-7
0.307, 7.613e-7, 6.907e-7, 8.074e-7, 7.214e-7
0.308, 7.613e-7, 6.907e-7, 8.043e-7, 7.183e-7
0.309, 7.583e-7, 6.876e-7, 8.043e-7, 7.183e-7
0.310, 7.583e-7, 6.876e-7, 8.012e-7, 7.153e-7
0.311, 7.552e-7, 6.876e-7, 8.012e-7, 7.153e-7
0.312, 7.521e-7, 6.846e-7, 7.982e-7, 7.122e-7
0.313, 7.521e-7, 6.846e-7, 7.982e-7, 7.122e-7
0.314, 7.491e-7, 6.846e-7, 7.982e-7, 7.122e-7
0.315, 7.491e-7, 6.815e-7, 7.951e-7, 7.091e-7
0.316, 7.460e-7, 6.815e-7, 7.951e-7, 7.091e-7
0.317, 7.429e-7, 6.784e-7, 7.920e-7, 7.091e-7
0.318, 7.429e-7, 6.784e-7, 7.920e-7, 7.061e-7
0.319, 7.398e-7, 6.784e-7, 7.890e-7, 7.061e-7
0.320, 7.398e-7, 6.784e-7, 7.890e-7, 7.030e-7
0.321, 7.368e-7, 6.754e-7, 7.890e-7, 7.030e-7
0.322, 7.368e-7, 6.754e-7, 7.890e-7, 7.030e-7
0.323, 7.337e-7, 6.754e-7, 7.859e-7, 6.999e-7
0.324, 7.337e-7, 6.723e-7, 7.859e-7, 6.999e-7
0.325, 7.306e-7, 6.723e-7, 7.828e-7, 6.969e-7
0.326, 7.276e-7, 6.723e-7, 7.828e-7, 6.969e-7
0.327, 7.276e-7, 6.692e-7, 7.828e-7, 6.969e-7
0.328, 7.276e-7, 6.692e-7, 7.798e-7, 6.969e-7
0.329, 7.245e-7, 6.692e-7, 7.798e-7, 6.938e-7
0.330, 7.214e-7, 6.692e-7, 7.767e-7, 6.938e-7
0.331, 7.214e-7, 6.661e-7, 7.767e-7, 6.907e-7
0.332, 7.214e-7, 6.661e-7, 7.767e-7, 6.907e-7
0.333, 7.214e-7, 6.631e-7, 7.736e-7, 6.907e-7
0.334, 7.183e-7, 6.631e-7, 7.736e-7, 6.876e-7
0.335, 7.183e-7, 6.631e-7, 7.736e-7, 6.876e-7
0.336, 7.153e-7, 6.631e-7, 7.705e-7, 6.876e-7
0.337, 7.153e-7, 6.600e-7, 7.705e-7, 6.846e-7
0.338, 7.122e-7, 6.600e-7, 7.705e-7, 6.846e-7
0.339, 7.122e-7, 6.600e-7, 7.675e-7, 6.846e-7
0.340, 7.091e-7, 6.569e-7, 7.675e-7, 6.815e-7
0.341, 7.091e-7, 6.569e-7, 7.675e-7, 6.815e-7
0.342, 7.091e-7, 6.569e-7, 7.675e-7, 6.815e-7
0.343, 7.061e-7, 6.539e-7, 7.644e-7, 6.784e-7
0.344, 7.061e-7, 6.539e-7, 7.613e-7, 6.784e-7
0.345, 7.030e-7, 6.539e-7, 7.613e-7, 6.784e-7
0.346, 7.030e-7, 6.539e-7, 7.613e-7, 6.754e-7
0.347, 7.030e-7, 6.508e-7, 7.613e-7, 6.754e-7
0.348, 6.999e-7, 6.508e-7, 7.583e-7, 6.754e-7
0.349, 6.999e-7, 6.508e-7, 7.583e-7, 6.754e-7
0.350, 6.999e-7, 6.477e-7, 7.552e-7, 6.723e-7
0.351, 6.969e-7, 6.477e-7, 7.552e-7, 6.723e-7
0.352, 6.969e-7, 6.477e-7, 7.552e-7, 6.723e-7
0.353, 6.938e-7, 6.477e-7, 7.552e-7, 6.692e-7
0.354, 6.938e-7, 6.447e-7, 7.521e-7, 6.692e-7
0.355, 6.938e-7, 6.447e-7, 7.521e-7, 6.692e-7
0.356, 6.938e-7, 6.447e-7, 7.521e-7, 6.661e-7
0.357, 6.907e-7, 6.416e-7, 7.491e-7, 6.661e-7
0.358, 6.907e-7, 6.416e-7, 7.491e-7, 6.661e-7
0.359, 6.907e-7, 6.416e-7, 7.491e-7, 6.661e-7
0.360, 6.876e-7, 6.416e-7, 7.460e-7, 6.631e-7
0.361, 6.876e-7, 6.416e-7, 7.460e-7, 6.631e-7
0.362, 6.876e-7, 6.385e-7, 7.460e-7, 6.631e-7
0.363, 6.846e-7, 6.385e-7, 7.429e-7, 6.631e-7
0.364, 6.846e-7, 6.385e-7, 7.429e-7, 6.600e-7
0.365, 6.846e-7, 6.385e-7, 7.429e-7, 6.600e-7
0.366, 6.815e-7, 6.385e-7, 7.429e-7, 6.569e-7
0.367, 6.815e-7, 6.354e-7, 7.398e-7, 6.569e-7
0.368, 6.815e-7, 6.354e-7, 7.398e-7, 6.569e-7
0.369, 6.815e-7, 6.354e-7, 7.398e-7, 6.569e-7
0.370, 6.784e-7, 6.324e-7, 7.398e-7, 6.569e-7
0.371, 6.784e-7, 6.324e-7, 7.368e-7, 6.539e-7
0.372, 6.784e-7, 6.324e-7, 7.368e-7, 6.539e-7
0.373, 6.754e-7, 6.324e-7, 7.368e-7, 6.539e-7
0.374, 6.754e-7, 6.293e-7, 7.337e-7, 6.508e-7
0.375, 6.754e-7, 6.293e-7, 7.337e-7, 6.508e-7
0.376, 6.754e-7, 6.293e-7, 7.337e-7, 6.508e-7
0.377, 6.723e-7, 6.293e-7, 7.337e-7, 6.508e-7
0.378, 6.723e-7, 6.293e-7, 7.306e-7, 6.477e-7
0.379, 6.723e-7, 6.293e-7, 7.306e-7, 6.477e-7
0.380, 6.723e-7, 6.262e-7, 7.306e-7, 6.477e-7
0.381, 6.723e-7, 6.262e-7, 7.306e-7, 6.477e-7
0.382, 6.692e-7, 6.262e-7, 7.276e-7, 6.447e-7
0.383, 6.692e-7, 6.262e-7, 7.276e-7, 6.447e-7
0.384, 6.692e-7, 6.262e-7, 7.276e-7, 6.447e-7
0.385, 6.692e-7, 6.232e-7, 7.245e-7, 6.447e-7
0.386, 6.692e-7, 6.232e-7, 7.245e-7, 6.447e-7
0.387, 6.661e-7, 6.232e-7, 7.245e-7, 6.416e-7
0.388, 6.661e-7, 6.232e-7, 7.245e-7, 6.416e-7
0.389, 6.631e-7, 6.201e-7, 7.214e-7, 6.416e-7
0.390, 6.661e-7, 6.201e-7, 7.214e-7, 6.416e-7
0.391, 6.631e-7, 6.201e-7, 7.214e-7, 6.385e-7
0.392, 6.631e-7, 6.201e-7, 7.214e-7, 6.385e-7
0.393, 6.631e-7, 6.201e-7, 7.183e-7, 6.385e-7
0.394, 6.631e-7, 6.170e-7, 7.183e-7, 6.385e-7
0.395, 6.600e-7, 6.170e-7, 7.183e-7, 6.354e-7
0.396, 6.600e-7, 6.170e-7, 7.183e-7, 6.354e-7
0.397, 6.600e-7, 6.170e-7, 7.153e-7, 6.354e-7
0.398, 6.600e-7, 6.170e-7, 7.153e-7, 6.354e-7
0.399, 6.569e-7, 6.170e-7, 7.153e-7, 6.354e-7
0.400, 6.569e-7, 6.139e-7, 7.153e-7, 6.324e-7
0.401, 6.569e-7, 6.139e-7, 7.153e-7, 6.324e-7
0.402, 6.569e-7, 6.139e-7, 7.122e-7, 6.324e-7
0.403, 6.569e-7, 6.139e-7, 7.122e-7, 6.324e-7
0.404, 6.569e-7, 6.139e-7, 7.122e-7, 6.324e-7
0.405, 6.539e-7, 6.109e-7, 7.122e-7, 6.293e-7
0.406, 6.539e-7, 6.109e-7, 7.122e-7, 6.293e-7
0.407, 6.539e-7, 6.109e-7, 7.091e-7, 6.293e-7
0.408, 6.539e-7, 6.109e-7, 7.091e-7, 6.293e-7
0.409, 6.508e-7, 6.109e-7, 7.091e-7, 6.293e-7
0.410, 6.569e-7, 6.109e-7, 7.091e-7, 6.293e-7
0.411, 6.539e-7, 6.078e-7, 7.091e-7, 6.262e-7
0.412, 6.508e-7, 6.078e-7, 7.061e-7, 6.262e-7
0.413, 6.508e-7, 6.078e-7, 7.061e-7, 6.262e-7
0.414, 6.508e-7, 6.078e-7, 7.061e-7, 6.262e-7
0.415, 6.477e-7, 6.078e-7, 7.061e-7, 6.232e-7
0.416, 6.477e-7, 6.078e-7, 7.061e-7, 6.232e-7
0.417, 6.477e-7, 6.078e-7, 7.030e-7, 6.232e-7
0.418, 6.477e-7, 6.047e-7, 7.030e-7, 6.232e-7
0.419, 6.477e-7, 6.047e-7, 7.030e-7, 6.232e-7
0.420, 6.477e-7, 6.047e-7, 7.030e-7, 6.232e-7
0.421, 6.447e-7, 6.047e-7, 7.030e-7, 6.201e-7
0.422, 6.447e-7, 6.017e-7, 6.999e-7, 6.201e-7
0.423, 6.447e-7, 6.047e-7, 6.999e-7, 6.201e-7
0.424, 6.447e-7, 6.017e-7, 6.999e-7, 6.201e-7
0.425, 6.447e-7, 6.017e-7, 6.999e-7, 6.201e-7
0.426, 6.447e-7, 6.017e-7, 6.969e-7, 6.170e-7
0.427, 6.447e-7, 6.017e-7, 6.969e-7, 6.170e-7
0.428, 6.416e-7, 6.017e-7, 6.969e-7, 6.170e-7
0.429, 6.416e-7, 6.017e-7, 6.969e-7, 6.170e-7
0.430, 6.416e-7, 5.986e-7, 6.969e-7, 6.170e-7
0.431, 6.416e-7, 5.986e-7, 6.938e-7, 6.170e-7
0.432, 6.416e-7, 5.986e-7, 6.938e-7, 6.139e-7
0.433, 6.416e-7, 5.986e-7, 6.938e-7, 6.139e-7
0.434, 6.385e-7, 5.986e-7, 6.938e-7, 6.139e-7
0.435, 6.385e-7, 5.955e-7, 6.938e-7, 6.139e-7
0.436, 6.385e-7, 5.955e-7, 6.938e-7, 6.139e-7
0.437, 6.385e-7, 5.955e-7, 6.907e-7, 6.139e-7
0.438, 6.385e-7, 5.955e-7, 6.907e-7, 6.109e-7
0.439, 6.385e-7, 5.955e-7, 6.907e-7, 6.109e-7
0.440, 6.385e-7, 5.955e-7, 6.907e-7, 6.109e-7
0.441, 6.354e-7, 5.955e-7, 6.907e-7, 6.109e-7
0.442, 6.354e-7, 5.955e-7, 6.907e-7, 6.109e-7
0.443, 6.354e-7, 5.925e-7, 6.907e-7, 6.078e-7
0.444, 6.354e-7, 5.925e-7, 6.876e-7, 6.078e-7
0.445, 6.354e-7, 5.925e-7, 6.876e-7, 6.078e-7
0.446, 6.354e-7, 5.925e-7, 6.876e-7, 6.078e-7
0.447, 6.324e-7, 5.925e-7, 6.876e-7, 6.078e-7
0.448, 6.324e-7, 5.925e-7, 6.876e-7, 6.078e-7
0.449, 6.324e-7, 5.925e-7, 6.846e-7, 6.078e-7
0.450, 6.324e-7, 5.925e-7, 6.846e-7, 6.047e-7
0.451, 6.324e-7, 5.925e-7, 6.846e-7, 6.047e-7
0.452, 6.324e-7, 5.894e-7, 6.846e-7, 6.047e-7
0.453, 6.324e-7, 5.894e-7, 6.846e-7, 6.047e-7
0.454, 6.293e-7, 5.894e-7, 6.846e-7, 6.047e-7
0.455, 6.293e-7, 5.894e-7, 6.815e-7, 6.047e-7
0.456, 6.293e-7, 5.894e-7, 6.815e-7, 6.017e-7
0.457, 6.293e-7, 5.894e-7, 6.815e-7, 6.017e-7
0.458, 6.293e-7, 5.894e-7, 6.815e-7, 6.017e-7
0.459, 6.293e-7, 5.863e-7, 6.815e-7, 6.017e-7
0.460, 6.262e-7, 5.863e-7, 6.784e-7, 6.017e-7
0.461, 6.293e-7, 5.863e-7, 6.784e-7, 6.017e-7
0.462, 6.262e-7, 5.863e-7, 6.784e-7, 5.986e-7
0.463, 6.262e-7, 5.863e-7, 6.784e-7, 5.986e-7
0.464, 6.262e-7, 5.863e-7, 6.784e-7, 5.986e-7
0.465, 6.262e-7, 5.863e-7, 6.784e-7, 5.986e-7
0.466, 6.262e-7, 5.832e-7, 6.784e-7, 5.986e-7
0.467, 6.262e-7, 5.863e-7, 6.784e-7, 5.986e-7
0.468, 6.262e-7, 5.832e-7, 6.754e-7, 5.986e-7
0.469, 6.232e-7, 5.832e-7, 6.754e-7, 5.955e-7
0.470, 6.232e-7, 5.832e-7, 6.754e-7, 5.955e-7
0.471, 6.232e-7, 5.832e-7, 6.754e-7, 5.955e-7
0.472, 6.232e-7, 5.832e-7, 6.723e-7, 5.955e-7
0.473, 6.232e-7, 5.832e-7, 6.754e-7, 5.955e-7
0.474, 6.232e-7, 5.832e-7, 6.723e-7, 5.955e-7
0.475, 6.232e-7, 5.832e-7, 6.723e-7, 5.955e-7
0.476, 6.201e-7, 5.802e-7, 6.723e-7, 5.925e-7
0.477, 6.201e-7, 5.802e-7, 6.723e-7, 5.925e-7
0.478, 6.201e-7, 5.802e-7, 6.723e-7, 5.925e-7
0.479, 6.201e-7, 5.802e-7, 6.723e-7, 5.925e-7
0.480, 6.201e-7, 5.802e-7, 6.723e-7, 5.925e-7
0.481, 6.201e-7, 5.802e-7, 6.692e-7, 5.925e-7
0.482, 6.170e-7, 5.802e-7, 6.692e-7, 5.925e-7
0.483, 6.170e-7, 5.771e-7, 6.692e-7, 5.925e-7
0.484, 6.170e-7, 5.771e-7, 6.692e-7, 5.894e-7
0.485, 6.170e-7, 5.771e-7, 6.692e-7, 5.894e-7
0.486, 6.170e-7, 5.771e-7, 6.692e-7, 5.894e-7
0.487, 6.170e-7, 5.771e-7, 6.692e-7, 5.894e-7
0.488, 6.170e-7, 5.771e-7, 6.661e-7, 5.894e-7
0.489, 6.170e-7, 5.771e-7, 6.661e-7, 5.894e-7
0.490, 6.170e-7, 5.771e-7, 6.661e-7, 5.863e-7
0.491, 6.139e-7, 5.771e-7, 6.661e-7, 5.863e-7
0.492, 6.139e-7, 5.740e-7, 6.661e-7, 5.863e-7
0.493, 6.139e-7, 5.771e-7, 6.661e-7, 5.863e-7
0.494, 6.139e-7, 5.771e-7, 6.661e-7, 5.863e-7
0.495, 6.139e-7, 5.740e-7, 6.631e-7, 5.863e-7
0.496, 6.139e-7, 5.740e-7, 6.631e-7, 5.863e-7
0.497, 6.139e-7, 5.740e-7, 6.631e-7, 5.863e-7
0.498, 6.139e-7, 5.740e-7, 6.631e-7, 5.863e-7
0.499, 6.109e-7, 5.740e-7, 6.631e-7, 5.832e-7
0.500, 6.139e-7, 5.740e-7, 6.631e-7, 5.832e-7
0.501, 6.109e-7, 5.710e-7, 6.631e-7, 5.832e-7
0.502, 6.109e-7, 5.710e-7, 6.631e-7, 5.832e-7
0.503, 6.109e-7, 5.710e-7, 6.631e-7, 5.832e-7
0.504, 6.109e-7, 5.710e-7, 6.600e-7, 5.832e-7
0.505, 6.109e-7, 5.710e-7, 6.600e-7, 5.832e-7
0.506, 6.078e-7, 5.710e-7, 6.600e-7, 5.802e-7
0.507, 6.109e-7, 5.710e-7, 6.600e-7, 5.802e-7
0.508, 6.078e-7, 5.710e-7, 6.600e-7, 5.802e-7
0.509, 6.078e-7, 5.679e-7, 6.569e-7, 5.802e-7
0.510, 6.078e-7, 5.679e-7, 6.569e-7, 5.802e-7
0.511, 6.078e-7, 5.679e-7, 6.569e-7, 5.802e-7
0.512, 6.078e-7, 5.679e-7, 6.569e-7, 5.802e-7
0.513, 6.078e-7, 5.679e-7, 6.569e-7, 5.802e-7
0.514, 6.078e-7, 5.679e-7, 6.569e-7, 5.802e-7
0.515, 6.078e-7, 5.679e-7, 6.569e-7, 5.771e-7
0.516, 6.047e-7, 5.679e-7, 6.569e-7, 5.771e-7
0.517, 6.047e-7, 5.679e-7, 6.569e-7, 5.771e-7
0.518, 6.047e-7, 5.679e-7, 6.539e-7, 5.771e-7
0.519, 6.047e-7, 5.648e-7, 6.569e-7, 5.771e-7
0.520, 6.047e-7, 5.648e-7, 6.539e-7, 5.740e-7
0.521, 6.047e-7, 5.648e-7, 6.539e-7, 5.771e-7
0.522, 6.047e-7, 5.648e-7, 6.539e-7, 5.740e-7
0.523, 6.047e-7, 5.648e-7, 6.539e-7, 5.740e-7
0.524, 6.017e-7, 5.648e-7, 6.539e-7, 5.740e-7
0.525, 6.047e-7, 5.648e-7, 6.539e-7, 5.740e-7
0.526, 6.047e-7, 5.648e-7, 6.539e-7, 5.740e-7
0.527, 6.017e-7, 5.648e-7, 6.508e-7, 5.740e-7
0.528, 6.017e-7, 5.617e-7, 6.508e-7, 5.740e-7
0.529, 6.017e-7, 5.648e-7, 6.508e-7, 5.740e-7
0.530, 6.017e-7, 5.648e-7, 6.508e-7, 5.710e-7
0.531, 6.017e-7, 5.617e-7, 6.508e-7, 5.710e-7
0.532, 6.017e-7, 5.617e-7, 6.508e-7, 5.710e-7
0.533, 6.017e-7, 5.617e-7, 6.508e-7, 5.710e-7
0.534, 6.017e-7, 5.617e-7, 6.508e-7, 5.710e-7
0.535, 5.986e-7, 5.617e-7, 6.477e-7, 5.710e-7
0.536, 5.986e-7, 5.617e-7, 6.477e-7, 5.710e-7
0.537, 5.986e-7, 5.617e-7, 6.477e-7, 5.679e-7
0.538, 5.986e-7, 5.617e-7, 6.477e-7, 5.679e-7
0.539, 5.986e-7, 5.587e-7, 6.477e-7, 5.679e-7
0.540, 5.986e-7, 5.587e-7, 6.477e-7, 5.679e-7
0.541, 5.986e-7, 5.617e-7, 6.477e-7, 5.679e-7
0.542, 5.986e-7, 5.587e-7, 6.477e-7, 5.679e-7
0.543, 5.986e-7, 5.587e-7, 6.477e-7, 5.679e-7
0.544, 5.986e-7, 5.587e-7, 6.447e-7, 5.679e-7
0.545, 5.986e-7, 5.587e-7, 6.447e-7, 5.679e-7
0.546, 5.986e-7, 5.587e-7, 6.447e-7, 5.679e-7
0.547, 5.986e-7, 5.587e-7, 6.447e-7, 5.648e-7
0.548, 5.986e-7, 5.587e-7, 6.447e-7, 5.648e-7
0.549, 5.955e-7, 5.587e-7, 6.447e-7, 5.648e-7
0.550, 5.955e-7, 5.587e-7, 6.447e-7, 5.648e-7
0.551, 5.955e-7, 5.556e-7, 6.447e-7, 5.648e-7
0.552, 5.955e-7, 5.556e-7, 6.447e-7, 5.648e-7
0.553, 5.955e-7, 5.556e-7, 6.416e-7, 5.648e-7
0.554, 5.955e-7, 5.556e-7, 6.416e-7, 5.648e-7
0.555, 5.955e-7, 5.556e-7, 6.416e-7, 5.648e-7
0.556, 5.955e-7, 5.556e-7, 6.416e-7, 5.648e-7
0.557, 5.955e-7, 5.556e-7, 6.416e-7, 5.618e-7
0.558, 5.955e-7, 5.556e-7, 6.416e-7, 5.618e-7
0.559, 5.925e-7, 5.556e-7, 6.416e-7, 5.618e-7
0.560, 5.955e-7, 5.556e-7, 6.416e-7, 5.618e-7
0.561, 5.925e-7, 5.556e-7, 6.416e-7, 5.618e-7
0.562, 5.925e-7, 5.525e-7, 6.416e-7, 5.618e-7
0.563, 5.925e-7, 5.556e-7, 6.416e-7, 5.618e-7
0.564, 5.925e-7, 5.525e-7, 6.385e-7, 5.618e-7
0.565, 5.925e-7, 5.525e-7, 6.385e-7, 5.587e-7
0.566, 5.925e-7, 5.525e-7, 6.385e-7, 5.587e-7
0.567, 5.925e-7, 5.525e-7, 6.385e-7, 5.587e-7
0.568, 5.925e-7, 5.525e-7, 6.385e-7, 5.587e-7
0.569, 5.925e-7, 5.525e-7, 6.385e-7, 5.587e-7
0.570, 5.925e-7, 5.525e-7, 6.385e-7, 5.587e-7
0.571, 5.925e-7, 5.525e-7, 6.385e-7, 5.587e-7
0.572, 5.925e-7, 5.525e-7, 6.385e-7, 5.587e-7
0.573, 5.925e-7, 5.525e-7, 6.385e-7, 5.587e-7
0.574, 5.925e-7, 5.525e-7, 6.354e-7, 5.556e-7
0.575, 5.925e-7, 5.525e-7, 6.385e-7, 5.556e-7
0.576, 5.925e-7, 5.495e-7, 6.354e-7, 5.587e-7
0.577, 5.925e-7, 5.495e-7, 6.354e-7, 5.556e-7
0.578, 5.925e-7, 5.495e-7, 6.354e-7, 5.556e-7
0.579, 5.925e-7, 5.495e-7, 6.354e-7, 5.556e-7
0.580, 5.925e-7, 5.495e-7, 6.354e-7, 5.556e-7
0.581, 5.925e-7, 5.495e-7, 6.354e-7, 5.556e-7
0.582, 5.925e-7, 5.495e-7, 6.354e-7, 5.556e-7
0.583, 5.925e-7, 5.495e-7, 6.354e-7, 5.556e-7
0.584, 5.925e-7, 5.495e-7, 6.324e-7, 5.556e-7
0.585, 5.925e-7, 5.495e-7, 6.354e-7, 5.556e-7
0.586, 5.925e-7, 5.495e-7, 6.354e-7, 5.525e-7
0.587, 5.925e-7, 5.495e-7, 6.324e-7, 5.525e-7
0.588, 5.894e-7, 5.464e-7, 6.324e-7, 5.556e-7
0.589, 5.925e-7, 5.495e-7, 6.324e-7, 5.525e-7
0.590, 5.925e-7, 5.495e-7, 6.324e-7, 5.525e-7
0.591, 5.925e-7, 5.464e-7, 6.324e-7, 5.525e-7
0.592, 5.925e-7, 5.464e-7, 6.324e-7, 5.525e-7
0.593, 5.894e-7, 5.464e-7, 6.324e-7, 5.525e-7
0.594, 5.894e-7, 5.464e-7, 6.324e-7, 5.525e-7
0.595, 5.925e-7, 5.464e-7, 6.324e-7, 5.525e-7
0.596, 5.894e-7, 5.464e-7, 6.324e-7, 5.525e-7
0.597, 5.894e-7, 5.464e-7, 6.293e-7, 5.495e-7
0.598, 5.894e-7, 5.464e-7, 6.324e-7, 5.495e-7
0.599, 5.925e-7, 5.464e-7, 6.324e-7, 5.525e-7
0.600, 5.894e-7, 5.464e-7, 6.324e-7, 5.495e-7
0.601, 5.894e-7, 5.464e-7, 6.293e-7, 5.495e-7
0.602, 5.925e-7, 5.464e-7, 6.293e-7, 5.495e-7
0.603, 5.894e-7, 5.464e-7, 6.293e-7, 5.495e-7
0.604, 5.894e-7, 5.464e-7, 6.293e-7, 5.495e-7
0.605, 5.894e-7, 5.464e-7, 6.293e-7, 5.495e-7
0.606, 5.925e-7, 5.433e-7, 6.293e-7, 5.495e-7
0.607, 5.894e-7, 5.433e-7, 6.293e-7, 5.495e-7
0.608, 5.925e-7, 5.433e-7, 6.293e-7, 5.495e-7
0.609, 5.925e-7, 5.464e-7, 6.293e-7, 5.495e-7
0.610, 5.925e-7, 5.433e-7, 6.293e-7, 5.495e-7
0.611, 5.925e-7, 5.433e-7, 6.293e-7, 5.495e-7
0.612, 5.925e-7, 5.433e-7, 6.293e-7, 5.495e-7
0.613, 5.925e-7, 5.433e-7, 6.293e-7, 5.464e-7
0.614, 5.925e-7, 5.433e-7, 6.293e-7, 5.464e-7
0.615, 5.925e-7, 5.433e-7, 6.293e-7, 5.464e-7
0.616, 5.925e-7, 5.433e-7, 6.293e-7, 5.464e-7
0.617, 5.925e-7, 5.433e-7, 6.262e-7, 5.464e-7
0.618, 5.925e-7, 5.433e-7, 6.262e-7, 5.464e-7
0.619, 5.925e-7, 5.433e-7, 6.262e-7, 5.464e-7
0.620, 5.925e-7, 5.433e-7, 6.262e-7, 5.464e-7
0.621, 5.925e-7, 5.433e-7, 6.262e-7, 5.464e-7
0.622, 5.925e-7, 5.433e-7, 6.262e-7, 5.464e-7
0.623, 5.925e-7, 5.433e-7, 6.262e-7, 5.464e-7
0.624, 5.925e-7, 5.433e-7, 6.262e-7, 5.464e-7
0.625, 5.925e-7, 5.433e-7, 6.262e-7, 5.464e-7
0.626, 5.925e-7, 5.403e-7, 6.262e-7, 5.464e-7
0.627, 5.925e-7, 5.433e-7, 6.262e-7, 5.464e-7
0.628, 5.925e-7, 5.433e-7, 6.262e-7, 5.464e-7
0.629, 5.925e-7, 5.433e-7, 6.262e-7, 5.433e-7
0.630, 5.925e-7, 5.433e-7, 6.262e-7, 5.433e-7
0.631, 5.955e-7, 5.403e-7, 6.262e-7, 5.433e-7
0.632, 5.955e-7, 5.403e-7, 6.262e-7, 5.433e-7
0.633, 5.955e-7, 5.403e-7, 6.262e-7, 5.433e-7
0.634, 5.955e-7, 5.403e-7, 6.262e-7, 5.433e-7
0.635, 5.955e-7, 5.403e-7, 6.262e-7, 5.433e-7
0.636, 5.955e-7, 5.403e-7, 6.262e-7, 5.433e-7
0.637, 5.955e-7, 5.403e-7, 6.262e-7, 5.433e-7
0.638, 5.955e-7, 5.403e-7, 6.232e-7, 5.433e-7
0.639, 5.955e-7, 5.403e-7, 6.262e-7, 5.433e-7
0.640, 5.955e-7, 5.403e-7, 6.232e-7, 5.433e-7
0.641, 5.986e-7, 5.403e-7, 6.232e-7, 5.433e-7
0.642, 5.986e-7, 5.403e-7, 6.232e-7, 5.433e-7
0.643, 5.986e-7, 5.403e-7, 6.232e-7, 5.433e-7
0.644, 5.986e-7, 5.403e-7, 6.232e-7, 5.433e-7
0.645, 5.986e-7, 5.403e-7, 6.232e-7, 5.433e-7
0.646, 5.986e-7, 5.403e-7, 6.232e-7, 5.433e-7
0.647, 5.986e-7, 5.403e-7, 6.232e-7, 5.433e-7
0.648, 5.986e-7, 5.403e-7, 6.232e-7, 5.433e-7
0.649, 5.986e-7, 5.403e-7, 6.232e-7, 5.433e-7
0.650, 6.017e-7, 5.403e-7, 6.232e-7, 5.433e-7
0.651, 6.017e-7, 5.403e-7, 6.232e-7, 5.433e-7
0.652, 6.017e-7, 5.403e-7, 6.232e-7, 5.433e-7
0.653, 6.017e-7, 5.403e-7, 6.232e-7, 5.403e-7
0.654, 6.017e-7, 5.403e-7, 6.232e-7, 5.403e-7
0.655, 6.017e-7, 5.403e-7, 6.232e-7, 5.433e-7
0.656, 6.017e-7, 5.403e-7, 6.232e-7, 5.403e-7
0.657, 6.047e-7, 5.403e-7, 6.232e-7, 5.433e-7
0.658, 6.047e-7, 5.403e-7, 6.232e-7, 5.433e-7
0.659, 6.047e-7, 5.403e-7, 6.232e-7, 5.433e-7
0.660, 6.047e-7, 5.403e-7, 6.232e-7, 5.433e-7
0.661, 6.078e-7, 5.403e-7, 6.232e-7, 5.403e-7
0.662, 6.047e-7, 5.403e-7, 6.232e-7, 5.403e-7
0.663, 6.078e-7, 5.403e-7, 6.232e-7, 5.433e-7
0.664, 6.078e-7, 5.403e-7, 6.232e-7, 5.433e-7
0.665, 6.078e-7, 5.403e-7, 6.232e-7, 5.433e-7
0.666, 6.078e-7, 5.403e-7, 6.232e-7, 5.433e-7
0.667, 6.109e-7, 5.403e-7, 6.232e-7, 5.403e-7
0.668, 6.109e-7, 5.403e-7, 6.232e-7, 5.433e-7
0.669, 6.139e-7, 5.403e-7, 6.232e-7, 5.433e-7
0.670, 6.109e-7, 5.433e-7, 6.232e-7, 5.433e-7
0.671, 6.139e-7, 5.403e-7, 6.232e-7, 5.433e-7
0.672, 6.139e-7, 5.433e-7, 6.232e-7, 5.433e-7
0.673, 6.139e-7, 5.433e-7, 6.232e-7, 5.433e-7
0.674, 6.139e-7, 5.433e-7, 6.232e-7, 5.433e-7
0.675, 6.170e-7, 5.433e-7, 6.232e-7, 5.433e-7
0.676, 6.170e-7, 5.433e-7, 6.232e-7, 5.433e-7
0.677, 6.170e-7, 5.433e-7, 6.232e-7, 5.433e-7
0.678, 6.201e-7, 5.433e-7, 6.262e-7, 5.433e-7
0.679, 6.201e-7, 5.433e-7, 6.232e-7, 5.433e-7
0.680, 6.201e-7, 5.433e-7, 6.262e-7, 5.433e-7
0.681, 6.232e-7, 5.433e-7, 6.262e-7, 5.433e-7
0.682, 6.232e-7, 5.433e-7, 6.262e-7, 5.433e-7
0.683, 6.232e-7, 5.433e-7, 6.262e-7, 5.433e-7
0.684, 6.262e-7, 5.464e-7, 6.262e-7, 5.433e-7
0.685, 6.262e-7, 5.464e-7, 6.262e-7, 5.433e-7
0.686, 6.293e-7, 5.464e-7, 6.262e-7, 5.464e-7
0.687, 6.293e-7, 5.464e-7, 6.262e-7, 5.433e-7
0.688, 6.324e-7, 5.464e-7, 6.262e-7, 5.464e-7
0.689, 6.324e-7, 5.464e-7, 6.262e-7, 5.464e-7
0.690, 6.324e-7, 5.464e-7, 6.262e-7, 5.464e-7
0.691, 6.354e-7, 5.464e-7, 6.293e-7, 5.464e-7
0.692, 6.354e-7, 5.464e-7, 6.293e-7, 5.464e-7
0.693, 6.385e-7, 5.495e-7, 6.293e-7, 5.464e-7
0.694, 6.385e-7, 5.464e-7, 6.293e-7, 5.464e-7
0.695, 6.416e-7, 5.495e-7, 6.293e-7, 5.464e-7
0.696, 6.416e-7, 5.495e-7, 6.293e-7, 5.495e-7
0.697, 6.416e-7, 5.495e-7, 6.293e-7, 5.495e-7
0.698, 6.447e-7, 5.495e-7, 6.293e-7, 5.495e-7
0.699, 6.477e-7, 5.495e-7, 6.293e-7, 5.495e-7
0.700, 6.477e-7, 5.525e-7, 6.324e-7, 5.495e-7
0.701, 6.508e-7, 5.525e-7, 6.324e-7, 5.495e-7
0.702, 6.539e-7, 5.525e-7, 6.324e-7, 5.495e-7
0.703, 6.539e-7, 5.525e-7, 6.324e-7, 5.525e-7
0.704, 6.569e-7, 5.525e-7, 6.324e-7, 5.525e-7
0.705, 6.600e-7, 5.556e-7, 6.324e-7, 5.525e-7
0.706, 6.600e-7, 5.556e-7, 6.354e-7, 5.525e-7
0.707, 6.631e-7, 5.556e-7, 6.354e-7, 5.556e-7
0.708, 6.631e-7, 5.556e-7, 6.354e-7, 5.556e-7
0.709, 6.661e-7, 5.556e-7, 6.354e-7, 5.556e-7
0.710, 6.692e-7, 5.587e-7, 6.385e-7, 5.556e-7
0.711, 6.723e-7, 5.587e-7, 6.385e-7, 5.556e-7
0.712, 6.754e-7, 5.587e-7, 6.385e-7, 5.587e-7
0.713, 6.754e-7, 5.617e-7, 6.385e-7, 5.587e-7
0.714, 6.784e-7, 5.617e-7, 6.416e-7, 5.587e-7
0.715, 6.815e-7, 5.617e-7, 6.416e-7, 5.587e-7
0.716, 6.846e-7, 5.617e-7, 6.416e-7, 5.618e-7
0.717, 6.876e-7, 5.648e-7, 6.416e-7, 5.618e-7
0.718, 6.907e-7, 5.648e-7, 6.447e-7, 5.618e-7
0.719, 6.938e-7, 5.648e-7, 6.447e-7, 5.648e-7
0.720, 6.969e-7, 5.679e-7, 6.447e-7, 5.648e-7
0.721, 6.999e-7, 5.679e-7, 6.477e-7, 5.648e-7
0.722, 7.030e-7, 5.710e-7, 6.477e-7, 5.679e-7
0.723, 7.061e-7, 5.710e-7, 6.477e-7, 5.679e-7
0.724, 7.091e-7, 5.710e-7, 6.508e-7, 5.710e-7
0.725, 7.122e-7, 5.740e-7, 6.508e-7, 5.710e-7
0.726, 7.183e-7, 5.740e-7, 6.508e-7, 5.710e-7
0.727, 7.183e-7, 5.771e-7, 6.539e-7, 5.740e-7
0.728, 7.245e-7, 5.771e-7, 6.569e-7, 5.740e-7
0.729, 7.276e-7, 5.771e-7, 6.569e-7, 5.740e-7
0.730, 7.306e-7, 5.802e-7, 6.569e-7, 5.771e-7
0.731, 7.368e-7, 5.802e-7, 6.600e-7, 5.771e-7
0.732, 7.398e-7, 5.832e-7, 6.600e-7, 5.802e-7
0.733, 7.429e-7, 5.832e-7, 6.631e-7, 5.832e-7
0.734, 7.490e-7, 5.863e-7, 6.631e-7, 5.832e-7
0.735, 7.521e-7, 5.894e-7, 6.661e-7, 5.863e-7
0.736, 7.583e-7, 5.894e-7, 6.661e-7, 5.863e-7
0.737, 7.613e-7, 5.894e-7, 6.692e-7, 5.863e-7
0.738, 7.675e-7, 5.925e-7, 6.692e-7, 5.894e-7
0.739, 7.736e-7, 5.955e-7, 6.723e-7, 5.925e-7
0.740, 7.767e-7, 5.955e-7, 6.754e-7, 5.925e-7
0.741, 7.828e-7, 5.986e-7, 6.754e-7, 5.955e-7
0.742, 7.890e-7, 6.017e-7, 6.784e-7, 5.986e-7
0.743, 7.951e-7, 6.047e-7, 6.784e-7, 5.986e-7
0.744, 8.012e-7, 6.047e-7, 6.815e-7, 6.017e-7
0.745, 8.074e-7, 6.078e-7, 6.846e-7, 6.047e-7
0.746, 8.105e-7, 6.109e-7, 6.846e-7, 6.078e-7
0.747, 8.197e-7, 6.109e-7, 6.907e-7, 6.109e-7
0.748, 8.258e-7, 6.139e-7, 6.907e-7, 6.109e-7
0.749, 8.320e-7, 6.170e-7, 6.938e-7, 6.139e-7
0.750, 8.381e-7, 6.201e-7, 6.969e-7, 6.170e-7
0.751, 8.442e-7, 6.232e-7, 6.969e-7, 6.201e-7
0.752, 8.534e-7, 6.262e-7, 6.999e-7, 6.232e-7
0.753, 8.596e-7, 6.293e-7, 7.030e-7, 6.262e-7
0.754, 8.657e-7, 6.324e-7, 7.061e-7, 6.262e-7
0.755, 8.749e-7, 6.354e-7, 7.091e-7, 6.324e-7
0.756, 8.842e-7, 6.385e-7, 7.122e-7, 6.324e-7
0.757, 8.934e-7, 6.416e-7, 7.153e-7, 6.385e-7
0.758, 8.995e-7, 6.447e-7, 7.183e-7, 6.416e-7
0.759, 9.087e-7, 6.477e-7, 7.214e-7, 6.447e-7
0.760, 9.179e-7, 6.508e-7, 7.245e-7, 6.477e-7
0.761, 9.271e-7, 6.539e-7, 7.276e-7, 6.508e-7
0.762, 9.363e-7, 6.600e-7, 7.306e-7, 6.539e-7
0.763, 9.486e-7, 6.631e-7, 7.368e-7, 6.600e-7
0.764, 9.578e-7, 6.661e-7, 7.398e-7, 6.631e-7
0.765, 9.671e-7, 6.692e-7, 7.429e-7, 6.661e-7
0.766, 9.793e-7, 6.754e-7, 7.491e-7, 6.723e-7
0.767, 9.916e-7, 6.784e-7, 7.521e-7, 6.754e-7
0.768, 1.004e-6, 6.846e-7, 7.552e-7, 6.784e-7
0.769, 1.016e-6, 6.907e-7, 7.613e-7, 6.846e-7
0.770, 1.028e-6, 6.938e-7, 7.644e-7, 6.876e-7
0.771, 1.041e-6, 6.969e-7, 7.705e-7, 6.938e-7
0.772, 1.056e-6, 7.030e-7, 7.736e-7, 6.999e-7
0.773, 1.068e-6, 7.091e-7, 7.798e-7, 7.030e-7
0.774, 1.084e-6, 7.122e-7, 7.859e-7, 7.091e-7
0.775, 1.099e-6, 7.183e-7, 7.890e-7, 7.153e-7
0.776, 1.111e-6, 7.245e-7, 7.951e-7, 7.214e-7
0.777, 1.127e-6, 7.306e-7, 8.012e-7, 7.276e-7
0.778, 1.142e-6, 7.368e-7, 8.074e-7, 7.337e-7
0.779, 1.157e-6, 7.429e-7, 8.135e-7, 7.368e-7
0.780, 1.173e-6, 7.491e-7, 8.197e-7, 7.460e-7
0.781, 1.188e-6, 7.552e-7, 8.258e-7, 7.521e-7
0.782, 1.207e-6, 7.644e-7, 8.320e-7, 7.583e-7
0.783, 1.222e-6, 7.705e-7, 8.381e-7, 7.644e-7
0.784, 1.240e-6, 7.767e-7, 8.442e-7, 7.736e-7
0.785, 1.259e-6, 7.859e-7, 8.504e-7, 7.798e-7
0.786, 1.277e-6, 7.920e-7, 8.565e-7, 7.859e-7
0.787, 1.296e-6, 8.012e-7, 8.657e-7, 7.951e-7
0.788, 1.317e-6, 8.105e-7, 8.719e-7, 8.043e-7
0.789, 1.336e-6, 8.166e-7, 8.811e-7, 8.105e-7
0.790, 1.354e-6, 8.258e-7, 8.903e-7, 8.197e-7
0.791, 1.375e-6, 8.350e-7, 8.964e-7, 8.289e-7
0.792, 1.397e-6, 8.442e-7, 9.056e-7, 8.381e-7
0.793, 1.418e-6, 8.534e-7, 9.149e-7, 8.473e-7
0.794, 1.443e-6, 8.627e-7, 9.241e-7, 8.565e-7
0.795, 1.468e-6, 8.719e-7, 9.333e-7, 8.657e-7
0.796, 1.492e-6, 8.811e-7, 9.425e-7, 8.780e-7
0.797, 1.517e-6, 8.934e-7, 9.548e-7, 8.872e-7
0.798, 1.541e-6, 9.026e-7, 9.609e-7, 8.964e-7
0.799, 1.569e-6, 9.149e-7, 9.732e-7, 9.087e-7
0.800, 1.597e-6, 9.271e-7, 9.855e-7, 9.210e-7
0.801, 1.624e-6, 9.364e-7, 9.947e-7, 9.302e-7
0.802, 1.652e-6, 9.486e-7, 1.007e-6, 9.425e-7
0.803, 1.682e-6, 9.609e-7, 1.016e-6, 9.548e-7
0.804, 1.710e-6, 9.732e-7, 1.028e-6, 9.701e-7
0.805, 1.741e-6, 9.885e-7, 1.044e-6, 9.824e-7
0.806, 1.772e-6, 1.001e-6, 1.056e-6, 9.947e-7
0.807, 1.805e-6, 1.016e-6, 1.068e-6, 1.007e-6
0.808, 1.839e-6, 1.028e-6, 1.081e-6, 1.022e-6
0.809, 1.873e-6, 1.044e-6, 1.096e-6, 1.038e-6
0.810, 1.907e-6, 1.059e-6, 1.108e-6, 1.053e-6
0.811, 1.943e-6, 1.075e-6, 1.124e-6, 1.068e-6
0.812, 1.980e-6, 1.090e-6, 1.139e-6, 1.084e-6
0.813, 2.017e-6, 1.105e-6, 1.154e-6, 1.099e-6
0.814, 2.054e-6, 1.124e-6, 1.170e-6, 1.114e-6
0.815, 2.094e-6, 1.139e-6, 1.185e-6, 1.133e-6
0.816, 2.134e-6, 1.157e-6, 1.203e-6, 1.148e-6
0.817, 2.174e-6, 1.176e-6, 1.219e-6, 1.170e-6
0.818, 2.214e-6, 1.194e-6, 1.237e-6, 1.185e-6
0.819, 2.257e-6, 1.213e-6, 1.256e-6, 1.207e-6
0.820, 2.303e-6, 1.231e-6, 1.274e-6, 1.225e-6
0.821, 2.349e-6, 1.253e-6, 1.293e-6, 1.243e-6
0.822, 2.395e-6, 1.271e-6, 1.311e-6, 1.265e-6
0.823, 2.441e-6, 1.293e-6, 1.332e-6, 1.286e-6
0.824, 2.487e-6, 1.314e-6, 1.351e-6, 1.305e-6
0.825, 2.533e-6, 1.336e-6, 1.372e-6, 1.329e-6
0.826, 2.585e-6, 1.357e-6, 1.394e-6, 1.351e-6
0.827, 2.634e-6, 1.382e-6, 1.415e-6, 1.372e-6
0.828, 2.687e-6, 1.403e-6, 1.437e-6, 1.394e-6
0.829, 2.739e-6, 1.428e-6, 1.461e-6, 1.418e-6
0.830, 2.791e-6, 1.452e-6, 1.483e-6, 1.443e-6
0.831, 2.843e-6, 1.477e-6, 1.507e-6, 1.468e-6
0.832, 2.898e-6, 1.501e-6, 1.529e-6, 1.492e-6
0.833, 2.954e-6, 1.526e-6, 1.557e-6, 1.520e-6
0.834, 3.012e-6, 1.554e-6, 1.581e-6, 1.544e-6
0.835, 3.067e-6, 1.581e-6, 1.606e-6, 1.572e-6
0.836, 3.126e-6, 1.609e-6, 1.633e-6, 1.600e-6
0.837, 3.184e-6, 1.633e-6, 1.658e-6, 1.624e-6
0.838, 3.242e-6, 1.664e-6, 1.686e-6, 1.655e-6
0.839, 3.304e-6, 1.692e-6, 1.713e-6, 1.682e-6
0.840, 3.365e-6, 1.722e-6, 1.744e-6, 1.710e-6
0.841, 3.427e-6, 1.750e-6, 1.772e-6, 1.741e-6
0.842, 3.488e-6, 1.781e-6, 1.799e-6, 1.772e-6
0.843, 3.552e-6, 1.811e-6, 1.830e-6, 1.802e-6
0.844, 3.614e-6, 1.842e-6, 1.861e-6, 1.833e-6
0.845, 3.678e-6, 1.873e-6, 1.891e-6, 1.864e-6
0.846, 3.746e-6, 1.907e-6, 1.922e-6, 1.894e-6
0.847, 3.810e-6, 1.937e-6, 1.953e-6, 1.928e-6
0.848, 3.878e-6, 1.971e-6, 1.983e-6, 1.959e-6
0.849, 3.945e-6, 2.005e-6, 2.017e-6, 1.993e-6
0.850, 4.013e-6, 2.039e-6, 2.051e-6, 2.026e-6
0.851, 4.084e-6, 2.072e-6, 2.082e-6, 2.060e-6
0.852, 4.154e-6, 2.106e-6, 2.118e-6, 2.094e-6
0.853, 4.225e-6, 2.140e-6, 2.152e-6, 2.128e-6
0.854, 4.299e-6, 2.177e-6, 2.186e-6, 2.161e-6
0.855, 4.369e-6, 2.211e-6, 2.220e-6, 2.198e-6
0.856, 4.443e-6, 2.247e-6, 2.257e-6, 2.235e-6
0.857, 4.517e-6, 2.284e-6, 2.290e-6, 2.269e-6
0.858, 4.593e-6, 2.321e-6, 2.330e-6, 2.306e-6
0.859, 4.673e-6, 2.358e-6, 2.367e-6, 2.346e-6
0.860, 4.750e-6, 2.398e-6, 2.404e-6, 2.383e-6
0.861, 4.830e-6, 2.435e-6, 2.441e-6, 2.419e-6
0.862, 4.910e-6, 2.475e-6, 2.478e-6, 2.456e-6
0.863, 4.989e-6, 2.512e-6, 2.518e-6, 2.496e-6
0.864, 5.072e-6, 2.551e-6, 2.555e-6, 2.533e-6
0.865, 5.155e-6, 2.591e-6, 2.594e-6, 2.573e-6
0.866, 5.238e-6, 2.628e-6, 2.634e-6, 2.613e-6
0.867, 5.324e-6, 2.668e-6, 2.674e-6, 2.653e-6
0.868, 5.410e-6, 2.708e-6, 2.714e-6, 2.693e-6
0.869, 5.496e-6, 2.751e-6, 2.754e-6, 2.733e-6
0.870, 5.585e-6, 2.791e-6, 2.794e-6, 2.773e-6
0.871, 5.677e-6, 2.834e-6, 2.837e-6, 2.815e-6
0.872, 5.766e-6, 2.874e-6, 2.880e-6, 2.855e-6
0.873, 5.861e-6, 2.917e-6, 2.920e-6, 2.898e-6
0.874, 5.954e-6, 2.960e-6, 2.963e-6, 2.941e-6
0.875, 6.049e-6, 3.003e-6, 3.006e-6, 2.984e-6
0.876, 6.144e-6, 3.043e-6, 3.049e-6, 3.024e-6
0.877, 6.242e-6, 3.089e-6, 3.092e-6, 3.070e-6
0.878, 6.343e-6, 3.132e-6, 3.138e-6, 3.113e-6
0.879, 6.442e-6, 3.178e-6, 3.181e-6, 3.156e-6
0.880, 6.546e-6, 3.221e-6, 3.227e-6, 3.202e-6
0.881, 6.647e-6, 3.267e-6, 3.273e-6, 3.248e-6
0.882, 6.752e-6, 3.313e-6, 3.319e-6, 3.294e-6
0.883, 6.859e-6, 3.359e-6, 3.365e-6, 3.341e-6
0.884, 6.970e-6, 3.405e-6, 3.414e-6, 3.387e-6
0.885, 7.080e-6, 3.454e-6, 3.460e-6, 3.436e-6
0.886, 7.194e-6, 3.503e-6, 3.509e-6, 3.482e-6
0.887, 7.308e-6, 3.549e-6, 3.559e-6, 3.531e-6
0.888, 7.424e-6, 3.598e-6, 3.608e-6, 3.580e-6
0.889, 7.544e-6, 3.648e-6, 3.657e-6, 3.629e-6
0.890, 7.667e-6, 3.700e-6, 3.709e-6, 3.681e-6
0.891, 7.793e-6, 3.752e-6, 3.761e-6, 3.731e-6
0.892, 7.919e-6, 3.804e-6, 3.813e-6, 3.783e-6
0.893, 8.048e-6, 3.856e-6, 3.869e-6, 3.838e-6
0.894, 8.180e-6, 3.912e-6, 3.924e-6, 3.890e-6
0.895, 8.312e-6, 3.964e-6, 3.979e-6, 3.945e-6
0.896, 8.450e-6, 4.022e-6, 4.038e-6, 4.001e-6
0.897, 8.594e-6, 4.081e-6, 4.093e-6, 4.059e-6
0.898, 8.738e-6, 4.136e-6, 4.154e-6, 4.117e-6
0.899, 8.889e-6, 4.197e-6, 4.213e-6, 4.176e-6
0.900, 9.033e-6, 4.237e-6, 4.234e-6, 4.173e-6
0.899, 8.864e-6, 4.167e-6, 4.148e-6, 4.081e-6
0.898, 8.573e-6, 4.059e-6, 4.038e-6, 3.970e-6
0.897, 8.266e-6, 3.949e-6, 3.924e-6, 3.859e-6
0.896, 7.965e-6, 3.838e-6, 3.813e-6, 3.752e-6
0.895, 7.670e-6, 3.731e-6, 3.706e-6, 3.648e-6
0.894, 7.391e-6, 3.629e-6, 3.605e-6, 3.546e-6
0.893, 7.123e-6, 3.531e-6, 3.506e-6, 3.451e-6
0.892, 6.865e-6, 3.436e-6, 3.411e-6, 3.359e-6
0.891, 6.620e-6, 3.344e-6, 3.319e-6, 3.267e-6
0.890, 6.380e-6, 3.255e-6, 3.230e-6, 3.181e-6
0.889, 6.150e-6, 3.169e-6, 3.144e-6, 3.098e-6
0.888, 5.932e-6, 3.086e-6, 3.061e-6, 3.015e-6
0.887, 5.720e-6, 3.006e-6, 2.978e-6, 2.938e-6
0.886, 5.514e-6, 2.929e-6, 2.901e-6, 2.862e-6
0.885, 5.318e-6, 2.852e-6, 2.828e-6, 2.788e-6
0.884, 5.128e-6, 2.782e-6, 2.754e-6, 2.714e-6
0.883, 4.943e-6, 2.708e-6, 2.683e-6, 2.644e-6
0.882, 4.768e-6, 2.637e-6, 2.613e-6, 2.579e-6
0.881, 4.596e-6, 2.573e-6, 2.548e-6, 2.512e-6
0.880, 4.431e-6, 2.508e-6, 2.484e-6, 2.450e-6
0.879, 4.271e-6, 2.444e-6, 2.419e-6, 2.386e-6
0.878, 4.117e-6, 2.386e-6, 2.358e-6, 2.327e-6
0.877, 3.967e-6, 2.324e-6, 2.300e-6, 2.269e-6
0.876, 3.823e-6, 2.266e-6, 2.241e-6, 2.211e-6
0.875, 3.684e-6, 2.211e-6, 2.183e-6, 2.155e-6
0.874, 3.549e-6, 2.155e-6, 2.131e-6, 2.103e-6
0.873, 3.420e-6, 2.103e-6, 2.079e-6, 2.051e-6
0.872, 3.294e-6, 2.051e-6, 2.026e-6, 1.999e-6
0.871, 3.172e-6, 1.999e-6, 1.974e-6, 1.950e-6
0.870, 3.052e-6, 1.950e-6, 1.925e-6, 1.904e-6
0.869, 2.935e-6, 1.904e-6, 1.879e-6, 1.854e-6
0.868, 2.825e-6, 1.854e-6, 1.833e-6, 1.808e-6
0.867, 2.717e-6, 1.811e-6, 1.787e-6, 1.765e-6
0.866, 2.613e-6, 1.765e-6, 1.744e-6, 1.722e-6
0.865, 2.512e-6, 1.722e-6, 1.698e-6, 1.679e-6
0.864, 2.413e-6, 1.682e-6, 1.658e-6, 1.639e-6
0.863, 2.318e-6, 1.639e-6, 1.615e-6, 1.600e-6
0.862, 2.226e-6, 1.600e-6, 1.575e-6, 1.560e-6
0.861, 2.137e-6, 1.560e-6, 1.535e-6, 1.520e-6
0.860, 2.048e-6, 1.523e-6, 1.498e-6, 1.483e-6
0.859, 1.965e-6, 1.486e-6, 1.461e-6, 1.446e-6
0.858, 1.882e-6, 1.449e-6, 1.425e-6, 1.409e-6
0.857, 1.802e-6, 1.412e-6, 1.388e-6, 1.375e-6
0.856, 1.725e-6, 1.379e-6, 1.354e-6, 1.342e-6
0.855, 1.652e-6, 1.345e-6, 1.320e-6, 1.308e-6
0.854, 1.578e-6, 1.311e-6, 1.286e-6, 1.274e-6
0.853, 1.507e-6, 1.277e-6, 1.253e-6, 1.243e-6
0.852, 1.437e-6, 1.246e-6, 1.222e-6, 1.213e-6
0.851, 1.369e-6, 1.216e-6, 1.188e-6, 1.182e-6
0.850, 1.305e-6, 1.185e-6, 1.160e-6, 1.151e-6
0.849, 1.240e-6, 1.154e-6, 1.130e-6, 1.124e-6
0.848, 1.182e-6, 1.127e-6, 1.102e-6, 1.096e-6
0.847, 1.121e-6, 1.099e-6, 1.071e-6, 1.068e-6
0.846, 1.062e-6, 1.071e-6, 1.044e-6, 1.041e-6
0.845, 1.004e-6, 1.044e-6, 1.016e-6, 1.013e-6
0.844, 9.486e-7, 1.016e-6, 9.916e-7, 9.885e-7
0.843, 8.964e-7, 9.916e-7, 9.671e-7, 9.640e-7
0.842, 8.442e-7, 9.671e-7, 9.394e-7, 9.394e-7
0.841, 7.951e-7, 9.425e-7, 9.179e-7, 9.149e-7
0.840, 7.429e-7, 9.179e-7, 8.934e-7, 8.934e-7
0.839, 6.969e-7, 8.964e-7, 8.688e-7, 8.688e-7
0.838, 6.477e-7, 8.719e-7, 8.473e-7, 8.473e-7
0.837, 6.047e-7, 8.504e-7, 8.258e-7, 8.258e-7
0.836, 5.617e-7, 8.289e-7, 8.043e-7, 8.043e-7
0.835, 5.188e-7, 8.074e-7, 7.828e-7, 7.828e-7
0.834, 4.758e-7, 7.890e-7, 7.613e-7, 7.644e-7
0.833, 4.359e-7, 7.675e-7, 7.398e-7, 7.429e-7
0.832, 3.959e-7, 7.490e-7, 7.214e-7, 7.245e-7
0.831, 3.591e-7, 7.276e-7, 7.030e-7, 7.061e-7
0.830, 3.223e-7, 7.122e-7, 6.846e-7, 6.876e-7
0.829, 2.854e-7, 6.907e-7, 6.661e-7, 6.692e-7
0.828, 2.516e-7, 6.754e-7, 6.508e-7, 6.539e-7
0.827, 2.179e-7, 6.569e-7, 6.324e-7, 6.354e-7
0.826, 1.841e-7, 6.416e-7, 6.170e-7, 6.201e-7
0.825, 1.503e-7, 6.262e-7, 5.986e-7, 6.047e-7
0.824, 1.196e-7, 6.078e-7, 5.863e-7, 5.894e-7
0.823, 8.889e-8, 5.925e-7, 5.679e-7, 5.740e-7
0.822, 6.126e-8, 5.802e-7, 5.556e-7, 5.587e-7
0.821, 3.055e-8, 5.648e-7, 5.403e-7, 5.464e-7
0.820, 2.918e-9, 5.495e-7, 5.280e-7, 5.310e-7
0.819, -2.472e-8, 5.372e-7, 5.126e-7, 5.188e-7
0.818, -4.928e-8, 5.218e-7, 5.003e-7, 5.034e-7
0.817, -7.691e-8, 5.096e-7, 4.881e-7, 4.911e-7
0.816, -1.015e-7, 4.973e-7, 4.758e-7, 4.788e-7
0.815, -1.230e-7, 4.850e-7, 4.635e-7, 4.666e-7
0.814, -1.475e-7, 4.727e-7, 4.512e-7, 4.574e-7
0.813, -1.690e-7, 4.604e-7, 4.389e-7, 4.451e-7
0.812, -1.936e-7, 4.512e-7, 4.297e-7, 4.328e-7
0.811, -2.120e-7, 4.389e-7, 4.205e-7, 4.236e-7
0.810, -2.335e-7, 4.297e-7, 4.082e-7, 4.113e-7
0.809, -2.550e-7, 4.174e-7, 3.990e-7, 4.021e-7
0.808, -2.734e-7, 4.082e-7, 3.898e-7, 3.929e-7
0.807, -2.918e-7, 3.990e-7, 3.806e-7, 3.837e-7
0.806, -3.103e-7, 3.898e-7, 3.714e-7, 3.744e-7
0.805, -3.287e-7, 3.806e-7, 3.622e-7, 3.652e-7
0.804, -3.440e-7, 3.714e-7, 3.560e-7, 3.560e-7
0.803, -3.594e-7, 3.622e-7, 3.468e-7, 3.468e-7
0.802, -3.748e-7, 3.530e-7, 3.407e-7, 3.407e-7
0.801, -3.901e-7, 3.468e-7, 3.315e-7, 3.315e-7
0.800, -4.055e-7, 3.376e-7, 3.223e-7, 3.223e-7
0.799, -4.208e-7, 3.315e-7, 3.161e-7, 3.161e-7
0.798, -4.331e-7, 3.223e-7, 3.100e-7, 3.100e-7
0.797, -4.484e-7, 3.161e-7, 3.038e-7, 3.008e-7
0.796, -4.607e-7, 3.069e-7, 2.946e-7, 2.946e-7
0.795, -4.730e-7, 3.008e-7, 2.885e-7, 2.885e-7
0.794, -4.853e-7, 2.946e-7, 2.823e-7, 2.823e-7
0.793, -4.976e-7, 2.885e-7, 2.762e-7, 2.731e-7
0.792, -5.068e-7, 2.823e-7, 2.701e-7, 2.670e-7
0.791, -5.191e-7, 2.762e-7, 2.639e-7, 2.608e-7
0.790, -5.283e-7, 2.701e-7, 2.608e-7, 2.547e-7
0.789, -5.375e-7, 2.639e-7, 2.547e-7, 2.516e-7
0.788, -5.467e-7, 2.547e-7, 2.486e-7, 2.424e-7
0.787, -5.559e-7, 2.516e-7, 2.424e-7, 2.393e-7
0.786, -5.651e-7, 2.455e-7, 2.393e-7, 2.332e-7
0.785, -5.713e-7, 2.393e-7, 2.332e-7, 2.271e-7
0.784, -5.805e-7, 2.363e-7, 2.301e-7, 2.240e-7
0.783, -5.866e-7, 2.301e-7, 2.240e-7, 2.179e-7
0.782, -5.928e-7, 2.271e-7, 2.209e-7, 2.117e-7
0.781, -6.020e-7, 2.209e-7, 2.148e-7, 2.086e-7
0.780, -6.081e-7, 2.148e-7, 2.117e-7, 2.025e-7
0.779, -6.143e-7, 2.117e-7, 2.086e-7, 1.994e-7
0.778, -6.173e-7, 2.056e-7, 2.025e-7, 1.933e-7
0.777, -6.235e-7, 2.025e-7, 1.994e-7, 1.902e-7
0.776, -6.265e-7, 1.964e-7, 1.964e-7, 1.841e-7
0.775, -6.327e-7, 1.933e-7, 1.933e-7, 1.810e-7
0.774, -6.357e-7, 1.871e-7, 1.871e-7, 1.779e-7
0.773, -6.419e-7, 1.841e-7, 1.841e-7, 1.718e-7
0.772, -6.450e-7, 1.810e-7, 1.810e-7, 1.687e-7
0.771, -6.480e-7, 1.779e-7, 1.779e-7, 1.657e-7
0.770, -6.511e-7, 1.749e-7, 1.749e-7, 1.595e-7
0.769, -6.542e-7, 1.687e-7, 1.718e-7, 1.564e-7
0.768, -6.572e-7, 1.657e-7, 1.687e-7, 1.534e-7
0.767, -6.603e-7, 1.626e-7, 1.626e-7, 1.503e-7
0.766, -6.634e-7, 1.595e-7, 1.626e-7, 1.472e-7
0.765, -6.634e-7, 1.564e-7, 1.564e-7, 1.411e-7
0.764, -6.634e-7, 1.503e-7, 1.564e-7, 1.380e-7
0.763, -6.665e-7, 1.503e-7, 1.534e-7, 1.350e-7
0.762, -6.665e-7, 1.442e-7, 1.503e-7, 1.319e-7
0.761, -6.665e-7, 1.411e-7, 1.472e-7, 1.288e-7
0.760, -6.665e-7, 1.380e-7, 1.442e-7, 1.257e-7
0.759, -6.695e-7, 1.350e-7, 1.411e-7, 1.227e-7
0.758, -6.695e-7, 1.319e-7, 1.380e-7, 1.227e-7
0.757, -6.695e-7, 1.319e-7, 1.380e-7, 1.196e-7
0.756, -6.695e-7, 1.288e-7, 1.350e-7, 1.135e-7
0.755, -6.665e-7, 1.227e-7, 1.319e-7, 1.135e-7
0.754, -6.665e-7, 1.196e-7, 1.288e-7, 1.104e-7
0.753, -6.665e-7, 1.196e-7, 1.257e-7, 1.073e-7
0.752, -6.665e-7, 1.165e-7, 1.257e-7, 1.042e-7
0.751, -6.634e-7, 1.135e-7, 1.227e-7, 1.012e-7
0.750, -6.634e-7, 1.104e-7, 1.196e-7, 1.012e-7
0.749, -6.634e-7, 1.073e-7, 1.196e-7, 9.811e-8
0.748, -6.603e-7, 1.073e-7, 1.165e-7, 9.503e-8
0.747, -6.572e-7, 1.042e-7, 1.135e-7, 9.196e-8
0.746, -6.572e-7, 1.012e-7, 1.104e-7, 8.889e-8
0.745, -6.542e-7, 9.810e-8, 1.104e-7, 8.889e-8
0.744, -6.511e-7, 9.810e-8, 1.073e-7, 8.582e-8
0.743, -6.480e-7, 9.503e-8, 1.042e-7, 8.275e-8
0.742, -6.480e-7, 9.196e-8, 1.042e-7, 7.968e-8
0.741, -6.450e-7, 9.196e-8, 1.012e-7, 7.968e-8
0.740, -6.419e-7, 8.889e-8, 1.012e-7, 7.661e-8
0.739, -6.388e-7, 8.582e-8, 9.811e-8, 7.661e-8
0.738, -6.357e-7, 8.582e-8, 9.811e-8, 7.354e-8
0.737, -6.327e-7, 8.275e-8, 9.503e-8, 7.047e-8
0.736, -6.296e-7, 7.968e-8, 9.503e-8, 6.740e-8
0.735, -6.265e-7, 7.968e-8, 9.196e-8, 6.740e-8
0.734, -6.235e-7, 7.661e-8, 9.196e-8, 6.433e-8
0.733, -6.204e-7, 7.661e-8, 8.889e-8, 6.126e-8
0.732, -6.173e-7, 7.354e-8, 8.889e-8, 6.126e-8
0.731, -6.143e-7, 7.047e-8, 8.582e-8, 5.819e-8
0.730, -6.081e-7, 7.047e-8, 8.582e-8, 5.819e-8
0.729, -6.081e-7, 6.740e-8, 8.275e-8, 5.512e-8
0.728, -6.020e-7, 6.740e-8, 8.275e-8, 5.512e-8
0.727, -5.989e-7, 6.433e-8, 7.968e-8, 5.205e-8
0.726, -5.958e-7, 6.433e-8, 7.968e-8, 5.205e-8
0.725, -5.897e-7, 6.126e-8, 7.968e-8, 4.898e-8
0.724, -5.866e-7, 6.126e-8, 7.661e-8, 4.898e-8
0.723, -5.835e-7, 5.819e-8, 7.661e-8, 4.591e-8
0.722, -5.805e-7, 5.819e-8, 7.354e-8, 4.591e-8
0.721, -5.743e-7, 5.512e-8, 7.354e-8, 4.591e-8
0.720, -5.713e-7, 5.512e-8, 7.354e-8, 4.284e-8
0.719, -5.682e-7, 5.512e-8, 7.354e-8, 4.284e-8
0.718, -5.621e-7, 5.205e-8, 7.047e-8, 3.977e-8
0.717, -5.590e-7, 5.205e-8, 6.740e-8, 3.670e-8
0.716, -5.559e-7, 4.898e-8, 6.740e-8, 3.670e-8
0.715, -5.498e-7, 4.898e-8, 6.740e-8, 3.670e-8
0.714, -5.467e-7, 4.591e-8, 6.740e-8, 3.670e-8
0.713, -5.436e-7, 4.591e-8, 6.433e-8, 3.362e-8
0.712, -5.375e-7, 4.591e-8, 6.433e-8, 3.362e-8
0.711, -5.344e-7, 4.284e-8, 6.433e-8, 3.055e-8
0.710, -5.313e-7, 4.284e-8, 6.433e-8, 3.055e-8
0.709, -5.252e-7, 4.284e-8, 6.126e-8, 3.055e-8
0.708, -5.221e-7, 3.976e-8, 6.126e-8, 2.748e-8
0.707, -5.160e-7, 3.976e-8, 5.819e-8, 2.748e-8
0.706, -5.129e-7, 3.976e-8, 5.819e-8, 2.748e-8
0.705, -5.099e-7, 3.976e-8, 5.819e-8, 2.748e-8
0.704, -5.037e-7, 3.669e-8, 5.819e-8, 2.441e-8
0.703, -5.006e-7, 3.669e-8, 5.819e-8, 2.441e-8
0.702, -4.945e-7, 3.669e-8, 5.819e-8, 2.441e-8
0.701, -4.914e-7, 3.362e-8, 5.512e-8, 2.134e-8
0.700, -4.884e-7, 3.362e-8, 5.512e-8, 2.134e-8
0.699, -4.853e-7, 3.362e-8, 5.512e-8, 2.134e-8
0.698, -4.822e-7, 3.362e-8, 5.512e-8, 2.134e-8
0.697, -4.761e-7, 3.055e-8, 5.512e-8, 1.827e-8
0.696, -4.730e-7, 3.055e-8, 5.512e-8, 1.827e-8
0.695, -4.669e-7, 3.055e-8, 5.512e-8, 1.827e-8
0.694, -4.638e-7, 3.055e-8, 5.205e-8, 1.827e-8
0.693, -4.607e-7, 3.055e-8, 5.205e-8, 1.827e-8
0.692, -4.577e-7, 2.748e-8, 5.205e-8, 1.520e-8
0.691, -4.515e-7, 2.748e-8, 5.205e-8, 1.520e-8
0.690, -4.484e-7, 2.748e-8, 5.205e-8, 1.520e-8
0.689, -4.454e-7, 2.748e-8, 5.205e-8, 1.520e-8
0.688, -4.423e-7, 2.748e-8, 5.205e-8, 1.520e-8
0.687, -4.362e-7, 2.748e-8, 5.205e-8, 1.520e-8
0.686, -4.331e-7, 2.748e-8, 4.898e-8, 1.213e-8
0.685, -4.300e-7, 2.441e-8, 4.898e-8, 1.213e-8
0.684, -4.270e-7, 2.441e-8, 4.898e-8, 1.213e-8
0.683, -4.208e-7, 2.441e-8, 4.898e-8, 1.213e-8
0.682, -4.177e-7, 2.441e-8, 4.898e-8, 1.213e-8
0.681, -4.147e-7, 2.441e-8, 4.898e-8, 1.213e-8
0.680, -4.085e-7, 2.441e-8, 4.898e-8, 1.213e-8
0.679, -4.055e-7, 2.441e-8, 4.898e-8, 9.061e-9
0.678, -4.024e-7, 2.441e-8, 4.898e-8, 9.061e-9
0.677, -3.993e-7, 2.441e-8, 4.898e-8, 9.061e-9
0.676, -3.962e-7, 2.441e-8, 4.898e-8, 9.061e-9
0.675, -3.932e-7, 2.441e-8, 4.898e-8, 9.061e-9
0.674, -3.901e-7, 2.134e-8, 4.898e-8, 9.061e-9
0.673, -3.840e-7, 2.134e-8, 4.898e-8, 9.061e-9
0.672, -3.840e-7, 2.134e-8, 4.898e-8, 9.061e-9
0.671, -3.778e-7, 2.134e-8, 4.898e-8, 9.061e-9
0.670, -3.748e-7, 2.134e-8, 4.898e-8, 9.061e-9
0.669, -3.717e-7, 2.134e-8, 4.898e-8, 9.061e-9
0.668, -3.686e-7, 2.134e-8, 4.898e-8, 9.061e-9
0.667, -3.655e-7, 2.134e-8, 4.898e-8, 9.061e-9
0.666, -3.625e-7, 2.134e-8, 4.898e-8, 5.990e-9
0.665, -3.594e-7, 2.134e-8, 4.898e-8, 5.990e-9
0.664, -3.563e-7, 2.134e-8, 4.898e-8, 9.061e-9
0.663, -3.533e-7, 2.134e-8, 4.898e-8, 9.061e-9
0.662, -3.502e-7, 2.134e-8, 4.898e-8, 9.061e-9
0.661, -3.471e-7, 2.134e-8, 4.898e-8, 5.990e-9
0.660, -3.440e-7, 2.134e-8, 4.898e-8, 9.061e-9
0.659, -3.410e-7, 2.134e-8, 4.898e-8, 5.990e-9
0.658, -3.379e-7, 2.134e-8, 4.898e-8, 9.061e-9
0.657, -3.348e-7, 2.134e-8, 4.898e-8, 9.061e-9
0.656, -3.318e-7, 2.134e-8, 4.898e-8, 9.061e-9
0.655, -3.318e-7, 2.134e-8, 5.205e-8, 5.990e-9
0.654, -3.287e-7, 2.134e-8, 5.205e-8, 9.061e-9
0.653, -3.256e-7, 2.134e-8, 5.205e-8, 5.990e-9
0.652, -3.226e-7, 2.134e-8, 5.205e-8, 9.061e-9
0.651, -3.195e-7, 2.134e-8, 5.205e-8, 9.061e-9
0.650, -3.164e-7, 2.441e-8, 5.205e-8, 9.061e-9
0.649, -3.133e-7, 2.134e-8, 5.205e-8, 9.061e-9
0.648, -3.103e-7, 2.441e-8, 5.205e-8, 9.061e-9
0.647, -3.103e-7, 2.441e-8, 5.512e-8, 9.061e-9
0.646, -3.072e-7, 2.441e-8, 5.512e-8, 9.061e-9
0.645, -3.041e-7, 2.441e-8, 5.512e-8, 9.061e-9
0.644, -3.011e-7, 2.441e-8, 5.512e-8, 9.061e-9
0.643, -3.011e-7, 2.441e-8, 5.512e-8, 9.061e-9
0.642, -2.980e-7, 2.441e-8, 5.512e-8, 9.061e-9
0.641, -2.949e-7, 2.441e-8, 5.512e-8, 9.061e-9
0.640, -2.949e-7, 2.441e-8, 5.512e-8, 9.061e-9
0.639, -2.918e-7, 2.441e-8, 5.819e-8, 1.213e-8
0.638, -2.888e-7, 2.441e-8, 5.819e-8, 1.213e-8
0.637, -2.857e-7, 2.441e-8, 5.819e-8, 1.213e-8
0.636, -2.857e-7, 2.748e-8, 5.819e-8, 1.213e-8
0.635, -2.826e-7, 2.748e-8, 5.819e-8, 1.213e-8
0.634, -2.796e-7, 2.748e-8, 5.819e-8, 1.213e-8
0.633, -2.765e-7, 2.748e-8, 5.819e-8, 1.213e-8
0.632, -2.765e-7, 2.748e-8, 5.819e-8, 1.213e-8
0.631, -2.734e-7, 2.748e-8, 5.819e-8, 1.213e-8
0.630, -2.704e-7, 2.748e-8, 6.126e-8, 1.213e-8
0.629, -2.704e-7, 2.748e-8, 6.126e-8, 1.213e-8
0.628, -2.673e-7, 2.748e-8, 6.126e-8, 1.520e-8
0.627, -2.673e-7, 2.748e-8, 6.126e-8, 1.213e-8
0.626, -2.642e-7, 2.748e-8, 6.433e-8, 1.520e-8
0.625, -2.611e-7, 3.055e-8, 6.433e-8, 1.520e-8
0.624, -2.611e-7, 3.055e-8, 6.433e-8, 1.520e-8
0.623, -2.581e-7, 3.055e-8, 6.433e-8, 1.520e-8
0.622, -2.581e-7, 3.055e-8, 6.433e-8, 1.520e-8
0.621, -2.550e-7, 3.055e-8, 6.433e-8, 1.520e-8
0.620, -2.550e-7, 3.055e-8, 6.433e-8, 1.520e-8
0.619, -2.519e-7, 3.055e-8, 6.740e-8, 1.520e-8
0.618, -2.489e-7, 3.055e-8, 6.740e-8, 1.827e-8
0.617, -2.489e-7, 3.055e-8, 6.740e-8, 1.520e-8
0.616, -2.458e-7, 3.362e-8, 7.047e-8, 1.827e-8
0.615, -2.458e-7, 3.362e-8, 6.740e-8, 1.520e-8
0.614, -2.458e-7, 3.362e-8, 7.047e-8, 1.827e-8
0.613, -2.427e-7, 3.362e-8, 7.047e-8, 1.827e-8
0.612, -2.397e-7, 3.362e-8, 7.047e-8, 1.827e-8
0.611, -2.397e-7, 3.362e-8, 7.354e-8, 1.827e-8
0.610, -2.366e-7, 3.362e-8, 7.354e-8, 1.827e-8
0.609, -2.366e-7, 3.362e-8, 7.354e-8, 1.827e-8
0.608, -2.335e-7, 3.362e-8, 7.354e-8, 1.827e-8
0.607, -2.335e-7, 3.362e-8, 7.354e-8, 2.134e-8
0.606, -2.304e-7, 3.362e-8, 7.661e-8, 2.134e-8
0.605, -2.304e-7, 3.669e-8, 7.661e-8, 2.134e-8
0.604, -2.274e-7, 3.669e-8, 7.661e-8, 2.134e-8
0.603, -2.274e-7, 3.669e-8, 7.661e-8, 2.134e-8
0.602, -2.243e-7, 3.669e-8, 7.661e-8, 2.134e-8
0.601, -2.243e-7, 3.977e-8, 7.968e-8, 2.134e-8
0.600, -2.212e-7, 3.669e-8, 7.968e-8, 2.441e-8
0.599, -2.212e-7, 3.669e-8, 7.968e-8, 2.441e-8
0.598, -2.212e-7, 3.977e-8, 7.968e-8, 2.441e-8
0.597, -2.182e-7, 3.977e-8, 8.275e-8, 2.441e-8
0.596, -2.182e-7, 3.977e-8, 7.968e-8, 2.441e-8
0.595, -2.151e-7, 3.977e-8, 8.275e-8, 2.441e-8
0.594, -2.151e-7, 3.977e-8, 8.275e-8, 2.441e-8
0.593, -2.120e-7, 3.977e-8, 8.275e-8, 2.441e-8
0.592, -2.120e-7, 3.977e-8, 8.275e-8, 2.441e-8
0.591, -2.120e-7, 4.284e-8, 8.582e-8, 2.748e-8
0.590, -2.089e-7, 4.284e-8, 8.582e-8, 2.748e-8
0.589, -2.089e-7, 4.284e-8, 8.582e-8, 2.748e-8
0.588, -2.089e-7, 4.284e-8, 8.582e-8, 2.748e-8
0.587, -2.059e-7, 4.284e-8, 8.582e-8, 2.748e-8
0.586, -2.059e-7, 4.284e-8, 8.889e-8, 2.748e-8
0.585, -2.028e-7, 4.284e-8, 8.889e-8, 2.748e-8
0.584, -2.028e-7, 4.591e-8, 8.889e-8, 2.748e-8
0.583, -2.028e-7, 4.284e-8, 8.889e-8, 2.748e-8
0.582, -1.997e-7, 4.591e-8, 9.196e-8, 2.748e-8
0.581, -1.997e-7, 4.591e-8, 9.196e-8, 3.055e-8
0.580, -1.967e-7, 4.591e-8, 9.196e-8, 3.055e-8
0.579, -1.967e-7, 4.591e-8, 9.196e-8, 3.055e-8
0.578, -1.967e-7, 4.591e-8, 9.196e-8, 3.055e-8
0.577, -1.936e-7, 4.591e-8, 9.196e-8, 3.055e-8
0.576, -1.936e-7, 4.591e-8, 9.504e-8, 3.055e-8
0.575, -1.936e-7, 4.591e-8, 9.504e-8, 3.055e-8
0.574, -1.905e-7, 4.898e-8, 9.504e-8, 3.055e-8
0.573, -1.905e-7, 4.898e-8, 9.811e-8, 3.055e-8
0.572, -1.905e-7, 4.898e-8, 9.811e-8, 3.362e-8
0.571, -1.875e-7, 4.898e-8, 9.811e-8, 3.362e-8
0.570, -1.875e-7, 4.898e-8, 9.811e-8, 3.362e-8
0.569, -1.875e-7, 4.898e-8, 9.811e-8, 3.362e-8
0.568, -1.844e-7, 5.205e-8, 1.012e-7, 3.362e-8
0.567, -1.844e-7, 4.898e-8, 1.012e-7, 3.362e-8
0.566, -1.844e-7, 5.205e-8, 1.012e-7, 3.362e-8
0.565, -1.813e-7, 5.205e-8, 1.042e-7, 3.362e-8
0.564, -1.813e-7, 5.205e-8, 1.042e-7, 3.362e-8
0.563, -1.813e-7, 5.205e-8, 1.042e-7, 3.362e-8
0.562, -1.813e-7, 5.205e-8, 1.042e-7, 3.670e-8
0.561, -1.782e-7, 5.205e-8, 1.042e-7, 3.670e-8
0.560, -1.782e-7, 5.205e-8, 1.042e-7, 3.670e-8
0.559, -1.752e-7, 5.205e-8, 1.073e-7, 3.670e-8
0.558, -1.752e-7, 5.512e-8, 1.073e-7, 3.670e-8
0.557, -1.752e-7, 5.512e-8, 1.073e-7, 3.670e-8
0.556, -1.752e-7, 5.512e-8, 1.073e-7, 3.670e-8
0.555, -1.721e-7, 5.512e-8, 1.104e-7, 3.977e-8
0.554, -1.721e-7, 5.512e-8, 1.104e-7, 3.977e-8
0.553, -1.721e-7, 5.512e-8, 1.104e-7, 3.977e-8
0.552, -1.721e-7, 5.512e-8, 1.104e-7, 3.977e-8
0.551, -1.690e-7, 5.819e-8, 1.104e-7, 3.977e-8
0.550, -1.690e-7, 5.819e-8, 1.135e-7, 3.977e-8
0.549, -1.690e-7, 5.819e-8, 1.135e-7, 3.977e-8
0.548, -1.690e-7, 5.819e-8, 1.135e-7, 3.977e-8
0.547, -1.660e-7, 5.819e-8, 1.135e-7, 3.977e-8
0.546, -1.660e-7, 5.819e-8, 1.165e-7, 4.284e-8
0.545, -1.660e-7, 5.819e-8, 1.165e-7, 4.284e-8
0.544, -1.660e-7, 5.819e-8, 1.165e-7, 4.284e-8
0.543, -1.629e-7, 5.819e-8, 1.165e-7, 4.284e-8
0.542, -1.629e-7, 5.819e-8, 1.196e-7, 4.284e-8
0.541, -1.629e-7, 5.819e-8, 1.196e-7, 4.284e-8
0.540, -1.629e-7, 6.126e-8, 1.196e-7, 4.284e-8
0.539, -1.598e-7, 6.126e-8, 1.196e-7, 4.284e-8
0.538, -1.598e-7, 6.126e-8, 1.196e-7, 4.591e-8
0.537, -1.598e-7, 6.126e-8, 1.227e-7, 4.591e-8
0.536, -1.567e-7, 6.433e-8, 1.227e-7, 4.591e-8
0.535, -1.598e-7, 6.433e-8, 1.227e-7, 4.591e-8
0.534, -1.567e-7, 6.433e-8, 1.227e-7, 4.591e-8
0.533, -1.567e-7, 6.433e-8, 1.257e-7, 4.591e-8
0.532, -1.567e-7, 6.433e-8, 1.257e-7, 4.591e-8
0.531, -1.567e-7, 6.433e-8, 1.257e-7, 4.591e-8
0.530, -1.567e-7, 6.433e-8, 1.257e-7, 4.898e-8
0.529, -1.537e-7, 6.433e-8, 1.288e-7, 4.898e-8
0.528, -1.537e-7, 6.740e-8, 1.288e-7, 4.898e-8
0.527, -1.537e-7, 6.740e-8, 1.288e-7, 4.898e-8
0.526, -1.537e-7, 6.740e-8, 1.319e-7, 4.898e-8
0.525, -1.537e-7, 6.740e-8, 1.288e-7, 4.898e-8
0.524, -1.537e-7, 6.740e-8, 1.319e-7, 4.898e-8
0.523, -1.506e-7, 6.740e-8, 1.319e-7, 5.205e-8
0.522, -1.506e-7, 6.740e-8, 1.319e-7, 5.205e-8
0.521, -1.506e-7, 6.740e-8, 1.319e-7, 5.205e-8
0.520, -1.506e-7, 6.740e-8, 1.350e-7, 5.205e-8
0.519, -1.506e-7, 7.047e-8, 1.350e-7, 5.205e-8
0.518, -1.506e-7, 7.047e-8, 1.350e-7, 5.205e-8
0.517, -1.475e-7, 7.047e-8, 1.350e-7, 5.205e-8
0.516, -1.475e-7, 7.047e-8, 1.350e-7, 5.205e-8
0.515, -1.475e-7, 7.047e-8, 1.380e-7, 5.205e-8
0.514, -1.475e-7, 7.047e-8, 1.380e-7, 5.512e-8
0.513, -1.475e-7, 7.047e-8, 1.380e-7, 5.512e-8
0.512, -1.475e-7, 7.047e-8, 1.380e-7, 5.512e-8
0.511, -1.445e-7, 7.354e-8, 1.411e-7, 5.512e-8
0.510, -1.445e-7, 7.354e-8, 1.411e-7, 5.512e-8
0.509, -1.445e-7, 7.354e-8, 1.411e-7, 5.512e-8
0.508, -1.445e-7, 7.354e-8, 1.442e-7, 5.512e-8
0.507, -1.445e-7, 7.354e-8, 1.442e-7, 5.512e-8
0.506, -1.445e-7, 7.354e-8, 1.442e-7, 5.512e-8
0.505, -1.445e-7, 7.661e-8, 1.442e-7, 5.512e-8
0.504, -1.414e-7, 7.661e-8, 1.442e-7, 5.819e-8
0.503, -1.414e-7, 7.661e-8, 1.472e-7, 5.819e-8
0.502, -1.414e-7, 7.661e-8, 1.472e-7, 5.819e-8
0.501, -1.414e-7, 7.661e-8, 1.472e-7, 5.819e-8
0.500, -1.414e-7, 7.661e-8, 1.472e-7, 5.819e-8
0.499, -1.414e-7, 7.661e-8, 1.503e-7, 5.819e-8
0.498, -1.414e-7, 7.661e-8, 1.503e-7, 5.819e-8
0.497, -1.414e-7, 7.661e-8, 1.503e-7, 6.126e-8
0.496, -1.383e-7, 7.968e-8, 1.503e-7, 5.819e-8
0.495, -1.383e-7, 7.661e-8, 1.534e-7, 6.126e-8
0.494, -1.383e-7, 7.968e-8, 1.534e-7, 6.126e-8
0.493, -1.383e-7, 7.968e-8, 1.534e-7, 6.126e-8
0.492, -1.383e-7, 7.968e-8, 1.534e-7, 6.126e-8
0.491, -1.383e-7, 7.968e-8, 1.534e-7, 6.126e-8
0.490, -1.383e-7, 7.968e-8, 1.564e-7, 6.126e-8
0.489, -1.383e-7, 8.275e-8, 1.564e-7, 6.126e-8
0.488, -1.383e-7, 8.275e-8, 1.564e-7, 6.433e-8
0.487, -1.353e-7, 8.275e-8, 1.564e-7, 6.433e-8
0.486, -1.353e-7, 8.275e-8, 1.564e-7, 6.433e-8
0.485, -1.353e-7, 8.275e-8, 1.595e-7, 6.433e-8
0.484, -1.353e-7, 8.275e-8, 1.595e-7, 6.433e-8
0.483, -1.353e-7, 8.582e-8, 1.595e-7, 6.433e-8
0.482, -1.353e-7, 8.582e-8, 1.626e-7, 6.740e-8
0.481, -1.322e-7, 8.275e-8, 1.626e-7, 6.433e-8
0.480, -1.353e-7, 8.582e-8, 1.626e-7, 6.740e-8
0.479, -1.322e-7, 8.582e-8, 1.626e-7, 6.740e-8
0.478, -1.322e-7, 8.582e-8, 1.657e-7, 6.740e-8
0.477, -1.322e-7, 8.582e-8, 1.657e-7, 6.740e-8
0.476, -1.322e-7, 8.582e-8, 1.657e-7, 6.740e-8
0.475, -1.322e-7, 8.582e-8, 1.657e-7, 6.740e-8
0.474, -1.322e-7, 8.582e-8, 1.657e-7, 7.047e-8
0.473, -1.322e-7, 8.889e-8, 1.687e-7, 7.047e-8
0.472, -1.322e-7, 8.889e-8, 1.687e-7, 7.047e-8
0.471, -1.322e-7, 8.889e-8, 1.687e-7, 7.047e-8
0.470, -1.322e-7, 8.889e-8, 1.687e-7, 7.047e-8
0.469, -1.291e-7, 8.889e-8, 1.687e-7, 7.047e-8
0.468, -1.291e-7, 8.889e-8, 1.718e-7, 7.047e-8
0.467, -1.291e-7, 9.196e-8, 1.718e-7, 7.047e-8
0.466, -1.291e-7, 9.196e-8, 1.718e-7, 7.354e-8
0.465, -1.291e-7, 9.196e-8, 1.718e-7, 7.354e-8
0.464, -1.291e-7, 9.196e-8, 1.749e-7, 7.354e-8
0.463, -1.291e-7, 9.196e-8, 1.749e-7, 7.354e-8
0.462, -1.291e-7, 9.196e-8, 1.749e-7, 7.354e-8
0.461, -1.291e-7, 9.196e-8, 1.749e-7, 7.354e-8
0.460, -1.291e-7, 9.503e-8, 1.749e-7, 7.354e-8
0.459, -1.260e-7, 9.503e-8, 1.779e-7, 7.661e-8
0.458, -1.260e-7, 9.503e-8, 1.779e-7, 7.661e-8
0.457, -1.291e-7, 9.503e-8, 1.779e-7, 7.661e-8
0.456, -1.260e-7, 9.503e-8, 1.779e-7, 7.661e-8
0.455, -1.260e-7, 9.503e-8, 1.810e-7, 7.661e-8
0.454, -1.260e-7, 9.503e-8, 1.779e-7, 7.661e-8
0.453, -1.260e-7, 9.810e-8, 1.810e-7, 7.661e-8
0.452, -1.260e-7, 9.810e-8, 1.810e-7, 7.968e-8
0.451, -1.260e-7, 9.810e-8, 1.810e-7, 7.968e-8
0.450, -1.260e-7, 9.810e-8, 1.841e-7, 7.968e-8
0.449, -1.260e-7, 9.810e-8, 1.841e-7, 7.968e-8
0.448, -1.230e-7, 9.810e-8, 1.841e-7, 7.968e-8
0.447, -1.260e-7, 9.810e-8, 1.841e-7, 8.275e-8
0.446, -1.230e-7, 1.012e-7, 1.841e-7, 7.968e-8
0.445, -1.230e-7, 1.012e-7, 1.841e-7, 7.968e-8
0.444, -1.230e-7, 1.012e-7, 1.841e-7, 7.968e-8
0.443, -1.230e-7, 1.012e-7, 1.872e-7, 8.275e-8
0.442, -1.230e-7, 1.012e-7, 1.872e-7, 8.275e-8
0.441, -1.230e-7, 1.012e-7, 1.872e-7, 8.275e-8
0.440, -1.230e-7, 1.042e-7, 1.872e-7, 8.275e-8
0.439, -1.230e-7, 1.042e-7, 1.872e-7, 8.275e-8
0.438, -1.230e-7, 1.042e-7, 1.902e-7, 8.275e-8
0.437, -1.230e-7, 1.042e-7, 1.902e-7, 8.275e-8
0.436, -1.230e-7, 1.042e-7, 1.902e-7, 8.582e-8
0.435, -1.230e-7, 1.042e-7, 1.902e-7, 8.582e-8
0.434, -1.230e-7, 1.042e-7, 1.933e-7, 8.582e-8
0.433, -1.199e-7, 1.073e-7, 1.902e-7, 8.582e-8
0.432, -1.199e-7, 1.073e-7, 1.933e-7, 8.582e-8
0.431, -1.199e-7, 1.073e-7, 1.933e-7, 8.889e-8
0.430, -1.199e-7, 1.073e-7, 1.933e-7, 8.582e-8
0.429, -1.199e-7, 1.073e-7, 1.964e-7, 8.889e-8
0.428, -1.199e-7, 1.073e-7, 1.933e-7, 8.889e-8
0.427, -1.168e-7, 1.073e-7, 1.964e-7, 8.889e-8
0.426, -1.199e-7, 1.073e-7, 1.964e-7, 8.889e-8
0.425, -1.168e-7, 1.104e-7, 1.964e-7, 8.889e-8
0.424, -1.168e-7, 1.104e-7, 1.964e-7, 8.889e-8
0.423, -1.168e-7, 1.104e-7, 1.964e-7, 8.889e-8
0.422, -1.168e-7, 1.104e-7, 1.964e-7, 8.889e-8
0.421, -1.168e-7, 1.104e-7, 1.994e-7, 9.196e-8
0.420, -1.168e-7, 1.104e-7, 1.994e-7, 9.196e-8
0.419, -1.168e-7, 1.135e-7, 1.994e-7, 9.196e-8
0.418, -1.168e-7, 1.135e-7, 1.994e-7, 9.196e-8
0.417, -1.138e-7, 1.135e-7, 1.994e-7, 9.196e-8
0.416, -1.168e-7, 1.135e-7, 2.025e-7, 9.196e-8
0.415, -1.168e-7, 1.135e-7, 1.994e-7, 9.196e-8
0.414, -1.138e-7, 1.135e-7, 2.025e-7, 9.503e-8
0.413, -1.138e-7, 1.135e-7, 2.025e-7, 9.503e-8
0.412, -1.138e-7, 1.165e-7, 2.025e-7, 9.503e-8
0.411, -1.138e-7, 1.165e-7, 2.025e-7, 9.503e-8
0.410, -1.138e-7, 1.165e-7, 2.025e-7, 9.503e-8
0.409, -1.168e-7, 1.165e-7, 2.025e-7, 9.503e-8
0.408, -1.138e-7, 1.165e-7, 2.056e-7, 9.503e-8
0.407, -1.138e-7, 1.165e-7, 2.056e-7, 9.503e-8
0.406, -1.138e-7, 1.165e-7, 2.056e-7, 9.811e-8
0.405, -1.138e-7, 1.165e-7, 2.056e-7, 9.811e-8
0.404, -1.138e-7, 1.196e-7, 2.056e-7, 9.811e-8
0.403, -1.107e-7, 1.196e-7, 2.056e-7, 9.811e-8
0.402, -1.107e-7, 1.196e-7, 2.086e-7, 9.811e-8
0.401, -1.107e-7, 1.196e-7, 2.086e-7, 9.811e-8
0.400, -1.107e-7, 1.196e-7, 2.086e-7, 1.012e-7
0.399, -1.107e-7, 1.196e-7, 2.086e-7, 1.012e-7
0.398, -1.107e-7, 1.196e-7, 2.086e-7, 1.012e-7
0.397, -1.107e-7, 1.196e-7, 2.086e-7, 1.012e-7
0.396, -1.107e-7, 1.227e-7, 2.086e-7, 1.012e-7
0.395, -1.076e-7, 1.227e-7, 2.086e-7, 1.012e-7
0.394, -1.076e-7, 1.227e-7, 2.117e-7, 1.012e-7
0.393, -1.076e-7, 1.227e-7, 2.117e-7, 1.012e-7
0.392, -1.076e-7, 1.227e-7, 2.117e-7, 1.042e-7
0.391, -1.076e-7, 1.227e-7, 2.117e-7, 1.042e-7
0.390, -1.076e-7, 1.227e-7, 2.117e-7, 1.042e-7
0.389, -1.076e-7, 1.257e-7, 2.117e-7, 1.042e-7
0.388, -1.076e-7, 1.257e-7, 2.117e-7, 1.042e-7
0.387, -1.076e-7, 1.257e-7, 2.117e-7, 1.042e-7
0.386, -1.076e-7, 1.257e-7, 2.148e-7, 1.042e-7
0.385, -1.076e-7, 1.257e-7, 2.148e-7, 1.042e-7
0.384, -1.076e-7, 1.257e-7, 2.117e-7, 1.042e-7
0.383, -1.045e-7, 1.288e-7, 2.148e-7, 1.073e-7
0.382, -1.045e-7, 1.288e-7, 2.148e-7, 1.073e-7
0.381, -1.045e-7, 1.288e-7, 2.148e-7, 1.073e-7
0.380, -1.045e-7, 1.288e-7, 2.148e-7, 1.073e-7
0.379, -1.045e-7, 1.288e-7, 2.148e-7, 1.073e-7
0.378, -1.045e-7, 1.288e-7, 2.148e-7, 1.073e-7
0.377, -1.045e-7, 1.288e-7, 2.179e-7, 1.073e-7
0.376, -1.045e-7, 1.288e-7, 2.179e-7, 1.104e-7
0.375, -1.045e-7, 1.288e-7, 2.179e-7, 1.073e-7
0.374, -1.015e-7, 1.288e-7, 2.179e-7, 1.104e-7
0.373, -1.015e-7, 1.319e-7, 2.179e-7, 1.104e-7
0.372, -1.015e-7, 1.319e-7, 2.179e-7, 1.104e-7
0.371, -1.045e-7, 1.319e-7, 2.179e-7, 1.104e-7
0.370, -1.015e-7, 1.319e-7, 2.179e-7, 1.104e-7
0.369, -1.015e-7, 1.319e-7, 2.209e-7, 1.104e-7
0.368, -1.015e-7, 1.319e-7, 2.209e-7, 1.104e-7
0.367, -1.015e-7, 1.319e-7, 2.209e-7, 1.135e-7
0.366, -1.015e-7, 1.319e-7, 2.209e-7, 1.135e-7
0.365, -1.015e-7, 1.350e-7, 2.209e-7, 1.104e-7
0.364, -1.015e-7, 1.350e-7, 2.209e-7, 1.135e-7
0.363, -9.841e-8, 1.350e-7, 2.209e-7, 1.135e-7
0.362, -9.841e-8, 1.350e-7, 2.209e-7, 1.135e-7
0.361, -9.841e-8, 1.350e-7, 2.209e-7, 1.135e-7
0.360, -9.841e-8, 1.350e-7, 2.209e-7, 1.135e-7
0.359, -9.841e-8, 1.350e-7, 2.209e-7, 1.135e-7
0.358, -9.841e-8, 1.350e-7, 2.209e-7, 1.135e-7
0.357, -9.841e-8, 1.380e-7, 2.209e-7, 1.165e-7
0.356, -9.841e-8, 1.380e-7, 2.209e-7, 1.165e-7
0.355, -9.841e-8, 1.380e-7, 2.240e-7, 1.165e-7
0.354, -9.841e-8, 1.350e-7, 2.240e-7, 1.165e-7
0.353, -9.534e-8, 1.380e-7, 2.240e-7, 1.165e-7
0.352, -9.841e-8, 1.380e-7, 2.240e-7, 1.165e-7
0.351, -9.534e-8, 1.380e-7, 2.240e-7, 1.165e-7
0.350, -9.534e-8, 1.380e-7, 2.240e-7, 1.165e-7
0.349, -9.534e-8, 1.380e-7, 2.240e-7, 1.165e-7
0.348, -9.534e-8, 1.380e-7, 2.240e-7, 1.165e-7
0.347, -9.534e-8, 1.380e-7, 2.240e-7, 1.196e-7
0.346, -9.534e-8, 1.380e-7, 2.240e-7, 1.196e-7
0.345, -9.534e-8, 1.380e-7, 2.240e-7, 1.196e-7
0.344, -9.534e-8, 1.380e-7, 2.271e-7, 1.196e-7
0.343, -9.534e-8, 1.380e-7, 2.240e-7, 1.196e-7
0.342, -9.534e-8, 1.411e-7, 2.240e-7, 1.196e-7
0.341, -9.534e-8, 1.411e-7, 2.240e-7, 1.196e-7
0.340, -9.227e-8, 1.411e-7, 2.240e-7, 1.196e-7
0.339, -9.534e-8, 1.411e-7, 2.240e-7, 1.196e-7
0.338, -9.534e-8, 1.411e-7, 2.271e-7, 1.196e-7
0.337, -9.227e-8, 1.411e-7, 2.240e-7, 1.196e-7
0.336, -9.227e-8, 1.411e-7, 2.271e-7, 1.227e-7
0.335, -9.534e-8, 1.411e-7, 2.271e-7, 1.196e-7
0.334, -9.227e-8, 1.411e-7, 2.240e-7, 1.196e-7
0.333, -9.227e-8, 1.411e-7, 2.271e-7, 1.196e-7
0.332, -9.227e-8, 1.442e-7, 2.271e-7, 1.227e-7
0.331, -9.227e-8, 1.442e-7, 2.271e-7, 1.227e-7
0.330, -9.227e-8, 1.442e-7, 2.271e-7, 1.227e-7
0.329, -9.227e-8, 1.442e-7, 2.271e-7, 1.227e-7
0.328, -9.227e-8, 1.442e-7, 2.271e-7, 1.227e-7
0.327, -9.227e-8, 1.442e-7, 2.271e-7, 1.227e-7
0.326, -9.227e-8, 1.442e-7, 2.271e-7, 1.227e-7
0.325, -9.227e-8, 1.442e-7, 2.271e-7, 1.227e-7
0.324, -9.227e-8, 1.442e-7, 2.271e-7, 1.227e-7
0.323, -9.227e-8, 1.442e-7, 2.271e-7, 1.227e-7
0.322, -9.227e-8, 1.442e-7, 2.271e-7, 1.257e-7
0.321, -9.227e-8, 1.442e-7, 2.271e-7, 1.227e-7
0.320, -9.227e-8, 1.442e-7, 2.271e-7, 1.257e-7
0.319, -9.227e-8, 1.442e-7, 2.271e-7, 1.257e-7
0.318, -9.227e-8, 1.472e-7, 2.271e-7, 1.257e-7
0.317, -9.227e-8, 1.472e-7, 2.271e-7, 1.257e-7
0.316, -9.227e-8, 1.472e-7, 2.271e-7, 1.257e-7
0.315, -9.227e-8, 1.472e-7, 2.271e-7, 1.257e-7
0.314, -9.227e-8, 1.472e-7, 2.271e-7, 1.257e-7
0.313, -9.227e-8, 1.472e-7, 2.271e-7, 1.257e-7
0.312, -9.227e-8, 1.472e-7, 2.271e-7, 1.257e-7
0.311, -9.227e-8, 1.472e-7, 2.271e-7, 1.257e-7
0.310, -9.227e-8, 1.472e-7, 2.271e-7, 1.257e-7
0.309, -9.227e-8, 1.472e-7, 2.271e-7, 1.257e-7
0.308, -9.227e-8, 1.472e-7, 2.271e-7, 1.257e-7
0.307, -9.227e-8, 1.472e-7, 2.271e-7, 1.257e-7
0.306, -9.227e-8, 1.472e-7, 2.271e-7, 1.257e-7
0.305, -9.227e-8, 1.472e-7, 2.271e-7, 1.257e-7
0.304, -9.227e-8, 1.472e-7, 2.271e-7, 1.257e-7
0.303, -9.227e-8, 1.472e-7, 2.271e-7, 1.257e-7
0.302, -9.227e-8, 1.472e-7, 2.271e-7, 1.257e-7
0.301, -9.227e-8, 1.472e-7, 2.271e-7, 1.257e-7
0.300, -9.227e-8, 1.472e-7, 2.271e-7, 1.257e-7
0.299, -9.227e-8, 1.472e-7, 2.271e-7, 1.288e-7
0.298, -9.227e-8, 1.472e-7, 2.271e-7, 1.257e-7
0.297, -9.227e-8, 1.472e-7, 2.271e-7, 1.257e-7
0.296, -9.227e-8, 1.472e-7, 2.271e-7, 1.288e-7
0.295, -9.227e-8, 1.472e-7, 2.271e-7, 1.257e-7
0.294, -9.227e-8, 1.472e-7, 2.271e-7, 1.257e-7
0.293, -9.227e-8, 1.472e-7, 2.271e-7, 1.257e-7
0.292, -9.227e-8, 1.472e-7, 2.271e-7, 1.257e-7
0.291, -9.227e-8, 1.472e-7, 2.271e-7, 1.257e-7
0.290, -9.227e-8, 1.472e-7, 2.271e-7, 1.257e-7
0.289, -9.227e-8, 1.472e-7, 2.271e-7, 1.257e-7
0.288, -9.227e-8, 1.472e-7, 2.271e-7, 1.257e-7
0.287, -9.534e-8, 1.472e-7, 2.271e-7, 1.257e-7
0.286, -9.227e-8, 1.472e-7, 2.271e-7, 1.257e-7
0.285, -9.227e-8, 1.472e-7, 2.271e-7, 1.257e-7
0.284, -9.534e-8, 1.472e-7, 2.240e-7, 1.257e-7
0.283, -9.227e-8, 1.472e-7, 2.240e-7, 1.257e-7
0.282, -9.227e-8, 1.472e-7, 2.240e-7, 1.257e-7
0.281, -9.534e-8, 1.472e-7, 2.240e-7, 1.257e-7
0.280, -9.227e-8, 1.472e-7, 2.240e-7, 1.257e-7
0.279, -9.534e-8, 1.472e-7, 2.240e-7, 1.257e-7
0.278, -9.534e-8, 1.472e-7, 2.240e-7, 1.257e-7
0.277, -9.534e-8, 1.472e-7, 2.240e-7, 1.257e-7
0.276, -9.534e-8, 1.472e-7, 2.240e-7, 1.257e-7
0.275, -9.534e-8, 1.472e-7, 2.240e-7, 1.257e-7
0.274, -9.534e-8, 1.442e-7, 2.240e-7, 1.257e-7
0.273, -9.534e-8, 1.442e-7, 2.240e-7, 1.227e-7
0.272, -9.534e-8, 1.472e-7, 2.209e-7, 1.227e-7
0.271, -9.534e-8, 1.442e-7, 2.209e-7, 1.227e-7
0.270, -9.534e-8, 1.442e-7, 2.209e-7, 1.227e-7
0.269, -9.534e-8, 1.442e-7, 2.209e-7, 1.227e-7
0.268, -9.841e-8, 1.442e-7, 2.209e-7, 1.227e-7
0.267, -9.534e-8, 1.442e-7, 2.209e-7, 1.227e-7
0.266, -9.841e-8, 1.442e-7, 2.209e-7, 1.227e-7
0.265, -9.841e-8, 1.442e-7, 2.209e-7, 1.227e-7
0.264, -9.534e-8, 1.442e-7, 2.209e-7, 1.227e-7
0.263, -9.841e-8, 1.442e-7, 2.179e-7, 1.196e-7
0.262, -9.841e-8, 1.411e-7, 2.179e-7, 1.227e-7
0.261, -9.841e-8, 1.442e-7, 2.179e-7, 1.196e-7
0.260, -9.841e-8, 1.411e-7, 2.179e-7, 1.196e-7
0.259, -9.841e-8, 1.411e-7, 2.179e-7, 1.196e-7
0.258, -9.841e-8, 1.411e-7, 2.179e-7, 1.196e-7
0.257, -1.015e-7, 1.411e-7, 2.179e-7, 1.165e-7
0.256, -1.015e-7, 1.411e-7, 2.148e-7, 1.165e-7
0.255, -1.015e-7, 1.380e-7, 2.148e-7, 1.165e-7
0.254, -1.015e-7, 1.380e-7, 2.148e-7, 1.165e-7
0.253, -1.015e-7, 1.380e-7, 2.148e-7, 1.165e-7
0.252, -1.015e-7, 1.380e-7, 2.148e-7, 1.165e-7
0.251, -1.015e-7, 1.380e-7, 2.117e-7, 1.165e-7
0.250, -1.045e-7, 1.380e-7, 2.117e-7, 1.165e-7
0.249, -1.045e-7, 1.350e-7, 2.117e-7, 1.135e-7
0.248, -1.045e-7, 1.350e-7, 2.117e-7, 1.135e-7
0.247, -1.045e-7, 1.350e-7, 2.117e-7, 1.135e-7
0.246, -1.045e-7, 1.350e-7, 2.086e-7, 1.135e-7
0.245, -1.076e-7, 1.350e-7, 2.086e-7, 1.104e-7
0.244, -1.076e-7, 1.350e-7, 2.086e-7, 1.104e-7
0.243, -1.076e-7, 1.319e-7, 2.056e-7, 1.104e-7
0.242, -1.076e-7, 1.319e-7, 2.056e-7, 1.104e-7
0.241, -1.076e-7, 1.319e-7, 2.056e-7, 1.104e-7
0.240, -1.107e-7, 1.319e-7, 2.056e-7, 1.073e-7
0.239, -1.107e-7, 1.288e-7, 2.025e-7, 1.073e-7
0.238, -1.107e-7, 1.288e-7, 2.025e-7, 1.073e-7
0.237, -1.138e-7, 1.288e-7, 2.025e-7, 1.073e-7
0.236, -1.138e-7, 1.257e-7, 1.994e-7, 1.042e-7
0.235, -1.138e-7, 1.257e-7, 1.994e-7, 1.042e-7
0.234, -1.138e-7, 1.257e-7, 1.994e-7, 1.042e-7
0.233, -1.168e-7, 1.227e-7, 1.964e-7, 1.012e-7
0.232, -1.168e-7, 1.227e-7, 1.964e-7, 1.012e-7
0.231, -1.199e-7, 1.227e-7, 1.933e-7, 9.811e-8
0.230, -1.199e-7, 1.196e-7, 1.933e-7, 9.811e-8
0.229, -1.230e-7, 1.196e-7, 1.933e-7, 9.811e-8
0.228, -1.230e-7, 1.196e-7, 1.902e-7, 9.504e-8
0.227, -1.230e-7, 1.165e-7, 1.872e-7, 9.504e-8
0.226, -1.260e-7, 1.165e-7, 1.872e-7, 9.504e-8
0.225, -1.260e-7, 1.165e-7, 1.872e-7, 9.196e-8
0.224, -1.291e-7, 1.135e-7, 1.841e-7, 9.196e-8
0.223, -1.322e-7, 1.135e-7, 1.841e-7, 8.889e-8
0.222, -1.322e-7, 1.104e-7, 1.810e-7, 8.889e-8
0.221, -1.322e-7, 1.104e-7, 1.810e-7, 8.582e-8
0.220, -1.353e-7, 1.073e-7, 1.779e-7, 8.275e-8
0.219, -1.383e-7, 1.073e-7, 1.779e-7, 8.275e-8
0.218, -1.383e-7, 1.042e-7, 1.718e-7, 7.968e-8
0.217, -1.414e-7, 1.042e-7, 1.718e-7, 7.968e-8
0.216, -1.445e-7, 1.012e-7, 1.687e-7, 7.661e-8
0.215, -1.445e-7, 9.810e-8, 1.687e-7, 7.354e-8
0.214, -1.475e-7, 9.810e-8, 1.657e-7, 7.354e-8
0.213, -1.537e-7, 9.503e-8, 1.626e-7, 7.047e-8
0.212, -1.537e-7, 9.196e-8, 1.595e-7, 6.740e-8
0.211, -1.567e-7, 8.889e-8, 1.564e-7, 6.433e-8
0.210, -1.598e-7, 8.582e-8, 1.534e-7, 6.126e-8
0.209, -1.629e-7, 8.582e-8, 1.503e-7, 5.819e-8
0.208, -1.660e-7, 8.275e-8, 1.472e-7, 5.819e-8
0.207, -1.690e-7, 7.968e-8, 1.442e-7, 5.512e-8
0.206, -1.721e-7, 7.661e-8, 1.411e-7, 5.205e-8
0.205, -1.752e-7, 7.354e-8, 1.380e-7, 4.898e-8
0.204, -1.813e-7, 7.047e-8, 1.350e-7, 4.591e-8
0.203, -1.844e-7, 6.740e-8, 1.319e-7, 4.284e-8
0.202, -1.875e-7, 6.433e-8, 1.288e-7, 3.977e-8
0.201, -1.936e-7, 6.126e-8, 1.227e-7, 3.670e-8
0.200, -1.967e-7, 5.512e-8, 1.196e-7, 3.055e-8
0.199, -2.028e-7, 5.205e-8, 1.165e-7, 2.748e-8
0.198, -2.059e-7, 4.898e-8, 1.104e-7, 2.441e-8
0.197, -2.120e-7, 4.591e-8, 1.073e-7, 2.134e-8
0.196, -2.151e-7, 3.977e-8, 1.012e-7, 1.520e-8
0.195, -2.212e-7, 3.669e-8, 9.811e-8, 1.213e-8
0.194, -2.274e-7, 3.055e-8, 9.196e-8, 9.061e-9
0.193, -2.304e-7, 2.748e-8, 8.889e-8, 2.920e-9
0.192, -2.397e-7, 2.134e-8, 8.275e-8, -3.221e-9
0.191, -2.427e-7, 1.827e-8, 7.661e-8, -6.291e-9
0.190, -2.489e-7, 1.213e-8, 7.047e-8, -1.243e-8
0.189, -2.581e-7, 5.990e-9, 6.433e-8, -1.857e-8
0.188, -2.642e-7, 2.920e-9, 5.819e-8, -2.164e-8
0.187, -2.704e-7, -3.221e-9, 5.205e-8, -2.778e-8
0.186, -2.765e-7, -9.362e-9, 4.591e-8, -3.393e-8
0.185, -2.857e-7, -1.550e-8, 3.977e-8, -4.007e-8
0.184, -2.918e-7, -2.164e-8, 3.363e-8, -4.621e-8
0.183, -2.980e-7, -2.779e-8, 2.748e-8, -5.235e-8
0.182, -3.072e-7, -3.393e-8, 1.827e-8, -5.849e-8
0.181, -3.164e-7, -4.007e-8, 1.213e-8, -6.463e-8
0.180, -3.226e-7, -4.928e-8, 2.921e-9, -7.077e-8
0.179, -3.348e-7, -5.542e-8, -3.220e-9, -7.998e-8
0.178, -3.410e-7, -6.156e-8, -9.361e-9, -8.612e-8
0.177, -3.502e-7, -6.770e-8, -1.550e-8, -9.227e-8
0.176, -3.594e-7, -7.384e-8, -2.471e-8, -9.841e-8
0.175, -3.686e-7, -8.305e-8, -3.393e-8, -1.045e-7
0.174, -3.778e-7, -8.920e-8, -4.314e-8, -1.138e-7
0.173, -3.870e-7, -9.841e-8, -4.928e-8, -1.199e-7
0.172, -3.962e-7, -1.045e-7, -5.849e-8, -1.291e-7
0.171, -4.055e-7, -1.107e-7, -6.463e-8, -1.353e-7
0.170, -4.147e-7, -1.199e-7, -7.384e-8, -1.414e-7
0.169, -4.239e-7, -1.260e-7, -8.305e-8, -1.506e-7
0.168, -4.331e-7, -1.353e-7, -8.919e-8, -1.567e-7
0.167, -4.423e-7, -1.414e-7, -1.015e-7, -1.660e-7
0.166, -4.515e-7, -1.506e-7, -1.107e-7, -1.721e-7
0.165, -4.607e-7, -1.567e-7, -1.168e-7, -1.782e-7
0.164, -4.699e-7, -1.660e-7, -1.260e-7, -1.875e-7
0.163, -4.791e-7, -1.721e-7, -1.322e-7, -1.936e-7
0.162, -4.884e-7, -1.782e-7, -1.414e-7, -1.997e-7
0.161, -4.976e-7, -1.875e-7, -1.506e-7, -2.089e-7
0.160, -5.068e-7, -1.936e-7, -1.567e-7, -2.151e-7
0.159, -5.160e-7, -1.997e-7, -1.660e-7, -2.212e-7
0.158, -5.221e-7, -2.059e-7, -1.721e-7, -2.274e-7
0.157, -5.313e-7, -2.151e-7, -1.813e-7, -2.335e-7
0.156, -5.406e-7, -2.212e-7, -1.875e-7, -2.396e-7
0.155, -5.436e-7, -2.243e-7, -1.936e-7, -2.458e-7
0.154, -5.528e-7, -2.335e-7, -2.028e-7, -2.519e-7
0.153, -5.621e-7, -2.396e-7, -2.089e-7, -2.581e-7
0.152, -5.651e-7, -2.427e-7, -2.151e-7, -2.642e-7
0.151, -5.713e-7, -2.489e-7, -2.212e-7, -2.673e-7
0.150, -5.743e-7, -2.519e-7, -2.243e-7, -2.734e-7
0.149, -5.805e-7, -2.581e-7, -2.304e-7, -2.765e-7
0.148, -5.835e-7, -2.611e-7, -2.366e-7, -2.796e-7
0.147, -5.897e-7, -2.673e-7, -2.427e-7, -2.857e-7
0.146, -5.928e-7, -2.704e-7, -2.458e-7, -2.888e-7
0.145, -5.928e-7, -2.734e-7, -2.489e-7, -2.888e-7
0.144, -5.958e-7, -2.765e-7, -2.550e-7, -2.918e-7
0.143, -5.989e-7, -2.796e-7, -2.581e-7, -2.949e-7
0.142, -5.989e-7, -2.796e-7, -2.611e-7, -2.980e-7
0.141, -5.989e-7, -2.826e-7, -2.642e-7, -2.980e-7
0.140, -6.020e-7, -2.826e-7, -2.673e-7, -3.011e-7
0.139, -5.989e-7, -2.857e-7, -2.673e-7, -3.011e-7
0.138, -5.989e-7, -2.857e-7, -2.704e-7, -3.041e-7
0.137, -5.958e-7, -2.857e-7, -2.704e-7, -3.041e-7
0.136, -5.928e-7, -2.857e-7, -2.704e-7, -3.011e-7
0.135, -5.928e-7, -2.857e-7, -2.704e-7, -3.011e-7
0.134, -5.897e-7, -2.857e-7, -2.734e-7, -3.011e-7
0.133, -5.866e-7, -2.826e-7, -2.704e-7, -2.980e-7
0.132, -5.835e-7, -2.826e-7, -2.704e-7, -2.980e-7
0.131, -5.774e-7, -2.796e-7, -2.704e-7, -2.949e-7
0.130, -5.743e-7, -2.796e-7, -2.673e-7, -2.949e-7
0.129, -5.682e-7, -2.765e-7, -2.673e-7, -2.918e-7
0.128, -5.651e-7, -2.734e-7, -2.642e-7, -2.888e-7
0.127, -5.590e-7, -2.734e-7, -2.642e-7, -2.857e-7
0.126, -5.528e-7, -2.673e-7, -2.611e-7, -2.826e-7
0.125, -5.467e-7, -2.642e-7, -2.581e-7, -2.796e-7
0.124, -5.406e-7, -2.611e-7, -2.550e-7, -2.765e-7
0.123, -5.344e-7, -2.581e-7, -2.519e-7, -2.734e-7
0.122, -5.283e-7, -2.550e-7, -2.489e-7, -2.704e-7
0.121, -5.221e-7, -2.489e-7, -2.458e-7, -2.642e-7
0.120, -5.129e-7, -2.458e-7, -2.396e-7, -2.611e-7
0.119, -5.068e-7, -2.396e-7, -2.366e-7, -2.550e-7
0.118, -5.006e-7, -2.366e-7, -2.335e-7, -2.519e-7
0.117, -4.945e-7, -2.335e-7, -2.274e-7, -2.489e-7
0.116, -4.884e-7, -2.274e-7, -2.243e-7, -2.427e-7
0.115, -4.822e-7, -2.243e-7, -2.212e-7, -2.396e-7
0.114, -4.730e-7, -2.182e-7, -2.151e-7, -2.335e-7
0.113, -4.669e-7, -2.151e-7, -2.120e-7, -2.274e-7
0.112, -4.607e-7, -2.089e-7, -2.089e-7, -2.243e-7
0.111, -4.515e-7, -2.059e-7, -2.028e-7, -2.212e-7
0.110, -4.454e-7, -2.028e-7, -1.967e-7, -2.151e-7
0.109, -4.392e-7, -1.967e-7, -1.936e-7, -2.120e-7
0.108, -4.331e-7, -1.936e-7, -1.905e-7, -2.089e-7
0.107, -4.239e-7, -1.875e-7, -1.844e-7, -2.028e-7
0.106, -4.177e-7, -1.844e-7, -1.813e-7, -1.967e-7
0.105, -4.116e-7, -1.782e-7, -1.782e-7, -1.936e-7
0.104, -4.055e-7, -1.752e-7, -1.721e-7, -1.905e-7
0.103, -3.993e-7, -1.721e-7, -1.690e-7, -1.844e-7
0.102, -3.962e-7, -1.690e-7, -1.660e-7, -1.813e-7
0.101, -3.901e-7, -1.629e-7, -1.598e-7, -1.752e-7
0.100, -3.840e-7, -1.598e-7, -1.567e-7, -1.721e-7
0.099, -3.778e-7, -1.567e-7, -1.537e-7, -1.690e-7
0.098, -3.717e-7, -1.537e-7, -1.506e-7, -1.660e-7
0.097, -3.686e-7, -1.475e-7, -1.475e-7, -1.629e-7
0.096, -3.625e-7, -1.475e-7, -1.414e-7, -1.598e-7
0.095, -3.594e-7, -1.414e-7, -1.383e-7, -1.567e-7
0.094, -3.533e-7, -1.383e-7, -1.353e-7, -1.506e-7
0.093, -3.502e-7, -1.353e-7, -1.322e-7, -1.475e-7
0.092, -3.440e-7, -1.322e-7, -1.291e-7, -1.445e-7
0.091, -3.410e-7, -1.291e-7, -1.291e-7, -1.445e-7
0.090, -3.379e-7, -1.291e-7, -1.260e-7, -1.414e-7
0.089, -3.318e-7, -1.260e-7, -1.230e-7, -1.383e-7
0.088, -3.287e-7, -1.230e-7, -1.199e-7, -1.353e-7
0.087, -3.256e-7, -1.199e-7, -1.168e-7, -1.322e-7
0.086, -3.226e-7, -1.199e-7, -1.168e-7, -1.291e-7
0.085, -3.195e-7, -1.168e-7, -1.138e-7, -1.291e-7
0.084, -3.164e-7, -1.138e-7, -1.107e-7, -1.260e-7
0.083, -3.133e-7, -1.138e-7, -1.107e-7, -1.230e-7
0.082, -3.103e-7, -1.107e-7, -1.076e-7, -1.230e-7
0.081, -3.072e-7, -1.076e-7, -1.076e-7, -1.199e-7
0.080, -3.041e-7, -1.076e-7, -1.045e-7, -1.199e-7
0.079, -3.011e-7, -1.045e-7, -1.045e-7, -1.168e-7
0.078, -3.011e-7, -1.045e-7, -1.015e-7, -1.168e-7
0.077, -2.980e-7, -1.015e-7, -1.015e-7, -1.138e-7
0.076, -2.949e-7, -1.015e-7, -9.841e-8, -1.107e-7
0.075, -2.918e-7, -9.841e-8, -9.841e-8, -1.107e-7
0.074, -2.918e-7, -9.841e-8, -9.534e-8, -1.107e-7
0.073, -2.888e-7, -9.841e-8, -9.534e-8, -1.076e-7
0.072, -2.857e-7, -9.534e-8, -9.534e-8, -1.076e-7
0.071, -2.857e-7, -9.534e-8, -9.226e-8, -1.045e-7
0.070, -2.826e-7, -9.534e-8, -9.226e-8, -1.045e-7
0.069, -2.826e-7, -9.227e-8, -9.226e-8, -1.045e-7
0.068, -2.796e-7, -9.227e-8, -9.226e-8, -1.015e-7
0.067, -2.796e-7, -9.227e-8, -8.919e-8, -1.015e-7
0.066, -2.765e-7, -9.227e-8, -8.919e-8, -1.015e-7
0.065, -2.765e-7, -8.920e-8, -8.919e-8, -9.841e-8
0.064, -2.765e-7, -8.920e-8, -8.919e-8, -9.841e-8
0.063, -2.734e-7, -8.920e-8, -8.612e-8, -9.841e-8
0.062, -2.704e-7, -8.612e-8, -8.612e-8, -9.841e-8
0.061, -2.704e-7, -8.612e-8, -8.612e-8, -9.841e-8
0.060, -2.704e-7, -8.612e-8, -8.612e-8, -9.534e-8
0.059, -2.673e-7, -8.612e-8, -8.305e-8, -9.534e-8
0.058, -2.673e-7, -8.612e-8, -8.305e-8, -9.534e-8
0.057, -2.673e-7, -8.612e-8, -8.305e-8, -9.534e-8
0.056, -2.673e-7, -8.305e-8, -8.305e-8, -9.227e-8
0.055, -2.642e-7, -8.305e-8, -8.305e-8, -9.227e-8
0.054, -2.642e-7, -8.305e-8, -8.305e-8, -9.227e-8
0.053, -2.642e-7, -8.305e-8, -8.305e-8, -9.227e-8
0.052, -2.642e-7, -8.305e-8, -8.305e-8, -9.227e-8
0.051, -2.611e-7, -8.305e-8, -7.998e-8, -9.227e-8
0.050, -2.611e-7, -8.305e-8, -7.998e-8, -8.919e-8
0.049, -2.611e-7, -7.998e-8, -7.998e-8, -8.919e-8
0.048, -2.611e-7, -7.998e-8, -7.998e-8, -8.919e-8
0.047, -2.581e-7, -7.998e-8, -7.998e-8, -8.919e-8
0.046, -2.581e-7, -7.998e-8, -7.998e-8, -8.919e-8
0.045, -2.581e-7, -7.998e-8, -7.998e-8, -8.919e-8
0.044, -2.581e-7, -7.998e-8, -7.998e-8, -8.919e-8
0.043, -2.581e-7, -7.998e-8, -7.998e-8, -8.919e-8
0.042, -2.581e-7, -7.998e-8, -7.998e-8, -8.919e-8
0.041, -2.581e-7, -7.998e-8, -7.998e-8, -8.612e-8
0.040, -2.550e-7, -7.998e-8, -7.998e-8, -8.612e-8
0.039, -2.550e-7, -7.998e-8, -7.691e-8, -8.919e-8
0.038, -2.581e-7, -7.998e-8, -7.998e-8, -8.612e-8
0.037, -2.550e-7, -7.998e-8, -7.691e-8, -8.612e-8
0.036, -2.550e-7, -7.998e-8, -7.691e-8, -8.612e-8
0.035, -2.550e-7, -7.998e-8, -7.691e-8, -8.612e-8
0.034, -2.550e-7, -7.691e-8, -7.691e-8, -8.612e-8
0.033, -2.550e-7, -7.998e-8, -7.691e-8, -8.612e-8
0.032, -2.550e-7, -7.998e-8, -7.691e-8, -8.612e-8
0.031, -2.550e-7, -7.998e-8, -7.691e-8, -8.612e-8
0.030, -2.550e-7, -7.998e-8, -7.691e-8, -8.612e-8
0.029, -2.550e-7, -7.998e-8, -7.691e-8, -8.612e-8
0.028, -2.550e-7, -7.691e-8, -7.691e-8, -8.612e-8
0.027, -2.550e-7, -7.691e-8, -7.691e-8, -8.612e-8
0.026, -2.550e-7, -7.998e-8, -7.691e-8, -8.612e-8
0.025, -2.550e-7, -7.691e-8, -7.691e-8, -8.612e-8
0.024, -2.550e-7, -7.998e-8, -7.691e-8, -8.612e-8
0.023, -2.550e-7, -7.998e-8, -7.691e-8, -8.612e-8
0.022, -2.550e-7, -7.998e-8, -7.691e-8, -8.612e-8
0.021, -2.550e-7, -7.998e-8, -7.691e-8, -8.612e-8
0.020, -2.550e-7, -7.998e-8, -7.691e-8, -8.612e-8
0.019, -2.550e-7, -7.998e-8, -7.691e-8, -8.612e-8
0.018, -2.550e-7, -7.998e-8, -7.691e-8, -8.612e-8
0.017, -2.550e-7, -7.998e-8, -7.691e-8, -8.612e-8
0.016, -2.550e-7, -7.998e-8, -7.691e-8, -8.612e-8
0.015, -2.581e-7, -7.998e-8, -7.691e-8, -8.612e-8
0.014, -2.550e-7, -7.998e-8, -7.998e-8, -8.612e-8
0.013, -2.550e-7, -7.998e-8, -7.998e-8, -8.612e-8
0.012, -2.581e-7, -7.998e-8, -7.998e-8, -8.612e-8
0.011, -2.550e-7, -7.998e-8, -7.998e-8, -8.612e-8
0.010, -2.550e-7, -7.998e-8, -7.691e-8, -8.612e-8
0.009, -2.581e-7, -7.998e-8, -7.998e-8, -8.612e-8
0.008, -2.581e-7, -7.998e-8, -7.998e-8, -8.612e-8
0.007, -2.550e-7, -7.998e-8, -7.998e-8, -8.612e-8
0.006, -2.581e-7, -7.998e-8, -7.998e-8, -8.919e-8
0.005, -2.581e-7, -8.305e-8, -7.998e-8, -8.612e-8
0.004, -2.581e-7, -8.305e-8, -7.998e-8, -8.919e-8
0.003, -2.581e-7, -7.998e-8, -7.998e-8, -8.919e-8
0.002, -2.581e-7, -8.305e-8, -7.998e-8, -8.919e-8
0.001, -2.581e-7, -8.305e-8, -7.998e-8, -8.919e-8
0.000, -2.581e-7, -8.305e-8, -7.998e-8, -8.919e-8
-0.001, -2.581e-7, -8.305e-8, -8.305e-8, -8.919e-8
-0.002, -2.581e-7, -8.305e-8, -7.998e-8, -8.919e-8
-0.003, -2.581e-7, -8.305e-8, -8.305e-8, -8.919e-8
-0.004, -2.581e-7, -8.305e-8, -8.305e-8, -8.919e-8
-0.005, -2.581e-7, -8.305e-8, -8.305e-8, -8.919e-8
-0.006, -2.581e-7, -8.612e-8, -8.305e-8, -8.919e-8
-0.007, -2.611e-7, -8.612e-8, -8.305e-8, -9.227e-8
-0.008, -2.611e-7, -8.612e-8, -8.305e-8, -9.227e-8
-0.009, -2.611e-7, -8.612e-8, -8.305e-8, -9.227e-8
-0.010, -2.611e-7, -8.612e-8, -8.305e-8, -9.227e-8
-0.011, -2.642e-7, -8.612e-8, -8.305e-8, -9.227e-8
-0.012, -2.642e-7, -8.612e-8, -8.612e-8, -9.534e-8
-0.013, -2.642e-7, -8.920e-8, -8.612e-8, -9.227e-8
-0.014, -2.642e-7, -8.920e-8, -8.612e-8, -9.227e-8
-0.015, -2.642e-7, -8.920e-8, -8.612e-8, -9.227e-8
-0.016, -2.673e-7, -8.920e-8, -8.612e-8, -9.534e-8
-0.017, -2.673e-7, -8.920e-8, -8.612e-8, -9.534e-8
-0.018, -2.673e-7, -9.227e-8, -8.919e-8, -9.534e-8
-0.019, -2.704e-7, -8.920e-8, -8.919e-8, -9.534e-8
-0.020, -2.704e-7, -9.227e-8, -8.919e-8, -9.534e-8
-0.021, -2.704e-7, -9.227e-8, -8.919e-8, -9.841e-8
-0.022, -2.734e-7, -9.227e-8, -8.919e-8, -9.841e-8
-0.023, -2.734e-7, -9.227e-8, -8.919e-8, -9.841e-8
-0.024, -2.734e-7, -9.534e-8, -9.226e-8, -9.841e-8
-0.025, -2.765e-7, -9.534e-8, -9.226e-8, -1.015e-7
-0.026, -2.796e-7, -9.534e-8, -9.226e-8, -1.015e-7
-0.027, -2.796e-7, -9.534e-8, -9.226e-8, -1.015e-7
-0.028, -2.796e-7, -9.534e-8, -9.534e-8, -1.015e-7
-0.029, -2.826e-7, -9.534e-8, -9.534e-8, -1.015e-7
-0.030, -2.826e-7, -9.841e-8, -9.534e-8, -1.045e-7
-0.031, -2.857e-7, -9.841e-8, -9.534e-8, -1.045e-7
-0.032, -2.857e-7, -1.015e-7, -9.534e-8, -1.045e-7
-0.033, -2.888e-7, -1.015e-7, -9.841e-8, -1.045e-7
-0.034, -2.888e-7, -1.015e-7, -9.841e-8, -1.076e-7
-0.035, -2.918e-7, -1.015e-7, -9.841e-8, -1.076e-7
-0.036, -2.918e-7, -1.045e-7, -1.015e-7, -1.076e-7
-0.037, -2.949e-7, -1.045e-7, -1.015e-7, -1.107e-7
-0.038, -2.980e-7, -1.045e-7, -1.015e-7, -1.107e-7
-0.039, -3.011e-7, -1.076e-7, -1.015e-7, -1.107e-7
-0.040, -3.011e-7, -1.076e-7, -1.045e-7, -1.138e-7
-0.041, -3.041e-7, -1.076e-7, -1.045e-7, -1.138e-7
-0.042, -3.072e-7, -1.107e-7, -1.076e-7, -1.138e-7
-0.043, -3.072e-7, -1.107e-7, -1.076e-7, -1.168e-7
-0.044, -3.103e-7, -1.138e-7, -1.076e-7, -1.168e-7
-0.045, -3.133e-7, -1.138e-7, -1.107e-7, -1.199e-7
-0.046, -3.164e-7, -1.168e-7, -1.107e-7, -1.199e-7
-0.047, -3.164e-7, -1.168e-7, -1.138e-7, -1.199e-7
-0.048, -3.195e-7, -1.168e-7, -1.138e-7, -1.230e-7
-0.049, -3.226e-7, -1.199e-7, -1.168e-7, -1.230e-7
-0.050, -3.256e-7, -1.199e-7, -1.168e-7, -1.260e-7
-0.051, -3.287e-7, -1.230e-7, -1.168e-7, -1.260e-7
-0.052, -3.318e-7, -1.230e-7, -1.199e-7, -1.291e-7
-0.053, -3.348e-7, -1.260e-7, -1.199e-7, -1.291e-7
-0.054, -3.410e-7, -1.260e-7, -1.230e-7, -1.291e-7
-0.055, -3.410e-7, -1.291e-7, -1.230e-7, -1.322e-7
-0.056, -3.440e-7, -1.291e-7, -1.260e-7, -1.353e-7
-0.057, -3.502e-7, -1.322e-7, -1.260e-7, -1.353e-7
-0.058, -3.533e-7, -1.322e-7, -1.291e-7, -1.383e-7
-0.059, -3.563e-7, -1.353e-7, -1.322e-7, -1.414e-7
-0.060, -3.594e-7, -1.383e-7, -1.322e-7, -1.414e-7
-0.061, -3.655e-7, -1.383e-7, -1.353e-7, -1.445e-7
-0.062, -3.686e-7, -1.414e-7, -1.353e-7, -1.475e-7
-0.063, -3.748e-7, -1.445e-7, -1.383e-7, -1.475e-7
-0.064, -3.778e-7, -1.445e-7, -1.414e-7, -1.506e-7
-0.065, -3.840e-7, -1.475e-7, -1.414e-7, -1.537e-7
-0.066, -3.870e-7, -1.506e-7, -1.445e-7, -1.537e-7
-0.067, -3.932e-7, -1.537e-7, -1.475e-7, -1.567e-7
-0.068, -3.962e-7, -1.537e-7, -1.506e-7, -1.598e-7
-0.069, -4.024e-7, -1.567e-7, -1.537e-7, -1.629e-7
-0.070, -4.085e-7, -1.598e-7, -1.537e-7, -1.660e-7
-0.071, -4.147e-7, -1.629e-7, -1.567e-7, -1.690e-7
-0.072, -4.177e-7, -1.660e-7, -1.598e-7, -1.690e-7
-0.073, -4.239e-7, -1.690e-7, -1.629e-7, -1.721e-7
-0.074, -4.300e-7, -1.721e-7, -1.660e-7, -1.752e-7
-0.075, -4.362e-7, -1.752e-7, -1.690e-7, -1.782e-7
-0.076, -4.454e-7, -1.782e-7, -1.721e-7, -1.813e-7
-0.077, -4.515e-7, -1.813e-7, -1.752e-7, -1.844e-7
-0.078, -4.577e-7, -1.844e-7, -1.782e-7, -1.875e-7
-0.079, -4.638e-7, -1.875e-7, -1.813e-7, -1.905e-7
-0.080, -4.730e-7, -1.905e-7, -1.844e-7, -1.967e-7
-0.081, -4.791e-7, -1.936e-7, -1.875e-7, -1.997e-7
-0.082, -4.853e-7, -1.997e-7, -1.905e-7, -2.028e-7
-0.083, -4.945e-7, -2.028e-7, -1.936e-7, -2.059e-7
-0.084, -5.037e-7, -2.059e-7, -1.997e-7, -2.089e-7
-0.085, -5.129e-7, -2.089e-7, -2.028e-7, -2.151e-7
-0.086, -5.191e-7, -2.151e-7, -2.059e-7, -2.182e-7
-0.087, -5.283e-7, -2.182e-7, -2.120e-7, -2.212e-7
-0.088, -5.375e-7, -2.212e-7, -2.151e-7, -2.274e-7
-0.089, -5.467e-7, -2.274e-7, -2.182e-7, -2.304e-7
-0.090, -5.590e-7, -2.304e-7, -2.243e-7, -2.366e-7
-0.091, -5.682e-7, -2.366e-7, -2.274e-7, -2.396e-7
-0.092, -5.774e-7, -2.427e-7, -2.335e-7, -2.458e-7
-0.093, -5.897e-7, -2.458e-7, -2.396e-7, -2.519e-7
-0.094, -5.989e-7, -2.519e-7, -2.427e-7, -2.550e-7
-0.095, -6.081e-7, -2.581e-7, -2.489e-7, -2.611e-7
-0.096, -6.235e-7, -2.611e-7, -2.550e-7, -2.673e-7
-0.097, -6.327e-7, -2.673e-7, -2.581e-7, -2.734e-7
-0.098, -6.450e-7, -2.734e-7, -2.642e-7, -2.765e-7
-0.099, -6.572e-7, -2.796e-7, -2.704e-7, -2.857e-7
