0.896, -1.646e-5, 1.171e-5, 2.817e-5, -2.876e-7, -2.676e-7, -3.076e-7, -1.737e-5, 1.279e-5, 3.016e-5, -4.465e-7, -4.435e-7, -4.496e-7, -1.733e-5, 1.280e-5, 3.014e-5, -1.743e-7, -1.749e-7, -1.737e-7, -1.508e-5, 1.115e-5, 2.623e-5, -1.238e-7, -1.122e-7, -1.354e-7
0.892, -1.390e-5, 7.188e-6, 2.109e-5, -5.037e-7, -4.780e-7, -5.293e-7, -1.471e-5, 7.725e-6, 2.244e-5, -5.657e-7, -5.390e-7, -5.924e-7, -1.465e-5, 7.594e-6, 2.224e-5, -3.359e-7, -3.226e-7, -3.491e-7, -1.266e-5, 6.784e-6, 1.945e-5, -2.724e-7, -2.583e-7, -2.865e-7
0.888, -1.178e-5, 5.195e-6, 1.697e-5, -6.779e-7, -6.618e-7, -6.939e-7, -1.248e-5, 5.513e-6, 1.799e-5, -6.887e-7, -6.609e-7, -7.165e-7, -1.237e-5, 5.407e-6, 1.778e-5, -4.742e-7, -4.649e-7, -4.836e-7, -1.067e-5, 4.909e-6, 1.558e-5, -3.930e-7, -3.816e-7, -4.043e-7
0.884, -1.018e-5, 3.969e-6, 1.415e-5, -8.019e-7, -7.951e-7, -8.087e-7, -1.080e-5, 4.171e-6, 1.497e-5, -7.884e-7, -7.689e-7, -8.079e-7, -1.068e-5, 4.089e-6, 1.476e-5, -5.835e-7, -5.786e-7, -5.883e-7, -9.204e-6, 3.759e-6, 1.296e-5, -4.833e-7, -4.780e-7, -4.885e-7
0.880, -8.959e-6, 3.104e-6, 1.206e-5, -8.896e-7, -8.890e-7, -8.903e-7, -9.504e-6, 3.227e-6, 1.273e-5, -8.597e-7, -8.438e-7, -8.756e-7, -9.373e-6, 3.176e-6, 1.255e-5, -6.590e-7, -6.580e-7, -6.600e-7, -8.064e-6, 2.973e-6, 1.104e-5, -5.470e-7, -5.495e-7, -5.444e-7
0.876, -7.986e-6, 2.449e-6, 1.044e-5, -9.440e-7, -9.536e-7, -9.343e-7, -8.478e-6, 2.525e-6, 1.100e-5, -9.028e-7, -8.959e-7, -9.096e-7, -8.344e-6, 2.499e-6, 1.084e-5, -7.112e-7, -7.149e-7, -7.074e-7, -7.172e-6, 2.376e-6, 9.548e-6, -5.846e-7, -5.870e-7, -5.823e-7
0.872, -7.186e-6, 1.942e-6, 9.128e-6, -9.695e-7, -9.767e-7, -9.623e-7, -7.637e-6, 1.978e-6, 9.615e-6, -9.327e-7, -9.277e-7, -9.378e-7, -7.515e-6, 1.958e-6, 9.473e-6, -7.472e-7, -7.571e-7, -7.372e-7, -6.444e-6, 1.910e-6, 8.355e-6, -6.060e-7, -6.129e-7, -5.992e-7
0.868, -6.528e-6, 1.523e-6, 8.051e-6, -9.815e-7, -9.921e-7, -9.709e-7, -6.941e-6, 1.539e-6, 8.480e-6, -9.402e-7, -9.356e-7, -9.447e-7, -6.819e-6, 1.538e-6, 8.357e-6, -7.627e-7, -7.773e-7, -7.481e-7, -5.843e-6, 1.531e-6, 7.374e-6, -6.182e-7, -6.308e-7, -6.057e-7
0.864, -5.984e-6, 1.173e-6, 7.157e-6, -9.834e-7, -9.998e-7, -9.669e-7, -6.355e-6, 1.171e-6, 7.526e-6, -9.388e-7, -9.391e-7, -9.385e-7, -6.247e-6, 1.177e-6, 7.424e-6, -7.668e-7, -7.833e-7, -7.502e-7, -5.340e-6, 1.220e-6, 6.560e-6, -6.211e-7, -6.348e-7, -6.073e-7
0.860, -5.512e-6, 8.889e-7, 6.401e-6, -9.683e-7, -9.868e-7, -9.497e-7, -5.868e-6, 8.596e-7, 6.728e-6, -9.327e-7, -9.360e-7, -9.294e-7, -5.754e-6, 8.769e-7, 6.631e-6, -7.690e-7, -7.835e-7, -7.545e-7, -4.902e-6, 9.641e-7, 5.866e-6, -6.131e-7, -6.240e-7, -6.022e-7
0.856, -5.120e-6, 6.311e-7, 5.751e-6, -9.514e-7, -9.717e-7, -9.310e-7, -5.442e-6, 6.018e-7, 6.044e-6, -9.143e-7, -9.181e-7, -9.105e-7, -5.334e-6, 6.280e-7, 5.962e-6, -7.570e-7, -7.728e-7, -7.411e-7, -4.530e-6, 7.425e-7, 5.273e-6, -6.066e-7, -6.197e-7, -5.936e-7
0.852, -4.766e-6, 4.260e-7, 5.192e-6, -9.233e-7, -9.423e-7, -9.044e-7, -5.067e-6, 3.847e-7, 5.452e-6, -8.943e-7, -8.971e-7, -8.916e-7, -4.969e-6, 4.053e-7, 5.374e-6, -7.501e-7, -7.685e-7, -7.318e-7, -4.216e-6, 5.483e-7, 4.764e-6, -5.905e-7, -6.061e-7, -5.749e-7
0.848, -4.462e-6, 2.419e-7, 4.704e-6, -8.994e-7, -9.201e-7, -8.786e-7, -4.744e-6, 1.894e-7, 4.933e-6, -8.715e-7, -8.758e-7, -8.673e-7, -4.647e-6, 2.223e-7, 4.870e-6, -7.320e-7, -7.494e-7, -7.146e-7, -3.931e-6, 3.859e-7, 4.316e-6, -5.774e-7, -5.913e-7, -5.636e-7
0.844, -4.198e-6, 7.740e-8, 4.276e-6, -8.747e-7, -8.942e-7, -8.552e-7, -4.458e-6, 2.077e-8, 4.478e-6, -8.510e-7, -8.563e-7, -8.457e-7, -4.365e-6, 5.971e-8, 4.425e-6, -7.109e-7, -7.286e-7, -6.932e-7, -3.688e-6, 2.425e-7, 3.931e-6, -5.564e-7, -5.717e-7, -5.412e-7
0.840, -3.953e-6, -5.587e-8, 3.897e-6, -8.451e-7, -8.660e-7, -8.242e-7, -4.204e-6, -1.249e-7, 4.079e-6, -8.240e-7, -8.281e-7, -8.198e-7, -4.114e-6, -8.503e-8, 4.029e-6, -6.923e-7, -7.122e-7, -6.723e-7, -3.465e-6, 1.197e-7, 3.585e-6, -5.409e-7, -5.558e-7, -5.261e-7
0.836, -3.733e-6, -1.748e-7, 3.559e-6, -8.168e-7, -8.375e-7, -7.960e-7, -3.975e-6, -2.544e-7, 3.721e-6, -7.973e-7, -7.993e-7, -7.952e-7, -3.888e-6, -2.086e-7, 3.679e-6, -6.724e-7, -6.906e-7, -6.542e-7, -3.264e-6, 1.659e-8, 3.281e-6, -5.202e-7, -5.363e-7, -5.042e-7
0.832, -3.542e-6, -2.872e-7, 3.254e-6, -7.866e-7, -8.060e-7, -7.671e-7, -3.766e-6, -3.586e-7, 3.407e-6, -7.687e-7, -7.737e-7, -7.636e-7, -3.683e-6, -3.114e-7, 3.372e-6, -6.464e-7, -6.677e-7, -6.252e-7, -3.087e-6, -7.947e-8, 3.007e-6, -5.040e-7, -5.180e-7, -4.900e-7
0.828, -3.361e-6, -3.744e-7, 2.987e-6, -7.539e-7, -7.749e-7, -7.329e-7, -3.578e-6, -4.533e-7, 3.125e-6, -7.431e-7, -7.482e-7, -7.380e-7, -3.497e-6, -4.076e-7, 3.089e-6, -6.291e-7, -6.478e-7, -6.104e-7, -2.923e-6, -1.610e-7, 2.762e-6, -4.833e-7, -4.970e-7, -4.696e-7
0.824, -3.199e-6, -4.575e-7, 2.741e-6, -7.262e-7, -7.468e-7, -7.056e-7, -3.404e-6, -5.389e-7, 2.865e-6, -7.142e-7, -7.177e-7, -7.108e-7, -3.333e-6, -4.947e-7, 2.838e-6, -6.057e-7, -6.242e-7, -5.872e-7, -2.775e-6, -2.342e-7, 2.541e-6, -4.683e-7, -4.836e-7, -4.530e-7
0.820, -3.050e-6, -5.306e-7, 2.519e-6, -6.981e-7, -7.180e-7, -6.781e-7, -3.252e-6, -6.173e-7, 2.634e-6, -6.884e-7, -6.907e-7, -6.862e-7, -3.173e-6, -5.625e-7, 2.610e-6, -5.849e-7, -6.026e-7, -5.671e-7, -2.642e-6, -2.987e-7, 2.343e-6, -4.490e-7, -4.649e-7, -4.331e-7
0.816, -2.919e-6, -5.980e-7, 2.321e-6, -6.719e-7, -6.896e-7, -6.542e-7, -3.102e-6, -6.782e-7, 2.423e-6, -6.622e-7, -6.652e-7, -6.593e-7, -3.034e-6, -6.292e-7, 2.405e-6, -5.631e-7, -5.815e-7, -5.446e-7, -2.523e-6, -3.584e-7, 2.165e-6, -4.326e-7, -4.486e-7, -4.166e-7
0.812, -2.788e-6, -6.494e-7, 2.138e-6, -6.476e-7, -6.675e-7, -6.278e-7, -2.981e-6, -7.449e-7, 2.236e-6, -6.430e-7, -6.496e-7, -6.363e-7, -2.910e-6, -6.906e-7, 2.220e-6, -5.422e-7, -5.624e-7, -5.220e-7, -2.404e-6, -4.011e-7, 2.002e-6, -4.119e-7, -4.240e-7, -3.998e-7
0.808, -2.684e-6, -7.041e-7, 1.980e-6, -6.187e-7, -6.373e-7, -6.000e-7, -2.864e-6, -7.953e-7, 2.069e-6, -6.145e-7, -6.171e-7, -6.119e-7, -2.793e-6, -7.428e-7, 2.050e-6, -5.240e-7, -5.407e-7, -5.073e-7, -2.306e-6, -4.552e-7, 1.851e-6, -3.983e-7, -4.113e-7, -3.852e-7
0.804, -2.582e-6, -7.512e-7, 1.831e-6, -5.947e-7, -6.124e-7, -5.770e-7, -2.753e-6, -8.431e-7, 1.910e-6, -5.921e-7, -5.953e-7, -5.889e-7, -2.692e-6, -7.925e-7, 1.899e-6, -5.047e-7, -5.226e-7, -4.867e-7, -2.224e-6, -4.971e-7, 1.727e-6, -3.822e-7, -3.951e-7, -3.692e-7
0.800, -2.484e-6, -7.950e-7, 1.689e-6, -5.725e-7, -5.907e-7, -5.544e-7, -2.656e-6, -8.895e-7, 1.767e-6, -5.677e-7, -5.706e-7, -5.648e-7, -2.604e-6, -8.405e-7, 1.764e-6, -4.871e-7, -5.066e-7, -4.675e-7, -2.143e-6, -5.371e-7, 1.606e-6, -3.697e-7, -3.826e-7, -3.567e-7
0.796, -2.402e-6, -8.344e-7, 1.568e-6, -5.486e-7, -5.663e-7, -5.309e-7, -2.576e-6, -9.322e-7, 1.644e-6, -5.473e-7, -5.527e-7, -5.419e-7, -2.514e-6, -8.777e-7, 1.636e-6, -4.668e-7, -4.817e-7, -4.519e-7, -2.058e-6, -5.679e-7, 1.490e-6, -3.529e-7, -3.652e-7, -3.406e-7
0.792, -2.329e-6, -8.724e-7, 1.457e-6, -5.278e-7, -5.464e-7, -5.093e-7, -2.493e-6, -9.714e-7, 1.521e-6, -5.263e-7, -5.301e-7, -5.224e-7, -2.442e-6, -9.185e-7, 1.524e-6, -4.484e-7, -4.643e-7, -4.325e-7, -1.998e-6, -6.005e-7, 1.398e-6, -3.400e-7, -3.508e-7, -3.291e-7
0.788, -2.257e-6, -9.069e-7, 1.350e-6, -5.089e-7, -5.265e-7, -4.912e-7, -2.419e-6, -1.004e-6, 1.416e-6, -5.052e-7, -5.076e-7, -5.029e-7, -2.375e-6, -9.518e-7, 1.424e-6, -4.312e-7, -4.506e-7, -4.117e-7, -1.947e-6, -6.350e-7, 1.312e-6, -3.276e-7, -3.388e-7, -3.164e-7
0.784, -2.200e-6, -9.385e-7, 1.262e-6, -4.878e-7, -5.039e-7, -4.717e-7, -2.358e-6, -1.038e-6, 1.319e-6, -4.876e-7, -4.909e-7, -4.844e-7, -2.312e-6, -9.882e-7, 1.324e-6, -4.171e-7, -4.350e-7, -3.991e-7, -1.897e-6, -6.693e-7, 1.227e-6, -3.176e-7, -3.296e-7, -3.057e-7
0.780, -2.154e-6, -9.751e-7, 1.179e-6, -4.687e-7, -4.891e-7, -4.482e-7, -2.309e-6, -1.073e-6, 1.236e-6, -4.692e-7, -4.724e-7, -4.661e-7, -2.253e-6, -1.016e-6, 1.237e-6, -4.013e-7, -4.153e-7, -3.872e-7, -1.843e-6, -6.920e-7, 1.151e-6, -3.062e-7, -3.167e-7, -2.956e-7
0.776, -2.104e-6, -1.001e-6, 1.104e-6, -4.506e-7, -4.663e-7, -4.349e-7, -2.256e-6, -1.103e-6, 1.153e-6, -4.530e-7, -4.578e-7, -4.483e-7, -2.207e-6, -1.049e-6, 1.158e-6, -3.900e-7, -4.043e-7, -3.757e-7, -1.809e-6, -7.224e-7, 1.086e-6, -2.930e-7, -3.028e-7, -2.832e-7
0.772, -2.062e-6, -1.031e-6, 1.031e-6, -4.355e-7, -4.543e-7, -4.167e-7, -2.214e-6, -1.133e-6, 1.082e-6, -4.378e-7, -4.377e-7, -4.379e-7, -2.164e-6, -1.077e-6, 1.087e-6, -3.728e-7, -3.856e-7, -3.600e-7, -1.773e-6, -7.464e-7, 1.026e-6, -2.829e-7, -2.960e-7, -2.699e-7
0.768, -2.021e-6, -1.054e-6, 9.666e-7, -4.153e-7, -4.333e-7, -3.973e-7, -2.178e-6, -1.159e-6, 1.019e-6, -4.232e-7, -4.273e-7, -4.191e-7, -2.128e-6, -1.108e-6, 1.020e-6, -3.624e-7, -3.788e-7, -3.459e-7, -1.736e-6, -7.676e-7, 9.686e-7, -2.720e-7, -2.808e-7, -2.632e-7
0.764, -1.986e-6, -1.080e-6, 9.066e-7, -4.011e-7, -4.163e-7, -3.859e-7, -2.139e-6, -1.183e-6, 9.558e-7, -4.069e-7, -4.089e-7, -4.050e-7, -2.098e-6, -1.134e-6, 9.632e-7, -3.496e-7, -3.682e-7, -3.310e-7, -1.721e-6, -7.989e-7, 9.218e-7, -2.640e-7, -2.735e-7, -2.545e-7
0.760, -1.965e-6, -1.109e-6, 8.554e-7, -3.912e-7, -4.072e-7, -3.752e-7, -2.107e-6, -1.211e-6, 8.954e-7, -3.940e-7, -3.941e-7, -3.939e-7, -2.067e-6, -1.160e-6, 9.066e-7, -3.358e-7, -3.533e-7, -3.183e-7, -1.692e-6, -8.164e-7, 8.755e-7, -2.538e-7, -2.665e-7, -2.411e-7
0.756, -1.937e-6, -1.129e-6, 8.072e-7, -3.763e-7, -3.914e-7, -3.613e-7, -2.074e-6, -1.231e-6, 8.431e-7, -3.796e-7, -3.785e-7, -3.806e-7, -2.036e-6, -1.180e-6, 8.559e-7, -3.234e-7, -3.387e-7, -3.080e-7, -1.672e-6, -8.393e-7, 8.326e-7, -2.457e-7, -2.591e-7, -2.323e-7
0.752, -1.912e-6, -1.157e-6, 7.550e-7, -3.634e-7, -3.807e-7, -3.462e-7, -2.058e-6, -1.256e-6, 8.017e-7, -3.639e-7, -3.634e-7, -3.644e-7, -2.008e-6, -1.201e-6, 8.072e-7, -3.156e-7, -3.294e-7, -3.019e-7, -1.651e-6, -8.573e-7, 7.935e-7, -2.403e-7, -2.538e-7, -2.268e-7
0.748, -1.884e-6, -1.170e-6, 7.138e-7, -3.517e-7, -3.650e-7, -3.384e-7, -2.035e-6, -1.281e-6, 7.544e-7, -3.556e-7, -3.599e-7, -3.513e-7, -1.996e-6, -1.230e-6, 7.663e-7, -3.051e-7, -3.210e-7, -2.892e-7, -1.629e-6, -8.722e-7, 7.570e-7, -2.310e-7, -2.390e-7, -2.231e-7
0.744, -1.873e-6, -1.193e-6, 6.805e-7, -3.378e-7, -3.548e-7, -3.209e-7, -2.013e-6, -1.299e-6, 7.143e-7, -3.432e-7, -3.462e-7, -3.403e-7, -1.970e-6, -1.245e-6, 7.245e-7, -2.943e-7, -3.091e-7, -2.794e-7, -1.617e-6, -8.932e-7, 7.234e-7, -2.250e-7, -2.340e-7, -2.160e-7
0.740, -1.856e-6, -1.212e-6, 6.439e-7, -3.266e-7, -3.441e-7, -3.091e-7, -1.997e-6, -1.318e-6, 6.797e-7, -3.316e-7, -3.313e-7, -3.319e-7, -1.949e-6, -1.264e-6, 6.851e-7, -2.898e-7, -3.019e-7, -2.776e-7, -1.604e-6, -9.148e-7, 6.890e-7, -2.185e-7, -2.314e-7, -2.057e-7
0.736, -1.839e-6, -1.233e-6, 6.068e-7, -3.182e-7, -3.331e-7, -3.032e-7, -1.980e-6, -1.334e-6, 6.458e-7, -3.183e-7, -3.185e-7, -3.182e-7, -1.938e-6, -1.285e-6, 6.537e-7, -2.793e-7, -2.951e-7, -2.636e-7, -1.595e-6, -9.308e-7, 6.641e-7, -2.136e-7, -2.262e-7, -2.009e-7
0.732, -1.829e-6, -1.253e-6, 5.764e-7, -3.084e-7, -3.263e-7, -2.906e-7, -1.966e-6, -1.356e-6, 6.100e-7, -3.090e-7, -3.068e-7, -3.112e-7, -1.927e-6, -1.301e-6, 6.256e-7, -2.702e-7, -2.834e-7, -2.571e-7, -1.584e-6, -9.469e-7, 6.374e-7, -2.095e-7, -2.224e-7, -1.967e-7
0.728, -1.810e-6, -1.267e-6, 5.426e-7, -2.985e-7, -3.094e-7, -2.876e-7, -1.950e-6, -1.367e-6, 5.826e-7, -3.021e-7, -3.017e-7, -3.025e-7, -1.919e-6, -1.322e-6, 5.967e-7, -2.638e-7, -2.820e-7, -2.456e-7, -1.578e-6, -9.633e-7, 6.148e-7, -2.041e-7, -2.162e-7, -1.919e-7
0.724, -1.803e-6, -1.287e-6, 5.160e-7, -2.936e-7, -3.120e-7, -2.751e-7, -1.943e-6, -1.390e-6, 5.536e-7, -2.944e-7, -2.949e-7, -2.940e-7, -1.905e-6, -1.333e-6, 5.719e-7, -2.523e-7, -2.657e-7, -2.389e-7, -1.560e-6, -9.716e-7, 5.880e-7, -1.980e-7, -2.095e-7, -1.864e-7
0.720, -1.782e-6, -1.293e-6, 4.897e-7, -2.874e-7, -3.030e-7, -2.717e-7, -1.937e-6, -1.409e-6, 5.273e-7, -2.863e-7, -2.892e-7, -2.834e-7, -1.902e-6, -1.355e-6, 5.477e-7, -2.431e-7, -2.583e-7, -2.279e-7, -1.551e-6, -9.809e-7, 5.704e-7, -1.900e-7, -1.988e-7, -1.812e-7
0.716, -1.777e-6, -1.308e-6, 4.691e-7, -2.774e-7, -2.907e-7, -2.640e-7, -1.911e-6, -1.412e-6, 4.989e-7, -2.728e-7, -2.688e-7, -2.768e-7, -1.883e-6, -1.364e-6, 5.188e-7, -2.415e-7, -2.579e-7, -2.251e-7, -1.553e-6, -1.003e-6, 5.502e-7, -1.890e-7, -2.010e-7, -1.771e-7
0.712, -1.769e-6, -1.322e-6, 4.468e-7, -2.706e-7, -2.840e-7, -2.573e-7, -1.907e-6, -1.430e-6, 4.773e-7, -2.721e-7, -2.717e-7, -2.725e-7, -1.879e-6, -1.380e-6, 4.987e-7, -2.346e-7, -2.521e-7, -2.170e-7, -1.548e-6, -1.011e-6, 5.364e-7, -1.803e-7, -1.911e-7, -1.694e-7
0.708, -1.764e-6, -1.334e-6, 4.303e-7, -2.640e-7, -2.816e-7, -2.465e-7, -1.902e-6, -1.444e-6, 4.584e-7, -2.634e-7, -2.620e-7, -2.647e-7, -1.864e-6, -1.389e-6, 4.752e-7, -2.278e-7, -2.413e-7, -2.144e-7, -1.534e-6, -1.021e-6, 5.134e-7, -1.785e-7, -1.889e-7, -1.681e-7
0.704, -1.747e-6, -1.338e-6, 4.087e-7, -2.536e-7, -2.675e-7, -2.397e-7, -1.889e-6, -1.450e-6, 4.394e-7, -2.575e-7, -2.565e-7, -2.586e-7, -1.864e-6, -1.404e-6, 4.596e-7, -2.238e-7, -2.397e-7, -2.078e-7, -1.529e-6, -1.032e-6, 4.978e-7, -1.757e-7, -1.867e-7, -1.646e-7
0.700, -1.739e-6, -1.352e-6, 3.877e-7, -2.500e-7, -2.623e-7, -2.377e-7, -1.880e-6, -1.458e-6, 4.216e-7, -2.462e-7, -2.451e-7, -2.473e-7, -1.852e-6, -1.409e-6, 4.433e-7, -2.162e-7, -2.314e-7, -2.011e-7, -1.525e-6, -1.042e-6, 4.827e-7, -1.761e-7, -1.867e-7, -1.655e-7
0.696, -1.734e-6, -1.361e-6, 3.726e-7, -2.451e-7, -2.605e-7, -2.297e-7, -1.871e-6, -1.468e-6, 4.029e-7, -2.454e-7, -2.465e-7, -2.443e-7, -1.837e-6, -1.417e-6, 4.206e-7, -2.127e-7, -2.266e-7, -1.988e-7, -1.520e-6, -1.050e-6, 4.695e-7, -1.700e-7, -1.807e-7, -1.594e-7
0.692, -1.722e-6, -1.364e-6, 3.580e-7, -2.384e-7, -2.503e-7, -2.266e-7, -1.853e-6, -1.471e-6, 3.814e-7, -2.373e-7, -2.382e-7, -2.363e-7, -1.835e-6, -1.427e-6, 4.081e-7, -2.073e-7, -2.222e-7, -1.925e-7, -1.515e-6, -1.057e-6, 4.580e-7, -1.653e-7, -1.768e-7, -1.539e-7
0.688, -1.707e-6, -1.364e-6, 3.422e-7, -2.294e-7, -2.413e-7, -2.175e-7, -1.851e-6, -1.478e-6, 3.728e-7, -2.308e-7, -2.303e-7, -2.313e-7, -1.829e-6, -1.436e-6, 3.931e-7, -2.047e-7, -2.219e-7, -1.875e-7, -1.507e-6, -1.063e-6, 4.439e-7, -1.619e-7, -1.721e-7, -1.516e-7
0.684, -1.698e-6, -1.366e-6, 3.316e-7, -2.237e-7, -2.363e-7, -2.111e-7, -1.842e-6, -1.480e-6, 3.624e-7, -2.279e-7, -2.261e-7, -2.297e-7, -1.818e-6, -1.441e-6, 3.771e-7, -2.016e-7, -2.159e-7, -1.873e-7, -1.497e-6, -1.067e-6, 4.303e-7, -1.582e-7, -1.676e-7, -1.488e-7
0.680, -1.690e-6, -1.372e-6, 3.183e-7, -2.217e-7, -2.345e-7, -2.089e-7, -1.830e-6, -1.485e-6, 3.449e-7, -2.258e-7, -2.264e-7, -2.252e-7, -1.806e-6, -1.441e-6, 3.643e-7, -1.957e-7, -2.087e-7, -1.827e-7, -1.486e-6, -1.068e-6, 4.180e-7, -1.540e-7, -1.607e-7, -1.474e-7
0.676, -1.677e-6, -1.370e-6, 3.068e-7, -2.152e-7, -2.308e-7, -1.995e-7, -1.818e-6, -1.485e-6, 3.337e-7, -2.207e-7, -2.210e-7, -2.203e-7, -1.800e-6, -1.447e-6, 3.528e-7, -1.912e-7, -2.072e-7, -1.752e-7, -1.489e-6, -1.077e-6, 4.119e-7, -1.533e-7, -1.640e-7, -1.427e-7
0.672, -1.670e-6, -1.372e-6, 2.977e-7, -2.131e-7, -2.247e-7, -2.015e-7, -1.799e-6, -1.482e-6, 3.170e-7, -2.154e-7, -2.142e-7, -2.166e-7, -1.784e-6, -1.446e-6, 3.381e-7, -1.899e-7, -2.045e-7, -1.754e-7, -1.482e-6, -1.077e-6, 4.058e-7, -1.486e-7, -1.584e-7, -1.388e-7
0.668, -1.655e-6, -1.369e-6, 2.865e-7, -2.123e-7, -2.261e-7, -1.985e-7, -1.790e-6, -1.483e-6, 3.071e-7, -2.090e-7, -2.085e-7, -2.096e-7, -1.774e-6, -1.442e-6, 3.318e-7, -1.809e-7, -1.983e-7, -1.636e-7, -1.466e-6, -1.075e-6, 3.912e-7, -1.463e-7, -1.560e-7, -1.365e-7
0.664, -1.648e-6, -1.371e-6, 2.770e-7, -2.024e-7, -2.190e-7, -1.858e-7, -1.788e-6, -1.480e-6, 3.077e-7, -2.035e-7, -2.068e-7, -2.001e-7, -1.766e-6, -1.442e-6, 3.243e-7, -1.843e-7, -1.978e-7, -1.709e-7, -1.454e-6, -1.079e-6, 3.754e-7, -1.482e-7, -1.535e-7, -1.429e-7
0.660, -1.643e-6, -1.365e-6, 2.783e-7, -1.995e-7, -2.154e-7, -1.837e-7, -1.772e-6, -1.477e-6, 2.945e-7, -2.054e-7, -2.035e-7, -2.074e-7, -1.743e-6, -1.440e-6, 3.024e-7, -1.790e-7, -1.925e-7, -1.656e-7, -1.453e-6, -1.078e-6, 3.747e-7, -1.407e-7, -1.549e-7, -1.264e-7
0.656, -1.615e-6, -1.360e-6, 2.555e-7, -1.977e-7, -2.083e-7, -1.871e-7, -1.756e-6, -1.470e-6, 2.855e-7, -1.981e-7, -2.002e-7, -1.960e-7, -1.743e-6, -1.435e-6, 3.083e-7, -1.711e-7, -1.865e-7, -1.558e-7, -1.442e-6, -1.072e-6, 3.694e-7, -1.411e-7, -1.476e-7, -1.347e-7
0.652, -1.614e-6, -1.356e-6, 2.579e-7, -1.926e-7, -2.053e-7, -1.798e-7, -1.737e-6, -1.462e-6, 2.748e-7, -1.949e-7, -1.939e-7, -1.959e-7, -1.720e-6, -1.427e-6, 2.928e-7, -1.703e-7, -1.830e-7, -1.576e-7, -1.431e-6, -1.070e-6, 3.611e-7, -1.376e-7, -1.475e-7, -1.277e-7
0.648, -1.595e-6, -1.348e-6, 2.465e-7, -1.912e-7, -2.030e-7, -1.793e-7, -1.727e-6, -1.456e-6, 2.707e-7, -1.927e-7, -1.890e-7, -1.964e-7, -1.708e-6, -1.419e-6, 2.886e-7, -1.678e-7, -1.796e-7, -1.560e-7, -1.426e-6, -1.069e-6, 3.577e-7, -1.337e-7, -1.465e-7, -1.208e-7
0.644, -1.583e-6, -1.338e-6, 2.454e-7, -1.837e-7, -1.988e-7, -1.685e-7, -1.714e-6, -1.446e-6, 2.677e-7, -1.874e-7, -1.870e-7, -1.877e-7, -1.694e-6, -1.417e-6, 2.768e-7, -1.693e-7, -1.826e-7, -1.561e-7, -1.415e-6, -1.067e-6, 3.482e-7, -1.321e-7, -1.430e-7, -1.212e-7
0.640, -1.568e-6, -1.331e-6, 2.370e-7, -1.843e-7, -1.954e-7, -1.732e-7, -1.686e-6, -1.432e-6, 2.540e-7, -1.831e-7, -1.800e-7, -1.862e-7, -1.685e-6, -1.408e-6, 2.765e-7, -1.617e-7, -1.788e-7, -1.446e-7, -1.413e-6, -1.064e-6, 3.484e-7, -1.315e-7, -1.451e-7, -1.179e-7
0.636, -1.553e-6, -1.321e-6, 2.321e-7, -1.819e-7, -1.960e-7, -1.677e-7, -1.682e-6, -1.430e-6, 2.511e-7, -1.804e-7, -1.794e-7, -1.814e-7, -1.675e-6, -1.401e-6, 2.741e-7, -1.581e-7, -1.725e-7, -1.437e-7, -1.400e-6, -1.055e-6, 3.450e-7, -1.265e-7, -1.374e-7, -1.156e-7
0.632, -1.538e-6, -1.312e-6, 2.263e-7, -1.759e-7, -1.901e-7, -1.616e-7, -1.671e-6, -1.421e-6, 2.499e-7, -1.799e-7, -1.785e-7, -1.813e-7, -1.655e-6, -1.390e-6, 2.649e-7, -1.577e-7, -1.708e-7, -1.446e-7, -1.384e-6, -1.050e-6, 3.341e-7, -1.268e-7, -1.354e-7, -1.182e-7
0.628, -1.528e-6, -1.302e-6, 2.264e-7, -1.740e-7, -1.893e-7, -1.587e-7, -1.652e-6, -1.407e-6, 2.447e-7, -1.724e-7, -1.733e-7, -1.715e-7, -1.645e-6, -1.381e-6, 2.644e-7, -1.544e-7, -1.686e-7, -1.403e-7, -1.377e-6, -1.047e-6, 3.305e-7, -1.270e-7, -1.369e-7, -1.171e-7
0.624, -1.513e-6, -1.293e-6, 2.200e-7, -1.690e-7, -1.810e-7, -1.571e-7, -1.636e-6, -1.397e-6, 2.394e-7, -1.738e-7, -1.712e-7, -1.765e-7, -1.631e-6, -1.372e-6, 2.594e-7, -1.530e-7, -1.667e-7, -1.394e-7, -1.369e-6, -1.040e-6, 3.284e-7, -1.260e-7, -1.363e-7, -1.157e-7
0.620, -1.497e-6, -1.277e-6, 2.197e-7, -1.710e-7, -1.852e-7, -1.568e-7, -1.629e-6, -1.388e-6, 2.412e-7, -1.680e-7, -1.689e-7, -1.672e-7, -1.611e-6, -1.356e-6, 2.553e-7, -1.477e-7, -1.616e-7, -1.338e-7, -1.352e-6, -1.027e-6, 3.252e-7, -1.228e-7, -1.287e-7, -1.170e-7
0.616, -1.486e-6, -1.271e-6, 2.151e-7, -1.664e-7, -1.811e-7, -1.517e-7, -1.612e-6, -1.376e-6, 2.352e-7, -1.626e-7, -1.635e-7, -1.618e-7, -1.599e-6, -1.345e-6, 2.535e-7, -1.478e-7, -1.634e-7, -1.321e-7, -1.346e-6, -1.024e-6, 3.212e-7, -1.236e-7, -1.326e-7, -1.147e-7
0.612, -1.481e-6, -1.265e-6, 2.157e-7, -1.640e-7, -1.769e-7, -1.510e-7, -1.595e-6, -1.361e-6, 2.338e-7, -1.602e-7, -1.602e-7, -1.601e-7, -1.586e-6, -1.333e-6, 2.534e-7, -1.445e-7, -1.578e-7, -1.313e-7, -1.340e-6, -1.020e-6, 3.193e-7, -1.228e-7, -1.332e-7, -1.125e-7
0.608, -1.455e-6, -1.246e-6, 2.086e-7, -1.634e-7, -1.730e-7, -1.538e-7, -1.587e-6, -1.354e-6, 2.327e-7, -1.589e-7, -1.588e-7, -1.590e-7, -1.581e-6, -1.326e-6, 2.549e-7, -1.420e-7, -1.623e-7, -1.217e-7, -1.332e-6, -1.012e-6, 3.196e-7, -1.201e-7, -1.290e-7, -1.113e-7
0.604, -1.452e-6, -1.238e-6, 2.143e-7, -1.618e-7, -1.766e-7, -1.470e-7, -1.572e-6, -1.341e-6, 2.310e-7, -1.573e-7, -1.552e-7, -1.593e-7, -1.558e-6, -1.311e-6, 2.471e-7, -1.408e-7, -1.533e-7, -1.283e-7, -1.316e-6, -9.988e-7, 3.172e-7, -1.160e-7, -1.255e-7, -1.065e-7
0.600, -1.435e-6, -1.222e-6, 2.125e-7, -1.538e-7, -1.682e-7, -1.393e-7, -1.559e-6, -1.328e-6, 2.309e-7, -1.577e-7, -1.588e-7, -1.567e-7, -1.552e-6, -1.305e-6, 2.467e-7, -1.396e-7, -1.533e-7, -1.260e-7, -1.309e-6, -9.949e-7, 3.145e-7, -1.145e-7, -1.261e-7, -1.029e-7
0.596, -1.421e-6, -1.210e-6, 2.106e-7, -1.571e-7, -1.696e-7, -1.446e-7, -1.545e-6, -1.316e-6, 2.291e-7, -1.575e-7, -1.573e-7, -1.576e-7, -1.536e-6, -1.291e-6, 2.457e-7, -1.378e-7, -1.530e-7, -1.227e-7, -1.302e-6, -9.890e-7, 3.129e-7, -1.112e-7, -1.230e-7, -9.932e-8
0.592, -1.409e-6, -1.202e-6, 2.069e-7, -1.517e-7, -1.669e-7, -1.365e-7, -1.535e-6, -1.302e-6, 2.327e-7, -1.533e-7, -1.529e-7, -1.536e-7, -1.524e-6, -1.278e-6, 2.464e-7, -1.371e-7, -1.506e-7, -1.236e-7, -1.288e-6, -9.785e-7, 3.091e-7, -1.161e-7, -1.256e-7, -1.066e-7
0.588, -1.405e-6, -1.187e-6, 2.176e-7, -1.477e-7, -1.615e-7, -1.338e-7, -1.515e-6, -1.289e-6, 2.259e-7, -1.505e-7, -1.478e-7, -1.532e-7, -1.501e-6, -1.265e-6, 2.361e-7, -1.357e-7, -1.493e-7, -1.220e-7, -1.291e-6, -9.761e-7, 3.149e-7, -1.107e-7, -1.233e-7, -9.799e-8
0.584, -1.381e-6, -1.175e-6, 2.056e-7, -1.489e-7, -1.598e-7, -1.381e-7, -1.506e-6, -1.277e-6, 2.292e-7, -1.459e-7, -1.456e-7, -1.463e-7, -1.501e-6, -1.254e-6, 2.465e-7, -1.302e-7, -1.460e-7, -1.144e-7, -1.273e-6, -9.642e-7, 3.087e-7, -1.112e-7, -1.214e-7, -1.010e-7
0.580, -1.379e-6, -1.166e-6, 2.131e-7, -1.475e-7, -1.641e-7, -1.309e-7, -1.491e-6, -1.265e-6, 2.258e-7, -1.453e-7, -1.436e-7, -1.469e-7, -1.484e-6, -1.238e-6, 2.455e-7, -1.289e-7, -1.443e-7, -1.135e-7, -1.266e-6, -9.574e-7, 3.087e-7, -1.083e-7, -1.175e-7, -9.918e-8
0.576, -1.362e-6, -1.154e-6, 2.084e-7, -1.473e-7, -1.582e-7, -1.364e-7, -1.482e-6, -1.252e-6, 2.298e-7, -1.431e-7, -1.424e-7, -1.437e-7, -1.478e-6, -1.230e-6, 2.478e-7, -1.245e-7, -1.419e-7, -1.071e-7, -1.263e-6, -9.495e-7, 3.130e-7, -1.065e-7, -1.170e-7, -9.601e-8
0.572, -1.349e-6, -1.138e-6, 2.112e-7, -1.403e-7, -1.531e-7, -1.275e-7, -1.470e-6, -1.235e-6, 2.344e-7, -1.421e-7, -1.415e-7, -1.426e-7, -1.464e-6, -1.221e-6, 2.426e-7, -1.301e-7, -1.456e-7, -1.145e-7, -1.256e-6, -9.472e-7, 3.092e-7, -1.072e-7, -1.193e-7, -9.516e-8
0.568, -1.345e-6, -1.132e-6, 2.134e-7, -1.400e-7, -1.578e-7, -1.223e-7, -1.466e-6, -1.232e-6, 2.343e-7, -1.406e-7, -1.438e-7, -1.374e-7, -1.457e-6, -1.210e-6, 2.469e-7, -1.234e-7, -1.348e-7, -1.119e-7, -1.238e-6, -9.281e-7, 3.102e-7, -1.030e-7, -1.115e-7, -9.437e-8
0.564, -1.338e-6, -1.119e-6, 2.190e-7, -1.367e-7, -1.499e-7, -1.234e-7, -1.450e-6, -1.216e-6, 2.339e-7, -1.396e-7, -1.385e-7, -1.407e-7, -1.446e-6, -1.198e-6, 2.487e-7, -1.251e-7, -1.414e-7, -1.089e-7, -1.236e-6, -9.283e-7, 3.072e-7, -1.022e-7, -1.122e-7, -9.220e-8
0.560, -1.328e-6, -1.111e-6, 2.168e-7, -1.364e-7, -1.505e-7, -1.224e-7, -1.441e-6, -1.207e-6, 2.336e-7, -1.366e-7, -1.366e-7, -1.366e-7, -1.431e-6, -1.183e-6, 2.486e-7, -1.223e-7, -1.356e-7, -1.090e-7, -1.223e-6, -9.167e-7, 3.062e-7, -9.873e-8, -1.077e-7, -8.979e-8
0.556, -1.321e-6, -1.103e-6, 2.187e-7, -1.365e-7, -1.514e-7, -1.216e-7, -1.439e-6, -1.198e-6, 2.404e-7, -1.339e-7, -1.369e-7, -1.310e-7, -1.426e-6, -1.171e-6, 2.550e-7, -1.168e-7, -1.311e-7, -1.025e-7, -1.215e-6, -9.095e-7, 3.052e-7, -1.017e-7, -1.100e-7, -9.343e-8
0.552, -1.305e-6, -1.091e-6, 2.140e-7, -1.374e-7, -1.535e-7, -1.213e-7, -1.431e-6, -1.189e-6, 2.412e-7, -1.317e-7, -1.330e-7, -1.303e-7, -1.415e-6, -1.158e-6, 2.566e-7, -1.144e-7, -1.282e-7, -1.005e-7, -1.205e-6, -8.980e-7, 3.072e-7, -9.733e-8, -1.062e-7, -8.843e-8
0.548, -1.303e-6, -1.079e-6, 2.235e-7, -1.316e-7, -1.475e-7, -1.157e-7, -1.413e-6, -1.172e-6, 2.407e-7, -1.315e-7, -1.324e-7, -1.307e-7, -1.401e-6, -1.150e-6, 2.513e-7, -1.157e-7, -1.297e-7, -1.017e-7, -1.207e-6, -8.975e-7, 3.098e-7, -9.639e-8, -1.078e-7, -8.498e-8
0.544, -1.293e-6, -1.070e-6, 2.233e-7, -1.304e-7, -1.464e-7, -1.144e-7, -1.401e-6, -1.161e-6, 2.399e-7, -1.298e-7, -1.281e-7, -1.314e-7, -1.389e-6, -1.137e-6, 2.522e-7, -1.159e-7, -1.319e-7, -9.987e-8, -1.202e-6, -8.936e-7, 3.081e-7, -9.550e-8, -1.083e-7, -8.266e-8
0.540, -1.284e-6, -1.060e-6, 2.245e-7, -1.269e-7, -1.403e-7, -1.134e-7, -1.392e-6, -1.149e-6, 2.428e-7, -1.246e-7, -1.256e-7, -1.235e-7, -1.387e-6, -1.130e-6, 2.570e-7, -1.158e-7, -1.312e-7, -1.004e-7, -1.197e-6, -8.875e-7, 3.097e-7, -9.648e-8, -1.085e-7, -8.444e-8
0.536, -1.276e-6, -1.053e-6, 2.225e-7, -1.300e-7, -1.441e-7, -1.158e-7, -1.383e-6, -1.138e-6, 2.450e-7, -1.272e-7, -1.254e-7, -1.291e-7, -1.379e-6, -1.118e-6, 2.610e-7, -1.138e-7, -1.269e-7, -1.006e-7, -1.182e-6, -8.776e-7, 3.045e-7, -9.455e-8, -1.053e-7, -8.379e-8
0.532, -1.269e-6, -1.038e-6, 2.312e-7, -1.283e-7, -1.429e-7, -1.137e-7, -1.381e-6, -1.133e-6, 2.484e-7, -1.271e-7, -1.282e-7, -1.260e-7, -1.368e-6, -1.111e-6, 2.573e-7, -1.095e-7, -1.214e-7, -9.754e-8, -1.173e-6, -8.661e-7, 3.067e-7, -9.261e-8, -1.016e-7, -8.359e-8
0.528, -1.254e-6, -1.026e-6, 2.272e-7, -1.228e-7, -1.366e-7, -1.090e-7, -1.363e-6, -1.115e-6, 2.480e-7, -1.220e-7, -1.262e-7, -1.177e-7, -1.366e-6, -1.102e-6, 2.639e-7, -1.106e-7, -1.279e-7, -9.339e-8, -1.170e-6, -8.648e-7, 3.056e-7, -9.368e-8, -1.006e-7, -8.674e-8
0.524, -1.252e-6, -1.027e-6, 2.248e-7, -1.285e-7, -1.439e-7, -1.130e-7, -1.355e-6, -1.110e-6, 2.456e-7, -1.224e-7, -1.217e-7, -1.230e-7, -1.349e-6, -1.083e-6, 2.660e-7, -1.056e-7, -1.202e-7, -9.101e-8, -1.167e-6, -8.569e-7, 3.103e-7, -9.188e-8, -1.051e-7, -7.870e-8
0.520, -1.240e-6, -1.011e-6, 2.291e-7, -1.217e-7, -1.361e-7, -1.073e-7, -1.351e-6, -1.101e-6, 2.501e-7, -1.226e-7, -1.213e-7, -1.239e-7, -1.349e-6, -1.086e-6, 2.631e-7, -1.094e-7, -1.250e-7, -9.387e-8, -1.159e-6, -8.541e-7, 3.050e-7, -8.978e-8, -1.008e-7, -7.872e-8
0.516, -1.235e-6, -1.000e-6, 2.343e-7, -1.176e-7, -1.333e-7, -1.019e-7, -1.340e-6, -1.087e-6, 2.529e-7, -1.177e-7, -1.192e-7, -1.162e-7, -1.338e-6, -1.075e-6, 2.632e-7, -1.090e-7, -1.241e-7, -9.402e-8, -1.149e-6, -8.471e-7, 3.023e-7, -8.970e-8, -9.946e-8, -7.995e-8
0.512, -1.226e-6, -9.929e-7, 2.330e-7, -1.167e-7, -1.308e-7, -1.026e-7, -1.338e-6, -1.084e-6, 2.544e-7, -1.218e-7, -1.270e-7, -1.165e-7, -1.324e-6, -1.064e-6, 2.608e-7, -1.067e-7, -1.207e-7, -9.261e-8, -1.137e-6, -8.377e-7, 2.991e-7, -8.860e-8, -9.903e-8, -7.818e-8
0.508, -1.216e-6, -9.847e-7, 2.315e-7, -1.190e-7, -1.333e-7, -1.047e-7, -1.323e-6, -1.072e-6, 2.512e-7, -1.160e-7, -1.160e-7, -1.160e-7, -1.323e-6, -1.053e-6, 2.704e-7, -1.022e-7, -1.184e-7, -8.607e-8, -1.137e-6, -8.315e-7, 3.057e-7, -8.537e-8, -9.654e-8, -7.420e-8
0.504, -1.209e-6, -9.778e-7, 2.315e-7, -1.163e-7, -1.293e-7, -1.034e-7, -1.314e-6, -1.062e-6, 2.525e-7, -1.136e-7, -1.114e-7, -1.158e-7, -1.312e-6, -1.042e-6, 2.696e-7, -1.025e-7, -1.180e-7, -8.702e-8, -1.130e-6, -8.268e-7, 3.032e-7, -8.679e-8, -9.960e-8, -7.397e-8
0.500, -1.199e-6, -9.667e-7, 2.324e-7, -1.141e-7, -1.291e-7, -9.903e-8, -1.312e-6, -1.052e-6, 2.595e-7, -1.139e-7, -1.165e-7, -1.112e-7, -1.298e-6, -1.034e-6, 2.644e-7, -1.012e-7, -1.166e-7, -8.576e-8, -1.117e-6, -8.196e-7, 2.978e-7, -8.581e-8, -9.549e-8, -7.613e-8
0.496, -1.189e-6, -9.599e-7, 2.293e-7, -1.155e-7, -1.289e-7, -1.021e-7, -1.300e-6, -1.043e-6, 2.571e-7, -1.113e-7, -1.114e-7, -1.113e-7, -1.297e-6, -1.025e-6, 2.713e-7, -9.937e-8, -1.166e-7, -8.213e-8, -1.113e-6, -8.143e-7, 2.984e-7, -8.498e-8, -9.610e-8, -7.387e-8
0.492, -1.186e-6, -9.490e-7, 2.366e-7, -1.096e-7, -1.212e-7, -9.803e-8, -1.291e-6, -1.035e-6, 2.557e-7, -1.134e-7, -1.122e-7, -1.147e-7, -1.283e-6, -1.019e-6, 2.642e-7, -1.043e-7, -1.220e-7, -8.652e-8, -1.104e-6, -8.083e-7, 2.960e-7, -8.093e-8, -9.279e-8, -6.907e-8
0.488, -1.179e-6, -9.447e-7, 2.345e-7, -1.085e-7, -1.228e-7, -9.411e-8, -1.286e-6, -1.027e-6, 2.587e-7, -1.105e-7, -1.109e-7, -1.101e-7, -1.274e-6, -1.007e-6, 2.674e-7, -9.968e-8, -1.180e-7, -8.133e-8, -1.094e-6, -8.006e-7, 2.938e-7, -8.079e-8, -9.228e-8, -6.929e-8
0.484, -1.161e-6, -9.318e-7, 2.289e-7, -1.087e-7, -1.211e-7, -9.629e-8, -1.272e-6, -1.013e-6, 2.588e-7, -1.074e-7, -1.072e-7, -1.075e-7, -1.269e-6, -1.001e-6, 2.682e-7, -9.757e-8, -1.147e-7, -8.041e-8, -1.091e-6, -7.984e-7, 2.930e-7, -8.249e-8, -9.498e-8, -7.001e-8
0.480, -1.167e-6, -9.315e-7, 2.356e-7, -1.112e-7, -1.253e-7, -9.700e-8, -1.272e-6, -1.012e-6, 2.594e-7, -1.103e-7, -1.111e-7, -1.095e-7, -1.262e-6, -9.936e-7, 2.681e-7, -9.498e-8, -1.108e-7, -7.918e-8, -1.079e-6, -7.874e-7, 2.911e-7, -7.836e-8, -9.017e-8, -6.655e-8
0.476, -1.157e-6, -9.222e-7, 2.350e-7, -1.078e-7, -1.217e-7, -9.403e-8, -1.261e-6, -9.996e-7, 2.616e-7, -1.048e-7, -1.044e-7, -1.051e-7, -1.253e-6, -9.831e-7, 2.696e-7, -9.618e-8, -1.125e-7, -7.985e-8, -1.073e-6, -7.876e-7, 2.853e-7, -8.442e-8, -9.655e-8, -7.228e-8
0.472, -1.146e-6, -9.106e-7, 2.351e-7, -1.063e-7, -1.214e-7, -9.106e-8, -1.254e-6, -9.950e-7, 2.594e-7, -1.046e-7, -1.055e-7, -1.037e-7, -1.242e-6, -9.761e-7, 2.659e-7, -9.648e-8, -1.099e-7, -8.309e-8, -1.058e-6, -7.762e-7, 2.818e-7, -7.906e-8, -8.934e-8, -6.878e-8
0.468, -1.139e-6, -9.080e-7, 2.307e-7, -1.080e-7, -1.239e-7, -9.202e-8, -1.251e-6, -9.890e-7, 2.616e-7, -1.011e-7, -1.036e-7, -9.861e-8, -1.241e-6, -9.691e-7, 2.719e-7, -9.375e-8, -1.119e-7, -7.557e-8, -1.055e-6, -7.716e-7, 2.831e-7, -7.882e-8, -9.008e-8, -6.755e-8
0.464, -1.133e-6, -8.989e-7, 2.336e-7, -1.041e-7, -1.192e-7, -8.894e-8, -1.244e-6, -9.842e-7, 2.598e-7, -1.047e-7, -1.057e-7, -1.037e-7, -1.232e-6, -9.609e-7, 2.713e-7, -9.428e-8, -1.113e-7, -7.724e-8, -1.044e-6, -7.627e-7, 2.814e-7, -7.470e-8, -8.366e-8, -6.575e-8
0.460, -1.131e-6, -8.949e-7, 2.361e-7, -1.029e-7, -1.192e-7, -8.650e-8, -1.231e-6, -9.702e-7, 2.612e-7, -1.027e-7, -1.032e-7, -1.021e-7, -1.216e-6, -9.511e-7, 2.647e-7, -9.439e-8, -1.092e-7, -7.961e-8, -1.038e-6, -7.606e-7, 2.772e-7, -7.864e-8, -9.035e-8, -6.692e-8
0.456, -1.122e-6, -8.848e-7, 2.371e-7, -1.041e-7, -1.186e-7, -8.962e-8, -1.223e-6, -9.652e-7, 2.582e-7, -1.039e-7, -1.052e-7, -1.026e-7, -1.209e-6, -9.453e-7, 2.642e-7, -9.049e-8, -1.069e-7, -7.403e-8, -1.034e-6, -7.554e-7, 2.789e-7, -7.371e-8, -8.437e-8, -6.305e-8
0.452, -1.117e-6, -8.813e-7, 2.356e-7, -1.024e-7, -1.152e-7, -8.958e-8, -1.213e-6, -9.526e-7, 2.604e-7, -9.914e-8, -1.010e-7, -9.729e-8, -1.203e-6, -9.379e-7, 2.650e-7, -9.160e-8, -1.073e-7, -7.587e-8, -1.027e-6, -7.524e-7, 2.748e-7, -7.553e-8, -8.845e-8, -6.262e-8
0.448, -1.105e-6, -8.730e-7, 2.319e-7, -1.014e-7, -1.141e-7, -8.867e-8, -1.204e-6, -9.486e-7, 2.554e-7, -1.002e-7, -1.002e-7, -1.002e-7, -1.199e-6, -9.318e-7, 2.671e-7, -8.737e-8, -1.048e-7, -6.996e-8, -1.024e-6, -7.441e-7, 2.795e-7, -7.170e-8, -8.476e-8, -5.865e-8
0.444, -1.104e-6, -8.657e-7, 2.379e-7, -9.871e-8, -1.170e-7, -8.041e-8, -1.205e-6, -9.432e-7, 2.615e-7, -9.947e-8, -9.726e-8, -1.017e-7, -1.187e-6, -9.238e-7, 2.636e-7, -8.607e-8, -1.015e-7, -7.062e-8, -1.011e-6, -7.369e-7, 2.743e-7, -7.186e-8, -8.365e-8, -6.007e-8
0.440, -1.089e-6, -8.542e-7, 2.349e-7, -9.607e-8, -1.090e-7, -8.310e-8, -1.194e-6, -9.320e-7, 2.621e-7, -9.869e-8, -1.003e-7, -9.707e-8, -1.188e-6, -9.228e-7, 2.647e-7, -9.024e-8, -1.077e-7, -7.275e-8, -1.006e-6, -7.359e-7, 2.699e-7, -7.102e-8, -8.201e-8, -6.003e-8
0.436, -1.092e-6, -8.579e-7, 2.342e-7, -9.645e-8, -1.139e-7, -7.897e-8, -1.186e-6, -9.280e-7, 2.577e-7, -9.808e-8, -9.522e-8, -1.009e-7, -1.172e-6, -9.107e-7, 2.615e-7, -8.850e-8, -1.032e-7, -7.378e-8, -9.971e-7, -7.293e-7, 2.677e-7, -7.360e-8, -8.631e-8, -6.089e-8
0.432, -1.083e-6, -8.524e-7, 2.307e-7, -9.998e-8, -1.168e-7, -8.321e-8, -1.185e-6, -9.293e-7, 2.556e-7, -9.620e-8, -9.846e-8, -9.395e-8, -1.170e-6, -9.042e-7, 2.662e-7, -8.290e-8, -9.925e-8, -6.655e-8, -9.942e-7, -7.220e-7, 2.722e-7, -6.921e-8, -7.981e-8, -5.861e-8
0.428, -1.080e-6, -8.450e-7, 2.349e-7, -9.872e-8, -1.146e-7, -8.287e-8, -1.181e-6, -9.201e-7, 2.604e-7, -9.593e-8, -9.630e-8, -9.556e-8, -1.161e-6, -8.964e-7, 2.651e-7, -8.242e-8, -9.758e-8, -6.726e-8, -9.832e-7, -7.186e-7, 2.646e-7, -6.997e-8, -8.250e-8, -5.744e-8
0.424, -1.065e-6, -8.346e-7, 2.299e-7, -9.412e-8, -1.085e-7, -7.978e-8, -1.177e-6, -9.168e-7, 2.601e-7, -9.640e-8, -1.008e-7, -9.201e-8, -1.162e-6, -8.980e-7, 2.643e-7, -8.441e-8, -1.017e-7, -6.714e-8, -9.824e-7, -7.145e-7, 2.679e-7, -6.794e-8, -7.759e-8, -5.829e-8
0.420, -1.071e-6, -8.348e-7, 2.360e-7, -9.405e-8, -1.118e-7, -7.625e-8, -1.172e-6, -9.100e-7, 2.617e-7, -9.510e-8, -9.586e-8, -9.435e-8, -1.148e-6, -8.865e-7, 2.616e-7, -8.466e-8, -9.890e-8, -7.043e-8, -9.690e-7, -7.071e-7, 2.619e-7, -6.829e-8, -7.711e-8, -5.947e-8
0.416, -1.064e-6, -8.285e-7, 2.351e-7, -9.436e-8, -1.096e-7, -7.911e-8, -1.158e-6, -9.010e-7, 2.574e-7, -9.498e-8, -9.543e-8, -9.452e-8, -1.144e-6, -8.855e-7, 2.583e-7, -8.403e-8, -9.945e-8, -6.861e-8, -9.727e-7, -7.069e-7, 2.658e-7, -6.613e-8, -7.963e-8, -5.263e-8
0.412, -1.056e-6, -8.204e-7, 2.355e-7, -9.174e-8, -1.084e-7, -7.508e-8, -1.159e-6, -8.948e-7, 2.637e-7, -9.275e-8, -9.413e-8, -9.137e-8, -1.140e-6, -8.805e-7, 2.599e-7, -8.525e-8, -1.020e-7, -6.852e-8, -9.692e-7, -7.063e-7, 2.629e-7, -6.678e-8, -7.896e-8, -5.460e-8
0.408, -1.050e-6, -8.155e-7, 2.346e-7, -9.213e-8, -1.060e-7, -7.829e-8, -1.149e-6, -8.919e-7, 2.570e-7, -9.096e-8, -9.466e-8, -8.727e-8, -1.140e-6, -8.757e-7, 2.638e-7, -8.189e-8, -1.021e-7, -6.173e-8, -9.619e-7, -6.975e-7, 2.644e-7, -6.551e-8, -7.702e-8, -5.400e-8
0.404, -1.044e-6, -8.098e-7, 2.344e-7, -9.043e-8, -1.064e-7, -7.448e-8, -1.148e-6, -8.870e-7, 2.610e-7, -9.488e-8, -9.760e-8, -9.215e-8, -1.135e-6, -8.727e-7, 2.621e-7, -8.232e-8, -9.983e-8, -6.480e-8, -9.601e-7, -6.946e-7, 2.655e-7, -6.099e-8, -7.216e-8, -4.982e-8
0.400, -1.041e-6, -8.092e-7, 2.320e-7, -8.958e-8, -1.045e-7, -7.464e-8, -1.144e-6, -8.834e-7, 2.605e-7, -8.717e-8, -8.828e-8, -8.606e-8, -1.128e-6, -8.615e-7, 2.664e-7, -7.994e-8, -9.544e-8, -6.444e-8, -9.566e-7, -6.922e-7, 2.643e-7, -6.511e-8, -7.498e-8, -5.525e-8
0.396, -1.038e-6, -8.060e-7, 2.316e-7, -9.041e-8, -1.088e-7, -7.203e-8, -1.143e-6, -8.821e-7, 2.610e-7, -8.988e-8, -9.379e-8, -8.597e-8, -1.125e-6, -8.612e-7, 2.642e-7, -8.059e-8, -9.738e-8, -6.380e-8, -9.533e-7, -6.896e-7, 2.637e-7, -6.145e-8, -7.174e-8, -5.115e-8
0.392, -1.039e-6, -8.061e-7, 2.326e-7, -8.869e-8, -1.052e-7, -7.217e-8, -1.140e-6, -8.790e-7, 2.609e-7, -8.853e-8, -9.023e-8, -8.683e-8, -1.123e-6, -8.564e-7, 2.666e-7, -7.811e-8, -9.418e-8, -6.205e-8, -9.506e-7, -6.877e-7, 2.629e-7, -6.207e-8, -7.205e-8, -5.209e-8
0.388, -1.033e-6, -8.020e-7, 2.307e-7, -9.064e-8, -1.075e-7, -7.378e-8, -1.140e-6, -8.778e-7, 2.627e-7, -8.620e-8, -9.234e-8, -8.005e-8, -1.123e-6, -8.573e-7, 2.658e-7, -7.675e-8, -9.254e-8, -6.097e-8, -9.445e-7, -6.838e-7, 2.607e-7, -6.411e-8, -7.334e-8, -5.488e-8
0.384, -1.037e-6, -7.996e-7, 2.376e-7, -8.631e-8, -1.024e-7, -7.025e-8, -1.140e-6, -8.727e-7, 2.668e-7, -8.788e-8, -8.987e-8, -8.589e-8, -1.120e-6, -8.571e-7, 2.628e-7, -7.977e-8, -9.636e-8, -6.317e-8, -9.504e-7, -6.875e-7, 2.629e-7, -6.229e-8, -7.266e-8, -5.191e-8
0.380, -1.043e-6, -8.029e-7, 2.397e-7, -8.210e-8, -9.694e-8, -6.725e-8, -1.135e-6, -8.686e-7, 2.663e-7, -8.570e-8, -8.622e-8, -8.518e-8, -1.124e-6, -8.584e-7, 2.652e-7, -8.356e-8, -1.010e-7, -6.614e-8, -9.565e-7, -6.929e-7, 2.636e-7, -6.284e-8, -7.521e-8, -5.047e-8
0.376, -1.037e-6, -8.041e-7, 2.328e-7, -8.536e-8, -1.012e-7, -6.949e-8, -1.140e-6, -8.711e-7, 2.690e-7, -8.003e-8, -8.727e-8, -7.280e-8, -1.129e-6, -8.561e-7, 2.728e-7, -7.871e-8, -9.846e-8, -5.897e-8, -9.538e-7, -6.901e-7, 2.638e-7, -6.346e-8, -7.304e-8, -5.388e-8
0.372, -1.046e-6, -8.052e-7, 2.408e-7, -8.521e-8, -1.043e-7, -6.609e-8, -1.143e-6, -8.773e-7, 2.657e-7, -8.563e-8, -8.872e-8, -8.253e-8, -1.136e-6, -8.636e-7, 2.721e-7, -7.507e-8, -9.199e-8, -5.815e-8, -9.650e-7, -6.929e-7, 2.721e-7, -6.109e-8, -7.101e-8, -5.117e-8
0.368, -1.050e-6, -8.108e-7, 2.395e-7, -8.590e-8, -1.031e-7, -6.872e-8, -1.144e-6, -8.774e-7, 2.663e-7, -8.378e-8, -8.437e-8, -8.320e-8, -1.132e-6, -8.603e-7, 2.717e-7, -7.558e-8, -9.329e-8, -5.786e-8, -9.753e-7, -7.003e-7, 2.751e-7, -5.871e-8, -7.092e-8, -4.651e-8
0.364, -1.057e-6, -8.135e-7, 2.437e-7, -8.455e-8, -9.964e-8, -6.945e-8, -1.151e-6, -8.807e-7, 2.704e-7, -8.336e-8, -8.777e-8, -7.895e-8, -1.149e-6, -8.717e-7, 2.768e-7, -7.382e-8, -9.310e-8, -5.455e-8, -9.828e-7, -7.075e-7, 2.753e-7, -5.990e-8, -7.199e-8, -4.781e-8
0.360, -1.069e-6, -8.256e-7, 2.430e-7, -8.468e-8, -1.021e-7, -6.727e-8, -1.171e-6, -8.923e-7, 2.789e-7, -8.102e-8, -8.425e-8, -7.780e-8, -1.164e-6, -8.799e-7, 2.844e-7, -7.229e-8, -9.184e-8, -5.274e-8, -9.966e-7, -7.179e-7, 2.787e-7, -6.132e-8, -7.253e-8, -5.011e-8
0.356, -1.086e-6, -8.367e-7, 2.489e-7, -8.466e-8, -1.040e-7, -6.528e-8, -1.183e-6, -9.037e-7, 2.791e-7, -8.249e-8, -8.628e-8, -7.870e-8, -1.177e-6, -8.912e-7, 2.858e-7, -7.317e-8, -9.331e-8, -5.304e-8, -1.010e-6, -7.276e-7, 2.824e-7, -5.825e-8, -7.038e-8, -4.612e-8
0.352, -1.103e-6, -8.500e-7, 2.533e-7, -8.496e-8, -1.035e-7, -6.638e-8, -1.201e-6, -9.179e-7, 2.829e-7, -8.561e-8, -8.952e-8, -8.169e-8, -1.205e-6, -9.133e-7, 2.916e-7, -7.421e-8, -9.151e-8, -5.691e-8, -1.034e-6, -7.435e-7, 2.902e-7, -5.632e-8, -6.869e-8, -4.396e-8
0.348, -1.142e-6, -8.751e-7, 2.669e-7, -8.147e-8, -9.944e-8, -6.349e-8, -1.218e-6, -9.275e-7, 2.909e-7, -8.248e-8, -8.275e-8, -8.221e-8, -1.225e-6, -9.297e-7, 2.952e-7, -7.293e-8, -9.149e-8, -5.436e-8, -1.062e-6, -7.635e-7, 2.981e-7, -5.776e-8, -7.446e-8, -4.106e-8
0.344, -1.163e-6, -8.975e-7, 2.658e-7, -7.970e-8, -9.854e-8, -6.085e-8, -1.256e-6, -9.557e-7, 3.002e-7, -7.728e-8, -8.227e-8, -7.229e-8, -1.267e-6, -9.574e-7, 3.100e-7, -7.357e-8, -9.158e-8, -5.556e-8, -1.087e-6, -7.842e-7, 3.024e-7, -6.023e-8, -7.205e-8, -4.840e-8
0.340, -1.205e-6, -9.242e-7, 2.813e-7, -7.988e-8, -9.753e-8, -6.224e-8, -1.286e-6, -9.819e-7, 3.041e-7, -8.317e-8, -8.808e-8, -7.826e-8, -1.315e-6, -9.947e-7, 3.199e-7, -7.297e-8, -9.375e-8, -5.219e-8, -1.130e-6, -8.104e-7, 3.198e-7, -5.413e-8, -6.629e-8, -4.197e-8
0.336, -1.263e-6, -9.681e-7, 2.946e-7, -8.021e-8, -9.844e-8, -6.198e-8, -1.332e-6, -1.015e-6, 3.165e-7, -8.002e-8, -8.641e-8, -7.363e-8, -1.359e-6, -1.025e-6, 3.334e-7, -6.954e-8, -9.134e-8, -4.774e-8, -1.174e-6, -8.421e-7, 3.316e-7, -5.554e-8, -6.957e-8, -4.151e-8
0.332, -1.315e-6, -1.009e-6, 3.061e-7, -7.950e-8, -9.842e-8, -6.058e-8, -1.388e-6, -1.053e-6, 3.352e-7, -7.935e-8, -8.549e-8, -7.322e-8, -1.418e-6, -1.069e-6, 3.490e-7, -7.075e-8, -9.272e-8, -4.878e-8, -1.224e-6, -8.774e-7, 3.467e-7, -5.554e-8, -6.937e-8, -4.170e-8
0.328, -1.387e-6, -1.061e-6, 3.257e-7, -8.032e-8, -1.025e-7, -5.810e-8, -1.455e-6, -1.104e-6, 3.510e-7, -8.119e-8, -9.049e-8, -7.189e-8, -1.481e-6, -1.114e-6, 3.667e-7, -7.025e-8, -9.120e-8, -4.931e-8, -1.272e-6, -9.131e-7, 3.591e-7, -5.319e-8, -7.046e-8, -3.592e-8
0.324, -1.462e-6, -1.118e-6, 3.441e-7, -7.737e-8, -9.678e-8, -5.795e-8, -1.520e-6, -1.148e-6, 3.720e-7, -7.733e-8, -8.655e-8, -6.812e-8, -1.555e-6, -1.163e-6, 3.922e-7, -6.937e-8, -9.461e-8, -4.414e-8, -1.331e-6, -9.541e-7, 3.770e-7, -5.640e-8, -7.234e-8, -4.046e-8
0.320, -1.548e-6, -1.177e-6, 3.713e-7, -7.723e-8, -1.019e-7, -5.254e-8, -1.603e-6, -1.207e-6, 3.965e-7, -7.473e-8, -8.291e-8, -6.655e-8, -1.632e-6, -1.218e-6, 4.139e-7, -7.272e-8, -9.482e-8, -5.063e-8, -1.398e-6, -9.973e-7, 4.003e-7, -5.429e-8, -6.882e-8, -3.975e-8
0.316, -1.644e-6, -1.244e-6, 4.004e-7, -7.435e-8, -1.002e-7, -4.846e-8, -1.682e-6, -1.255e-6, 4.274e-7, -7.487e-8, -8.549e-8, -6.425e-8, -1.724e-6, -1.277e-6, 4.469e-7, -6.854e-8, -9.274e-8, -4.434e-8, -1.467e-6, -1.043e-6, 4.245e-7, -5.390e-8, -7.115e-8, -3.665e-8
0.312, -1.745e-6, -1.314e-6, 4.305e-7, -7.876e-8, -1.018e-7, -5.576e-8, -1.773e-6, -1.323e-6, 4.509e-7, -7.811e-8, -8.713e-8, -6.909e-8, -1.819e-6, -1.338e-6, 4.809e-7, -6.671e-8, -9.525e-8, -3.817e-8, -1.550e-6, -1.092e-6, 4.585e-7, -5.336e-8, -7.092e-8, -3.580e-8
0.308, -1.858e-6, -1.384e-6, 4.733e-7, -7.766e-8, -1.000e-7, -5.529e-8, -1.873e-6, -1.388e-6, 4.858e-7, -7.646e-8, -8.741e-8, -6.550e-8, -1.910e-6, -1.395e-6, 5.147e-7, -6.585e-8, -9.259e-8, -3.911e-8, -1.623e-6, -1.137e-6, 4.863e-7, -5.076e-8, -7.153e-8, -3.000e-8
0.304, -1.968e-6, -1.455e-6, 5.126e-7, -7.456e-8, -9.940e-8, -4.973e-8, -1.981e-6, -1.448e-6, 5.324e-7, -7.465e-8, -8.894e-8, -6.036e-8, -2.013e-6, -1.457e-6, 5.554e-7, -6.785e-8, -9.370e-8, -4.199e-8, -1.694e-6, -1.185e-6, 5.087e-7, -5.399e-8, -6.894e-8, -3.904e-8
0.300, -2.088e-6, -1.528e-6, 5.595e-7, -7.851e-8, -1.050e-7, -5.205e-8, -2.081e-6, -1.515e-6, 5.665e-7, -7.341e-8, -8.526e-8, -6.156e-8, -2.112e-6, -1.513e-6, 5.992e-7, -6.221e-8, -8.967e-8, -3.476e-8, -1.780e-6, -1.234e-6, 5.462e-7, -5.225e-8, -7.141e-8, -3.309e-8
0.296, -2.205e-6, -1.599e-6, 6.061e-7, -7.518e-8, -1.040e-7, -4.640e-8, -2.192e-6, -1.576e-6, 6.159e-7, -7.213e-8, -8.561e-8, -5.865e-8, -2.214e-6, -1.574e-6, 6.406e-7, -6.464e-8, -9.194e-8, -3.734e-8, -1.857e-6, -1.282e-6, 5.747e-7, -5.123e-8, -6.847e-8, -3.399e-8
0.292, -2.321e-6, -1.663e-6, 6.582e-7, -7.066e-8, -1.011e-7, -4.026e-8, -2.298e-6, -1.637e-6, 6.608e-7, -6.942e-8, -8.586e-8, -5.298e-8, -2.309e-6, -1.627e-6, 6.816e-7, -6.303e-8, -9.116e-8, -3.491e-8, -1.936e-6, -1.323e-6, 6.131e-7, -5.076e-8, -6.850e-8, -3.303e-8
0.288, -2.441e-6, -1.729e-6, 7.115e-7, -7.163e-8, -1.047e-7, -3.855e-8, -2.402e-6, -1.692e-6, 7.103e-7, -7.108e-8, -8.584e-8, -5.631e-8, -2.398e-6, -1.678e-6, 7.198e-7, -6.472e-8, -9.265e-8, -3.679e-8, -2.008e-6, -1.369e-6, 6.387e-7, -5.054e-8, -6.953e-8, -3.155e-8
0.284, -2.549e-6, -1.788e-6, 7.605e-7, -7.010e-8, -1.019e-7, -3.827e-8, -2.486e-6, -1.741e-6, 7.445e-7, -6.978e-8, -8.277e-8, -5.678e-8, -2.478e-6, -1.721e-6, 7.568e-7, -6.406e-8, -9.312e-8, -3.500e-8, -2.078e-6, -1.408e-6, 6.706e-7, -4.870e-8, -7.051e-8, -2.689e-8
0.280, -2.639e-6, -1.832e-6, 8.068e-7, -6.616e-8, -9.794e-8, -3.438e-8, -2.576e-6, -1.788e-6, 7.882e-7, -7.186e-8, -8.857e-8, -5.515e-8, -2.562e-6, -1.770e-6, 7.916e-7, -6.834e-8, -9.684e-8, -3.984e-8, -2.131e-6, -1.440e-6, 6.913e-7, -4.867e-8, -6.877e-8, -2.858e-8
0.276, -2.722e-6, -1.882e-6, 8.404e-7, -7.035e-8, -1.023e-7, -3.837e-8, -2.654e-6, -1.832e-6, 8.219e-7, -7.174e-8, -9.008e-8, -5.340e-8, -2.628e-6, -1.804e-6, 8.236e-7, -6.289e-8, -9.294e-8, -3.284e-8, -2.181e-6, -1.468e-6, 7.135e-7, -4.819e-8, -6.741e-8, -2.897e-8
0.272, -2.804e-6, -1.921e-6, 8.822e-7, -6.760e-8, -1.014e-7, -3.376e-8, -2.717e-6, -1.863e-6, 8.540e-7, -7.145e-8, -8.526e-8, -5.764e-8, -2.680e-6, -1.836e-6, 8.434e-7, -6.371e-8, -9.175e-8, -3.567e-8, -2.237e-6, -1.501e-6, 7.358e-7, -4.780e-8, -6.921e-8, -2.639e-8
0.268, -2.857e-6, -1.951e-6, 9.058e-7, -6.931e-8, -1.015e-7, -3.713e-8, -2.765e-6, -1.890e-6, 8.748e-7, -6.797e-8, -8.577e-8, -5.016e-8, -2.729e-6, -1.857e-6, 8.721e-7, -6.199e-8, -9.171e-8, -3.227e-8, -2.277e-6, -1.525e-6, 7.513e-7, -4.995e-8, -7.099e-8, -2.891e-8
0.264, -2.903e-6, -1.970e-6, 9.333e-7, -6.678e-8, -9.958e-8, -3.398e-8, -2.808e-6, -1.913e-6, 8.952e-7, -7.242e-8, -8.874e-8, -5.610e-8, -2.761e-6, -1.879e-6, 8.812e-7, -6.340e-8, -9.272e-8, -3.407e-8, -2.310e-6, -1.545e-6, 7.649e-7, -4.585e-8, -6.781e-8, -2.388e-8
0.260, -2.934e-6, -1.990e-6, 9.446e-7, -6.897e-8, -1.007e-7, -3.724e-8, -2.835e-6, -1.929e-6, 9.053e-7, -6.890e-8, -8.406e-8, -5.373e-8, -2.787e-6, -1.892e-6, 8.953e-7, -5.866e-8, -8.888e-8, -2.845e-8, -2.333e-6, -1.558e-6, 7.750e-7, -4.504e-8, -6.602e-8, -2.406e-8
0.256, -2.955e-6, -1.998e-6, 9.566e-7, -6.480e-8, -9.507e-8, -3.453e-8, -2.860e-6, -1.941e-6, 9.189e-7, -7.025e-8, -8.654e-8, -5.397e-8, -2.807e-6, -1.906e-6, 9.010e-7, -6.093e-8, -9.271e-8, -2.916e-8, -2.353e-6, -1.576e-6, 7.764e-7, -4.683e-8, -6.676e-8, -2.689e-8
0.252, -2.957e-6, -2.006e-6, 9.511e-7, -7.211e-8, -1.025e-7, -4.169e-8, -2.869e-6, -1.950e-6, 9.195e-7, -6.773e-8, -8.318e-8, -5.229e-8, -2.806e-6, -1.904e-6, 9.022e-7, -5.461e-8, -8.394e-8, -2.527e-8, -2.363e-6, -1.584e-6, 7.793e-7, -4.615e-8, -6.504e-8, -2.726e-8
0.248, -2.944e-6, -1.996e-6, 9.487e-7, -6.621e-8, -9.412e-8, -3.830e-8, -2.866e-6, -1.950e-6, 9.159e-7, -6.920e-8, -8.422e-8, -5.419e-8, -2.803e-6, -1.909e-6, 8.938e-7, -6.066e-8, -9.258e-8, -2.874e-8, -2.376e-6, -1.596e-6, 7.801e-7, -4.732e-8, -6.814e-8, -2.650e-8
0.244, -2.930e-6, -1.990e-6, 9.395e-7, -6.572e-8, -9.372e-8, -3.772e-8, -2.857e-6, -1.946e-6, 9.111e-7, -6.868e-8, -8.443e-8, -5.293e-8, -2.795e-6, -1.907e-6, 8.883e-7, -6.108e-8, -9.125e-8, -3.091e-8, -2.375e-6, -1.601e-6, 7.741e-7, -4.604e-8, -6.554e-8, -2.655e-8
0.240, -2.908e-6, -1.980e-6, 9.276e-7, -6.576e-8, -9.331e-8, -3.821e-8, -2.838e-6, -1.940e-6, 8.978e-7, -6.806e-8, -8.183e-8, -5.429e-8, -2.774e-6, -1.900e-6, 8.744e-7, -6.010e-8, -8.842e-8, -3.178e-8, -2.367e-6, -1.597e-6, 7.694e-7, -4.329e-8, -6.291e-8, -2.368e-8
0.236, -2.871e-6, -1.965e-6, 9.062e-7, -6.446e-8, -9.759e-8, -3.134e-8, -2.816e-6, -1.931e-6, 8.849e-7, -6.656e-8, -8.025e-8, -5.288e-8, -2.755e-6, -1.894e-6, 8.611e-7, -5.775e-8, -8.495e-8, -3.055e-8, -2.361e-6, -1.599e-6, 7.620e-7, -4.379e-8, -6.037e-8, -2.721e-8
0.232, -2.833e-6, -1.950e-6, 8.830e-7, -6.584e-8, -9.153e-8, -4.016e-8, -2.776e-6, -1.914e-6, 8.613e-7, -6.323e-8, -7.813e-8, -4.833e-8, -2.725e-6, -1.884e-6, 8.406e-7, -5.636e-8, -8.699e-8, -2.573e-8, -2.356e-6, -1.609e-6, 7.472e-7, -4.737e-8, -6.622e-8, -2.851e-8
0.228, -2.783e-6, -1.928e-6, 8.547e-7, -6.655e-8, -9.089e-8, -4.221e-8, -2.738e-6, -1.898e-6, 8.403e-7, -6.483e-8, -7.583e-8, -5.383e-8, -2.692e-6, -1.870e-6, 8.228e-7, -5.735e-8, -8.761e-8, -2.708e-8, -2.351e-6, -1.608e-6, 7.428e-7, -4.501e-8, -6.521e-8, -2.481e-8
0.224, -2.733e-6, -1.902e-6, 8.307e-7, -6.349e-8, -9.021e-8, -3.678e-8, -2.708e-6, -1.886e-6, 8.222e-7, -6.555e-8, -7.936e-8, -5.173e-8, -2.670e-6, -1.865e-6, 8.051e-7, -5.558e-8, -8.521e-8, -2.594e-8, -2.341e-6, -1.610e-6, 7.312e-7, -4.378e-8, -6.223e-8, -2.534e-8
0.220, -2.683e-6, -1.882e-6, 8.010e-7, -6.182e-8, -8.804e-8, -3.559e-8, -2.662e-6, -1.869e-6, 7.934e-7, -6.431e-8, -7.637e-8, -5.224e-8, -2.635e-6, -1.853e-6, 7.822e-7, -5.857e-8, -8.622e-8, -3.092e-8, -2.331e-6, -1.612e-6, 7.182e-7, -4.265e-8, -6.077e-8, -2.452e-8
0.216, -2.625e-6, -1.859e-6, 7.663e-7, -6.180e-8, -9.128e-8, -3.233e-8, -2.629e-6, -1.857e-6, 7.723e-7, -6.502e-8, -7.894e-8, -5.111e-8, -2.609e-6, -1.844e-6, 7.647e-7, -5.693e-8, -8.295e-8, -3.091e-8, -2.329e-6, -1.619e-6, 7.100e-7, -4.392e-8, -6.319e-8, -2.465e-8
0.212, -2.570e-6, -1.832e-6, 7.383e-7, -6.353e-8, -8.947e-8, -3.760e-8, -2.591e-6, -1.840e-6, 7.509e-7, -6.370e-8, -7.512e-8, -5.228e-8, -2.582e-6, -1.835e-6, 7.473e-7, -5.890e-8, -8.534e-8, -3.246e-8, -2.324e-6, -1.626e-6, 6.982e-7, -4.502e-8, -6.462e-8, -2.542e-8
0.208, -2.519e-6, -1.815e-6, 7.032e-7, -6.446e-8, -9.014e-8, -3.878e-8, -2.552e-6, -1.825e-6, 7.266e-7, -6.186e-8, -7.458e-8, -4.915e-8, -2.561e-6, -1.830e-6, 7.310e-7, -5.547e-8, -8.281e-8, -2.812e-8, -2.332e-6, -1.643e-6, 6.896e-7, -4.671e-8, -6.457e-8, -2.886e-8
0.204, -2.467e-6, -1.789e-6, 6.787e-7, -6.231e-8, -8.798e-8, -3.663e-8, -2.513e-6, -1.813e-6, 6.999e-7, -6.358e-8, -7.537e-8, -5.180e-8, -2.547e-6, -1.831e-6, 7.160e-7, -5.545e-8, -8.363e-8, -2.727e-8, -2.341e-6, -1.653e-6, 6.878e-7, -4.243e-8, -6.054e-8, -2.432e-8
0.200, -2.428e-6, -1.773e-6, 6.553e-7, -6.321e-8, -8.741e-8, -3.902e-8, -2.490e-6, -1.805e-6, 6.842e-7, -6.107e-8, -7.377e-8, -4.837e-8, -2.532e-6, -1.829e-6, 7.032e-7, -5.677e-8, -8.497e-8, -2.858e-8, -2.364e-6, -1.675e-6, 6.885e-7, -4.357e-8, -6.395e-8, -2.320e-8
0.196, -2.386e-6, -1.757e-6, 6.298e-7, -6.226e-8, -8.619e-8, -3.833e-8, -2.459e-6, -1.793e-6, 6.660e-7, -6.001e-8, -7.145e-8, -4.857e-8, -2.525e-6, -1.832e-6, 6.931e-7, -5.482e-8, -8.289e-8, -2.675e-8, -2.392e-6, -1.698e-6, 6.941e-7, -4.534e-8, -6.730e-8, -2.337e-8
0.192, -2.357e-6, -1.745e-6, 6.117e-7, -6.045e-8, -8.704e-8, -3.385e-8, -2.444e-6, -1.792e-6, 6.524e-7, -6.322e-8, -7.406e-8, -5.237e-8, -2.524e-6, -1.835e-6, 6.888e-7, -5.480e-8, -8.048e-8, -2.911e-8, -2.430e-6, -1.726e-6, 7.033e-7, -4.382e-8, -6.557e-8, -2.208e-8
0.188, -2.323e-6, -1.729e-6, 5.939e-7, -6.261e-8, -8.827e-8, -3.696e-8, -2.431e-6, -1.787e-6, 6.430e-7, -6.317e-8, -7.371e-8, -5.262e-8, -2.529e-6, -1.845e-6, 6.845e-7, -5.326e-8, -8.038e-8, -2.615e-8, -2.472e-6, -1.756e-6, 7.162e-7, -3.945e-8, -6.160e-8, -1.730e-8
0.184, -2.292e-6, -1.710e-6, 5.819e-7, -6.021e-8, -8.480e-8, -3.561e-8, -2.416e-6, -1.777e-6, 6.392e-7, -5.876e-8, -7.379e-8, -4.374e-8, -2.548e-6, -1.859e-6, 6.896e-7, -5.709e-8, -8.753e-8, -2.665e-8, -2.522e-6, -1.795e-6, 7.275e-7, -4.299e-8, -6.244e-8, -2.354e-8
0.180, -2.272e-6, -1.700e-6, 5.716e-7, -6.083e-8, -8.573e-8, -3.592e-8, -2.409e-6, -1.777e-6, 6.314e-7, -6.225e-8, -7.278e-8, -5.173e-8, -2.563e-6, -1.867e-6, 6.957e-7, -5.434e-8, -8.594e-8, -2.275e-8, -2.577e-6, -1.824e-6, 7.525e-7, -3.983e-8, -6.020e-8, -1.945e-8
0.176, -2.264e-6, -1.695e-6, 5.683e-7, -6.004e-8, -8.631e-8, -3.377e-8, -2.406e-6, -1.773e-6, 6.329e-7, -5.795e-8, -7.211e-8, -4.378e-8, -2.573e-6, -1.870e-6, 7.025e-7, -5.610e-8, -8.481e-8, -2.739e-8, -2.635e-6, -1.861e-6, 7.736e-7, -4.362e-8, -6.398e-8, -2.327e-8
0.172, -2.243e-6, -1.677e-6, 5.653e-7, -5.917e-8, -8.475e-8, -3.360e-8, -2.400e-6, -1.767e-6, 6.326e-7, -6.273e-8, -7.501e-8, -5.045e-8, -2.586e-6, -1.878e-6, 7.085e-7, -5.525e-8, -8.450e-8, -2.600e-8, -2.694e-6, -1.891e-6, 8.033e-7, -4.066e-8, -6.482e-8, -1.650e-8
0.168, -2.218e-6, -1.661e-6, 5.568e-7, -5.683e-8, -8.060e-8, -3.306e-8, -2.391e-6, -1.757e-6, 6.340e-7, -5.940e-8, -6.998e-8, -4.881e-8, -2.603e-6, -1.879e-6, 7.237e-7, -5.416e-8, -8.346e-8, -2.486e-8, -2.750e-6, -1.918e-6, 8.320e-7, -3.852e-8, -6.101e-8, -1.603e-8
0.164, -2.195e-6, -1.649e-6, 5.465e-7, -5.805e-8, -8.101e-8, -3.508e-8, -2.376e-6, -1.745e-6, 6.310e-7, -5.917e-8, -7.140e-8, -4.693e-8, -2.611e-6, -1.875e-6, 7.360e-7, -5.261e-8, -8.710e-8, -1.812e-8, -2.805e-6, -1.942e-6, 8.632e-7, -3.902e-8, -6.187e-8, -1.616e-8
0.160, -2.179e-6, -1.630e-6, 5.487e-7, -5.537e-8, -8.280e-8, -2.795e-8, -2.372e-6, -1.733e-6, 6.388e-7, -5.797e-8, -7.000e-8, -4.593e-8, -2.607e-6, -1.867e-6, 7.403e-7, -5.326e-8, -8.275e-8, -2.377e-8, -2.841e-6, -1.955e-6, 8.861e-7, -4.079e-8, -6.263e-8, -1.894e-8
0.156, -2.153e-6, -1.609e-6, 5.445e-7, -5.722e-8, -8.481e-8, -2.964e-8, -2.351e-6, -1.714e-6, 6.365e-7, -5.941e-8, -7.353e-8, -4.529e-8, -2.597e-6, -1.851e-6, 7.456e-7, -5.238e-8, -8.164e-8, -2.311e-8, -2.865e-6, -1.958e-6, 9.074e-7, -3.774e-8, -5.866e-8, -1.683e-8
0.152, -2.117e-6, -1.580e-6, 5.371e-7, -5.547e-8, -7.977e-8, -3.117e-8, -2.319e-6, -1.691e-6, 6.274e-7, -6.009e-8, -7.421e-8, -4.597e-8, -2.572e-6, -1.830e-6, 7.412e-7, -5.253e-8, -8.218e-8, -2.288e-8, -2.876e-6, -1.954e-6, 9.229e-7, -3.911e-8, -5.965e-8, -1.857e-8
0.148, -2.084e-6, -1.553e-6, 5.310e-7, -5.247e-8, -8.136e-8, -2.358e-8, -2.286e-6, -1.663e-6, 6.227e-7, -5.733e-8, -6.982e-8, -4.485e-8, -2.540e-6, -1.803e-6, 7.366e-7, -5.297e-8, -8.205e-8, -2.390e-8, -2.869e-6, -1.936e-6, 9.326e-7, -3.934e-8, -6.141e-8, -1.727e-8
0.144, -2.044e-6, -1.521e-6, 5.236e-7, -5.401e-8, -8.182e-8, -2.620e-8, -2.238e-6, -1.630e-6, 6.075e-7, -5.787e-8, -6.850e-8, -4.723e-8, -2.498e-6, -1.770e-6, 7.284e-7, -5.023e-8, -7.908e-8, -2.139e-8, -2.848e-6, -1.909e-6, 9.389e-7, -3.435e-8, -5.710e-8, -1.160e-8
0.140, -1.991e-6, -1.489e-6, 5.023e-7, -5.439e-8, -7.835e-8, -3.042e-8, -2.192e-6, -1.592e-6, 6.001e-7, -5.318e-8, -6.359e-8, -4.277e-8, -2.440e-6, -1.727e-6, 7.135e-7, -5.360e-8, -8.146e-8, -2.574e-8, -2.798e-6, -1.874e-6, 9.234e-7, -4.214e-8, -6.397e-8, -2.032e-8
0.136, -1.939e-6, -1.452e-6, 4.873e-7, -5.545e-8, -8.326e-8, -2.765e-8, -2.136e-6, -1.557e-6, 5.789e-7, -5.631e-8, -6.628e-8, -4.635e-8, -2.371e-6, -1.680e-6, 6.912e-7, -4.968e-8, -7.422e-8, -2.513e-8, -2.728e-6, -1.818e-6, 9.101e-7, -3.821e-8, -6.270e-8, -1.373e-8
0.132, -1.875e-6, -1.409e-6, 4.656e-7, -5.438e-8, -7.715e-8, -3.161e-8, -2.069e-6, -1.515e-6, 5.540e-7, -5.802e-8, -6.785e-8, -4.819e-8, -2.297e-6, -1.631e-6, 6.664e-7, -5.003e-8, -7.797e-8, -2.209e-8, -2.646e-6, -1.760e-6, 8.855e-7, -3.678e-8, -5.748e-8, -1.608e-8
0.128, -1.818e-6, -1.374e-6, 4.440e-7, -5.307e-8, -7.377e-8, -3.237e-8, -1.995e-6, -1.467e-6, 5.275e-7, -5.484e-8, -6.015e-8, -4.954e-8, -2.211e-6, -1.578e-6, 6.332e-7, -4.920e-8, -7.351e-8, -2.489e-8, -2.552e-6, -1.702e-6, 8.507e-7, -3.753e-8, -6.106e-8, -1.399e-8
0.124, -1.750e-6, -1.330e-6, 4.203e-7, -5.181e-8, -7.595e-8, -2.766e-8, -1.930e-6, -1.428e-6, 5.024e-7, -5.513e-8, -6.287e-8, -4.740e-8, -2.125e-6, -1.529e-6, 5.961e-7, -5.182e-8, -7.305e-8, -3.059e-8, -2.430e-6, -1.626e-6, 8.048e-7, -3.718e-8, -5.630e-8, -1.805e-8
0.120, -1.686e-6, -1.295e-6, 3.915e-7, -5.500e-8, -7.513e-8, -3.487e-8, -1.858e-6, -1.385e-6, 4.723e-7, -5.361e-8, -6.168e-8, -4.553e-8, -2.041e-6, -1.477e-6, 5.640e-7, -5.052e-8, -7.376e-8, -2.728e-8, -2.311e-6, -1.553e-6, 7.580e-7, -3.898e-8, -5.755e-8, -2.041e-8
0.116, -1.625e-6, -1.257e-6, 3.677e-7, -5.389e-8, -7.739e-8, -3.039e-8, -1.786e-6, -1.345e-6, 4.406e-7, -5.326e-8, -5.816e-8, -4.837e-8, -1.942e-6, -1.419e-6, 5.228e-7, -5.041e-8, -7.291e-8, -2.791e-8, -2.181e-6, -1.478e-6, 7.038e-7, -3.607e-8, -5.443e-8, -1.770e-8
0.112, -1.572e-6, -1.230e-6, 3.422e-7, -5.478e-8, -7.746e-8, -3.209e-8, -1.718e-6, -1.312e-6, 4.069e-7, -5.407e-8, -5.749e-8, -5.065e-8, -1.855e-6, -1.374e-6, 4.811e-7, -4.875e-8, -6.722e-8, -3.028e-8, -2.055e-6, -1.404e-6, 6.508e-7, -3.477e-8, -5.566e-8, -1.388e-8
0.108, -1.503e-6, -1.192e-6, 3.110e-7, -5.395e-8, -7.069e-8, -3.721e-8, -1.654e-6, -1.275e-6, 3.783e-7, -5.575e-8, -5.932e-8, -5.219e-8, -1.776e-6, -1.329e-6, 4.476e-7, -4.894e-8, -7.109e-8, -2.680e-8, -1.927e-6, -1.334e-6, 5.937e-7, -3.363e-8, -5.033e-8, -1.692e-8
0.104, -1.454e-6, -1.167e-6, 2.872e-7, -5.447e-8, -7.277e-8, -3.617e-8, -1.597e-6, -1.245e-6, 3.516e-7, -5.478e-8, -6.088e-8, -4.867e-8, -1.698e-6, -1.287e-6, 4.113e-7, -4.534e-8, -6.694e-8, -2.375e-8, -1.808e-6, -1.267e-6, 5.413e-7, -3.325e-8, -4.741e-8, -1.910e-8
0.100, -1.402e-6, -1.138e-6, 2.641e-7, -5.226e-8, -7.072e-8, -3.380e-8, -1.537e-6, -1.211e-6, 3.263e-7, -5.008e-8, -5.260e-8, -4.755e-8, -1.626e-6, -1.250e-6, 3.761e-7, -4.538e-8, -6.568e-8, -2.508e-8, -1.697e-6, -1.212e-6, 4.842e-7, -3.947e-8, -5.250e-8, -2.644e-8
0.096, -1.364e-6, -1.117e-6, 2.468e-7, -5.154e-8, -6.895e-8, -3.413e-8, -1.491e-6, -1.186e-6, 3.050e-7, -5.443e-8, -5.461e-8, -5.424e-8, -1.554e-6, -1.214e-6, 3.402e-7, -4.656e-8, -6.470e-8, -2.842e-8, -1.595e-6, -1.160e-6, 4.347e-7, -3.529e-8, -5.026e-8, -2.033e-8
0.092, -1.327e-6, -1.096e-6, 2.308e-7, -4.720e-8, -6.236e-8, -3.204e-8, -1.444e-6, -1.159e-6, 2.845e-7, -5.011e-8, -5.073e-8, -4.949e-8, -1.500e-6, -1.187e-6, 3.123e-7, -5.013e-8, -6.784e-8, -3.241e-8, -1.503e-6, -1.116e-6, 3.865e-7, -3.489e-8, -5.099e-8, -1.879e-8
0.088, -1.290e-6, -1.081e-6, 2.089e-7, -4.968e-8, -6.647e-8, -3.288e-8, -1.412e-6, -1.142e-6, 2.700e-7, -4.864e-8, -5.161e-8, -4.566e-8, -1.456e-6, -1.161e-6, 2.949e-7, -4.729e-8, -6.411e-8, -3.047e-8, -1.418e-6, -1.077e-6, 3.414e-7, -3.642e-8, -4.729e-8, -2.554e-8
0.084, -1.263e-6, -1.066e-6, 1.971e-7, -5.177e-8, -6.954e-8, -3.399e-8, -1.374e-6, -1.126e-6, 2.478e-7, -5.182e-8, -5.133e-8, -5.230e-8, -1.407e-6, -1.139e-6, 2.678e-7, -4.391e-8, -5.954e-8, -2.828e-8, -1.348e-6, -1.037e-6, 3.111e-7, -3.468e-8, -4.940e-8, -1.996e-8
0.080, -1.233e-6, -1.047e-6, 1.867e-7, -5.119e-8, -6.599e-8, -3.638e-8, -1.349e-6, -1.116e-6, 2.331e-7, -5.471e-8, -5.787e-8, -5.154e-8, -1.379e-6, -1.125e-6, 2.541e-7, -4.358e-8, -6.001e-8, -2.716e-8, -1.291e-6, -1.008e-6, 2.835e-7, -3.184e-8, -4.166e-8, -2.203e-8
0.076, -1.215e-6, -1.037e-6, 1.782e-7, -5.060e-8, -6.342e-8, -3.778e-8, -1.323e-6, -1.100e-6, 2.225e-7, -5.293e-8, -5.013e-8, -5.573e-8, -1.341e-6, -1.107e-6, 2.333e-7, -4.549e-8, -6.139e-8, -2.959e-8, -1.241e-6, -9.840e-7, 2.569e-7, -3.227e-8, -4.672e-8, -1.781e-8
0.072, -1.200e-6, -1.033e-6, 1.673e-7, -5.130e-8, -6.508e-8, -3.753e-8, -1.304e-6, -1.090e-6, 2.139e-7, -5.217e-8, -4.824e-8, -5.610e-8, -1.316e-6, -1.092e-6, 2.234e-7, -4.427e-8, -5.900e-8, -2.953e-8, -1.205e-6, -9.689e-7, 2.364e-7, -3.370e-8, -4.652e-8, -2.089e-8
0.068, -1.184e-6, -1.024e-6, 1.608e-7, -4.897e-8, -6.170e-8, -3.624e-8, -1.285e-6, -1.081e-6, 2.039e-7, -5.179e-8, -4.694e-8, -5.664e-8, -1.289e-6, -1.080e-6, 2.094e-7, -4.612e-8, -6.061e-8, -3.164e-8, -1.164e-6, -9.512e-7, 2.132e-7, -3.602e-8, -4.973e-8, -2.231e-8
0.064, -1.176e-6, -1.020e-6, 1.560e-7, -5.190e-8, -6.653e-8, -3.728e-8, -1.277e-6, -1.077e-6, 1.993e-7, -5.079e-8, -4.670e-8, -5.487e-8, -1.274e-6, -1.071e-6, 2.028e-7, -4.338e-8, -5.666e-8, -3.009e-8, -1.133e-6, -9.330e-7, 2.002e-7, -3.429e-8, -4.541e-8, -2.318e-8
0.060, -1.162e-6, -1.013e-6, 1.489e-7, -4.979e-8, -6.068e-8, -3.889e-8, -1.264e-6, -1.069e-6, 1.948e-7, -4.767e-8, -4.431e-8, -5.103e-8, -1.259e-6, -1.065e-6, 1.937e-7, -4.610e-8, -6.079e-8, -3.141e-8, -1.110e-6, -9.261e-7, 1.838e-7, -3.538e-8, -4.580e-8, -2.497e-8
0.056, -1.149e-6, -1.006e-6, 1.437e-7, -5.085e-8, -6.401e-8, -3.769e-8, -1.253e-6, -1.066e-6, 1.871e-7, -5.133e-8, -5.093e-8, -5.173e-8, -1.252e-6, -1.061e-6, 1.912e-7, -4.274e-8, -5.784e-8, -2.764e-8, -1.091e-6, -9.152e-7, 1.757e-7, -3.360e-8, -4.237e-8, -2.483e-8
0.052, -1.143e-6, -1.001e-6, 1.418e-7, -5.036e-8, -6.398e-8, -3.673e-8, -1.254e-6, -1.067e-6, 1.862e-7, -5.089e-8, -5.056e-8, -5.122e-8, -1.237e-6, -1.056e-6, 1.815e-7, -4.421e-8, -5.667e-8, -3.175e-8, -1.076e-6, -9.068e-7, 1.694e-7, -3.156e-8, -3.933e-8, -2.379e-8
0.048, -1.147e-6, -1.006e-6, 1.409e-7, -4.911e-8, -6.294e-8, -3.527e-8, -1.243e-6, -1.060e-6, 1.824e-7, -4.964e-8, -4.703e-8, -5.225e-8, -1.229e-6, -1.050e-6, 1.787e-7, -4.630e-8, -5.981e-8, -3.278e-8, -1.068e-6, -9.068e-7, 1.612e-7, -3.517e-8, -4.786e-8, -2.247e-8
0.044, -1.138e-6, -1.002e-6, 1.361e-7, -5.042e-8, -6.330e-8, -3.755e-8, -1.240e-6, -1.062e-6, 1.783e-7, -4.946e-8, -4.715e-8, -5.178e-8, -1.223e-6, -1.047e-6, 1.757e-7, -4.279e-8, -5.421e-8, -3.138e-8, -1.053e-6, -8.948e-7, 1.577e-7, -3.190e-8, -4.310e-8, -2.070e-8
0.040, -1.132e-6, -9.969e-7, 1.348e-7, -4.519e-8, -5.639e-8, -3.399e-8, -1.234e-6, -1.053e-6, 1.804e-7, -4.747e-8, -4.360e-8, -5.133e-8, -1.225e-6, -1.050e-6, 1.750e-7, -4.599e-8, -6.016e-8, -3.182e-8, -1.054e-6, -8.998e-7, 1.539e-7, -3.416e-8, -4.593e-8, -2.239e-8
0.036, -1.131e-6, -9.989e-7, 1.318e-7, -4.941e-8, -6.111e-8, -3.771e-8, -1.230e-6, -1.061e-6, 1.686e-7, -4.719e-8, -4.359e-8, -5.079e-8, -1.219e-6, -1.049e-6, 1.701e-7, -4.181e-8, -5.572e-8, -2.791e-8, -1.045e-6, -8.937e-7, 1.514e-7, -3.226e-8, -4.171e-8, -2.281e-8
0.032, -1.136e-6, -1.006e-6, 1.295e-7, -4.513e-8, -6.043e-8, -2.982e-8, -1.231e-6, -1.062e-6, 1.689e-7, -4.823e-8, -4.369e-8, -5.277e-8, -1.211e-6, -1.046e-6, 1.644e-7, -4.508e-8, -5.642e-8, -3.375e-8, -1.044e-6, -8.995e-7, 1.441e-7, -3.433e-8, -4.505e-8, -2.361e-8
0.028, -1.131e-6, -1.004e-6, 1.263e-7, -4.572e-8, -5.933e-8, -3.210e-8, -1.230e-6, -1.060e-6, 1.704e-7, -4.643e-8, -4.240e-8, -5.047e-8, -1.210e-6, -1.046e-6, 1.641e-7, -4.404e-8, -5.741e-8, -3.068e-8, -1.041e-6, -9.014e-7, 1.400e-7, -3.356e-8, -4.492e-8, -2.220e-8
0.024, -1.133e-6, -1.007e-6, 1.258e-7, -4.673e-8, -5.878e-8, -3.468e-8, -1.232e-6, -1.069e-6, 1.634e-7, -4.777e-8, -4.475e-8, -5.079e-8, -1.219e-6, -1.058e-6, 1.616e-7, -4.443e-8, -5.818e-8, -3.069e-8, -1.036e-6, -8.974e-7, 1.385e-7, -3.067e-8, -4.073e-8, -2.062e-8
0.020, -1.129e-6, -1.009e-6, 1.205e-7, -4.368e-8, -5.628e-8, -3.107e-8, -1.243e-6, -1.079e-6, 1.637e-7, -4.965e-8, -4.478e-8, -5.453e-8, -1.217e-6, -1.059e-6, 1.581e-7, -4.558e-8, -5.808e-8, -3.308e-8, -1.041e-6, -9.062e-7, 1.347e-7, -3.342e-8, -4.303e-8, -2.381e-8
0.016, -1.140e-6, -1.022e-6, 1.182e-7, -4.832e-8, -6.061e-8, -3.602e-8, -1.244e-6, -1.085e-6, 1.588e-7, -4.562e-8, -4.420e-8, -4.704e-8, -1.220e-6, -1.059e-6, 1.606e-7, -3.969e-8, -5.236e-8, -2.703e-8, -1.040e-6, -9.051e-7, 1.344e-7, -3.525e-8, -4.195e-8, -2.854e-8
0.012, -1.143e-6, -1.025e-6, 1.185e-7, -4.571e-8, -6.013e-8, -3.128e-8, -1.252e-6, -1.088e-6, 1.637e-7, -4.850e-8, -4.645e-8, -5.056e-8, -1.226e-6, -1.072e-6, 1.543e-7, -4.536e-8, -5.715e-8, -3.357e-8, -1.042e-6, -9.109e-7, 1.316e-7, -3.209e-8, -4.072e-8, -2.347e-8
0.008, -1.146e-6, -1.031e-6, 1.152e-7, -4.634e-8, -5.852e-8, -3.416e-8, -1.251e-6, -1.096e-6, 1.545e-7, -4.547e-8, -3.966e-8, -5.128e-8, -1.228e-6, -1.075e-6, 1.532e-7, -4.285e-8, -5.591e-8, -2.978e-8, -1.047e-6, -9.183e-7, 1.291e-7, -3.362e-8, -4.461e-8, -2.264e-8
0.004, -1.157e-6, -1.042e-6, 1.156e-7, -4.428e-8, -5.762e-8, -3.094e-8, -1.264e-6, -1.111e-6, 1.530e-7, -4.795e-8, -4.400e-8, -5.190e-8, -1.236e-6, -1.084e-6, 1.515e-7, -4.094e-8, -5.270e-8, -2.918e-8, -1.054e-6, -9.279e-7, 1.260e-7, -3.120e-8, -4.054e-8, -2.187e-8
-0.000, -1.159e-6, -1.049e-6, 1.100e-7, -4.431e-8, -5.565e-8, -3.298e-8, -1.265e-6, -1.117e-6, 1.481e-7, -4.625e-8, -4.319e-8, -4.931e-8, -1.247e-6, -1.097e-6, 1.504e-7, -4.514e-8, -5.783e-8, -3.245e-8, -1.059e-6, -9.358e-7, 1.227e-7, -3.305e-8, -4.238e-8, -2.373e-8
