0.004, 5.438e-7, 8.531e-8, -4.585e-7, 5.145e-7, 1.055e-7, -4.090e-7, 6.174e-7, 9.072e-8, -5.267e-7, 6.028e-7, 1.026e-7, -5.002e-7, 6.694e-7, 9.193e-8, -5.774e-7, 6.030e-7, 7.880e-8, -5.242e-7, 5.339e-7, 8.068e-8, -4.533e-7, 4.326e-7, 4.792e-8, -3.846e-7
0.008, 6.643e-7, 2.832e-7, -3.811e-7, 6.517e-7, 3.052e-7, -3.464e-7, 7.500e-7, 3.125e-7, -4.375e-7, 7.530e-7, 3.337e-7, -4.193e-7, 8.102e-7, 3.337e-7, -4.765e-7, 7.488e-7, 3.137e-7, -4.351e-7, 6.467e-7, 2.716e-7, -3.751e-7, 5.344e-7, 2.173e-7, -3.171e-7
0.012, 6.562e-7, 3.084e-7, -3.478e-7, 6.553e-7, 3.321e-7, -3.232e-7, 7.410e-7, 3.418e-7, -3.992e-7, 7.552e-7, 3.676e-7, -3.876e-7, 7.980e-7, 3.660e-7, -4.320e-7, 7.472e-7, 3.486e-7, -3.986e-7, 6.391e-7, 2.979e-7, -3.413e-7, 5.311e-7, 2.422e-7, -2.890e-7
0.016, 6.458e-7, 3.213e-7, -3.245e-7, 6.568e-7, 3.477e-7, -3.091e-7, 7.285e-7, 3.562e-7, -3.723e-7, 7.539e-7, 3.860e-7, -3.679e-7, 7.829e-7, 3.815e-7, -4.014e-7, 7.411e-7, 3.666e-7, -3.744e-7, 6.284e-7, 3.109e-7, -3.175e-7, 5.256e-7, 2.554e-7, -2.702e-7
0.020, 6.372e-7, 3.301e-7, -3.072e-7, 6.602e-7, 3.599e-7, -3.003e-7, 7.192e-7, 3.671e-7, -3.521e-7, 7.539e-7, 4.005e-7, -3.534e-7, 7.724e-7, 3.937e-7, -3.787e-7, 7.380e-7, 3.809e-7, -3.571e-7, 6.199e-7, 3.206e-7, -2.994e-7, 5.222e-7, 2.649e-7, -2.573e-7
0.024, 6.334e-7, 3.385e-7, -2.948e-7, 6.671e-7, 3.724e-7, -2.947e-7, 7.141e-7, 3.771e-7, -3.370e-7, 7.586e-7, 4.141e-7, -3.445e-7, 7.669e-7, 4.050e-7, -3.620e-7, 7.382e-7, 3.930e-7, -3.453e-7, 6.173e-7, 3.305e-7, -2.868e-7, 5.214e-7, 2.733e-7, -2.481e-7
0.028, 6.315e-7, 3.470e-7, -2.844e-7, 6.749e-7, 3.845e-7, -2.904e-7, 7.106e-7, 3.860e-7, -3.246e-7, 7.624e-7, 4.252e-7, -3.372e-7, 7.612e-7, 4.130e-7, -3.482e-7, 7.390e-7, 4.029e-7, -3.361e-7, 6.149e-7, 3.385e-7, -2.764e-7, 5.199e-7, 2.797e-7, -2.402e-7
0.032, 6.326e-7, 3.563e-7, -2.764e-7, 6.861e-7, 3.982e-7, -2.878e-7, 7.119e-7, 3.970e-7, -3.149e-7, 7.702e-7, 4.379e-7, -3.322e-7, 7.613e-7, 4.242e-7, -3.371e-7, 7.423e-7, 4.140e-7, -3.283e-7, 6.163e-7, 3.481e-7, -2.681e-7, 5.224e-7, 2.876e-7, -2.348e-7
0.036, 6.397e-7, 3.687e-7, -2.710e-7, 7.014e-7, 4.135e-7, -2.879e-7, 7.149e-7, 4.078e-7, -3.071e-7, 7.818e-7, 4.517e-7, -3.302e-7, 7.651e-7, 4.357e-7, -3.295e-7, 7.484e-7, 4.246e-7, -3.238e-7, 6.204e-7, 3.588e-7, -2.616e-7, 5.257e-7, 2.952e-7, -2.306e-7
0.040, 6.485e-7, 3.811e-7, -2.675e-7, 7.211e-7, 4.312e-7, -2.899e-7, 7.233e-7, 4.214e-7, -3.019e-7, 7.953e-7, 4.664e-7, -3.289e-7, 7.719e-7, 4.485e-7, -3.234e-7, 7.559e-7, 4.357e-7, -3.203e-7, 6.274e-7, 3.700e-7, -2.574e-7, 5.309e-7, 3.037e-7, -2.272e-7
0.044, 6.616e-7, 3.968e-7, -2.649e-7, 7.423e-7, 4.492e-7, -2.931e-7, 7.355e-7, 4.370e-7, -2.985e-7, 8.116e-7, 4.825e-7, -3.290e-7, 7.834e-7, 4.637e-7, -3.197e-7, 7.677e-7, 4.489e-7, -3.188e-7, 6.388e-7, 3.845e-7, -2.544e-7, 5.390e-7, 3.126e-7, -2.264e-7
0.048, 6.783e-7, 4.139e-7, -2.643e-7, 7.676e-7, 4.704e-7, -2.973e-7, 7.526e-7, 4.561e-7, -2.965e-7, 8.327e-7, 5.013e-7, -3.314e-7, 7.995e-7, 4.826e-7, -3.169e-7, 7.812e-7, 4.632e-7, -3.180e-7, 6.544e-7, 4.009e-7, -2.535e-7, 5.485e-7, 3.231e-7, -2.254e-7
0.052, 7.027e-7, 4.367e-7, -2.659e-7, 7.981e-7, 4.947e-7, -3.034e-7, 7.750e-7, 4.779e-7, -2.971e-7, 8.560e-7, 5.213e-7, -3.347e-7, 8.215e-7, 5.039e-7, -3.176e-7, 7.979e-7, 4.789e-7, -3.191e-7, 6.734e-7, 4.197e-7, -2.537e-7, 5.604e-7, 3.350e-7, -2.254e-7
0.056, 7.306e-7, 4.609e-7, -2.697e-7, 8.322e-7, 5.216e-7, -3.106e-7, 8.031e-7, 5.032e-7, -2.999e-7, 8.831e-7, 5.439e-7, -3.392e-7, 8.488e-7, 5.291e-7, -3.197e-7, 8.174e-7, 4.959e-7, -3.214e-7, 6.969e-7, 4.414e-7, -2.555e-7, 5.751e-7, 3.481e-7, -2.270e-7
0.060, 7.631e-7, 4.885e-7, -2.746e-7, 8.697e-7, 5.492e-7, -3.205e-7, 8.362e-7, 5.324e-7, -3.037e-7, 9.149e-7, 5.691e-7, -3.458e-7, 8.815e-7, 5.581e-7, -3.235e-7, 8.409e-7, 5.161e-7, -3.249e-7, 7.250e-7, 4.660e-7, -2.589e-7, 5.915e-7, 3.625e-7, -2.289e-7
0.064, 8.065e-7, 5.243e-7, -2.822e-7, 9.148e-7, 5.834e-7, -3.314e-7, 8.783e-7, 5.679e-7, -3.103e-7, 9.519e-7, 5.979e-7, -3.540e-7, 9.212e-7, 5.926e-7, -3.287e-7, 8.682e-7, 5.384e-7, -3.297e-7, 7.611e-7, 4.967e-7, -2.644e-7, 6.123e-7, 3.799e-7, -2.323e-7
0.068, 8.576e-7, 5.658e-7, -2.918e-7, 9.664e-7, 6.222e-7, -3.443e-7, 9.272e-7, 6.077e-7, -3.194e-7, 9.936e-7, 6.297e-7, -3.639e-7, 9.698e-7, 6.317e-7, -3.381e-7, 8.991e-7, 5.626e-7, -3.365e-7, 8.029e-7, 5.304e-7, -2.724e-7, 6.367e-7, 3.993e-7, -2.373e-7
0.072, 9.160e-7, 6.113e-7, -3.047e-7, 1.022e-6, 6.638e-7, -3.584e-7, 9.862e-7, 6.548e-7, -3.315e-7, 1.041e-6, 6.660e-7, -3.752e-7, 1.028e-6, 6.779e-7, -3.499e-7, 9.362e-7, 5.912e-7, -3.449e-7, 8.515e-7, 5.697e-7, -2.818e-7, 6.643e-7, 4.213e-7, -2.430e-7
0.076, 9.868e-7, 6.667e-7, -3.200e-7, 1.089e-6, 7.132e-7, -3.762e-7, 1.056e-6, 7.094e-7, -3.461e-7, 1.095e-6, 7.067e-7, -3.885e-7, 1.095e-6, 7.314e-7, -3.637e-7, 9.773e-7, 6.230e-7, -3.543e-7, 9.100e-7, 6.163e-7, -2.937e-7, 6.966e-7, 4.466e-7, -2.501e-7
0.080, 1.066e-6, 7.269e-7, -3.387e-7, 1.162e-6, 7.663e-7, -3.957e-7, 1.135e-6, 7.705e-7, -3.643e-7, 1.156e-6, 7.514e-7, -4.044e-7, 1.174e-6, 7.914e-7, -3.823e-7, 1.024e-6, 6.575e-7, -3.661e-7, 9.762e-7, 6.672e-7, -3.090e-7, 7.336e-7, 4.747e-7, -2.588e-7
0.084, 1.159e-6, 7.979e-7, -3.614e-7, 1.245e-6, 8.267e-7, -4.185e-7, 1.227e-6, 8.414e-7, -3.861e-7, 1.224e-6, 8.022e-7, -4.222e-7, 1.265e-6, 8.613e-7, -4.034e-7, 1.077e-6, 6.969e-7, -3.797e-7, 1.053e-6, 7.264e-7, -3.269e-7, 7.762e-7, 5.070e-7, -2.692e-7
0.088, 1.265e-6, 8.777e-7, -3.871e-7, 1.337e-6, 8.944e-7, -4.427e-7, 1.332e-6, 9.205e-7, -4.112e-7, 1.300e-6, 8.583e-7, -4.419e-7, 1.368e-6, 9.395e-7, -4.281e-7, 1.135e-6, 7.404e-7, -3.946e-7, 1.140e-6, 7.933e-7, -3.469e-7, 8.238e-7, 5.433e-7, -2.805e-7
0.092, 1.386e-6, 9.678e-7, -4.179e-7, 1.440e-6, 9.690e-7, -4.715e-7, 1.451e-6, 1.010e-6, -4.411e-7, 1.385e-6, 9.204e-7, -4.646e-7, 1.484e-6, 1.027e-6, -4.578e-7, 1.201e-6, 7.891e-7, -4.118e-7, 1.239e-6, 8.675e-7, -3.717e-7, 8.784e-7, 5.841e-7, -2.943e-7
0.096, 1.521e-6, 1.067e-6, -4.540e-7, 1.555e-6, 1.052e-6, -5.030e-7, 1.585e-6, 1.108e-6, -4.766e-7, 1.481e-6, 9.894e-7, -4.912e-7, 1.617e-6, 1.124e-6, -4.927e-7, 1.276e-6, 8.434e-7, -4.323e-7, 1.352e-6, 9.503e-7, -4.013e-7, 9.400e-7, 6.295e-7, -3.106e-7
0.100, 1.671e-6, 1.176e-6, -4.950e-7, 1.681e-6, 1.142e-6, -5.386e-7, 1.731e-6, 1.215e-6, -5.158e-7, 1.584e-6, 1.064e-6, -5.193e-7, 1.763e-6, 1.230e-6, -5.321e-7, 1.356e-6, 9.018e-7, -4.544e-7, 1.474e-6, 1.041e-6, -4.334e-7, 1.008e-6, 6.795e-7, -3.280e-7
0.104, 1.837e-6, 1.297e-6, -5.403e-7, 1.820e-6, 1.242e-6, -5.782e-7, 1.894e-6, 1.334e-6, -5.606e-7, 1.695e-6, 1.145e-6, -5.500e-7, 1.923e-6, 1.347e-6, -5.759e-7, 1.444e-6, 9.658e-7, -4.783e-7, 1.608e-6, 1.139e-6, -4.691e-7, 1.082e-6, 7.342e-7, -3.479e-7
0.108, 2.019e-6, 1.426e-6, -5.923e-7, 1.972e-6, 1.349e-6, -6.228e-7, 2.073e-6, 1.461e-6, -6.116e-7, 1.819e-6, 1.233e-6, -5.857e-7, 2.100e-6, 1.473e-6, -6.268e-7, 1.541e-6, 1.035e-6, -5.060e-7, 1.755e-6, 1.244e-6, -5.108e-7, 1.165e-6, 7.945e-7, -3.702e-7
0.112, 2.214e-6, 1.565e-6, -6.485e-7, 2.136e-6, 1.466e-6, -6.703e-7, 2.265e-6, 1.598e-6, -6.667e-7, 1.950e-6, 1.328e-6, -6.226e-7, 2.289e-6, 1.608e-6, -6.809e-7, 1.644e-6, 1.109e-6, -5.351e-7, 1.912e-6, 1.357e-6, -5.550e-7, 1.254e-6, 8.584e-7, -3.951e-7
0.116, 2.422e-6, 1.712e-6, -7.094e-7, 2.311e-6, 1.589e-6, -7.217e-7, 2.470e-6, 1.743e-6, -7.264e-7, 2.092e-6, 1.429e-6, -6.631e-7, 2.490e-6, 1.750e-6, -7.399e-7, 1.756e-6, 1.189e-6, -5.670e-7, 2.080e-6, 1.477e-6, -6.033e-7, 1.349e-6, 9.278e-7, -4.209e-7
0.120, 2.642e-6, 1.868e-6, -7.738e-7, 2.495e-6, 1.719e-6, -7.759e-7, 2.685e-6, 1.894e-6, -7.907e-7, 2.243e-6, 1.537e-6, -7.060e-7, 2.703e-6, 1.900e-6, -8.033e-7, 1.875e-6, 1.274e-6, -6.010e-7, 2.256e-6, 1.602e-6, -6.540e-7, 1.451e-6, 1.001e-6, -4.498e-7
0.124, 2.867e-6, 2.025e-6, -8.415e-7, 2.687e-6, 1.854e-6, -8.335e-7, 2.906e-6, 2.049e-6, -8.568e-7, 2.397e-6, 1.647e-6, -7.505e-7, 2.921e-6, 2.053e-6, -8.683e-7, 1.997e-6, 1.361e-6, -6.361e-7, 2.435e-6, 1.729e-6, -7.065e-7, 1.556e-6, 1.077e-6, -4.793e-7
0.128, 3.100e-6, 2.188e-6, -9.123e-7, 2.890e-6, 1.996e-6, -8.942e-7, 3.135e-6, 2.209e-6, -9.261e-7, 2.559e-6, 1.763e-6, -7.963e-7, 3.147e-6, 2.211e-6, -9.360e-7, 2.126e-6, 1.454e-6, -6.724e-7, 2.621e-6, 1.860e-6, -7.605e-7, 1.667e-6, 1.157e-6, -5.099e-7
0.132, 3.334e-6, 2.352e-6, -9.826e-7, 3.094e-6, 2.139e-6, -9.552e-7, 3.363e-6, 2.369e-6, -9.947e-7, 2.724e-6, 1.882e-6, -8.425e-7, 3.372e-6, 2.369e-6, -1.004e-6, 2.258e-6, 1.549e-6, -7.091e-7, 2.806e-6, 1.991e-6, -8.144e-7, 1.781e-6, 1.240e-6, -5.412e-7
0.136, 3.569e-6, 2.515e-6, -1.054e-6, 3.302e-6, 2.285e-6, -1.017e-6, 3.593e-6, 2.529e-6, -1.064e-6, 2.891e-6, 2.003e-6, -8.880e-7, 3.599e-6, 2.529e-6, -1.070e-6, 2.392e-6, 1.647e-6, -7.455e-7, 2.988e-6, 2.122e-6, -8.662e-7, 1.897e-6, 1.325e-6, -5.726e-7
0.140, 3.797e-6, 2.677e-6, -1.120e-6, 3.510e-6, 2.433e-6, -1.077e-6, 3.813e-6, 2.684e-6, -1.130e-6, 3.057e-6, 2.124e-6, -9.332e-7, 3.817e-6, 2.683e-6, -1.134e-6, 2.525e-6, 1.745e-6, -7.808e-7, 3.165e-6, 2.249e-6, -9.156e-7, 2.013e-6, 1.410e-6, -6.030e-7
0.144, 4.017e-6, 2.832e-6, -1.185e-6, 3.713e-6, 2.577e-6, -1.136e-6, 4.027e-6, 2.835e-6, -1.192e-6, 3.221e-6, 2.245e-6, -9.761e-7, 4.028e-6, 2.834e-6, -1.194e-6, 2.660e-6, 1.844e-6, -8.161e-7, 3.335e-6, 2.373e-6, -9.616e-7, 2.128e-6, 1.495e-6, -6.329e-7
0.148, 4.222e-6, 2.980e-6, -1.242e-6, 3.909e-6, 2.719e-6, -1.190e-6, 4.229e-6, 2.980e-6, -1.249e-6, 3.381e-6, 2.365e-6, -1.016e-6, 4.228e-6, 2.980e-6, -1.248e-6, 2.792e-6, 1.944e-6, -8.479e-7, 3.494e-6, 2.491e-6, -1.002e-6, 2.240e-6, 1.580e-6, -6.606e-7
0.152, 4.409e-6, 3.117e-6, -1.292e-6, 4.096e-6, 2.857e-6, -1.240e-6, 4.414e-6, 3.116e-6, -1.298e-6, 3.535e-6, 2.483e-6, -1.052e-6, 4.410e-6, 3.116e-6, -1.295e-6, 2.920e-6, 2.043e-6, -8.772e-7, 3.640e-6, 2.603e-6, -1.037e-6, 2.348e-6, 1.663e-6, -6.853e-7
0.156, 4.578e-6, 3.244e-6, -1.334e-6, 4.273e-6, 2.988e-6, -1.285e-6, 4.579e-6, 3.240e-6, -1.339e-6, 3.681e-6, 2.597e-6, -1.084e-6, 4.575e-6, 3.242e-6, -1.334e-6, 3.043e-6, 2.139e-6, -9.036e-7, 3.770e-6, 2.705e-6, -1.064e-6, 2.451e-6, 1.744e-6, -7.070e-7
0.160, 4.724e-6, 3.358e-6, -1.366e-6, 4.435e-6, 3.112e-6, -1.323e-6, 4.725e-6, 3.353e-6, -1.371e-6, 3.818e-6, 2.707e-6, -1.111e-6, 4.720e-6, 3.357e-6, -1.364e-6, 3.160e-6, 2.234e-6, -9.254e-7, 3.884e-6, 2.800e-6, -1.085e-6, 2.549e-6, 1.823e-6, -7.262e-7
0.164, 4.843e-6, 3.456e-6, -1.387e-6, 4.580e-6, 3.226e-6, -1.354e-6, 4.845e-6, 3.453e-6, -1.392e-6, 3.943e-6, 2.811e-6, -1.133e-6, 4.842e-6, 3.459e-6, -1.384e-6, 3.269e-6, 2.326e-6, -9.427e-7, 3.979e-6, 2.882e-6, -1.097e-6, 2.638e-6, 1.898e-6, -7.403e-7
0.168, 4.936e-6, 3.539e-6, -1.397e-6, 4.709e-6, 3.332e-6, -1.377e-6, 4.943e-6, 3.540e-6, -1.403e-6, 4.057e-6, 2.909e-6, -1.148e-6, 4.943e-6, 3.549e-6, -1.394e-6, 3.372e-6, 2.415e-6, -9.563e-7, 4.056e-6, 2.955e-6, -1.101e-6, 2.720e-6, 1.969e-6, -7.511e-7
0.172, 5.002e-6, 3.605e-6, -1.397e-6, 4.817e-6, 3.424e-6, -1.393e-6, 5.014e-6, 3.611e-6, -1.404e-6, 4.158e-6, 3.000e-6, -1.159e-6, 5.019e-6, 3.624e-6, -1.396e-6, 3.465e-6, 2.500e-6, -9.650e-7, 4.114e-6, 3.016e-6, -1.099e-6, 2.793e-6, 2.035e-6, -7.576e-7
0.176, 5.043e-6, 3.657e-6, -1.386e-6, 4.909e-6, 3.510e-6, -1.399e-6, 5.062e-6, 3.668e-6, -1.394e-6, 4.247e-6, 3.085e-6, -1.161e-6, 5.073e-6, 3.686e-6, -1.386e-6, 3.550e-6, 2.581e-6, -9.682e-7, 4.152e-6, 3.065e-6, -1.087e-6, 2.858e-6, 2.098e-6, -7.592e-7
0.180, 5.057e-6, 3.692e-6, -1.366e-6, 4.982e-6, 3.581e-6, -1.400e-6, 5.087e-6, 3.710e-6, -1.377e-6, 4.323e-6, 3.162e-6, -1.161e-6, 5.104e-6, 3.734e-6, -1.370e-6, 3.627e-6, 2.658e-6, -9.694e-7, 4.174e-6, 3.103e-6, -1.071e-6, 2.915e-6, 2.156e-6, -7.586e-7
0.184, 5.048e-6, 3.713e-6, -1.335e-6, 5.038e-6, 3.644e-6, -1.393e-6, 5.088e-6, 3.739e-6, -1.349e-6, 4.387e-6, 3.233e-6, -1.154e-6, 5.116e-6, 3.770e-6, -1.346e-6, 3.695e-6, 2.730e-6, -9.646e-7, 4.180e-6, 3.132e-6, -1.048e-6, 2.963e-6, 2.210e-6, -7.534e-7
0.188, 5.015e-6, 3.716e-6, -1.298e-6, 5.073e-6, 3.692e-6, -1.382e-6, 5.069e-6, 3.753e-6, -1.316e-6, 4.438e-6, 3.295e-6, -1.143e-6, 5.106e-6, 3.791e-6, -1.315e-6, 3.753e-6, 2.797e-6, -9.559e-7, 4.168e-6, 3.149e-6, -1.019e-6, 3.003e-6, 2.258e-6, -7.454e-7
0.192, 4.962e-6, 3.708e-6, -1.254e-6, 5.095e-6, 3.732e-6, -1.363e-6, 5.031e-6, 3.756e-6, -1.275e-6, 4.479e-6, 3.350e-6, -1.128e-6, 5.080e-6, 3.802e-6, -1.278e-6, 3.805e-6, 2.860e-6, -9.453e-7, 4.144e-6, 3.157e-6, -9.870e-7, 3.036e-6, 2.301e-6, -7.346e-7
0.196, 4.890e-6, 3.686e-6, -1.204e-6, 5.100e-6, 3.761e-6, -1.339e-6, 4.975e-6, 3.746e-6, -1.229e-6, 4.507e-6, 3.397e-6, -1.110e-6, 5.036e-6, 3.800e-6, -1.236e-6, 3.847e-6, 2.916e-6, -9.309e-7, 4.105e-6, 3.154e-6, -9.509e-7, 3.061e-6, 2.340e-6, -7.210e-7
0.200, 4.803e-6, 3.653e-6, -1.150e-6, 5.091e-6, 3.780e-6, -1.311e-6, 4.906e-6, 3.728e-6, -1.178e-6, 4.528e-6, 3.439e-6, -1.089e-6, 4.979e-6, 3.790e-6, -1.189e-6, 3.884e-6, 2.970e-6, -9.142e-7, 4.056e-6, 3.145e-6, -9.105e-7, 3.079e-6, 2.373e-6, -7.056e-7
0.204, 4.707e-6, 3.615e-6, -1.092e-6, 5.071e-6, 3.792e-6, -1.279e-6, 4.823e-6, 3.700e-6, -1.124e-6, 4.538e-6, 3.474e-6, -1.064e-6, 4.909e-6, 3.770e-6, -1.139e-6, 3.913e-6, 3.018e-6, -8.956e-7, 3.997e-6, 3.128e-6, -8.692e-7, 3.093e-6, 2.404e-6, -6.894e-7
0.208, 4.596e-6, 3.566e-6, -1.030e-6, 5.040e-6, 3.796e-6, -1.245e-6, 4.730e-6, 3.665e-6, -1.065e-6, 4.540e-6, 3.503e-6, -1.037e-6, 4.828e-6, 3.743e-6, -1.085e-6, 3.936e-6, 3.063e-6, -8.734e-7, 3.928e-6, 3.104e-6, -8.239e-7, 3.100e-6, 2.430e-6, -6.700e-7
0.212, 4.484e-6, 3.514e-6, -9.697e-7, 5.004e-6, 3.794e-6, -1.210e-6, 4.631e-6, 3.623e-6, -1.008e-6, 4.537e-6, 3.526e-6, -1.011e-6, 4.739e-6, 3.708e-6, -1.031e-6, 3.955e-6, 3.102e-6, -8.529e-7, 3.856e-6, 3.076e-6, -7.800e-7, 3.105e-6, 2.453e-6, -6.520e-7
0.216, 4.362e-6, 3.454e-6, -9.078e-7, 4.957e-6, 3.785e-6, -1.172e-6, 4.526e-6, 3.577e-6, -9.494e-7, 4.528e-6, 3.545e-6, -9.830e-7, 4.644e-6, 3.669e-6, -9.756e-7, 3.968e-6, 3.138e-6, -8.307e-7, 3.777e-6, 3.042e-6, -7.346e-7, 3.105e-6, 2.472e-6, -6.327e-7
0.220, 4.240e-6, 3.392e-6, -8.474e-7, 4.906e-6, 3.771e-6, -1.135e-6, 4.415e-6, 3.525e-6, -8.903e-7, 4.512e-6, 3.558e-6, -9.547e-7, 4.543e-6, 3.624e-6, -9.194e-7, 3.978e-6, 3.170e-6, -8.082e-7, 3.694e-6, 3.005e-6, -6.889e-7, 3.102e-6, 2.488e-6, -6.140e-7
0.224, 4.115e-6, 3.329e-6, -7.860e-7, 4.853e-6, 3.755e-6, -1.097e-6, 4.302e-6, 3.471e-6, -8.310e-7, 4.493e-6, 3.567e-6, -9.257e-7, 4.440e-6, 3.576e-6, -8.634e-7, 3.983e-6, 3.198e-6, -7.851e-7, 3.608e-6, 2.965e-6, -6.430e-7, 3.096e-6, 2.501e-6, -5.948e-7
0.228, 3.990e-6, 3.263e-6, -7.266e-7, 4.795e-6, 3.735e-6, -1.060e-6, 4.188e-6, 3.414e-6, -7.739e-7, 4.470e-6, 3.573e-6, -8.970e-7, 4.333e-6, 3.525e-6, -8.080e-7, 3.984e-6, 3.223e-6, -7.615e-7, 3.521e-6, 2.922e-6, -5.984e-7, 3.089e-6, 2.513e-6, -5.761e-7
0.232, 3.867e-6, 3.198e-6, -6.697e-7, 4.735e-6, 3.712e-6, -1.023e-6, 4.074e-6, 3.356e-6, -7.177e-7, 4.446e-6, 3.575e-6, -8.703e-7, 4.227e-6, 3.472e-6, -7.546e-7, 3.985e-6, 3.245e-6, -7.399e-7, 3.434e-6, 2.879e-6, -5.554e-7, 3.080e-6, 2.521e-6, -5.587e-7
0.236, 3.747e-6, 3.131e-6, -6.161e-7, 4.674e-6, 3.684e-6, -9.894e-7, 3.961e-6, 3.296e-6, -6.651e-7, 4.417e-6, 3.572e-6, -8.444e-7, 4.119e-6, 3.416e-6, -7.031e-7, 3.981e-6, 3.261e-6, -7.197e-7, 3.347e-6, 2.833e-6, -5.144e-7, 3.069e-6, 2.527e-6, -5.422e-7
0.240, 3.630e-6, 3.066e-6, -5.640e-7, 4.612e-6, 3.657e-6, -9.556e-7, 3.851e-6, 3.237e-6, -6.137e-7, 4.386e-6, 3.568e-6, -8.187e-7, 4.015e-6, 3.361e-6, -6.536e-7, 3.976e-6, 3.277e-6, -6.993e-7, 3.261e-6, 2.787e-6, -4.744e-7, 3.058e-6, 2.531e-6, -5.265e-7
0.244, 3.521e-6, 3.006e-6, -5.152e-7, 4.552e-6, 3.628e-6, -9.240e-7, 3.743e-6, 3.178e-6, -5.645e-7, 4.355e-6, 3.561e-6, -7.941e-7, 3.912e-6, 3.306e-6, -6.062e-7, 3.968e-6, 3.288e-6, -6.797e-7, 3.180e-6, 2.742e-6, -4.373e-7, 3.045e-6, 2.534e-6, -5.111e-7
0.248, 3.411e-6, 2.944e-6, -4.669e-7, 4.488e-6, 3.597e-6, -8.903e-7, 3.637e-6, 3.119e-6, -5.172e-7, 4.318e-6, 3.550e-6, -7.687e-7, 3.810e-6, 3.250e-6, -5.599e-7, 3.957e-6, 3.296e-6, -6.605e-7, 3.097e-6, 2.697e-6, -4.001e-7, 3.031e-6, 2.535e-6, -4.961e-7
0.252, 3.307e-6, 2.884e-6, -4.235e-7, 4.425e-6, 3.565e-6, -8.601e-7, 3.535e-6, 3.061e-6, -4.733e-7, 4.280e-6, 3.535e-6, -7.452e-7, 3.712e-6, 3.195e-6, -5.169e-7, 3.944e-6, 3.302e-6, -6.420e-7, 3.018e-6, 2.652e-6, -3.660e-7, 3.016e-6, 2.534e-6, -4.818e-7
0.256, 3.212e-6, 2.829e-6, -3.826e-7, 4.366e-6, 3.536e-6, -8.304e-7, 3.438e-6, 3.005e-6, -4.322e-7, 4.243e-6, 3.520e-6, -7.228e-7, 3.618e-6, 3.141e-6, -4.766e-7, 3.930e-6, 3.304e-6, -6.256e-7, 2.943e-6, 2.609e-6, -3.341e-7, 3.002e-6, 2.533e-6, -4.687e-7
0.260, 3.115e-6, 2.772e-6, -3.436e-7, 4.300e-6, 3.499e-6, -8.015e-7, 3.343e-6, 2.950e-6, -3.931e-7, 4.201e-6, 3.500e-6, -7.003e-7, 3.526e-6, 3.087e-6, -4.390e-7, 3.912e-6, 3.303e-6, -6.090e-7, 2.869e-6, 2.564e-6, -3.043e-7, 2.983e-6, 2.528e-6, -4.556e-7
0.264, 3.029e-6, 2.721e-6, -3.079e-7, 4.237e-6, 3.464e-6, -7.732e-7, 3.253e-6, 2.897e-6, -3.560e-7, 4.157e-6, 3.480e-6, -6.775e-7, 3.438e-6, 3.036e-6, -4.020e-7, 3.891e-6, 3.300e-6, -5.915e-7, 2.798e-6, 2.523e-6, -2.752e-7, 2.965e-6, 2.523e-6, -4.421e-7
0.268, 2.944e-6, 2.671e-6, -2.735e-7, 4.171e-6, 3.428e-6, -7.434e-7, 3.167e-6, 2.845e-6, -3.213e-7, 4.111e-6, 3.456e-6, -6.550e-7, 3.355e-6, 2.987e-6, -3.682e-7, 3.868e-6, 3.293e-6, -5.756e-7, 2.731e-6, 2.482e-6, -2.481e-7, 2.944e-6, 2.516e-6, -4.287e-7
0.272, 2.867e-6, 2.625e-6, -2.413e-7, 4.109e-6, 3.394e-6, -7.146e-7, 3.084e-6, 2.797e-6, -2.877e-7, 4.064e-6, 3.432e-6, -6.323e-7, 3.275e-6, 2.939e-6, -3.360e-7, 3.843e-6, 3.284e-6, -5.592e-7, 2.667e-6, 2.444e-6, -2.227e-7, 2.923e-6, 2.508e-6, -4.152e-7
0.276, 2.795e-6, 2.583e-6, -2.114e-7, 4.045e-6, 3.358e-6, -6.864e-7, 3.007e-6, 2.749e-6, -2.573e-7, 4.013e-6, 3.403e-6, -6.096e-7, 3.197e-6, 2.891e-6, -3.053e-7, 3.813e-6, 3.271e-6, -5.429e-7, 2.605e-6, 2.407e-6, -1.984e-7, 2.899e-6, 2.498e-6, -4.013e-7
0.280, 2.723e-6, 2.539e-6, -1.831e-7, 3.979e-6, 3.321e-6, -6.584e-7, 2.932e-6, 2.704e-6, -2.280e-7, 3.961e-6, 3.375e-6, -5.864e-7, 3.125e-6, 2.848e-6, -2.769e-7, 3.783e-6, 3.256e-6, -5.263e-7, 2.546e-6, 2.371e-6, -1.754e-7, 2.873e-6, 2.486e-6, -3.871e-7
0.284, 2.660e-6, 2.503e-6, -1.575e-7, 3.916e-6, 3.286e-6, -6.298e-7, 2.864e-6, 2.662e-6, -2.018e-7, 3.908e-6, 3.345e-6, -5.639e-7, 3.055e-6, 2.805e-6, -2.509e-7, 3.750e-6, 3.239e-6, -5.111e-7, 2.490e-6, 2.336e-6, -1.543e-7, 2.847e-6, 2.474e-6, -3.730e-7
0.288, 2.602e-6, 2.468e-6, -1.341e-7, 3.851e-6, 3.250e-6, -6.011e-7, 2.800e-6, 2.623e-6, -1.763e-7, 3.855e-6, 3.314e-6, -5.406e-7, 2.991e-6, 2.766e-6, -2.255e-7, 3.713e-6, 3.220e-6, -4.938e-7, 2.439e-6, 2.305e-6, -1.338e-7, 2.818e-6, 2.460e-6, -3.576e-7
0.292, 2.549e-6, 2.437e-6, -1.124e-7, 3.790e-6, 3.218e-6, -5.729e-7, 2.738e-6, 2.585e-6, -1.533e-7, 3.798e-6, 3.281e-6, -5.172e-7, 2.928e-6, 2.727e-6, -2.018e-7, 3.673e-6, 3.196e-6, -4.769e-7, 2.389e-6, 2.274e-6, -1.146e-7, 2.787e-6, 2.445e-6, -3.424e-7
0.296, 2.497e-6, 2.405e-6, -9.191e-8, 3.727e-6, 3.182e-6, -5.450e-7, 2.682e-6, 2.551e-6, -1.315e-7, 3.742e-6, 3.248e-6, -4.945e-7, 2.871e-6, 2.691e-6, -1.797e-7, 3.632e-6, 3.173e-6, -4.598e-7, 2.342e-6, 2.245e-6, -9.734e-8, 2.753e-6, 2.427e-6, -3.262e-7
0.300, 2.451e-6, 2.376e-6, -7.479e-8, 3.668e-6, 3.149e-6, -5.193e-7, 2.631e-6, 2.518e-6, -1.123e-7, 3.687e-6, 3.215e-6, -4.723e-7, 2.818e-6, 2.657e-6, -1.605e-7, 3.589e-6, 3.147e-6, -4.427e-7, 2.301e-6, 2.218e-6, -8.209e-8, 2.719e-6, 2.409e-6, -3.102e-7
0.304, 2.412e-6, 2.354e-6, -5.804e-8, 3.609e-6, 3.116e-6, -4.924e-7, 2.582e-6, 2.488e-6, -9.413e-8, 3.629e-6, 3.180e-6, -4.487e-7, 2.765e-6, 2.624e-6, -1.410e-7, 3.542e-6, 3.118e-6, -4.245e-7, 2.259e-6, 2.193e-6, -6.613e-8, 2.682e-6, 2.389e-6, -2.935e-7
0.308, 2.373e-6, 2.329e-6, -4.332e-8, 3.547e-6, 3.081e-6, -4.655e-7, 2.537e-6, 2.459e-6, -7.822e-8, 3.572e-6, 3.145e-6, -4.266e-7, 2.717e-6, 2.593e-6, -1.241e-7, 3.494e-6, 3.087e-6, -4.068e-7, 2.221e-6, 2.169e-6, -5.198e-8, 2.642e-6, 2.366e-6, -2.763e-7
0.312, 2.338e-6, 2.308e-6, -2.998e-8, 3.488e-6, 3.049e-6, -4.392e-7, 2.496e-6, 2.433e-6, -6.320e-8, 3.515e-6, 3.111e-6, -4.039e-7, 2.671e-6, 2.563e-6, -1.079e-7, 3.444e-6, 3.056e-6, -3.883e-7, 2.184e-6, 2.146e-6, -3.875e-8, 2.601e-6, 2.342e-6, -2.583e-7
0.316, 2.306e-6, 2.287e-6, -1.876e-8, 3.430e-6, 3.016e-6, -4.146e-7, 2.457e-6, 2.407e-6, -5.010e-8, 3.459e-6, 3.075e-6, -3.835e-7, 2.629e-6, 2.535e-6, -9.404e-8, 3.393e-6, 3.022e-6, -3.707e-7, 2.150e-6, 2.123e-6, -2.745e-8, 2.557e-6, 2.317e-6, -2.405e-7
0.320, 2.278e-6, 2.271e-6, -7.410e-9, 3.373e-6, 2.985e-6, -3.885e-7, 2.422e-6, 2.384e-6, -3.783e-8, 3.402e-6, 3.041e-6, -3.606e-7, 2.589e-6, 2.509e-6, -8.002e-8, 3.339e-6, 2.988e-6, -3.513e-7, 2.118e-6, 2.102e-6, -1.564e-8, 2.512e-6, 2.290e-6, -2.216e-7
0.324, 2.251e-6, 2.252e-6, 1.536e-9, 3.317e-6, 2.951e-6, -3.663e-7, 2.388e-6, 2.360e-6, -2.758e-8, 3.346e-6, 3.005e-6, -3.405e-7, 2.549e-6, 2.481e-6, -6.764e-8, 3.283e-6, 2.950e-6, -3.332e-7, 2.086e-6, 2.080e-6, -5.648e-9, 2.465e-6, 2.262e-6, -2.035e-7
0.328, 2.224e-6, 2.234e-6, 1.049e-8, 3.261e-6, 2.918e-6, -3.422e-7, 2.356e-6, 2.339e-6, -1.740e-8, 3.290e-6, 2.970e-6, -3.202e-7, 2.512e-6, 2.456e-6, -5.624e-8, 3.227e-6, 2.912e-6, -3.144e-7, 2.056e-6, 2.060e-6, 4.282e-9, 2.416e-6, 2.231e-6, -1.846e-7
0.332, 2.196e-6, 2.214e-6, 1.826e-8, 3.200e-6, 2.881e-6, -3.190e-7, 2.324e-6, 2.316e-6, -7.959e-9, 3.234e-6, 2.934e-6, -3.001e-7, 2.475e-6, 2.430e-6, -4.499e-8, 3.169e-6, 2.874e-6, -2.950e-7, 2.026e-6, 2.039e-6, 1.367e-8, 2.364e-6, 2.199e-6, -1.649e-7
0.336, 2.172e-6, 2.198e-6, 2.557e-8, 3.147e-6, 2.849e-6, -2.975e-7, 2.295e-6, 2.295e-6, 2.005e-10, 3.181e-6, 2.899e-6, -2.813e-7, 2.441e-6, 2.406e-6, -3.557e-8, 3.111e-6, 2.835e-6, -2.768e-7, 1.998e-6, 2.020e-6, 2.166e-8, 2.313e-6, 2.167e-6, -1.464e-7
0.340, 2.149e-6, 2.181e-6, 3.169e-8, 3.094e-6, 2.817e-6, -2.767e-7, 2.267e-6, 2.274e-6, 7.023e-9, 3.128e-6, 2.864e-6, -2.641e-7, 2.407e-6, 2.380e-6, -2.676e-8, 3.054e-6, 2.794e-6, -2.599e-7, 1.971e-6, 2.000e-6, 2.901e-8, 2.263e-6, 2.134e-6, -1.288e-7
0.344, 2.125e-6, 2.163e-6, 3.826e-8, 3.038e-6, 2.781e-6, -2.565e-7, 2.239e-6, 2.253e-6, 1.368e-8, 3.076e-6, 2.829e-6, -2.468e-7, 2.374e-6, 2.355e-6, -1.852e-8, 2.995e-6, 2.753e-6, -2.420e-7, 1.943e-6, 1.979e-6, 3.572e-8, 2.211e-6, 2.100e-6, -1.108e-7
0.348, 2.105e-6, 2.147e-6, 4.196e-8, 2.988e-6, 2.750e-6, -2.384e-7, 2.212e-6, 2.231e-6, 1.944e-8, 3.025e-6, 2.793e-6, -2.315e-7, 2.340e-6, 2.328e-6, -1.185e-8, 2.936e-6, 2.710e-6, -2.260e-7, 1.917e-6, 1.959e-6, 4.175e-8, 2.161e-6, 2.066e-6, -9.474e-8
0.352, 2.079e-6, 2.127e-6, 4.763e-8, 2.934e-6, 2.713e-6, -2.209e-7, 2.185e-6, 2.210e-6, 2.454e-8, 2.974e-6, 2.758e-6, -2.160e-7, 2.308e-6, 2.303e-6, -4.371e-9, 2.879e-6, 2.669e-6, -2.095e-7, 1.890e-6, 1.938e-6, 4.782e-8, 2.109e-6, 2.031e-6, -7.831e-8
0.356, 2.057e-6, 2.109e-6, 5.183e-8, 2.884e-6, 2.680e-6, -2.040e-7, 2.159e-6, 2.188e-6, 2.955e-8, 2.926e-6, 2.724e-6, -2.025e-7, 2.275e-6, 2.277e-6, 2.108e-9, 2.821e-6, 2.627e-6, -1.945e-7, 1.864e-6, 1.917e-6, 5.334e-8, 2.059e-6, 1.996e-6, -6.316e-8
0.360, 2.032e-6, 2.088e-6, 5.571e-8, 2.834e-6, 2.645e-6, -1.885e-7, 2.132e-6, 2.166e-6, 3.416e-8, 2.878e-6, 2.689e-6, -1.891e-7, 2.243e-6, 2.251e-6, 7.584e-9, 2.765e-6, 2.585e-6, -1.801e-7, 1.837e-6, 1.895e-6, 5.844e-8, 2.011e-6, 1.962e-6, -4.878e-8
0.364, 2.009e-6, 2.069e-6, 5.966e-8, 2.787e-6, 2.612e-6, -1.753e-7, 2.106e-6, 2.144e-6, 3.821e-8, 2.834e-6, 2.656e-6, -1.782e-7, 2.211e-6, 2.225e-6, 1.340e-8, 2.710e-6, 2.544e-6, -1.665e-7, 1.811e-6, 1.874e-6, 6.279e-8, 1.965e-6, 1.929e-6, -3.576e-8
0.368, 1.986e-6, 2.049e-6, 6.270e-8, 2.739e-6, 2.577e-6, -1.624e-7, 2.080e-6, 2.122e-6, 4.199e-8, 2.790e-6, 2.622e-6, -1.677e-7, 2.181e-6, 2.199e-6, 1.772e-8, 2.657e-6, 2.502e-6, -1.545e-7, 1.786e-6, 1.852e-6, 6.658e-8, 1.919e-6, 1.895e-6, -2.403e-8
0.372, 1.964e-6, 2.029e-6, 6.531e-8, 2.696e-6, 2.545e-6, -1.511e-7, 2.056e-6, 2.100e-6, 4.430e-8, 2.747e-6, 2.589e-6, -1.582e-7, 2.151e-6, 2.173e-6, 2.203e-8, 2.605e-6, 2.462e-6, -1.428e-7, 1.761e-6, 1.832e-6, 7.031e-8, 1.876e-6, 1.863e-6, -1.355e-8
0.376, 1.938e-6, 2.006e-6, 6.776e-8, 2.650e-6, 2.509e-6, -1.411e-7, 2.030e-6, 2.077e-6, 4.681e-8, 2.705e-6, 2.555e-6, -1.496e-7, 2.120e-6, 2.145e-6, 2.531e-8, 2.554e-6, 2.421e-6, -1.327e-7, 1.736e-6, 1.809e-6, 7.291e-8, 1.835e-6, 1.830e-6, -4.262e-9
0.380, 1.917e-6, 1.987e-6, 6.999e-8, 2.607e-6, 2.476e-6, -1.313e-7, 2.004e-6, 2.054e-6, 5.020e-8, 2.664e-6, 2.523e-6, -1.414e-7, 2.091e-6, 2.120e-6, 2.934e-8, 2.505e-6, 2.382e-6, -1.231e-7, 1.710e-6, 1.787e-6, 7.645e-8, 1.795e-6, 1.799e-6, 4.331e-9
0.384, 1.893e-6, 1.966e-6, 7.280e-8, 2.568e-6, 2.445e-6, -1.225e-7, 1.980e-6, 2.033e-6, 5.288e-8, 2.625e-6, 2.491e-6, -1.338e-7, 2.062e-6, 2.095e-6, 3.265e-8, 2.458e-6, 2.344e-6, -1.142e-7, 1.687e-6, 1.767e-6, 7.937e-8, 1.758e-6, 1.769e-6, 1.187e-8
0.388, 1.871e-6, 1.946e-6, 7.496e-8, 2.530e-6, 2.414e-6, -1.160e-7, 1.958e-6, 2.012e-6, 5.390e-8, 2.591e-6, 2.461e-6, -1.292e-7, 2.036e-6, 2.071e-6, 3.468e-8, 2.414e-6, 2.307e-6, -1.075e-7, 1.665e-6, 1.746e-6, 8.066e-8, 1.723e-6, 1.741e-6, 1.849e-8
0.392, 1.850e-6, 1.926e-6, 7.644e-8, 2.491e-6, 2.382e-6, -1.090e-7, 1.936e-6, 1.992e-6, 5.622e-8, 2.554e-6, 2.431e-6, -1.227e-7, 2.009e-6, 2.047e-6, 3.766e-8, 2.371e-6, 2.270e-6, -1.006e-7, 1.642e-6, 1.726e-6, 8.324e-8, 1.689e-6, 1.713e-6, 2.406e-8
0.396, 1.829e-6, 1.906e-6, 7.768e-8, 2.454e-6, 2.351e-6, -1.025e-7, 1.913e-6, 1.971e-6, 5.753e-8, 2.520e-6, 2.401e-6, -1.183e-7, 1.983e-6, 2.022e-6, 3.963e-8, 2.330e-6, 2.235e-6, -9.496e-8, 1.621e-6, 1.706e-6, 8.475e-8, 1.657e-6, 1.686e-6, 2.844e-8
0.400, 1.810e-6, 1.890e-6, 7.997e-8, 2.421e-6, 2.324e-6, -9.689e-8, 1.891e-6, 1.951e-6, 5.993e-8, 2.486e-6, 2.373e-6, -1.129e-7, 1.957e-6, 2.000e-6, 4.224e-8, 2.289e-6, 2.200e-6, -8.865e-8, 1.599e-6, 1.687e-6, 8.744e-8, 1.627e-6, 1.660e-6, 3.325e-8
0.404, 1.786e-6, 1.868e-6, 8.153e-8, 2.385e-6, 2.294e-6, -9.133e-8, 1.869e-6, 1.930e-6, 6.143e-8, 2.452e-6, 2.343e-6, -1.085e-7, 1.933e-6, 1.977e-6, 4.432e-8, 2.250e-6, 2.165e-6, -8.460e-8, 1.578e-6, 1.667e-6, 8.924e-8, 1.598e-6, 1.635e-6, 3.673e-8
0.408, 1.770e-6, 1.853e-6, 8.299e-8, 2.356e-6, 2.268e-6, -8.736e-8, 1.848e-6, 1.912e-6, 6.336e-8, 2.422e-6, 2.317e-6, -1.043e-7, 1.910e-6, 1.956e-6, 4.632e-8, 2.213e-6, 2.133e-6, -7.959e-8, 1.558e-6, 1.649e-6, 9.138e-8, 1.572e-6, 1.612e-6, 4.028e-8
0.412, 1.752e-6, 1.836e-6, 8.337e-8, 2.324e-6, 2.240e-6, -8.350e-8, 1.830e-6, 1.894e-6, 6.388e-8, 2.392e-6, 2.290e-6, -1.013e-7, 1.887e-6, 1.935e-6, 4.806e-8, 2.178e-6, 2.102e-6, -7.628e-8, 1.540e-6, 1.633e-6, 9.229e-8, 1.547e-6, 1.589e-6, 4.197e-8
0.416, 1.735e-6, 1.820e-6, 8.496e-8, 2.295e-6, 2.216e-6, -7.918e-8, 1.811e-6, 1.877e-6, 6.602e-8, 2.363e-6, 2.265e-6, -9.764e-8, 1.865e-6, 1.916e-6, 5.085e-8, 2.145e-6, 2.072e-6, -7.297e-8, 1.523e-6, 1.617e-6, 9.426e-8, 1.523e-6, 1.568e-6, 4.500e-8
0.420, 1.718e-6, 1.805e-6, 8.705e-8, 2.268e-6, 2.192e-6, -7.594e-8, 1.794e-6, 1.861e-6, 6.735e-8, 2.336e-6, 2.241e-6, -9.477e-8, 1.846e-6, 1.898e-6, 5.153e-8, 2.114e-6, 2.043e-6, -7.080e-8, 1.506e-6, 1.602e-6, 9.620e-8, 1.501e-6, 1.548e-6, 4.681e-8
0.424, 1.700e-6, 1.788e-6, 8.796e-8, 2.238e-6, 2.167e-6, -7.090e-8, 1.776e-6, 1.846e-6, 6.958e-8, 2.308e-6, 2.217e-6, -9.117e-8, 1.828e-6, 1.882e-6, 5.347e-8, 2.084e-6, 2.016e-6, -6.807e-8, 1.490e-6, 1.587e-6, 9.772e-8, 1.480e-6, 1.528e-6, 4.852e-8
0.428, 1.687e-6, 1.777e-6, 8.943e-8, 2.211e-6, 2.143e-6, -6.804e-8, 1.760e-6, 1.831e-6, 7.083e-8, 2.282e-6, 2.194e-6, -8.802e-8, 1.809e-6, 1.864e-6, 5.537e-8, 2.055e-6, 1.989e-6, -6.558e-8, 1.475e-6, 1.574e-6, 9.926e-8, 1.461e-6, 1.511e-6, 5.008e-8
0.432, 1.670e-6, 1.763e-6, 9.252e-8, 2.183e-6, 2.121e-6, -6.260e-8, 1.744e-6, 1.818e-6, 7.431e-8, 2.257e-6, 2.173e-6, -8.336e-8, 1.791e-6, 1.850e-6, 5.919e-8, 2.027e-6, 1.965e-6, -6.233e-8, 1.459e-6, 1.562e-6, 1.030e-7, 1.441e-6, 1.494e-6, 5.227e-8
0.436, 1.659e-6, 1.753e-6, 9.318e-8, 2.165e-6, 2.103e-6, -6.161e-8, 1.730e-6, 1.805e-6, 7.474e-8, 2.234e-6, 2.152e-6, -8.188e-8, 1.776e-6, 1.835e-6, 5.924e-8, 2.002e-6, 1.940e-6, -6.152e-8, 1.448e-6, 1.551e-6, 1.028e-7, 1.426e-6, 1.478e-6, 5.225e-8
0.440, 1.646e-6, 1.741e-6, 9.454e-8, 2.140e-6, 2.082e-6, -5.768e-8, 1.717e-6, 1.794e-6, 7.716e-8, 2.212e-6, 2.134e-6, -7.819e-8, 1.761e-6, 1.823e-6, 6.230e-8, 1.979e-6, 1.920e-6, -5.927e-8, 1.436e-6, 1.541e-6, 1.052e-7, 1.411e-6, 1.464e-6, 5.360e-8
0.444, 1.636e-6, 1.732e-6, 9.666e-8, 2.120e-6, 2.067e-6, -5.371e-8, 1.704e-6, 1.784e-6, 7.947e-8, 2.190e-6, 2.115e-6, -7.550e-8, 1.746e-6, 1.811e-6, 6.454e-8, 1.955e-6, 1.897e-6, -5.761e-8, 1.425e-6, 1.532e-6, 1.068e-7, 1.396e-6, 1.451e-6, 5.501e-8
0.448, 1.623e-6, 1.722e-6, 9.886e-8, 2.099e-6, 2.049e-6, -4.984e-8, 1.693e-6, 1.774e-6, 8.119e-8, 2.169e-6, 2.097e-6, -7.178e-8, 1.733e-6, 1.800e-6, 6.716e-8, 1.934e-6, 1.878e-6, -5.589e-8, 1.413e-6, 1.523e-6, 1.092e-7, 1.382e-6, 1.438e-6, 5.649e-8
0.452, 1.616e-6, 1.716e-6, 9.987e-8, 2.080e-6, 2.033e-6, -4.675e-8, 1.681e-6, 1.765e-6, 8.351e-8, 2.150e-6, 2.081e-6, -6.861e-8, 1.720e-6, 1.790e-6, 6.974e-8, 1.913e-6, 1.859e-6, -5.412e-8, 1.404e-6, 1.516e-6, 1.115e-7, 1.370e-6, 1.427e-6, 5.756e-8
0.456, 1.607e-6, 1.710e-6, 1.024e-7, 2.061e-6, 2.019e-6, -4.229e-8, 1.671e-6, 1.757e-6, 8.566e-8, 2.132e-6, 2.067e-6, -6.523e-8, 1.708e-6, 1.781e-6, 7.253e-8, 1.894e-6, 1.842e-6, -5.241e-8, 1.395e-6, 1.509e-6, 1.144e-7, 1.359e-6, 1.418e-6, 5.880e-8
0.460, 1.597e-6, 1.702e-6, 1.051e-7, 2.044e-6, 2.005e-6, -3.866e-8, 1.661e-6, 1.749e-6, 8.860e-8, 2.114e-6, 2.052e-6, -6.142e-8, 1.698e-6, 1.773e-6, 7.488e-8, 1.877e-6, 1.826e-6, -5.127e-8, 1.387e-6, 1.503e-6, 1.166e-7, 1.348e-6, 1.408e-6, 6.011e-8
0.464, 1.587e-6, 1.695e-6, 1.075e-7, 2.027e-6, 1.992e-6, -3.505e-8, 1.652e-6, 1.743e-6, 9.140e-8, 2.097e-6, 2.040e-6, -5.736e-8, 1.687e-6, 1.765e-6, 7.784e-8, 1.859e-6, 1.811e-6, -4.848e-8, 1.378e-6, 1.498e-6, 1.192e-7, 1.339e-6, 1.400e-6, 6.139e-8
0.468, 1.583e-6, 1.692e-6, 1.092e-7, 2.012e-6, 1.981e-6, -3.133e-8, 1.644e-6, 1.738e-6, 9.377e-8, 2.083e-6, 2.028e-6, -5.473e-8, 1.678e-6, 1.758e-6, 8.047e-8, 1.845e-6, 1.797e-6, -4.769e-8, 1.373e-6, 1.494e-6, 1.215e-7, 1.330e-6, 1.393e-6, 6.249e-8
0.472, 1.573e-6, 1.685e-6, 1.123e-7, 1.997e-6, 1.970e-6, -2.720e-8, 1.635e-6, 1.732e-6, 9.706e-8, 2.067e-6, 2.017e-6, -5.047e-8, 1.669e-6, 1.752e-6, 8.371e-8, 1.830e-6, 1.785e-6, -4.542e-8, 1.366e-6, 1.490e-6, 1.246e-7, 1.323e-6, 1.386e-6, 6.392e-8
0.476, 1.568e-6, 1.684e-6, 1.154e-7, 1.984e-6, 1.960e-6, -2.393e-8, 1.627e-6, 1.727e-6, 9.992e-8, 2.054e-6, 2.007e-6, -4.721e-8, 1.659e-6, 1.746e-6, 8.681e-8, 1.816e-6, 1.773e-6, -4.364e-8, 1.360e-6, 1.488e-6, 1.275e-7, 1.315e-6, 1.381e-6, 6.607e-8
0.480, 1.560e-6, 1.678e-6, 1.183e-7, 1.970e-6, 1.951e-6, -1.888e-8, 1.619e-6, 1.722e-6, 1.030e-7, 2.041e-6, 1.997e-6, -4.326e-8, 1.651e-6, 1.741e-6, 9.042e-8, 1.804e-6, 1.762e-6, -4.214e-8, 1.355e-6, 1.485e-6, 1.306e-7, 1.310e-6, 1.377e-6, 6.731e-8
0.484, 1.557e-6, 1.678e-6, 1.207e-7, 1.960e-6, 1.945e-6, -1.528e-8, 1.612e-6, 1.718e-6, 1.059e-7, 2.030e-6, 1.990e-6, -3.977e-8, 1.643e-6, 1.736e-6, 9.362e-8, 1.793e-6, 1.752e-6, -4.036e-8, 1.350e-6, 1.483e-6, 1.331e-7, 1.304e-6, 1.373e-6, 6.880e-8
0.488, 1.552e-6, 1.675e-6, 1.233e-7, 1.949e-6, 1.938e-6, -1.143e-8, 1.606e-6, 1.715e-6, 1.092e-7, 2.019e-6, 1.982e-6, -3.672e-8, 1.636e-6, 1.733e-6, 9.675e-8, 1.784e-6, 1.744e-6, -3.917e-8, 1.347e-6, 1.483e-6, 1.363e-7, 1.300e-6, 1.371e-6, 7.079e-8
0.492, 1.546e-6, 1.673e-6, 1.268e-7, 1.939e-6, 1.932e-6, -7.418e-9, 1.598e-6, 1.711e-6, 1.126e-7, 2.007e-6, 1.975e-6, -3.246e-8, 1.629e-6, 1.728e-6, 9.988e-8, 1.773e-6, 1.736e-6, -3.662e-8, 1.341e-6, 1.481e-6, 1.395e-7, 1.296e-6, 1.369e-6, 7.274e-8
0.496, 1.540e-6, 1.670e-6, 1.305e-7, 1.928e-6, 1.925e-6, -2.955e-9, 1.592e-6, 1.708e-6, 1.158e-7, 1.998e-6, 1.970e-6, -2.865e-8, 1.621e-6, 1.725e-6, 1.039e-7, 1.764e-6, 1.730e-6, -3.473e-8, 1.337e-6, 1.480e-6, 1.431e-7, 1.292e-6, 1.367e-6, 7.519e-8
0.500, 1.533e-6, 1.668e-6, 1.341e-7, 1.917e-6, 1.918e-6, 1.243e-9, 1.584e-6, 1.704e-6, 1.199e-7, 1.988e-6, 1.963e-6, -2.413e-8, 1.612e-6, 1.720e-6, 1.080e-7, 1.755e-6, 1.723e-6, -3.183e-8, 1.332e-6, 1.478e-6, 1.468e-7, 1.288e-6, 1.365e-6, 7.743e-8
0.504, 1.527e-6, 1.665e-6, 1.374e-7, 1.908e-6, 1.914e-6, 5.913e-9, 1.576e-6, 1.700e-6, 1.238e-7, 1.979e-6, 1.959e-6, -1.998e-8, 1.604e-6, 1.717e-6, 1.129e-7, 1.747e-6, 1.718e-6, -2.889e-8, 1.327e-6, 1.477e-6, 1.505e-7, 1.284e-6, 1.365e-6, 8.041e-8
0.508, 1.521e-6, 1.662e-6, 1.411e-7, 1.900e-6, 1.910e-6, 9.796e-9, 1.570e-6, 1.697e-6, 1.275e-7, 1.971e-6, 1.955e-6, -1.665e-8, 1.598e-6, 1.714e-6, 1.162e-7, 1.741e-6, 1.714e-6, -2.729e-8, 1.323e-6, 1.477e-6, 1.544e-7, 1.282e-6, 1.365e-6, 8.248e-8
0.512, 1.511e-6, 1.657e-6, 1.455e-7, 1.890e-6, 1.904e-6, 1.368e-8, 1.561e-6, 1.693e-6, 1.318e-7, 1.962e-6, 1.950e-6, -1.153e-8, 1.589e-6, 1.710e-6, 1.208e-7, 1.733e-6, 1.709e-6, -2.417e-8, 1.317e-6, 1.475e-6, 1.588e-7, 1.278e-6, 1.364e-6, 8.570e-8
0.516, 1.506e-6, 1.656e-6, 1.500e-7, 1.883e-6, 1.901e-6, 1.894e-8, 1.553e-6, 1.689e-6, 1.361e-7, 1.954e-6, 1.946e-6, -7.104e-9, 1.581e-6, 1.706e-6, 1.250e-7, 1.726e-6, 1.705e-6, -2.097e-8, 1.312e-6, 1.474e-6, 1.624e-7, 1.276e-6, 1.365e-6, 8.881e-8
0.520, 1.499e-6, 1.654e-6, 1.550e-7, 1.874e-6, 1.898e-6, 2.398e-8, 1.547e-6, 1.687e-6, 1.401e-7, 1.947e-6, 1.944e-6, -3.005e-9, 1.574e-6, 1.704e-6, 1.295e-7, 1.722e-6, 1.704e-6, -1.852e-8, 1.307e-6, 1.474e-6, 1.669e-7, 1.274e-6, 1.366e-6, 9.203e-8
0.524, 1.489e-6, 1.649e-6, 1.595e-7, 1.866e-6, 1.894e-6, 2.844e-8, 1.538e-6, 1.682e-6, 1.448e-7, 1.938e-6, 1.940e-6, 2.137e-9, 1.565e-6, 1.699e-6, 1.343e-7, 1.715e-6, 1.700e-6, -1.465e-8, 1.301e-6, 1.472e-6, 1.714e-7, 1.270e-6, 1.365e-6, 9.521e-8
0.528, 1.483e-6, 1.646e-6, 1.632e-7, 1.857e-6, 1.890e-6, 3.340e-8, 1.530e-6, 1.679e-6, 1.488e-7, 1.930e-6, 1.937e-6, 6.807e-9, 1.557e-6, 1.696e-6, 1.387e-7, 1.709e-6, 1.697e-6, -1.185e-8, 1.295e-6, 1.470e-6, 1.756e-7, 1.267e-6, 1.366e-6, 9.876e-8
0.532, 1.474e-6, 1.641e-6, 1.669e-7, 1.849e-6, 1.885e-6, 3.607e-8, 1.522e-6, 1.674e-6, 1.523e-7, 1.924e-6, 1.934e-6, 9.953e-9, 1.549e-6, 1.691e-6, 1.421e-7, 1.704e-6, 1.695e-6, -9.130e-9, 1.289e-6, 1.468e-6, 1.791e-7, 1.263e-6, 1.365e-6, 1.021e-7
0.536, 1.464e-6, 1.637e-6, 1.724e-7, 1.838e-6, 1.880e-6, 4.254e-8, 1.514e-6, 1.671e-6, 1.573e-7, 1.915e-6, 1.931e-6, 1.568e-8, 1.540e-6, 1.687e-6, 1.474e-7, 1.698e-6, 1.693e-6, -4.686e-9, 1.282e-6, 1.466e-6, 1.841e-7, 1.259e-6, 1.365e-6, 1.062e-7
0.540, 1.454e-6, 1.632e-6, 1.773e-7, 1.829e-6, 1.876e-6, 4.669e-8, 1.506e-6, 1.668e-6, 1.620e-7, 1.908e-6, 1.928e-6, 2.052e-8, 1.531e-6, 1.684e-6, 1.522e-7, 1.693e-6, 1.692e-6, -9.699e-10, 1.275e-6, 1.463e-6, 1.883e-7, 1.255e-6, 1.365e-6, 1.100e-7
0.544, 1.446e-6, 1.628e-6, 1.815e-7, 1.823e-6, 1.874e-6, 5.131e-8, 1.498e-6, 1.664e-6, 1.655e-7, 1.901e-6, 1.926e-6, 2.481e-8, 1.523e-6, 1.680e-6, 1.562e-7, 1.687e-6, 1.690e-6, 2.815e-9, 1.269e-6, 1.462e-6, 1.925e-7, 1.251e-6, 1.365e-6, 1.140e-7
0.548, 1.435e-6, 1.622e-6, 1.869e-7, 1.813e-6, 1.870e-6, 5.648e-8, 1.489e-6, 1.660e-6, 1.704e-7, 1.893e-6, 1.923e-6, 2.960e-8, 1.515e-6, 1.675e-6, 1.606e-7, 1.682e-6, 1.688e-6, 6.482e-9, 1.261e-6, 1.458e-6, 1.965e-7, 1.245e-6, 1.363e-6, 1.179e-7
0.552, 1.427e-6, 1.618e-6, 1.918e-7, 1.805e-6, 1.866e-6, 6.088e-8, 1.482e-6, 1.656e-6, 1.748e-7, 1.885e-6, 1.921e-6, 3.519e-8, 1.507e-6, 1.672e-6, 1.644e-7, 1.676e-6, 1.687e-6, 1.080e-8, 1.255e-6, 1.456e-6, 2.009e-7, 1.240e-6, 1.362e-6, 1.224e-7
0.556, 1.419e-6, 1.615e-6, 1.953e-7, 1.799e-6, 1.864e-6, 6.512e-8, 1.476e-6, 1.654e-6, 1.785e-7, 1.879e-6, 1.919e-6, 3.966e-8, 1.500e-6, 1.668e-6, 1.683e-7, 1.671e-6, 1.685e-6, 1.429e-8, 1.249e-6, 1.453e-6, 2.046e-7, 1.235e-6, 1.362e-6, 1.262e-7
0.560, 1.410e-6, 1.610e-6, 2.001e-7, 1.790e-6, 1.861e-6, 7.022e-8, 1.468e-6, 1.650e-6, 1.825e-7, 1.871e-6, 1.916e-6, 4.455e-8, 1.491e-6, 1.664e-6, 1.725e-7, 1.665e-6, 1.684e-6, 1.841e-8, 1.241e-6, 1.450e-6, 2.084e-7, 1.229e-6, 1.359e-6, 1.307e-7
0.564, 1.403e-6, 1.607e-6, 2.043e-7, 1.783e-6, 1.857e-6, 7.480e-8, 1.462e-6, 1.648e-6, 1.856e-7, 1.864e-6, 1.914e-6, 4.940e-8, 1.485e-6, 1.660e-6, 1.758e-7, 1.660e-6, 1.683e-6, 2.254e-8, 1.235e-6, 1.447e-6, 2.120e-7, 1.223e-6, 1.358e-6, 1.347e-7
0.568, 1.395e-6, 1.603e-6, 2.083e-7, 1.776e-6, 1.855e-6, 7.935e-8, 1.457e-6, 1.646e-6, 1.894e-7, 1.858e-6, 1.912e-6, 5.394e-8, 1.478e-6, 1.657e-6, 1.792e-7, 1.654e-6, 1.681e-6, 2.675e-8, 1.229e-6, 1.445e-6, 2.157e-7, 1.217e-6, 1.356e-6, 1.389e-7
0.572, 1.385e-6, 1.599e-6, 2.134e-7, 1.767e-6, 1.852e-6, 8.436e-8, 1.450e-6, 1.644e-6, 1.935e-7, 1.850e-6, 1.910e-6, 5.996e-8, 1.471e-6, 1.654e-6, 1.834e-7, 1.648e-6, 1.680e-6, 3.205e-8, 1.222e-6, 1.443e-6, 2.204e-7, 1.209e-6, 1.353e-6, 1.438e-7
0.576, 1.380e-6, 1.597e-6, 2.168e-7, 1.761e-6, 1.851e-6, 8.946e-8, 1.445e-6, 1.642e-6, 1.971e-7, 1.844e-6, 1.909e-6, 6.467e-8, 1.464e-6, 1.652e-6, 1.877e-7, 1.642e-6, 1.678e-6, 3.623e-8, 1.215e-6, 1.439e-6, 2.240e-7, 1.203e-6, 1.351e-6, 1.486e-7
0.580, 1.372e-6, 1.594e-6, 2.216e-7, 1.754e-6, 1.849e-6, 9.456e-8, 1.440e-6, 1.641e-6, 2.010e-7, 1.838e-6, 1.908e-6, 7.013e-8, 1.458e-6, 1.650e-6, 1.913e-7, 1.636e-6, 1.677e-6, 4.109e-8, 1.211e-6, 1.438e-6, 2.275e-7, 1.197e-6, 1.350e-6, 1.526e-7
0.584, 1.366e-6, 1.591e-6, 2.250e-7, 1.747e-6, 1.846e-6, 9.837e-8, 1.438e-6, 1.641e-6, 2.034e-7, 1.833e-6, 1.907e-6, 7.444e-8, 1.455e-6, 1.649e-6, 1.936e-7, 1.631e-6, 1.676e-6, 4.532e-8, 1.207e-6, 1.436e-6, 2.297e-7, 1.191e-6, 1.347e-6, 1.566e-7
0.588, 1.362e-6, 1.590e-6, 2.285e-7, 1.743e-6, 1.846e-6, 1.028e-7, 1.434e-6, 1.641e-6, 2.071e-7, 1.827e-6, 1.906e-6, 7.934e-8, 1.450e-6, 1.646e-6, 1.967e-7, 1.624e-6, 1.674e-6, 5.009e-8, 1.202e-6, 1.435e-6, 2.332e-7, 1.184e-6, 1.345e-6, 1.612e-7
0.592, 1.359e-6, 1.590e-6, 2.313e-7, 1.739e-6, 1.846e-6, 1.075e-7, 1.432e-6, 1.642e-6, 2.100e-7, 1.822e-6, 1.907e-6, 8.474e-8, 1.446e-6, 1.646e-6, 1.999e-7, 1.618e-6, 1.673e-6, 5.495e-8, 1.199e-6, 1.435e-6, 2.364e-7, 1.178e-6, 1.343e-6, 1.653e-7
0.596, 1.358e-6, 1.592e-6, 2.340e-7, 1.737e-6, 1.848e-6, 1.103e-7, 1.432e-6, 1.644e-6, 2.125e-7, 1.818e-6, 1.907e-6, 8.854e-8, 1.443e-6, 1.645e-6, 2.022e-7, 1.614e-6, 1.672e-6, 5.870e-8, 1.196e-6, 1.434e-6, 2.382e-7, 1.172e-6, 1.341e-6, 1.692e-7
0.600, 1.353e-6, 1.591e-6, 2.384e-7, 1.732e-6, 1.848e-6, 1.158e-7, 1.431e-6, 1.647e-6, 2.160e-7, 1.814e-6, 1.909e-6, 9.436e-8, 1.441e-6, 1.647e-6, 2.055e-7, 1.609e-6, 1.673e-6, 6.381e-8, 1.194e-6, 1.436e-6, 2.416e-7, 1.167e-6, 1.340e-6, 1.729e-7
0.604, 1.352e-6, 1.593e-6, 2.408e-7, 1.729e-6, 1.849e-6, 1.200e-7, 1.431e-6, 1.650e-6, 2.191e-7, 1.812e-6, 1.910e-6, 9.878e-8, 1.439e-6, 1.647e-6, 2.086e-7, 1.604e-6, 1.672e-6, 6.848e-8, 1.192e-6, 1.436e-6, 2.440e-7, 1.161e-6, 1.338e-6, 1.771e-7
0.608, 1.352e-6, 1.596e-6, 2.445e-7, 1.726e-6, 1.851e-6, 1.251e-7, 1.433e-6, 1.655e-6, 2.223e-7, 1.809e-6, 1.913e-6, 1.042e-7, 1.438e-6, 1.649e-6, 2.110e-7, 1.600e-6, 1.673e-6, 7.304e-8, 1.191e-6, 1.438e-6, 2.467e-7, 1.156e-6, 1.337e-6, 1.814e-7
0.612, 1.350e-6, 1.598e-6, 2.477e-7, 1.724e-6, 1.854e-6, 1.295e-7, 1.434e-6, 1.659e-6, 2.255e-7, 1.807e-6, 1.916e-6, 1.090e-7, 1.437e-6, 1.651e-6, 2.143e-7, 1.595e-6, 1.673e-6, 7.788e-8, 1.190e-6, 1.439e-6, 2.497e-7, 1.152e-6, 1.336e-6, 1.845e-7
0.616, 1.351e-6, 1.602e-6, 2.510e-7, 1.722e-6, 1.857e-6, 1.344e-7, 1.438e-6, 1.666e-6, 2.285e-7, 1.806e-6, 1.919e-6, 1.137e-7, 1.438e-6, 1.655e-6, 2.169e-7, 1.592e-6, 1.674e-6, 8.210e-8, 1.191e-6, 1.443e-6, 2.515e-7, 1.149e-6, 1.336e-6, 1.877e-7
0.620, 1.353e-6, 1.607e-6, 2.534e-7, 1.723e-6, 1.862e-6, 1.385e-7, 1.442e-6, 1.673e-6, 2.309e-7, 1.807e-6, 1.925e-6, 1.181e-7, 1.440e-6, 1.660e-6, 2.193e-7, 1.590e-6, 1.676e-6, 8.632e-8, 1.192e-6, 1.446e-6, 2.540e-7, 1.145e-6, 1.336e-6, 1.913e-7
0.624, 1.356e-6, 1.614e-6, 2.573e-7, 1.724e-6, 1.868e-6, 1.439e-7, 1.447e-6, 1.682e-6, 2.342e-7, 1.807e-6, 1.930e-6, 1.233e-7, 1.442e-6, 1.664e-6, 2.220e-7, 1.587e-6, 1.678e-6, 9.100e-8, 1.195e-6, 1.451e-6, 2.562e-7, 1.143e-6, 1.338e-6, 1.949e-7
0.628, 1.358e-6, 1.618e-6, 2.605e-7, 1.724e-6, 1.872e-6, 1.485e-7, 1.453e-6, 1.690e-6, 2.377e-7, 1.808e-6, 1.936e-6, 1.276e-7, 1.446e-6, 1.671e-6, 2.250e-7, 1.585e-6, 1.680e-6, 9.518e-8, 1.198e-6, 1.456e-6, 2.584e-7, 1.140e-6, 1.338e-6, 1.986e-7
0.632, 1.363e-6, 1.627e-6, 2.637e-7, 1.727e-6, 1.880e-6, 1.526e-7, 1.460e-6, 1.701e-6, 2.410e-7, 1.810e-6, 1.943e-6, 1.329e-7, 1.450e-6, 1.678e-6, 2.277e-7, 1.584e-6, 1.683e-6, 9.974e-8, 1.201e-6, 1.462e-6, 2.614e-7, 1.139e-6, 1.340e-6, 2.016e-7
0.636, 1.367e-6, 1.634e-6, 2.665e-7, 1.728e-6, 1.886e-6, 1.571e-7, 1.467e-6, 1.711e-6, 2.441e-7, 1.813e-6, 1.950e-6, 1.373e-7, 1.454e-6, 1.684e-6, 2.308e-7, 1.582e-6, 1.687e-6, 1.045e-7, 1.204e-6, 1.468e-6, 2.639e-7, 1.137e-6, 1.342e-6, 2.046e-7
0.640, 1.376e-6, 1.645e-6, 2.690e-7, 1.735e-6, 1.897e-6, 1.618e-7, 1.477e-6, 1.725e-6, 2.472e-7, 1.818e-6, 1.960e-6, 1.426e-7, 1.459e-6, 1.693e-6, 2.337e-7, 1.583e-6, 1.691e-6, 1.088e-7, 1.210e-6, 1.476e-6, 2.662e-7, 1.137e-6, 1.346e-6, 2.080e-7
0.644, 1.382e-6, 1.655e-6, 2.726e-7, 1.737e-6, 1.905e-6, 1.678e-7, 1.487e-6, 1.738e-6, 2.508e-7, 1.823e-6, 1.970e-6, 1.471e-7, 1.466e-6, 1.703e-6, 2.365e-7, 1.583e-6, 1.696e-6, 1.132e-7, 1.216e-6, 1.484e-6, 2.684e-7, 1.137e-6, 1.349e-6, 2.114e-7
0.648, 1.391e-6, 1.667e-6, 2.754e-7, 1.745e-6, 1.916e-6, 1.711e-7, 1.498e-6, 1.752e-6, 2.539e-7, 1.829e-6, 1.981e-6, 1.520e-7, 1.474e-6, 1.713e-6, 2.396e-7, 1.585e-6, 1.702e-6, 1.170e-7, 1.223e-6, 1.494e-6, 2.711e-7, 1.139e-6, 1.353e-6, 2.140e-7
0.652, 1.398e-6, 1.678e-6, 2.798e-7, 1.749e-6, 1.926e-6, 1.771e-7, 1.510e-6, 1.768e-6, 2.576e-7, 1.836e-6, 1.993e-6, 1.568e-7, 1.482e-6, 1.725e-6, 2.424e-7, 1.587e-6, 1.709e-6, 1.219e-7, 1.231e-6, 1.504e-6, 2.733e-7, 1.141e-6, 1.357e-6, 2.167e-7
0.656, 1.408e-6, 1.691e-6, 2.834e-7, 1.759e-6, 1.940e-6, 1.814e-7, 1.523e-6, 1.785e-6, 2.618e-7, 1.844e-6, 2.006e-6, 1.622e-7, 1.491e-6, 1.738e-6, 2.464e-7, 1.590e-6, 1.716e-6, 1.263e-7, 1.238e-6, 1.515e-6, 2.765e-7, 1.143e-6, 1.364e-6, 2.200e-7
0.660, 1.420e-6, 1.706e-6, 2.860e-7, 1.767e-6, 1.953e-6, 1.868e-7, 1.538e-6, 1.803e-6, 2.651e-7, 1.853e-6, 2.020e-6, 1.669e-7, 1.502e-6, 1.752e-6, 2.494e-7, 1.594e-6, 1.724e-6, 1.301e-7, 1.248e-6, 1.527e-6, 2.789e-7, 1.147e-6, 1.370e-6, 2.231e-7
0.664, 1.432e-6, 1.722e-6, 2.899e-7, 1.776e-6, 1.969e-6, 1.922e-7, 1.551e-6, 1.821e-6, 2.703e-7, 1.863e-6, 2.035e-6, 1.723e-7, 1.512e-6, 1.766e-6, 2.540e-7, 1.596e-6, 1.732e-6, 1.353e-7, 1.258e-6, 1.540e-6, 2.820e-7, 1.150e-6, 1.377e-6, 2.264e-7
0.668, 1.442e-6, 1.736e-6, 2.941e-7, 1.783e-6, 1.981e-6, 1.979e-7, 1.566e-6, 1.840e-6, 2.744e-7, 1.872e-6, 2.050e-6, 1.779e-7, 1.524e-6, 1.782e-6, 2.577e-7, 1.602e-6, 1.741e-6, 1.397e-7, 1.267e-6, 1.553e-6, 2.857e-7, 1.155e-6, 1.384e-6, 2.292e-7
0.672, 1.455e-6, 1.753e-6, 2.982e-7, 1.794e-6, 1.997e-6, 2.034e-7, 1.583e-6, 1.861e-6, 2.786e-7, 1.885e-6, 2.068e-6, 1.830e-7, 1.538e-6, 1.799e-6, 2.610e-7, 1.609e-6, 1.752e-6, 1.438e-7, 1.280e-6, 1.569e-6, 2.888e-7, 1.160e-6, 1.393e-6, 2.323e-7
0.676, 1.470e-6, 1.772e-6, 3.020e-7, 1.806e-6, 2.015e-6, 2.091e-7, 1.599e-6, 1.883e-6, 2.837e-7, 1.897e-6, 2.085e-6, 1.885e-7, 1.552e-6, 1.817e-6, 2.651e-7, 1.615e-6, 1.763e-6, 1.483e-7, 1.292e-6, 1.584e-6, 2.918e-7, 1.166e-6, 1.401e-6, 2.355e-7
0.680, 1.484e-6, 1.792e-6, 3.072e-7, 1.819e-6, 2.034e-6, 2.151e-7, 1.617e-6, 1.906e-6, 2.888e-7, 1.910e-6, 2.105e-6, 1.948e-7, 1.568e-6, 1.838e-6, 2.701e-7, 1.623e-6, 1.776e-6, 1.532e-7, 1.306e-6, 1.602e-6, 2.953e-7, 1.173e-6, 1.412e-6, 2.385e-7
0.684, 1.502e-6, 1.813e-6, 3.116e-7, 1.834e-6, 2.055e-6, 2.208e-7, 1.635e-6, 1.929e-6, 2.938e-7, 1.924e-6, 2.124e-6, 2.002e-7, 1.583e-6, 1.858e-6, 2.741e-7, 1.630e-6, 1.788e-6, 1.576e-7, 1.321e-6, 1.620e-6, 2.990e-7, 1.181e-6, 1.423e-6, 2.414e-7
0.688, 1.518e-6, 1.835e-6, 3.165e-7, 1.848e-6, 2.075e-6, 2.276e-7, 1.653e-6, 1.954e-6, 3.005e-7, 1.938e-6, 2.145e-6, 2.073e-7, 1.601e-6, 1.881e-6, 2.791e-7, 1.639e-6, 1.802e-6, 1.627e-7, 1.337e-6, 1.640e-6, 3.028e-7, 1.189e-6, 1.434e-6, 2.449e-7
0.692, 1.536e-6, 1.858e-6, 3.215e-7, 1.863e-6, 2.096e-6, 2.334e-7, 1.675e-6, 1.981e-6, 3.061e-7, 1.954e-6, 2.167e-6, 2.132e-7, 1.622e-6, 1.906e-6, 2.835e-7, 1.650e-6, 1.817e-6, 1.675e-7, 1.355e-6, 1.661e-6, 3.066e-7, 1.199e-6, 1.447e-6, 2.479e-7
0.696, 1.555e-6, 1.883e-6, 3.276e-7, 1.880e-6, 2.121e-6, 2.402e-7, 1.696e-6, 2.009e-6, 3.131e-7, 1.971e-6, 2.191e-6, 2.196e-7, 1.643e-6, 1.933e-6, 2.893e-7, 1.661e-6, 1.834e-6, 1.727e-7, 1.374e-6, 1.684e-6, 3.106e-7, 1.208e-6, 1.460e-6, 2.521e-7
0.700, 1.576e-6, 1.909e-6, 3.326e-7, 1.897e-6, 2.144e-6, 2.469e-7, 1.719e-6, 2.038e-6, 3.194e-7, 1.989e-6, 2.215e-6, 2.265e-7, 1.666e-6, 1.960e-6, 2.946e-7, 1.673e-6, 1.850e-6, 1.774e-7, 1.394e-6, 1.709e-6, 3.150e-7, 1.219e-6, 1.474e-6, 2.554e-7
0.704, 1.602e-6, 1.940e-6, 3.388e-7, 1.917e-6, 2.172e-6, 2.548e-7, 1.743e-6, 2.070e-6, 3.270e-7, 2.008e-6, 2.241e-6, 2.336e-7, 1.691e-6, 1.991e-6, 3.002e-7, 1.685e-6, 1.868e-6, 1.832e-7, 1.416e-6, 1.736e-6, 3.200e-7, 1.231e-6, 1.490e-6, 2.594e-7
0.708, 1.626e-6, 1.970e-6, 3.443e-7, 1.936e-6, 2.198e-6, 2.615e-7, 1.771e-6, 2.105e-6, 3.342e-7, 2.028e-6, 2.268e-6, 2.407e-7, 1.718e-6, 2.025e-6, 3.061e-7, 1.701e-6, 1.889e-6, 1.877e-7, 1.439e-6, 1.764e-6, 3.246e-7, 1.244e-6, 1.507e-6, 2.629e-7
0.712, 1.652e-6, 2.004e-6, 3.528e-7, 1.958e-6, 2.228e-6, 2.703e-7, 1.800e-6, 2.144e-6, 3.438e-7, 2.049e-6, 2.299e-6, 2.496e-7, 1.749e-6, 2.062e-6, 3.129e-7, 1.715e-6, 1.910e-6, 1.948e-7, 1.465e-6, 1.796e-6, 3.303e-7, 1.257e-6, 1.525e-6, 2.681e-7
0.716, 1.681e-6, 2.041e-6, 3.592e-7, 1.979e-6, 2.258e-6, 2.784e-7, 1.833e-6, 2.184e-6, 3.514e-7, 2.072e-6, 2.330e-6, 2.576e-7, 1.782e-6, 2.101e-6, 3.189e-7, 1.733e-6, 1.933e-6, 1.999e-7, 1.494e-6, 1.829e-6, 3.352e-7, 1.273e-6, 1.544e-6, 2.718e-7
0.720, 1.715e-6, 2.082e-6, 3.670e-7, 2.005e-6, 2.292e-6, 2.868e-7, 1.869e-6, 2.229e-6, 3.603e-7, 2.098e-6, 2.364e-6, 2.663e-7, 1.820e-6, 2.145e-6, 3.254e-7, 1.753e-6, 1.960e-6, 2.065e-7, 1.525e-6, 1.866e-6, 3.409e-7, 1.290e-6, 1.566e-6, 2.765e-7
0.724, 1.751e-6, 2.125e-6, 3.737e-7, 2.032e-6, 2.328e-6, 2.953e-7, 1.909e-6, 2.278e-6, 3.688e-7, 2.127e-6, 2.401e-6, 2.740e-7, 1.860e-6, 2.192e-6, 3.320e-7, 1.774e-6, 1.986e-6, 2.121e-7, 1.560e-6, 1.906e-6, 3.465e-7, 1.307e-6, 1.589e-6, 2.814e-7
0.728, 1.792e-6, 2.174e-6, 3.816e-7, 2.065e-6, 2.368e-6, 3.033e-7, 1.953e-6, 2.331e-6, 3.780e-7, 2.156e-6, 2.439e-6, 2.826e-7, 1.904e-6, 2.244e-6, 3.396e-7, 1.796e-6, 2.015e-6, 2.191e-7, 1.598e-6, 1.951e-6, 3.522e-7, 1.327e-6, 1.613e-6, 2.865e-7
0.732, 1.839e-6, 2.228e-6, 3.890e-7, 2.097e-6, 2.410e-6, 3.131e-7, 2.002e-6, 2.390e-6, 3.872e-7, 2.190e-6, 2.481e-6, 2.915e-7, 1.954e-6, 2.301e-6, 3.468e-7, 1.822e-6, 2.047e-6, 2.250e-7, 1.640e-6, 1.999e-6, 3.588e-7, 1.349e-6, 1.640e-6, 2.911e-7
0.736, 1.889e-6, 2.287e-6, 3.978e-7, 2.133e-6, 2.456e-6, 3.231e-7, 2.057e-6, 2.454e-6, 3.972e-7, 2.226e-6, 2.528e-6, 3.012e-7, 2.009e-6, 2.364e-6, 3.548e-7, 1.850e-6, 2.082e-6, 2.316e-7, 1.687e-6, 2.053e-6, 3.655e-7, 1.373e-6, 1.670e-6, 2.966e-7
0.740, 1.942e-6, 2.349e-6, 4.076e-7, 2.172e-6, 2.505e-6, 3.327e-7, 2.115e-6, 2.522e-6, 4.076e-7, 2.264e-6, 2.575e-6, 3.111e-7, 2.068e-6, 2.432e-6, 3.637e-7, 1.879e-6, 2.118e-6, 2.390e-7, 1.737e-6, 2.110e-6, 3.728e-7, 1.398e-6, 1.701e-6, 3.027e-7
0.744, 2.004e-6, 2.421e-6, 4.171e-7, 2.215e-6, 2.559e-6, 3.435e-7, 2.182e-6, 2.601e-6, 4.184e-7, 2.309e-6, 2.630e-6, 3.209e-7, 2.137e-6, 2.509e-6, 3.727e-7, 1.914e-6, 2.161e-6, 2.468e-7, 1.795e-6, 2.176e-6, 3.807e-7, 1.427e-6, 1.736e-6, 3.087e-7
0.748, 2.072e-6, 2.499e-6, 4.270e-7, 2.261e-6, 2.616e-6, 3.548e-7, 2.255e-6, 2.684e-6, 4.296e-7, 2.355e-6, 2.687e-6, 3.319e-7, 2.210e-6, 2.592e-6, 3.824e-7, 1.951e-6, 2.205e-6, 2.541e-7, 1.857e-6, 2.246e-6, 3.891e-7, 1.457e-6, 1.773e-6, 3.154e-7
0.752, 2.145e-6, 2.583e-6, 4.378e-7, 2.312e-6, 2.678e-6, 3.660e-7, 2.336e-6, 2.778e-6, 4.413e-7, 2.406e-6, 2.750e-6, 3.441e-7, 2.291e-6, 2.685e-6, 3.936e-7, 1.991e-6, 2.254e-6, 2.630e-7, 1.926e-6, 2.325e-6, 3.991e-7, 1.491e-6, 1.814e-6, 3.221e-7
0.756, 2.227e-6, 2.676e-6, 4.495e-7, 2.367e-6, 2.746e-6, 3.784e-7, 2.425e-6, 2.879e-6, 4.542e-7, 2.463e-6, 2.819e-6, 3.563e-7, 2.380e-6, 2.786e-6, 4.051e-7, 2.036e-6, 2.308e-6, 2.717e-7, 2.002e-6, 2.411e-6, 4.095e-7, 1.527e-6, 1.857e-6, 3.293e-7
0.760, 2.317e-6, 2.780e-6, 4.631e-7, 2.429e-6, 2.821e-6, 3.918e-7, 2.524e-6, 2.992e-6, 4.685e-7, 2.527e-6, 2.896e-6, 3.694e-7, 2.479e-6, 2.898e-6, 4.186e-7, 2.086e-6, 2.367e-6, 2.814e-7, 2.086e-6, 2.507e-6, 4.207e-7, 1.567e-6, 1.905e-6, 3.379e-7
0.764, 2.414e-6, 2.893e-6, 4.784e-7, 2.493e-6, 2.900e-6, 4.068e-7, 2.632e-6, 3.116e-6, 4.838e-7, 2.595e-6, 2.978e-6, 3.830e-7, 2.588e-6, 3.020e-6, 4.325e-7, 2.139e-6, 2.430e-6, 2.912e-7, 2.178e-6, 2.611e-6, 4.330e-7, 1.610e-6, 1.957e-6, 3.464e-7
0.768, 2.524e-6, 3.018e-6, 4.945e-7, 2.562e-6, 2.985e-6, 4.225e-7, 2.751e-6, 3.252e-6, 5.015e-7, 2.665e-6, 3.065e-6, 4.002e-7, 2.706e-6, 3.156e-6, 4.502e-7, 2.196e-6, 2.499e-6, 3.037e-7, 2.277e-6, 2.726e-6, 4.491e-7, 1.656e-6, 2.012e-6, 3.564e-7
0.772, 2.642e-6, 3.155e-6, 5.129e-7, 2.639e-6, 3.078e-6, 4.391e-7, 2.879e-6, 3.401e-6, 5.211e-7, 2.742e-6, 3.159e-6, 4.166e-7, 2.836e-6, 3.305e-6, 4.687e-7, 2.259e-6, 2.574e-6, 3.154e-7, 2.387e-6, 2.852e-6, 4.650e-7, 1.706e-6, 2.073e-6, 3.671e-7
0.776, 2.773e-6, 3.307e-6, 5.342e-7, 2.721e-6, 3.180e-6, 4.585e-7, 3.022e-6, 3.565e-6, 5.431e-7, 2.824e-6, 3.259e-6, 4.349e-7, 2.978e-6, 3.468e-6, 4.903e-7, 2.327e-6, 2.655e-6, 3.284e-7, 2.507e-6, 2.991e-6, 4.839e-7, 1.760e-6, 2.139e-6, 3.791e-7
0.780, 2.914e-6, 3.472e-6, 5.577e-7, 2.811e-6, 3.290e-6, 4.789e-7, 3.176e-6, 3.744e-6, 5.681e-7, 2.910e-6, 3.366e-6, 4.555e-7, 3.132e-6, 3.647e-6, 5.152e-7, 2.399e-6, 2.743e-6, 3.440e-7, 2.638e-6, 3.144e-6, 5.060e-7, 1.818e-6, 2.211e-6, 3.923e-7
0.784, 3.067e-6, 3.653e-6, 5.852e-7, 2.906e-6, 3.408e-6, 5.024e-7, 3.346e-6, 3.943e-6, 5.973e-7, 3.004e-6, 3.482e-6, 4.777e-7, 3.301e-6, 3.845e-6, 5.439e-7, 2.479e-6, 2.840e-6, 3.609e-7, 2.781e-6, 3.313e-6, 5.314e-7, 1.882e-6, 2.289e-6, 4.071e-7
0.788, 3.234e-6, 3.852e-6, 6.175e-7, 3.006e-6, 3.533e-6, 5.275e-7, 3.528e-6, 4.158e-6, 6.302e-7, 3.103e-6, 3.606e-6, 5.024e-7, 3.485e-6, 4.061e-6, 5.763e-7, 2.565e-6, 2.944e-6, 3.792e-7, 2.935e-6, 3.495e-6, 5.601e-7, 1.950e-6, 2.373e-6, 4.233e-7
0.792, 3.418e-6, 4.071e-6, 6.533e-7, 3.116e-6, 3.672e-6, 5.560e-7, 3.727e-6, 4.395e-6, 6.686e-7, 3.212e-6, 3.742e-6, 5.297e-7, 3.684e-6, 4.298e-6, 6.140e-7, 2.657e-6, 3.058e-6, 4.008e-7, 3.102e-6, 3.696e-6, 5.934e-7, 2.024e-6, 2.465e-6, 4.415e-7
0.796, 3.620e-6, 4.313e-6, 6.929e-7, 3.237e-6, 3.823e-6, 5.861e-7, 3.946e-6, 4.656e-6, 7.096e-7, 3.331e-6, 3.890e-6, 5.593e-7, 3.903e-6, 4.560e-6, 6.565e-7, 2.759e-6, 3.182e-6, 4.230e-7, 3.288e-6, 3.918e-6, 6.301e-7, 2.104e-6, 2.565e-6, 4.609e-7
0.800, 3.832e-6, 4.573e-6, 7.409e-7, 3.363e-6, 3.984e-6, 6.210e-7, 4.177e-6, 4.937e-6, 7.594e-7, 3.455e-6, 4.048e-6, 5.930e-7, 4.138e-6, 4.843e-6, 7.047e-7, 2.865e-6, 3.314e-6, 4.488e-7, 3.485e-6, 4.158e-6, 6.735e-7, 2.187e-6, 2.671e-6, 4.838e-7
0.804, 4.064e-6, 4.857e-6, 7.931e-7, 3.496e-6, 4.155e-6, 6.591e-7, 4.425e-6, 5.240e-6, 8.146e-7, 3.588e-6, 4.218e-6, 6.296e-7, 4.389e-6, 5.148e-6, 7.592e-7, 2.979e-6, 3.456e-6, 4.772e-7, 3.696e-6, 4.418e-6, 7.220e-7, 2.277e-6, 2.785e-6, 5.079e-7
0.808, 4.311e-6, 5.165e-6, 8.535e-7, 3.637e-6, 4.339e-6, 7.024e-7, 4.695e-6, 5.573e-6, 8.780e-7, 3.731e-6, 4.401e-6, 6.706e-7, 4.660e-6, 5.483e-6, 8.235e-7, 3.102e-6, 3.611e-6, 5.092e-7, 3.923e-6, 4.701e-6, 7.781e-7, 2.372e-6, 2.907e-6, 5.355e-7
0.812, 4.576e-6, 5.497e-6, 9.212e-7, 3.784e-6, 4.532e-6, 7.479e-7, 4.981e-6, 5.931e-6, 9.500e-7, 3.879e-6, 4.595e-6, 7.154e-7, 4.949e-6, 5.844e-6, 8.948e-7, 3.231e-6, 3.776e-6, 5.447e-7, 4.165e-6, 5.006e-6, 8.406e-7, 2.472e-6, 3.038e-6, 5.653e-7
0.816, 4.862e-6, 5.862e-6, 9.994e-7, 3.941e-6, 4.741e-6, 8.002e-7, 5.289e-6, 6.322e-6, 1.033e-6, 4.039e-6, 4.805e-6, 7.660e-7, 5.260e-6, 6.237e-6, 9.768e-7, 3.371e-6, 3.955e-6, 5.845e-7, 4.426e-6, 5.338e-6, 9.121e-7, 2.580e-6, 3.180e-6, 5.992e-7
0.820, 5.167e-6, 6.255e-6, 1.088e-6, 4.108e-6, 4.965e-6, 8.570e-7, 5.616e-6, 6.740e-6, 1.124e-6, 4.206e-6, 5.027e-6, 8.208e-7, 5.592e-6, 6.660e-6, 1.068e-6, 3.518e-6, 4.146e-6, 6.284e-7, 4.703e-6, 5.695e-6, 9.924e-7, 2.694e-6, 3.330e-6, 6.363e-7
0.824, 5.492e-6, 6.679e-6, 1.187e-6, 4.281e-6, 5.201e-6, 9.194e-7, 5.963e-6, 7.193e-6, 1.230e-6, 4.382e-6, 5.264e-6, 8.823e-7, 5.943e-6, 7.116e-6, 1.174e-6, 3.673e-6, 4.350e-6, 6.778e-7, 4.996e-6, 6.080e-6, 1.084e-6, 2.812e-6, 3.489e-6, 6.778e-7
0.828, 5.834e-6, 7.134e-6, 1.299e-6, 4.464e-6, 5.451e-6, 9.874e-7, 6.330e-6, 7.679e-6, 1.349e-6, 4.567e-6, 5.516e-6, 9.496e-7, 6.315e-6, 7.606e-6, 1.291e-6, 3.838e-6, 4.570e-6, 7.317e-7, 5.307e-6, 6.493e-6, 1.186e-6, 2.936e-6, 3.659e-6, 7.231e-7
0.832, 6.196e-6, 7.623e-6, 1.427e-6, 4.654e-6, 5.717e-6, 1.063e-6, 6.714e-6, 8.198e-6, 1.484e-6, 4.760e-6, 5.784e-6, 1.024e-6, 6.706e-6, 8.131e-6, 1.425e-6, 4.011e-6, 4.803e-6, 7.917e-7, 5.633e-6, 6.934e-6, 1.301e-6, 3.067e-6, 3.841e-6, 7.736e-7
0.836, 6.573e-6, 8.144e-6, 1.570e-6, 4.849e-6, 5.995e-6, 1.146e-6, 7.117e-6, 8.752e-6, 1.635e-6, 4.962e-6, 6.067e-6, 1.105e-6, 7.114e-6, 8.689e-6, 1.575e-6, 4.194e-6, 5.052e-6, 8.577e-7, 5.974e-6, 7.405e-6, 1.430e-6, 3.205e-6, 4.033e-6, 8.280e-7
0.840, 6.968e-6, 8.699e-6, 1.730e-6, 5.055e-6, 6.291e-6, 1.236e-6, 7.540e-6, 9.346e-6, 1.805e-6, 5.176e-6, 6.370e-6, 1.194e-6, 7.542e-6, 9.285e-6, 1.744e-6, 4.387e-6, 5.317e-6, 9.301e-7, 6.332e-6, 7.907e-6, 1.575e-6, 3.349e-6, 4.238e-6, 8.886e-7
0.844, 7.377e-6, 9.287e-6, 1.910e-6, 5.265e-6, 6.600e-6, 1.335e-6, 7.975e-6, 9.971e-6, 1.996e-6, 5.393e-6, 6.686e-6, 1.293e-6, 7.982e-6, 9.914e-6, 1.932e-6, 4.587e-6, 5.599e-6, 1.011e-6, 6.698e-6, 8.435e-6, 1.737e-6, 3.498e-6, 4.453e-6, 9.552e-7
0.848, 7.802e-6, 9.911e-6, 2.108e-6, 5.484e-6, 6.927e-6, 1.443e-6, 8.429e-6, 1.064e-5, 2.207e-6, 5.623e-6, 7.023e-6, 1.400e-6, 8.441e-6, 1.058e-5, 2.139e-6, 4.801e-6, 5.900e-6, 1.099e-6, 7.082e-6, 8.996e-6, 1.915e-6, 3.655e-6, 4.682e-6, 1.027e-6
0.852, 8.238e-6, 1.056e-5, 2.327e-6, 5.710e-6, 7.269e-6, 1.559e-6, 8.894e-6, 1.133e-5, 2.439e-6, 5.859e-6, 7.376e-6, 1.517e-6, 8.909e-6, 1.128e-5, 2.368e-6, 5.023e-6, 6.219e-6, 1.196e-6, 7.475e-6, 9.584e-6, 2.108e-6, 3.817e-6, 4.922e-6, 1.105e-6
0.856, 8.686e-6, 1.125e-5, 2.567e-6, 5.942e-6, 7.628e-6, 1.685e-6, 9.373e-6, 1.207e-5, 2.693e-6, 6.107e-6, 7.751e-6, 1.644e-6, 9.392e-6, 1.201e-5, 2.619e-6, 5.259e-6, 6.559e-6, 1.300e-6, 7.881e-6, 1.020e-5, 2.321e-6, 3.986e-6, 5.176e-6, 1.191e-6
0.860, 9.141e-6, 1.197e-5, 2.829e-6, 6.181e-6, 8.003e-6, 1.822e-6, 9.862e-6, 1.283e-5, 2.970e-6, 6.363e-6, 8.145e-6, 1.782e-6, 9.884e-6, 1.277e-5, 2.891e-6, 5.505e-6, 6.919e-6, 1.415e-6, 8.294e-6, 1.085e-5, 2.553e-6, 4.161e-6, 5.444e-6, 1.282e-6
0.864, 9.608e-6, 1.272e-5, 3.112e-6, 6.429e-6, 8.395e-6, 1.966e-6, 1.036e-5, 1.363e-5, 3.270e-6, 6.630e-6, 8.560e-6, 1.930e-6, 1.039e-5, 1.357e-5, 3.187e-6, 5.763e-6, 7.303e-6, 1.540e-6, 8.722e-6, 1.152e-5, 2.803e-6, 4.346e-6, 5.727e-6, 1.381e-6
0.868, 1.008e-5, 1.350e-5, 3.414e-6, 6.684e-6, 8.805e-6, 2.122e-6, 1.088e-5, 1.447e-5, 3.591e-6, 6.908e-6, 8.999e-6, 2.091e-6, 1.090e-5, 1.440e-5, 3.503e-6, 6.034e-6, 7.710e-6, 1.676e-6, 9.159e-6, 1.223e-5, 3.071e-6, 4.535e-6, 6.023e-6, 1.488e-6
0.872, 1.057e-5, 1.431e-5, 3.740e-6, 6.947e-6, 9.237e-6, 2.290e-6, 1.141e-5, 1.534e-5, 3.937e-6, 7.199e-6, 9.464e-6, 2.265e-6, 1.143e-5, 1.527e-5, 3.842e-6, 6.322e-6, 8.144e-6, 1.822e-6, 9.613e-6, 1.297e-5, 3.359e-6, 4.735e-6, 6.339e-6, 1.603e-6
0.876, 1.107e-5, 1.515e-5, 4.086e-6, 7.221e-6, 9.688e-6, 2.467e-6, 1.195e-5, 1.625e-5, 4.305e-6, 7.501e-6, 9.953e-6, 2.452e-6, 1.197e-5, 1.617e-5, 4.204e-6, 6.624e-6, 8.605e-6, 1.980e-6, 1.009e-5, 1.375e-5, 3.663e-6, 4.943e-6, 6.668e-6, 1.726e-6
0.880, 1.159e-5, 1.604e-5, 4.456e-6, 7.502e-6, 1.016e-5, 2.658e-6, 1.252e-5, 1.722e-5, 4.700e-6, 7.819e-6, 1.047e-5, 2.655e-6, 1.253e-5, 1.712e-5, 4.590e-6, 6.945e-6, 9.098e-6, 2.153e-6, 1.059e-5, 1.458e-5, 3.991e-6, 5.160e-6, 7.017e-6, 1.857e-6
0.884, 1.213e-5, 1.698e-5, 4.847e-6, 7.796e-6, 1.066e-5, 2.859e-6, 1.311e-5, 1.823e-5, 5.118e-6, 8.153e-6, 1.102e-5, 2.872e-6, 1.312e-5, 1.812e-5, 5.000e-6, 7.284e-6, 9.624e-6, 2.340e-6, 1.111e-5, 1.545e-5, 4.339e-6, 5.390e-6, 7.385e-6, 1.996e-6
0.888, 1.271e-5, 1.797e-5, 5.264e-6, 8.101e-6, 1.118e-5, 3.075e-6, 1.375e-5, 1.931e-5, 5.568e-6, 8.502e-6, 1.161e-5, 3.106e-6, 1.375e-5, 1.919e-5, 5.438e-6, 7.640e-6, 1.018e-5, 2.542e-6, 1.168e-5, 1.639e-5, 4.715e-6, 5.629e-6, 7.773e-6, 2.144e-6
0.892, 1.333e-5, 1.903e-5, 5.710e-6, 8.421e-6, 1.172e-5, 3.301e-6, 1.443e-5, 2.047e-5, 6.047e-6, 8.872e-6, 1.223e-5, 3.354e-6, 1.442e-5, 2.033e-5, 5.905e-6, 8.022e-6, 1.078e-5, 2.760e-6, 1.229e-5, 1.741e-5, 5.114e-6, 5.879e-6, 8.181e-6, 2.302e-6
0.896, 1.400e-5, 2.019e-5, 6.189e-6, 8.757e-6, 1.230e-5, 3.541e-6, 1.517e-5, 2.174e-5, 6.567e-6, 9.264e-6, 1.288e-5, 3.621e-6, 1.516e-5, 2.157e-5, 6.411e-6, 8.425e-6, 1.142e-5, 2.997e-6, 1.297e-5, 1.852e-5, 5.548e-6, 6.142e-6, 8.612e-6, 2.470e-6
0.900, 1.474e-5, 2.144e-5, 6.705e-6, 9.110e-6, 1.290e-5, 3.795e-6, 1.600e-5, 2.312e-5, 7.129e-6, 9.675e-6, 1.358e-5, 3.906e-6, 1.597e-5, 2.292e-5, 6.955e-6, 8.855e-6, 1.211e-5, 3.250e-6, 1.372e-5, 1.974e-5, 6.020e-6, 6.419e-6, 9.066e-6, 2.647e-6
