0.896, -1.370e-5, 7.398e-6, 2.110e-5, -1.384e-5, 1.220e-5, 2.604e-5, -1.422e-5, 7.541e-6, 2.176e-5, -1.378e-5, 1.260e-5, 2.638e-5, -1.512e-5, 8.461e-6, 2.358e-5, -1.218e-5, 1.024e-5, 2.242e-5, -1.361e-5, 7.973e-6, 2.158e-5, -8.927e-6, 7.699e-6, 1.663e-5
0.892, -1.187e-5, 4.874e-6, 1.674e-5, -1.213e-5, 7.319e-6, 1.945e-5, -1.233e-5, 4.918e-6, 1.725e-5, -1.236e-5, 7.438e-6, 1.980e-5, -1.306e-5, 5.457e-6, 1.852e-5, -1.090e-5, 5.903e-6, 1.680e-5, -1.170e-5, 5.193e-6, 1.689e-5, -7.793e-6, 4.669e-6, 1.246e-5
0.888, -1.032e-5, 3.615e-6, 1.393e-5, -1.046e-5, 5.210e-6, 1.567e-5, -1.072e-5, 3.633e-6, 1.435e-5, -1.076e-5, 5.282e-6, 1.604e-5, -1.131e-5, 4.014e-6, 1.532e-5, -9.462e-6, 4.147e-6, 1.361e-5, -1.010e-5, 3.854e-6, 1.395e-5, -6.713e-6, 3.351e-6, 1.006e-5
0.884, -9.112e-6, 2.769e-6, 1.188e-5, -9.170e-6, 3.925e-6, 1.309e-5, -9.467e-6, 2.771e-6, 1.224e-5, -9.485e-6, 3.975e-6, 1.346e-5, -9.957e-6, 3.065e-6, 1.302e-5, -8.322e-6, 3.100e-6, 1.142e-5, -8.869e-6, 2.978e-6, 1.185e-5, -5.881e-6, 2.548e-6, 8.429e-6
0.880, -8.156e-6, 2.134e-6, 1.029e-5, -8.152e-6, 3.029e-6, 1.118e-5, -8.472e-6, 2.128e-6, 1.060e-5, -8.465e-6, 3.064e-6, 1.153e-5, -8.887e-6, 2.366e-6, 1.125e-5, -7.408e-6, 2.375e-6, 9.784e-6, -7.894e-6, 2.337e-6, 1.023e-5, -5.225e-6, 1.989e-6, 7.213e-6
0.876, -7.376e-6, 1.638e-6, 9.013e-6, -7.334e-6, 2.359e-6, 9.693e-6, -7.662e-6, 1.622e-6, 9.284e-6, -7.635e-6, 2.382e-6, 1.002e-5, -8.017e-6, 1.821e-6, 9.839e-6, -6.660e-6, 1.837e-6, 8.498e-6, -7.101e-6, 1.840e-6, 8.941e-6, -4.695e-6, 1.572e-6, 6.267e-6
0.872, -6.728e-6, 1.229e-6, 7.957e-6, -6.657e-6, 1.834e-6, 8.491e-6, -6.987e-6, 1.208e-6, 8.194e-6, -6.943e-6, 1.847e-6, 8.790e-6, -7.293e-6, 1.381e-6, 8.674e-6, -6.038e-6, 1.417e-6, 7.455e-6, -6.444e-6, 1.438e-6, 7.881e-6, -4.258e-6, 1.244e-6, 5.502e-6
0.868, -6.176e-6, 8.913e-7, 7.068e-6, -6.095e-6, 1.411e-6, 7.506e-6, -6.417e-6, 8.640e-7, 7.281e-6, -6.360e-6, 1.417e-6, 7.777e-6, -6.685e-6, 1.016e-6, 7.701e-6, -5.512e-6, 1.080e-6, 6.592e-6, -5.887e-6, 1.107e-6, 6.994e-6, -3.893e-6, 9.814e-7, 4.874e-6
0.864, -5.712e-6, 6.009e-7, 6.313e-6, -5.616e-6, 1.060e-6, 6.676e-6, -5.929e-6, 5.711e-7, 6.500e-6, -5.863e-6, 1.059e-6, 6.922e-6, -6.166e-6, 7.065e-7, 6.873e-6, -5.066e-6, 8.002e-7, 5.866e-6, -5.415e-6, 8.256e-7, 6.241e-6, -3.583e-6, 7.636e-7, 4.346e-6
0.860, -5.306e-6, 3.554e-7, 5.661e-6, -5.207e-6, 7.675e-7, 5.974e-6, -5.507e-6, 3.218e-7, 5.829e-6, -5.437e-6, 7.608e-7, 6.197e-6, -5.718e-6, 4.430e-7, 6.161e-6, -4.681e-6, 5.674e-7, 5.249e-6, -5.007e-6, 5.871e-7, 5.594e-6, -3.319e-6, 5.801e-7, 3.899e-6
0.856, -4.954e-6, 1.405e-7, 5.095e-6, -4.854e-6, 5.153e-7, 5.370e-6, -5.140e-6, 1.039e-7, 5.244e-6, -5.064e-6, 5.068e-7, 5.571e-6, -5.329e-6, 2.139e-7, 5.543e-6, -4.350e-6, 3.689e-7, 4.719e-6, -4.653e-6, 3.799e-7, 5.032e-6, -3.091e-6, 4.241e-7, 3.515e-6
0.852, -4.644e-6, -4.377e-8, 4.600e-6, -4.545e-6, 3.033e-7, 4.848e-6, -4.820e-6, -8.453e-8, 4.736e-6, -4.740e-6, 2.901e-7, 5.030e-6, -4.989e-6, 1.611e-8, 5.005e-6, -4.060e-6, 1.997e-7, 4.260e-6, -4.340e-6, 2.025e-7, 4.543e-6, -2.892e-6, 2.912e-7, 3.183e-6
0.848, -4.372e-6, -2.087e-7, 4.163e-6, -4.273e-6, 1.170e-7, 4.390e-6, -4.535e-6, -2.511e-7, 4.284e-6, -4.453e-6, 1.018e-7, 4.555e-6, -4.687e-6, -1.589e-7, 4.529e-6, -3.807e-6, 5.171e-8, 3.859e-6, -4.065e-6, 4.596e-8, 4.111e-6, -2.716e-6, 1.752e-7, 2.891e-6
0.844, -4.128e-6, -3.523e-7, 3.776e-6, -4.035e-6, -4.604e-8, 3.989e-6, -4.282e-6, -3.972e-7, 3.885e-6, -4.202e-6, -6.227e-8, 4.140e-6, -4.420e-6, -3.117e-7, 4.109e-6, -3.587e-6, -7.740e-8, 3.509e-6, -3.821e-6, -9.170e-8, 3.729e-6, -2.564e-6, 7.272e-8, 2.636e-6
0.840, -3.910e-6, -4.777e-7, 3.432e-6, -3.822e-6, -1.871e-7, 3.635e-6, -4.054e-6, -5.245e-7, 3.529e-6, -3.975e-6, -2.051e-7, 3.770e-6, -4.178e-6, -4.450e-7, 3.733e-6, -3.390e-6, -1.905e-7, 3.200e-6, -3.603e-6, -2.115e-7, 3.391e-6, -2.427e-6, -1.634e-8, 2.411e-6
0.836, -3.710e-6, -5.877e-7, 3.122e-6, -3.629e-6, -3.095e-7, 3.320e-6, -3.848e-6, -6.355e-7, 3.213e-6, -3.774e-6, -3.299e-7, 3.444e-6, -3.961e-6, -5.617e-7, 3.400e-6, -3.216e-6, -2.896e-7, 2.926e-6, -3.404e-6, -3.160e-7, 3.088e-6, -2.305e-6, -9.510e-8, 2.210e-6
0.832, -3.530e-6, -6.861e-7, 2.844e-6, -3.458e-6, -4.191e-7, 3.039e-6, -3.660e-6, -7.345e-7, 2.926e-6, -3.593e-6, -4.410e-7, 3.152e-6, -3.763e-6, -6.650e-7, 3.098e-6, -3.059e-6, -3.772e-7, 2.681e-6, -3.224e-6, -4.085e-7, 2.815e-6, -2.195e-6, -1.645e-7, 2.031e-6
0.828, -3.365e-6, -7.714e-7, 2.594e-6, -3.301e-6, -5.152e-7, 2.786e-6, -3.489e-6, -8.213e-7, 2.668e-6, -3.428e-6, -5.373e-7, 2.890e-6, -3.582e-6, -7.554e-7, 2.827e-6, -2.920e-6, -4.549e-7, 2.465e-6, -3.059e-6, -4.888e-7, 2.570e-6, -2.097e-6, -2.258e-7, 1.871e-6
0.824, -3.214e-6, -8.465e-7, 2.368e-6, -3.159e-6, -5.996e-7, 2.560e-6, -3.334e-6, -8.988e-7, 2.435e-6, -3.281e-6, -6.239e-7, 2.657e-6, -3.418e-6, -8.363e-7, 2.582e-6, -2.795e-6, -5.254e-7, 2.269e-6, -2.910e-6, -5.611e-7, 2.349e-6, -2.010e-6, -2.815e-7, 1.728e-6
0.820, -3.074e-6, -9.138e-7, 2.160e-6, -3.029e-6, -6.764e-7, 2.353e-6, -3.191e-6, -9.667e-7, 2.224e-6, -3.146e-6, -7.009e-7, 2.445e-6, -3.267e-6, -9.069e-7, 2.361e-6, -2.683e-6, -5.878e-7, 2.095e-6, -2.773e-6, -6.244e-7, 2.149e-6, -1.928e-6, -3.302e-7, 1.598e-6
0.816, -2.949e-6, -9.746e-7, 1.975e-6, -2.914e-6, -7.450e-7, 2.170e-6, -3.061e-6, -1.028e-6, 2.033e-6, -3.025e-6, -7.708e-7, 2.254e-6, -3.129e-6, -9.706e-7, 2.159e-6, -2.584e-6, -6.456e-7, 1.938e-6, -2.650e-6, -6.820e-7, 1.968e-6, -1.856e-6, -3.754e-7, 1.481e-6
0.812, -2.835e-6, -1.028e-6, 1.806e-6, -2.810e-6, -8.070e-7, 2.003e-6, -2.943e-6, -1.083e-6, 1.861e-6, -2.917e-6, -8.339e-7, 2.083e-6, -3.004e-6, -1.027e-6, 1.977e-6, -2.495e-6, -6.976e-7, 1.798e-6, -2.539e-6, -7.332e-7, 1.805e-6, -1.792e-6, -4.164e-7, 1.375e-6
0.808, -2.728e-6, -1.076e-6, 1.652e-6, -2.716e-6, -8.640e-7, 1.852e-6, -2.834e-6, -1.132e-6, 1.702e-6, -2.818e-6, -8.911e-7, 1.927e-6, -2.890e-6, -1.078e-6, 1.812e-6, -2.414e-6, -7.454e-7, 1.669e-6, -2.435e-6, -7.789e-7, 1.656e-6, -1.733e-6, -4.534e-7, 1.280e-6
0.804, -2.630e-6, -1.120e-6, 1.510e-6, -2.630e-6, -9.158e-7, 1.714e-6, -2.735e-6, -1.176e-6, 1.559e-6, -2.731e-6, -9.438e-7, 1.788e-6, -2.785e-6, -1.124e-6, 1.661e-6, -2.343e-6, -7.900e-7, 1.553e-6, -2.343e-6, -8.215e-7, 1.521e-6, -1.681e-6, -4.882e-7, 1.193e-6
0.800, -2.544e-6, -1.160e-6, 1.384e-6, -2.557e-6, -9.633e-7, 1.593e-6, -2.645e-6, -1.217e-6, 1.428e-6, -2.653e-6, -9.926e-7, 1.660e-6, -2.690e-6, -1.166e-6, 1.524e-6, -2.279e-6, -8.316e-7, 1.447e-6, -2.259e-6, -8.598e-7, 1.399e-6, -1.635e-6, -5.207e-7, 1.114e-6
0.796, -2.460e-6, -1.195e-6, 1.265e-6, -2.483e-6, -1.006e-6, 1.477e-6, -2.560e-6, -1.254e-6, 1.307e-6, -2.580e-6, -1.037e-6, 1.543e-6, -2.602e-6, -1.204e-6, 1.398e-6, -2.220e-6, -8.693e-7, 1.351e-6, -2.180e-6, -8.942e-7, 1.286e-6, -1.591e-6, -5.501e-7, 1.041e-6
0.792, -2.389e-6, -1.229e-6, 1.160e-6, -2.423e-6, -1.048e-6, 1.375e-6, -2.487e-6, -1.288e-6, 1.199e-6, -2.517e-6, -1.078e-6, 1.439e-6, -2.524e-6, -1.239e-6, 1.285e-6, -2.170e-6, -9.053e-7, 1.265e-6, -2.113e-6, -9.275e-7, 1.186e-6, -1.555e-6, -5.783e-7, 9.767e-7
0.788, -2.323e-6, -1.259e-6, 1.064e-6, -2.368e-6, -1.085e-6, 1.283e-6, -2.419e-6, -1.319e-6, 1.100e-6, -2.460e-6, -1.117e-6, 1.343e-6, -2.452e-6, -1.271e-6, 1.182e-6, -2.125e-6, -9.388e-7, 1.186e-6, -2.052e-6, -9.575e-7, 1.095e-6, -1.521e-6, -6.038e-7, 9.176e-7
0.784, -2.261e-6, -1.285e-6, 9.752e-7, -2.317e-6, -1.120e-6, 1.197e-6, -2.359e-6, -1.349e-6, 1.011e-6, -2.410e-6, -1.153e-6, 1.256e-6, -2.390e-6, -1.301e-6, 1.089e-6, -2.086e-6, -9.708e-7, 1.115e-6, -1.996e-6, -9.850e-7, 1.011e-6, -1.492e-6, -6.287e-7, 8.637e-7
0.780, -2.207e-6, -1.313e-6, 8.936e-7, -2.274e-6, -1.154e-6, 1.120e-6, -2.304e-6, -1.375e-6, 9.286e-7, -2.365e-6, -1.188e-6, 1.178e-6, -2.333e-6, -1.329e-6, 1.004e-6, -2.050e-6, -1.000e-6, 1.050e-6, -1.947e-6, -1.011e-6, 9.366e-7, -1.466e-6, -6.525e-7, 8.139e-7
0.776, -2.158e-6, -1.336e-6, 8.213e-7, -2.234e-6, -1.184e-6, 1.050e-6, -2.255e-6, -1.401e-6, 8.537e-7, -2.325e-6, -1.219e-6, 1.106e-6, -2.281e-6, -1.355e-6, 9.259e-7, -2.020e-6, -1.030e-6, 9.904e-7, -1.903e-6, -1.035e-6, 8.674e-7, -1.444e-6, -6.750e-7, 7.686e-7
0.772, -2.112e-6, -1.358e-6, 7.539e-7, -2.199e-6, -1.214e-6, 9.851e-7, -2.209e-6, -1.424e-6, 7.848e-7, -2.290e-6, -1.250e-6, 1.040e-6, -2.235e-6, -1.380e-6, 8.553e-7, -1.992e-6, -1.056e-6, 9.365e-7, -1.863e-6, -1.058e-6, 8.049e-7, -1.423e-6, -6.960e-7, 7.269e-7
0.768, -2.073e-6, -1.380e-6, 6.930e-7, -2.169e-6, -1.242e-6, 9.267e-7, -2.168e-6, -1.446e-6, 7.223e-7, -2.258e-6, -1.278e-6, 9.794e-7, -2.193e-6, -1.403e-6, 7.902e-7, -1.966e-6, -1.081e-6, 8.859e-7, -1.827e-6, -1.079e-6, 7.479e-7, -1.405e-6, -7.154e-7, 6.895e-7
0.764, -2.035e-6, -1.399e-6, 6.361e-7, -2.137e-6, -1.266e-6, 8.706e-7, -2.130e-6, -1.466e-6, 6.647e-7, -2.228e-6, -1.304e-6, 9.241e-7, -2.153e-6, -1.422e-6, 7.311e-7, -1.943e-6, -1.103e-6, 8.399e-7, -1.792e-6, -1.097e-6, 6.953e-7, -1.388e-6, -7.342e-7, 6.536e-7
0.760, -2.002e-6, -1.416e-6, 5.856e-7, -2.113e-6, -1.292e-6, 8.213e-7, -2.097e-6, -1.484e-6, 6.130e-7, -2.203e-6, -1.330e-6, 8.737e-7, -2.120e-6, -1.442e-6, 6.778e-7, -1.924e-6, -1.125e-6, 7.986e-7, -1.764e-6, -1.116e-6, 6.485e-7, -1.374e-6, -7.516e-7, 6.221e-7
0.756, -1.969e-6, -1.431e-6, 5.380e-7, -2.089e-6, -1.315e-6, 7.746e-7, -2.065e-6, -1.500e-6, 5.648e-7, -2.178e-6, -1.351e-6, 8.264e-7, -2.087e-6, -1.459e-6, 6.282e-7, -1.903e-6, -1.144e-6, 7.587e-7, -1.735e-6, -1.131e-6, 6.042e-7, -1.360e-6, -7.681e-7, 5.922e-7
0.752, -1.940e-6, -1.445e-6, 4.950e-7, -2.066e-6, -1.333e-6, 7.327e-7, -2.036e-6, -1.515e-6, 5.208e-7, -2.157e-6, -1.373e-6, 7.835e-7, -2.058e-6, -1.475e-6, 5.834e-7, -1.886e-6, -1.163e-6, 7.231e-7, -1.711e-6, -1.146e-6, 5.649e-7, -1.348e-6, -7.832e-7, 5.650e-7
0.748, -1.914e-6, -1.458e-6, 4.564e-7, -2.047e-6, -1.353e-6, 6.938e-7, -2.009e-6, -1.528e-6, 4.805e-7, -2.138e-6, -1.393e-6, 7.442e-7, -2.031e-6, -1.489e-6, 5.418e-7, -1.870e-6, -1.181e-6, 6.898e-7, -1.689e-6, -1.160e-6, 5.290e-7, -1.337e-6, -7.975e-7, 5.393e-7
0.744, -1.888e-6, -1.469e-6, 4.196e-7, -2.028e-6, -1.372e-6, 6.566e-7, -1.984e-6, -1.541e-6, 4.433e-7, -2.119e-6, -1.412e-6, 7.065e-7, -2.006e-6, -1.503e-6, 5.034e-7, -1.856e-6, -1.197e-6, 6.591e-7, -1.668e-6, -1.173e-6, 4.951e-7, -1.327e-6, -8.114e-7, 5.153e-7
0.740, -1.865e-6, -1.478e-6, 3.869e-7, -2.010e-6, -1.387e-6, 6.234e-7, -1.962e-6, -1.552e-6, 4.099e-7, -2.102e-6, -1.429e-6, 6.727e-7, -1.984e-6, -1.515e-6, 4.697e-7, -1.842e-6, -1.211e-6, 6.306e-7, -1.648e-6, -1.183e-6, 4.649e-7, -1.318e-6, -8.245e-7, 4.938e-7
0.736, -1.843e-6, -1.486e-6, 3.572e-7, -1.993e-6, -1.401e-6, 5.918e-7, -1.940e-6, -1.561e-6, 3.795e-7, -2.086e-6, -1.444e-6, 6.421e-7, -1.963e-6, -1.525e-6, 4.383e-7, -1.829e-6, -1.224e-6, 6.049e-7, -1.630e-6, -1.192e-6, 4.376e-7, -1.309e-6, -8.353e-7, 4.738e-7
0.732, -1.822e-6, -1.492e-6, 3.298e-7, -1.978e-6, -1.414e-6, 5.642e-7, -1.919e-6, -1.567e-6, 3.519e-7, -2.070e-6, -1.457e-6, 6.132e-7, -1.942e-6, -1.532e-6, 4.100e-7, -1.816e-6, -1.235e-6, 5.809e-7, -1.613e-6, -1.200e-6, 4.122e-7, -1.301e-6, -8.457e-7, 4.553e-7
0.728, -1.803e-6, -1.498e-6, 3.044e-7, -1.963e-6, -1.426e-6, 5.365e-7, -1.901e-6, -1.575e-6, 3.264e-7, -2.057e-6, -1.470e-6, 5.864e-7, -1.925e-6, -1.540e-6, 3.844e-7, -1.804e-6, -1.246e-6, 5.587e-7, -1.597e-6, -1.208e-6, 3.888e-7, -1.294e-6, -8.552e-7, 4.385e-7
0.724, -1.784e-6, -1.503e-6, 2.815e-7, -1.948e-6, -1.436e-6, 5.114e-7, -1.883e-6, -1.581e-6, 3.022e-7, -2.043e-6, -1.482e-6, 5.608e-7, -1.906e-6, -1.547e-6, 3.592e-7, -1.793e-6, -1.255e-6, 5.372e-7, -1.581e-6, -1.214e-6, 3.669e-7, -1.286e-6, -8.641e-7, 4.215e-7
0.720, -1.767e-6, -1.506e-6, 2.605e-7, -1.936e-6, -1.447e-6, 4.899e-7, -1.867e-6, -1.586e-6, 2.812e-7, -2.030e-6, -1.492e-6, 5.377e-7, -1.890e-6, -1.553e-6, 3.371e-7, -1.781e-6, -1.263e-6, 5.177e-7, -1.567e-6, -1.220e-6, 3.472e-7, -1.279e-6, -8.724e-7, 4.063e-7
0.716, -1.752e-6, -1.509e-6, 2.426e-7, -1.923e-6, -1.454e-6, 4.688e-7, -1.850e-6, -1.588e-6, 2.617e-7, -2.017e-6, -1.500e-6, 5.164e-7, -1.873e-6, -1.556e-6, 3.173e-7, -1.771e-6, -1.270e-6, 5.002e-7, -1.554e-6, -1.224e-6, 3.298e-7, -1.273e-6, -8.797e-7, 3.930e-7
0.712, -1.736e-6, -1.510e-6, 2.260e-7, -1.911e-6, -1.462e-6, 4.495e-7, -1.836e-6, -1.591e-6, 2.449e-7, -2.004e-6, -1.508e-6, 4.967e-7, -1.858e-6, -1.559e-6, 2.992e-7, -1.760e-6, -1.276e-6, 4.838e-7, -1.541e-6, -1.228e-6, 3.134e-7, -1.266e-6, -8.856e-7, 3.800e-7
0.708, -1.720e-6, -1.510e-6, 2.106e-7, -1.899e-6, -1.467e-6, 4.315e-7, -1.820e-6, -1.592e-6, 2.287e-7, -1.992e-6, -1.514e-6, 4.781e-7, -1.844e-6, -1.561e-6, 2.830e-7, -1.750e-6, -1.282e-6, 4.685e-7, -1.528e-6, -1.230e-6, 2.980e-7, -1.259e-6, -8.916e-7, 3.677e-7
0.704, -1.705e-6, -1.509e-6, 1.962e-7, -1.885e-6, -1.471e-6, 4.141e-7, -1.806e-6, -1.593e-6, 2.138e-7, -1.980e-6, -1.519e-6, 4.613e-7, -1.830e-6, -1.562e-6, 2.676e-7, -1.739e-6, -1.285e-6, 4.540e-7, -1.516e-6, -1.231e-6, 2.849e-7, -1.253e-6, -8.961e-7, 3.568e-7
0.700, -1.693e-6, -1.509e-6, 1.841e-7, -1.876e-6, -1.476e-6, 3.998e-7, -1.794e-6, -1.592e-6, 2.017e-7, -1.969e-6, -1.523e-6, 4.459e-7, -1.816e-6, -1.562e-6, 2.547e-7, -1.731e-6, -1.289e-6, 4.418e-7, -1.505e-6, -1.232e-6, 2.732e-7, -1.247e-6, -9.007e-7, 3.467e-7
0.696, -1.680e-6, -1.506e-6, 1.737e-7, -1.864e-6, -1.478e-6, 3.855e-7, -1.780e-6, -1.590e-6, 1.894e-7, -1.956e-6, -1.526e-6, 4.303e-7, -1.802e-6, -1.561e-6, 2.417e-7, -1.719e-6, -1.291e-6, 4.284e-7, -1.493e-6, -1.232e-6, 2.611e-7, -1.241e-6, -9.040e-7, 3.370e-7
0.692, -1.665e-6, -1.502e-6, 1.636e-7, -1.849e-6, -1.478e-6, 3.710e-7, -1.766e-6, -1.588e-6, 1.785e-7, -1.944e-6, -1.527e-6, 4.166e-7, -1.788e-6, -1.558e-6, 2.300e-7, -1.709e-6, -1.293e-6, 4.168e-7, -1.482e-6, -1.230e-6, 2.514e-7, -1.234e-6, -9.062e-7, 3.275e-7
0.688, -1.655e-6, -1.501e-6, 1.540e-7, -1.841e-6, -1.482e-6, 3.591e-7, -1.756e-6, -1.586e-6, 1.692e-7, -1.933e-6, -1.528e-6, 4.041e-7, -1.776e-6, -1.556e-6, 2.198e-7, -1.701e-6, -1.294e-6, 4.069e-7, -1.471e-6, -1.230e-6, 2.414e-7, -1.229e-6, -9.096e-7, 3.191e-7
0.684, -1.641e-6, -1.495e-6, 1.467e-7, -1.829e-6, -1.480e-6, 3.487e-7, -1.743e-6, -1.582e-6, 1.610e-7, -1.920e-6, -1.528e-6, 3.927e-7, -1.762e-6, -1.551e-6, 2.107e-7, -1.690e-6, -1.293e-6, 3.972e-7, -1.459e-6, -1.226e-6, 2.327e-7, -1.222e-6, -9.104e-7, 3.119e-7
0.680, -1.630e-6, -1.490e-6, 1.396e-7, -1.817e-6, -1.480e-6, 3.374e-7, -1.730e-6, -1.578e-6, 1.526e-7, -1.908e-6, -1.526e-6, 3.817e-7, -1.748e-6, -1.546e-6, 2.014e-7, -1.680e-6, -1.292e-6, 3.879e-7, -1.448e-6, -1.223e-6, 2.248e-7, -1.215e-6, -9.111e-7, 3.039e-7
0.676, -1.617e-6, -1.484e-6, 1.333e-7, -1.805e-6, -1.476e-6, 3.286e-7, -1.720e-6, -1.573e-6, 1.465e-7, -1.897e-6, -1.524e-6, 3.724e-7, -1.737e-6, -1.542e-6, 1.954e-7, -1.670e-6, -1.290e-6, 3.797e-7, -1.436e-6, -1.218e-6, 2.180e-7, -1.210e-6, -9.118e-7, 2.978e-7
0.672, -1.605e-6, -1.479e-6, 1.266e-7, -1.793e-6, -1.474e-6, 3.191e-7, -1.708e-6, -1.568e-6, 1.399e-7, -1.884e-6, -1.521e-6, 3.628e-7, -1.723e-6, -1.535e-6, 1.877e-7, -1.661e-6, -1.289e-6, 3.717e-7, -1.426e-6, -1.214e-6, 2.115e-7, -1.202e-6, -9.113e-7, 2.908e-7
0.668, -1.594e-6, -1.472e-6, 1.222e-7, -1.780e-6, -1.469e-6, 3.109e-7, -1.696e-6, -1.562e-6, 1.346e-7, -1.872e-6, -1.517e-6, 3.545e-7, -1.709e-6, -1.528e-6, 1.814e-7, -1.650e-6, -1.286e-6, 3.647e-7, -1.414e-6, -1.208e-6, 2.055e-7, -1.195e-6, -9.097e-7, 2.850e-7
0.664, -1.582e-6, -1.465e-6, 1.173e-7, -1.766e-6, -1.464e-6, 3.022e-7, -1.686e-6, -1.556e-6, 1.294e-7, -1.859e-6, -1.513e-6, 3.465e-7, -1.697e-6, -1.521e-6, 1.765e-7, -1.641e-6, -1.283e-6, 3.580e-7, -1.402e-6, -1.202e-6, 2.005e-7, -1.188e-6, -9.088e-7, 2.793e-7
0.660, -1.574e-6, -1.460e-6, 1.144e-7, -1.757e-6, -1.459e-6, 2.978e-7, -1.677e-6, -1.550e-6, 1.262e-7, -1.848e-6, -1.507e-6, 3.406e-7, -1.685e-6, -1.513e-6, 1.721e-7, -1.632e-6, -1.279e-6, 3.527e-7, -1.391e-6, -1.195e-6, 1.957e-7, -1.181e-6, -9.067e-7, 2.747e-7
0.656, -1.564e-6, -1.452e-6, 1.111e-7, -1.745e-6, -1.455e-6, 2.903e-7, -1.666e-6, -1.544e-6, 1.219e-7, -1.836e-6, -1.502e-6, 3.335e-7, -1.672e-6, -1.505e-6, 1.670e-7, -1.620e-6, -1.274e-6, 3.465e-7, -1.380e-6, -1.188e-6, 1.917e-7, -1.176e-6, -9.052e-7, 2.705e-7
0.652, -1.552e-6, -1.444e-6, 1.079e-7, -1.730e-6, -1.446e-6, 2.834e-7, -1.655e-6, -1.537e-6, 1.186e-7, -1.822e-6, -1.494e-6, 3.278e-7, -1.659e-6, -1.495e-6, 1.639e-7, -1.610e-6, -1.268e-6, 3.420e-7, -1.367e-6, -1.179e-6, 1.874e-7, -1.167e-6, -9.012e-7, 2.658e-7
0.648, -1.544e-6, -1.438e-6, 1.057e-7, -1.719e-6, -1.440e-6, 2.789e-7, -1.649e-6, -1.532e-6, 1.169e-7, -1.812e-6, -1.488e-6, 3.231e-7, -1.649e-6, -1.488e-6, 1.609e-7, -1.602e-6, -1.264e-6, 3.378e-7, -1.357e-6, -1.173e-6, 1.842e-7, -1.162e-6, -8.988e-7, 2.627e-7
0.644, -1.533e-6, -1.431e-6, 1.022e-7, -1.706e-6, -1.432e-6, 2.746e-7, -1.639e-6, -1.525e-6, 1.141e-7, -1.799e-6, -1.481e-6, 3.183e-7, -1.637e-6, -1.478e-6, 1.584e-7, -1.592e-6, -1.258e-6, 3.343e-7, -1.345e-6, -1.164e-6, 1.814e-7, -1.153e-6, -8.943e-7, 2.588e-7
0.640, -1.527e-6, -1.425e-6, 1.023e-7, -1.694e-6, -1.422e-6, 2.715e-7, -1.633e-6, -1.520e-6, 1.125e-7, -1.787e-6, -1.472e-6, 3.144e-7, -1.626e-6, -1.470e-6, 1.561e-7, -1.582e-6, -1.252e-6, 3.302e-7, -1.335e-6, -1.156e-6, 1.793e-7, -1.147e-6, -8.908e-7, 2.561e-7
0.636, -1.521e-6, -1.421e-6, 1.004e-7, -1.684e-6, -1.416e-6, 2.681e-7, -1.625e-6, -1.516e-6, 1.099e-7, -1.775e-6, -1.465e-6, 3.104e-7, -1.615e-6, -1.461e-6, 1.541e-7, -1.573e-6, -1.246e-6, 3.262e-7, -1.325e-6, -1.148e-6, 1.772e-7, -1.140e-6, -8.873e-7, 2.528e-7
0.632, -1.514e-6, -1.415e-6, 9.853e-8, -1.669e-6, -1.407e-6, 2.625e-7, -1.619e-6, -1.510e-6, 1.087e-7, -1.764e-6, -1.457e-6, 3.073e-7, -1.605e-6, -1.453e-6, 1.515e-7, -1.563e-6, -1.240e-6, 3.239e-7, -1.313e-6, -1.139e-6, 1.743e-7, -1.132e-6, -8.823e-7, 2.496e-7
0.628, -1.508e-6, -1.410e-6, 9.778e-8, -1.658e-6, -1.397e-6, 2.610e-7, -1.612e-6, -1.505e-6, 1.069e-7, -1.751e-6, -1.447e-6, 3.040e-7, -1.594e-6, -1.445e-6, 1.498e-7, -1.553e-6, -1.233e-6, 3.207e-7, -1.303e-6, -1.130e-6, 1.728e-7, -1.125e-6, -8.771e-7, 2.476e-7
0.624, -1.501e-6, -1.405e-6, 9.551e-8, -1.645e-6, -1.389e-6, 2.563e-7, -1.606e-6, -1.501e-6, 1.056e-7, -1.739e-6, -1.438e-6, 3.005e-7, -1.585e-6, -1.436e-6, 1.490e-7, -1.543e-6, -1.225e-6, 3.184e-7, -1.293e-6, -1.122e-6, 1.713e-7, -1.118e-6, -8.724e-7, 2.453e-7
0.620, -1.496e-6, -1.401e-6, 9.535e-8, -1.634e-6, -1.378e-6, 2.551e-7, -1.602e-6, -1.497e-6, 1.046e-7, -1.728e-6, -1.429e-6, 2.990e-7, -1.577e-6, -1.428e-6, 1.483e-7, -1.535e-6, -1.218e-6, 3.168e-7, -1.283e-6, -1.113e-6, 1.706e-7, -1.111e-6, -8.674e-7, 2.435e-7
0.616, -1.494e-6, -1.397e-6, 9.637e-8, -1.623e-6, -1.370e-6, 2.535e-7, -1.600e-6, -1.495e-6, 1.047e-7, -1.719e-6, -1.421e-6, 2.981e-7, -1.570e-6, -1.422e-6, 1.480e-7, -1.527e-6, -1.212e-6, 3.151e-7, -1.275e-6, -1.105e-6, 1.707e-7, -1.105e-6, -8.628e-7, 2.425e-7
0.612, -1.487e-6, -1.394e-6, 9.384e-8, -1.609e-6, -1.359e-6, 2.505e-7, -1.594e-6, -1.491e-6, 1.031e-7, -1.706e-6, -1.410e-6, 2.956e-7, -1.561e-6, -1.414e-6, 1.471e-7, -1.518e-6, -1.206e-6, 3.129e-7, -1.266e-6, -1.097e-6, 1.692e-7, -1.097e-6, -8.571e-7, 2.402e-7
0.608, -1.487e-6, -1.392e-6, 9.496e-8, -1.601e-6, -1.351e-6, 2.499e-7, -1.592e-6, -1.488e-6, 1.036e-7, -1.697e-6, -1.402e-6, 2.951e-7, -1.555e-6, -1.407e-6, 1.475e-7, -1.510e-6, -1.198e-6, 3.129e-7, -1.259e-6, -1.089e-6, 1.696e-7, -1.092e-6, -8.523e-7, 2.401e-7
0.604, -1.483e-6, -1.389e-6, 9.468e-8, -1.589e-6, -1.340e-6, 2.484e-7, -1.589e-6, -1.486e-6, 1.023e-7, -1.686e-6, -1.393e-6, 2.931e-7, -1.548e-6, -1.401e-6, 1.468e-7, -1.501e-6, -1.191e-6, 3.107e-7, -1.250e-6, -1.081e-6, 1.688e-7, -1.085e-6, -8.471e-7, 2.380e-7
0.600, -1.482e-6, -1.387e-6, 9.453e-8, -1.578e-6, -1.331e-6, 2.474e-7, -1.587e-6, -1.484e-6, 1.027e-7, -1.677e-6, -1.384e-6, 2.930e-7, -1.543e-6, -1.396e-6, 1.475e-7, -1.495e-6, -1.184e-6, 3.110e-7, -1.243e-6, -1.074e-6, 1.694e-7, -1.079e-6, -8.415e-7, 2.374e-7
0.596, -1.478e-6, -1.384e-6, 9.443e-8, -1.567e-6, -1.320e-6, 2.469e-7, -1.583e-6, -1.481e-6, 1.021e-7, -1.665e-6, -1.373e-6, 2.921e-7, -1.536e-6, -1.389e-6, 1.471e-7, -1.485e-6, -1.176e-6, 3.093e-7, -1.235e-6, -1.065e-6, 1.695e-7, -1.072e-6, -8.352e-7, 2.363e-7
0.592, -1.476e-6, -1.381e-6, 9.475e-8, -1.557e-6, -1.310e-6, 2.467e-7, -1.582e-6, -1.479e-6, 1.025e-7, -1.656e-6, -1.364e-6, 2.921e-7, -1.532e-6, -1.384e-6, 1.474e-7, -1.478e-6, -1.169e-6, 3.093e-7, -1.228e-6, -1.058e-6, 1.698e-7, -1.066e-6, -8.298e-7, 2.361e-7
0.588, -1.474e-6, -1.380e-6, 9.437e-8, -1.545e-6, -1.300e-6, 2.452e-7, -1.580e-6, -1.477e-6, 1.023e-7, -1.646e-6, -1.355e-6, 2.917e-7, -1.528e-6, -1.379e-6, 1.486e-7, -1.471e-6, -1.162e-6, 3.093e-7, -1.222e-6, -1.051e-6, 1.701e-7, -1.059e-6, -8.246e-7, 2.348e-7
0.584, -1.472e-6, -1.378e-6, 9.421e-8, -1.535e-6, -1.290e-6, 2.443e-7, -1.578e-6, -1.476e-6, 1.015e-7, -1.637e-6, -1.346e-6, 2.909e-7, -1.524e-6, -1.376e-6, 1.477e-7, -1.464e-6, -1.156e-6, 3.085e-7, -1.215e-6, -1.045e-6, 1.702e-7, -1.053e-6, -8.193e-7, 2.336e-7
0.580, -1.472e-6, -1.376e-6, 9.544e-8, -1.526e-6, -1.280e-6, 2.458e-7, -1.576e-6, -1.474e-6, 1.022e-7, -1.629e-6, -1.337e-6, 2.920e-7, -1.520e-6, -1.371e-6, 1.495e-7, -1.458e-6, -1.149e-6, 3.088e-7, -1.210e-6, -1.038e-6, 1.721e-7, -1.048e-6, -8.138e-7, 2.337e-7
0.576, -1.472e-6, -1.375e-6, 9.613e-8, -1.517e-6, -1.272e-6, 2.453e-7, -1.575e-6, -1.472e-6, 1.028e-7, -1.619e-6, -1.327e-6, 2.921e-7, -1.517e-6, -1.367e-6, 1.498e-7, -1.451e-6, -1.142e-6, 3.088e-7, -1.205e-6, -1.032e-6, 1.722e-7, -1.042e-6, -8.087e-7, 2.330e-7
0.572, -1.469e-6, -1.373e-6, 9.611e-8, -1.507e-6, -1.261e-6, 2.454e-7, -1.573e-6, -1.470e-6, 1.038e-7, -1.612e-6, -1.319e-6, 2.932e-7, -1.515e-6, -1.363e-6, 1.516e-7, -1.445e-6, -1.135e-6, 3.098e-7, -1.199e-6, -1.026e-6, 1.732e-7, -1.036e-6, -8.031e-7, 2.331e-7
0.568, -1.468e-6, -1.371e-6, 9.714e-8, -1.496e-6, -1.251e-6, 2.453e-7, -1.570e-6, -1.467e-6, 1.035e-7, -1.603e-6, -1.310e-6, 2.930e-7, -1.511e-6, -1.360e-6, 1.518e-7, -1.438e-6, -1.129e-6, 3.096e-7, -1.194e-6, -1.020e-6, 1.734e-7, -1.029e-6, -7.972e-7, 2.322e-7
0.564, -1.468e-6, -1.371e-6, 9.767e-8, -1.490e-6, -1.243e-6, 2.467e-7, -1.570e-6, -1.465e-6, 1.046e-7, -1.596e-6, -1.302e-6, 2.938e-7, -1.511e-6, -1.358e-6, 1.530e-7, -1.433e-6, -1.123e-6, 3.100e-7, -1.191e-6, -1.016e-6, 1.751e-7, -1.026e-6, -7.935e-7, 2.321e-7
0.560, -1.466e-6, -1.367e-6, 9.906e-8, -1.480e-6, -1.234e-6, 2.469e-7, -1.567e-6, -1.462e-6, 1.051e-7, -1.588e-6, -1.293e-6, 2.948e-7, -1.507e-6, -1.353e-6, 1.536e-7, -1.427e-6, -1.116e-6, 3.110e-7, -1.186e-6, -1.011e-6, 1.758e-7, -1.019e-6, -7.875e-7, 2.317e-7
0.556, -1.462e-6, -1.364e-6, 9.829e-8, -1.470e-6, -1.223e-6, 2.464e-7, -1.564e-6, -1.458e-6, 1.053e-7, -1.579e-6, -1.284e-6, 2.947e-7, -1.505e-6, -1.350e-6, 1.543e-7, -1.420e-6, -1.110e-6, 3.098e-7, -1.181e-6, -1.006e-6, 1.757e-7, -1.013e-6, -7.823e-7, 2.310e-7
0.552, -1.461e-6, -1.361e-6, 1.003e-7, -1.461e-6, -1.214e-6, 2.475e-7, -1.561e-6, -1.455e-6, 1.063e-7, -1.572e-6, -1.276e-6, 2.960e-7, -1.502e-6, -1.347e-6, 1.553e-7, -1.414e-6, -1.103e-6, 3.111e-7, -1.178e-6, -1.001e-6, 1.771e-7, -1.008e-6, -7.772e-7, 2.311e-7
0.548, -1.459e-6, -1.358e-6, 1.010e-7, -1.453e-6, -1.205e-6, 2.473e-7, -1.559e-6, -1.451e-6, 1.079e-7, -1.565e-6, -1.268e-6, 2.966e-7, -1.501e-6, -1.344e-6, 1.566e-7, -1.409e-6, -1.097e-6, 3.121e-7, -1.174e-6, -9.966e-7, 1.774e-7, -1.002e-6, -7.719e-7, 2.302e-7
0.544, -1.458e-6, -1.356e-6, 1.022e-7, -1.444e-6, -1.197e-6, 2.475e-7, -1.556e-6, -1.448e-6, 1.081e-7, -1.559e-6, -1.261e-6, 2.980e-7, -1.499e-6, -1.342e-6, 1.567e-7, -1.404e-6, -1.092e-6, 3.120e-7, -1.171e-6, -9.928e-7, 1.784e-7, -9.976e-7, -7.678e-7, 2.297e-7
0.540, -1.455e-6, -1.351e-6, 1.037e-7, -1.437e-6, -1.187e-6, 2.498e-7, -1.553e-6, -1.443e-6, 1.101e-7, -1.553e-6, -1.253e-6, 2.999e-7, -1.497e-6, -1.338e-6, 1.590e-7, -1.400e-6, -1.086e-6, 3.140e-7, -1.169e-6, -9.885e-7, 1.800e-7, -9.926e-7, -7.622e-7, 2.304e-7
0.536, -1.452e-6, -1.347e-6, 1.047e-7, -1.430e-6, -1.179e-6, 2.508e-7, -1.550e-6, -1.438e-6, 1.118e-7, -1.546e-6, -1.245e-6, 3.010e-7, -1.496e-6, -1.335e-6, 1.602e-7, -1.396e-6, -1.081e-6, 3.151e-7, -1.167e-6, -9.856e-7, 1.811e-7, -9.882e-7, -7.580e-7, 2.302e-7
0.532, -1.449e-6, -1.343e-6, 1.059e-7, -1.421e-6, -1.170e-6, 2.513e-7, -1.545e-6, -1.433e-6, 1.125e-7, -1.539e-6, -1.238e-6, 3.014e-7, -1.493e-6, -1.332e-6, 1.606e-7, -1.390e-6, -1.075e-6, 3.145e-7, -1.163e-6, -9.820e-7, 1.807e-7, -9.823e-7, -7.526e-7, 2.296e-7
0.528, -1.446e-6, -1.340e-6, 1.065e-7, -1.414e-6, -1.163e-6, 2.512e-7, -1.542e-6, -1.428e-6, 1.135e-7, -1.533e-6, -1.231e-6, 3.025e-7, -1.491e-6, -1.329e-6, 1.614e-7, -1.385e-6, -1.070e-6, 3.158e-7, -1.161e-6, -9.792e-7, 1.816e-7, -9.783e-7, -7.488e-7, 2.295e-7
0.524, -1.442e-6, -1.334e-6, 1.078e-7, -1.407e-6, -1.154e-6, 2.525e-7, -1.537e-6, -1.422e-6, 1.155e-7, -1.528e-6, -1.223e-6, 3.043e-7, -1.488e-6, -1.325e-6, 1.630e-7, -1.382e-6, -1.064e-6, 3.175e-7, -1.158e-6, -9.759e-7, 1.823e-7, -9.731e-7, -7.438e-7, 2.293e-7
0.520, -1.439e-6, -1.329e-6, 1.093e-7, -1.398e-6, -1.146e-6, 2.527e-7, -1.533e-6, -1.416e-6, 1.168e-7, -1.522e-6, -1.217e-6, 3.055e-7, -1.486e-6, -1.322e-6, 1.637e-7, -1.378e-6, -1.060e-6, 3.184e-7, -1.156e-6, -9.729e-7, 1.828e-7, -9.683e-7, -7.396e-7, 2.288e-7
0.516, -1.433e-6, -1.323e-6, 1.097e-7, -1.390e-6, -1.137e-6, 2.534e-7, -1.528e-6, -1.410e-6, 1.181e-7, -1.516e-6, -1.210e-6, 3.060e-7, -1.483e-6, -1.319e-6, 1.646e-7, -1.373e-6, -1.054e-6, 3.190e-7, -1.153e-6, -9.700e-7, 1.830e-7, -9.629e-7, -7.349e-7, 2.280e-7
0.512, -1.430e-6, -1.318e-6, 1.117e-7, -1.384e-6, -1.129e-6, 2.545e-7, -1.524e-6, -1.404e-6, 1.203e-7, -1.512e-6, -1.204e-6, 3.077e-7, -1.480e-6, -1.314e-6, 1.659e-7, -1.370e-6, -1.050e-6, 3.208e-7, -1.151e-6, -9.679e-7, 1.829e-7, -9.592e-7, -7.311e-7, 2.281e-7
0.508, -1.425e-6, -1.312e-6, 1.130e-7, -1.376e-6, -1.122e-6, 2.546e-7, -1.517e-6, -1.396e-6, 1.212e-7, -1.506e-6, -1.197e-6, 3.091e-7, -1.477e-6, -1.310e-6, 1.666e-7, -1.365e-6, -1.044e-6, 3.213e-7, -1.149e-6, -9.653e-7, 1.836e-7, -9.548e-7, -7.266e-7, 2.282e-7
0.504, -1.421e-6, -1.308e-6, 1.137e-7, -1.371e-6, -1.115e-6, 2.553e-7, -1.513e-6, -1.390e-6, 1.233e-7, -1.502e-6, -1.191e-6, 3.107e-7, -1.474e-6, -1.306e-6, 1.682e-7, -1.363e-6, -1.040e-6, 3.229e-7, -1.147e-6, -9.637e-7, 1.836e-7, -9.505e-7, -7.228e-7, 2.277e-7
0.500, -1.413e-6, -1.299e-6, 1.139e-7, -1.361e-6, -1.107e-6, 2.543e-7, -1.506e-6, -1.382e-6, 1.239e-7, -1.496e-6, -1.185e-6, 3.110e-7, -1.470e-6, -1.302e-6, 1.682e-7, -1.359e-6, -1.035e-6, 3.237e-7, -1.145e-6, -9.614e-7, 1.835e-7, -9.449e-7, -7.179e-7, 2.270e-7
0.496, -1.411e-6, -1.295e-6, 1.162e-7, -1.357e-6, -1.101e-6, 2.561e-7, -1.501e-6, -1.375e-6, 1.253e-7, -1.492e-6, -1.180e-6, 3.120e-7, -1.467e-6, -1.297e-6, 1.694e-7, -1.355e-6, -1.031e-6, 3.244e-7, -1.142e-6, -9.591e-7, 1.833e-7, -9.422e-7, -7.151e-7, 2.271e-7
0.492, -1.404e-6, -1.288e-6, 1.169e-7, -1.350e-6, -1.093e-6, 2.568e-7, -1.495e-6, -1.367e-6, 1.276e-7, -1.487e-6, -1.173e-6, 3.137e-7, -1.463e-6, -1.292e-6, 1.710e-7, -1.352e-6, -1.026e-6, 3.261e-7, -1.140e-6, -9.567e-7, 1.837e-7, -9.384e-7, -7.110e-7, 2.274e-7
0.488, -1.399e-6, -1.282e-6, 1.176e-7, -1.342e-6, -1.086e-6, 2.559e-7, -1.488e-6, -1.360e-6, 1.281e-7, -1.483e-6, -1.169e-6, 3.141e-7, -1.458e-6, -1.287e-6, 1.709e-7, -1.349e-6, -1.023e-6, 3.263e-7, -1.138e-6, -9.551e-7, 1.830e-7, -9.340e-7, -7.075e-7, 2.265e-7
0.484, -1.395e-6, -1.274e-6, 1.203e-7, -1.337e-6, -1.079e-6, 2.579e-7, -1.482e-6, -1.352e-6, 1.299e-7, -1.479e-6, -1.163e-6, 3.159e-7, -1.454e-6, -1.282e-6, 1.721e-7, -1.346e-6, -1.019e-6, 3.278e-7, -1.137e-6, -9.532e-7, 1.836e-7, -9.314e-7, -7.041e-7, 2.273e-7
0.480, -1.389e-6, -1.268e-6, 1.201e-7, -1.331e-6, -1.074e-6, 2.568e-7, -1.477e-6, -1.345e-6, 1.315e-7, -1.475e-6, -1.159e-6, 3.167e-7, -1.451e-6, -1.278e-6, 1.728e-7, -1.345e-6, -1.016e-6, 3.288e-7, -1.135e-6, -9.516e-7, 1.831e-7, -9.278e-7, -7.011e-7, 2.267e-7
0.476, -1.382e-6, -1.261e-6, 1.213e-7, -1.325e-6, -1.068e-6, 2.572e-7, -1.469e-6, -1.336e-6, 1.330e-7, -1.471e-6, -1.153e-6, 3.174e-7, -1.446e-6, -1.272e-6, 1.740e-7, -1.341e-6, -1.011e-6, 3.297e-7, -1.132e-6, -9.492e-7, 1.825e-7, -9.245e-7, -6.978e-7, 2.268e-7
0.472, -1.377e-6, -1.254e-6, 1.225e-7, -1.319e-6, -1.062e-6, 2.576e-7, -1.463e-6, -1.329e-6, 1.343e-7, -1.468e-6, -1.149e-6, 3.188e-7, -1.441e-6, -1.267e-6, 1.746e-7, -1.339e-6, -1.008e-6, 3.313e-7, -1.130e-6, -9.478e-7, 1.821e-7, -9.213e-7, -6.947e-7, 2.266e-7
0.468, -1.371e-6, -1.247e-6, 1.241e-7, -1.313e-6, -1.055e-6, 2.580e-7, -1.456e-6, -1.320e-6, 1.365e-7, -1.463e-6, -1.143e-6, 3.199e-7, -1.435e-6, -1.260e-6, 1.758e-7, -1.335e-6, -1.003e-6, 3.323e-7, -1.127e-6, -9.443e-7, 1.823e-7, -9.177e-7, -6.904e-7, 2.273e-7
0.464, -1.365e-6, -1.240e-6, 1.250e-7, -1.308e-6, -1.050e-6, 2.579e-7, -1.450e-6, -1.312e-6, 1.377e-7, -1.460e-6, -1.139e-6, 3.206e-7, -1.431e-6, -1.255e-6, 1.763e-7, -1.334e-6, -1.001e-6, 3.335e-7, -1.126e-6, -9.435e-7, 1.822e-7, -9.154e-7, -6.881e-7, 2.274e-7
0.460, -1.361e-6, -1.233e-6, 1.272e-7, -1.305e-6, -1.045e-6, 2.599e-7, -1.445e-6, -1.305e-6, 1.404e-7, -1.459e-6, -1.136e-6, 3.232e-7, -1.428e-6, -1.250e-6, 1.787e-7, -1.334e-6, -9.981e-7, 3.357e-7, -1.124e-6, -9.417e-7, 1.824e-7, -9.138e-7, -6.857e-7, 2.282e-7
0.456, -1.355e-6, -1.228e-6, 1.279e-7, -1.300e-6, -1.041e-6, 2.593e-7, -1.438e-6, -1.297e-6, 1.415e-7, -1.456e-6, -1.132e-6, 3.235e-7, -1.423e-6, -1.244e-6, 1.791e-7, -1.332e-6, -9.951e-7, 3.366e-7, -1.122e-6, -9.399e-7, 1.822e-7, -9.111e-7, -6.831e-7, 2.280e-7
0.452, -1.347e-6, -1.218e-6, 1.290e-7, -1.294e-6, -1.034e-6, 2.591e-7, -1.430e-6, -1.287e-6, 1.428e-7, -1.451e-6, -1.127e-6, 3.240e-7, -1.417e-6, -1.237e-6, 1.793e-7, -1.328e-6, -9.908e-7, 3.368e-7, -1.117e-6, -9.361e-7, 1.810e-7, -9.075e-7, -6.795e-7, 2.280e-7
0.448, -1.341e-6, -1.211e-6, 1.301e-7, -1.290e-6, -1.030e-6, 2.602e-7, -1.424e-6, -1.280e-6, 1.446e-7, -1.449e-6, -1.123e-6, 3.252e-7, -1.412e-6, -1.231e-6, 1.807e-7, -1.327e-6, -9.886e-7, 3.383e-7, -1.116e-6, -9.345e-7, 1.813e-7, -9.062e-7, -6.776e-7, 2.287e-7
0.444, -1.337e-6, -1.205e-6, 1.318e-7, -1.286e-6, -1.026e-6, 2.602e-7, -1.418e-6, -1.272e-6, 1.465e-7, -1.448e-6, -1.121e-6, 3.269e-7, -1.408e-6, -1.226e-6, 1.821e-7, -1.327e-6, -9.865e-7, 3.401e-7, -1.114e-6, -9.328e-7, 1.812e-7, -9.046e-7, -6.757e-7, 2.290e-7
0.440, -1.331e-6, -1.197e-6, 1.338e-7, -1.283e-6, -1.021e-6, 2.620e-7, -1.412e-6, -1.263e-6, 1.482e-7, -1.446e-6, -1.118e-6, 3.287e-7, -1.402e-6, -1.219e-6, 1.832e-7, -1.325e-6, -9.841e-7, 3.414e-7, -1.112e-6, -9.301e-7, 1.817e-7, -9.030e-7, -6.732e-7, 2.297e-7
0.436, -1.324e-6, -1.190e-6, 1.342e-7, -1.278e-6, -1.017e-6, 2.614e-7, -1.405e-6, -1.255e-6, 1.495e-7, -1.444e-6, -1.114e-6, 3.296e-7, -1.397e-6, -1.213e-6, 1.840e-7, -1.324e-6, -9.815e-7, 3.427e-7, -1.109e-6, -9.279e-7, 1.814e-7, -9.015e-7, -6.713e-7, 2.302e-7
0.432, -1.319e-6, -1.184e-6, 1.353e-7, -1.276e-6, -1.014e-6, 2.612e-7, -1.399e-6, -1.248e-6, 1.510e-7, -1.442e-6, -1.112e-6, 3.300e-7, -1.393e-6, -1.207e-6, 1.852e-7, -1.324e-6, -9.799e-7, 3.439e-7, -1.107e-6, -9.261e-7, 1.813e-7, -9.000e-7, -6.701e-7, 2.299e-7
0.428, -1.315e-6, -1.178e-6, 1.370e-7, -1.274e-6, -1.011e-6, 2.627e-7, -1.393e-6, -1.241e-6, 1.528e-7, -1.442e-6, -1.110e-6, 3.319e-7, -1.388e-6, -1.202e-6, 1.864e-7, -1.324e-6, -9.788e-7, 3.452e-7, -1.106e-6, -9.245e-7, 1.816e-7, -8.999e-7, -6.686e-7, 2.313e-7
0.424, -1.310e-6, -1.171e-6, 1.388e-7, -1.272e-6, -1.008e-6, 2.636e-7, -1.388e-6, -1.234e-6, 1.546e-7, -1.442e-6, -1.108e-6, 3.334e-7, -1.384e-6, -1.196e-6, 1.879e-7, -1.324e-6, -9.776e-7, 3.468e-7, -1.104e-6, -9.220e-7, 1.816e-7, -8.996e-7, -6.672e-7, 2.325e-7
0.420, -1.306e-6, -1.165e-6, 1.412e-7, -1.272e-6, -1.007e-6, 2.655e-7, -1.384e-6, -1.227e-6, 1.570e-7, -1.442e-6, -1.107e-6, 3.356e-7, -1.380e-6, -1.190e-6, 1.900e-7, -1.325e-6, -9.765e-7, 3.487e-7, -1.103e-6, -9.202e-7, 1.828e-7, -9.000e-7, -6.668e-7, 2.332e-7
0.416, -1.301e-6, -1.159e-6, 1.423e-7, -1.271e-6, -1.005e-6, 2.659e-7, -1.377e-6, -1.219e-6, 1.582e-7, -1.443e-6, -1.106e-6, 3.369e-7, -1.375e-6, -1.185e-6, 1.906e-7, -1.326e-6, -9.759e-7, 3.505e-7, -1.101e-6, -9.179e-7, 1.826e-7, -9.006e-7, -6.665e-7, 2.341e-7
0.412, -1.294e-6, -1.151e-6, 1.427e-7, -1.270e-6, -1.003e-6, 2.668e-7, -1.371e-6, -1.212e-6, 1.598e-7, -1.442e-6, -1.104e-6, 3.380e-7, -1.371e-6, -1.179e-6, 1.923e-7, -1.327e-6, -9.756e-7, 3.519e-7, -1.098e-6, -9.154e-7, 1.826e-7, -9.008e-7, -6.658e-7, 2.350e-7
0.408, -1.292e-6, -1.146e-6, 1.456e-7, -1.274e-6, -1.004e-6, 2.694e-7, -1.369e-6, -1.206e-6, 1.634e-7, -1.447e-6, -1.106e-6, 3.410e-7, -1.370e-6, -1.175e-6, 1.950e-7, -1.333e-6, -9.773e-7, 3.553e-7, -1.099e-6, -9.148e-7, 1.841e-7, -9.040e-7, -6.668e-7, 2.372e-7
0.404, -1.289e-6, -1.142e-6, 1.477e-7, -1.276e-6, -1.005e-6, 2.715e-7, -1.364e-6, -1.200e-6, 1.646e-7, -1.449e-6, -1.106e-6, 3.431e-7, -1.367e-6, -1.171e-6, 1.960e-7, -1.336e-6, -9.783e-7, 3.573e-7, -1.098e-6, -9.136e-7, 1.848e-7, -9.067e-7, -6.680e-7, 2.388e-7
0.400, -1.287e-6, -1.138e-6, 1.493e-7, -1.282e-6, -1.009e-6, 2.731e-7, -1.361e-6, -1.194e-6, 1.667e-7, -1.454e-6, -1.109e-6, 3.452e-7, -1.365e-6, -1.168e-6, 1.974e-7, -1.340e-6, -9.810e-7, 3.594e-7, -1.099e-6, -9.132e-7, 1.853e-7, -9.101e-7, -6.703e-7, 2.398e-7
0.396, -1.286e-6, -1.134e-6, 1.520e-7, -1.289e-6, -1.012e-6, 2.772e-7, -1.359e-6, -1.189e-6, 1.698e-7, -1.461e-6, -1.111e-6, 3.491e-7, -1.365e-6, -1.164e-6, 2.007e-7, -1.347e-6, -9.841e-7, 3.634e-7, -1.100e-6, -9.128e-7, 1.868e-7, -9.164e-7, -6.733e-7, 2.432e-7
0.392, -1.285e-6, -1.130e-6, 1.543e-7, -1.299e-6, -1.018e-6, 2.810e-7, -1.357e-6, -1.185e-6, 1.720e-7, -1.467e-6, -1.115e-6, 3.520e-7, -1.363e-6, -1.160e-6, 2.028e-7, -1.354e-6, -9.879e-7, 3.665e-7, -1.101e-6, -9.131e-7, 1.882e-7, -9.222e-7, -6.767e-7, 2.455e-7
0.388, -1.283e-6, -1.128e-6, 1.554e-7, -1.308e-6, -1.025e-6, 2.835e-7, -1.356e-6, -1.181e-6, 1.745e-7, -1.476e-6, -1.121e-6, 3.547e-7, -1.364e-6, -1.159e-6, 2.047e-7, -1.364e-6, -9.944e-7, 3.696e-7, -1.103e-6, -9.143e-7, 1.888e-7, -9.295e-7, -6.821e-7, 2.475e-7
0.384, -1.285e-6, -1.126e-6, 1.590e-7, -1.324e-6, -1.034e-6, 2.896e-7, -1.355e-6, -1.179e-6, 1.768e-7, -1.488e-6, -1.128e-6, 3.597e-7, -1.365e-6, -1.158e-6, 2.073e-7, -1.376e-6, -1.002e-6, 3.741e-7, -1.108e-6, -9.164e-7, 1.914e-7, -9.395e-7, -6.885e-7, 2.510e-7
0.380, -1.289e-6, -1.127e-6, 1.618e-7, -1.343e-6, -1.048e-6, 2.953e-7, -1.358e-6, -1.177e-6, 1.808e-7, -1.502e-6, -1.137e-6, 3.650e-7, -1.370e-6, -1.159e-6, 2.114e-7, -1.390e-6, -1.010e-6, 3.795e-7, -1.114e-6, -9.194e-7, 1.941e-7, -9.525e-7, -6.971e-7, 2.554e-7
0.376, -1.294e-6, -1.128e-6, 1.665e-7, -1.366e-6, -1.063e-6, 3.028e-7, -1.361e-6, -1.177e-6, 1.838e-7, -1.520e-6, -1.149e-6, 3.711e-7, -1.375e-6, -1.161e-6, 2.144e-7, -1.407e-6, -1.022e-6, 3.850e-7, -1.121e-6, -9.240e-7, 1.972e-7, -9.676e-7, -7.074e-7, 2.601e-7
0.372, -1.301e-6, -1.131e-6, 1.703e-7, -1.393e-6, -1.082e-6, 3.112e-7, -1.366e-6, -1.178e-6, 1.883e-7, -1.540e-6, -1.163e-6, 3.774e-7, -1.383e-6, -1.164e-6, 2.188e-7, -1.427e-6, -1.036e-6, 3.916e-7, -1.130e-6, -9.300e-7, 1.999e-7, -9.854e-7, -7.191e-7, 2.663e-7
0.368, -1.313e-6, -1.138e-6, 1.749e-7, -1.427e-6, -1.106e-6, 3.211e-7, -1.375e-6, -1.182e-6, 1.927e-7, -1.566e-6, -1.180e-6, 3.854e-7, -1.394e-6, -1.170e-6, 2.236e-7, -1.451e-6, -1.051e-6, 3.993e-7, -1.143e-6, -9.391e-7, 2.040e-7, -1.007e-6, -7.349e-7, 2.725e-7
0.364, -1.327e-6, -1.144e-6, 1.828e-7, -1.466e-6, -1.131e-6, 3.355e-7, -1.386e-6, -1.187e-6, 1.994e-7, -1.596e-6, -1.199e-6, 3.962e-7, -1.409e-6, -1.179e-6, 2.305e-7, -1.479e-6, -1.069e-6, 4.097e-7, -1.160e-6, -9.494e-7, 2.101e-7, -1.032e-6, -7.509e-7, 2.815e-7
0.360, -1.344e-6, -1.157e-6, 1.878e-7, -1.510e-6, -1.162e-6, 3.480e-7, -1.400e-6, -1.196e-6, 2.046e-7, -1.630e-6, -1.224e-6, 4.061e-7, -1.428e-6, -1.191e-6, 2.368e-7, -1.511e-6, -1.092e-6, 4.188e-7, -1.179e-6, -9.637e-7, 2.153e-7, -1.060e-6, -7.703e-7, 2.896e-7
0.356, -1.366e-6, -1.169e-6, 1.963e-7, -1.562e-6, -1.196e-6, 3.655e-7, -1.420e-6, -1.207e-6, 2.128e-7, -1.669e-6, -1.249e-6, 4.202e-7, -1.452e-6, -1.206e-6, 2.461e-7, -1.547e-6, -1.115e-6, 4.320e-7, -1.204e-6, -9.802e-7, 2.240e-7, -1.092e-6, -7.912e-7, 3.006e-7
0.352, -1.398e-6, -1.192e-6, 2.060e-7, -1.621e-6, -1.237e-6, 3.839e-7, -1.445e-6, -1.223e-6, 2.212e-7, -1.714e-6, -1.280e-6, 4.343e-7, -1.480e-6, -1.226e-6, 2.549e-7, -1.587e-6, -1.142e-6, 4.452e-7, -1.234e-6, -1.002e-6, 2.313e-7, -1.129e-6, -8.163e-7, 3.122e-7
0.348, -1.431e-6, -1.215e-6, 2.163e-7, -1.685e-6, -1.281e-6, 4.044e-7, -1.474e-6, -1.242e-6, 2.317e-7, -1.763e-6, -1.312e-6, 4.510e-7, -1.515e-6, -1.249e-6, 2.668e-7, -1.630e-6, -1.170e-6, 4.610e-7, -1.268e-6, -1.026e-6, 2.423e-7, -1.167e-6, -8.418e-7, 3.256e-7
0.344, -1.476e-6, -1.245e-6, 2.307e-7, -1.756e-6, -1.326e-6, 4.299e-7, -1.511e-6, -1.267e-6, 2.444e-7, -1.818e-6, -1.348e-6, 4.696e-7, -1.557e-6, -1.277e-6, 2.802e-7, -1.679e-6, -1.201e-6, 4.778e-7, -1.311e-6, -1.056e-6, 2.552e-7, -1.210e-6, -8.696e-7, 3.405e-7
0.340, -1.531e-6, -1.284e-6, 2.471e-7, -1.836e-6, -1.379e-6, 4.577e-7, -1.557e-6, -1.298e-6, 2.587e-7, -1.880e-6, -1.389e-6, 4.908e-7, -1.609e-6, -1.313e-6, 2.962e-7, -1.733e-6, -1.236e-6, 4.975e-7, -1.362e-6, -1.092e-6, 2.700e-7, -1.258e-6, -9.005e-7, 3.577e-7
0.336, -1.592e-6, -1.327e-6, 2.650e-7, -1.918e-6, -1.431e-6, 4.873e-7, -1.608e-6, -1.332e-6, 2.753e-7, -1.945e-6, -1.430e-6, 5.145e-7, -1.666e-6, -1.351e-6, 3.153e-7, -1.787e-6, -1.269e-6, 5.176e-7, -1.418e-6, -1.130e-6, 2.872e-7, -1.305e-6, -9.306e-7, 3.748e-7
0.332, -1.664e-6, -1.377e-6, 2.870e-7, -2.006e-6, -1.487e-6, 5.192e-7, -1.670e-6, -1.375e-6, 2.942e-7, -2.015e-6, -1.475e-6, 5.396e-7, -1.734e-6, -1.398e-6, 3.365e-7, -1.846e-6, -1.307e-6, 5.392e-7, -1.483e-6, -1.176e-6, 3.071e-7, -1.358e-6, -9.637e-7, 3.940e-7
0.328, -1.747e-6, -1.433e-6, 3.136e-7, -2.095e-6, -1.540e-6, 5.544e-7, -1.741e-6, -1.422e-6, 3.187e-7, -2.087e-6, -1.519e-6, 5.679e-7, -1.810e-6, -1.448e-6, 3.624e-7, -1.907e-6, -1.343e-6, 5.640e-7, -1.556e-6, -1.224e-6, 3.318e-7, -1.410e-6, -9.954e-7, 4.150e-7
0.324, -1.838e-6, -1.496e-6, 3.424e-7, -2.187e-6, -1.596e-6, 5.910e-7, -1.818e-6, -1.474e-6, 3.438e-7, -2.160e-6, -1.564e-6, 5.960e-7, -1.893e-6, -1.502e-6, 3.908e-7, -1.966e-6, -1.379e-6, 5.869e-7, -1.634e-6, -1.276e-6, 3.574e-7, -1.462e-6, -1.027e-6, 4.352e-7
0.320, -1.940e-6, -1.562e-6, 3.772e-7, -2.281e-6, -1.652e-6, 6.293e-7, -1.905e-6, -1.531e-6, 3.744e-7, -2.236e-6, -1.609e-6, 6.271e-7, -1.984e-6, -1.559e-6, 4.243e-7, -2.026e-6, -1.414e-6, 6.120e-7, -1.719e-6, -1.331e-6, 3.881e-7, -1.514e-6, -1.058e-6, 4.568e-7
0.316, -2.050e-6, -1.634e-6, 4.156e-7, -2.372e-6, -1.704e-6, 6.677e-7, -2.000e-6, -1.591e-6, 4.087e-7, -2.311e-6, -1.653e-6, 6.573e-7, -2.082e-6, -1.622e-6, 4.604e-7, -2.084e-6, -1.448e-6, 6.355e-7, -1.811e-6, -1.390e-6, 4.218e-7, -1.566e-6, -1.088e-6, 4.783e-7
0.312, -2.169e-6, -1.709e-6, 4.603e-7, -2.462e-6, -1.756e-6, 7.059e-7, -2.103e-6, -1.655e-6, 4.480e-7, -2.386e-6, -1.697e-6, 6.887e-7, -2.186e-6, -1.684e-6, 5.017e-7, -2.142e-6, -1.482e-6, 6.604e-7, -1.908e-6, -1.449e-6, 4.594e-7, -1.616e-6, -1.116e-6, 4.991e-7
0.308, -2.295e-6, -1.785e-6, 5.101e-7, -2.549e-6, -1.804e-6, 7.454e-7, -2.213e-6, -1.721e-6, 4.924e-7, -2.459e-6, -1.738e-6, 7.217e-7, -2.295e-6, -1.748e-6, 5.471e-7, -2.198e-6, -1.513e-6, 6.853e-7, -2.008e-6, -1.507e-6, 5.005e-7, -1.664e-6, -1.143e-6, 5.203e-7
0.304, -2.426e-6, -1.863e-6, 5.627e-7, -2.630e-6, -1.850e-6, 7.802e-7, -2.325e-6, -1.788e-6, 5.371e-7, -2.527e-6, -1.777e-6, 7.497e-7, -2.405e-6, -1.812e-6, 5.924e-7, -2.248e-6, -1.542e-6, 7.054e-7, -2.107e-6, -1.566e-6, 5.409e-7, -1.706e-6, -1.168e-6, 5.379e-7
0.300, -2.556e-6, -1.937e-6, 6.193e-7, -2.705e-6, -1.891e-6, 8.142e-7, -2.440e-6, -1.853e-6, 5.876e-7, -2.592e-6, -1.813e-6, 7.786e-7, -2.516e-6, -1.874e-6, 6.417e-7, -2.295e-6, -1.569e-6, 7.265e-7, -2.207e-6, -1.623e-6, 5.839e-7, -1.747e-6, -1.191e-6, 5.561e-7
0.296, -2.686e-6, -2.009e-6, 6.765e-7, -2.772e-6, -1.927e-6, 8.447e-7, -2.553e-6, -1.915e-6, 6.379e-7, -2.651e-6, -1.846e-6, 8.045e-7, -2.621e-6, -1.932e-6, 6.897e-7, -2.335e-6, -1.592e-6, 7.434e-7, -2.302e-6, -1.676e-6, 6.268e-7, -1.781e-6, -1.211e-6, 5.705e-7
0.292, -2.814e-6, -2.079e-6, 7.349e-7, -2.833e-6, -1.962e-6, 8.711e-7, -2.666e-6, -1.977e-6, 6.893e-7, -2.706e-6, -1.877e-6, 8.281e-7, -2.726e-6, -1.988e-6, 7.381e-7, -2.374e-6, -1.614e-6, 7.597e-7, -2.396e-6, -1.727e-6, 6.686e-7, -1.813e-6, -1.229e-6, 5.837e-7
0.288, -2.932e-6, -2.141e-6, 7.912e-7, -2.885e-6, -1.990e-6, 8.957e-7, -2.773e-6, -2.032e-6, 7.403e-7, -2.752e-6, -1.903e-6, 8.483e-7, -2.823e-6, -2.039e-6, 7.843e-7, -2.406e-6, -1.633e-6, 7.726e-7, -2.480e-6, -1.772e-6, 7.083e-7, -1.840e-6, -1.245e-6, 5.947e-7
0.284, -3.044e-6, -2.198e-6, 8.461e-7, -2.932e-6, -2.016e-6, 9.159e-7, -2.873e-6, -2.083e-6, 7.896e-7, -2.794e-6, -1.928e-6, 8.670e-7, -2.912e-6, -2.084e-6, 8.279e-7, -2.434e-6, -1.649e-6, 7.844e-7, -2.559e-6, -1.813e-6, 7.458e-7, -1.863e-6, -1.259e-6, 6.041e-7
0.280, -3.144e-6, -2.248e-6, 8.963e-7, -2.969e-6, -2.036e-6, 9.322e-7, -2.963e-6, -2.128e-6, 8.344e-7, -2.828e-6, -1.947e-6, 8.810e-7, -2.990e-6, -2.123e-6, 8.665e-7, -2.454e-6, -1.663e-6, 7.914e-7, -2.627e-6, -1.849e-6, 7.780e-7, -1.880e-6, -1.270e-6, 6.104e-7
0.276, -3.232e-6, -2.292e-6, 9.401e-7, -2.999e-6, -2.055e-6, 9.444e-7, -3.042e-6, -2.168e-6, 8.737e-7, -2.858e-6, -1.966e-6, 8.919e-7, -3.057e-6, -2.158e-6, 8.987e-7, -2.473e-6, -1.676e-6, 7.967e-7, -2.685e-6, -1.880e-6, 8.047e-7, -1.895e-6, -1.280e-6, 6.152e-7
0.272, -3.306e-6, -2.327e-6, 9.787e-7, -3.024e-6, -2.069e-6, 9.545e-7, -3.112e-6, -2.202e-6, 9.102e-7, -2.883e-6, -1.981e-6, 9.018e-7, -3.115e-6, -2.187e-6, 9.283e-7, -2.489e-6, -1.687e-6, 8.021e-7, -2.734e-6, -1.906e-6, 8.287e-7, -1.907e-6, -1.288e-6, 6.190e-7
0.268, -3.367e-6, -2.357e-6, 1.010e-6, -3.042e-6, -2.082e-6, 9.600e-7, -3.169e-6, -2.230e-6, 9.387e-7, -2.902e-6, -1.994e-6, 9.081e-7, -3.161e-6, -2.211e-6, 9.500e-7, -2.501e-6, -1.697e-6, 8.039e-7, -2.774e-6, -1.927e-6, 8.465e-7, -1.917e-6, -1.296e-6, 6.207e-7
0.264, -3.409e-6, -2.377e-6, 1.032e-6, -3.052e-6, -2.090e-6, 9.617e-7, -3.211e-6, -2.251e-6, 9.596e-7, -2.915e-6, -2.005e-6, 9.101e-7, -3.193e-6, -2.228e-6, 9.648e-7, -2.507e-6, -1.704e-6, 8.030e-7, -2.801e-6, -1.943e-6, 8.580e-7, -1.920e-6, -1.300e-6, 6.199e-7
0.260, -3.440e-6, -2.391e-6, 1.050e-6, -3.060e-6, -2.095e-6, 9.650e-7, -3.243e-6, -2.266e-6, 9.769e-7, -2.926e-6, -2.012e-6, 9.133e-7, -3.217e-6, -2.241e-6, 9.763e-7, -2.513e-6, -1.710e-6, 8.033e-7, -2.822e-6, -1.955e-6, 8.671e-7, -1.924e-6, -1.304e-6, 6.196e-7
0.256, -3.459e-6, -2.399e-6, 1.060e-6, -3.063e-6, -2.098e-6, 9.649e-7, -3.264e-6, -2.276e-6, 9.875e-7, -2.931e-6, -2.017e-6, 9.142e-7, -3.230e-6, -2.249e-6, 9.817e-7, -2.518e-6, -1.716e-6, 8.020e-7, -2.832e-6, -1.962e-6, 8.701e-7, -1.926e-6, -1.307e-6, 6.186e-7
0.252, -3.463e-6, -2.401e-6, 1.062e-6, -3.062e-6, -2.100e-6, 9.625e-7, -3.273e-6, -2.282e-6, 9.909e-7, -2.935e-6, -2.022e-6, 9.127e-7, -3.235e-6, -2.253e-6, 9.820e-7, -2.520e-6, -1.721e-6, 7.991e-7, -2.837e-6, -1.967e-6, 8.697e-7, -1.925e-6, -1.309e-6, 6.160e-7
0.248, -3.457e-6, -2.399e-6, 1.058e-6, -3.058e-6, -2.100e-6, 9.583e-7, -3.272e-6, -2.283e-6, 9.897e-7, -2.935e-6, -2.025e-6, 9.098e-7, -3.232e-6, -2.254e-6, 9.776e-7, -2.523e-6, -1.726e-6, 7.963e-7, -2.833e-6, -1.969e-6, 8.647e-7, -1.925e-6, -1.312e-6, 6.129e-7
0.244, -3.440e-6, -2.391e-6, 1.049e-6, -3.050e-6, -2.096e-6, 9.533e-7, -3.263e-6, -2.280e-6, 9.829e-7, -2.932e-6, -2.026e-6, 9.059e-7, -3.222e-6, -2.253e-6, 9.693e-7, -2.524e-6, -1.731e-6, 7.927e-7, -2.825e-6, -1.968e-6, 8.573e-7, -1.923e-6, -1.313e-6, 6.096e-7
0.240, -3.413e-6, -2.378e-6, 1.035e-6, -3.038e-6, -2.091e-6, 9.476e-7, -3.245e-6, -2.274e-6, 9.712e-7, -2.927e-6, -2.026e-6, 9.010e-7, -3.207e-6, -2.250e-6, 9.572e-7, -2.524e-6, -1.736e-6, 7.883e-7, -2.811e-6, -1.965e-6, 8.461e-7, -1.919e-6, -1.313e-6, 6.057e-7
0.236, -3.379e-6, -2.363e-6, 1.016e-6, -3.026e-6, -2.085e-6, 9.403e-7, -3.223e-6, -2.265e-6, 9.573e-7, -2.920e-6, -2.024e-6, 8.956e-7, -3.187e-6, -2.244e-6, 9.435e-7, -2.525e-6, -1.740e-6, 7.849e-7, -2.794e-6, -1.960e-6, 8.339e-7, -1.917e-6, -1.315e-6, 6.019e-7
0.232, -3.338e-6, -2.346e-6, 9.919e-7, -3.009e-6, -2.078e-6, 9.312e-7, -3.195e-6, -2.255e-6, 9.396e-7, -2.912e-6, -2.023e-6, 8.887e-7, -3.166e-6, -2.238e-6, 9.276e-7, -2.528e-6, -1.747e-6, 7.812e-7, -2.776e-6, -1.956e-6, 8.197e-7, -1.913e-6, -1.316e-6, 5.975e-7
0.228, -3.294e-6, -2.327e-6, 9.667e-7, -2.992e-6, -2.070e-6, 9.220e-7, -3.164e-6, -2.244e-6, 9.202e-7, -2.903e-6, -2.021e-6, 8.821e-7, -3.144e-6, -2.233e-6, 9.113e-7, -2.531e-6, -1.753e-6, 7.785e-7, -2.756e-6, -1.951e-6, 8.048e-7, -1.912e-6, -1.318e-6, 5.940e-7
0.224, -3.247e-6, -2.308e-6, 9.382e-7, -2.973e-6, -2.063e-6, 9.104e-7, -3.132e-6, -2.234e-6, 8.988e-7, -2.894e-6, -2.020e-6, 8.738e-7, -3.122e-6, -2.229e-6, 8.925e-7, -2.538e-6, -1.762e-6, 7.757e-7, -2.735e-6, -1.947e-6, 7.876e-7, -1.912e-6, -1.322e-6, 5.906e-7
0.220, -3.198e-6, -2.287e-6, 9.106e-7, -2.954e-6, -2.055e-6, 8.995e-7, -3.099e-6, -2.222e-6, 8.768e-7, -2.884e-6, -2.018e-6, 8.663e-7, -3.101e-6, -2.225e-6, 8.756e-7, -2.544e-6, -1.770e-6, 7.734e-7, -2.715e-6, -1.943e-6, 7.716e-7, -1.913e-6, -1.326e-6, 5.870e-7
0.216, -3.150e-6, -2.270e-6, 8.809e-7, -2.939e-6, -2.050e-6, 8.889e-7, -3.068e-6, -2.214e-6, 8.544e-7, -2.877e-6, -2.019e-6, 8.582e-7, -3.084e-6, -2.226e-6, 8.587e-7, -2.555e-6, -1.783e-6, 7.719e-7, -2.700e-6, -1.944e-6, 7.564e-7, -1.919e-6, -1.334e-6, 5.851e-7
0.212, -3.103e-6, -2.251e-6, 8.526e-7, -2.924e-6, -2.046e-6, 8.787e-7, -3.041e-6, -2.206e-6, 8.346e-7, -2.872e-6, -2.021e-6, 8.513e-7, -3.074e-6, -2.229e-6, 8.449e-7, -2.570e-6, -1.797e-6, 7.731e-7, -2.689e-6, -1.946e-6, 7.431e-7, -1.927e-6, -1.343e-6, 5.843e-7
0.208, -3.061e-6, -2.236e-6, 8.253e-7, -2.914e-6, -2.045e-6, 8.690e-7, -3.018e-6, -2.202e-6, 8.154e-7, -2.871e-6, -2.026e-6, 8.445e-7, -3.069e-6, -2.236e-6, 8.326e-7, -2.588e-6, -1.814e-6, 7.746e-7, -2.682e-6, -1.951e-6, 7.309e-7, -1.940e-6, -1.355e-6, 5.843e-7
0.204, -3.024e-6, -2.223e-6, 8.018e-7, -2.908e-6, -2.046e-6, 8.624e-7, -2.999e-6, -2.199e-6, 8.000e-7, -2.873e-6, -2.031e-6, 8.415e-7, -3.071e-6, -2.246e-6, 8.256e-7, -2.612e-6, -1.832e-6, 7.800e-7, -2.683e-6, -1.959e-6, 7.237e-7, -1.958e-6, -1.370e-6, 5.882e-7
0.200, -2.991e-6, -2.211e-6, 7.797e-7, -2.907e-6, -2.051e-6, 8.559e-7, -2.987e-6, -2.200e-6, 7.865e-7, -2.880e-6, -2.042e-6, 8.381e-7, -3.081e-6, -2.260e-6, 8.209e-7, -2.640e-6, -1.855e-6, 7.857e-7, -2.690e-6, -1.972e-6, 7.181e-7, -1.980e-6, -1.388e-6, 5.926e-7
0.196, -2.965e-6, -2.201e-6, 7.637e-7, -2.910e-6, -2.056e-6, 8.536e-7, -2.980e-6, -2.201e-6, 7.787e-7, -2.892e-6, -2.053e-6, 8.389e-7, -3.099e-6, -2.277e-6, 8.227e-7, -2.673e-6, -1.878e-6, 7.954e-7, -2.705e-6, -1.987e-6, 7.184e-7, -2.008e-6, -1.407e-6, 6.004e-7
0.192, -2.945e-6, -2.195e-6, 7.502e-7, -2.923e-6, -2.068e-6, 8.546e-7, -2.980e-6, -2.206e-6, 7.738e-7, -2.909e-6, -2.067e-6, 8.419e-7, -3.124e-6, -2.296e-6, 8.275e-7, -2.710e-6, -1.903e-6, 8.072e-7, -2.728e-6, -2.006e-6, 7.220e-7, -2.042e-6, -1.431e-6, 6.108e-7
0.188, -2.927e-6, -2.188e-6, 7.391e-7, -2.935e-6, -2.079e-6, 8.560e-7, -2.982e-6, -2.211e-6, 7.707e-7, -2.928e-6, -2.083e-6, 8.450e-7, -3.153e-6, -2.318e-6, 8.356e-7, -2.749e-6, -1.930e-6, 8.189e-7, -2.756e-6, -2.027e-6, 7.292e-7, -2.079e-6, -1.457e-6, 6.221e-7
0.184, -2.916e-6, -2.183e-6, 7.332e-7, -2.956e-6, -2.093e-6, 8.624e-7, -2.990e-6, -2.217e-6, 7.735e-7, -2.953e-6, -2.100e-6, 8.532e-7, -3.189e-6, -2.340e-6, 8.496e-7, -2.793e-6, -1.958e-6, 8.348e-7, -2.791e-6, -2.049e-6, 7.414e-7, -2.122e-6, -1.484e-6, 6.377e-7
0.180, -2.906e-6, -2.176e-6, 7.303e-7, -2.979e-6, -2.107e-6, 8.719e-7, -3.000e-6, -2.221e-6, 7.782e-7, -2.979e-6, -2.117e-6, 8.624e-7, -3.228e-6, -2.361e-6, 8.664e-7, -2.835e-6, -1.985e-6, 8.507e-7, -2.829e-6, -2.072e-6, 7.577e-7, -2.166e-6, -1.511e-6, 6.549e-7
0.176, -2.897e-6, -2.168e-6, 7.281e-7, -2.999e-6, -2.119e-6, 8.806e-7, -3.007e-6, -2.223e-6, 7.843e-7, -3.003e-6, -2.131e-6, 8.722e-7, -3.263e-6, -2.379e-6, 8.848e-7, -2.876e-6, -2.009e-6, 8.670e-7, -2.867e-6, -2.092e-6, 7.748e-7, -2.210e-6, -1.537e-6, 6.730e-7
0.172, -2.888e-6, -2.158e-6, 7.295e-7, -3.023e-6, -2.130e-6, 8.929e-7, -3.015e-6, -2.223e-6, 7.920e-7, -3.028e-6, -2.145e-6, 8.829e-7, -3.298e-6, -2.394e-6, 9.043e-7, -2.916e-6, -2.032e-6, 8.841e-7, -2.906e-6, -2.111e-6, 7.951e-7, -2.255e-6, -1.562e-6, 6.927e-7
0.168, -2.877e-6, -2.145e-6, 7.317e-7, -3.044e-6, -2.138e-6, 9.054e-7, -3.019e-6, -2.218e-6, 8.006e-7, -3.052e-6, -2.156e-6, 8.951e-7, -3.329e-6, -2.404e-6, 9.252e-7, -2.952e-6, -2.051e-6, 9.006e-7, -2.943e-6, -2.126e-6, 8.173e-7, -2.298e-6, -1.585e-6, 7.128e-7
0.164, -2.860e-6, -2.128e-6, 7.317e-7, -3.057e-6, -2.142e-6, 9.150e-7, -3.013e-6, -2.207e-6, 8.062e-7, -3.067e-6, -2.163e-6, 9.039e-7, -3.347e-6, -2.405e-6, 9.423e-7, -2.979e-6, -2.065e-6, 9.136e-7, -2.972e-6, -2.134e-6, 8.373e-7, -2.333e-6, -1.603e-6, 7.303e-7
0.160, -2.835e-6, -2.105e-6, 7.293e-7, -3.061e-6, -2.138e-6, 9.229e-7, -3.000e-6, -2.190e-6, 8.097e-7, -3.075e-6, -2.165e-6, 9.106e-7, -3.355e-6, -2.399e-6, 9.561e-7, -2.997e-6, -2.073e-6, 9.236e-7, -2.990e-6, -2.135e-6, 8.542e-7, -2.362e-6, -1.616e-6, 7.460e-7
0.156, -2.802e-6, -2.076e-6, 7.257e-7, -3.057e-6, -2.129e-6, 9.285e-7, -2.976e-6, -2.167e-6, 8.094e-7, -3.074e-6, -2.159e-6, 9.145e-7, -3.348e-6, -2.384e-6, 9.643e-7, -3.004e-6, -2.074e-6, 9.295e-7, -2.996e-6, -2.128e-6, 8.682e-7, -2.381e-6, -1.622e-6, 7.589e-7
0.152, -2.763e-6, -2.045e-6, 7.185e-7, -3.042e-6, -2.114e-6, 9.287e-7, -2.943e-6, -2.138e-6, 8.054e-7, -3.064e-6, -2.149e-6, 9.152e-7, -3.327e-6, -2.359e-6, 9.677e-7, -3.002e-6, -2.069e-6, 9.325e-7, -2.990e-6, -2.112e-6, 8.775e-7, -2.389e-6, -1.622e-6, 7.677e-7
0.148, -2.712e-6, -2.006e-6, 7.064e-7, -3.014e-6, -2.090e-6, 9.238e-7, -2.896e-6, -2.100e-6, 7.956e-7, -3.040e-6, -2.129e-6, 9.104e-7, -3.288e-6, -2.325e-6, 9.631e-7, -2.984e-6, -2.055e-6, 9.282e-7, -2.965e-6, -2.086e-6, 8.794e-7, -2.384e-6, -1.613e-6, 7.709e-7
0.144, -2.650e-6, -1.961e-6, 6.889e-7, -2.970e-6, -2.057e-6, 9.130e-7, -2.837e-6, -2.057e-6, 7.793e-7, -3.004e-6, -2.104e-6, 9.002e-7, -3.231e-6, -2.280e-6, 9.505e-7, -2.953e-6, -2.035e-6, 9.188e-7, -2.924e-6, -2.050e-6, 8.740e-7, -2.364e-6, -1.596e-6, 7.682e-7
0.140, -2.582e-6, -1.913e-6, 6.687e-7, -2.916e-6, -2.019e-6, 8.971e-7, -2.766e-6, -2.008e-6, 7.588e-7, -2.957e-6, -2.072e-6, 8.854e-7, -3.157e-6, -2.227e-6, 9.304e-7, -2.909e-6, -2.005e-6, 9.040e-7, -2.866e-6, -2.005e-6, 8.614e-7, -2.331e-6, -1.571e-6, 7.599e-7
0.136, -2.502e-6, -1.860e-6, 6.420e-7, -2.847e-6, -1.973e-6, 8.742e-7, -2.686e-6, -1.954e-6, 7.312e-7, -2.897e-6, -2.033e-6, 8.646e-7, -3.067e-6, -2.166e-6, 9.018e-7, -2.853e-6, -1.970e-6, 8.825e-7, -2.791e-6, -1.951e-6, 8.404e-7, -2.283e-6, -1.539e-6, 7.441e-7
0.132, -2.417e-6, -1.805e-6, 6.122e-7, -2.767e-6, -1.921e-6, 8.463e-7, -2.596e-6, -1.896e-6, 6.999e-7, -2.827e-6, -1.988e-6, 8.391e-7, -2.965e-6, -2.098e-6, 8.664e-7, -2.785e-6, -1.928e-6, 8.573e-7, -2.702e-6, -1.889e-6, 8.124e-7, -2.224e-6, -1.500e-6, 7.236e-7
0.128, -2.326e-6, -1.749e-6, 5.777e-7, -2.678e-6, -1.866e-6, 8.122e-7, -2.499e-6, -1.836e-6, 6.631e-7, -2.747e-6, -1.939e-6, 8.083e-7, -2.849e-6, -2.026e-6, 8.233e-7, -2.706e-6, -1.881e-6, 8.252e-7, -2.600e-6, -1.823e-6, 7.764e-7, -2.151e-6, -1.456e-6, 6.955e-7
0.124, -2.234e-6, -1.692e-6, 5.415e-7, -2.583e-6, -1.808e-6, 7.749e-7, -2.400e-6, -1.776e-6, 6.239e-7, -2.660e-6, -1.885e-6, 7.743e-7, -2.728e-6, -1.952e-6, 7.763e-7, -2.619e-6, -1.828e-6, 7.905e-7, -2.487e-6, -1.752e-6, 7.347e-7, -2.072e-6, -1.408e-6, 6.638e-7
0.120, -2.140e-6, -1.637e-6, 5.035e-7, -2.481e-6, -1.748e-6, 7.329e-7, -2.297e-6, -1.715e-6, 5.825e-7, -2.568e-6, -1.831e-6, 7.367e-7, -2.602e-6, -1.877e-6, 7.252e-7, -2.527e-6, -1.774e-6, 7.523e-7, -2.369e-6, -1.681e-6, 6.885e-7, -1.985e-6, -1.357e-6, 6.277e-7
0.116, -2.047e-6, -1.583e-6, 4.649e-7, -2.379e-6, -1.688e-6, 6.909e-7, -2.197e-6, -1.656e-6, 5.406e-7, -2.473e-6, -1.776e-6, 6.976e-7, -2.475e-6, -1.803e-6, 6.718e-7, -2.431e-6, -1.718e-6, 7.126e-7, -2.249e-6, -1.609e-6, 6.393e-7, -1.894e-6, -1.305e-6, 5.891e-7
0.112, -1.960e-6, -1.533e-6, 4.268e-7, -2.277e-6, -1.631e-6, 6.458e-7, -2.098e-6, -1.600e-6, 4.981e-7, -2.378e-6, -1.721e-6, 6.570e-7, -2.349e-6, -1.731e-6, 6.179e-7, -2.334e-6, -1.662e-6, 6.711e-7, -2.128e-6, -1.540e-6, 5.881e-7, -1.803e-6, -1.253e-6, 5.497e-7
0.108, -1.875e-6, -1.485e-6, 3.904e-7, -2.179e-6, -1.576e-6, 6.028e-7, -2.005e-6, -1.548e-6, 4.569e-7, -2.286e-6, -1.668e-6, 6.174e-7, -2.231e-6, -1.666e-6, 5.653e-7, -2.238e-6, -1.608e-6, 6.303e-7, -2.012e-6, -1.475e-6, 5.371e-7, -1.711e-6, -1.202e-6, 5.090e-7
0.104, -1.797e-6, -1.442e-6, 3.550e-7, -2.084e-6, -1.524e-6, 5.601e-7, -1.918e-6, -1.500e-6, 4.180e-7, -2.196e-6, -1.618e-6, 5.780e-7, -2.118e-6, -1.604e-6, 5.142e-7, -2.145e-6, -1.555e-6, 5.900e-7, -1.900e-6, -1.413e-6, 4.869e-7, -1.623e-6, -1.154e-6, 4.689e-7
0.100, -1.725e-6, -1.403e-6, 3.223e-7, -1.997e-6, -1.476e-6, 5.206e-7, -1.837e-6, -1.456e-6, 3.812e-7, -2.111e-6, -1.571e-6, 5.405e-7, -2.014e-6, -1.547e-6, 4.669e-7, -2.056e-6, -1.505e-6, 5.511e-7, -1.797e-6, -1.357e-6, 4.400e-7, -1.540e-6, -1.109e-6, 4.308e-7
0.096, -1.660e-6, -1.367e-6, 2.928e-7, -1.915e-6, -1.432e-6, 4.826e-7, -1.765e-6, -1.418e-6, 3.478e-7, -2.034e-6, -1.528e-6, 5.053e-7, -1.921e-6, -1.498e-6, 4.228e-7, -1.973e-6, -1.458e-6, 5.148e-7, -1.703e-6, -1.307e-6, 3.959e-7, -1.463e-6, -1.068e-6, 3.945e-7
0.092, -1.604e-6, -1.336e-6, 2.680e-7, -1.844e-6, -1.394e-6, 4.499e-7, -1.702e-6, -1.383e-6, 3.193e-7, -1.964e-6, -1.489e-6, 4.744e-7, -1.837e-6, -1.453e-6, 3.844e-7, -1.897e-6, -1.415e-6, 4.820e-7, -1.619e-6, -1.263e-6, 3.567e-7, -1.393e-6, -1.030e-6, 3.626e-7
0.088, -1.553e-6, -1.310e-6, 2.438e-7, -1.778e-6, -1.359e-6, 4.186e-7, -1.645e-6, -1.353e-6, 2.920e-7, -1.898e-6, -1.454e-6, 4.439e-7, -1.763e-6, -1.414e-6, 3.486e-7, -1.827e-6, -1.376e-6, 4.504e-7, -1.544e-6, -1.224e-6, 3.201e-7, -1.329e-6, -9.971e-7, 3.316e-7
0.084, -1.511e-6, -1.287e-6, 2.244e-7, -1.723e-6, -1.331e-6, 3.928e-7, -1.597e-6, -1.327e-6, 2.699e-7, -1.842e-6, -1.423e-6, 4.188e-7, -1.699e-6, -1.380e-6, 3.186e-7, -1.764e-6, -1.340e-6, 4.232e-7, -1.480e-6, -1.191e-6, 2.894e-7, -1.273e-6, -9.672e-7, 3.056e-7
0.080, -1.474e-6, -1.268e-6, 2.066e-7, -1.674e-6, -1.306e-6, 3.679e-7, -1.557e-6, -1.306e-6, 2.504e-7, -1.793e-6, -1.398e-6, 3.948e-7, -1.644e-6, -1.352e-6, 2.919e-7, -1.708e-6, -1.310e-6, 3.983e-7, -1.425e-6, -1.163e-6, 2.619e-7, -1.223e-6, -9.420e-7, 2.815e-7
0.076, -1.442e-6, -1.250e-6, 1.925e-7, -1.631e-6, -1.283e-6, 3.485e-7, -1.520e-6, -1.285e-6, 2.342e-7, -1.748e-6, -1.373e-6, 3.755e-7, -1.598e-6, -1.327e-6, 2.706e-7, -1.659e-6, -1.282e-6, 3.774e-7, -1.377e-6, -1.138e-6, 2.397e-7, -1.181e-6, -9.190e-7, 2.621e-7
0.072, -1.416e-6, -1.235e-6, 1.805e-7, -1.596e-6, -1.264e-6, 3.313e-7, -1.491e-6, -1.270e-6, 2.205e-7, -1.712e-6, -1.353e-6, 3.590e-7, -1.559e-6, -1.306e-6, 2.526e-7, -1.616e-6, -1.258e-6, 3.587e-7, -1.338e-6, -1.118e-6, 2.206e-7, -1.145e-6, -9.001e-7, 2.445e-7
0.068, -1.393e-6, -1.222e-6, 1.708e-7, -1.565e-6, -1.247e-6, 3.180e-7, -1.466e-6, -1.257e-6, 2.098e-7, -1.681e-6, -1.336e-6, 3.450e-7, -1.526e-6, -1.288e-6, 2.378e-7, -1.580e-6, -1.236e-6, 3.435e-7, -1.306e-6, -1.101e-6, 2.054e-7, -1.113e-6, -8.831e-7, 2.300e-7
0.064, -1.375e-6, -1.213e-6, 1.624e-7, -1.539e-6, -1.234e-6, 3.050e-7, -1.445e-6, -1.246e-6, 1.996e-7, -1.654e-6, -1.321e-6, 3.325e-7, -1.499e-6, -1.274e-6, 2.251e-7, -1.548e-6, -1.218e-6, 3.297e-7, -1.278e-6, -1.086e-6, 1.922e-7, -1.086e-6, -8.689e-7, 2.175e-7
0.060, -1.361e-6, -1.205e-6, 1.562e-7, -1.519e-6, -1.223e-6, 2.956e-7, -1.429e-6, -1.237e-6, 1.925e-7, -1.630e-6, -1.308e-6, 3.220e-7, -1.477e-6, -1.262e-6, 2.148e-7, -1.522e-6, -1.203e-6, 3.188e-7, -1.257e-6, -1.075e-6, 1.824e-7, -1.065e-6, -8.571e-7, 2.079e-7
0.056, -1.346e-6, -1.196e-6, 1.499e-7, -1.500e-6, -1.214e-6, 2.864e-7, -1.414e-6, -1.229e-6, 1.856e-7, -1.611e-6, -1.298e-6, 3.130e-7, -1.458e-6, -1.252e-6, 2.056e-7, -1.497e-6, -1.189e-6, 3.080e-7, -1.238e-6, -1.065e-6, 1.725e-7, -1.046e-6, -8.467e-7, 1.990e-7
0.052, -1.336e-6, -1.192e-6, 1.449e-7, -1.485e-6, -1.206e-6, 2.787e-7, -1.402e-6, -1.222e-6, 1.797e-7, -1.594e-6, -1.290e-6, 3.048e-7, -1.442e-6, -1.244e-6, 1.981e-7, -1.477e-6, -1.178e-6, 2.991e-7, -1.223e-6, -1.058e-6, 1.649e-7, -1.030e-6, -8.386e-7, 1.912e-7
0.048, -1.329e-6, -1.188e-6, 1.408e-7, -1.474e-6, -1.200e-6, 2.732e-7, -1.394e-6, -1.218e-6, 1.760e-7, -1.582e-6, -1.283e-6, 2.989e-7, -1.431e-6, -1.238e-6, 1.936e-7, -1.461e-6, -1.168e-6, 2.922e-7, -1.211e-6, -1.051e-6, 1.601e-7, -1.018e-6, -8.317e-7, 1.858e-7
0.044, -1.321e-6, -1.183e-6, 1.375e-7, -1.463e-6, -1.195e-6, 2.681e-7, -1.386e-6, -1.214e-6, 1.720e-7, -1.570e-6, -1.277e-6, 2.930e-7, -1.422e-6, -1.233e-6, 1.891e-7, -1.447e-6, -1.160e-6, 2.865e-7, -1.202e-6, -1.046e-6, 1.552e-7, -1.007e-6, -8.260e-7, 1.809e-7
0.040, -1.317e-6, -1.183e-6, 1.342e-7, -1.456e-6, -1.192e-6, 2.639e-7, -1.381e-6, -1.212e-6, 1.683e-7, -1.560e-6, -1.273e-6, 2.875e-7, -1.414e-6, -1.230e-6, 1.846e-7, -1.436e-6, -1.154e-6, 2.811e-7, -1.195e-6, -1.044e-6, 1.511e-7, -9.981e-7, -8.217e-7, 1.764e-7
0.036, -1.312e-6, -1.181e-6, 1.316e-7, -1.449e-6, -1.189e-6, 2.592e-7, -1.376e-6, -1.211e-6, 1.650e-7, -1.551e-6, -1.269e-6, 2.824e-7, -1.407e-6, -1.226e-6, 1.810e-7, -1.423e-6, -1.148e-6, 2.756e-7, -1.188e-6, -1.041e-6, 1.471e-7, -9.895e-7, -8.176e-7, 1.719e-7
0.032, -1.310e-6, -1.181e-6, 1.290e-7, -1.443e-6, -1.187e-6, 2.553e-7, -1.374e-6, -1.211e-6, 1.624e-7, -1.545e-6, -1.267e-6, 2.781e-7, -1.404e-6, -1.226e-6, 1.782e-7, -1.415e-6, -1.144e-6, 2.712e-7, -1.185e-6, -1.041e-6, 1.441e-7, -9.840e-7, -8.152e-7, 1.688e-7
0.028, -1.308e-6, -1.181e-6, 1.274e-7, -1.439e-6, -1.187e-6, 2.520e-7, -1.372e-6, -1.211e-6, 1.601e-7, -1.540e-6, -1.265e-6, 2.749e-7, -1.401e-6, -1.225e-6, 1.756e-7, -1.408e-6, -1.141e-6, 2.679e-7, -1.182e-6, -1.040e-6, 1.424e-7, -9.789e-7, -8.130e-7, 1.659e-7
0.024, -1.310e-6, -1.185e-6, 1.248e-7, -1.439e-6, -1.190e-6, 2.491e-7, -1.374e-6, -1.215e-6, 1.584e-7, -1.538e-6, -1.267e-6, 2.711e-7, -1.401e-6, -1.228e-6, 1.736e-7, -1.403e-6, -1.139e-6, 2.642e-7, -1.182e-6, -1.043e-6, 1.397e-7, -9.798e-7, -8.163e-7, 1.635e-7
0.020, -1.312e-6, -1.189e-6, 1.231e-7, -1.439e-6, -1.192e-6, 2.467e-7, -1.375e-6, -1.219e-6, 1.562e-7, -1.535e-6, -1.268e-6, 2.676e-7, -1.402e-6, -1.231e-6, 1.711e-7, -1.399e-6, -1.138e-6, 2.604e-7, -1.183e-6, -1.045e-6, 1.382e-7, -9.755e-7, -8.148e-7, 1.607e-7
0.016, -1.314e-6, -1.193e-6, 1.212e-7, -1.438e-6, -1.195e-6, 2.434e-7, -1.378e-6, -1.224e-6, 1.540e-7, -1.535e-6, -1.271e-6, 2.638e-7, -1.404e-6, -1.235e-6, 1.695e-7, -1.396e-6, -1.139e-6, 2.574e-7, -1.184e-6, -1.049e-6, 1.355e-7, -9.749e-7, -8.159e-7, 1.590e-7
0.012, -1.317e-6, -1.198e-6, 1.197e-7, -1.438e-6, -1.197e-6, 2.402e-7, -1.380e-6, -1.229e-6, 1.514e-7, -1.532e-6, -1.272e-6, 2.600e-7, -1.405e-6, -1.239e-6, 1.664e-7, -1.393e-6, -1.139e-6, 2.539e-7, -1.186e-6, -1.052e-6, 1.339e-7, -9.740e-7, -8.175e-7, 1.565e-7
0.008, -1.322e-6, -1.204e-6, 1.174e-7, -1.441e-6, -1.203e-6, 2.378e-7, -1.386e-6, -1.236e-6, 1.500e-7, -1.533e-6, -1.276e-6, 2.570e-7, -1.411e-6, -1.246e-6, 1.658e-7, -1.392e-6, -1.141e-6, 2.512e-7, -1.190e-6, -1.058e-6, 1.319e-7, -9.741e-7, -8.196e-7, 1.545e-7
0.004, -1.330e-6, -1.214e-6, 1.159e-7, -1.446e-6, -1.211e-6, 2.353e-7, -1.393e-6, -1.246e-6, 1.468e-7, -1.536e-6, -1.283e-6, 2.531e-7, -1.418e-6, -1.255e-6, 1.629e-7, -1.392e-6, -1.145e-6, 2.473e-7, -1.196e-6, -1.067e-6, 1.296e-7, -9.758e-7, -8.235e-7, 1.524e-7
-0.000, -1.337e-6, -1.224e-6, 1.130e-7, -1.452e-6, -1.219e-6, 2.325e-7, -1.402e-6, -1.257e-6, 1.451e-7, -1.540e-6, -1.289e-6, 2.503e-7, -1.425e-6, -1.264e-6, 1.612e-7, -1.394e-6, -1.149e-6, 2.449e-7, -1.202e-6, -1.075e-6, 1.274e-7, -9.782e-7, -8.276e-7, 1.506e-7
