0.896, 9.900e-6, -5.407e-6, -1.531e-5, 1.624e-5, -8.027e-6, -2.427e-5, 9.772e-6, -5.299e-6, -1.507e-5, 1.530e-5, -7.603e-6, -2.291e-5, 9.731e-6, -5.534e-6, -1.527e-5, 1.444e-5, -7.730e-6, -2.217e-5, 9.380e-6, -5.378e-6, -1.476e-5, 1.336e-5, -7.283e-6, -2.064e-5
0.892, 8.563e-6, -3.691e-6, -1.225e-5, 1.428e-5, -5.260e-6, -1.954e-5, 8.468e-6, -3.587e-6, -1.206e-5, 1.345e-5, -4.970e-6, -1.842e-5, 8.504e-6, -3.720e-6, -1.222e-5, 1.277e-5, -5.022e-6, -1.780e-5, 8.203e-6, -3.604e-6, -1.181e-5, 1.175e-5, -4.757e-6, -1.651e-5
0.888, 7.460e-6, -2.674e-6, -1.013e-5, 1.256e-5, -3.736e-6, -1.630e-5, 7.381e-6, -2.579e-6, -9.960e-6, 1.182e-5, -3.518e-6, -1.534e-5, 7.448e-6, -2.688e-6, -1.014e-5, 1.127e-5, -3.566e-6, -1.484e-5, 7.190e-6, -2.606e-6, -9.796e-6, 1.034e-5, -3.400e-6, -1.374e-5
0.884, 6.606e-6, -1.955e-6, -8.561e-6, 1.120e-5, -2.679e-6, -1.388e-5, 6.533e-6, -1.870e-6, -8.403e-6, 1.053e-5, -2.511e-6, -1.304e-5, 6.619e-6, -1.968e-6, -8.587e-6, 1.008e-5, -2.569e-6, -1.265e-5, 6.393e-6, -1.912e-6, -8.305e-6, 9.216e-6, -2.472e-6, -1.169e-5
0.880, 5.933e-6, -1.408e-6, -7.341e-6, 1.011e-5, -1.874e-6, -1.199e-5, 5.863e-6, -1.331e-6, -7.194e-6, 9.494e-6, -1.747e-6, -1.124e-5, 5.959e-6, -1.423e-6, -7.382e-6, 9.112e-6, -1.817e-6, -1.093e-5, 5.756e-6, -1.387e-6, -7.143e-6, 8.318e-6, -1.774e-6, -1.009e-5
0.876, 5.396e-6, -9.727e-7, -6.368e-6, 9.233e-6, -1.229e-6, -1.046e-5, 5.327e-6, -9.033e-7, -6.230e-6, 8.659e-6, -1.137e-6, -9.795e-6, 5.427e-6, -9.904e-7, -6.417e-6, 8.326e-6, -1.218e-6, -9.545e-6, 5.244e-6, -9.698e-7, -6.214e-6, 7.589e-6, -1.220e-6, -8.809e-6
0.872, 4.954e-6, -6.134e-7, -5.568e-6, 8.508e-6, -6.922e-7, -9.200e-6, 4.886e-6, -5.509e-7, -5.437e-6, 7.968e-6, -6.302e-7, -8.598e-6, 4.987e-6, -6.338e-7, -5.620e-6, 7.674e-6, -7.232e-7, -8.397e-6, 4.817e-6, -6.273e-7, -5.444e-6, 6.984e-6, -7.618e-7, -7.746e-6
0.868, 4.593e-6, -3.097e-7, -4.903e-6, 7.904e-6, -2.353e-7, -8.140e-6, 4.525e-6, -2.531e-7, -4.778e-6, 7.394e-6, -2.000e-7, -7.594e-6, 4.622e-6, -3.335e-7, -4.955e-6, 7.129e-6, -3.040e-7, -7.433e-6, 4.464e-6, -3.382e-7, -4.802e-6, 6.479e-6, -3.740e-7, -6.853e-6
0.864, 4.292e-6, -4.622e-8, -4.338e-6, 7.397e-6, 1.634e-7, -7.233e-6, 4.224e-6, 4.059e-9, -4.220e-6, 6.912e-6, 1.751e-7, -6.737e-6, 4.317e-6, -7.382e-8, -4.390e-6, 6.670e-6, 5.952e-8, -6.610e-6, 4.167e-6, -8.874e-8, -4.256e-6, 6.054e-6, -3.885e-8, -6.093e-6
0.860, 4.039e-6, 1.864e-7, -3.853e-6, 6.964e-6, 5.154e-7, -6.449e-6, 3.971e-6, 2.305e-7, -3.741e-6, 6.501e-6, 5.045e-7, -5.996e-6, 4.058e-6, 1.543e-7, -3.903e-6, 6.276e-6, 3.791e-7, -5.897e-6, 3.915e-6, 1.307e-7, -3.784e-6, 5.691e-6, 2.576e-7, -5.433e-6
0.856, 3.826e-6, 3.937e-7, -3.433e-6, 6.589e-6, 8.283e-7, -5.760e-6, 3.759e-6, 4.326e-7, -3.327e-6, 6.145e-6, 7.979e-7, -5.347e-6, 3.839e-6, 3.578e-7, -3.482e-6, 5.937e-6, 6.643e-7, -5.273e-6, 3.702e-6, 3.256e-7, -3.376e-6, 5.379e-6, 5.201e-7, -4.859e-6
0.852, 3.640e-6, 5.772e-7, -3.063e-6, 6.251e-6, 1.102e-6, -5.149e-6, 3.574e-6, 6.114e-7, -2.963e-6, 5.829e-6, 1.055e-6, -4.774e-6, 3.649e-6, 5.380e-7, -3.111e-6, 5.637e-6, 9.151e-7, -4.722e-6, 3.516e-6, 4.988e-7, -3.017e-6, 5.102e-6, 7.530e-7, -4.349e-6
0.848, 3.478e-6, 7.423e-7, -2.736e-6, 5.946e-6, 1.344e-6, -4.603e-6, 3.413e-6, 7.724e-7, -2.640e-6, 5.544e-6, 1.283e-6, -4.261e-6, 3.482e-6, 7.000e-7, -2.782e-6, 5.367e-6, 1.138e-6, -4.229e-6, 3.353e-6, 6.545e-7, -2.698e-6, 4.856e-6, 9.606e-7, -3.895e-6
0.844, 3.337e-6, 8.916e-7, -2.446e-6, 5.669e-6, 1.555e-6, -4.115e-6, 3.274e-6, 9.183e-7, -2.356e-6, 5.286e-6, 1.483e-6, -3.803e-6, 3.337e-6, 8.463e-7, -2.491e-6, 5.125e-6, 1.336e-6, -3.789e-6, 3.212e-6, 7.953e-7, -2.416e-6, 4.637e-6, 1.145e-6, -3.491e-6
0.840, 3.205e-6, 1.022e-6, -2.183e-6, 5.401e-6, 1.734e-6, -3.667e-6, 3.145e-6, 1.046e-6, -2.099e-6, 5.040e-6, 1.653e-6, -3.387e-6, 3.204e-6, 9.758e-7, -2.228e-6, 4.895e-6, 1.505e-6, -3.389e-6, 3.081e-6, 9.199e-7, -2.161e-6, 4.428e-6, 1.305e-6, -3.124e-6
0.836, 3.081e-6, 1.137e-6, -1.945e-6, 5.143e-6, 1.883e-6, -3.260e-6, 3.024e-6, 1.158e-6, -1.867e-6, 4.802e-6, 1.795e-6, -3.007e-6, 3.079e-6, 1.089e-6, -1.990e-6, 4.673e-6, 1.649e-6, -3.024e-6, 2.960e-6, 1.029e-6, -1.931e-6, 4.230e-6, 1.441e-6, -2.789e-6
0.832, 2.966e-6, 1.237e-6, -1.730e-6, 4.895e-6, 2.006e-6, -2.889e-6, 2.912e-6, 1.256e-6, -1.656e-6, 4.574e-6, 1.913e-6, -2.661e-6, 2.964e-6, 1.188e-6, -1.775e-6, 4.461e-6, 1.770e-6, -2.691e-6, 2.849e-6, 1.126e-6, -1.723e-6, 4.041e-6, 1.557e-6, -2.484e-6
0.828, 2.854e-6, 1.322e-6, -1.532e-6, 4.649e-6, 2.101e-6, -2.548e-6, 2.803e-6, 1.340e-6, -1.463e-6, 4.350e-6, 2.006e-6, -2.344e-6, 2.852e-6, 1.274e-6, -1.578e-6, 4.252e-6, 1.866e-6, -2.385e-6, 2.741e-6, 1.209e-6, -1.532e-6, 3.856e-6, 1.652e-6, -2.204e-6
0.824, 2.745e-6, 1.395e-6, -1.350e-6, 4.408e-6, 2.174e-6, -2.234e-6, 2.696e-6, 1.411e-6, -1.285e-6, 4.129e-6, 2.077e-6, -2.051e-6, 2.743e-6, 1.346e-6, -1.397e-6, 4.046e-6, 1.942e-6, -2.104e-6, 2.637e-6, 1.280e-6, -1.357e-6, 3.677e-6, 1.730e-6, -1.947e-6
0.820, 2.635e-6, 1.454e-6, -1.181e-6, 4.169e-6, 2.224e-6, -1.945e-6, 2.590e-6, 1.468e-6, -1.121e-6, 3.910e-6, 2.128e-6, -1.783e-6, 2.635e-6, 1.405e-6, -1.230e-6, 3.842e-6, 1.998e-6, -1.845e-6, 2.533e-6, 1.338e-6, -1.195e-6, 3.498e-6, 1.788e-6, -1.710e-6
0.816, 2.528e-6, 1.503e-6, -1.025e-6, 3.936e-6, 2.257e-6, -1.679e-6, 2.484e-6, 1.514e-6, -9.698e-7, 3.696e-6, 2.160e-6, -1.536e-6, 2.530e-6, 1.454e-6, -1.076e-6, 3.643e-6, 2.037e-6, -1.607e-6, 2.432e-6, 1.386e-6, -1.046e-6, 3.324e-6, 1.832e-6, -1.492e-6
0.812, 2.423e-6, 1.539e-6, -8.834e-7, 3.709e-6, 2.272e-6, -1.437e-6, 2.380e-6, 1.549e-6, -8.312e-7, 3.487e-6, 2.177e-6, -1.310e-6, 2.426e-6, 1.491e-6, -9.352e-7, 3.449e-6, 2.061e-6, -1.388e-6, 2.335e-6, 1.425e-6, -9.107e-7, 3.155e-6, 1.862e-6, -1.293e-6
0.808, 2.317e-6, 1.566e-6, -7.508e-7, 3.488e-6, 2.275e-6, -1.214e-6, 2.275e-6, 1.573e-6, -7.020e-7, 3.283e-6, 2.180e-6, -1.103e-6, 2.324e-6, 1.518e-6, -8.056e-7, 3.260e-6, 2.071e-6, -1.189e-6, 2.238e-6, 1.453e-6, -7.853e-7, 2.990e-6, 1.880e-6, -1.110e-6
0.804, 2.212e-6, 1.583e-6, -6.289e-7, 3.274e-6, 2.264e-6, -1.010e-6, 2.172e-6, 1.587e-6, -5.846e-7, 3.084e-6, 2.170e-6, -9.137e-7, 2.221e-6, 1.535e-6, -6.857e-7, 3.075e-6, 2.069e-6, -1.006e-6, 2.142e-6, 1.472e-6, -6.697e-7, 2.830e-6, 1.887e-6, -9.428e-7
0.800, 2.109e-6, 1.591e-6, -5.175e-7, 3.069e-6, 2.242e-6, -8.271e-7, 2.069e-6, 1.593e-6, -4.768e-7, 2.893e-6, 2.151e-6, -7.428e-7, 2.122e-6, 1.545e-6, -5.769e-7, 2.899e-6, 2.058e-6, -8.410e-7, 2.049e-6, 1.484e-6, -5.649e-7, 2.674e-6, 1.884e-6, -7.903e-7
0.796, 2.009e-6, 1.593e-6, -4.163e-7, 2.876e-6, 2.214e-6, -6.618e-7, 1.970e-6, 1.591e-6, -3.794e-7, 2.713e-6, 2.123e-6, -5.897e-7, 2.027e-6, 1.549e-6, -4.784e-7, 2.731e-6, 2.039e-6, -6.919e-7, 1.959e-6, 1.489e-6, -4.695e-7, 2.528e-6, 1.875e-6, -6.533e-7
0.792, 1.914e-6, 1.589e-6, -3.247e-7, 2.693e-6, 2.178e-6, -5.146e-7, 1.875e-6, 1.583e-6, -2.916e-7, 2.543e-6, 2.089e-6, -4.540e-7, 1.936e-6, 1.546e-6, -3.896e-7, 2.575e-6, 2.015e-6, -5.599e-7, 1.874e-6, 1.490e-6, -3.841e-7, 2.390e-6, 1.858e-6, -5.313e-7
0.788, 1.821e-6, 1.578e-6, -2.425e-7, 2.522e-6, 2.137e-6, -3.850e-7, 1.782e-6, 1.570e-6, -2.126e-7, 2.382e-6, 2.048e-6, -3.337e-7, 1.847e-6, 1.538e-6, -3.094e-7, 2.425e-6, 1.983e-6, -4.422e-7, 1.791e-6, 1.484e-6, -3.066e-7, 2.258e-6, 1.835e-6, -4.229e-7
0.784, 1.733e-6, 1.564e-6, -1.692e-7, 2.363e-6, 2.092e-6, -2.716e-7, 1.694e-6, 1.552e-6, -1.425e-7, 2.232e-6, 2.004e-6, -2.287e-7, 1.764e-6, 1.525e-6, -2.382e-7, 2.287e-6, 1.948e-6, -3.391e-7, 1.712e-6, 1.474e-6, -2.380e-7, 2.136e-6, 1.809e-6, -3.270e-7
0.780, 1.650e-6, 1.546e-6, -1.045e-7, 2.217e-6, 2.042e-6, -1.750e-7, 1.611e-6, 1.530e-6, -8.134e-8, 2.095e-6, 1.955e-6, -1.394e-7, 1.686e-6, 1.509e-6, -1.764e-7, 2.159e-6, 1.908e-6, -2.508e-7, 1.638e-6, 1.460e-6, -1.778e-7, 2.021e-6, 1.777e-6, -2.439e-7
0.776, 1.572e-6, 1.524e-6, -4.863e-8, 2.083e-6, 1.992e-6, -9.113e-8, 1.532e-6, 1.504e-6, -2.760e-8, 1.966e-6, 1.905e-6, -6.137e-8, 1.611e-6, 1.490e-6, -1.216e-7, 2.040e-6, 1.866e-6, -1.737e-7, 1.567e-6, 1.443e-6, -1.246e-7, 1.915e-6, 1.743e-6, -1.722e-7
0.772, 1.498e-6, 1.499e-6, 1.176e-9, 1.957e-6, 1.939e-6, -1.890e-8, 1.458e-6, 1.477e-6, 1.881e-8, 1.847e-6, 1.852e-6, 4.894e-9, 1.540e-6, 1.466e-6, -7.374e-8, 1.929e-6, 1.822e-6, -1.069e-7, 1.500e-6, 1.422e-6, -7.830e-8, 1.815e-6, 1.705e-6, -1.101e-7
0.768, 1.428e-6, 1.471e-6, 4.337e-8, 1.844e-6, 1.885e-6, 4.095e-8, 1.388e-6, 1.446e-6, 5.779e-8, 1.739e-6, 1.799e-6, 5.947e-8, 1.474e-6, 1.441e-6, -3.322e-8, 1.828e-6, 1.776e-6, -5.248e-8, 1.438e-6, 1.399e-6, -3.902e-8, 1.723e-6, 1.666e-6, -5.722e-8
0.764, 1.363e-6, 1.441e-6, 7.867e-8, 1.740e-6, 1.830e-6, 9.006e-8, 1.322e-6, 1.413e-6, 9.064e-8, 1.640e-6, 1.744e-6, 1.043e-7, 1.412e-6, 1.413e-6, 1.184e-9, 1.735e-6, 1.729e-6, -6.084e-9, 1.379e-6, 1.373e-6, -5.469e-9, 1.637e-6, 1.624e-6, -1.309e-8
0.760, 1.301e-6, 1.410e-6, 1.090e-7, 1.645e-6, 1.776e-6, 1.305e-7, 1.262e-6, 1.380e-6, 1.178e-7, 1.549e-6, 1.690e-6, 1.410e-7, 1.354e-6, 1.384e-6, 3.049e-8, 1.650e-6, 1.682e-6, 3.198e-8, 1.323e-6, 1.346e-6, 2.257e-8, 1.560e-6, 1.583e-6, 2.286e-8
0.756, 1.243e-6, 1.377e-6, 1.340e-7, 1.558e-6, 1.721e-6, 1.632e-7, 1.204e-6, 1.344e-6, 1.404e-7, 1.464e-6, 1.635e-6, 1.707e-7, 1.298e-6, 1.353e-6, 5.425e-8, 1.570e-6, 1.633e-6, 6.344e-8, 1.270e-6, 1.316e-6, 4.647e-8, 1.487e-6, 1.539e-6, 5.282e-8
0.752, 1.190e-6, 1.344e-6, 1.540e-7, 1.480e-6, 1.668e-6, 1.886e-7, 1.150e-6, 1.308e-6, 1.580e-7, 1.389e-6, 1.582e-6, 1.932e-7, 1.247e-6, 1.321e-6, 7.384e-8, 1.499e-6, 1.586e-6, 8.737e-8, 1.222e-6, 1.287e-6, 6.553e-8, 1.420e-6, 1.497e-6, 7.697e-8
0.748, 1.141e-6, 1.310e-6, 1.692e-7, 1.409e-6, 1.617e-6, 2.078e-7, 1.101e-6, 1.272e-6, 1.713e-7, 1.321e-6, 1.531e-6, 2.097e-7, 1.201e-6, 1.290e-6, 8.842e-8, 1.434e-6, 1.540e-6, 1.061e-7, 1.177e-6, 1.257e-6, 8.036e-8, 1.360e-6, 1.455e-6, 9.481e-8
0.744, 1.095e-6, 1.276e-6, 1.814e-7, 1.344e-6, 1.567e-6, 2.222e-7, 1.055e-6, 1.237e-6, 1.816e-7, 1.258e-6, 1.481e-6, 2.224e-7, 1.157e-6, 1.257e-6, 1.006e-7, 1.374e-6, 1.495e-6, 1.209e-7, 1.135e-6, 1.226e-6, 9.162e-8, 1.305e-6, 1.414e-6, 1.091e-7
0.740, 1.053e-6, 1.242e-6, 1.899e-7, 1.287e-6, 1.518e-6, 2.314e-7, 1.014e-6, 1.202e-6, 1.879e-7, 1.203e-6, 1.432e-6, 2.296e-7, 1.117e-6, 1.225e-6, 1.085e-7, 1.321e-6, 1.452e-6, 1.307e-7, 1.096e-6, 1.195e-6, 9.954e-8, 1.256e-6, 1.374e-6, 1.181e-7
0.736, 1.013e-6, 1.209e-6, 1.958e-7, 1.234e-6, 1.471e-6, 2.377e-7, 9.750e-7, 1.167e-6, 1.921e-7, 1.152e-6, 1.386e-6, 2.339e-7, 1.079e-6, 1.193e-6, 1.142e-7, 1.272e-6, 1.409e-6, 1.366e-7, 1.059e-6, 1.165e-6, 1.057e-7, 1.209e-6, 1.334e-6, 1.249e-7
0.732, 9.763e-7, 1.175e-6, 1.989e-7, 1.187e-6, 1.427e-6, 2.396e-7, 9.385e-7, 1.132e-6, 1.938e-7, 1.106e-6, 1.341e-6, 2.348e-7, 1.044e-6, 1.161e-6, 1.173e-7, 1.229e-6, 1.368e-6, 1.396e-7, 1.026e-6, 1.135e-6, 1.086e-7, 1.168e-6, 1.296e-6, 1.280e-7
0.728, 9.431e-7, 1.143e-6, 2.000e-7, 1.145e-6, 1.384e-6, 2.392e-7, 9.058e-7, 1.099e-6, 1.936e-7, 1.065e-6, 1.298e-6, 2.336e-7, 1.012e-6, 1.131e-6, 1.184e-7, 1.190e-6, 1.329e-6, 1.399e-7, 9.949e-7, 1.105e-6, 1.098e-7, 1.130e-6, 1.259e-6, 1.289e-7
0.724, 9.111e-7, 1.110e-6, 1.991e-7, 1.106e-6, 1.342e-6, 2.363e-7, 8.748e-7, 1.066e-6, 1.917e-7, 1.027e-6, 1.257e-6, 2.296e-7, 9.820e-7, 1.100e-6, 1.176e-7, 1.154e-6, 1.291e-6, 1.376e-7, 9.657e-7, 1.075e-6, 1.093e-7, 1.096e-6, 1.223e-6, 1.273e-7
0.720, 8.823e-7, 1.079e-6, 1.965e-7, 1.070e-6, 1.303e-6, 2.321e-7, 8.461e-7, 1.034e-6, 1.883e-7, 9.928e-7, 1.218e-6, 2.254e-7, 9.535e-7, 1.070e-6, 1.161e-7, 1.120e-6, 1.255e-6, 1.346e-7, 9.389e-7, 1.046e-6, 1.074e-7, 1.064e-6, 1.189e-6, 1.248e-7
0.716, 8.548e-7, 1.048e-6, 1.928e-7, 1.039e-6, 1.264e-6, 2.247e-7, 8.205e-7, 1.004e-6, 1.831e-7, 9.628e-7, 1.180e-6, 2.174e-7, 9.292e-7, 1.041e-6, 1.118e-7, 1.092e-6, 1.220e-6, 1.285e-7, 9.147e-7, 1.018e-6, 1.035e-7, 1.037e-6, 1.157e-6, 1.195e-7
0.712, 8.291e-7, 1.017e-6, 1.876e-7, 1.009e-6, 1.226e-6, 2.172e-7, 7.950e-7, 9.727e-7, 1.777e-7, 9.337e-7, 1.143e-6, 2.095e-7, 9.048e-7, 1.012e-6, 1.069e-7, 1.064e-6, 1.186e-6, 1.225e-7, 8.912e-7, 9.905e-7, 9.929e-8, 1.011e-6, 1.125e-6, 1.138e-7
0.708, 8.053e-7, 9.869e-7, 1.816e-7, 9.827e-7, 1.191e-6, 2.080e-7, 7.722e-7, 9.435e-7, 1.713e-7, 9.079e-7, 1.109e-6, 2.006e-7, 8.821e-7, 9.837e-7, 1.017e-7, 1.039e-6, 1.154e-6, 1.148e-7, 8.699e-7, 9.638e-7, 9.391e-8, 9.865e-7, 1.094e-6, 1.074e-7
0.704, 7.823e-7, 9.572e-7, 1.750e-7, 9.553e-7, 1.154e-6, 1.988e-7, 7.503e-7, 9.142e-7, 1.639e-7, 8.827e-7, 1.074e-6, 1.914e-7, 8.611e-7, 9.564e-7, 9.529e-8, 1.016e-6, 1.123e-6, 1.062e-7, 8.494e-7, 9.380e-7, 8.854e-8, 9.648e-7, 1.064e-6, 9.960e-8
0.700, 7.598e-7, 9.277e-7, 1.679e-7, 9.301e-7, 1.118e-6, 1.882e-7, 7.294e-7, 8.858e-7, 1.564e-7, 8.584e-7, 1.040e-6, 1.814e-7, 8.410e-7, 9.292e-7, 8.821e-8, 9.932e-7, 1.091e-6, 9.787e-8, 8.303e-7, 9.119e-7, 8.159e-8, 9.433e-7, 1.035e-6, 9.139e-8
0.696, 7.397e-7, 8.998e-7, 1.600e-7, 9.075e-7, 1.084e-6, 1.768e-7, 7.102e-7, 8.588e-7, 1.487e-7, 8.371e-7, 1.007e-6, 1.701e-7, 8.222e-7, 9.029e-7, 8.078e-8, 9.729e-7, 1.061e-6, 8.784e-8, 8.122e-7, 8.869e-7, 7.474e-8, 9.239e-7, 1.007e-6, 8.302e-8
0.692, 7.208e-7, 8.725e-7, 1.518e-7, 8.847e-7, 1.050e-6, 1.658e-7, 6.921e-7, 8.324e-7, 1.403e-7, 8.154e-7, 9.751e-7, 1.597e-7, 8.036e-7, 8.771e-7, 7.352e-8, 9.529e-7, 1.031e-6, 7.836e-8, 7.947e-7, 8.623e-7, 6.763e-8, 9.058e-7, 9.791e-7, 7.326e-8
0.688, 7.025e-7, 8.460e-7, 1.434e-7, 8.643e-7, 1.018e-6, 1.539e-7, 6.753e-7, 8.075e-7, 1.322e-7, 7.969e-7, 9.451e-7, 1.482e-7, 7.870e-7, 8.528e-7, 6.582e-8, 9.350e-7, 1.003e-6, 6.807e-8, 7.792e-7, 8.390e-7, 5.987e-8, 8.880e-7, 9.530e-7, 6.508e-8
0.684, 6.852e-7, 8.202e-7, 1.350e-7, 8.440e-7, 9.862e-7, 1.423e-7, 6.596e-7, 7.831e-7, 1.235e-7, 7.779e-7, 9.152e-7, 1.373e-7, 7.707e-7, 8.283e-7, 5.766e-8, 9.163e-7, 9.741e-7, 5.776e-8, 7.629e-7, 8.153e-7, 5.247e-8, 8.707e-7, 9.260e-7, 5.530e-8
0.680, 6.683e-7, 7.955e-7, 1.272e-7, 8.244e-7, 9.559e-7, 1.316e-7, 6.441e-7, 7.601e-7, 1.160e-7, 7.592e-7, 8.869e-7, 1.277e-7, 7.543e-7, 8.049e-7, 5.059e-8, 8.987e-7, 9.474e-7, 4.866e-8, 7.477e-7, 7.930e-7, 4.532e-8, 8.540e-7, 9.009e-7, 4.694e-8
0.676, 6.540e-7, 7.721e-7, 1.181e-7, 8.076e-7, 9.278e-7, 1.202e-7, 6.314e-7, 7.387e-7, 1.073e-7, 7.444e-7, 8.611e-7, 1.167e-7, 7.406e-7, 7.833e-7, 4.265e-8, 8.824e-7, 9.211e-7, 3.869e-8, 7.346e-7, 7.721e-7, 3.756e-8, 8.399e-7, 8.770e-7, 3.706e-8
0.672, 6.396e-7, 7.498e-7, 1.102e-7, 7.912e-7, 9.007e-7, 1.095e-7, 6.190e-7, 7.184e-7, 9.940e-8, 7.291e-7, 8.356e-7, 1.065e-7, 7.271e-7, 7.616e-7, 3.453e-8, 8.671e-7, 8.962e-7, 2.919e-8, 7.215e-7, 7.515e-7, 2.995e-8, 8.248e-7, 8.534e-7, 2.859e-8
0.668, 6.286e-7, 7.301e-7, 1.015e-7, 7.775e-7, 8.762e-7, 9.870e-8, 6.081e-7, 6.994e-7, 9.132e-8, 7.162e-7, 8.127e-7, 9.651e-8, 7.148e-7, 7.418e-7, 2.693e-8, 8.534e-7, 8.734e-7, 1.997e-8, 7.101e-7, 7.329e-7, 2.282e-8, 8.121e-7, 8.319e-7, 1.978e-8
0.664, 6.165e-7, 7.098e-7, 9.332e-8, 7.639e-7, 8.520e-7, 8.811e-8, 5.976e-7, 6.812e-7, 8.361e-8, 7.040e-7, 7.910e-7, 8.697e-8, 7.038e-7, 7.230e-7, 1.922e-8, 8.402e-7, 8.504e-7, 1.014e-8, 6.992e-7, 7.144e-7, 1.519e-8, 8.001e-7, 8.110e-7, 1.086e-8
0.660, 6.058e-7, 6.916e-7, 8.581e-8, 7.519e-7, 8.304e-7, 7.850e-8, 5.882e-7, 6.648e-7, 7.663e-8, 6.925e-7, 7.711e-7, 7.861e-8, 6.923e-7, 7.046e-7, 1.231e-8, 8.272e-7, 8.298e-7, 2.605e-9, 6.890e-7, 6.974e-7, 8.457e-9, 7.884e-7, 7.917e-7, 3.222e-9
0.656, 5.977e-7, 6.753e-7, 7.763e-8, 7.417e-7, 8.105e-7, 6.874e-8, 5.805e-7, 6.496e-7, 6.909e-8, 6.837e-7, 7.529e-7, 6.924e-8, 6.842e-7, 6.889e-7, 4.756e-9, 8.176e-7, 8.108e-7, -6.804e-9, 6.804e-7, 6.819e-7, 1.509e-9, 7.796e-7, 7.740e-7, -5.596e-9
0.652, 5.889e-7, 6.595e-7, 7.064e-8, 7.317e-7, 7.916e-7, 5.996e-8, 5.739e-7, 6.360e-7, 6.214e-8, 6.746e-7, 7.361e-7, 6.147e-8, 6.751e-7, 6.737e-7, -1.424e-9, 8.078e-7, 7.930e-7, -1.485e-8, 6.721e-7, 6.668e-7, -5.301e-9, 7.695e-7, 7.568e-7, -1.274e-8
0.648, 5.808e-7, 6.448e-7, 6.396e-8, 7.226e-7, 7.746e-7, 5.203e-8, 5.673e-7, 6.230e-7, 5.574e-8, 6.660e-7, 7.206e-7, 5.458e-8, 6.679e-7, 6.592e-7, -8.736e-9, 7.981e-7, 7.766e-7, -2.148e-8, 6.646e-7, 6.533e-7, -1.134e-8, 7.610e-7, 7.416e-7, -1.936e-8
0.644, 5.745e-7, 6.315e-7, 5.705e-8, 7.135e-7, 7.581e-7, 4.465e-8, 5.608e-7, 6.110e-7, 5.025e-8, 6.576e-7, 7.059e-7, 4.829e-8, 6.606e-7, 6.462e-7, -1.438e-8, 7.896e-7, 7.612e-7, -2.840e-8, 6.578e-7, 6.407e-7, -1.706e-8, 7.533e-7, 7.274e-7, -2.588e-8
0.640, 5.690e-7, 6.192e-7, 5.023e-8, 7.058e-7, 7.428e-7, 3.701e-8, 5.563e-7, 6.002e-7, 4.388e-8, 6.512e-7, 6.927e-7, 4.155e-8, 6.546e-7, 6.342e-7, -2.042e-8, 7.828e-7, 7.469e-7, -3.586e-8, 6.534e-7, 6.295e-7, -2.383e-8, 7.468e-7, 7.139e-7, -3.289e-8
0.636, 5.635e-7, 6.071e-7, 4.358e-8, 6.978e-7, 7.277e-7, 2.988e-8, 5.516e-7, 5.899e-7, 3.832e-8, 6.443e-7, 6.798e-7, 3.543e-8, 6.488e-7, 6.225e-7, -2.631e-8, 7.753e-7, 7.334e-7, -4.193e-8, 6.474e-7, 6.182e-7, -2.918e-8, 7.400e-7, 7.011e-7, -3.886e-8
0.632, 5.571e-7, 5.957e-7, 3.854e-8, 6.895e-7, 7.134e-7, 2.387e-8, 5.465e-7, 5.802e-7, 3.368e-8, 6.372e-7, 6.672e-7, 2.997e-8, 6.437e-7, 6.119e-7, -3.178e-8, 7.684e-7, 7.205e-7, -4.789e-8, 6.421e-7, 6.082e-7, -3.390e-8, 7.336e-7, 6.890e-7, -4.457e-8
0.628, 5.514e-7, 5.848e-7, 3.336e-8, 6.814e-7, 6.993e-7, 1.789e-8, 5.419e-7, 5.708e-7, 2.888e-8, 6.304e-7, 6.555e-7, 2.515e-8, 6.383e-7, 6.019e-7, -3.644e-8, 7.610e-7, 7.076e-7, -5.348e-8, 6.369e-7, 5.979e-7, -3.894e-8, 7.272e-7, 6.776e-7, -4.963e-8
0.624, 5.479e-7, 5.756e-7, 2.766e-8, 6.753e-7, 6.874e-7, 1.215e-8, 5.379e-7, 5.626e-7, 2.477e-8, 6.244e-7, 6.451e-7, 2.071e-8, 6.337e-7, 5.925e-7, -4.119e-8, 7.549e-7, 6.966e-7, -5.837e-8, 6.330e-7, 5.894e-7, -4.363e-8, 7.220e-7, 6.671e-7, -5.485e-8
0.620, 5.426e-7, 5.654e-7, 2.273e-8, 6.687e-7, 6.752e-7, 6.469e-9, 5.337e-7, 5.540e-7, 2.029e-8, 6.183e-7, 6.343e-7, 1.602e-8, 6.290e-7, 5.830e-7, -4.600e-8, 7.483e-7, 6.847e-7, -6.361e-8, 6.284e-7, 5.799e-7, -4.846e-8, 7.164e-7, 6.566e-7, -5.977e-8
0.616, 5.388e-7, 5.567e-7, 1.783e-8, 6.621e-7, 6.635e-7, 1.480e-9, 5.297e-7, 5.463e-7, 1.658e-8, 6.127e-7, 6.245e-7, 1.184e-8, 6.249e-7, 5.747e-7, -5.021e-8, 7.426e-7, 6.742e-7, -6.847e-8, 6.245e-7, 5.721e-7, -5.240e-8, 7.111e-7, 6.465e-7, -6.456e-8
0.612, 5.342e-7, 5.478e-7, 1.359e-8, 6.563e-7, 6.526e-7, -3.727e-9, 5.263e-7, 5.385e-7, 1.221e-8, 6.071e-7, 6.147e-7, 7.630e-9, 6.210e-7, 5.658e-7, -5.521e-8, 7.372e-7, 6.635e-7, -7.375e-8, 6.205e-7, 5.637e-7, -5.680e-8, 7.061e-7, 6.363e-7, -6.976e-8
0.608, 5.303e-7, 5.396e-7, 9.354e-9, 6.497e-7, 6.422e-7, -7.535e-9, 5.219e-7, 5.314e-7, 9.501e-9, 6.014e-7, 6.056e-7, 4.225e-9, 6.164e-7, 5.573e-7, -5.906e-8, 7.316e-7, 6.540e-7, -7.754e-8, 6.159e-7, 5.555e-7, -6.038e-8, 7.004e-7, 6.269e-7, -7.348e-8
0.604, 5.264e-7, 5.311e-7, 4.699e-9, 6.447e-7, 6.326e-7, -1.212e-8, 5.182e-7, 5.240e-7, 5.771e-9, 5.968e-7, 5.969e-7, 1.016e-10, 6.123e-7, 5.496e-7, -6.274e-8, 7.276e-7, 6.447e-7, -8.293e-8, 6.117e-7, 5.477e-7, -6.402e-8, 6.955e-7, 6.174e-7, -7.804e-8
0.600, 5.239e-7, 5.246e-7, 6.734e-10, 6.407e-7, 6.238e-7, -1.696e-8, 5.156e-7, 5.180e-7, 2.425e-9, 5.927e-7, 5.895e-7, -3.225e-9, 6.093e-7, 5.426e-7, -6.667e-8, 7.238e-7, 6.367e-7, -8.712e-8, 6.095e-7, 5.413e-7, -6.819e-8, 6.913e-7, 6.093e-7, -8.194e-8
0.596, 5.202e-7, 5.169e-7, -3.283e-9, 6.367e-7, 6.152e-7, -2.155e-8, 5.124e-7, 5.115e-7, -9.016e-10, 5.884e-7, 5.812e-7, -7.201e-9, 6.057e-7, 5.349e-7, -7.079e-8, 7.187e-7, 6.267e-7, -9.208e-8, 6.056e-7, 5.339e-7, -7.168e-8, 6.868e-7, 6.005e-7, -8.632e-8
0.592, 5.175e-7, 5.104e-7, -7.101e-9, 6.338e-7, 6.077e-7, -2.609e-8, 5.100e-7, 5.058e-7, -4.189e-9, 5.862e-7, 5.749e-7, -1.132e-8, 6.033e-7, 5.288e-7, -7.442e-8, 7.153e-7, 6.196e-7, -9.572e-8, 6.023e-7, 5.271e-7, -7.529e-8, 6.833e-7, 5.934e-7, -8.993e-8
0.588, 5.158e-7, 5.048e-7, -1.096e-8, 6.314e-7, 6.012e-7, -3.023e-8, 5.083e-7, 5.013e-7, -7.043e-9, 5.833e-7, 5.688e-7, -1.449e-8, 6.007e-7, 5.227e-7, -7.802e-8, 7.120e-7, 6.123e-7, -9.970e-8, 6.002e-7, 5.216e-7, -7.858e-8, 6.804e-7, 5.861e-7, -9.433e-8
0.584, 5.137e-7, 4.989e-7, -1.483e-8, 6.289e-7, 5.946e-7, -3.429e-8, 5.061e-7, 4.959e-7, -1.024e-8, 5.802e-7, 5.629e-7, -1.735e-8, 5.983e-7, 5.169e-7, -8.138e-8, 7.097e-7, 6.057e-7, -1.040e-7, 5.976e-7, 5.153e-7, -8.223e-8, 6.773e-7, 5.797e-7, -9.753e-8
0.580, 5.120e-7, 4.938e-7, -1.828e-8, 6.265e-7, 5.886e-7, -3.792e-8, 5.045e-7, 4.912e-7, -1.334e-8, 5.778e-7, 5.573e-7, -2.052e-8, 5.960e-7, 5.114e-7, -8.457e-8, 7.070e-7, 5.990e-7, -1.080e-7, 5.953e-7, 5.102e-7, -8.511e-8, 6.744e-7, 5.731e-7, -1.012e-7
0.576, 5.114e-7, 4.891e-7, -2.233e-8, 6.252e-7, 5.825e-7, -4.266e-8, 5.033e-7, 4.869e-7, -1.647e-8, 5.774e-7, 5.526e-7, -2.478e-8, 5.946e-7, 5.060e-7, -8.862e-8, 7.054e-7, 5.928e-7, -1.126e-7, 5.935e-7, 5.047e-7, -8.873e-8, 6.730e-7, 5.673e-7, -1.057e-7
0.572, 5.105e-7, 4.846e-7, -2.588e-8, 6.231e-7, 5.772e-7, -4.593e-8, 5.021e-7, 4.828e-7, -1.927e-8, 5.757e-7, 5.478e-7, -2.790e-8, 5.932e-7, 5.016e-7, -9.157e-8, 7.036e-7, 5.879e-7, -1.157e-7, 5.925e-7, 5.007e-7, -9.186e-8, 6.710e-7, 5.625e-7, -1.085e-7
0.568, 5.089e-7, 4.797e-7, -2.914e-8, 6.216e-7, 5.713e-7, -5.025e-8, 5.007e-7, 4.783e-7, -2.239e-8, 5.737e-7, 5.423e-7, -3.138e-8, 5.921e-7, 4.964e-7, -9.572e-8, 7.021e-7, 5.820e-7, -1.201e-7, 5.904e-7, 4.955e-7, -9.485e-8, 6.695e-7, 5.566e-7, -1.129e-7
0.564, 5.080e-7, 4.756e-7, -3.246e-8, 6.204e-7, 5.667e-7, -5.369e-8, 4.998e-7, 4.745e-7, -2.532e-8, 5.721e-7, 5.380e-7, -3.412e-8, 5.906e-7, 4.920e-7, -9.859e-8, 7.006e-7, 5.774e-7, -1.232e-7, 5.890e-7, 4.911e-7, -9.790e-8, 6.678e-7, 5.523e-7, -1.155e-7
0.560, 5.067e-7, 4.705e-7, -3.612e-8, 6.191e-7, 5.615e-7, -5.761e-8, 4.984e-7, 4.703e-7, -2.816e-8, 5.705e-7, 5.330e-7, -3.750e-8, 5.896e-7, 4.877e-7, -1.019e-7, 6.995e-7, 5.723e-7, -1.272e-7, 5.886e-7, 4.869e-7, -1.018e-7, 6.666e-7, 5.474e-7, -1.193e-7
0.556, 5.049e-7, 4.661e-7, -3.887e-8, 6.169e-7, 5.560e-7, -6.088e-8, 4.960e-7, 4.651e-7, -3.087e-8, 5.683e-7, 5.280e-7, -4.034e-8, 5.878e-7, 4.833e-7, -1.045e-7, 6.971e-7, 5.666e-7, -1.305e-7, 5.863e-7, 4.820e-7, -1.042e-7, 6.650e-7, 5.425e-7, -1.225e-7
0.552, 5.042e-7, 4.621e-7, -4.206e-8, 6.148e-7, 5.506e-7, -6.426e-8, 4.943e-7, 4.607e-7, -3.358e-8, 5.653e-7, 5.223e-7, -4.298e-8, 5.869e-7, 4.790e-7, -1.079e-7, 6.956e-7, 5.618e-7, -1.337e-7, 5.856e-7, 4.785e-7, -1.071e-7, 6.639e-7, 5.380e-7, -1.259e-7
0.548, 5.023e-7, 4.566e-7, -4.572e-8, 6.131e-7, 5.449e-7, -6.823e-8, 4.919e-7, 4.555e-7, -3.645e-8, 5.631e-7, 5.167e-7, -4.635e-8, 5.855e-7, 4.747e-7, -1.108e-7, 6.940e-7, 5.567e-7, -1.373e-7, 5.838e-7, 4.738e-7, -1.100e-7, 6.620e-7, 5.332e-7, -1.289e-7
0.544, 5.006e-7, 4.526e-7, -4.793e-8, 6.111e-7, 5.402e-7, -7.091e-8, 4.897e-7, 4.511e-7, -3.857e-8, 5.601e-7, 5.115e-7, -4.860e-8, 5.843e-7, 4.707e-7, -1.136e-7, 6.922e-7, 5.525e-7, -1.398e-7, 5.824e-7, 4.701e-7, -1.122e-7, 6.606e-7, 5.291e-7, -1.315e-7
0.540, 4.986e-7, 4.476e-7, -5.098e-8, 6.089e-7, 5.349e-7, -7.399e-8, 4.870e-7, 4.458e-7, -4.122e-8, 5.573e-7, 5.061e-7, -5.120e-8, 5.830e-7, 4.664e-7, -1.165e-7, 6.902e-7, 5.473e-7, -1.429e-7, 5.806e-7, 4.656e-7, -1.150e-7, 6.598e-7, 5.251e-7, -1.348e-7
0.536, 4.967e-7, 4.428e-7, -5.387e-8, 6.058e-7, 5.289e-7, -7.688e-8, 4.848e-7, 4.406e-7, -4.421e-8, 5.546e-7, 5.002e-7, -5.439e-8, 5.818e-7, 4.623e-7, -1.195e-7, 6.890e-7, 5.429e-7, -1.461e-7, 5.799e-7, 4.622e-7, -1.177e-7, 6.585e-7, 5.212e-7, -1.373e-7
0.532, 4.943e-7, 4.380e-7, -5.634e-8, 6.029e-7, 5.237e-7, -7.917e-8, 4.816e-7, 4.354e-7, -4.616e-8, 5.513e-7, 4.950e-7, -5.631e-8, 5.798e-7, 4.578e-7, -1.220e-7, 6.871e-7, 5.383e-7, -1.488e-7, 5.779e-7, 4.578e-7, -1.201e-7, 6.568e-7, 5.169e-7, -1.399e-7
0.528, 4.928e-7, 4.339e-7, -5.889e-8, 6.014e-7, 5.185e-7, -8.288e-8, 4.792e-7, 4.305e-7, -4.865e-8, 5.483e-7, 4.894e-7, -5.891e-8, 5.796e-7, 4.549e-7, -1.247e-7, 6.857e-7, 5.342e-7, -1.515e-7, 5.774e-7, 4.547e-7, -1.226e-7, 6.566e-7, 5.136e-7, -1.429e-7
0.524, 4.908e-7, 4.295e-7, -6.134e-8, 5.989e-7, 5.137e-7, -8.521e-8, 4.765e-7, 4.258e-7, -5.070e-8, 5.458e-7, 4.848e-7, -6.103e-8, 5.788e-7, 4.514e-7, -1.274e-7, 6.846e-7, 5.308e-7, -1.538e-7, 5.761e-7, 4.512e-7, -1.249e-7, 6.554e-7, 5.102e-7, -1.452e-7
0.520, 4.884e-7, 4.244e-7, -6.394e-8, 5.958e-7, 5.087e-7, -8.717e-8, 4.728e-7, 4.205e-7, -5.235e-8, 5.426e-7, 4.793e-7, -6.329e-8, 5.769e-7, 4.475e-7, -1.294e-7, 6.820e-7, 5.261e-7, -1.559e-7, 5.748e-7, 4.477e-7, -1.271e-7, 6.534e-7, 5.062e-7, -1.472e-7
0.516, 4.877e-7, 4.213e-7, -6.633e-8, 5.941e-7, 5.044e-7, -8.963e-8, 4.710e-7, 4.163e-7, -5.468e-8, 5.402e-7, 4.744e-7, -6.575e-8, 5.769e-7, 4.445e-7, -1.325e-7, 6.813e-7, 5.229e-7, -1.584e-7, 5.743e-7, 4.448e-7, -1.295e-7, 6.525e-7, 5.028e-7, -1.497e-7
0.512, 4.853e-7, 4.168e-7, -6.850e-8, 5.918e-7, 4.995e-7, -9.236e-8, 4.685e-7, 4.117e-7, -5.677e-8, 5.374e-7, 4.694e-7, -6.796e-8, 5.756e-7, 4.412e-7, -1.343e-7, 6.802e-7, 5.195e-7, -1.608e-7, 5.733e-7, 4.416e-7, -1.317e-7, 6.515e-7, 4.997e-7, -1.518e-7
0.508, 4.830e-7, 4.125e-7, -7.049e-8, 5.899e-7, 4.954e-7, -9.452e-8, 4.659e-7, 4.072e-7, -5.866e-8, 5.345e-7, 4.648e-7, -6.969e-8, 5.751e-7, 4.386e-7, -1.365e-7, 6.791e-7, 5.163e-7, -1.628e-7, 5.725e-7, 4.388e-7, -1.337e-7, 6.505e-7, 4.965e-7, -1.540e-7
0.504, 4.821e-7, 4.088e-7, -7.333e-8, 5.883e-7, 4.910e-7, -9.734e-8, 4.639e-7, 4.025e-7, -6.134e-8, 5.324e-7, 4.601e-7, -7.227e-8, 5.743e-7, 4.356e-7, -1.386e-7, 6.780e-7, 5.131e-7, -1.649e-7, 5.719e-7, 4.358e-7, -1.361e-7, 6.498e-7, 4.936e-7, -1.562e-7
0.500, 4.797e-7, 4.047e-7, -7.509e-8, 5.863e-7, 4.867e-7, -9.960e-8, 4.617e-7, 3.983e-7, -6.338e-8, 5.305e-7, 4.556e-7, -7.484e-8, 5.739e-7, 4.326e-7, -1.414e-7, 6.774e-7, 5.099e-7, -1.675e-7, 5.713e-7, 4.331e-7, -1.381e-7, 6.483e-7, 4.902e-7, -1.581e-7
0.496, 4.783e-7, 4.010e-7, -7.729e-8, 5.843e-7, 4.824e-7, -1.018e-7, 4.601e-7, 3.946e-7, -6.556e-8, 5.276e-7, 4.510e-7, -7.663e-8, 5.729e-7, 4.299e-7, -1.430e-7, 6.758e-7, 5.066e-7, -1.692e-7, 5.702e-7, 4.304e-7, -1.398e-7, 6.482e-7, 4.881e-7, -1.601e-7
0.492, 4.773e-7, 3.976e-7, -7.975e-8, 5.833e-7, 4.789e-7, -1.044e-7, 4.585e-7, 3.911e-7, -6.746e-8, 5.255e-7, 4.470e-7, -7.856e-8, 5.732e-7, 4.276e-7, -1.456e-7, 6.753e-7, 5.041e-7, -1.712e-7, 5.700e-7, 4.282e-7, -1.418e-7, 6.476e-7, 4.854e-7, -1.622e-7
0.488, 4.760e-7, 3.946e-7, -8.142e-8, 5.804e-7, 4.746e-7, -1.058e-7, 4.565e-7, 3.871e-7, -6.941e-8, 5.231e-7, 4.426e-7, -8.048e-8, 5.727e-7, 4.251e-7, -1.475e-7, 6.734e-7, 5.008e-7, -1.726e-7, 5.692e-7, 4.256e-7, -1.436e-7, 6.457e-7, 4.826e-7, -1.631e-7
0.484, 4.745e-7, 3.911e-7, -8.341e-8, 5.796e-7, 4.708e-7, -1.088e-7, 4.549e-7, 3.834e-7, -7.146e-8, 5.214e-7, 4.387e-7, -8.269e-8, 5.722e-7, 4.230e-7, -1.493e-7, 6.722e-7, 4.978e-7, -1.745e-7, 5.687e-7, 4.235e-7, -1.452e-7, 6.449e-7, 4.797e-7, -1.652e-7
0.480, 4.730e-7, 3.871e-7, -8.593e-8, 5.760e-7, 4.656e-7, -1.105e-7, 4.525e-7, 3.792e-7, -7.333e-8, 5.186e-7, 4.335e-7, -8.515e-8, 5.709e-7, 4.198e-7, -1.511e-7, 6.695e-7, 4.932e-7, -1.763e-7, 5.678e-7, 4.203e-7, -1.475e-7, 6.431e-7, 4.761e-7, -1.669e-7
0.476, 4.721e-7, 3.842e-7, -8.792e-8, 5.749e-7, 4.623e-7, -1.126e-7, 4.509e-7, 3.761e-7, -7.480e-8, 5.164e-7, 4.295e-7, -8.692e-8, 5.707e-7, 4.179e-7, -1.528e-7, 6.684e-7, 4.908e-7, -1.776e-7, 5.670e-7, 4.179e-7, -1.491e-7, 6.412e-7, 4.732e-7, -1.681e-7
0.472, 4.693e-7, 3.799e-7, -8.940e-8, 5.727e-7, 4.579e-7, -1.149e-7, 4.492e-7, 3.721e-7, -7.711e-8, 5.145e-7, 4.251e-7, -8.945e-8, 5.695e-7, 4.146e-7, -1.549e-7, 6.661e-7, 4.872e-7, -1.789e-7, 5.659e-7, 4.151e-7, -1.508e-7, 6.392e-7, 4.695e-7, -1.697e-7
0.468, 4.683e-7, 3.772e-7, -9.109e-8, 5.695e-7, 4.537e-7, -1.158e-7, 4.475e-7, 3.687e-7, -7.883e-8, 5.111e-7, 4.205e-7, -9.060e-8, 5.690e-7, 4.131e-7, -1.559e-7, 6.641e-7, 4.842e-7, -1.798e-7, 5.649e-7, 4.132e-7, -1.518e-7, 6.380e-7, 4.671e-7, -1.710e-7
0.464, 4.662e-7, 3.733e-7, -9.287e-8, 5.669e-7, 4.490e-7, -1.179e-7, 4.455e-7, 3.646e-7, -8.090e-8, 5.082e-7, 4.158e-7, -9.241e-8, 5.676e-7, 4.099e-7, -1.577e-7, 6.612e-7, 4.801e-7, -1.811e-7, 5.643e-7, 4.106e-7, -1.537e-7, 6.355e-7, 4.635e-7, -1.721e-7
0.460, 4.647e-7, 3.704e-7, -9.434e-8, 5.640e-7, 4.451e-7, -1.190e-7, 4.436e-7, 3.616e-7, -8.195e-8, 5.055e-7, 4.116e-7, -9.383e-8, 5.666e-7, 4.079e-7, -1.587e-7, 6.583e-7, 4.768e-7, -1.815e-7, 5.619e-7, 4.077e-7, -1.542e-7, 6.324e-7, 4.603e-7, -1.721e-7
0.456, 4.633e-7, 3.670e-7, -9.636e-8, 5.614e-7, 4.411e-7, -1.203e-7, 4.418e-7, 3.582e-7, -8.359e-8, 5.031e-7, 4.076e-7, -9.552e-8, 5.658e-7, 4.054e-7, -1.604e-7, 6.558e-7, 4.730e-7, -1.828e-7, 5.611e-7, 4.052e-7, -1.560e-7, 6.309e-7, 4.573e-7, -1.736e-7
0.452, 4.616e-7, 3.647e-7, -9.691e-8, 5.589e-7, 4.372e-7, -1.218e-7, 4.397e-7, 3.547e-7, -8.495e-8, 4.999e-7, 4.036e-7, -9.628e-8, 5.652e-7, 4.031e-7, -1.622e-7, 6.536e-7, 4.700e-7, -1.835e-7, 5.598e-7, 4.030e-7, -1.568e-7, 6.287e-7, 4.540e-7, -1.747e-7
0.448, 4.595e-7, 3.609e-7, -9.860e-8, 5.543e-7, 4.317e-7, -1.227e-7, 4.376e-7, 3.509e-7, -8.667e-8, 4.965e-7, 3.984e-7, -9.817e-8, 5.626e-7, 4.001e-7, -1.625e-7, 6.503e-7, 4.661e-7, -1.842e-7, 5.579e-7, 3.997e-7, -1.581e-7, 6.247e-7, 4.499e-7, -1.748e-7
0.444, 4.580e-7, 3.583e-7, -9.973e-8, 5.532e-7, 4.289e-7, -1.242e-7, 4.356e-7, 3.483e-7, -8.734e-8, 4.938e-7, 3.950e-7, -9.888e-8, 5.623e-7, 3.985e-7, -1.639e-7, 6.468e-7, 4.628e-7, -1.840e-7, 5.573e-7, 3.983e-7, -1.590e-7, 6.237e-7, 4.481e-7, -1.757e-7
0.440, 4.560e-7, 3.552e-7, -1.008e-7, 5.497e-7, 4.244e-7, -1.253e-7, 4.333e-7, 3.449e-7, -8.839e-8, 4.908e-7, 3.907e-7, -1.001e-7, 5.605e-7, 3.958e-7, -1.646e-7, 6.449e-7, 4.597e-7, -1.852e-7, 5.554e-7, 3.955e-7, -1.599e-7, 6.211e-7, 4.446e-7, -1.765e-7
0.436, 4.547e-7, 3.525e-7, -1.022e-7, 5.459e-7, 4.206e-7, -1.253e-7, 4.312e-7, 3.419e-7, -8.932e-8, 4.881e-7, 3.870e-7, -1.012e-7, 5.587e-7, 3.935e-7, -1.653e-7, 6.411e-7, 4.559e-7, -1.852e-7, 5.544e-7, 3.938e-7, -1.606e-7, 6.184e-7, 4.416e-7, -1.768e-7
0.432, 4.525e-7, 3.501e-7, -1.025e-7, 5.435e-7, 4.174e-7, -1.262e-7, 4.300e-7, 3.394e-7, -9.060e-8, 4.857e-7, 3.839e-7, -1.018e-7, 5.586e-7, 3.923e-7, -1.663e-7, 6.395e-7, 4.538e-7, -1.857e-7, 5.538e-7, 3.922e-7, -1.616e-7, 6.169e-7, 4.396e-7, -1.773e-7
0.428, 4.505e-7, 3.474e-7, -1.031e-7, 5.391e-7, 4.132e-7, -1.259e-7, 4.280e-7, 3.367e-7, -9.132e-8, 4.814e-7, 3.794e-7, -1.020e-7, 5.568e-7, 3.904e-7, -1.664e-7, 6.357e-7, 4.500e-7, -1.858e-7, 5.519e-7, 3.900e-7, -1.619e-7, 6.140e-7, 4.368e-7, -1.772e-7
0.424, 4.492e-7, 3.447e-7, -1.044e-7, 5.353e-7, 4.083e-7, -1.270e-7, 4.266e-7, 3.341e-7, -9.248e-8, 4.786e-7, 3.754e-7, -1.033e-7, 5.559e-7, 3.880e-7, -1.679e-7, 6.327e-7, 4.469e-7, -1.858e-7, 5.503e-7, 3.875e-7, -1.629e-7, 6.113e-7, 4.333e-7, -1.779e-7
0.420, 4.481e-7, 3.429e-7, -1.052e-7, 5.321e-7, 4.051e-7, -1.270e-7, 4.252e-7, 3.319e-7, -9.335e-8, 4.753e-7, 3.718e-7, -1.034e-7, 5.547e-7, 3.866e-7, -1.680e-7, 6.300e-7, 4.440e-7, -1.860e-7, 5.499e-7, 3.865e-7, -1.634e-7, 6.092e-7, 4.310e-7, -1.782e-7
0.416, 4.466e-7, 3.408e-7, -1.059e-7, 5.289e-7, 4.012e-7, -1.277e-7, 4.239e-7, 3.297e-7, -9.421e-8, 4.728e-7, 3.686e-7, -1.043e-7, 5.539e-7, 3.851e-7, -1.688e-7, 6.277e-7, 4.417e-7, -1.861e-7, 5.495e-7, 3.853e-7, -1.642e-7, 6.070e-7, 4.287e-7, -1.783e-7
0.412, 4.461e-7, 3.398e-7, -1.064e-7, 5.248e-7, 3.980e-7, -1.268e-7, 4.225e-7, 3.283e-7, -9.422e-8, 4.704e-7, 3.665e-7, -1.039e-7, 5.539e-7, 3.848e-7, -1.691e-7, 6.255e-7, 4.399e-7, -1.856e-7, 5.493e-7, 3.847e-7, -1.646e-7, 6.049e-7, 4.269e-7, -1.780e-7
0.408, 4.446e-7, 3.379e-7, -1.067e-7, 5.232e-7, 3.962e-7, -1.270e-7, 4.223e-7, 3.270e-7, -9.535e-8, 4.681e-7, 3.633e-7, -1.048e-7, 5.534e-7, 3.840e-7, -1.694e-7, 6.238e-7, 4.380e-7, -1.858e-7, 5.484e-7, 3.835e-7, -1.649e-7, 6.033e-7, 4.249e-7, -1.784e-7
0.404, 4.454e-7, 3.380e-7, -1.074e-7, 5.207e-7, 3.944e-7, -1.264e-7, 4.221e-7, 3.265e-7, -9.561e-8, 4.672e-7, 3.629e-7, -1.043e-7, 5.543e-7, 3.847e-7, -1.697e-7, 6.228e-7, 4.376e-7, -1.852e-7, 5.493e-7, 3.842e-7, -1.650e-7, 6.022e-7, 4.248e-7, -1.774e-7
0.400, 4.460e-7, 3.377e-7, -1.083e-7, 5.201e-7, 3.937e-7, -1.265e-7, 4.236e-7, 3.267e-7, -9.685e-8, 4.667e-7, 3.620e-7, -1.046e-7, 5.560e-7, 3.854e-7, -1.706e-7, 6.223e-7, 4.370e-7, -1.853e-7, 5.498e-7, 3.840e-7, -1.658e-7, 6.031e-7, 4.247e-7, -1.784e-7
0.396, 4.478e-7, 3.391e-7, -1.087e-7, 5.209e-7, 3.949e-7, -1.259e-7, 4.253e-7, 3.280e-7, -9.735e-8, 4.686e-7, 3.638e-7, -1.048e-7, 5.576e-7, 3.868e-7, -1.708e-7, 6.245e-7, 4.393e-7, -1.852e-7, 5.525e-7, 3.861e-7, -1.664e-7, 6.037e-7, 4.258e-7, -1.778e-7
0.392, 4.505e-7, 3.412e-7, -1.093e-7, 5.242e-7, 3.981e-7, -1.260e-7, 4.292e-7, 3.307e-7, -9.853e-8, 4.723e-7, 3.673e-7, -1.050e-7, 5.621e-7, 3.902e-7, -1.719e-7, 6.276e-7, 4.427e-7, -1.849e-7, 5.563e-7, 3.889e-7, -1.674e-7, 6.069e-7, 4.287e-7, -1.781e-7
0.388, 4.547e-7, 3.447e-7, -1.101e-7, 5.287e-7, 4.029e-7, -1.258e-7, 4.340e-7, 3.343e-7, -9.968e-8, 4.772e-7, 3.715e-7, -1.056e-7, 5.672e-7, 3.948e-7, -1.724e-7, 6.332e-7, 4.478e-7, -1.854e-7, 5.607e-7, 3.928e-7, -1.678e-7, 6.120e-7, 4.334e-7, -1.787e-7
0.384, 4.600e-7, 3.483e-7, -1.118e-7, 5.343e-7, 4.076e-7, -1.266e-7, 4.390e-7, 3.381e-7, -1.009e-7, 4.837e-7, 3.770e-7, -1.067e-7, 5.733e-7, 4.001e-7, -1.732e-7, 6.390e-7, 4.531e-7, -1.859e-7, 5.661e-7, 3.972e-7, -1.689e-7, 6.171e-7, 4.376e-7, -1.795e-7
0.380, 4.672e-7, 3.540e-7, -1.132e-7, 5.419e-7, 4.156e-7, -1.264e-7, 4.465e-7, 3.439e-7, -1.026e-7, 4.916e-7, 3.845e-7, -1.071e-7, 5.811e-7, 4.069e-7, -1.742e-7, 6.485e-7, 4.616e-7, -1.869e-7, 5.727e-7, 4.032e-7, -1.695e-7, 6.248e-7, 4.447e-7, -1.801e-7
0.376, 4.757e-7, 3.610e-7, -1.146e-7, 5.529e-7, 4.245e-7, -1.284e-7, 4.563e-7, 3.519e-7, -1.044e-7, 5.029e-7, 3.934e-7, -1.095e-7, 5.923e-7, 4.157e-7, -1.766e-7, 6.610e-7, 4.724e-7, -1.885e-7, 5.824e-7, 4.107e-7, -1.717e-7, 6.359e-7, 4.539e-7, -1.821e-7
0.372, 4.860e-7, 3.688e-7, -1.173e-7, 5.649e-7, 4.339e-7, -1.310e-7, 4.668e-7, 3.597e-7, -1.071e-7, 5.149e-7, 4.027e-7, -1.122e-7, 6.044e-7, 4.256e-7, -1.788e-7, 6.747e-7, 4.831e-7, -1.916e-7, 5.937e-7, 4.194e-7, -1.743e-7, 6.478e-7, 4.636e-7, -1.841e-7
0.368, 4.986e-7, 3.786e-7, -1.201e-7, 5.784e-7, 4.445e-7, -1.339e-7, 4.795e-7, 3.697e-7, -1.098e-7, 5.295e-7, 4.140e-7, -1.155e-7, 6.194e-7, 4.376e-7, -1.818e-7, 6.909e-7, 4.961e-7, -1.948e-7, 6.068e-7, 4.300e-7, -1.768e-7, 6.617e-7, 4.748e-7, -1.869e-7
0.364, 5.122e-7, 3.890e-7, -1.232e-7, 5.936e-7, 4.560e-7, -1.377e-7, 4.941e-7, 3.805e-7, -1.136e-7, 5.449e-7, 4.249e-7, -1.200e-7, 6.353e-7, 4.502e-7, -1.851e-7, 7.087e-7, 5.099e-7, -1.988e-7, 6.216e-7, 4.414e-7, -1.802e-7, 6.785e-7, 4.877e-7, -1.908e-7
0.360, 5.269e-7, 4.003e-7, -1.266e-7, 6.097e-7, 4.670e-7, -1.426e-7, 5.093e-7, 3.917e-7, -1.176e-7, 5.604e-7, 4.355e-7, -1.249e-7, 6.530e-7, 4.638e-7, -1.892e-7, 7.275e-7, 5.236e-7, -2.039e-7, 6.377e-7, 4.539e-7, -1.838e-7, 6.959e-7, 5.002e-7, -1.957e-7
0.356, 5.422e-7, 4.111e-7, -1.311e-7, 6.256e-7, 4.771e-7, -1.485e-7, 5.247e-7, 4.023e-7, -1.223e-7, 5.765e-7, 4.447e-7, -1.317e-7, 6.705e-7, 4.767e-7, -1.938e-7, 7.456e-7, 5.355e-7, -2.101e-7, 6.537e-7, 4.657e-7, -1.880e-7, 7.130e-7, 5.123e-7, -2.008e-7
0.352, 5.599e-7, 4.236e-7, -1.363e-7, 6.431e-7, 4.871e-7, -1.560e-7, 5.426e-7, 4.146e-7, -1.280e-7, 5.944e-7, 4.552e-7, -1.392e-7, 6.925e-7, 4.918e-7, -2.006e-7, 7.680e-7, 5.500e-7, -2.180e-7, 6.737e-7, 4.798e-7, -1.939e-7, 7.330e-7, 5.254e-7, -2.075e-7
0.348, 5.764e-7, 4.342e-7, -1.422e-7, 6.583e-7, 4.952e-7, -1.631e-7, 5.595e-7, 4.251e-7, -1.344e-7, 6.099e-7, 4.628e-7, -1.471e-7, 7.127e-7, 5.052e-7, -2.076e-7, 7.879e-7, 5.619e-7, -2.260e-7, 6.924e-7, 4.923e-7, -2.001e-7, 7.519e-7, 5.368e-7, -2.151e-7
0.344, 5.931e-7, 4.448e-7, -1.484e-7, 6.734e-7, 5.033e-7, -1.701e-7, 5.769e-7, 4.358e-7, -1.411e-7, 6.248e-7, 4.703e-7, -1.545e-7, 7.321e-7, 5.182e-7, -2.139e-7, 8.068e-7, 5.729e-7, -2.339e-7, 7.111e-7, 5.053e-7, -2.059e-7, 7.702e-7, 5.483e-7, -2.219e-7
0.340, 6.092e-7, 4.546e-7, -1.546e-7, 6.861e-7, 5.092e-7, -1.769e-7, 5.925e-7, 4.446e-7, -1.479e-7, 6.376e-7, 4.768e-7, -1.608e-7, 7.509e-7, 5.297e-7, -2.212e-7, 8.236e-7, 5.826e-7, -2.411e-7, 7.292e-7, 5.169e-7, -2.123e-7, 7.861e-7, 5.571e-7, -2.290e-7
0.336, 6.245e-7, 4.630e-7, -1.615e-7, 6.966e-7, 5.131e-7, -1.835e-7, 6.073e-7, 4.523e-7, -1.550e-7, 6.481e-7, 4.805e-7, -1.676e-7, 7.691e-7, 5.403e-7, -2.289e-7, 8.382e-7, 5.896e-7, -2.486e-7, 7.474e-7, 5.275e-7, -2.199e-7, 8.011e-7, 5.649e-7, -2.362e-7
0.332, 6.395e-7, 4.714e-7, -1.681e-7, 7.060e-7, 5.176e-7, -1.884e-7, 6.220e-7, 4.603e-7, -1.617e-7, 6.575e-7, 4.849e-7, -1.726e-7, 7.860e-7, 5.501e-7, -2.359e-7, 8.530e-7, 5.975e-7, -2.555e-7, 7.644e-7, 5.381e-7, -2.263e-7, 8.159e-7, 5.732e-7, -2.427e-7
0.328, 6.500e-7, 4.764e-7, -1.735e-7, 7.088e-7, 5.182e-7, -1.906e-7, 6.322e-7, 4.652e-7, -1.671e-7, 6.601e-7, 4.851e-7, -1.750e-7, 7.992e-7, 5.573e-7, -2.418e-7, 8.601e-7, 6.007e-7, -2.595e-7, 7.763e-7, 5.449e-7, -2.314e-7, 8.242e-7, 5.772e-7, -2.470e-7
0.324, 6.584e-7, 4.807e-7, -1.778e-7, 7.097e-7, 5.184e-7, -1.913e-7, 6.399e-7, 4.690e-7, -1.709e-7, 6.615e-7, 4.854e-7, -1.761e-7, 8.091e-7, 5.629e-7, -2.462e-7, 8.656e-7, 6.037e-7, -2.620e-7, 7.876e-7, 5.516e-7, -2.361e-7, 8.297e-7, 5.802e-7, -2.496e-7
0.320, 6.647e-7, 4.832e-7, -1.815e-7, 7.073e-7, 5.165e-7, -1.908e-7, 6.457e-7, 4.712e-7, -1.745e-7, 6.593e-7, 4.836e-7, -1.757e-7, 8.164e-7, 5.662e-7, -2.502e-7, 8.667e-7, 6.042e-7, -2.625e-7, 7.963e-7, 5.559e-7, -2.404e-7, 8.331e-7, 5.814e-7, -2.516e-7
0.316, 6.687e-7, 4.852e-7, -1.835e-7, 7.027e-7, 5.147e-7, -1.880e-7, 6.485e-7, 4.725e-7, -1.760e-7, 6.552e-7, 4.815e-7, -1.737e-7, 8.204e-7, 5.687e-7, -2.517e-7, 8.648e-7, 6.031e-7, -2.617e-7, 8.018e-7, 5.594e-7, -2.424e-7, 8.325e-7, 5.816e-7, -2.509e-7
0.312, 6.697e-7, 4.856e-7, -1.841e-7, 6.953e-7, 5.106e-7, -1.847e-7, 6.481e-7, 4.720e-7, -1.761e-7, 6.477e-7, 4.780e-7, -1.698e-7, 8.215e-7, 5.696e-7, -2.520e-7, 8.596e-7, 6.014e-7, -2.582e-7, 8.031e-7, 5.602e-7, -2.429e-7, 8.284e-7, 5.799e-7, -2.485e-7
0.308, 6.675e-7, 4.846e-7, -1.830e-7, 6.855e-7, 5.058e-7, -1.797e-7, 6.460e-7, 4.710e-7, -1.749e-7, 6.386e-7, 4.736e-7, -1.650e-7, 8.187e-7, 5.684e-7, -2.503e-7, 8.516e-7, 5.982e-7, -2.534e-7, 8.024e-7, 5.600e-7, -2.424e-7, 8.206e-7, 5.760e-7, -2.446e-7
0.304, 6.636e-7, 4.830e-7, -1.806e-7, 6.753e-7, 5.014e-7, -1.739e-7, 6.416e-7, 4.688e-7, -1.728e-7, 6.276e-7, 4.682e-7, -1.594e-7, 8.135e-7, 5.662e-7, -2.473e-7, 8.416e-7, 5.937e-7, -2.479e-7, 7.995e-7, 5.587e-7, -2.408e-7, 8.125e-7, 5.726e-7, -2.399e-7
0.300, 6.571e-7, 4.798e-7, -1.772e-7, 6.631e-7, 4.961e-7, -1.671e-7, 6.342e-7, 4.656e-7, -1.687e-7, 6.160e-7, 4.630e-7, -1.530e-7, 8.054e-7, 5.626e-7, -2.429e-7, 8.293e-7, 5.881e-7, -2.411e-7, 7.925e-7, 5.560e-7, -2.364e-7, 8.011e-7, 5.672e-7, -2.339e-7
0.296, 6.486e-7, 4.762e-7, -1.724e-7, 6.494e-7, 4.897e-7, -1.597e-7, 6.253e-7, 4.615e-7, -1.638e-7, 6.038e-7, 4.576e-7, -1.462e-7, 7.958e-7, 5.590e-7, -2.368e-7, 8.160e-7, 5.828e-7, -2.332e-7, 7.841e-7, 5.523e-7, -2.317e-7, 7.882e-7, 5.614e-7, -2.268e-7
0.292, 6.394e-7, 4.717e-7, -1.678e-7, 6.377e-7, 4.842e-7, -1.535e-7, 6.162e-7, 4.571e-7, -1.591e-7, 5.911e-7, 4.511e-7, -1.400e-7, 7.842e-7, 5.534e-7, -2.307e-7, 8.014e-7, 5.756e-7, -2.258e-7, 7.746e-7, 5.477e-7, -2.268e-7, 7.751e-7, 5.550e-7, -2.201e-7
0.288, 6.290e-7, 4.670e-7, -1.620e-7, 6.230e-7, 4.767e-7, -1.463e-7, 6.046e-7, 4.514e-7, -1.532e-7, 5.781e-7, 4.444e-7, -1.337e-7, 7.707e-7, 5.473e-7, -2.234e-7, 7.864e-7, 5.685e-7, -2.179e-7, 7.622e-7, 5.416e-7, -2.205e-7, 7.601e-7, 5.479e-7, -2.122e-7
0.284, 6.181e-7, 4.622e-7, -1.559e-7, 6.111e-7, 4.709e-7, -1.403e-7, 5.940e-7, 4.465e-7, -1.475e-7, 5.657e-7, 4.382e-7, -1.275e-7, 7.580e-7, 5.415e-7, -2.165e-7, 7.713e-7, 5.612e-7, -2.101e-7, 7.501e-7, 5.359e-7, -2.142e-7, 7.451e-7, 5.402e-7, -2.049e-7
0.280, 6.077e-7, 4.576e-7, -1.501e-7, 6.004e-7, 4.656e-7, -1.347e-7, 5.831e-7, 4.413e-7, -1.418e-7, 5.546e-7, 4.324e-7, -1.222e-7, 7.448e-7, 5.351e-7, -2.097e-7, 7.579e-7, 5.547e-7, -2.031e-7, 7.375e-7, 5.298e-7, -2.078e-7, 7.323e-7, 5.337e-7, -1.985e-7
0.276, 5.952e-7, 4.516e-7, -1.436e-7, 5.869e-7, 4.590e-7, -1.280e-7, 5.705e-7, 4.351e-7, -1.354e-7, 5.420e-7, 4.260e-7, -1.160e-7, 7.290e-7, 5.276e-7, -2.013e-7, 7.418e-7, 5.465e-7, -1.953e-7, 7.225e-7, 5.225e-7, -2.001e-7, 7.166e-7, 5.260e-7, -1.906e-7
0.272, 5.836e-7, 4.455e-7, -1.381e-7, 5.760e-7, 4.531e-7, -1.229e-7, 5.592e-7, 4.288e-7, -1.304e-7, 5.313e-7, 4.198e-7, -1.115e-7, 7.148e-7, 5.207e-7, -1.941e-7, 7.280e-7, 5.392e-7, -1.888e-7, 7.090e-7, 5.155e-7, -1.936e-7, 7.035e-7, 5.187e-7, -1.848e-7
0.268, 5.712e-7, 4.393e-7, -1.320e-7, 5.643e-7, 4.468e-7, -1.174e-7, 5.469e-7, 4.227e-7, -1.242e-7, 5.197e-7, 4.132e-7, -1.065e-7, 6.999e-7, 5.128e-7, -1.870e-7, 7.131e-7, 5.316e-7, -1.815e-7, 6.941e-7, 5.079e-7, -1.863e-7, 6.883e-7, 5.110e-7, -1.773e-7
0.264, 5.596e-7, 4.338e-7, -1.258e-7, 5.532e-7, 4.410e-7, -1.122e-7, 5.350e-7, 4.166e-7, -1.184e-7, 5.089e-7, 4.076e-7, -1.013e-7, 6.842e-7, 5.055e-7, -1.787e-7, 6.995e-7, 5.244e-7, -1.751e-7, 6.798e-7, 5.007e-7, -1.791e-7, 6.736e-7, 5.033e-7, -1.703e-7
0.260, 5.479e-7, 4.268e-7, -1.211e-7, 5.426e-7, 4.342e-7, -1.084e-7, 5.232e-7, 4.098e-7, -1.134e-7, 4.983e-7, 4.005e-7, -9.774e-8, 6.701e-7, 4.972e-7, -1.728e-7, 6.855e-7, 5.161e-7, -1.695e-7, 6.652e-7, 4.926e-7, -1.726e-7, 6.607e-7, 4.957e-7, -1.650e-7
0.256, 5.370e-7, 4.213e-7, -1.157e-7, 5.332e-7, 4.291e-7, -1.042e-7, 5.117e-7, 4.037e-7, -1.081e-7, 4.891e-7, 3.953e-7, -9.379e-8, 6.554e-7, 4.898e-7, -1.656e-7, 6.734e-7, 5.098e-7, -1.636e-7, 6.510e-7, 4.853e-7, -1.657e-7, 6.487e-7, 4.894e-7, -1.593e-7
0.252, 5.258e-7, 4.153e-7, -1.105e-7, 5.232e-7, 4.231e-7, -1.001e-7, 5.008e-7, 3.971e-7, -1.037e-7, 4.800e-7, 3.895e-7, -9.047e-8, 6.422e-7, 4.821e-7, -1.602e-7, 6.617e-7, 5.028e-7, -1.589e-7, 6.371e-7, 4.774e-7, -1.596e-7, 6.363e-7, 4.821e-7, -1.542e-7
0.248, 5.141e-7, 4.086e-7, -1.055e-7, 5.139e-7, 4.172e-7, -9.670e-8, 4.904e-7, 3.908e-7, -9.959e-8, 4.702e-7, 3.829e-7, -8.737e-8, 6.278e-7, 4.739e-7, -1.539e-7, 6.488e-7, 4.947e-7, -1.542e-7, 6.236e-7, 4.696e-7, -1.540e-7, 6.236e-7, 4.744e-7, -1.492e-7
0.244, 5.048e-7, 4.036e-7, -1.012e-7, 5.056e-7, 4.121e-7, -9.352e-8, 4.799e-7, 3.846e-7, -9.529e-8, 4.619e-7, 3.777e-7, -8.423e-8, 6.157e-7, 4.673e-7, -1.484e-7, 6.373e-7, 4.882e-7, -1.491e-7, 6.104e-7, 4.624e-7, -1.480e-7, 6.128e-7, 4.680e-7, -1.448e-7
0.240, 4.936e-7, 3.969e-7, -9.664e-8, 4.955e-7, 4.059e-7, -8.962e-8, 4.689e-7, 3.782e-7, -9.073e-8, 4.517e-7, 3.714e-7, -8.032e-8, 6.024e-7, 4.595e-7, -1.429e-7, 6.252e-7, 4.814e-7, -1.438e-7, 5.974e-7, 4.551e-7, -1.424e-7, 6.009e-7, 4.612e-7, -1.398e-7
0.236, 4.850e-7, 3.911e-7, -9.390e-8, 4.878e-7, 4.000e-7, -8.784e-8, 4.601e-7, 3.719e-7, -8.821e-8, 4.441e-7, 3.655e-7, -7.860e-8, 5.907e-7, 4.524e-7, -1.384e-7, 6.153e-7, 4.747e-7, -1.406e-7, 5.855e-7, 4.475e-7, -1.379e-7, 5.912e-7, 4.546e-7, -1.367e-7
0.232, 4.747e-7, 3.851e-7, -8.961e-8, 4.796e-7, 3.948e-7, -8.485e-8, 4.505e-7, 3.657e-7, -8.476e-8, 4.365e-7, 3.602e-7, -7.629e-8, 5.791e-7, 4.454e-7, -1.337e-7, 6.056e-7, 4.682e-7, -1.374e-7, 5.731e-7, 4.403e-7, -1.328e-7, 5.810e-7, 4.480e-7, -1.330e-7
0.228, 4.649e-7, 3.790e-7, -8.586e-8, 4.712e-7, 3.893e-7, -8.190e-8, 4.411e-7, 3.601e-7, -8.106e-8, 4.290e-7, 3.553e-7, -7.374e-8, 5.672e-7, 4.381e-7, -1.292e-7, 5.949e-7, 4.620e-7, -1.329e-7, 5.617e-7, 4.335e-7, -1.282e-7, 5.708e-7, 4.419e-7, -1.289e-7
0.224, 4.561e-7, 3.733e-7, -8.277e-8, 4.627e-7, 3.837e-7, -7.901e-8, 4.320e-7, 3.539e-7, -7.814e-8, 4.208e-7, 3.495e-7, -7.123e-8, 5.555e-7, 4.311e-7, -1.244e-7, 5.841e-7, 4.549e-7, -1.291e-7, 5.502e-7, 4.266e-7, -1.236e-7, 5.610e-7, 4.357e-7, -1.253e-7
0.220, 4.475e-7, 3.674e-7, -8.009e-8, 4.559e-7, 3.780e-7, -7.788e-8, 4.234e-7, 3.477e-7, -7.571e-8, 4.143e-7, 3.441e-7, -7.021e-8, 5.454e-7, 4.242e-7, -1.213e-7, 5.758e-7, 4.484e-7, -1.274e-7, 5.399e-7, 4.194e-7, -1.205e-7, 5.521e-7, 4.293e-7, -1.228e-7
0.216, 4.384e-7, 3.614e-7, -7.698e-8, 4.481e-7, 3.729e-7, -7.519e-8, 4.144e-7, 3.417e-7, -7.267e-8, 4.068e-7, 3.392e-7, -6.760e-8, 5.346e-7, 4.176e-7, -1.170e-7, 5.661e-7, 4.426e-7, -1.235e-7, 5.290e-7, 4.129e-7, -1.161e-7, 5.428e-7, 4.232e-7, -1.196e-7
0.212, 4.301e-7, 3.555e-7, -7.456e-8, 4.413e-7, 3.674e-7, -7.399e-8, 4.060e-7, 3.356e-7, -7.043e-8, 3.997e-7, 3.336e-7, -6.602e-8, 5.243e-7, 4.102e-7, -1.141e-7, 5.570e-7, 4.359e-7, -1.210e-7, 5.183e-7, 4.056e-7, -1.127e-7, 5.336e-7, 4.161e-7, -1.175e-7
0.208, 4.207e-7, 3.493e-7, -7.141e-8, 4.334e-7, 3.624e-7, -7.102e-8, 3.975e-7, 3.299e-7, -6.753e-8, 3.925e-7, 3.283e-7, -6.420e-8, 5.140e-7, 4.037e-7, -1.103e-7, 5.470e-7, 4.293e-7, -1.177e-7, 5.081e-7, 3.990e-7, -1.091e-7, 5.244e-7, 4.104e-7, -1.139e-7
0.204, 4.124e-7, 3.432e-7, -6.923e-8, 4.270e-7, 3.571e-7, -6.996e-8, 3.903e-7, 3.242e-7, -6.613e-8, 3.857e-7, 3.235e-7, -6.219e-8, 5.049e-7, 3.973e-7, -1.076e-7, 5.390e-7, 4.235e-7, -1.155e-7, 4.982e-7, 3.921e-7, -1.062e-7, 5.170e-7, 4.050e-7, -1.120e-7
0.200, 4.047e-7, 3.375e-7, -6.724e-8, 4.186e-7, 3.510e-7, -6.768e-8, 3.819e-7, 3.184e-7, -6.351e-8, 3.796e-7, 3.188e-7, -6.082e-8, 4.949e-7, 3.902e-7, -1.048e-7, 5.305e-7, 4.179e-7, -1.126e-7, 4.890e-7, 3.855e-7, -1.035e-7, 5.085e-7, 3.985e-7, -1.100e-7
0.196, 3.967e-7, 3.315e-7, -6.526e-8, 4.122e-7, 3.459e-7, -6.628e-8, 3.744e-7, 3.126e-7, -6.181e-8, 3.737e-7, 3.137e-7, -5.996e-8, 4.858e-7, 3.839e-7, -1.019e-7, 5.227e-7, 4.113e-7, -1.113e-7, 4.798e-7, 3.791e-7, -1.007e-7, 5.008e-7, 3.929e-7, -1.079e-7
0.192, 3.887e-7, 3.251e-7, -6.358e-8, 4.055e-7, 3.406e-7, -6.494e-8, 3.669e-7, 3.067e-7, -6.018e-8, 3.666e-7, 3.082e-7, -5.837e-8, 4.767e-7, 3.770e-7, -9.970e-8, 5.137e-7, 4.048e-7, -1.089e-7, 4.700e-7, 3.719e-7, -9.814e-8, 4.929e-7, 3.866e-7, -1.063e-7
0.188, 3.820e-7, 3.198e-7, -6.214e-8, 3.990e-7, 3.352e-7, -6.381e-8, 3.601e-7, 3.013e-7, -5.880e-8, 3.616e-7, 3.042e-7, -5.740e-8, 4.681e-7, 3.709e-7, -9.715e-8, 5.061e-7, 3.992e-7, -1.068e-7, 4.616e-7, 3.659e-7, -9.571e-8, 4.859e-7, 3.817e-7, -1.043e-7
0.184, 3.750e-7, 3.143e-7, -6.069e-8, 3.930e-7, 3.308e-7, -6.222e-8, 3.531e-7, 2.960e-7, -5.716e-8, 3.560e-7, 2.996e-7, -5.647e-8, 4.598e-7, 3.650e-7, -9.480e-8, 4.996e-7, 3.944e-7, -1.052e-7, 4.532e-7, 3.597e-7, -9.354e-8, 4.790e-7, 3.763e-7, -1.027e-7
0.180, 3.670e-7, 3.085e-7, -5.853e-8, 3.864e-7, 3.257e-7, -6.074e-8, 3.467e-7, 2.908e-7, -5.592e-8, 3.500e-7, 2.947e-7, -5.527e-8, 4.519e-7, 3.593e-7, -9.260e-8, 4.915e-7, 3.881e-7, -1.034e-7, 4.446e-7, 3.530e-7, -9.163e-8, 4.717e-7, 3.709e-7, -1.008e-7
0.176, 3.603e-7, 3.030e-7, -5.733e-8, 3.806e-7, 3.208e-7, -5.986e-8, 3.398e-7, 2.855e-7, -5.431e-8, 3.446e-7, 2.906e-7, -5.404e-8, 4.435e-7, 3.528e-7, -9.074e-8, 4.845e-7, 3.826e-7, -1.019e-7, 4.367e-7, 3.472e-7, -8.951e-8, 4.651e-7, 3.655e-7, -9.959e-8
0.172, 3.534e-7, 2.971e-7, -5.634e-8, 3.755e-7, 3.161e-7, -5.942e-8, 3.342e-7, 2.805e-7, -5.371e-8, 3.394e-7, 2.860e-7, -5.342e-8, 4.366e-7, 3.472e-7, -8.946e-8, 4.777e-7, 3.772e-7, -1.006e-7, 4.299e-7, 3.415e-7, -8.834e-8, 4.591e-7, 3.608e-7, -9.828e-8
0.168, 3.474e-7, 2.923e-7, -5.514e-8, 3.700e-7, 3.112e-7, -5.881e-8, 3.284e-7, 2.756e-7, -5.275e-8, 3.353e-7, 2.822e-7, -5.311e-8, 4.297e-7, 3.417e-7, -8.806e-8, 4.719e-7, 3.723e-7, -9.965e-8, 4.223e-7, 3.357e-7, -8.653e-8, 4.533e-7, 3.558e-7, -9.751e-8
0.164, 3.414e-7, 2.877e-7, -5.362e-8, 3.649e-7, 3.074e-7, -5.742e-8, 3.223e-7, 2.710e-7, -5.133e-8, 3.306e-7, 2.785e-7, -5.213e-8, 4.227e-7, 3.365e-7, -8.617e-8, 4.653e-7, 3.675e-7, -9.782e-8, 4.147e-7, 3.302e-7, -8.443e-8, 4.474e-7, 3.515e-7, -9.586e-8
0.160, 3.360e-7, 2.832e-7, -5.280e-8, 3.608e-7, 3.033e-7, -5.745e-8, 3.173e-7, 2.667e-7, -5.062e-8, 3.268e-7, 2.748e-7, -5.203e-8, 4.161e-7, 3.316e-7, -8.446e-8, 4.599e-7, 3.628e-7, -9.713e-8, 4.082e-7, 3.251e-7, -8.304e-8, 4.425e-7, 3.475e-7, -9.499e-8
0.156, 3.297e-7, 2.783e-7, -5.142e-8, 3.554e-7, 2.994e-7, -5.591e-8, 3.119e-7, 2.620e-7, -4.988e-8, 3.225e-7, 2.715e-7, -5.094e-8, 4.092e-7, 3.264e-7, -8.279e-8, 4.536e-7, 3.580e-7, -9.553e-8, 4.014e-7, 3.201e-7, -8.128e-8, 4.363e-7, 3.426e-7, -9.377e-8
0.152, 3.243e-7, 2.735e-7, -5.075e-8, 3.521e-7, 2.962e-7, -5.590e-8, 3.073e-7, 2.583e-7, -4.904e-8, 3.191e-7, 2.681e-7, -5.101e-8, 4.034e-7, 3.215e-7, -8.187e-8, 4.492e-7, 3.539e-7, -9.533e-8, 3.959e-7, 3.153e-7, -8.056e-8, 4.323e-7, 3.388e-7, -9.344e-8
0.148, 3.195e-7, 2.693e-7, -5.023e-8, 3.470e-7, 2.920e-7, -5.501e-8, 3.020e-7, 2.541e-7, -4.791e-8, 3.148e-7, 2.646e-7, -5.020e-8, 3.969e-7, 3.165e-7, -8.036e-8, 4.438e-7, 3.496e-7, -9.419e-8, 3.897e-7, 3.107e-7, -7.904e-8, 4.270e-7, 3.348e-7, -9.224e-8
0.144, 3.149e-7, 2.656e-7, -4.922e-8, 3.442e-7, 2.892e-7, -5.500e-8, 2.981e-7, 2.509e-7, -4.724e-8, 3.120e-7, 2.623e-7, -4.976e-8, 3.917e-7, 3.122e-7, -7.956e-8, 4.394e-7, 3.463e-7, -9.314e-8, 3.844e-7, 3.067e-7, -7.775e-8, 4.232e-7, 3.316e-7, -9.159e-8
0.140, 3.110e-7, 2.624e-7, -4.857e-8, 3.418e-7, 2.868e-7, -5.502e-8, 2.952e-7, 2.479e-7, -4.729e-8, 3.103e-7, 2.599e-7, -5.038e-8, 3.872e-7, 3.090e-7, -7.826e-8, 4.358e-7, 3.429e-7, -9.283e-8, 3.798e-7, 3.027e-7, -7.706e-8, 4.204e-7, 3.289e-7, -9.146e-8
0.136, 3.068e-7, 2.585e-7, -4.832e-8, 3.379e-7, 2.833e-7, -5.457e-8, 2.910e-7, 2.442e-7, -4.686e-8, 3.070e-7, 2.570e-7, -5.003e-8, 3.830e-7, 3.050e-7, -7.800e-8, 4.324e-7, 3.397e-7, -9.268e-8, 3.741e-7, 2.984e-7, -7.572e-8, 4.162e-7, 3.252e-7, -9.098e-8
0.132, 3.025e-7, 2.553e-7, -4.724e-8, 3.343e-7, 2.803e-7, -5.399e-8, 2.861e-7, 2.402e-7, -4.591e-8, 3.040e-7, 2.546e-7, -4.935e-8, 3.771e-7, 3.010e-7, -7.609e-8, 4.270e-7, 3.357e-7, -9.132e-8, 3.692e-7, 2.946e-7, -7.457e-8, 4.118e-7, 3.218e-7, -9.001e-8
0.128, 2.988e-7, 2.521e-7, -4.665e-8, 3.328e-7, 2.786e-7, -5.418e-8, 2.833e-7, 2.379e-7, -4.548e-8, 3.027e-7, 2.527e-7, -5.000e-8, 3.733e-7, 2.975e-7, -7.584e-8, 4.243e-7, 3.333e-7, -9.100e-8, 3.654e-7, 2.913e-7, -7.414e-8, 4.092e-7, 3.196e-7, -8.958e-8
0.124, 2.966e-7, 2.498e-7, -4.678e-8, 3.318e-7, 2.771e-7, -5.476e-8, 2.811e-7, 2.358e-7, -4.526e-8, 3.011e-7, 2.508e-7, -5.030e-8, 3.705e-7, 2.949e-7, -7.562e-8, 4.232e-7, 3.318e-7, -9.143e-8, 3.618e-7, 2.881e-7, -7.374e-8, 4.068e-7, 3.173e-7, -8.949e-8
0.120, 2.930e-7, 2.471e-7, -4.595e-8, 3.292e-7, 2.748e-7, -5.446e-8, 2.786e-7, 2.334e-7, -4.518e-8, 3.000e-7, 2.495e-7, -5.057e-8, 3.661e-7, 2.918e-7, -7.430e-8, 4.190e-7, 3.284e-7, -9.059e-8, 3.580e-7, 2.852e-7, -7.288e-8, 4.048e-7, 3.155e-7, -8.936e-8
0.116, 2.897e-7, 2.441e-7, -4.562e-8, 3.279e-7, 2.727e-7, -5.517e-8, 2.763e-7, 2.310e-7, -4.535e-8, 2.985e-7, 2.475e-7, -5.098e-8, 3.633e-7, 2.887e-7, -7.458e-8, 4.170e-7, 3.263e-7, -9.073e-8, 3.539e-7, 2.815e-7, -7.247e-8, 4.020e-7, 3.127e-7, -8.926e-8
0.112, 2.874e-7, 2.418e-7, -4.567e-8, 3.270e-7, 2.715e-7, -5.543e-8, 2.741e-7, 2.289e-7, -4.517e-8, 2.973e-7, 2.463e-7, -5.106e-8, 3.595e-7, 2.862e-7, -7.328e-8, 4.148e-7, 3.241e-7, -9.069e-8, 3.506e-7, 2.788e-7, -7.183e-8, 4.002e-7, 3.111e-7, -8.915e-8
0.108, 2.854e-7, 2.400e-7, -4.532e-8, 3.259e-7, 2.701e-7, -5.577e-8, 2.717e-7, 2.268e-7, -4.486e-8, 2.973e-7, 2.457e-7, -5.159e-8, 3.569e-7, 2.838e-7, -7.309e-8, 4.136e-7, 3.230e-7, -9.058e-8, 3.482e-7, 2.765e-7, -7.169e-8, 3.987e-7, 3.097e-7, -8.897e-8
0.104, 2.828e-7, 2.378e-7, -4.505e-8, 3.245e-7, 2.688e-7, -5.573e-8, 2.702e-7, 2.253e-7, -4.489e-8, 2.963e-7, 2.445e-7, -5.180e-8, 3.540e-7, 2.813e-7, -7.270e-8, 4.106e-7, 3.207e-7, -8.993e-8, 3.446e-7, 2.739e-7, -7.071e-8, 3.963e-7, 3.078e-7, -8.858e-8
0.100, 2.816e-7, 2.366e-7, -4.507e-8, 3.243e-7, 2.677e-7, -5.655e-8, 2.683e-7, 2.232e-7, -4.511e-8, 2.960e-7, 2.436e-7, -5.241e-8, 3.514e-7, 2.791e-7, -7.236e-8, 4.099e-7, 3.194e-7, -9.049e-8, 3.425e-7, 2.721e-7, -7.040e-8, 3.952e-7, 3.059e-7, -8.934e-8
0.096, 2.791e-7, 2.344e-7, -4.474e-8, 3.245e-7, 2.675e-7, -5.707e-8, 2.672e-7, 2.221e-7, -4.514e-8, 2.959e-7, 2.431e-7, -5.287e-8, 3.498e-7, 2.775e-7, -7.223e-8, 4.094e-7, 3.188e-7, -9.062e-8, 3.400e-7, 2.700e-7, -6.993e-8, 3.951e-7, 3.056e-7, -8.947e-8
0.092, 2.778e-7, 2.334e-7, -4.439e-8, 3.243e-7, 2.671e-7, -5.717e-8, 2.657e-7, 2.207e-7, -4.507e-8, 2.965e-7, 2.428e-7, -5.362e-8, 3.479e-7, 2.760e-7, -7.198e-8, 4.082e-7, 3.176e-7, -9.063e-8, 3.388e-7, 2.684e-7, -7.040e-8, 3.935e-7, 3.045e-7, -8.897e-8
0.088, 2.772e-7, 2.322e-7, -4.493e-8, 3.251e-7, 2.668e-7, -5.831e-8, 2.650e-7, 2.199e-7, -4.516e-8, 2.971e-7, 2.427e-7, -5.444e-8, 3.464e-7, 2.747e-7, -7.173e-8, 4.080e-7, 3.172e-7, -9.083e-8, 3.363e-7, 2.664e-7, -6.998e-8, 3.933e-7, 3.038e-7, -8.952e-8
0.084, 2.753e-7, 2.304e-7, -4.492e-8, 3.255e-7, 2.671e-7, -5.831e-8, 2.639e-7, 2.187e-7, -4.522e-8, 2.983e-7, 2.430e-7, -5.525e-8, 3.439e-7, 2.727e-7, -7.124e-8, 4.075e-7, 3.161e-7, -9.147e-8, 3.350e-7, 2.648e-7, -7.015e-8, 3.926e-7, 3.030e-7, -8.968e-8
0.080, 2.741e-7, 2.297e-7, -4.437e-8, 3.257e-7, 2.668e-7, -5.891e-8, 2.630e-7, 2.179e-7, -4.507e-8, 2.976e-7, 2.426e-7, -5.495e-8, 3.430e-7, 2.719e-7, -7.104e-8, 4.073e-7, 3.158e-7, -9.153e-8, 3.324e-7, 2.634e-7, -6.898e-8, 3.918e-7, 3.020e-7, -8.984e-8
0.076, 2.749e-7, 2.295e-7, -4.539e-8, 3.282e-7, 2.677e-7, -6.045e-8, 2.631e-7, 2.172e-7, -4.595e-8, 3.008e-7, 2.440e-7, -5.673e-8, 3.424e-7, 2.708e-7, -7.155e-8, 4.081e-7, 3.156e-7, -9.253e-8, 3.320e-7, 2.624e-7, -6.962e-8, 3.924e-7, 3.018e-7, -9.062e-8
0.072, 2.736e-7, 2.287e-7, -4.487e-8, 3.279e-7, 2.680e-7, -5.991e-8, 2.625e-7, 2.166e-7, -4.585e-8, 3.006e-7, 2.441e-7, -5.645e-8, 3.411e-7, 2.702e-7, -7.098e-8, 4.075e-7, 3.152e-7, -9.234e-8, 3.306e-7, 2.616e-7, -6.904e-8, 3.921e-7, 3.018e-7, -9.031e-8
0.068, 2.741e-7, 2.288e-7, -4.525e-8, 3.301e-7, 2.690e-7, -6.106e-8, 2.619e-7, 2.164e-7, -4.553e-8, 3.028e-7, 2.452e-7, -5.754e-8, 3.402e-7, 2.690e-7, -7.118e-8, 4.082e-7, 3.157e-7, -9.253e-8, 3.299e-7, 2.609e-7, -6.903e-8, 3.931e-7, 3.021e-7, -9.099e-8
0.064, 2.737e-7, 2.285e-7, -4.524e-8, 3.329e-7, 2.710e-7, -6.189e-8, 2.627e-7, 2.164e-7, -4.628e-8, 3.048e-7, 2.465e-7, -5.831e-8, 3.401e-7, 2.688e-7, -7.130e-8, 4.096e-7, 3.167e-7, -9.295e-8, 3.296e-7, 2.602e-7, -6.941e-8, 3.939e-7, 3.024e-7, -9.157e-8
0.060, 2.738e-7, 2.284e-7, -4.536e-8, 3.345e-7, 2.727e-7, -6.180e-8, 2.629e-7, 2.168e-7, -4.617e-8, 3.066e-7, 2.481e-7, -5.849e-8, 3.399e-7, 2.688e-7, -7.112e-8, 4.102e-7, 3.173e-7, -9.291e-8, 3.288e-7, 2.595e-7, -6.927e-8, 3.947e-7, 3.032e-7, -9.145e-8
0.056, 2.747e-7, 2.288e-7, -4.594e-8, 3.380e-7, 2.749e-7, -6.308e-8, 2.635e-7, 2.168e-7, -4.663e-8, 3.096e-7, 2.497e-7, -5.987e-8, 3.398e-7, 2.688e-7, -7.102e-8, 4.121e-7, 3.180e-7, -9.405e-8, 3.290e-7, 2.595e-7, -6.948e-8, 3.957e-7, 3.038e-7, -9.184e-8
0.052, 2.754e-7, 2.295e-7, -4.588e-8, 3.408e-7, 2.772e-7, -6.356e-8, 2.641e-7, 2.170e-7, -4.704e-8, 3.127e-7, 2.521e-7, -6.055e-8, 3.402e-7, 2.688e-7, -7.140e-8, 4.138e-7, 3.196e-7, -9.423e-8, 3.290e-7, 2.594e-7, -6.954e-8, 3.974e-7, 3.049e-7, -9.254e-8
0.048, 2.760e-7, 2.304e-7, -4.561e-8, 3.434e-7, 2.800e-7, -6.344e-8, 2.652e-7, 2.183e-7, -4.696e-8, 3.154e-7, 2.549e-7, -6.051e-8, 3.404e-7, 2.692e-7, -7.116e-8, 4.156e-7, 3.211e-7, -9.452e-8, 3.287e-7, 2.597e-7, -6.904e-8, 3.980e-7, 3.055e-7, -9.252e-8
0.044, 2.778e-7, 2.318e-7, -4.593e-8, 3.485e-7, 2.839e-7, -6.464e-8, 2.671e-7, 2.192e-7, -4.786e-8, 3.198e-7, 2.582e-7, -6.166e-8, 3.418e-7, 2.699e-7, -7.189e-8, 4.181e-7, 3.229e-7, -9.520e-8, 3.296e-7, 2.601e-7, -6.948e-8, 4.004e-7, 3.074e-7, -9.305e-8
0.040, 2.791e-7, 2.333e-7, -4.577e-8, 3.533e-7, 2.885e-7, -6.481e-8, 2.684e-7, 2.209e-7, -4.741e-8, 3.237e-7, 2.619e-7, -6.187e-8, 3.426e-7, 2.714e-7, -7.122e-8, 4.207e-7, 3.257e-7, -9.506e-8, 3.306e-7, 2.611e-7, -6.952e-8, 4.032e-7, 3.098e-7, -9.338e-8
0.036, 2.812e-7, 2.350e-7, -4.624e-8, 3.580e-7, 2.932e-7, -6.482e-8, 2.700e-7, 2.225e-7, -4.750e-8, 3.276e-7, 2.656e-7, -6.198e-8, 3.437e-7, 2.725e-7, -7.122e-8, 4.238e-7, 3.286e-7, -9.528e-8, 3.314e-7, 2.621e-7, -6.934e-8, 4.052e-7, 3.117e-7, -9.351e-8
0.032, 2.831e-7, 2.372e-7, -4.592e-8, 3.639e-7, 2.991e-7, -6.487e-8, 2.724e-7, 2.245e-7, -4.787e-8, 3.332e-7, 2.708e-7, -6.236e-8, 3.445e-7, 2.736e-7, -7.089e-8, 4.276e-7, 3.324e-7, -9.521e-8, 3.325e-7, 2.631e-7, -6.946e-8, 4.085e-7, 3.149e-7, -9.363e-8
0.028, 2.869e-7, 2.406e-7, -4.629e-8, 3.716e-7, 3.063e-7, -6.523e-8, 2.759e-7, 2.275e-7, -4.838e-8, 3.398e-7, 2.769e-7, -6.292e-8, 3.480e-7, 2.765e-7, -7.150e-8, 4.318e-7, 3.358e-7, -9.601e-8, 3.348e-7, 2.649e-7, -6.986e-8, 4.127e-7, 3.186e-7, -9.419e-8
0.024, 2.896e-7, 2.439e-7, -4.569e-8, 3.795e-7, 3.142e-7, -6.526e-8, 2.785e-7, 2.307e-7, -4.774e-8, 3.463e-7, 2.837e-7, -6.256e-8, 3.505e-7, 2.792e-7, -7.123e-8, 4.370e-7, 3.412e-7, -9.573e-8, 3.363e-7, 2.672e-7, -6.908e-8, 4.163e-7, 3.228e-7, -9.347e-8
0.020, 2.939e-7, 2.481e-7, -4.576e-8, 3.874e-7, 3.230e-7, -6.444e-8, 2.824e-7, 2.346e-7, -4.779e-8, 3.536e-7, 2.914e-7, -6.224e-8, 3.532e-7, 2.823e-7, -7.096e-8, 4.427e-7, 3.470e-7, -9.573e-8, 3.393e-7, 2.701e-7, -6.918e-8, 4.212e-7, 3.272e-7, -9.397e-8
0.016, 2.976e-7, 2.527e-7, -4.496e-8, 3.973e-7, 3.340e-7, -6.326e-8, 2.861e-7, 2.390e-7, -4.710e-8, 3.616e-7, 3.005e-7, -6.106e-8, 3.559e-7, 2.861e-7, -6.982e-8, 4.481e-7, 3.530e-7, -9.506e-8, 3.417e-7, 2.729e-7, -6.885e-8, 4.265e-7, 3.331e-7, -9.339e-8
0.012, 3.027e-7, 2.583e-7, -4.440e-8, 4.079e-7, 3.453e-7, -6.263e-8, 2.915e-7, 2.442e-7, -4.730e-8, 3.711e-7, 3.101e-7, -6.103e-8, 3.607e-7, 2.903e-7, -7.038e-8, 4.549e-7, 3.598e-7, -9.506e-8, 3.452e-7, 2.763e-7, -6.884e-8, 4.319e-7, 3.387e-7, -9.323e-8
0.008, 3.079e-7, 2.640e-7, -4.385e-8, 4.199e-7, 3.590e-7, -6.096e-8, 2.959e-7, 2.493e-7, -4.663e-8, 3.822e-7, 3.221e-7, -6.016e-8, 3.646e-7, 2.948e-7, -6.979e-8, 4.623e-7, 3.682e-7, -9.410e-8, 3.488e-7, 2.804e-7, -6.834e-8, 4.375e-7, 3.449e-7, -9.254e-8
0.004, 3.150e-7, 2.718e-7, -4.319e-8, 4.346e-7, 3.750e-7, -5.958e-8, 3.023e-7, 2.563e-7, -4.602e-8, 3.943e-7, 3.356e-7, -5.871e-8, 3.701e-7, 3.013e-7, -6.884e-8, 4.715e-7, 3.782e-7, -9.336e-8, 3.538e-7, 2.855e-7, -6.829e-8, 4.458e-7, 3.537e-7, -9.209e-8
-0.000, 3.219e-7, 2.800e-7, -4.193e-8, 4.492e-7, 3.919e-7, -5.727e-8, 3.087e-7, 2.634e-7, -4.525e-8, 4.072e-7, 3.502e-7, -5.698e-8, 3.762e-7, 3.078e-7, -6.837e-8, 4.811e-7, 3.887e-7, -9.244e-8, 3.582e-7, 2.906e-7, -6.760e-8, 4.548e-7, 3.632e-7, -9.169e-8
