0.004, -2.038e-7, 1.230e-6, 1.434e-6, 9.880e-7, 1.054e-6, 9.217e-7, -1.785e-7, 1.214e-6, 1.393e-6, 1.072e-6, 1.143e-6, 1.002e-6, -2.329e-7, 1.297e-6, 1.530e-6, 9.544e-7, 1.021e-6, 8.874e-7, -2.227e-7, 1.229e-6, 1.452e-6, 9.143e-7, 9.811e-7, 8.476e-7
0.008, -3.008e-7, 8.327e-7, 1.134e-6, 7.863e-7, 8.232e-7, 7.494e-7, -2.813e-7, 8.250e-7, 1.106e-6, 8.501e-7, 8.872e-7, 8.130e-7, -3.727e-7, 8.090e-7, 1.182e-6, 7.445e-7, 7.794e-7, 7.096e-7, -3.582e-7, 7.572e-7, 1.115e-6, 7.078e-7, 7.408e-7, 6.748e-7
0.012, -3.116e-7, 6.450e-7, 9.566e-7, 6.665e-7, 6.886e-7, 6.444e-7, -2.918e-7, 6.445e-7, 9.363e-7, 7.138e-7, 7.388e-7, 6.887e-7, -3.796e-7, 6.021e-7, 9.817e-7, 6.180e-7, 6.413e-7, 5.947e-7, -3.628e-7, 5.568e-7, 9.196e-7, 5.845e-7, 6.075e-7, 5.614e-7
0.016, -3.037e-7, 5.260e-7, 8.297e-7, 5.812e-7, 5.999e-7, 5.625e-7, -2.858e-7, 5.254e-7, 8.112e-7, 6.206e-7, 6.368e-7, 6.043e-7, -3.799e-7, 4.681e-7, 8.480e-7, 5.335e-7, 5.492e-7, 5.179e-7, -3.651e-7, 4.273e-7, 7.924e-7, 4.999e-7, 5.133e-7, 4.866e-7
0.020, -3.043e-7, 4.306e-7, 7.349e-7, 5.170e-7, 5.293e-7, 5.047e-7, -2.791e-7, 4.412e-7, 7.203e-7, 5.501e-7, 5.651e-7, 5.352e-7, -3.586e-7, 3.823e-7, 7.409e-7, 4.698e-7, 4.832e-7, 4.563e-7, -3.533e-7, 3.394e-7, 6.927e-7, 4.392e-7, 4.470e-7, 4.314e-7
0.024, -2.936e-7, 3.655e-7, 6.591e-7, 4.657e-7, 4.771e-7, 4.544e-7, -2.769e-7, 3.701e-7, 6.471e-7, 4.955e-7, 5.038e-7, 4.872e-7, -3.621e-7, 3.030e-7, 6.651e-7, 4.184e-7, 4.289e-7, 4.078e-7, -3.457e-7, 2.713e-7, 6.169e-7, 3.908e-7, 3.998e-7, 3.819e-7
0.028, -2.871e-7, 3.111e-7, 5.982e-7, 4.244e-7, 4.356e-7, 4.132e-7, -2.649e-7, 3.199e-7, 5.848e-7, 4.497e-7, 4.580e-7, 4.414e-7, -3.522e-7, 2.482e-7, 6.003e-7, 3.789e-7, 3.849e-7, 3.729e-7, -3.433e-7, 2.171e-7, 5.604e-7, 3.533e-7, 3.581e-7, 3.485e-7
0.032, -2.845e-7, 2.646e-7, 5.491e-7, 3.901e-7, 3.975e-7, 3.827e-7, -2.644e-7, 2.746e-7, 5.390e-7, 4.128e-7, 4.203e-7, 4.053e-7, -3.449e-7, 2.004e-7, 5.454e-7, 3.421e-7, 3.491e-7, 3.352e-7, -3.341e-7, 1.729e-7, 5.070e-7, 3.171e-7, 3.223e-7, 3.120e-7
0.036, -2.797e-7, 2.248e-7, 5.045e-7, 3.572e-7, 3.597e-7, 3.547e-7, -2.649e-7, 2.317e-7, 4.966e-7, 3.808e-7, 3.841e-7, 3.774e-7, -3.344e-7, 1.672e-7, 5.016e-7, 3.179e-7, 3.262e-7, 3.096e-7, -3.235e-7, 1.398e-7, 4.632e-7, 2.885e-7, 2.940e-7, 2.830e-7
0.040, -2.740e-7, 1.948e-7, 4.688e-7, 3.327e-7, 3.371e-7, 3.284e-7, -2.586e-7, 2.017e-7, 4.603e-7, 3.522e-7, 3.563e-7, 3.480e-7, -3.341e-7, 1.318e-7, 4.660e-7, 2.918e-7, 2.949e-7, 2.886e-7, -3.209e-7, 1.088e-7, 4.297e-7, 2.687e-7, 2.722e-7, 2.651e-7
0.044, -2.686e-7, 1.649e-7, 4.335e-7, 3.099e-7, 3.142e-7, 3.056e-7, -2.551e-7, 1.741e-7, 4.292e-7, 3.318e-7, 3.356e-7, 3.281e-7, -3.306e-7, 1.059e-7, 4.366e-7, 2.714e-7, 2.746e-7, 2.682e-7, -3.222e-7, 7.998e-8, 4.021e-7, 2.444e-7, 2.455e-7, 2.433e-7
0.048, -2.626e-7, 1.420e-7, 4.046e-7, 2.933e-7, 2.978e-7, 2.888e-7, -2.509e-7, 1.478e-7, 3.988e-7, 3.080e-7, 3.097e-7, 3.064e-7, -3.308e-7, 7.661e-8, 4.074e-7, 2.496e-7, 2.540e-7, 2.451e-7, -3.191e-7, 5.770e-8, 3.768e-7, 2.298e-7, 2.312e-7, 2.284e-7
0.052, -2.602e-7, 1.201e-7, 3.803e-7, 2.742e-7, 2.802e-7, 2.682e-7, -2.431e-7, 1.300e-7, 3.732e-7, 2.880e-7, 2.870e-7, 2.889e-7, -3.314e-7, 5.213e-8, 3.835e-7, 2.335e-7, 2.361e-7, 2.308e-7, -3.155e-7, 3.554e-8, 3.510e-7, 2.144e-7, 2.165e-7, 2.123e-7
0.056, -2.544e-7, 1.038e-7, 3.582e-7, 2.596e-7, 2.643e-7, 2.548e-7, -2.445e-7, 1.067e-7, 3.512e-7, 2.714e-7, 2.718e-7, 2.710e-7, -3.298e-7, 3.210e-8, 3.619e-7, 2.189e-7, 2.185e-7, 2.192e-7, -3.127e-7, 1.926e-8, 3.319e-7, 1.992e-7, 2.012e-7, 1.973e-7
0.060, -2.605e-7, 8.015e-8, 3.406e-7, 2.452e-7, 2.478e-7, 2.426e-7, -2.461e-7, 9.017e-8, 3.362e-7, 2.573e-7, 2.566e-7, 2.579e-7, -3.228e-7, 1.916e-8, 3.419e-7, 2.061e-7, 2.077e-7, 2.045e-7, -3.078e-7, 1.469e-9, 3.093e-7, 1.871e-7, 1.870e-7, 1.872e-7
0.064, -2.598e-7, 6.508e-8, 3.249e-7, 2.306e-7, 2.355e-7, 2.258e-7, -2.421e-7, 7.417e-8, 3.162e-7, 2.438e-7, 2.452e-7, 2.425e-7, -3.194e-7, 5.878e-9, 3.253e-7, 1.963e-7, 1.975e-7, 1.951e-7, -3.128e-7, -1.173e-8, 3.011e-7, 1.752e-7, 1.741e-7, 1.763e-7
0.068, -2.610e-7, 4.786e-8, 3.088e-7, 2.172e-7, 2.186e-7, 2.157e-7, -2.398e-7, 6.011e-8, 2.999e-7, 2.292e-7, 2.316e-7, 2.268e-7, -3.166e-7, -6.011e-9, 3.106e-7, 1.883e-7, 1.907e-7, 1.860e-7, -3.092e-7, -2.341e-8, 2.858e-7, 1.671e-7, 1.645e-7, 1.698e-7
0.072, -2.541e-7, 3.871e-8, 2.929e-7, 2.099e-7, 2.126e-7, 2.073e-7, -2.433e-7, 4.519e-8, 2.885e-7, 2.188e-7, 2.185e-7, 2.191e-7, -3.204e-7, -2.356e-8, 2.968e-7, 1.723e-7, 1.715e-7, 1.732e-7, -3.107e-7, -3.834e-8, 2.723e-7, 1.575e-7, 1.576e-7, 1.575e-7
0.076, -2.595e-7, 2.470e-8, 2.842e-7, 1.989e-7, 1.997e-7, 1.981e-7, -2.423e-7, 3.409e-8, 2.764e-7, 2.068e-7, 2.070e-7, 2.066e-7, -3.204e-7, -3.522e-8, 2.851e-7, 1.639e-7, 1.638e-7, 1.640e-7, -3.099e-7, -4.852e-8, 2.614e-7, 1.484e-7, 1.487e-7, 1.481e-7
0.080, -2.581e-7, 1.426e-8, 2.724e-7, 1.925e-7, 1.932e-7, 1.918e-7, -2.430e-7, 2.169e-8, 2.646e-7, 1.980e-7, 1.981e-7, 1.980e-7, -3.207e-7, -4.990e-8, 2.708e-7, 1.549e-7, 1.533e-7, 1.565e-7, -3.139e-7, -6.307e-8, 2.509e-7, 1.403e-7, 1.398e-7, 1.408e-7
0.084, -2.587e-7, 2.300e-10, 2.589e-7, 1.813e-7, 1.836e-7, 1.790e-7, -2.414e-7, 1.063e-8, 2.521e-7, 1.885e-7, 1.893e-7, 1.877e-7, -3.192e-7, -5.635e-8, 2.629e-7, 1.486e-7, 1.485e-7, 1.487e-7, -3.155e-7, -7.318e-8, 2.423e-7, 1.344e-7, 1.338e-7, 1.351e-7
0.088, -2.564e-7, -7.604e-9, 2.488e-7, 1.752e-7, 1.764e-7, 1.740e-7, -2.442e-7, 1.883e-9, 2.460e-7, 1.827e-7, 1.823e-7, 1.831e-7, -3.253e-7, -6.880e-8, 2.565e-7, 1.423e-7, 1.393e-7, 1.453e-7, -3.112e-7, -8.026e-8, 2.310e-7, 1.242e-7, 1.240e-7, 1.243e-7
0.092, -2.597e-7, -1.673e-8, 2.430e-7, 1.679e-7, 1.718e-7, 1.641e-7, -2.424e-7, -5.734e-9, 2.367e-7, 1.736e-7, 1.728e-7, 1.745e-7, -3.245e-7, -7.643e-8, 2.480e-7, 1.364e-7, 1.354e-7, 1.373e-7, -3.139e-7, -8.780e-8, 2.261e-7, 1.209e-7, 1.196e-7, 1.222e-7
0.096, -2.600e-7, -2.574e-8, 2.343e-7, 1.618e-7, 1.638e-7, 1.598e-7, -2.420e-7, -1.591e-8, 2.261e-7, 1.661e-7, 1.659e-7, 1.663e-7, -3.266e-7, -8.731e-8, 2.393e-7, 1.282e-7, 1.254e-7, 1.309e-7, -3.169e-7, -9.369e-8, 2.232e-7, 1.172e-7, 1.171e-7, 1.173e-7
0.100, -2.617e-7, -3.492e-8, 2.268e-7, 1.531e-7, 1.542e-7, 1.521e-7, -2.457e-7, -2.365e-8, 2.221e-7, 1.603e-7, 1.597e-7, 1.608e-7, -3.278e-7, -9.481e-8, 2.330e-7, 1.251e-7, 1.244e-7, 1.257e-7, -3.170e-7, -1.027e-7, 2.143e-7, 1.079e-7, 1.068e-7, 1.091e-7
0.104, -2.599e-7, -4.254e-8, 2.173e-7, 1.503e-7, 1.510e-7, 1.497e-7, -2.494e-7, -2.997e-8, 2.195e-7, 1.570e-7, 1.541e-7, 1.598e-7, -3.327e-7, -1.036e-7, 2.292e-7, 1.152e-7, 1.128e-7, 1.176e-7, -3.224e-7, -1.159e-7, 2.065e-7, 1.037e-7, 1.036e-7, 1.038e-7
0.108, -2.618e-7, -4.758e-8, 2.142e-7, 1.454e-7, 1.491e-7, 1.417e-7, -2.478e-7, -3.899e-8, 2.088e-7, 1.484e-7, 1.472e-7, 1.496e-7, -3.353e-7, -1.134e-7, 2.218e-7, 1.124e-7, 1.101e-7, 1.146e-7, -3.263e-7, -1.234e-7, 2.029e-7, 9.950e-8, 9.779e-8, 1.012e-7
0.112, -2.679e-7, -5.685e-8, 2.110e-7, 1.397e-7, 1.433e-7, 1.361e-7, -2.479e-7, -4.438e-8, 2.035e-7, 1.431e-7, 1.433e-7, 1.429e-7, -3.354e-7, -1.180e-7, 2.173e-7, 1.082e-7, 1.075e-7, 1.088e-7, -3.301e-7, -1.288e-7, 2.012e-7, 9.621e-8, 9.273e-8, 9.969e-8
0.116, -2.697e-7, -6.580e-8, 2.039e-7, 1.338e-7, 1.339e-7, 1.337e-7, -2.605e-7, -5.718e-8, 2.033e-7, 1.378e-7, 1.342e-7, 1.413e-7, -3.392e-7, -1.250e-7, 2.142e-7, 1.059e-7, 1.024e-7, 1.093e-7, -3.287e-7, -1.325e-7, 1.962e-7, 9.256e-8, 9.283e-8, 9.230e-8
0.120, -2.748e-7, -7.044e-8, 2.043e-7, 1.325e-7, 1.333e-7, 1.318e-7, -2.573e-7, -6.118e-8, 1.961e-7, 1.321e-7, 1.302e-7, 1.339e-7, -3.447e-7, -1.333e-7, 2.114e-7, 1.025e-7, 9.982e-8, 1.052e-7, -3.362e-7, -1.407e-7, 1.955e-7, 9.062e-8, 8.744e-8, 9.380e-8
0.124, -2.798e-7, -8.385e-8, 1.960e-7, 1.250e-7, 1.252e-7, 1.248e-7, -2.587e-7, -6.768e-8, 1.910e-7, 1.293e-7, 1.295e-7, 1.291e-7, -3.434e-7, -1.388e-7, 2.046e-7, 9.979e-8, 9.875e-8, 1.008e-7, -3.398e-7, -1.481e-7, 1.917e-7, 8.468e-8, 8.082e-8, 8.854e-8
0.128, -2.809e-7, -8.782e-8, 1.931e-7, 1.248e-7, 1.275e-7, 1.221e-7, -2.627e-7, -7.442e-8, 1.883e-7, 1.255e-7, 1.236e-7, 1.274e-7, -3.502e-7, -1.450e-7, 2.052e-7, 9.362e-8, 9.294e-8, 9.430e-8, -3.388e-7, -1.519e-7, 1.868e-7, 8.271e-8, 7.968e-8, 8.574e-8
0.132, -2.870e-7, -9.392e-8, 1.931e-7, 1.182e-7, 1.180e-7, 1.183e-7, -2.685e-7, -8.523e-8, 1.833e-7, 1.222e-7, 1.209e-7, 1.236e-7, -3.519e-7, -1.523e-7, 1.996e-7, 9.279e-8, 9.154e-8, 9.404e-8, -3.446e-7, -1.574e-7, 1.872e-7, 8.067e-8, 7.631e-8, 8.503e-8
0.136, -2.900e-7, -1.010e-7, 1.890e-7, 1.160e-7, 1.154e-7, 1.167e-7, -2.732e-7, -8.948e-8, 1.837e-7, 1.167e-7, 1.145e-7, 1.188e-7, -3.612e-7, -1.612e-7, 2.000e-7, 8.845e-8, 8.639e-8, 9.052e-8, -3.513e-7, -1.670e-7, 1.843e-7, 7.676e-8, 7.314e-8, 8.038e-8
0.140, -2.929e-7, -1.087e-7, 1.842e-7, 1.125e-7, 1.145e-7, 1.105e-7, -2.720e-7, -9.567e-8, 1.763e-7, 1.132e-7, 1.120e-7, 1.144e-7, -3.681e-7, -1.693e-7, 1.988e-7, 8.554e-8, 8.274e-8, 8.834e-8, -3.574e-7, -1.715e-7, 1.860e-7, 7.448e-8, 7.140e-8, 7.756e-8
0.144, -2.913e-7, -1.103e-7, 1.810e-7, 1.082e-7, 1.094e-7, 1.070e-7, -2.800e-7, -1.029e-7, 1.771e-7, 1.095e-7, 1.042e-7, 1.149e-7, -3.737e-7, -1.756e-7, 1.981e-7, 8.225e-8, 7.822e-8, 8.629e-8, -3.587e-7, -1.763e-7, 1.824e-7, 7.398e-8, 7.549e-8, 7.246e-8
0.148, -3.026e-7, -1.189e-7, 1.836e-7, 1.072e-7, 1.071e-7, 1.072e-7, -2.835e-7, -1.064e-7, 1.772e-7, 1.065e-7, 1.026e-7, 1.105e-7, -3.734e-7, -1.795e-7, 1.939e-7, 8.125e-8, 8.102e-8, 8.148e-8, -3.641e-7, -1.818e-7, 1.823e-7, 7.148e-8, 6.958e-8, 7.339e-8
0.152, -3.038e-7, -1.228e-7, 1.810e-7, 1.047e-7, 1.074e-7, 1.019e-7, -2.837e-7, -1.092e-7, 1.745e-7, 1.031e-7, 9.930e-8, 1.069e-7, -3.806e-7, -1.887e-7, 1.920e-7, 7.559e-8, 7.374e-8, 7.743e-8, -3.722e-7, -1.934e-7, 1.787e-7, 6.698e-8, 6.554e-8, 6.842e-8
0.156, -3.127e-7, -1.313e-7, 1.815e-7, 1.025e-7, 1.018e-7, 1.032e-7, -2.961e-7, -1.201e-7, 1.760e-7, 1.015e-7, 9.730e-8, 1.058e-7, -3.881e-7, -1.944e-7, 1.937e-7, 7.529e-8, 7.209e-8, 7.849e-8, -3.756e-7, -1.974e-7, 1.782e-7, 6.428e-8, 6.412e-8, 6.443e-8
0.160, -3.214e-7, -1.414e-7, 1.801e-7, 9.888e-8, 1.002e-7, 9.754e-8, -2.936e-7, -1.252e-7, 1.685e-7, 9.967e-8, 9.943e-8, 9.990e-8, -3.945e-7, -1.984e-7, 1.961e-7, 7.523e-8, 7.192e-8, 7.854e-8, -3.879e-7, -2.043e-7, 1.837e-7, 6.722e-8, 6.308e-8, 7.135e-8
0.164, -3.258e-7, -1.465e-7, 1.792e-7, 9.761e-8, 9.779e-8, 9.744e-8, -3.028e-7, -1.308e-7, 1.720e-7, 9.684e-8, 9.484e-8, 9.884e-8, -3.982e-7, -2.045e-7, 1.937e-7, 7.145e-8, 7.103e-8, 7.186e-8, -3.936e-7, -2.113e-7, 1.822e-7, 6.484e-8, 6.091e-8, 6.877e-8
0.168, -3.307e-7, -1.499e-7, 1.809e-7, 9.501e-8, 9.605e-8, 9.397e-8, -3.075e-7, -1.367e-7, 1.708e-7, 9.473e-8, 9.404e-8, 9.541e-8, -4.126e-7, -2.182e-7, 1.944e-7, 7.002e-8, 6.498e-8, 7.506e-8, -4.056e-7, -2.196e-7, 1.860e-7, 6.211e-8, 5.671e-8, 6.750e-8
0.172, -3.405e-7, -1.613e-7, 1.792e-7, 9.284e-8, 9.354e-8, 9.214e-8, -3.173e-7, -1.461e-7, 1.712e-7, 9.133e-8, 8.937e-8, 9.330e-8, -4.175e-7, -2.228e-7, 1.946e-7, 6.793e-8, 6.459e-8, 7.127e-8, -4.064e-7, -2.235e-7, 1.829e-7, 5.953e-8, 5.553e-8, 6.353e-8
0.176, -3.508e-7, -1.701e-7, 1.807e-7, 9.177e-8, 8.931e-8, 9.422e-8, -3.257e-7, -1.546e-7, 1.711e-7, 8.885e-8, 8.517e-8, 9.254e-8, -4.221e-7, -2.274e-7, 1.947e-7, 6.661e-8, 6.439e-8, 6.883e-8, -4.146e-7, -2.315e-7, 1.830e-7, 5.767e-8, 5.618e-8, 5.917e-8
0.180, -3.568e-7, -1.766e-7, 1.802e-7, 9.042e-8, 9.069e-8, 9.016e-8, -3.319e-7, -1.591e-7, 1.728e-7, 8.744e-8, 8.557e-8, 8.930e-8, -4.317e-7, -2.357e-7, 1.960e-7, 6.512e-8, 6.266e-8, 6.757e-8, -4.252e-7, -2.403e-7, 1.850e-7, 5.640e-8, 5.213e-8, 6.066e-8
0.184, -3.591e-7, -1.793e-7, 1.798e-7, 9.037e-8, 9.088e-8, 8.985e-8, -3.384e-7, -1.631e-7, 1.753e-7, 8.514e-8, 8.296e-8, 8.731e-8, -4.469e-7, -2.479e-7, 1.990e-7, 6.211e-8, 5.546e-8, 6.876e-8, -4.412e-7, -2.530e-7, 1.882e-7, 5.701e-8, 5.196e-8, 6.205e-8
0.188, -3.742e-7, -1.911e-7, 1.830e-7, 8.449e-8, 8.425e-8, 8.472e-8, -3.465e-7, -1.752e-7, 1.713e-7, 8.428e-8, 8.349e-8, 8.508e-8, -4.537e-7, -2.520e-7, 2.016e-7, 6.443e-8, 6.224e-8, 6.662e-8, -4.478e-7, -2.555e-7, 1.923e-7, 5.444e-8, 5.068e-8, 5.819e-8
0.192, -3.804e-7, -1.968e-7, 1.837e-7, 8.369e-8, 8.380e-8, 8.358e-8, -3.577e-7, -1.825e-7, 1.752e-7, 8.169e-8, 7.669e-8, 8.668e-8, -4.652e-7, -2.629e-7, 2.024e-7, 6.191e-8, 5.886e-8, 6.495e-8, -4.565e-7, -2.652e-7, 1.914e-7, 5.367e-8, 5.066e-8, 5.668e-8
0.196, -3.985e-7, -2.095e-7, 1.890e-7, 8.308e-8, 8.024e-8, 8.593e-8, -3.656e-7, -1.891e-7, 1.764e-7, 8.137e-8, 7.926e-8, 8.348e-8, -4.718e-7, -2.671e-7, 2.047e-7, 5.950e-8, 5.695e-8, 6.205e-8, -4.729e-7, -2.757e-7, 1.973e-7, 5.250e-8, 4.654e-8, 5.845e-8
0.200, -4.014e-7, -2.136e-7, 1.878e-7, 8.015e-8, 8.004e-8, 8.025e-8, -3.791e-7, -1.990e-7, 1.801e-7, 7.837e-8, 7.537e-8, 8.137e-8, -4.907e-7, -2.826e-7, 2.081e-7, 6.268e-8, 5.756e-8, 6.781e-8, -4.810e-7, -2.815e-7, 1.994e-7, 5.198e-8, 4.832e-8, 5.564e-8
0.204, -4.161e-7, -2.243e-7, 1.918e-7, 8.058e-8, 8.014e-8, 8.102e-8, -3.893e-7, -2.064e-7, 1.828e-7, 7.666e-8, 7.484e-8, 7.848e-8, -4.989e-7, -2.901e-7, 2.088e-7, 5.618e-8, 5.113e-8, 6.124e-8, -4.937e-7, -2.933e-7, 2.004e-7, 5.108e-8, 4.425e-8, 5.791e-8
0.208, -4.255e-7, -2.369e-7, 1.886e-7, 7.509e-8, 7.419e-8, 7.599e-8, -4.001e-7, -2.165e-7, 1.836e-7, 7.755e-8, 7.186e-8, 8.324e-8, -5.133e-7, -2.958e-7, 2.175e-7, 5.865e-8, 5.416e-8, 6.314e-8, -5.042e-7, -2.999e-7, 2.043e-7, 4.950e-8, 4.617e-8, 5.284e-8
0.212, -4.420e-7, -2.474e-7, 1.946e-7, 7.681e-8, 7.368e-8, 7.995e-8, -4.161e-7, -2.251e-7, 1.909e-7, 7.675e-8, 7.064e-8, 8.286e-8, -5.273e-7, -3.064e-7, 2.209e-7, 5.700e-8, 5.295e-8, 6.106e-8, -5.194e-7, -3.105e-7, 2.089e-7, 4.759e-8, 4.361e-8, 5.158e-8
0.216, -4.519e-7, -2.553e-7, 1.966e-7, 7.684e-8, 7.648e-8, 7.720e-8, -4.274e-7, -2.346e-7, 1.928e-7, 7.531e-8, 6.909e-8, 8.154e-8, -5.437e-7, -3.200e-7, 2.237e-7, 5.481e-8, 5.092e-8, 5.870e-8, -5.347e-7, -3.236e-7, 2.111e-7, 4.542e-8, 4.228e-8, 4.856e-8
0.220, -4.631e-7, -2.617e-7, 2.014e-7, 7.765e-8, 7.468e-8, 8.062e-8, -4.403e-7, -2.460e-7, 1.943e-7, 7.161e-8, 6.752e-8, 7.570e-8, -5.571e-7, -3.331e-7, 2.240e-7, 5.372e-8, 4.925e-8, 5.819e-8, -5.492e-7, -3.329e-7, 2.163e-7, 4.817e-8, 4.389e-8, 5.245e-8
0.224, -4.791e-7, -2.735e-7, 2.056e-7, 7.411e-8, 7.150e-8, 7.673e-8, -4.508e-7, -2.540e-7, 1.968e-7, 6.929e-8, 6.666e-8, 7.192e-8, -5.709e-7, -3.426e-7, 2.284e-7, 5.400e-8, 5.042e-8, 5.759e-8, -5.650e-7, -3.432e-7, 2.218e-7, 4.873e-8, 4.399e-8, 5.347e-8
0.228, -4.957e-7, -2.880e-7, 2.077e-7, 7.215e-8, 7.207e-8, 7.223e-8, -4.645e-7, -2.639e-7, 2.007e-7, 7.125e-8, 6.888e-8, 7.362e-8, -5.870e-7, -3.516e-7, 2.353e-7, 5.034e-8, 4.660e-8, 5.409e-8, -5.840e-7, -3.590e-7, 2.250e-7, 4.466e-8, 3.847e-8, 5.084e-8
0.232, -5.125e-7, -2.973e-7, 2.152e-7, 7.215e-8, 6.872e-8, 7.557e-8, -4.831e-7, -2.768e-7, 2.063e-7, 6.924e-8, 6.263e-8, 7.584e-8, -6.020e-7, -3.622e-7, 2.398e-7, 5.294e-8, 4.976e-8, 5.612e-8, -5.959e-7, -3.656e-7, 2.303e-7, 4.458e-8, 4.216e-8, 4.700e-8
0.236, -5.266e-7, -3.078e-7, 2.188e-7, 7.259e-8, 7.359e-8, 7.159e-8, -4.895e-7, -2.831e-7, 2.064e-7, 6.714e-8, 6.351e-8, 7.076e-8, -6.187e-7, -3.756e-7, 2.431e-7, 4.964e-8, 4.280e-8, 5.648e-8, -6.188e-7, -3.818e-7, 2.370e-7, 4.381e-8, 3.735e-8, 5.026e-8
0.240, -5.446e-7, -3.191e-7, 2.255e-7, 7.179e-8, 6.913e-8, 7.444e-8, -5.096e-7, -2.982e-7, 2.114e-7, 6.441e-8, 6.121e-8, 6.762e-8, -6.379e-7, -3.898e-7, 2.481e-7, 4.883e-8, 4.322e-8, 5.444e-8, -6.395e-7, -3.953e-7, 2.442e-7, 4.515e-8, 3.949e-8, 5.080e-8
0.244, -5.599e-7, -3.336e-7, 2.264e-7, 6.724e-8, 6.488e-8, 6.960e-8, -5.294e-7, -3.134e-7, 2.160e-7, 6.430e-8, 6.187e-8, 6.672e-8, -6.566e-7, -4.004e-7, 2.563e-7, 5.170e-8, 4.646e-8, 5.693e-8, -6.578e-7, -4.079e-7, 2.499e-7, 4.393e-8, 3.721e-8, 5.066e-8
0.248, -5.786e-7, -3.463e-7, 2.323e-7, 6.891e-8, 6.534e-8, 7.248e-8, -5.491e-7, -3.234e-7, 2.257e-7, 6.335e-8, 5.898e-8, 6.771e-8, -6.772e-7, -4.165e-7, 2.607e-7, 4.708e-8, 4.299e-8, 5.117e-8, -6.794e-7, -4.223e-7, 2.571e-7, 4.440e-8, 3.850e-8, 5.030e-8
0.252, -6.013e-7, -3.620e-7, 2.393e-7, 6.628e-8, 6.092e-8, 7.165e-8, -5.712e-7, -3.391e-7, 2.321e-7, 6.295e-8, 5.771e-8, 6.819e-8, -6.975e-7, -4.300e-7, 2.676e-7, 5.102e-8, 4.767e-8, 5.437e-8, -6.940e-7, -4.351e-7, 2.590e-7, 4.218e-8, 3.602e-8, 4.834e-8
0.256, -6.156e-7, -3.733e-7, 2.423e-7, 6.695e-8, 6.496e-8, 6.894e-8, -5.887e-7, -3.499e-7, 2.388e-7, 6.404e-8, 5.820e-8, 6.987e-8, -7.210e-7, -4.469e-7, 2.741e-7, 4.939e-8, 4.147e-8, 5.732e-8, -7.269e-7, -4.564e-7, 2.705e-7, 3.963e-8, 3.531e-8, 4.395e-8
0.260, -6.352e-7, -3.884e-7, 2.468e-7, 6.782e-8, 6.594e-8, 6.970e-8, -6.122e-7, -3.675e-7, 2.447e-7, 6.435e-8, 5.753e-8, 7.118e-8, -7.435e-7, -4.624e-7, 2.811e-7, 4.589e-8, 3.974e-8, 5.203e-8, -7.479e-7, -4.713e-7, 2.766e-7, 4.072e-8, 3.517e-8, 4.627e-8
0.264, -6.573e-7, -4.043e-7, 2.530e-7, 6.768e-8, 6.556e-8, 6.981e-8, -6.320e-7, -3.813e-7, 2.508e-7, 6.361e-8, 5.716e-8, 7.006e-8, -7.712e-7, -4.799e-7, 2.912e-7, 4.744e-8, 3.846e-8, 5.642e-8, -7.673e-7, -4.869e-7, 2.804e-7, 3.984e-8, 3.586e-8, 4.383e-8
0.268, -6.767e-7, -4.184e-7, 2.583e-7, 6.604e-8, 6.454e-8, 6.754e-8, -6.545e-7, -3.982e-7, 2.562e-7, 6.216e-8, 5.522e-8, 6.910e-8, -7.959e-7, -4.990e-7, 2.968e-7, 4.925e-8, 4.251e-8, 5.599e-8, -7.924e-7, -5.022e-7, 2.901e-7, 4.117e-8, 3.675e-8, 4.560e-8
0.272, -7.038e-7, -4.382e-7, 2.656e-7, 6.571e-8, 6.276e-8, 6.867e-8, -6.789e-7, -4.135e-7, 2.655e-7, 6.365e-8, 5.840e-8, 6.889e-8, -8.148e-7, -5.113e-7, 3.035e-7, 4.898e-8, 4.153e-8, 5.642e-8, -8.159e-7, -5.206e-7, 2.953e-7, 4.207e-8, 3.638e-8, 4.777e-8
0.276, -7.279e-7, -4.564e-7, 2.715e-7, 6.389e-8, 5.788e-8, 6.991e-8, -7.021e-7, -4.294e-7, 2.727e-7, 6.389e-8, 5.825e-8, 6.953e-8, -8.394e-7, -5.291e-7, 3.103e-7, 4.862e-8, 4.394e-8, 5.329e-8, -8.407e-7, -5.392e-7, 3.016e-7, 4.068e-8, 3.401e-8, 4.734e-8
0.280, -7.508e-7, -4.752e-7, 2.756e-7, 6.617e-8, 6.153e-8, 7.080e-8, -7.236e-7, -4.468e-7, 2.768e-7, 5.936e-8, 5.318e-8, 6.555e-8, -8.662e-7, -5.507e-7, 3.155e-7, 4.839e-8, 4.132e-8, 5.547e-8, -8.625e-7, -5.551e-7, 3.074e-7, 4.075e-8, 3.382e-8, 4.767e-8
0.284, -7.709e-7, -4.889e-7, 2.819e-7, 6.520e-8, 6.242e-8, 6.799e-8, -7.489e-7, -4.632e-7, 2.857e-7, 6.320e-8, 5.690e-8, 6.951e-8, -8.876e-7, -5.671e-7, 3.206e-7, 4.764e-8, 4.143e-8, 5.385e-8, -8.848e-7, -5.722e-7, 3.126e-7, 4.017e-8, 3.321e-8, 4.713e-8
0.288, -7.924e-7, -5.041e-7, 2.883e-7, 6.738e-8, 6.375e-8, 7.101e-8, -7.679e-7, -4.763e-7, 2.916e-7, 6.267e-8, 5.839e-8, 6.695e-8, -9.065e-7, -5.841e-7, 3.224e-7, 4.541e-8, 3.916e-8, 5.166e-8, -9.019e-7, -5.865e-7, 3.154e-7, 3.957e-8, 3.081e-8, 4.833e-8
0.292, -8.145e-7, -5.221e-7, 2.924e-7, 6.555e-8, 5.944e-8, 7.165e-8, -7.913e-7, -4.938e-7, 2.975e-7, 6.266e-8, 5.696e-8, 6.835e-8, -9.274e-7, -5.988e-7, 3.287e-7, 4.460e-8, 3.738e-8, 5.181e-8, -9.200e-7, -6.003e-7, 3.196e-7, 3.975e-8, 3.268e-8, 4.682e-8
0.296, -8.225e-7, -5.284e-7, 2.941e-7, 6.519e-8, 6.169e-8, 6.869e-8, -8.060e-7, -5.072e-7, 2.987e-7, 6.065e-8, 5.355e-8, 6.775e-8, -9.472e-7, -6.136e-7, 3.336e-7, 4.538e-8, 3.691e-8, 5.384e-8, -9.355e-7, -6.109e-7, 3.246e-7, 4.227e-8, 3.310e-8, 5.143e-8
0.300, -8.359e-7, -5.379e-7, 2.979e-7, 6.567e-8, 5.965e-8, 7.169e-8, -8.211e-7, -5.147e-7, 3.065e-7, 6.331e-8, 5.686e-8, 6.977e-8, -9.550e-7, -6.201e-7, 3.349e-7, 4.465e-8, 3.913e-8, 5.017e-8, -9.358e-7, -6.170e-7, 3.188e-7, 3.957e-8, 2.963e-8, 4.951e-8
0.304, -8.333e-7, -5.382e-7, 2.952e-7, 6.470e-8, 6.024e-8, 6.917e-8, -8.258e-7, -5.218e-7, 3.041e-7, 5.919e-8, 5.184e-8, 6.655e-8, -9.607e-7, -6.268e-7, 3.339e-7, 4.615e-8, 3.756e-8, 5.474e-8, -9.413e-7, -6.198e-7, 3.215e-7, 4.263e-8, 3.397e-8, 5.129e-8
0.308, -8.344e-7, -5.382e-7, 2.962e-7, 6.619e-8, 6.325e-8, 6.912e-8, -8.209e-7, -5.154e-7, 3.055e-7, 6.279e-8, 5.623e-8, 6.935e-8, -9.576e-7, -6.215e-7, 3.361e-7, 4.806e-8, 4.053e-8, 5.559e-8, -9.403e-7, -6.222e-7, 3.181e-7, 4.009e-8, 2.964e-8, 5.053e-8
0.312, -8.159e-7, -5.287e-7, 2.873e-7, 6.493e-8, 6.040e-8, 6.945e-8, -8.182e-7, -5.096e-7, 3.086e-7, 6.466e-8, 5.711e-8, 7.220e-8, -9.488e-7, -6.172e-7, 3.316e-7, 4.809e-8, 4.070e-8, 5.548e-8, -9.259e-7, -6.143e-7, 3.115e-7, 4.073e-8, 3.304e-8, 4.842e-8
0.316, -7.967e-7, -5.134e-7, 2.833e-7, 6.642e-8, 6.106e-8, 7.178e-8, -7.939e-7, -4.938e-7, 3.001e-7, 6.647e-8, 5.996e-8, 7.299e-8, -9.282e-7, -6.025e-7, 3.257e-7, 4.929e-8, 4.325e-8, 5.532e-8, -9.115e-7, -6.044e-7, 3.071e-7, 4.136e-8, 3.087e-8, 5.185e-8
0.320, -7.717e-7, -4.954e-7, 2.763e-7, 6.539e-8, 6.029e-8, 7.050e-8, -7.668e-7, -4.734e-7, 2.933e-7, 6.620e-8, 5.905e-8, 7.334e-8, -9.027e-7, -5.852e-7, 3.175e-7, 5.013e-8, 4.142e-8, 5.884e-8, -8.825e-7, -5.865e-7, 2.960e-7, 4.180e-8, 3.521e-8, 4.839e-8
0.324, -7.395e-7, -4.729e-7, 2.666e-7, 6.872e-8, 6.568e-8, 7.177e-8, -7.337e-7, -4.501e-7, 2.836e-7, 6.411e-8, 5.703e-8, 7.118e-8, -8.762e-7, -5.699e-7, 3.064e-7, 4.826e-8, 3.946e-8, 5.706e-8, -8.502e-7, -5.663e-7, 2.839e-7, 4.450e-8, 3.964e-8, 4.937e-8
0.328, -7.028e-7, -4.495e-7, 2.533e-7, 6.736e-8, 6.136e-8, 7.336e-8, -7.045e-7, -4.292e-7, 2.753e-7, 6.576e-8, 5.815e-8, 7.337e-8, -8.348e-7, -5.439e-7, 2.909e-7, 5.035e-8, 4.536e-8, 5.535e-8, -8.128e-7, -5.428e-7, 2.700e-7, 4.484e-8, 3.764e-8, 5.203e-8
0.332, -6.640e-7, -4.252e-7, 2.388e-7, 6.868e-8, 6.464e-8, 7.271e-8, -6.572e-7, -3.964e-7, 2.608e-7, 6.775e-8, 6.212e-8, 7.337e-8, -7.995e-7, -5.217e-7, 2.777e-7, 4.982e-8, 4.267e-8, 5.697e-8, -7.824e-7, -5.275e-7, 2.549e-7, 4.048e-8, 3.405e-8, 4.692e-8
0.336, -6.322e-7, -4.075e-7, 2.248e-7, 7.018e-8, 6.705e-8, 7.331e-8, -6.137e-7, -3.712e-7, 2.425e-7, 6.860e-8, 6.420e-8, 7.300e-8, -7.629e-7, -4.985e-7, 2.645e-7, 4.945e-8, 4.259e-8, 5.630e-8, -7.454e-7, -5.069e-7, 2.385e-7, 4.396e-8, 3.607e-8, 5.185e-8
0.340, -5.956e-7, -3.855e-7, 2.101e-7, 6.895e-8, 6.547e-8, 7.244e-8, -5.838e-7, -3.540e-7, 2.299e-7, 6.836e-8, 6.063e-8, 7.610e-8, -7.306e-7, -4.829e-7, 2.477e-7, 5.206e-8, 4.525e-8, 5.887e-8, -7.155e-7, -4.887e-7, 2.268e-7, 4.413e-8, 3.840e-8, 4.985e-8
0.344, -5.702e-7, -3.744e-7, 1.958e-7, 6.944e-8, 6.544e-8, 7.344e-8, -5.504e-7, -3.320e-7, 2.184e-7, 6.977e-8, 6.382e-8, 7.572e-8, -6.916e-7, -4.619e-7, 2.297e-7, 4.890e-8, 4.240e-8, 5.540e-8, -6.803e-7, -4.740e-7, 2.064e-7, 4.097e-8, 3.587e-8, 4.606e-8
0.348, -5.407e-7, -3.590e-7, 1.817e-7, 7.082e-8, 6.697e-8, 7.467e-8, -5.193e-7, -3.216e-7, 1.977e-7, 6.737e-8, 6.183e-8, 7.292e-8, -6.665e-7, -4.520e-7, 2.145e-7, 4.936e-8, 4.487e-8, 5.386e-8, -6.543e-7, -4.595e-7, 1.948e-7, 4.516e-8, 3.946e-8, 5.086e-8
0.352, -5.215e-7, -3.530e-7, 1.686e-7, 7.031e-8, 6.747e-8, 7.314e-8, -4.898e-7, -3.094e-7, 1.804e-7, 6.913e-8, 6.407e-8, 7.419e-8, -6.396e-7, -4.385e-7, 2.010e-7, 5.333e-8, 4.720e-8, 5.947e-8, -6.312e-7, -4.476e-7, 1.837e-7, 4.657e-8, 3.909e-8, 5.404e-8
0.356, -4.993e-7, -3.475e-7, 1.517e-7, 6.924e-8, 6.600e-8, 7.248e-8, -4.747e-7, -3.008e-7, 1.739e-7, 7.116e-8, 6.556e-8, 7.676e-8, -6.181e-7, -4.256e-7, 1.925e-7, 5.211e-8, 4.630e-8, 5.792e-8, -6.089e-7, -4.430e-7, 1.659e-7, 4.105e-8, 3.574e-8, 4.636e-8
0.360, -4.856e-7, -3.418e-7, 1.438e-7, 6.868e-8, 6.621e-8, 7.115e-8, -4.489e-7, -2.895e-7, 1.594e-7, 6.924e-8, 6.763e-8, 7.084e-8, -5.957e-7, -4.187e-7, 1.770e-7, 5.289e-8, 4.728e-8, 5.851e-8, -5.993e-7, -4.382e-7, 1.611e-7, 4.345e-8, 3.579e-8, 5.111e-8
0.364, -4.732e-7, -3.367e-7, 1.365e-7, 6.799e-8, 6.633e-8, 6.965e-8, -4.361e-7, -2.880e-7, 1.481e-7, 6.993e-8, 6.519e-8, 7.467e-8, -5.859e-7, -4.181e-7, 1.677e-7, 5.092e-8, 4.554e-8, 5.630e-8, -5.781e-7, -4.316e-7, 1.465e-7, 4.279e-8, 3.789e-8, 4.769e-8
0.368, -4.593e-7, -3.322e-7, 1.271e-7, 7.018e-8, 6.642e-8, 7.393e-8, -4.274e-7, -2.857e-7, 1.418e-7, 6.919e-8, 6.344e-8, 7.494e-8, -5.676e-7, -4.120e-7, 1.556e-7, 4.985e-8, 4.590e-8, 5.380e-8, -5.671e-7, -4.287e-7, 1.384e-7, 4.304e-8, 3.907e-8, 4.700e-8
0.372, -4.511e-7, -3.336e-7, 1.175e-7, 6.729e-8, 6.449e-8, 7.009e-8, -4.165e-7, -2.824e-7, 1.342e-7, 6.805e-8, 6.262e-8, 7.347e-8, -5.664e-7, -4.103e-7, 1.561e-7, 5.277e-8, 4.745e-8, 5.809e-8, -5.606e-7, -4.269e-7, 1.337e-7, 4.279e-8, 3.781e-8, 4.776e-8
0.376, -4.478e-7, -3.321e-7, 1.156e-7, 6.834e-8, 6.510e-8, 7.157e-8, -4.135e-7, -2.816e-7, 1.319e-7, 6.721e-8, 6.110e-8, 7.333e-8, -5.541e-7, -4.087e-7, 1.454e-7, 4.908e-8, 4.513e-8, 5.303e-8, -5.521e-7, -4.236e-7, 1.286e-7, 4.284e-8, 4.043e-8, 4.525e-8
0.380, -4.418e-7, -3.306e-7, 1.113e-7, 6.779e-8, 6.518e-8, 7.040e-8, -3.972e-7, -2.787e-7, 1.185e-7, 6.259e-8, 5.765e-8, 6.752e-8, -5.432e-7, -4.090e-7, 1.342e-7, 4.985e-8, 4.536e-8, 5.434e-8, -5.499e-7, -4.230e-7, 1.269e-7, 4.435e-8, 3.818e-8, 5.052e-8
0.384, -4.319e-7, -3.282e-7, 1.037e-7, 6.840e-8, 6.771e-8, 6.909e-8, -3.951e-7, -2.755e-7, 1.196e-7, 6.520e-8, 6.077e-8, 6.963e-8, -5.449e-7, -4.078e-7, 1.371e-7, 4.881e-8, 4.355e-8, 5.407e-8, -5.411e-7, -4.232e-7, 1.179e-7, 4.270e-8, 3.821e-8, 4.720e-8
0.388, -4.367e-7, -3.300e-7, 1.068e-7, 6.587e-8, 6.305e-8, 6.869e-8, -3.960e-7, -2.801e-7, 1.159e-7, 6.515e-8, 6.157e-8, 6.872e-8, -5.406e-7, -4.082e-7, 1.324e-7, 5.034e-8, 4.565e-8, 5.503e-8, -5.411e-7, -4.232e-7, 1.180e-7, 4.317e-8, 3.795e-8, 4.839e-8
0.392, -4.345e-7, -3.337e-7, 1.008e-7, 6.529e-8, 6.270e-8, 6.788e-8, -3.878e-7, -2.751e-7, 1.127e-7, 6.429e-8, 6.201e-8, 6.657e-8, -5.359e-7, -4.078e-7, 1.281e-7, 4.963e-8, 4.770e-8, 5.157e-8, -5.407e-7, -4.261e-7, 1.146e-7, 4.167e-8, 3.502e-8, 4.832e-8
0.396, -4.335e-7, -3.345e-7, 9.898e-8, 6.624e-8, 6.179e-8, 7.070e-8, -3.939e-7, -2.781e-7, 1.158e-7, 6.353e-8, 5.518e-8, 7.187e-8, -5.407e-7, -4.118e-7, 1.289e-7, 4.695e-8, 4.331e-8, 5.059e-8, -5.336e-7, -4.262e-7, 1.074e-7, 4.183e-8, 4.044e-8, 4.322e-8
0.400, -4.287e-7, -3.330e-7, 9.575e-8, 6.562e-8, 6.301e-8, 6.823e-8, -3.895e-7, -2.753e-7, 1.142e-7, 6.575e-8, 5.924e-8, 7.226e-8, -5.358e-7, -4.112e-7, 1.246e-7, 4.654e-8, 4.294e-8, 5.014e-8, -5.375e-7, -4.333e-7, 1.043e-7, 3.881e-8, 3.463e-8, 4.298e-8
0.404, -4.323e-7, -3.365e-7, 9.582e-8, 6.402e-8, 6.256e-8, 6.547e-8, -3.797e-7, -2.752e-7, 1.045e-7, 6.316e-8, 5.951e-8, 6.682e-8, -5.337e-7, -4.115e-7, 1.222e-7, 4.962e-8, 4.629e-8, 5.296e-8, -5.419e-7, -4.322e-7, 1.097e-7, 4.061e-8, 3.397e-8, 4.724e-8
0.408, -4.310e-7, -3.363e-7, 9.474e-8, 6.447e-8, 6.308e-8, 6.587e-8, -3.820e-7, -2.764e-7, 1.056e-7, 6.028e-8, 5.710e-8, 6.345e-8, -5.354e-7, -4.146e-7, 1.208e-7, 4.865e-8, 4.348e-8, 5.382e-8, -5.404e-7, -4.350e-7, 1.054e-7, 4.318e-8, 3.766e-8, 4.870e-8
0.412, -4.375e-7, -3.434e-7, 9.413e-8, 6.554e-8, 6.102e-8, 7.006e-8, -3.827e-7, -2.753e-7, 1.074e-7, 6.384e-8, 6.148e-8, 6.620e-8, -5.296e-7, -4.113e-7, 1.182e-7, 4.686e-8, 4.342e-8, 5.031e-8, -5.385e-7, -4.355e-7, 1.030e-7, 3.963e-8, 3.059e-8, 4.867e-8
0.416, -4.288e-7, -3.407e-7, 8.812e-8, 6.494e-8, 6.368e-8, 6.621e-8, -3.824e-7, -2.789e-7, 1.035e-7, 6.136e-8, 5.682e-8, 6.590e-8, -5.409e-7, -4.219e-7, 1.190e-7, 4.569e-8, 4.082e-8, 5.055e-8, -5.382e-7, -4.376e-7, 1.006e-7, 4.118e-8, 3.598e-8, 4.638e-8
0.420, -4.320e-7, -3.441e-7, 8.786e-8, 6.313e-8, 6.100e-8, 6.526e-8, -3.836e-7, -2.788e-7, 1.049e-7, 6.189e-8, 5.630e-8, 6.747e-8, -5.391e-7, -4.211e-7, 1.180e-7, 4.783e-8, 4.312e-8, 5.254e-8, -5.396e-7, -4.423e-7, 9.733e-8, 3.965e-8, 3.441e-8, 4.489e-8
0.424, -4.317e-7, -3.468e-7, 8.496e-8, 6.377e-8, 5.949e-8, 6.806e-8, -3.857e-7, -2.813e-7, 1.043e-7, 6.037e-8, 5.639e-8, 6.435e-8, -5.363e-7, -4.226e-7, 1.137e-7, 4.642e-8, 4.148e-8, 5.136e-8, -5.380e-7, -4.444e-7, 9.363e-8, 3.944e-8, 3.498e-8, 4.390e-8
0.428, -4.298e-7, -3.489e-7, 8.083e-8, 6.359e-8, 6.179e-8, 6.540e-8, -3.864e-7, -2.821e-7, 1.044e-7, 5.969e-8, 5.442e-8, 6.497e-8, -5.386e-7, -4.258e-7, 1.128e-7, 4.659e-8, 4.256e-8, 5.062e-8, -5.427e-7, -4.476e-7, 9.509e-8, 3.855e-8, 3.477e-8, 4.233e-8
0.432, -4.339e-7, -3.510e-7, 8.299e-8, 6.173e-8, 5.974e-8, 6.372e-8, -3.825e-7, -2.824e-7, 1.001e-7, 6.078e-8, 5.823e-8, 6.333e-8, -5.364e-7, -4.245e-7, 1.119e-7, 4.739e-8, 4.247e-8, 5.231e-8, -5.403e-7, -4.468e-7, 9.354e-8, 4.051e-8, 3.573e-8, 4.529e-8
0.436, -4.348e-7, -3.549e-7, 7.994e-8, 6.156e-8, 5.967e-8, 6.345e-8, -3.820e-7, -2.820e-7, 1.000e-7, 5.882e-8, 5.302e-8, 6.463e-8, -5.379e-7, -4.291e-7, 1.088e-7, 4.714e-8, 4.419e-8, 5.009e-8, -5.438e-7, -4.519e-7, 9.195e-8, 3.961e-8, 3.331e-8, 4.591e-8
0.440, -4.353e-7, -3.542e-7, 8.115e-8, 6.303e-8, 6.074e-8, 6.532e-8, -3.888e-7, -2.849e-7, 1.039e-7, 6.053e-8, 5.776e-8, 6.329e-8, -5.376e-7, -4.296e-7, 1.080e-7, 4.591e-8, 4.132e-8, 5.051e-8, -5.390e-7, -4.544e-7, 8.457e-8, 3.992e-8, 3.391e-8, 4.593e-8
0.444, -4.356e-7, -3.593e-7, 7.632e-8, 6.047e-8, 5.841e-8, 6.252e-8, -3.855e-7, -2.860e-7, 9.956e-8, 5.797e-8, 5.354e-8, 6.240e-8, -5.359e-7, -4.310e-7, 1.049e-7, 4.663e-8, 4.102e-8, 5.224e-8, -5.437e-7, -4.569e-7, 8.687e-8, 3.869e-8, 3.369e-8, 4.370e-8
0.448, -4.319e-7, -3.564e-7, 7.550e-8, 6.365e-8, 6.344e-8, 6.385e-8, -3.834e-7, -2.861e-7, 9.730e-8, 5.815e-8, 5.409e-8, 6.220e-8, -5.394e-7, -4.356e-7, 1.037e-7, 4.511e-8, 4.015e-8, 5.007e-8, -5.440e-7, -4.593e-7, 8.470e-8, 3.980e-8, 3.621e-8, 4.339e-8
0.452, -4.377e-7, -3.614e-7, 7.632e-8, 6.202e-8, 5.992e-8, 6.413e-8, -3.874e-7, -2.899e-7, 9.748e-8, 5.833e-8, 5.638e-8, 6.027e-8, -5.360e-7, -4.385e-7, 9.747e-8, 4.272e-8, 4.023e-8, 4.521e-8, -5.390e-7, -4.596e-7, 7.946e-8, 3.784e-8, 3.253e-8, 4.316e-8
0.456, -4.363e-7, -3.636e-7, 7.270e-8, 6.047e-8, 5.760e-8, 6.334e-8, -3.920e-7, -2.925e-7, 9.949e-8, 5.614e-8, 5.311e-8, 5.917e-8, -5.401e-7, -4.400e-7, 1.001e-7, 4.474e-8, 4.110e-8, 4.838e-8, -5.425e-7, -4.616e-7, 8.092e-8, 4.013e-8, 3.704e-8, 4.321e-8
0.460, -4.396e-7, -3.685e-7, 7.114e-8, 5.990e-8, 5.856e-8, 6.124e-8, -3.905e-7, -2.925e-7, 9.795e-8, 5.835e-8, 5.489e-8, 6.181e-8, -5.347e-7, -4.395e-7, 9.521e-8, 4.490e-8, 4.115e-8, 4.865e-8, -5.402e-7, -4.627e-7, 7.754e-8, 3.485e-8, 2.779e-8, 4.190e-8
0.464, -4.354e-7, -3.670e-7, 6.841e-8, 6.113e-8, 5.934e-8, 6.293e-8, -3.960e-7, -2.958e-7, 1.001e-7, 5.707e-8, 5.295e-8, 6.119e-8, -5.378e-7, -4.420e-7, 9.582e-8, 4.412e-8, 4.189e-8, 4.634e-8, -5.382e-7, -4.656e-7, 7.257e-8, 3.770e-8, 3.262e-8, 4.278e-8
0.468, -4.353e-7, -3.704e-7, 6.486e-8, 6.074e-8, 5.797e-8, 6.351e-8, -3.981e-7, -2.998e-7, 9.831e-8, 5.688e-8, 5.059e-8, 6.317e-8, -5.410e-7, -4.449e-7, 9.610e-8, 4.191e-8, 3.868e-8, 4.514e-8, -5.390e-7, -4.652e-7, 7.376e-8, 3.840e-8, 3.659e-8, 4.021e-8
0.472, -4.373e-7, -3.694e-7, 6.787e-8, 5.856e-8, 5.780e-8, 5.932e-8, -3.911e-7, -2.986e-7, 9.244e-8, 5.637e-8, 5.312e-8, 5.963e-8, -5.346e-7, -4.463e-7, 8.826e-8, 4.459e-8, 4.111e-8, 4.807e-8, -5.420e-7, -4.696e-7, 7.236e-8, 3.968e-8, 3.168e-8, 4.767e-8
0.476, -4.371e-7, -3.743e-7, 6.277e-8, 5.792e-8, 5.442e-8, 6.143e-8, -3.947e-7, -2.987e-7, 9.595e-8, 5.666e-8, 5.321e-8, 6.011e-8, -5.347e-7, -4.440e-7, 9.064e-8, 4.463e-8, 4.110e-8, 4.815e-8, -5.365e-7, -4.700e-7, 6.654e-8, 3.717e-8, 3.373e-8, 4.062e-8
0.480, -4.333e-7, -3.725e-7, 6.080e-8, 6.165e-8, 5.877e-8, 6.454e-8, -3.958e-7, -2.988e-7, 9.707e-8, 5.628e-8, 5.188e-8, 6.068e-8, -5.376e-7, -4.463e-7, 9.132e-8, 4.209e-8, 3.693e-8, 4.725e-8, -5.345e-7, -4.718e-7, 6.269e-8, 3.615e-8, 3.177e-8, 4.054e-8
0.484, -4.292e-7, -3.712e-7, 5.795e-8, 5.854e-8, 5.306e-8, 6.402e-8, -4.036e-7, -3.041e-7, 9.949e-8, 5.616e-8, 4.845e-8, 6.386e-8, -5.375e-7, -4.483e-7, 8.922e-8, 4.715e-8, 4.508e-8, 4.923e-8, -5.265e-7, -4.645e-7, 6.193e-8, 3.722e-8, 3.706e-8, 3.738e-8
0.488, -4.300e-7, -3.728e-7, 5.719e-8, 6.016e-8, 5.816e-8, 6.217e-8, -3.951e-7, -3.005e-7, 9.466e-8, 5.517e-8, 5.182e-8, 5.853e-8, -5.341e-7, -4.487e-7, 8.545e-8, 4.592e-8, 4.075e-8, 5.110e-8, -5.349e-7, -4.714e-7, 6.355e-8, 3.795e-8, 3.354e-8, 4.235e-8
0.492, -4.289e-7, -3.754e-7, 5.346e-8, 5.843e-8, 5.789e-8, 5.896e-8, -3.950e-7, -3.035e-7, 9.148e-8, 5.726e-8, 5.199e-8, 6.253e-8, -5.342e-7, -4.489e-7, 8.529e-8, 4.419e-8, 3.938e-8, 4.900e-8, -5.269e-7, -4.700e-7, 5.684e-8, 3.513e-8, 3.244e-8, 3.781e-8
0.496, -4.259e-7, -3.728e-7, 5.308e-8, 6.006e-8, 5.878e-8, 6.134e-8, -3.939e-7, -3.015e-7, 9.234e-8, 5.645e-8, 5.285e-8, 6.005e-8, -5.297e-7, -4.459e-7, 8.378e-8, 4.301e-8, 3.992e-8, 4.610e-8, -5.281e-7, -4.737e-7, 5.439e-8, 3.646e-8, 3.022e-8, 4.270e-8
0.500, -4.295e-7, -3.756e-7, 5.391e-8, 5.758e-8, 5.480e-8, 6.036e-8, -3.911e-7, -3.011e-7, 9.003e-8, 5.414e-8, 5.174e-8, 5.655e-8, -5.241e-7, -4.467e-7, 7.736e-8, 4.284e-8, 3.934e-8, 4.634e-8, -5.295e-7, -4.747e-7, 5.481e-8, 3.922e-8, 3.359e-8, 4.485e-8
0.504, -4.174e-7, -3.705e-7, 4.694e-8, 5.640e-8, 5.468e-8, 5.812e-8, -3.911e-7, -3.051e-7, 8.593e-8, 5.426e-8, 5.159e-8, 5.693e-8, -5.219e-7, -4.460e-7, 7.590e-8, 4.462e-8, 3.977e-8, 4.946e-8, -5.243e-7, -4.707e-7, 5.363e-8, 3.892e-8, 3.583e-8, 4.202e-8
0.508, -4.182e-7, -3.745e-7, 4.374e-8, 5.612e-8, 5.258e-8, 5.967e-8, -3.962e-7, -3.052e-7, 9.105e-8, 5.589e-8, 4.946e-8, 6.232e-8, -5.210e-7, -4.446e-7, 7.638e-8, 4.561e-8, 4.270e-8, 4.853e-8, -5.125e-7, -4.675e-7, 4.497e-8, 3.516e-8, 3.235e-8, 3.797e-8
0.512, -4.119e-7, -3.733e-7, 3.856e-8, 5.644e-8, 5.605e-8, 5.684e-8, -3.849e-7, -3.002e-7, 8.463e-8, 5.424e-8, 4.802e-8, 6.046e-8, -5.274e-7, -4.491e-7, 7.825e-8, 4.580e-8, 3.889e-8, 5.271e-8, -5.157e-7, -4.687e-7, 4.699e-8, 3.667e-8, 3.368e-8, 3.966e-8
0.516, -4.156e-7, -3.746e-7, 4.095e-8, 5.836e-8, 5.826e-8, 5.845e-8, -3.875e-7, -3.017e-7, 8.576e-8, 5.464e-8, 4.973e-8, 5.955e-8, -5.164e-7, -4.449e-7, 7.157e-8, 4.028e-8, 3.563e-8, 4.493e-8, -5.111e-7, -4.694e-7, 4.172e-8, 3.508e-8, 3.001e-8, 4.016e-8
0.520, -4.105e-7, -3.716e-7, 3.896e-8, 5.639e-8, 5.476e-8, 5.803e-8, -3.821e-7, -2.992e-7, 8.293e-8, 5.339e-8, 5.035e-8, 5.643e-8, -5.092e-7, -4.426e-7, 6.661e-8, 4.537e-8, 4.216e-8, 4.859e-8, -5.101e-7, -4.676e-7, 4.248e-8, 3.687e-8, 3.168e-8, 4.205e-8
0.524, -4.057e-7, -3.722e-7, 3.348e-8, 5.659e-8, 5.517e-8, 5.800e-8, -3.829e-7, -2.979e-7, 8.497e-8, 5.711e-8, 5.436e-8, 5.987e-8, -5.106e-7, -4.431e-7, 6.757e-8, 4.095e-8, 3.680e-8, 4.510e-8, -5.035e-7, -4.673e-7, 3.620e-8, 3.353e-8, 2.876e-8, 3.831e-8
0.528, -4.008e-7, -3.688e-7, 3.197e-8, 5.687e-8, 5.573e-8, 5.801e-8, -3.811e-7, -3.004e-7, 8.072e-8, 5.314e-8, 4.942e-8, 5.686e-8, -5.069e-7, -4.426e-7, 6.438e-8, 3.996e-8, 3.679e-8, 4.313e-8, -4.977e-7, -4.650e-7, 3.268e-8, 3.507e-8, 3.045e-8, 3.969e-8
0.532, -3.978e-7, -3.697e-7, 2.816e-8, 5.551e-8, 5.386e-8, 5.715e-8, -3.751e-7, -2.956e-7, 7.952e-8, 5.474e-8, 4.911e-8, 6.037e-8, -4.961e-7, -4.364e-7, 5.964e-8, 4.460e-8, 4.266e-8, 4.654e-8, -4.949e-7, -4.615e-7, 3.338e-8, 3.520e-8, 3.110e-8, 3.931e-8
0.536, -3.943e-7, -3.654e-7, 2.890e-8, 5.763e-8, 5.543e-8, 5.984e-8, -3.728e-7, -2.973e-7, 7.551e-8, 5.149e-8, 4.776e-8, 5.521e-8, -4.946e-7, -4.383e-7, 5.628e-8, 4.519e-8, 4.228e-8, 4.810e-8, -4.914e-7, -4.599e-7, 3.150e-8, 3.728e-8, 3.282e-8, 4.173e-8
0.540, -3.866e-7, -3.635e-7, 2.313e-8, 5.834e-8, 5.856e-8, 5.813e-8, -3.733e-7, -2.942e-7, 7.909e-8, 5.695e-8, 5.097e-8, 6.293e-8, -4.963e-7, -4.378e-7, 5.847e-8, 4.248e-8, 3.689e-8, 4.806e-8, -4.845e-7, -4.590e-7, 2.558e-8, 3.618e-8, 3.422e-8, 3.814e-8
0.544, -3.897e-7, -3.664e-7, 2.334e-8, 5.679e-8, 5.349e-8, 6.008e-8, -3.706e-7, -2.930e-7, 7.766e-8, 5.175e-8, 4.689e-8, 5.661e-8, -4.874e-7, -4.355e-7, 5.184e-8, 4.141e-8, 3.749e-8, 4.533e-8, -4.815e-7, -4.600e-7, 2.147e-8, 3.540e-8, 3.067e-8, 4.014e-8
0.548, -3.847e-7, -3.624e-7, 2.228e-8, 5.551e-8, 5.524e-8, 5.577e-8, -3.632e-7, -2.926e-7, 7.064e-8, 5.280e-8, 4.831e-8, 5.728e-8, -4.830e-7, -4.330e-7, 5.002e-8, 4.538e-8, 4.057e-8, 5.020e-8, -4.819e-7, -4.560e-7, 2.593e-8, 3.496e-8, 3.152e-8, 3.840e-8
0.552, -3.814e-7, -3.602e-7, 2.118e-8, 5.674e-8, 5.671e-8, 5.678e-8, -3.576e-7, -2.895e-7, 6.815e-8, 5.222e-8, 4.901e-8, 5.542e-8, -4.848e-7, -4.377e-7, 4.710e-8, 4.049e-8, 3.511e-8, 4.586e-8, -4.798e-7, -4.599e-7, 1.990e-8, 3.425e-8, 2.952e-8, 3.898e-8
0.556, -3.782e-7, -3.610e-7, 1.714e-8, 5.756e-8, 5.832e-8, 5.680e-8, -3.578e-7, -2.907e-7, 6.706e-8, 5.262e-8, 5.025e-8, 5.499e-8, -4.775e-7, -4.325e-7, 4.501e-8, 4.023e-8, 3.564e-8, 4.482e-8, -4.749e-7, -4.575e-7, 1.742e-8, 3.421e-8, 2.848e-8, 3.993e-8
0.560, -3.721e-7, -3.572e-7, 1.484e-8, 5.577e-8, 5.484e-8, 5.671e-8, -3.593e-7, -2.892e-7, 7.007e-8, 5.302e-8, 5.088e-8, 5.516e-8, -4.725e-7, -4.315e-7, 4.097e-8, 4.043e-8, 3.734e-8, 4.353e-8, -4.670e-7, -4.548e-7, 1.214e-8, 3.318e-8, 3.027e-8, 3.609e-8
0.564, -3.762e-7, -3.636e-7, 1.264e-8, 5.580e-8, 5.550e-8, 5.610e-8, -3.546e-7, -2.868e-7, 6.772e-8, 5.325e-8, 5.068e-8, 5.582e-8, -4.675e-7, -4.277e-7, 3.984e-8, 4.204e-8, 3.934e-8, 4.475e-8, -4.679e-7, -4.558e-7, 1.208e-8, 3.273e-8, 2.974e-8, 3.573e-8
0.568, -3.707e-7, -3.596e-7, 1.104e-8, 5.438e-8, 5.243e-8, 5.632e-8, -3.545e-7, -2.895e-7, 6.497e-8, 5.185e-8, 4.898e-8, 5.472e-8, -4.674e-7, -4.295e-7, 3.789e-8, 4.145e-8, 3.772e-8, 4.517e-8, -4.615e-7, -4.527e-7, 8.850e-9, 3.465e-8, 3.034e-8, 3.896e-8
0.572, -3.679e-7, -3.587e-7, 9.265e-9, 5.556e-8, 5.752e-8, 5.360e-8, -3.475e-7, -2.860e-7, 6.157e-8, 5.191e-8, 4.757e-8, 5.625e-8, -4.650e-7, -4.265e-7, 3.853e-8, 4.081e-8, 3.579e-8, 4.582e-8, -4.602e-7, -4.528e-7, 7.325e-9, 3.388e-8, 2.974e-8, 3.801e-8
0.576, -3.661e-7, -3.583e-7, 7.818e-9, 5.585e-8, 5.432e-8, 5.738e-8, -3.499e-7, -2.849e-7, 6.492e-8, 5.320e-8, 5.083e-8, 5.557e-8, -4.636e-7, -4.298e-7, 3.381e-8, 3.898e-8, 3.630e-8, 4.166e-8, -4.573e-7, -4.540e-7, 3.221e-9, 3.197e-8, 3.032e-8, 3.361e-8
0.580, -3.621e-7, -3.555e-7, 6.549e-9, 5.524e-8, 5.699e-8, 5.349e-8, -3.484e-7, -2.892e-7, 5.919e-8, 5.040e-8, 4.797e-8, 5.284e-8, -4.612e-7, -4.287e-7, 3.251e-8, 4.083e-8, 3.679e-8, 4.488e-8, -4.546e-7, -4.506e-7, 3.989e-9, 3.547e-8, 3.224e-8, 3.869e-8
0.584, -3.628e-7, -3.575e-7, 5.299e-9, 5.758e-8, 5.628e-8, 5.888e-8, -3.499e-7, -2.886e-7, 6.129e-8, 5.165e-8, 4.643e-8, 5.687e-8, -4.582e-7, -4.283e-7, 2.991e-8, 3.969e-8, 3.733e-8, 4.206e-8, -4.491e-7, -4.511e-7, -1.965e-9, 3.400e-8, 3.290e-8, 3.511e-8
0.588, -3.609e-7, -3.577e-7, 3.212e-9, 5.539e-8, 5.381e-8, 5.698e-8, -3.462e-7, -2.894e-7, 5.686e-8, 5.037e-8, 4.846e-8, 5.228e-8, -4.515e-7, -4.266e-7, 2.483e-8, 4.030e-8, 3.961e-8, 4.099e-8, -4.495e-7, -4.483e-7, 1.204e-9, 3.386e-8, 2.969e-8, 3.802e-8
0.592, -3.613e-7, -3.594e-7, 1.884e-9, 5.445e-8, 5.431e-8, 5.460e-8, -3.454e-7, -2.904e-7, 5.502e-8, 5.110e-8, 4.940e-8, 5.281e-8, -4.485e-7, -4.249e-7, 2.356e-8, 4.157e-8, 3.918e-8, 4.396e-8, -4.462e-7, -4.480e-7, -1.788e-9, 3.289e-8, 2.729e-8, 3.848e-8
0.596, -3.616e-7, -3.629e-7, -1.305e-9, 5.358e-8, 5.254e-8, 5.463e-8, -3.453e-7, -2.897e-7, 5.555e-8, 4.881e-8, 4.684e-8, 5.077e-8, -4.491e-7, -4.262e-7, 2.285e-8, 4.267e-8, 3.940e-8, 4.593e-8, -4.479e-7, -4.517e-7, -3.825e-9, 3.410e-8, 3.005e-8, 3.816e-8
0.600, -3.609e-7, -3.616e-7, -7.240e-10, 5.360e-8, 5.169e-8, 5.551e-8, -3.456e-7, -2.935e-7, 5.215e-8, 4.755e-8, 4.416e-8, 5.094e-8, -4.468e-7, -4.291e-7, 1.778e-8, 4.049e-8, 3.977e-8, 4.121e-8, -4.448e-7, -4.497e-7, -4.908e-9, 3.508e-8, 3.124e-8, 3.892e-8
0.604, -3.565e-7, -3.634e-7, -6.885e-9, 5.171e-8, 4.973e-8, 5.369e-8, -3.438e-7, -2.950e-7, 4.879e-8, 4.916e-8, 4.555e-8, 5.278e-8, -4.493e-7, -4.284e-7, 2.084e-8, 4.116e-8, 3.746e-8, 4.486e-8, -4.425e-7, -4.500e-7, -7.496e-9, 3.174e-8, 2.967e-8, 3.380e-8
0.608, -3.562e-7, -3.631e-7, -6.816e-9, 5.344e-8, 5.579e-8, 5.109e-8, -3.370e-7, -2.901e-7, 4.698e-8, 4.774e-8, 4.710e-8, 4.837e-8, -4.468e-7, -4.293e-7, 1.753e-8, 4.048e-8, 3.485e-8, 4.612e-8, -4.507e-7, -4.554e-7, -4.711e-9, 3.309e-8, 2.921e-8, 3.698e-8
0.612, -3.527e-7, -3.618e-7, -9.129e-9, 5.488e-8, 5.417e-8, 5.559e-8, -3.406e-7, -2.911e-7, 4.952e-8, 4.872e-8, 4.688e-8, 5.057e-8, -4.477e-7, -4.314e-7, 1.624e-8, 3.840e-8, 3.542e-8, 4.138e-8, -4.457e-7, -4.553e-7, -9.671e-9, 3.392e-8, 3.137e-8, 3.646e-8
0.616, -3.569e-7, -3.659e-7, -8.971e-9, 5.449e-8, 5.435e-8, 5.463e-8, -3.423e-7, -2.958e-7, 4.652e-8, 4.877e-8, 4.620e-8, 5.134e-8, -4.456e-7, -4.322e-7, 1.336e-8, 3.760e-8, 3.385e-8, 4.135e-8, -4.428e-7, -4.548e-7, -1.205e-8, 3.310e-8, 2.827e-8, 3.794e-8
0.620, -3.587e-7, -3.710e-7, -1.237e-8, 5.254e-8, 5.037e-8, 5.471e-8, -3.472e-7, -2.992e-7, 4.803e-8, 5.016e-8, 4.728e-8, 5.304e-8, -4.426e-7, -4.284e-7, 1.417e-8, 4.092e-8, 3.944e-8, 4.240e-8, -4.373e-7, -4.529e-7, -1.562e-8, 3.209e-8, 2.769e-8, 3.650e-8
0.624, -3.539e-7, -3.678e-7, -1.393e-8, 5.224e-8, 5.414e-8, 5.033e-8, -3.471e-7, -2.996e-7, 4.743e-8, 4.939e-8, 4.681e-8, 5.197e-8, -4.466e-7, -4.340e-7, 1.261e-8, 3.998e-8, 3.681e-8, 4.314e-8, -4.365e-7, -4.534e-7, -1.695e-8, 3.434e-8, 3.388e-8, 3.480e-8
0.628, -3.616e-7, -3.730e-7, -1.138e-8, 5.474e-8, 5.312e-8, 5.635e-8, -3.432e-7, -2.999e-7, 4.336e-8, 5.073e-8, 4.750e-8, 5.397e-8, -4.442e-7, -4.334e-7, 1.082e-8, 4.098e-8, 3.914e-8, 4.283e-8, -4.407e-7, -4.608e-7, -2.013e-8, 3.079e-8, 2.562e-8, 3.596e-8
0.632, -3.606e-7, -3.790e-7, -1.834e-8, 5.351e-8, 5.167e-8, 5.534e-8, -3.449e-7, -3.007e-7, 4.418e-8, 5.011e-8, 4.842e-8, 5.180e-8, -4.444e-7, -4.370e-7, 7.443e-9, 4.034e-8, 3.907e-8, 4.161e-8, -4.380e-7, -4.611e-7, -2.307e-8, 3.031e-8, 2.670e-8, 3.393e-8
0.636, -3.560e-7, -3.755e-7, -1.957e-8, 5.394e-8, 5.345e-8, 5.444e-8, -3.480e-7, -3.048e-7, 4.330e-8, 4.835e-8, 4.688e-8, 4.982e-8, -4.484e-7, -4.403e-7, 8.063e-9, 3.952e-8, 3.666e-8, 4.238e-8, -4.382e-7, -4.606e-7, -2.243e-8, 3.280e-8, 2.813e-8, 3.747e-8
0.640, -3.595e-7, -3.793e-7, -1.976e-8, 5.298e-8, 5.281e-8, 5.315e-8, -3.431e-7, -3.037e-7, 3.940e-8, 5.034e-8, 4.737e-8, 5.331e-8, -4.502e-7, -4.440e-7, 6.173e-9, 4.124e-8, 3.659e-8, 4.590e-8, -4.386e-7, -4.641e-7, -2.555e-8, 3.139e-8, 2.834e-8, 3.444e-8
0.644, -3.640e-7, -3.813e-7, -1.733e-8, 5.554e-8, 5.370e-8, 5.739e-8, -3.515e-7, -3.114e-7, 4.004e-8, 4.898e-8, 4.755e-8, 5.042e-8, -4.459e-7, -4.462e-7, -2.530e-10, 3.985e-8, 3.872e-8, 4.098e-8, -4.423e-7, -4.675e-7, -2.526e-8, 3.178e-8, 2.697e-8, 3.659e-8
0.648, -3.643e-7, -3.885e-7, -2.417e-8, 5.137e-8, 5.193e-8, 5.082e-8, -3.530e-7, -3.168e-7, 3.618e-8, 4.783e-8, 4.540e-8, 5.025e-8, -4.518e-7, -4.497e-7, 2.119e-9, 3.941e-8, 3.541e-8, 4.342e-8, -4.397e-7, -4.690e-7, -2.933e-8, 3.282e-8, 2.876e-8, 3.688e-8
0.652, -3.659e-7, -3.893e-7, -2.346e-8, 5.341e-8, 5.329e-8, 5.352e-8, -3.537e-7, -3.196e-7, 3.414e-8, 4.675e-8, 4.574e-8, 4.775e-8, -4.506e-7, -4.532e-7, -2.556e-9, 3.832e-8, 3.421e-8, 4.244e-8, -4.426e-7, -4.707e-7, -2.805e-8, 3.334e-8, 3.040e-8, 3.629e-8
0.656, -3.671e-7, -3.950e-7, -2.792e-8, 5.372e-8, 5.305e-8, 5.440e-8, -3.595e-7, -3.233e-7, 3.618e-8, 4.920e-8, 4.219e-8, 5.622e-8, -4.580e-7, -4.593e-7, -1.316e-9, 4.063e-8, 3.787e-8, 4.339e-8, -4.398e-7, -4.735e-7, -3.373e-8, 3.203e-8, 3.171e-8, 3.235e-8
0.660, -3.719e-7, -3.993e-7, -2.742e-8, 5.596e-8, 5.493e-8, 5.698e-8, -3.616e-7, -3.259e-7, 3.579e-8, 4.920e-8, 4.556e-8, 5.284e-8, -4.548e-7, -4.604e-7, -5.636e-9, 3.705e-8, 3.446e-8, 3.964e-8, -4.446e-7, -4.796e-7, -3.507e-8, 3.304e-8, 3.063e-8, 3.545e-8
0.664, -3.742e-7, -4.048e-7, -3.060e-8, 5.539e-8, 5.680e-8, 5.399e-8, -3.643e-7, -3.321e-7, 3.220e-8, 4.739e-8, 4.310e-8, 5.168e-8, -4.620e-7, -4.669e-7, -4.928e-9, 3.993e-8, 3.591e-8, 4.395e-8, -4.487e-7, -4.833e-7, -3.461e-8, 3.456e-8, 2.990e-8, 3.921e-8
0.668, -3.784e-7, -4.106e-7, -3.214e-8, 5.374e-8, 5.576e-8, 5.171e-8, -3.662e-7, -3.365e-7, 2.966e-8, 5.025e-8, 4.884e-8, 5.166e-8, -4.587e-7, -4.694e-7, -1.074e-8, 3.795e-8, 3.391e-8, 4.199e-8, -4.505e-7, -4.899e-7, -3.943e-8, 3.025e-8, 2.717e-8, 3.334e-8
0.672, -3.841e-7, -4.182e-7, -3.411e-8, 5.608e-8, 5.480e-8, 5.736e-8, -3.730e-7, -3.429e-7, 3.014e-8, 4.802e-8, 4.344e-8, 5.260e-8, -4.649e-7, -4.779e-7, -1.299e-8, 3.709e-8, 3.531e-8, 3.886e-8, -4.561e-7, -4.952e-7, -3.910e-8, 3.238e-8, 3.202e-8, 3.273e-8
0.676, -3.926e-7, -4.257e-7, -3.314e-8, 5.336e-8, 4.995e-8, 5.677e-8, -3.784e-7, -3.513e-7, 2.714e-8, 4.888e-8, 4.591e-8, 5.186e-8, -4.714e-7, -4.838e-7, -1.243e-8, 4.027e-8, 3.744e-8, 4.310e-8, -4.554e-7, -4.966e-7, -4.120e-8, 3.415e-8, 3.101e-8, 3.729e-8
0.680, -4.007e-7, -4.343e-7, -3.359e-8, 5.387e-8, 5.320e-8, 5.454e-8, -3.834e-7, -3.564e-7, 2.694e-8, 4.823e-8, 4.663e-8, 4.983e-8, -4.720e-7, -4.867e-7, -1.472e-8, 3.922e-8, 3.648e-8, 4.195e-8, -4.649e-7, -5.097e-7, -4.485e-8, 3.273e-8, 2.915e-8, 3.632e-8
0.684, -4.007e-7, -4.394e-7, -3.865e-8, 5.200e-8, 5.299e-8, 5.101e-8, -3.902e-7, -3.682e-7, 2.201e-8, 4.618e-8, 4.330e-8, 4.906e-8, -4.796e-7, -4.972e-7, -1.761e-8, 3.852e-8, 3.544e-8, 4.160e-8, -4.692e-7, -5.124e-7, -4.318e-8, 3.559e-8, 3.542e-8, 3.576e-8
0.688, -4.101e-7, -4.491e-7, -3.902e-8, 5.394e-8, 5.468e-8, 5.320e-8, -3.988e-7, -3.752e-7, 2.363e-8, 4.848e-8, 4.538e-8, 5.157e-8, -4.903e-7, -5.084e-7, -1.813e-8, 4.083e-8, 3.769e-8, 4.397e-8, -4.788e-7, -5.245e-7, -4.577e-8, 3.263e-8, 3.108e-8, 3.418e-8
0.692, -4.184e-7, -4.590e-7, -4.061e-8, 5.732e-8, 5.702e-8, 5.761e-8, -4.086e-7, -3.833e-7, 2.533e-8, 4.981e-8, 4.512e-8, 5.450e-8, -4.965e-7, -5.176e-7, -2.104e-8, 3.812e-8, 3.528e-8, 4.096e-8, -4.860e-7, -5.356e-7, -4.955e-8, 3.359e-8, 3.115e-8, 3.603e-8
0.696, -4.300e-7, -4.755e-7, -4.552e-8, 5.357e-8, 5.462e-8, 5.252e-8, -4.176e-7, -3.962e-7, 2.137e-8, 4.945e-8, 4.595e-8, 5.294e-8, -5.080e-7, -5.263e-7, -1.831e-8, 4.339e-8, 3.801e-8, 4.877e-8, -4.936e-7, -5.426e-7, -4.904e-8, 3.318e-8, 3.041e-8, 3.594e-8
0.700, -4.409e-7, -4.838e-7, -4.285e-8, 5.598e-8, 5.495e-8, 5.700e-8, -4.317e-7, -4.079e-7, 2.375e-8, 4.995e-8, 4.763e-8, 5.227e-8, -5.174e-7, -5.409e-7, -2.351e-8, 4.030e-8, 3.733e-8, 4.327e-8, -4.997e-7, -5.531e-7, -5.346e-8, 3.168e-8, 2.980e-8, 3.355e-8
0.704, -4.613e-7, -5.026e-7, -4.127e-8, 5.528e-8, 5.321e-8, 5.735e-8, -4.403e-7, -4.221e-7, 1.817e-8, 4.983e-8, 4.959e-8, 5.008e-8, -5.249e-7, -5.497e-7, -2.478e-8, 4.141e-8, 4.174e-8, 4.109e-8, -5.117e-7, -5.641e-7, -5.240e-8, 3.432e-8, 3.035e-8, 3.829e-8
0.708, -4.720e-7, -5.185e-7, -4.657e-8, 5.686e-8, 5.472e-8, 5.900e-8, -4.597e-7, -4.367e-7, 2.294e-8, 5.109e-8, 4.534e-8, 5.685e-8, -5.448e-7, -5.675e-7, -2.272e-8, 4.100e-8, 3.669e-8, 4.532e-8, -5.294e-7, -5.852e-7, -5.580e-8, 3.191e-8, 2.980e-8, 3.402e-8
0.712, -4.869e-7, -5.323e-7, -4.542e-8, 5.699e-8, 5.655e-8, 5.743e-8, -4.725e-7, -4.542e-7, 1.835e-8, 5.288e-8, 4.902e-8, 5.674e-8, -5.638e-7, -5.880e-7, -2.424e-8, 4.195e-8, 3.675e-8, 4.716e-8, -5.451e-7, -5.997e-7, -5.459e-8, 3.430e-8, 3.297e-8, 3.564e-8
0.716, -5.057e-7, -5.509e-7, -4.515e-8, 5.842e-8, 5.811e-8, 5.874e-8, -4.935e-7, -4.748e-7, 1.875e-8, 5.196e-8, 5.138e-8, 5.254e-8, -5.736e-7, -6.048e-7, -3.123e-8, 4.277e-8, 3.970e-8, 4.583e-8, -5.587e-7, -6.172e-7, -5.851e-8, 3.610e-8, 3.206e-8, 4.014e-8
0.720, -5.283e-7, -5.769e-7, -4.862e-8, 5.937e-8, 5.845e-8, 6.029e-8, -5.137e-7, -4.973e-7, 1.639e-8, 5.136e-8, 4.780e-8, 5.493e-8, -5.943e-7, -6.257e-7, -3.134e-8, 4.285e-8, 4.132e-8, 4.438e-8, -5.782e-7, -6.344e-7, -5.623e-8, 3.685e-8, 3.411e-8, 3.959e-8
0.724, -5.527e-7, -6.023e-7, -4.961e-8, 6.092e-8, 6.276e-8, 5.907e-8, -5.369e-7, -5.195e-7, 1.741e-8, 5.394e-8, 5.147e-8, 5.640e-8, -6.180e-7, -6.491e-7, -3.108e-8, 4.503e-8, 4.310e-8, 4.696e-8, -5.991e-7, -6.591e-7, -6.005e-8, 3.681e-8, 3.392e-8, 3.970e-8
0.728, -5.757e-7, -6.272e-7, -5.143e-8, 6.205e-8, 6.211e-8, 6.198e-8, -5.618e-7, -5.424e-7, 1.936e-8, 5.688e-8, 5.194e-8, 6.182e-8, -6.457e-7, -6.778e-7, -3.205e-8, 4.524e-8, 4.128e-8, 4.920e-8, -6.278e-7, -6.891e-7, -6.131e-8, 3.730e-8, 3.538e-8, 3.921e-8
0.732, -6.083e-7, -6.562e-7, -4.788e-8, 6.397e-8, 6.130e-8, 6.663e-8, -5.932e-7, -5.761e-7, 1.702e-8, 5.716e-8, 5.479e-8, 5.952e-8, -6.706e-7, -7.054e-7, -3.472e-8, 4.603e-8, 4.413e-8, 4.793e-8, -6.507e-7, -7.120e-7, -6.133e-8, 3.977e-8, 3.492e-8, 4.461e-8
0.736, -6.400e-7, -6.917e-7, -5.170e-8, 6.530e-8, 6.189e-8, 6.871e-8, -6.256e-7, -6.077e-7, 1.787e-8, 5.852e-8, 5.439e-8, 6.265e-8, -7.033e-7, -7.379e-7, -3.459e-8, 4.662e-8, 4.362e-8, 4.962e-8, -6.823e-7, -7.479e-7, -6.564e-8, 3.993e-8, 3.764e-8, 4.222e-8
0.740, -6.755e-7, -7.254e-7, -4.993e-8, 6.703e-8, 6.701e-8, 6.704e-8, -6.571e-7, -6.432e-7, 1.383e-8, 5.904e-8, 5.592e-8, 6.215e-8, -7.362e-7, -7.736e-7, -3.741e-8, 4.811e-8, 4.620e-8, 5.003e-8, -7.171e-7, -7.798e-7, -6.270e-8, 4.102e-8, 3.643e-8, 4.560e-8
0.744, -7.151e-7, -7.688e-7, -5.369e-8, 6.604e-8, 6.441e-8, 6.767e-8, -6.966e-7, -6.841e-7, 1.251e-8, 6.291e-8, 5.787e-8, 6.795e-8, -7.729e-7, -8.129e-7, -4.002e-8, 5.272e-8, 5.115e-8, 5.430e-8, -7.544e-7, -8.184e-7, -6.401e-8, 4.373e-8, 4.048e-8, 4.698e-8
0.748, -7.573e-7, -8.129e-7, -5.556e-8, 6.901e-8, 6.668e-8, 7.133e-8, -7.420e-7, -7.284e-7, 1.366e-8, 6.698e-8, 6.427e-8, 6.969e-8, -8.156e-7, -8.562e-7, -4.059e-8, 5.325e-8, 5.084e-8, 5.566e-8, -7.943e-7, -8.594e-7, -6.512e-8, 4.587e-8, 4.211e-8, 4.963e-8
0.752, -8.039e-7, -8.591e-7, -5.519e-8, 7.164e-8, 7.139e-8, 7.188e-8, -7.845e-7, -7.767e-7, 7.818e-9, 6.808e-8, 6.545e-8, 7.072e-8, -8.688e-7, -9.090e-7, -4.019e-8, 5.634e-8, 5.290e-8, 5.979e-8, -8.449e-7, -9.075e-7, -6.263e-8, 4.756e-8, 4.193e-8, 5.319e-8
0.756, -8.576e-7, -9.119e-7, -5.422e-8, 7.744e-8, 7.432e-8, 8.055e-8, -8.425e-7, -8.298e-7, 1.277e-8, 7.078e-8, 6.771e-8, 7.385e-8, -9.124e-7, -9.584e-7, -4.603e-8, 5.808e-8, 5.588e-8, 6.029e-8, -8.874e-7, -9.594e-7, -7.197e-8, 5.018e-8, 4.667e-8, 5.369e-8
0.760, -9.133e-7, -9.721e-7, -5.887e-8, 7.967e-8, 7.627e-8, 8.306e-8, -9.011e-7, -8.892e-7, 1.194e-8, 7.662e-8, 7.314e-8, 8.009e-8, -9.690e-7, -1.014e-6, -4.513e-8, 6.319e-8, 6.041e-8, 6.597e-8, -9.427e-7, -1.013e-6, -7.079e-8, 5.542e-8, 5.206e-8, 5.878e-8
0.764, -9.773e-7, -1.036e-6, -5.905e-8, 8.380e-8, 8.039e-8, 8.722e-8, -9.594e-7, -9.529e-7, 6.578e-9, 8.063e-8, 7.696e-8, 8.429e-8, -1.030e-6, -1.079e-6, -4.909e-8, 6.589e-8, 6.135e-8, 7.043e-8, -1.006e-6, -1.076e-6, -6.955e-8, 5.938e-8, 5.419e-8, 6.458e-8
0.768, -1.041e-6, -1.108e-6, -6.670e-8, 8.918e-8, 8.876e-8, 8.961e-8, -1.029e-6, -1.025e-6, 4.334e-9, 8.716e-8, 8.347e-8, 9.086e-8, -1.098e-6, -1.148e-6, -5.073e-8, 7.247e-8, 6.761e-8, 7.733e-8, -1.067e-6, -1.144e-6, -7.774e-8, 5.983e-8, 5.635e-8, 6.330e-8
0.772, -1.119e-6, -1.186e-6, -6.693e-8, 9.518e-8, 9.033e-8, 1.000e-7, -1.103e-6, -1.100e-6, 2.661e-9, 9.315e-8, 8.785e-8, 9.845e-8, -1.167e-6, -1.223e-6, -5.612e-8, 7.727e-8, 7.530e-8, 7.924e-8, -1.136e-6, -1.216e-6, -8.093e-8, 6.628e-8, 6.199e-8, 7.057e-8
0.776, -1.195e-6, -1.268e-6, -7.316e-8, 1.017e-7, 9.925e-8, 1.042e-7, -1.185e-6, -1.187e-6, -1.817e-9, 1.007e-7, 9.437e-8, 1.070e-7, -1.250e-6, -1.308e-6, -5.828e-8, 8.208e-8, 7.815e-8, 8.600e-8, -1.214e-6, -1.301e-6, -8.695e-8, 7.053e-8, 6.819e-8, 7.287e-8
0.780, -1.278e-6, -1.359e-6, -8.076e-8, 1.118e-7, 1.087e-7, 1.148e-7, -1.269e-6, -1.275e-6, -5.419e-9, 1.128e-7, 1.052e-7, 1.205e-7, -1.338e-6, -1.403e-6, -6.510e-8, 8.597e-8, 8.288e-8, 8.905e-8, -1.294e-6, -1.388e-6, -9.413e-8, 7.691e-8, 7.669e-8, 7.713e-8
0.784, -1.368e-6, -1.458e-6, -8.991e-8, 1.180e-7, 1.171e-7, 1.190e-7, -1.363e-6, -1.377e-6, -1.413e-8, 1.189e-7, 1.122e-7, 1.256e-7, -1.428e-6, -1.503e-6, -7.499e-8, 9.758e-8, 8.973e-8, 1.054e-7, -1.385e-6, -1.484e-6, -9.875e-8, 8.308e-8, 8.106e-8, 8.510e-8
0.788, -1.475e-6, -1.569e-6, -9.470e-8, 1.299e-7, 1.259e-7, 1.339e-7, -1.460e-6, -1.484e-6, -2.389e-8, 1.330e-7, 1.265e-7, 1.395e-7, -1.521e-6, -1.605e-6, -8.421e-8, 1.053e-7, 1.007e-7, 1.099e-7, -1.482e-6, -1.586e-6, -1.042e-7, 9.410e-8, 8.793e-8, 1.003e-7
0.792, -1.581e-6, -1.686e-6, -1.050e-7, 1.406e-7, 1.373e-7, 1.439e-7, -1.568e-6, -1.601e-6, -3.286e-8, 1.450e-7, 1.375e-7, 1.524e-7, -1.623e-6, -1.721e-6, -9.750e-8, 1.156e-7, 1.086e-7, 1.227e-7, -1.581e-6, -1.701e-6, -1.199e-7, 1.016e-7, 9.370e-8, 1.096e-7
0.796, -1.692e-6, -1.814e-6, -1.223e-7, 1.537e-7, 1.452e-7, 1.622e-7, -1.681e-6, -1.726e-6, -4.522e-8, 1.641e-7, 1.563e-7, 1.720e-7, -1.735e-6, -1.845e-6, -1.095e-7, 1.281e-7, 1.249e-7, 1.314e-7, -1.687e-6, -1.821e-6, -1.344e-7, 1.084e-7, 1.021e-7, 1.146e-7
0.800, -1.810e-6, -1.949e-6, -1.390e-7, 1.704e-7, 1.663e-7, 1.746e-7, -1.798e-6, -1.861e-6, -6.335e-8, 1.794e-7, 1.718e-7, 1.869e-7, -1.854e-6, -1.980e-6, -1.263e-7, 1.428e-7, 1.354e-7, 1.503e-7, -1.803e-6, -1.951e-6, -1.477e-7, 1.252e-7, 1.169e-7, 1.336e-7
0.804, -1.937e-6, -2.093e-6, -1.563e-7, 1.852e-7, 1.797e-7, 1.908e-7, -1.923e-6, -2.007e-6, -8.306e-8, 2.013e-7, 1.908e-7, 2.118e-7, -1.976e-6, -2.126e-6, -1.493e-7, 1.558e-7, 1.468e-7, 1.648e-7, -1.922e-6, -2.091e-6, -1.686e-7, 1.382e-7, 1.317e-7, 1.447e-7
0.808, -2.072e-6, -2.254e-6, -1.816e-7, 2.057e-7, 1.998e-7, 2.116e-7, -2.056e-6, -2.166e-6, -1.095e-7, 2.225e-7, 2.127e-7, 2.324e-7, -2.110e-6, -2.280e-6, -1.701e-7, 1.779e-7, 1.693e-7, 1.865e-7, -2.049e-6, -2.238e-6, -1.897e-7, 1.566e-7, 1.462e-7, 1.671e-7
0.812, -2.216e-6, -2.423e-6, -2.071e-7, 2.297e-7, 2.235e-7, 2.358e-7, -2.198e-6, -2.333e-6, -1.347e-7, 2.488e-7, 2.367e-7, 2.609e-7, -2.246e-6, -2.447e-6, -2.010e-7, 1.982e-7, 1.890e-7, 2.074e-7, -2.187e-6, -2.400e-6, -2.129e-7, 1.750e-7, 1.666e-7, 1.835e-7
0.816, -2.363e-6, -2.604e-6, -2.416e-7, 2.550e-7, 2.456e-7, 2.644e-7, -2.347e-6, -2.515e-6, -1.673e-7, 2.784e-7, 2.665e-7, 2.903e-7, -2.391e-6, -2.624e-6, -2.339e-7, 2.215e-7, 2.117e-7, 2.314e-7, -2.324e-6, -2.573e-6, -2.490e-7, 1.953e-7, 1.849e-7, 2.058e-7
0.820, -2.513e-6, -2.801e-6, -2.873e-7, 2.801e-7, 2.721e-7, 2.881e-7, -2.505e-6, -2.712e-6, -2.070e-7, 3.119e-7, 2.968e-7, 3.269e-7, -2.552e-6, -2.816e-6, -2.647e-7, 2.493e-7, 2.372e-7, 2.614e-7, -2.469e-6, -2.754e-6, -2.848e-7, 2.205e-7, 2.111e-7, 2.299e-7
0.824, -2.683e-6, -3.011e-6, -3.279e-7, 3.127e-7, 3.010e-7, 3.243e-7, -2.668e-6, -2.921e-6, -2.525e-7, 3.455e-7, 3.294e-7, 3.616e-7, -2.705e-6, -3.021e-6, -3.160e-7, 2.784e-7, 2.668e-7, 2.901e-7, -2.617e-6, -2.947e-6, -3.305e-7, 2.484e-7, 2.387e-7, 2.582e-7
0.828, -2.854e-6, -3.236e-6, -3.815e-7, 3.484e-7, 3.345e-7, 3.623e-7, -2.838e-6, -3.141e-6, -3.030e-7, 3.856e-7, 3.702e-7, 4.010e-7, -2.866e-6, -3.235e-6, -3.696e-7, 3.119e-7, 3.009e-7, 3.228e-7, -2.781e-6, -3.159e-6, -3.781e-7, 2.788e-7, 2.651e-7, 2.926e-7
0.832, -3.028e-6, -3.471e-6, -4.432e-7, 3.888e-7, 3.768e-7, 4.008e-7, -3.011e-6, -3.378e-6, -3.678e-7, 4.282e-7, 4.114e-7, 4.450e-7, -3.042e-6, -3.469e-6, -4.267e-7, 3.526e-7, 3.376e-7, 3.676e-7, -2.948e-6, -3.379e-6, -4.306e-7, 3.157e-7, 3.014e-7, 3.300e-7
0.836, -3.218e-6, -3.729e-6, -5.109e-7, 4.327e-7, 4.162e-7, 4.492e-7, -3.198e-6, -3.629e-6, -4.313e-7, 4.792e-7, 4.607e-7, 4.978e-7, -3.224e-6, -3.716e-6, -4.918e-7, 3.939e-7, 3.801e-7, 4.077e-7, -3.116e-6, -3.617e-6, -5.008e-7, 3.522e-7, 3.381e-7, 3.664e-7
0.840, -3.413e-6, -4.002e-6, -5.892e-7, 4.809e-7, 4.644e-7, 4.973e-7, -3.386e-6, -3.901e-6, -5.154e-7, 5.295e-7, 5.099e-7, 5.491e-7, -3.409e-6, -3.980e-6, -5.711e-7, 4.420e-7, 4.251e-7, 4.588e-7, -3.299e-6, -3.869e-6, -5.700e-7, 3.970e-7, 3.818e-7, 4.122e-7
0.844, -3.611e-6, -4.291e-6, -6.795e-7, 5.353e-7, 5.210e-7, 5.496e-7, -3.584e-6, -4.186e-6, -6.023e-7, 5.886e-7, 5.685e-7, 6.086e-7, -3.607e-6, -4.260e-6, -6.527e-7, 4.937e-7, 4.732e-7, 5.143e-7, -3.487e-6, -4.137e-6, -6.501e-7, 4.444e-7, 4.253e-7, 4.635e-7
0.848, -3.831e-6, -4.602e-6, -7.711e-7, 5.970e-7, 5.773e-7, 6.168e-7, -3.802e-6, -4.498e-6, -6.969e-7, 6.493e-7, 6.279e-7, 6.708e-7, -3.810e-6, -4.558e-6, -7.483e-7, 5.512e-7, 5.306e-7, 5.718e-7, -3.684e-6, -4.421e-6, -7.371e-7, 5.015e-7, 4.808e-7, 5.222e-7
0.852, -4.047e-6, -4.928e-6, -8.812e-7, 6.617e-7, 6.434e-7, 6.800e-7, -4.020e-6, -4.820e-6, -8.007e-7, 7.172e-7, 6.928e-7, 7.416e-7, -4.029e-6, -4.878e-6, -8.490e-7, 6.164e-7, 5.940e-7, 6.387e-7, -3.884e-6, -4.722e-6, -8.375e-7, 5.633e-7, 5.407e-7, 5.860e-7
0.856, -4.281e-6, -5.279e-6, -9.980e-7, 7.298e-7, 7.073e-7, 7.523e-7, -4.250e-6, -5.169e-6, -9.190e-7, 7.920e-7, 7.662e-7, 8.177e-7, -4.255e-6, -5.210e-6, -9.549e-7, 6.872e-7, 6.639e-7, 7.105e-7, -4.100e-6, -5.042e-6, -9.414e-7, 6.279e-7, 6.042e-7, 6.516e-7
0.860, -4.521e-6, -5.642e-6, -1.120e-6, 8.088e-7, 7.863e-7, 8.313e-7, -4.491e-6, -5.536e-6, -1.045e-6, 8.681e-7, 8.399e-7, 8.964e-7, -4.488e-6, -5.569e-6, -1.080e-6, 7.636e-7, 7.389e-7, 7.883e-7, -4.322e-6, -5.379e-6, -1.057e-6, 7.040e-7, 6.805e-7, 7.276e-7
0.864, -4.773e-6, -6.026e-6, -1.253e-6, 8.967e-7, 8.702e-7, 9.231e-7, -4.746e-6, -5.924e-6, -1.178e-6, 9.520e-7, 9.237e-7, 9.804e-7, -4.733e-6, -5.949e-6, -1.215e-6, 8.443e-7, 8.195e-7, 8.690e-7, -4.558e-6, -5.739e-6, -1.182e-6, 7.838e-7, 7.558e-7, 8.118e-7
0.868, -5.041e-6, -6.441e-6, -1.399e-6, 9.843e-7, 9.557e-7, 1.013e-6, -5.013e-6, -6.334e-6, -1.320e-6, 1.045e-6, 1.015e-6, 1.074e-6, -4.996e-6, -6.349e-6, -1.353e-6, 9.334e-7, 9.046e-7, 9.622e-7, -4.802e-6, -6.119e-6, -1.317e-6, 8.666e-7, 8.394e-7, 8.937e-7
0.872, -5.323e-6, -6.872e-6, -1.549e-6, 1.078e-6, 1.050e-6, 1.107e-6, -5.289e-6, -6.767e-6, -1.478e-6, 1.141e-6, 1.108e-6, 1.173e-6, -5.272e-6, -6.775e-6, -1.503e-6, 1.031e-6, 1.001e-6, 1.061e-6, -5.065e-6, -6.524e-6, -1.459e-6, 9.594e-7, 9.302e-7, 9.886e-7
0.876, -5.617e-6, -7.330e-6, -1.713e-6, 1.184e-6, 1.153e-6, 1.215e-6, -5.582e-6, -7.226e-6, -1.644e-6, 1.241e-6, 1.210e-6, 1.272e-6, -5.564e-6, -7.230e-6, -1.666e-6, 1.130e-6, 1.098e-6, 1.162e-6, -5.347e-6, -6.956e-6, -1.610e-6, 1.057e-6, 1.021e-6, 1.092e-6
0.880, -5.937e-6, -7.821e-6, -1.883e-6, 1.297e-6, 1.264e-6, 1.331e-6, -5.901e-6, -7.716e-6, -1.815e-6, 1.349e-6, 1.313e-6, 1.385e-6, -5.885e-6, -7.720e-6, -1.835e-6, 1.233e-6, 1.200e-6, 1.266e-6, -5.640e-6, -7.417e-6, -1.777e-6, 1.161e-6, 1.129e-6, 1.193e-6
0.884, -6.284e-6, -8.350e-6, -2.066e-6, 1.414e-6, 1.378e-6, 1.450e-6, -6.246e-6, -8.240e-6, -1.994e-6, 1.469e-6, 1.431e-6, 1.507e-6, -6.225e-6, -8.241e-6, -2.016e-6, 1.349e-6, 1.316e-6, 1.381e-6, -5.961e-6, -7.914e-6, -1.953e-6, 1.267e-6, 1.232e-6, 1.301e-6
0.888, -6.658e-6, -8.920e-6, -2.262e-6, 1.535e-6, 1.500e-6, 1.569e-6, -6.622e-6, -8.815e-6, -2.193e-6, 1.592e-6, 1.551e-6, 1.633e-6, -6.606e-6, -8.815e-6, -2.209e-6, 1.472e-6, 1.435e-6, 1.509e-6, -6.316e-6, -8.450e-6, -2.134e-6, 1.385e-6, 1.349e-6, 1.421e-6
0.892, -7.076e-6, -9.551e-6, -2.475e-6, 1.669e-6, 1.631e-6, 1.708e-6, -7.027e-6, -9.432e-6, -2.405e-6, 1.729e-6, 1.687e-6, 1.771e-6, -7.011e-6, -9.431e-6, -2.420e-6, 1.601e-6, 1.561e-6, 1.641e-6, -6.702e-6, -9.038e-6, -2.336e-6, 1.507e-6, 1.469e-6, 1.545e-6
0.896, -7.550e-6, -1.025e-5, -2.699e-6, 1.813e-6, 1.772e-6, 1.853e-6, -7.493e-6, -1.013e-5, -2.633e-6, 1.869e-6, 1.826e-6, 1.913e-6, -7.468e-6, -1.012e-5, -2.649e-6, 1.742e-6, 1.701e-6, 1.783e-6, -7.133e-6, -9.682e-6, -2.549e-6, 1.640e-6, 1.597e-6, 1.683e-6
0.900, -8.095e-6, -1.104e-5, -2.949e-6, 1.962e-6, 1.917e-6, 2.007e-6, -8.026e-6, -1.091e-5, -2.880e-6, 2.025e-6, 1.978e-6, 2.073e-6, -7.992e-6, -1.089e-5, -2.893e-6, 1.890e-6, 1.845e-6, 1.936e-6, -7.623e-6, -1.041e-5, -2.782e-6, 1.780e-6, 1.736e-6, 1.823e-6
