0.004, 5.037e-7, 1.864e-7, -3.173e-7, 3.881e-7, 1.883e-7, -1.998e-7, 6.711e-7, 1.603e-7, -5.109e-7, 4.609e-7, 1.769e-7, -2.840e-7, 9.023e-7, 3.655e-8, -8.657e-7, 4.600e-7, 1.172e-7, -3.428e-7, 5.656e-7, 2.586e-8, -5.397e-7, 3.108e-7, 1.600e-8, -2.948e-7
0.008, 6.333e-7, 3.557e-7, -2.775e-7, 4.873e-7, 3.107e-7, -1.766e-7, 8.452e-7, 4.082e-7, -4.370e-7, 5.798e-7, 3.298e-7, -2.500e-7, 1.102e-6, 4.039e-7, -6.984e-7, 5.706e-7, 2.783e-7, -2.923e-7, 6.894e-7, 2.519e-7, -4.375e-7, 3.801e-7, 1.389e-7, -2.412e-7
0.012, 6.469e-7, 3.802e-7, -2.667e-7, 5.034e-7, 3.309e-7, -1.725e-7, 8.572e-7, 4.457e-7, -4.115e-7, 5.951e-7, 3.526e-7, -2.424e-7, 1.105e-6, 4.769e-7, -6.285e-7, 5.822e-7, 3.070e-7, -2.752e-7, 6.886e-7, 2.952e-7, -3.934e-7, 3.829e-7, 1.646e-7, -2.184e-7
0.016, 6.568e-7, 3.976e-7, -2.592e-7, 5.169e-7, 3.479e-7, -1.690e-7, 8.638e-7, 4.673e-7, -3.965e-7, 6.070e-7, 3.682e-7, -2.388e-7, 1.099e-6, 5.137e-7, -5.858e-7, 5.901e-7, 3.242e-7, -2.659e-7, 6.833e-7, 3.175e-7, -3.658e-7, 3.833e-7, 1.795e-7, -2.038e-7
0.020, 6.704e-7, 4.152e-7, -2.552e-7, 5.332e-7, 3.652e-7, -1.680e-7, 8.710e-7, 4.843e-7, -3.867e-7, 6.196e-7, 3.832e-7, -2.364e-7, 1.095e-6, 5.385e-7, -5.564e-7, 5.974e-7, 3.379e-7, -2.595e-7, 6.788e-7, 3.326e-7, -3.462e-7, 3.842e-7, 1.903e-7, -1.939e-7
0.024, 6.828e-7, 4.312e-7, -2.516e-7, 5.479e-7, 3.818e-7, -1.661e-7, 8.794e-7, 4.996e-7, -3.798e-7, 6.327e-7, 3.980e-7, -2.346e-7, 1.092e-6, 5.572e-7, -5.345e-7, 6.064e-7, 3.508e-7, -2.556e-7, 6.756e-7, 3.441e-7, -3.315e-7, 3.854e-7, 1.989e-7, -1.865e-7
0.028, 6.988e-7, 4.487e-7, -2.501e-7, 5.671e-7, 4.015e-7, -1.655e-7, 8.889e-7, 5.147e-7, -3.742e-7, 6.482e-7, 4.137e-7, -2.345e-7, 1.091e-6, 5.717e-7, -5.190e-7, 6.152e-7, 3.621e-7, -2.530e-7, 6.743e-7, 3.537e-7, -3.206e-7, 3.874e-7, 2.064e-7, -1.810e-7
0.032, 7.172e-7, 4.673e-7, -2.499e-7, 5.880e-7, 4.224e-7, -1.656e-7, 9.033e-7, 5.310e-7, -3.723e-7, 6.665e-7, 4.307e-7, -2.357e-7, 1.092e-6, 5.855e-7, -5.064e-7, 6.264e-7, 3.739e-7, -2.525e-7, 6.739e-7, 3.618e-7, -3.121e-7, 3.905e-7, 2.139e-7, -1.766e-7
0.036, 7.366e-7, 4.870e-7, -2.496e-7, 6.090e-7, 4.443e-7, -1.647e-7, 9.178e-7, 5.472e-7, -3.706e-7, 6.847e-7, 4.481e-7, -2.366e-7, 1.095e-6, 5.977e-7, -4.971e-7, 6.384e-7, 3.860e-7, -2.524e-7, 6.739e-7, 3.693e-7, -3.046e-7, 3.944e-7, 2.206e-7, -1.738e-7
0.040, 7.607e-7, 5.103e-7, -2.504e-7, 6.354e-7, 4.699e-7, -1.655e-7, 9.357e-7, 5.649e-7, -3.708e-7, 7.053e-7, 4.670e-7, -2.383e-7, 1.100e-6, 6.097e-7, -4.902e-7, 6.524e-7, 3.986e-7, -2.538e-7, 6.759e-7, 3.768e-7, -2.991e-7, 3.993e-7, 2.276e-7, -1.718e-7
0.044, 7.854e-7, 5.336e-7, -2.518e-7, 6.600e-7, 4.949e-7, -1.652e-7, 9.553e-7, 5.835e-7, -3.717e-7, 7.275e-7, 4.870e-7, -2.404e-7, 1.107e-6, 6.213e-7, -4.855e-7, 6.667e-7, 4.118e-7, -2.549e-7, 6.789e-7, 3.841e-7, -2.948e-7, 4.045e-7, 2.344e-7, -1.701e-7
0.048, 8.117e-7, 5.587e-7, -2.530e-7, 6.893e-7, 5.234e-7, -1.658e-7, 9.771e-7, 6.037e-7, -3.734e-7, 7.513e-7, 5.087e-7, -2.426e-7, 1.115e-6, 6.336e-7, -4.812e-7, 6.813e-7, 4.243e-7, -2.571e-7, 6.830e-7, 3.920e-7, -2.910e-7, 4.108e-7, 2.417e-7, -1.691e-7
0.052, 8.453e-7, 5.889e-7, -2.564e-7, 7.222e-7, 5.550e-7, -1.671e-7, 1.004e-6, 6.265e-7, -3.773e-7, 7.788e-7, 5.322e-7, -2.466e-7, 1.125e-6, 6.458e-7, -4.795e-7, 7.001e-7, 4.393e-7, -2.607e-7, 6.890e-7, 3.998e-7, -2.891e-7, 4.179e-7, 2.489e-7, -1.689e-7
0.056, 8.798e-7, 6.203e-7, -2.594e-7, 7.571e-7, 5.895e-7, -1.676e-7, 1.032e-6, 6.511e-7, -3.807e-7, 8.076e-7, 5.580e-7, -2.496e-7, 1.138e-6, 6.597e-7, -4.781e-7, 7.185e-7, 4.547e-7, -2.638e-7, 6.956e-7, 4.079e-7, -2.878e-7, 4.261e-7, 2.573e-7, -1.688e-7
0.060, 9.180e-7, 6.553e-7, -2.627e-7, 7.957e-7, 6.268e-7, -1.689e-7, 1.064e-6, 6.785e-7, -3.854e-7, 8.390e-7, 5.852e-7, -2.538e-7, 1.153e-6, 6.748e-7, -4.786e-7, 7.379e-7, 4.704e-7, -2.675e-7, 7.032e-7, 4.170e-7, -2.862e-7, 4.346e-7, 2.652e-7, -1.694e-7
0.064, 9.633e-7, 6.962e-7, -2.671e-7, 8.394e-7, 6.691e-7, -1.703e-7, 1.099e-6, 7.084e-7, -3.909e-7, 8.729e-7, 6.148e-7, -2.581e-7, 1.170e-6, 6.899e-7, -4.801e-7, 7.594e-7, 4.873e-7, -2.721e-7, 7.127e-7, 4.265e-7, -2.862e-7, 4.448e-7, 2.743e-7, -1.704e-7
0.068, 1.013e-6, 7.401e-7, -2.727e-7, 8.866e-7, 7.151e-7, -1.715e-7, 1.141e-6, 7.418e-7, -3.988e-7, 9.097e-7, 6.469e-7, -2.628e-7, 1.190e-6, 7.072e-7, -4.829e-7, 7.821e-7, 5.047e-7, -2.774e-7, 7.221e-7, 4.362e-7, -2.859e-7, 4.557e-7, 2.838e-7, -1.720e-7
0.072, 1.070e-6, 7.909e-7, -2.793e-7, 9.412e-7, 7.670e-7, -1.742e-7, 1.186e-6, 7.793e-7, -4.066e-7, 9.517e-7, 6.833e-7, -2.684e-7, 1.213e-6, 7.265e-7, -4.865e-7, 8.076e-7, 5.244e-7, -2.832e-7, 7.350e-7, 4.475e-7, -2.874e-7, 4.677e-7, 2.939e-7, -1.738e-7
0.076, 1.133e-6, 8.471e-7, -2.858e-7, 9.992e-7, 8.230e-7, -1.761e-7, 1.235e-6, 8.205e-7, -4.147e-7, 9.947e-7, 7.212e-7, -2.735e-7, 1.237e-6, 7.465e-7, -4.909e-7, 8.327e-7, 5.438e-7, -2.889e-7, 7.471e-7, 4.585e-7, -2.886e-7, 4.800e-7, 3.045e-7, -1.755e-7
0.080, 1.206e-6, 9.134e-7, -2.922e-7, 1.066e-6, 8.878e-7, -1.781e-7, 1.293e-6, 8.682e-7, -4.252e-7, 1.044e-6, 7.646e-7, -2.795e-7, 1.266e-6, 7.693e-7, -4.970e-7, 8.608e-7, 5.656e-7, -2.951e-7, 7.624e-7, 4.720e-7, -2.904e-7, 4.943e-7, 3.162e-7, -1.781e-7
0.084, 1.287e-6, 9.847e-7, -3.026e-7, 1.140e-6, 9.574e-7, -1.825e-7, 1.356e-6, 9.196e-7, -4.367e-7, 1.098e-6, 8.107e-7, -2.870e-7, 1.298e-6, 7.936e-7, -5.044e-7, 8.904e-7, 5.879e-7, -3.024e-7, 7.789e-7, 4.858e-7, -2.931e-7, 5.094e-7, 3.284e-7, -1.810e-7
0.088, 1.381e-6, 1.069e-6, -3.128e-7, 1.222e-6, 1.036e-6, -1.857e-7, 1.429e-6, 9.789e-7, -4.501e-7, 1.157e-6, 8.625e-7, -2.949e-7, 1.333e-6, 8.206e-7, -5.127e-7, 9.224e-7, 6.122e-7, -3.102e-7, 7.977e-7, 5.010e-7, -2.967e-7, 5.262e-7, 3.419e-7, -1.844e-7
0.092, 1.486e-6, 1.162e-6, -3.246e-7, 1.313e-6, 1.123e-6, -1.908e-7, 1.509e-6, 1.044e-6, -4.644e-7, 1.221e-6, 9.179e-7, -3.032e-7, 1.372e-6, 8.500e-7, -5.224e-7, 9.551e-7, 6.374e-7, -3.177e-7, 8.180e-7, 5.178e-7, -3.003e-7, 5.439e-7, 3.560e-7, -1.879e-7
0.096, 1.606e-6, 1.268e-6, -3.383e-7, 1.414e-6, 1.218e-6, -1.957e-7, 1.598e-6, 1.117e-6, -4.805e-7, 1.291e-6, 9.794e-7, -3.117e-7, 1.414e-6, 8.824e-7, -5.317e-7, 9.904e-7, 6.643e-7, -3.260e-7, 8.408e-7, 5.357e-7, -3.051e-7, 5.626e-7, 3.711e-7, -1.914e-7
0.100, 1.741e-6, 1.386e-6, -3.544e-7, 1.528e-6, 1.325e-6, -2.024e-7, 1.698e-6, 1.199e-6, -4.989e-7, 1.367e-6, 1.045e-6, -3.218e-7, 1.461e-6, 9.174e-7, -5.438e-7, 1.027e-6, 6.926e-7, -3.349e-7, 8.665e-7, 5.556e-7, -3.109e-7, 5.830e-7, 3.875e-7, -1.955e-7
0.104, 1.889e-6, 1.518e-6, -3.709e-7, 1.651e-6, 1.441e-6, -2.094e-7, 1.809e-6, 1.290e-6, -5.185e-7, 1.450e-6, 1.118e-6, -3.319e-7, 1.514e-6, 9.563e-7, -5.576e-7, 1.067e-6, 7.235e-7, -3.439e-7, 8.928e-7, 5.767e-7, -3.161e-7, 6.062e-7, 4.061e-7, -2.001e-7
0.108, 2.053e-6, 1.662e-6, -3.912e-7, 1.786e-6, 1.567e-6, -2.181e-7, 1.931e-6, 1.391e-6, -5.409e-7, 1.540e-6, 1.196e-6, -3.439e-7, 1.569e-6, 9.971e-7, -5.723e-7, 1.110e-6, 7.557e-7, -3.539e-7, 9.225e-7, 5.994e-7, -3.231e-7, 6.305e-7, 4.251e-7, -2.054e-7
0.112, 2.233e-6, 1.821e-6, -4.127e-7, 1.932e-6, 1.705e-6, -2.270e-7, 2.066e-6, 1.501e-6, -5.649e-7, 1.637e-6, 1.280e-6, -3.564e-7, 1.630e-6, 1.042e-6, -5.875e-7, 1.154e-6, 7.895e-7, -3.646e-7, 9.547e-7, 6.244e-7, -3.303e-7, 6.563e-7, 4.456e-7, -2.108e-7
0.116, 2.428e-6, 1.993e-6, -4.351e-7, 2.085e-6, 1.850e-6, -2.357e-7, 2.210e-6, 1.620e-6, -5.902e-7, 1.739e-6, 1.370e-6, -3.691e-7, 1.695e-6, 1.090e-6, -6.046e-7, 1.201e-6, 8.256e-7, -3.755e-7, 9.883e-7, 6.506e-7, -3.377e-7, 6.822e-7, 4.665e-7, -2.157e-7
0.120, 2.635e-6, 2.177e-6, -4.582e-7, 2.249e-6, 2.005e-6, -2.446e-7, 2.367e-6, 1.750e-6, -6.170e-7, 1.848e-6, 1.466e-6, -3.816e-7, 1.765e-6, 1.143e-6, -6.220e-7, 1.252e-6, 8.653e-7, -3.866e-7, 1.026e-6, 6.799e-7, -3.461e-7, 7.116e-7, 4.901e-7, -2.215e-7
0.124, 2.857e-6, 2.373e-6, -4.838e-7, 2.421e-6, 2.166e-6, -2.549e-7, 2.534e-6, 1.888e-6, -6.457e-7, 1.962e-6, 1.567e-6, -3.955e-7, 1.839e-6, 1.197e-6, -6.419e-7, 1.306e-6, 9.073e-7, -3.986e-7, 1.065e-6, 7.099e-7, -3.555e-7, 7.417e-7, 5.133e-7, -2.284e-7
0.128, 3.087e-6, 2.581e-6, -5.064e-7, 2.598e-6, 2.335e-6, -2.624e-7, 2.709e-6, 2.035e-6, -6.734e-7, 2.081e-6, 1.674e-6, -4.074e-7, 1.918e-6, 1.257e-6, -6.609e-7, 1.360e-6, 9.507e-7, -4.097e-7, 1.107e-6, 7.425e-7, -3.641e-7, 7.728e-7, 5.388e-7, -2.340e-7
0.132, 3.326e-6, 2.796e-6, -5.297e-7, 2.780e-6, 2.511e-6, -2.687e-7, 2.891e-6, 2.189e-6, -7.017e-7, 2.203e-6, 1.784e-6, -4.191e-7, 2.002e-6, 1.319e-6, -6.821e-7, 1.417e-6, 9.948e-7, -4.218e-7, 1.151e-6, 7.761e-7, -3.745e-7, 8.055e-7, 5.648e-7, -2.406e-7
0.136, 3.567e-6, 3.018e-6, -5.496e-7, 2.963e-6, 2.690e-6, -2.728e-7, 3.079e-6, 2.351e-6, -7.281e-7, 2.329e-6, 1.899e-6, -4.295e-7, 2.087e-6, 1.385e-6, -7.022e-7, 1.474e-6, 1.041e-6, -4.335e-7, 1.196e-6, 8.116e-7, -3.842e-7, 8.408e-7, 5.936e-7, -2.472e-7
0.140, 3.807e-6, 3.242e-6, -5.648e-7, 3.146e-6, 2.871e-6, -2.745e-7, 3.269e-6, 2.517e-6, -7.526e-7, 2.454e-6, 2.016e-6, -4.382e-7, 2.178e-6, 1.454e-6, -7.240e-7, 1.532e-6, 1.086e-6, -4.459e-7, 1.243e-6, 8.485e-7, -3.945e-7, 8.755e-7, 6.212e-7, -2.543e-7
0.144, 4.047e-6, 3.473e-6, -5.742e-7, 3.326e-6, 3.057e-6, -2.693e-7, 3.460e-6, 2.688e-6, -7.719e-7, 2.581e-6, 2.137e-6, -4.436e-7, 2.270e-6, 1.525e-6, -7.441e-7, 1.589e-6, 1.132e-6, -4.576e-7, 1.291e-6, 8.875e-7, -4.037e-7, 9.110e-7, 6.511e-7, -2.599e-7
0.148, 4.278e-6, 3.699e-6, -5.784e-7, 3.499e-6, 3.238e-6, -2.612e-7, 3.649e-6, 2.860e-6, -7.891e-7, 2.705e-6, 2.258e-6, -4.470e-7, 2.362e-6, 1.598e-6, -7.639e-7, 1.651e-6, 1.182e-6, -4.693e-7, 1.341e-6, 9.267e-7, -4.138e-7, 9.496e-7, 6.827e-7, -2.669e-7
0.152, 4.497e-6, 3.923e-6, -5.739e-7, 3.667e-6, 3.420e-6, -2.471e-7, 3.834e-6, 3.034e-6, -7.996e-7, 2.827e-6, 2.381e-6, -4.459e-7, 2.457e-6, 1.674e-6, -7.831e-7, 1.712e-6, 1.233e-6, -4.797e-7, 1.391e-6, 9.675e-7, -4.235e-7, 9.884e-7, 7.154e-7, -2.731e-7
0.156, 4.701e-6, 4.140e-6, -5.611e-7, 3.825e-6, 3.598e-6, -2.268e-7, 4.010e-6, 3.206e-6, -8.039e-7, 2.945e-6, 2.504e-6, -4.415e-7, 2.552e-6, 1.751e-6, -8.010e-7, 1.774e-6, 1.285e-6, -4.893e-7, 1.442e-6, 1.009e-6, -4.324e-7, 1.028e-6, 7.495e-7, -2.788e-7
0.160, 4.890e-6, 4.353e-6, -5.374e-7, 3.971e-6, 3.771e-6, -2.000e-7, 4.177e-6, 3.377e-6, -7.999e-7, 3.061e-6, 2.628e-6, -4.326e-7, 2.647e-6, 1.830e-6, -8.168e-7, 1.837e-6, 1.339e-6, -4.979e-7, 1.492e-6, 1.052e-6, -4.398e-7, 1.069e-6, 7.847e-7, -2.838e-7
0.164, 5.058e-6, 4.553e-6, -5.055e-7, 4.105e-6, 3.938e-6, -1.670e-7, 4.333e-6, 3.543e-6, -7.896e-7, 3.170e-6, 2.751e-6, -4.196e-7, 2.739e-6, 1.908e-6, -8.302e-7, 1.898e-6, 1.391e-6, -5.063e-7, 1.541e-6, 1.093e-6, -4.472e-7, 1.108e-6, 8.194e-7, -2.886e-7
0.168, 5.207e-6, 4.744e-6, -4.629e-7, 4.228e-6, 4.101e-6, -1.267e-7, 4.477e-6, 3.706e-6, -7.706e-7, 3.274e-6, 2.873e-6, -4.015e-7, 2.831e-6, 1.988e-6, -8.422e-7, 1.959e-6, 1.447e-6, -5.126e-7, 1.590e-6, 1.137e-6, -4.528e-7, 1.149e-6, 8.566e-7, -2.927e-7
0.172, 5.331e-6, 4.919e-6, -4.116e-7, 4.335e-6, 4.253e-6, -8.204e-8, 4.605e-6, 3.861e-6, -7.442e-7, 3.373e-6, 2.993e-6, -3.798e-7, 2.918e-6, 2.067e-6, -8.516e-7, 2.019e-6, 1.500e-6, -5.182e-7, 1.638e-6, 1.180e-6, -4.576e-7, 1.189e-6, 8.934e-7, -2.960e-7
0.176, 5.433e-6, 5.082e-6, -3.510e-7, 4.432e-6, 4.401e-6, -3.115e-8, 4.718e-6, 4.010e-6, -7.086e-7, 3.464e-6, 3.111e-6, -3.528e-7, 3.003e-6, 2.146e-6, -8.572e-7, 2.078e-6, 1.555e-6, -5.220e-7, 1.685e-6, 1.224e-6, -4.610e-7, 1.229e-6, 9.310e-7, -2.985e-7
0.180, 5.513e-6, 5.230e-6, -2.830e-7, 4.515e-6, 4.539e-6, 2.367e-8, 4.816e-6, 4.151e-6, -6.656e-7, 3.551e-6, 3.229e-6, -3.226e-7, 3.084e-6, 2.224e-6, -8.602e-7, 2.134e-6, 1.610e-6, -5.242e-7, 1.731e-6, 1.267e-6, -4.635e-7, 1.268e-6, 9.688e-7, -2.996e-7
0.184, 5.569e-6, 5.361e-6, -2.079e-7, 4.584e-6, 4.668e-6, 8.323e-8, 4.899e-6, 4.283e-6, -6.155e-7, 3.632e-6, 3.344e-6, -2.890e-7, 3.163e-6, 2.302e-6, -8.608e-7, 2.190e-6, 1.665e-6, -5.250e-7, 1.774e-6, 1.311e-6, -4.634e-7, 1.307e-6, 1.007e-6, -2.997e-7
0.188, 5.605e-6, 5.477e-6, -1.280e-7, 4.643e-6, 4.787e-6, 1.438e-7, 4.966e-6, 4.406e-6, -5.604e-7, 3.707e-6, 3.455e-6, -2.520e-7, 3.237e-6, 2.378e-6, -8.594e-7, 2.244e-6, 1.719e-6, -5.248e-7, 1.816e-6, 1.353e-6, -4.631e-7, 1.346e-6, 1.046e-6, -2.996e-7
0.192, 5.620e-6, 5.577e-6, -4.284e-8, 4.690e-6, 4.898e-6, 2.079e-7, 5.019e-6, 4.521e-6, -4.985e-7, 3.777e-6, 3.565e-6, -2.116e-7, 3.307e-6, 2.454e-6, -8.532e-7, 2.296e-6, 1.773e-6, -5.225e-7, 1.857e-6, 1.396e-6, -4.609e-7, 1.383e-6, 1.086e-6, -2.974e-7
0.196, 5.618e-6, 5.661e-6, 4.280e-8, 4.728e-6, 5.000e-6, 2.721e-7, 5.058e-6, 4.624e-6, -4.340e-7, 3.842e-6, 3.671e-6, -1.703e-7, 3.372e-6, 2.527e-6, -8.455e-7, 2.346e-6, 1.827e-6, -5.191e-7, 1.895e-6, 1.437e-6, -4.574e-7, 1.420e-6, 1.126e-6, -2.944e-7
0.200, 5.603e-6, 5.733e-6, 1.306e-7, 4.759e-6, 5.095e-6, 3.363e-7, 5.086e-6, 4.720e-6, -3.653e-7, 3.903e-6, 3.776e-6, -1.269e-7, 3.435e-6, 2.600e-6, -8.356e-7, 2.395e-6, 1.881e-6, -5.139e-7, 1.933e-6, 1.480e-6, -4.525e-7, 1.457e-6, 1.167e-6, -2.903e-7
0.204, 5.573e-6, 5.789e-6, 2.162e-7, 4.780e-6, 5.179e-6, 3.989e-7, 5.101e-6, 4.805e-6, -2.959e-7, 3.959e-6, 3.876e-6, -8.282e-8, 3.494e-6, 2.671e-6, -8.231e-7, 2.442e-6, 1.934e-6, -5.085e-7, 1.969e-6, 1.522e-6, -4.476e-7, 1.492e-6, 1.207e-6, -2.851e-7
0.208, 5.533e-6, 5.835e-6, 3.025e-7, 4.796e-6, 5.258e-6, 4.621e-7, 5.107e-6, 4.883e-6, -2.235e-7, 4.012e-6, 3.976e-6, -3.657e-8, 3.550e-6, 2.742e-6, -8.078e-7, 2.487e-6, 1.987e-6, -5.006e-7, 2.004e-6, 1.564e-6, -4.399e-7, 1.527e-6, 1.249e-6, -2.782e-7
0.212, 5.485e-6, 5.870e-6, 3.846e-7, 4.806e-6, 5.328e-6, 5.217e-7, 5.105e-6, 4.952e-6, -1.538e-7, 4.061e-6, 4.070e-6, 8.980e-9, 3.602e-6, 2.810e-6, -7.923e-7, 2.532e-6, 2.039e-6, -4.930e-7, 2.037e-6, 1.605e-6, -4.320e-7, 1.563e-6, 1.292e-6, -2.711e-7
0.216, 5.433e-6, 5.896e-6, 4.635e-7, 4.814e-6, 5.392e-6, 5.782e-7, 5.097e-6, 5.013e-6, -8.404e-8, 4.108e-6, 4.163e-6, 5.465e-8, 3.652e-6, 2.878e-6, -7.739e-7, 2.576e-6, 2.092e-6, -4.839e-7, 2.069e-6, 1.646e-6, -4.232e-7, 1.598e-6, 1.335e-6, -2.628e-7
0.220, 5.375e-6, 5.912e-6, 5.368e-7, 4.816e-6, 5.448e-6, 6.316e-7, 5.082e-6, 5.065e-6, -1.711e-8, 4.152e-6, 4.252e-6, 9.913e-8, 3.700e-6, 2.944e-6, -7.556e-7, 2.618e-6, 2.143e-6, -4.748e-7, 2.101e-6, 1.687e-6, -4.142e-7, 1.631e-6, 1.378e-6, -2.532e-7
0.224, 5.315e-6, 5.922e-6, 6.072e-7, 4.817e-6, 5.500e-6, 6.829e-7, 5.064e-6, 5.112e-6, 4.799e-8, 4.193e-6, 4.338e-6, 1.445e-7, 3.745e-6, 3.010e-6, -7.349e-7, 2.658e-6, 2.195e-6, -4.630e-7, 2.132e-6, 1.728e-6, -4.034e-7, 1.665e-6, 1.423e-6, -2.418e-7
0.228, 5.252e-6, 5.925e-6, 6.730e-7, 4.813e-6, 5.544e-6, 7.304e-7, 5.039e-6, 5.150e-6, 1.107e-7, 4.230e-6, 4.419e-6, 1.889e-7, 3.788e-6, 3.075e-6, -7.132e-7, 2.698e-6, 2.247e-6, -4.507e-7, 2.161e-6, 1.770e-6, -3.914e-7, 1.698e-6, 1.468e-6, -2.296e-7
0.232, 5.194e-6, 5.925e-6, 7.310e-7, 4.811e-6, 5.583e-6, 7.725e-7, 5.017e-6, 5.184e-6, 1.668e-7, 4.267e-6, 4.497e-6, 2.307e-7, 3.832e-6, 3.139e-6, -6.922e-7, 2.739e-6, 2.299e-6, -4.393e-7, 2.191e-6, 1.811e-6, -3.800e-7, 1.732e-6, 1.515e-6, -2.170e-7
0.236, 5.133e-6, 5.917e-6, 7.839e-7, 4.805e-6, 5.617e-6, 8.118e-7, 4.990e-6, 5.210e-6, 2.201e-7, 4.299e-6, 4.570e-6, 2.709e-7, 3.872e-6, 3.202e-6, -6.699e-7, 2.777e-6, 2.351e-6, -4.261e-7, 2.219e-6, 1.851e-6, -3.676e-7, 1.764e-6, 1.561e-6, -2.025e-7
0.240, 5.072e-6, 5.906e-6, 8.332e-7, 4.796e-6, 5.644e-6, 8.478e-7, 4.959e-6, 5.230e-6, 2.702e-7, 4.328e-6, 4.639e-6, 3.106e-7, 3.911e-6, 3.264e-6, -6.462e-7, 2.814e-6, 2.403e-6, -4.116e-7, 2.246e-6, 1.892e-6, -3.543e-7, 1.796e-6, 1.609e-6, -1.869e-7
0.244, 5.013e-6, 5.889e-6, 8.760e-7, 4.786e-6, 5.665e-6, 8.796e-7, 4.929e-6, 5.244e-6, 3.150e-7, 4.353e-6, 4.700e-6, 3.477e-7, 3.947e-6, 3.324e-6, -6.227e-7, 2.852e-6, 2.454e-6, -3.980e-7, 2.272e-6, 1.932e-6, -3.405e-7, 1.826e-6, 1.656e-6, -1.704e-7
0.248, 4.954e-6, 5.869e-6, 9.148e-7, 4.773e-6, 5.682e-6, 9.085e-7, 4.897e-6, 5.253e-6, 3.567e-7, 4.375e-6, 4.759e-6, 3.832e-7, 3.984e-6, 3.385e-6, -5.985e-7, 2.888e-6, 2.506e-6, -3.816e-7, 2.299e-6, 1.973e-6, -3.261e-7, 1.857e-6, 1.704e-6, -1.525e-7
0.252, 4.894e-6, 5.844e-6, 9.499e-7, 4.756e-6, 5.691e-6, 9.350e-7, 4.864e-6, 5.257e-6, 3.930e-7, 4.394e-6, 4.811e-6, 4.167e-7, 4.018e-6, 3.444e-6, -5.738e-7, 2.924e-6, 2.558e-6, -3.661e-7, 2.323e-6, 2.012e-6, -3.102e-7, 1.886e-6, 1.753e-6, -1.331e-7
0.256, 4.834e-6, 5.816e-6, 9.818e-7, 4.738e-6, 5.697e-6, 9.593e-7, 4.829e-6, 5.257e-6, 4.277e-7, 4.409e-6, 4.857e-6, 4.489e-7, 4.052e-6, 3.503e-6, -5.491e-7, 2.958e-6, 2.609e-6, -3.488e-7, 2.347e-6, 2.053e-6, -2.943e-7, 1.913e-6, 1.801e-6, -1.125e-7
0.260, 4.772e-6, 5.782e-6, 1.010e-6, 4.714e-6, 5.695e-6, 9.811e-7, 4.792e-6, 5.249e-6, 4.572e-7, 4.417e-6, 4.896e-6, 4.788e-7, 4.081e-6, 3.557e-6, -5.236e-7, 2.991e-6, 2.659e-6, -3.317e-7, 2.369e-6, 2.091e-6, -2.781e-7, 1.939e-6, 1.848e-6, -9.106e-8
0.264, 4.708e-6, 5.746e-6, 1.037e-6, 4.689e-6, 5.691e-6, 1.002e-6, 4.755e-6, 5.241e-6, 4.856e-7, 4.424e-6, 4.932e-6, 5.074e-7, 4.111e-6, 3.613e-6, -4.973e-7, 3.025e-6, 2.711e-6, -3.135e-7, 2.391e-6, 2.130e-6, -2.605e-7, 1.966e-6, 1.898e-6, -6.786e-8
0.268, 4.641e-6, 5.703e-6, 1.062e-6, 4.656e-6, 5.680e-6, 1.023e-6, 4.714e-6, 5.224e-6, 5.106e-7, 4.425e-6, 4.960e-6, 5.350e-7, 4.135e-6, 3.665e-6, -4.701e-7, 3.055e-6, 2.761e-6, -2.939e-7, 2.409e-6, 2.167e-6, -2.421e-7, 1.989e-6, 1.945e-6, -4.363e-8
0.272, 4.574e-6, 5.660e-6, 1.086e-6, 4.622e-6, 5.665e-6, 1.043e-6, 4.673e-6, 5.206e-6, 5.333e-7, 4.422e-6, 4.983e-6, 5.611e-7, 4.160e-6, 3.717e-6, -4.429e-7, 3.085e-6, 2.811e-6, -2.740e-7, 2.428e-6, 2.205e-6, -2.232e-7, 2.011e-6, 1.994e-6, -1.738e-8
0.276, 4.500e-6, 5.609e-6, 1.109e-6, 4.582e-6, 5.645e-6, 1.063e-6, 4.628e-6, 5.183e-6, 5.549e-7, 4.414e-6, 5.000e-6, 5.861e-7, 4.181e-6, 3.766e-6, -4.150e-7, 3.113e-6, 2.860e-6, -2.527e-7, 2.444e-6, 2.241e-6, -2.032e-7, 2.031e-6, 2.041e-6, 9.767e-9
0.280, 4.428e-6, 5.560e-6, 1.132e-6, 4.541e-6, 5.626e-6, 1.084e-6, 4.582e-6, 5.158e-6, 5.753e-7, 4.403e-6, 5.014e-6, 6.109e-7, 4.199e-6, 3.813e-6, -3.859e-7, 3.140e-6, 2.910e-6, -2.301e-7, 2.460e-6, 2.277e-6, -1.826e-7, 2.050e-6, 2.089e-6, 3.840e-8
0.284, 4.355e-6, 5.508e-6, 1.154e-6, 4.500e-6, 5.604e-6, 1.104e-6, 4.537e-6, 5.131e-6, 5.937e-7, 4.390e-6, 5.024e-6, 6.341e-7, 4.216e-6, 3.860e-6, -3.562e-7, 3.166e-6, 2.959e-6, -2.071e-7, 2.474e-6, 2.313e-6, -1.609e-7, 2.067e-6, 2.136e-6, 6.826e-8
0.288, 4.276e-6, 5.452e-6, 1.177e-6, 4.453e-6, 5.578e-6, 1.125e-6, 4.488e-6, 5.099e-6, 6.115e-7, 4.371e-6, 5.028e-6, 6.573e-7, 4.228e-6, 3.902e-6, -3.265e-7, 3.189e-6, 3.005e-6, -1.831e-7, 2.486e-6, 2.347e-6, -1.389e-7, 2.082e-6, 2.181e-6, 9.929e-8
0.292, 4.201e-6, 5.398e-6, 1.197e-6, 4.408e-6, 5.553e-6, 1.145e-6, 4.440e-6, 5.068e-6, 6.281e-7, 4.351e-6, 5.030e-6, 6.786e-7, 4.239e-6, 3.943e-6, -2.962e-7, 3.210e-6, 3.052e-6, -1.578e-7, 2.496e-6, 2.380e-6, -1.160e-7, 2.096e-6, 2.227e-6, 1.312e-7
0.296, 4.126e-6, 5.344e-6, 1.218e-6, 4.365e-6, 5.530e-6, 1.165e-6, 4.391e-6, 5.035e-6, 6.443e-7, 4.331e-6, 5.031e-6, 7.001e-7, 4.248e-6, 3.983e-6, -2.649e-7, 3.231e-6, 3.098e-6, -1.321e-7, 2.505e-6, 2.413e-6, -9.235e-8, 2.108e-6, 2.273e-6, 1.647e-7
0.300, 4.052e-6, 5.290e-6, 1.238e-6, 4.320e-6, 5.505e-6, 1.185e-6, 4.342e-6, 5.001e-6, 6.591e-7, 4.308e-6, 5.029e-6, 7.205e-7, 4.254e-6, 4.021e-6, -2.333e-7, 3.248e-6, 3.143e-6, -1.051e-7, 2.512e-6, 2.444e-6, -6.814e-8, 2.118e-6, 2.317e-6, 1.989e-7
0.304, 3.980e-6, 5.237e-6, 1.257e-6, 4.278e-6, 5.481e-6, 1.204e-6, 4.295e-6, 4.968e-6, 6.730e-7, 4.287e-6, 5.026e-6, 7.393e-7, 4.259e-6, 4.058e-6, -2.013e-7, 3.265e-6, 3.188e-6, -7.720e-8, 2.519e-6, 2.476e-6, -4.286e-8, 2.128e-6, 2.362e-6, 2.341e-7
0.308, 3.911e-6, 5.185e-6, 1.274e-6, 4.236e-6, 5.458e-6, 1.222e-6, 4.248e-6, 4.934e-6, 6.859e-7, 4.263e-6, 5.021e-6, 7.580e-7, 4.261e-6, 4.092e-6, -1.690e-7, 3.280e-6, 3.231e-6, -4.894e-8, 2.524e-6, 2.506e-6, -1.746e-8, 2.136e-6, 2.405e-6, 2.694e-7
0.312, 3.843e-6, 5.134e-6, 1.291e-6, 4.197e-6, 5.436e-6, 1.239e-6, 4.201e-6, 4.900e-6, 6.985e-7, 4.240e-6, 5.015e-6, 7.752e-7, 4.261e-6, 4.125e-6, -1.362e-7, 3.293e-6, 3.273e-6, -1.940e-8, 2.527e-6, 2.536e-6, 8.883e-9, 2.142e-6, 2.448e-6, 3.057e-7
0.316, 3.784e-6, 5.087e-6, 1.303e-6, 4.162e-6, 5.416e-6, 1.254e-6, 4.159e-6, 4.867e-6, 7.083e-7, 4.218e-6, 5.009e-6, 7.902e-7, 4.262e-6, 4.157e-6, -1.041e-7, 3.306e-6, 3.315e-6, 9.353e-9, 2.531e-6, 2.566e-6, 3.494e-8, 2.150e-6, 2.491e-6, 3.416e-7
0.320, 3.721e-6, 5.037e-6, 1.316e-6, 4.125e-6, 5.393e-6, 1.268e-6, 4.114e-6, 4.832e-6, 7.179e-7, 4.195e-6, 5.000e-6, 8.053e-7, 4.259e-6, 4.187e-6, -7.168e-8, 3.316e-6, 3.356e-6, 3.964e-8, 2.531e-6, 2.594e-6, 6.237e-8, 2.153e-6, 2.532e-6, 3.787e-7
0.324, 3.665e-6, 4.991e-6, 1.326e-6, 4.091e-6, 5.372e-6, 1.280e-6, 4.072e-6, 4.799e-6, 7.272e-7, 4.172e-6, 4.991e-6, 8.185e-7, 4.254e-6, 4.216e-6, -3.809e-8, 3.325e-6, 3.396e-6, 7.062e-8, 2.533e-6, 2.621e-6, 8.896e-8, 2.157e-6, 2.573e-6, 4.163e-7
0.328, 3.612e-6, 4.946e-6, 1.334e-6, 4.059e-6, 5.350e-6, 1.292e-6, 4.032e-6, 4.767e-6, 7.352e-7, 4.150e-6, 4.981e-6, 8.315e-7, 4.251e-6, 4.245e-6, -5.669e-9, 3.333e-6, 3.436e-6, 1.026e-7, 2.533e-6, 2.649e-6, 1.165e-7, 2.160e-6, 2.614e-6, 4.536e-7
0.332, 3.561e-6, 4.902e-6, 1.340e-6, 4.026e-6, 5.328e-6, 1.301e-6, 3.993e-6, 4.735e-6, 7.413e-7, 4.126e-6, 4.969e-6, 8.429e-7, 4.245e-6, 4.272e-6, 2.685e-8, 3.341e-6, 3.475e-6, 1.337e-7, 2.532e-6, 2.676e-6, 1.444e-7, 2.163e-6, 2.654e-6, 4.909e-7
0.336, 3.514e-6, 4.859e-6, 1.345e-6, 3.995e-6, 5.305e-6, 1.309e-6, 3.956e-6, 4.703e-6, 7.467e-7, 4.105e-6, 4.957e-6, 8.527e-7, 4.239e-6, 4.299e-6, 5.959e-8, 3.347e-6, 3.513e-6, 1.664e-7, 2.531e-6, 2.703e-6, 1.723e-7, 2.165e-6, 2.693e-6, 5.278e-7
0.340, 3.467e-6, 4.815e-6, 1.348e-6, 3.962e-6, 5.278e-6, 1.317e-6, 3.918e-6, 4.669e-6, 7.510e-7, 4.079e-6, 4.941e-6, 8.618e-7, 4.232e-6, 4.323e-6, 9.089e-8, 3.351e-6, 3.549e-6, 1.986e-7, 2.528e-6, 2.728e-6, 1.999e-7, 2.166e-6, 2.730e-6, 5.643e-7
0.344, 3.425e-6, 4.774e-6, 1.349e-6, 3.931e-6, 5.254e-6, 1.322e-6, 3.884e-6, 4.638e-6, 7.545e-7, 4.056e-6, 4.926e-6, 8.704e-7, 4.224e-6, 4.347e-6, 1.238e-7, 3.355e-6, 3.586e-6, 2.312e-7, 2.525e-6, 2.753e-6, 2.279e-7, 2.167e-6, 2.768e-6, 6.013e-7
0.348, 3.381e-6, 4.731e-6, 1.350e-6, 3.897e-6, 5.224e-6, 1.326e-6, 3.847e-6, 4.605e-6, 7.577e-7, 4.030e-6, 4.907e-6, 8.773e-7, 4.214e-6, 4.370e-6, 1.556e-7, 3.356e-6, 3.621e-6, 2.643e-7, 2.521e-6, 2.778e-6, 2.563e-7, 2.166e-6, 2.804e-6, 6.381e-7
0.352, 3.339e-6, 4.687e-6, 1.348e-6, 3.864e-6, 5.193e-6, 1.329e-6, 3.810e-6, 4.570e-6, 7.604e-7, 4.002e-6, 4.887e-6, 8.842e-7, 4.204e-6, 4.391e-6, 1.875e-7, 3.355e-6, 3.653e-6, 2.978e-7, 2.516e-6, 2.801e-6, 2.843e-7, 2.165e-6, 2.840e-6, 6.744e-7
0.356, 3.299e-6, 4.644e-6, 1.345e-6, 3.829e-6, 5.160e-6, 1.330e-6, 3.776e-6, 4.537e-6, 7.608e-7, 3.976e-6, 4.864e-6, 8.881e-7, 4.194e-6, 4.412e-6, 2.176e-7, 3.355e-6, 3.685e-6, 3.296e-7, 2.512e-6, 2.824e-6, 3.116e-7, 2.165e-6, 2.874e-6, 7.096e-7
0.360, 3.260e-6, 4.601e-6, 1.341e-6, 3.796e-6, 5.126e-6, 1.330e-6, 3.741e-6, 4.503e-6, 7.621e-7, 3.947e-6, 4.840e-6, 8.928e-7, 4.183e-6, 4.432e-6, 2.490e-7, 3.352e-6, 3.715e-6, 3.631e-7, 2.507e-6, 2.846e-6, 3.396e-7, 2.162e-6, 2.908e-6, 7.452e-7
0.364, 3.220e-6, 4.557e-6, 1.337e-6, 3.759e-6, 5.089e-6, 1.330e-6, 3.705e-6, 4.468e-6, 7.630e-7, 3.916e-6, 4.813e-6, 8.971e-7, 4.170e-6, 4.450e-6, 2.807e-7, 3.347e-6, 3.743e-6, 3.959e-7, 2.500e-6, 2.868e-6, 3.674e-7, 2.160e-6, 2.940e-6, 7.799e-7
0.368, 3.181e-6, 4.513e-6, 1.331e-6, 3.722e-6, 5.049e-6, 1.328e-6, 3.670e-6, 4.432e-6, 7.624e-7, 3.887e-6, 4.786e-6, 8.992e-7, 4.157e-6, 4.468e-6, 3.108e-7, 3.343e-6, 3.771e-6, 4.282e-7, 2.494e-6, 2.889e-6, 3.945e-7, 2.157e-6, 2.971e-6, 8.139e-7
0.372, 3.143e-6, 4.468e-6, 1.325e-6, 3.684e-6, 5.009e-6, 1.324e-6, 3.634e-6, 4.397e-6, 7.621e-7, 3.853e-6, 4.755e-6, 9.017e-7, 4.143e-6, 4.484e-6, 3.409e-7, 3.335e-6, 3.796e-6, 4.608e-7, 2.487e-6, 2.909e-6, 4.223e-7, 2.154e-6, 3.001e-6, 8.466e-7
0.376, 3.105e-6, 4.423e-6, 1.318e-6, 3.645e-6, 4.966e-6, 1.321e-6, 3.599e-6, 4.361e-6, 7.618e-7, 3.819e-6, 4.723e-6, 9.036e-7, 4.128e-6, 4.499e-6, 3.716e-7, 3.326e-6, 3.819e-6, 4.936e-7, 2.479e-6, 2.929e-6, 4.502e-7, 2.149e-6, 3.029e-6, 8.802e-7
0.380, 3.066e-6, 4.376e-6, 1.310e-6, 3.605e-6, 4.920e-6, 1.314e-6, 3.563e-6, 4.324e-6, 7.601e-7, 3.785e-6, 4.688e-6, 9.037e-7, 4.113e-6, 4.512e-6, 3.998e-7, 3.315e-6, 3.840e-6, 5.243e-7, 2.470e-6, 2.946e-6, 4.766e-7, 2.145e-6, 3.057e-6, 9.120e-7
0.384, 3.028e-6, 4.330e-6, 1.302e-6, 3.565e-6, 4.873e-6, 1.309e-6, 3.527e-6, 4.286e-6, 7.591e-7, 3.748e-6, 4.653e-6, 9.047e-7, 4.096e-6, 4.526e-6, 4.299e-7, 3.302e-6, 3.858e-6, 5.559e-7, 2.460e-6, 2.964e-6, 5.039e-7, 2.138e-6, 3.082e-6, 9.440e-7
0.388, 2.991e-6, 4.283e-6, 1.292e-6, 3.525e-6, 4.826e-6, 1.301e-6, 3.493e-6, 4.249e-6, 7.564e-7, 3.713e-6, 4.616e-6, 9.036e-7, 4.081e-6, 4.538e-6, 4.574e-7, 3.290e-6, 3.875e-6, 5.857e-7, 2.451e-6, 2.981e-6, 5.303e-7, 2.134e-6, 3.108e-6, 9.743e-7
0.392, 2.954e-6, 4.237e-6, 1.283e-6, 3.483e-6, 4.776e-6, 1.293e-6, 3.459e-6, 4.213e-6, 7.540e-7, 3.675e-6, 4.578e-6, 9.029e-7, 4.064e-6, 4.549e-6, 4.859e-7, 3.274e-6, 3.890e-6, 6.155e-7, 2.441e-6, 2.998e-6, 5.567e-7, 2.127e-6, 3.131e-6, 1.004e-6
0.396, 2.915e-6, 4.188e-6, 1.273e-6, 3.439e-6, 4.724e-6, 1.284e-6, 3.422e-6, 4.174e-6, 7.519e-7, 3.635e-6, 4.536e-6, 9.015e-7, 4.045e-6, 4.558e-6, 5.132e-7, 3.257e-6, 3.901e-6, 6.444e-7, 2.430e-6, 3.012e-6, 5.824e-7, 2.119e-6, 3.153e-6, 1.034e-6
0.400, 2.880e-6, 4.143e-6, 1.263e-6, 3.396e-6, 4.672e-6, 1.276e-6, 3.389e-6, 4.138e-6, 7.495e-7, 3.596e-6, 4.496e-6, 9.004e-7, 4.027e-6, 4.568e-6, 5.405e-7, 3.240e-6, 3.912e-6, 6.726e-7, 2.418e-6, 3.027e-6, 6.091e-7, 2.111e-6, 3.174e-6, 1.062e-6
0.404, 2.843e-6, 4.096e-6, 1.254e-6, 3.350e-6, 4.618e-6, 1.268e-6, 3.354e-6, 4.101e-6, 7.468e-7, 3.554e-6, 4.453e-6, 8.990e-7, 4.006e-6, 4.574e-6, 5.675e-7, 3.218e-6, 3.919e-6, 7.009e-7, 2.405e-6, 3.040e-6, 6.343e-7, 2.102e-6, 3.192e-6, 1.090e-6
0.408, 2.808e-6, 4.051e-6, 1.242e-6, 3.307e-6, 4.565e-6, 1.258e-6, 3.320e-6, 4.065e-6, 7.448e-7, 3.513e-6, 4.411e-6, 8.976e-7, 3.987e-6, 4.580e-6, 5.935e-7, 3.198e-6, 3.926e-6, 7.277e-7, 2.394e-6, 3.053e-6, 6.594e-7, 2.093e-6, 3.210e-6, 1.117e-6
0.412, 2.774e-6, 4.006e-6, 1.232e-6, 3.262e-6, 4.511e-6, 1.249e-6, 3.288e-6, 4.029e-6, 7.414e-7, 3.472e-6, 4.367e-6, 8.957e-7, 3.966e-6, 4.586e-6, 6.193e-7, 3.176e-6, 3.929e-6, 7.531e-7, 2.381e-6, 3.065e-6, 6.837e-7, 2.083e-6, 3.227e-6, 1.144e-6
0.416, 2.742e-6, 3.963e-6, 1.221e-6, 3.217e-6, 4.456e-6, 1.239e-6, 3.256e-6, 3.994e-6, 7.384e-7, 3.430e-6, 4.324e-6, 8.937e-7, 3.945e-6, 4.590e-6, 6.445e-7, 3.153e-6, 3.931e-6, 7.783e-7, 2.369e-6, 3.077e-6, 7.082e-7, 2.073e-6, 3.242e-6, 1.169e-6
0.420, 2.711e-6, 3.920e-6, 1.209e-6, 3.174e-6, 4.403e-6, 1.229e-6, 3.226e-6, 3.960e-6, 7.346e-7, 3.389e-6, 4.280e-6, 8.910e-7, 3.924e-6, 4.593e-6, 6.682e-7, 3.130e-6, 3.932e-6, 8.017e-7, 2.356e-6, 3.088e-6, 7.317e-7, 2.062e-6, 3.256e-6, 1.195e-6
0.424, 2.680e-6, 3.878e-6, 1.198e-6, 3.129e-6, 4.349e-6, 1.220e-6, 3.196e-6, 3.928e-6, 7.317e-7, 3.347e-6, 4.236e-6, 8.894e-7, 3.904e-6, 4.596e-6, 6.921e-7, 3.106e-6, 3.931e-6, 8.248e-7, 2.344e-6, 3.099e-6, 7.546e-7, 2.051e-6, 3.270e-6, 1.219e-6
0.428, 2.651e-6, 3.839e-6, 1.188e-6, 3.084e-6, 4.295e-6, 1.211e-6, 3.167e-6, 3.896e-6, 7.288e-7, 3.304e-6, 4.192e-6, 8.882e-7, 3.880e-6, 4.596e-6, 7.161e-7, 3.081e-6, 3.928e-6, 8.469e-7, 2.331e-6, 3.108e-6, 7.776e-7, 2.040e-6, 3.282e-6, 1.242e-6
0.432, 2.625e-6, 3.802e-6, 1.177e-6, 3.041e-6, 4.245e-6, 1.204e-6, 3.139e-6, 3.866e-6, 7.268e-7, 3.263e-6, 4.150e-6, 8.873e-7, 3.859e-6, 4.599e-6, 7.399e-7, 3.056e-6, 3.925e-6, 8.692e-7, 2.318e-6, 3.119e-6, 8.014e-7, 2.027e-6, 3.294e-6, 1.267e-6
0.436, 2.597e-6, 3.764e-6, 1.166e-6, 2.996e-6, 4.192e-6, 1.196e-6, 3.112e-6, 3.835e-6, 7.234e-7, 3.220e-6, 4.106e-6, 8.859e-7, 3.835e-6, 4.597e-6, 7.617e-7, 3.029e-6, 3.919e-6, 8.895e-7, 2.305e-6, 3.128e-6, 8.232e-7, 2.015e-6, 3.303e-6, 1.288e-6
0.440, 2.575e-6, 3.730e-6, 1.155e-6, 2.956e-6, 4.143e-6, 1.187e-6, 3.088e-6, 3.808e-6, 7.204e-7, 3.181e-6, 4.066e-6, 8.848e-7, 3.812e-6, 4.596e-6, 7.837e-7, 3.004e-6, 3.913e-6, 9.090e-7, 2.293e-6, 3.137e-6, 8.447e-7, 2.003e-6, 3.313e-6, 1.310e-6
0.444, 2.554e-6, 3.698e-6, 1.144e-6, 2.915e-6, 4.095e-6, 1.179e-6, 3.065e-6, 3.782e-6, 7.170e-7, 3.142e-6, 4.025e-6, 8.833e-7, 3.790e-6, 4.594e-6, 8.040e-7, 2.980e-6, 3.906e-6, 9.269e-7, 2.280e-6, 3.146e-6, 8.653e-7, 1.991e-6, 3.322e-6, 1.331e-6
0.448, 2.535e-6, 3.669e-6, 1.133e-6, 2.876e-6, 4.048e-6, 1.172e-6, 3.043e-6, 3.758e-6, 7.152e-7, 3.103e-6, 3.986e-6, 8.829e-7, 3.768e-6, 4.593e-6, 8.245e-7, 2.953e-6, 3.899e-6, 9.456e-7, 2.269e-6, 3.155e-6, 8.864e-7, 1.979e-6, 3.330e-6, 1.351e-6
0.452, 2.518e-6, 3.641e-6, 1.123e-6, 2.837e-6, 4.003e-6, 1.166e-6, 3.022e-6, 3.734e-6, 7.122e-7, 3.066e-6, 3.949e-6, 8.829e-7, 3.745e-6, 4.589e-6, 8.438e-7, 2.928e-6, 3.891e-6, 9.626e-7, 2.257e-6, 3.164e-6, 9.069e-7, 1.967e-6, 3.337e-6, 1.370e-6
0.456, 2.502e-6, 3.614e-6, 1.112e-6, 2.801e-6, 3.960e-6, 1.159e-6, 3.003e-6, 3.713e-6, 7.100e-7, 3.030e-6, 3.912e-6, 8.818e-7, 3.722e-6, 4.585e-6, 8.628e-7, 2.904e-6, 3.882e-6, 9.779e-7, 2.246e-6, 3.172e-6, 9.259e-7, 1.956e-6, 3.345e-6, 1.389e-6
0.460, 2.489e-6, 3.591e-6, 1.102e-6, 2.765e-6, 3.918e-6, 1.153e-6, 2.985e-6, 3.693e-6, 7.074e-7, 2.995e-6, 3.877e-6, 8.819e-7, 3.699e-6, 4.580e-6, 8.809e-7, 2.880e-6, 3.873e-6, 9.931e-7, 2.235e-6, 3.181e-6, 9.453e-7, 1.944e-6, 3.351e-6, 1.407e-6
0.464, 2.476e-6, 3.568e-6, 1.092e-6, 2.730e-6, 3.878e-6, 1.148e-6, 2.969e-6, 3.674e-6, 7.057e-7, 2.961e-6, 3.844e-6, 8.830e-7, 3.677e-6, 4.576e-6, 8.992e-7, 2.855e-6, 3.864e-6, 1.008e-6, 2.225e-6, 3.190e-6, 9.648e-7, 1.932e-6, 3.357e-6, 1.425e-6
0.468, 2.466e-6, 3.548e-6, 1.083e-6, 2.698e-6, 3.841e-6, 1.142e-6, 2.955e-6, 3.658e-6, 7.028e-7, 2.929e-6, 3.812e-6, 8.829e-7, 3.654e-6, 4.570e-6, 9.157e-7, 2.833e-6, 3.854e-6, 1.022e-6, 2.215e-6, 3.197e-6, 9.826e-7, 1.921e-6, 3.363e-6, 1.442e-6
0.472, 2.456e-6, 3.529e-6, 1.073e-6, 2.666e-6, 3.804e-6, 1.138e-6, 2.942e-6, 3.643e-6, 7.014e-7, 2.899e-6, 3.782e-6, 8.834e-7, 3.632e-6, 4.564e-6, 9.319e-7, 2.810e-6, 3.844e-6, 1.035e-6, 2.205e-6, 3.206e-6, 1.001e-6, 1.910e-6, 3.368e-6, 1.458e-6
0.476, 2.447e-6, 3.511e-6, 1.063e-6, 2.636e-6, 3.769e-6, 1.133e-6, 2.929e-6, 3.629e-6, 7.000e-7, 2.869e-6, 3.753e-6, 8.839e-7, 3.609e-6, 4.557e-6, 9.477e-7, 2.787e-6, 3.834e-6, 1.047e-6, 2.196e-6, 3.214e-6, 1.018e-6, 1.899e-6, 3.373e-6, 1.473e-6
0.480, 2.441e-6, 3.496e-6, 1.055e-6, 2.607e-6, 3.736e-6, 1.129e-6, 2.917e-6, 3.616e-6, 6.988e-7, 2.842e-6, 3.727e-6, 8.848e-7, 3.587e-6, 4.550e-6, 9.622e-7, 2.765e-6, 3.824e-6, 1.059e-6, 2.187e-6, 3.222e-6, 1.036e-6, 1.889e-6, 3.378e-6, 1.489e-6
0.484, 2.434e-6, 3.482e-6, 1.047e-6, 2.579e-6, 3.705e-6, 1.126e-6, 2.907e-6, 3.605e-6, 6.980e-7, 2.815e-6, 3.701e-6, 8.864e-7, 3.564e-6, 4.540e-6, 9.761e-7, 2.744e-6, 3.815e-6, 1.071e-6, 2.178e-6, 3.230e-6, 1.053e-6, 1.878e-6, 3.381e-6, 1.503e-6
0.488, 2.428e-6, 3.468e-6, 1.039e-6, 2.552e-6, 3.675e-6, 1.123e-6, 2.897e-6, 3.595e-6, 6.978e-7, 2.791e-6, 3.679e-6, 8.876e-7, 3.543e-6, 4.533e-6, 9.904e-7, 2.723e-6, 3.805e-6, 1.082e-6, 2.170e-6, 3.239e-6, 1.070e-6, 1.869e-6, 3.386e-6, 1.517e-6
0.492, 2.423e-6, 3.455e-6, 1.032e-6, 2.527e-6, 3.647e-6, 1.120e-6, 2.888e-6, 3.585e-6, 6.970e-7, 2.768e-6, 3.657e-6, 8.892e-7, 3.521e-6, 4.524e-6, 1.003e-6, 2.703e-6, 3.795e-6, 1.092e-6, 2.162e-6, 3.247e-6, 1.086e-6, 1.860e-6, 3.390e-6, 1.530e-6
0.496, 2.418e-6, 3.444e-6, 1.026e-6, 2.502e-6, 3.620e-6, 1.118e-6, 2.879e-6, 3.577e-6, 6.979e-7, 2.745e-6, 3.636e-6, 8.913e-7, 3.499e-6, 4.514e-6, 1.015e-6, 2.684e-6, 3.786e-6, 1.102e-6, 2.154e-6, 3.255e-6, 1.101e-6, 1.851e-6, 3.394e-6, 1.543e-6
0.500, 2.412e-6, 3.431e-6, 1.019e-6, 2.477e-6, 3.593e-6, 1.115e-6, 2.871e-6, 3.568e-6, 6.974e-7, 2.724e-6, 3.617e-6, 8.930e-7, 3.478e-6, 4.504e-6, 1.026e-6, 2.666e-6, 3.776e-6, 1.110e-6, 2.146e-6, 3.263e-6, 1.116e-6, 1.843e-6, 3.397e-6, 1.555e-6
0.504, 2.406e-6, 3.419e-6, 1.014e-6, 2.455e-6, 3.568e-6, 1.113e-6, 2.864e-6, 3.562e-6, 6.985e-7, 2.705e-6, 3.600e-6, 8.948e-7, 3.456e-6, 4.494e-6, 1.037e-6, 2.648e-6, 3.767e-6, 1.119e-6, 2.140e-6, 3.271e-6, 1.131e-6, 1.834e-6, 3.401e-6, 1.567e-6
0.508, 2.399e-6, 3.407e-6, 1.009e-6, 2.432e-6, 3.543e-6, 1.111e-6, 2.855e-6, 3.555e-6, 6.997e-7, 2.686e-6, 3.583e-6, 8.970e-7, 3.436e-6, 4.483e-6, 1.047e-6, 2.631e-6, 3.758e-6, 1.127e-6, 2.134e-6, 3.279e-6, 1.145e-6, 1.827e-6, 3.405e-6, 1.578e-6
0.512, 2.392e-6, 3.397e-6, 1.005e-6, 2.410e-6, 3.520e-6, 1.110e-6, 2.848e-6, 3.550e-6, 7.018e-7, 2.668e-6, 3.568e-6, 9.001e-7, 3.415e-6, 4.472e-6, 1.057e-6, 2.614e-6, 3.749e-6, 1.136e-6, 2.127e-6, 3.287e-6, 1.159e-6, 1.820e-6, 3.409e-6, 1.588e-6
0.516, 2.384e-6, 3.385e-6, 1.001e-6, 2.388e-6, 3.497e-6, 1.109e-6, 2.837e-6, 3.542e-6, 7.050e-7, 2.650e-6, 3.553e-6, 9.030e-7, 3.394e-6, 4.459e-6, 1.065e-6, 2.597e-6, 3.740e-6, 1.143e-6, 2.121e-6, 3.294e-6, 1.173e-6, 1.813e-6, 3.411e-6, 1.598e-6
0.520, 2.374e-6, 3.374e-6, 1.000e-6, 2.366e-6, 3.475e-6, 1.109e-6, 2.828e-6, 3.536e-6, 7.077e-7, 2.633e-6, 3.540e-6, 9.067e-7, 3.373e-6, 4.447e-6, 1.074e-6, 2.582e-6, 3.732e-6, 1.150e-6, 2.115e-6, 3.302e-6, 1.187e-6, 1.807e-6, 3.415e-6, 1.608e-6
0.524, 2.362e-6, 3.360e-6, 9.977e-7, 2.345e-6, 3.453e-6, 1.108e-6, 2.818e-6, 3.529e-6, 7.111e-7, 2.617e-6, 3.526e-6, 9.092e-7, 3.352e-6, 4.434e-6, 1.081e-6, 2.566e-6, 3.723e-6, 1.156e-6, 2.108e-6, 3.308e-6, 1.200e-6, 1.801e-6, 3.418e-6, 1.617e-6
0.528, 2.350e-6, 3.347e-6, 9.974e-7, 2.322e-6, 3.431e-6, 1.109e-6, 2.808e-6, 3.523e-6, 7.155e-7, 2.601e-6, 3.514e-6, 9.137e-7, 3.332e-6, 4.422e-6, 1.089e-6, 2.552e-6, 3.715e-6, 1.163e-6, 2.103e-6, 3.316e-6, 1.213e-6, 1.795e-6, 3.421e-6, 1.626e-6
0.532, 2.337e-6, 3.334e-6, 9.974e-7, 2.301e-6, 3.410e-6, 1.109e-6, 2.796e-6, 3.516e-6, 7.194e-7, 2.584e-6, 3.502e-6, 9.177e-7, 3.314e-6, 4.408e-6, 1.094e-6, 2.538e-6, 3.706e-6, 1.168e-6, 2.098e-6, 3.323e-6, 1.225e-6, 1.791e-6, 3.425e-6, 1.634e-6
0.536, 2.322e-6, 3.321e-6, 9.990e-7, 2.279e-6, 3.391e-6, 1.112e-6, 2.783e-6, 3.510e-6, 7.263e-7, 2.567e-6, 3.491e-6, 9.237e-7, 3.293e-6, 4.394e-6, 1.101e-6, 2.524e-6, 3.699e-6, 1.175e-6, 2.093e-6, 3.330e-6, 1.237e-6, 1.786e-6, 3.428e-6, 1.642e-6
0.540, 2.307e-6, 3.307e-6, 9.994e-7, 2.257e-6, 3.369e-6, 1.112e-6, 2.769e-6, 3.500e-6, 7.305e-7, 2.551e-6, 3.478e-6, 9.270e-7, 3.273e-6, 4.379e-6, 1.105e-6, 2.511e-6, 3.690e-6, 1.179e-6, 2.087e-6, 3.336e-6, 1.249e-6, 1.782e-6, 3.431e-6, 1.649e-6
0.544, 2.290e-6, 3.292e-6, 1.002e-6, 2.235e-6, 3.349e-6, 1.114e-6, 2.756e-6, 3.493e-6, 7.366e-7, 2.535e-6, 3.468e-6, 9.325e-7, 3.254e-6, 4.365e-6, 1.110e-6, 2.499e-6, 3.683e-6, 1.184e-6, 2.083e-6, 3.343e-6, 1.260e-6, 1.779e-6, 3.435e-6, 1.656e-6
0.548, 2.274e-6, 3.277e-6, 1.004e-6, 2.214e-6, 3.329e-6, 1.115e-6, 2.741e-6, 3.485e-6, 7.431e-7, 2.519e-6, 3.457e-6, 9.377e-7, 3.235e-6, 4.350e-6, 1.114e-6, 2.488e-6, 3.676e-6, 1.188e-6, 2.078e-6, 3.349e-6, 1.271e-6, 1.776e-6, 3.438e-6, 1.662e-6
0.552, 2.254e-6, 3.260e-6, 1.006e-6, 2.192e-6, 3.309e-6, 1.117e-6, 2.726e-6, 3.476e-6, 7.502e-7, 2.502e-6, 3.446e-6, 9.437e-7, 3.217e-6, 4.335e-6, 1.118e-6, 2.477e-6, 3.670e-6, 1.192e-6, 2.073e-6, 3.355e-6, 1.282e-6, 1.774e-6, 3.442e-6, 1.668e-6
0.556, 2.234e-6, 3.246e-6, 1.011e-6, 2.170e-6, 3.291e-6, 1.121e-6, 2.709e-6, 3.467e-6, 7.575e-7, 2.486e-6, 3.436e-6, 9.498e-7, 3.199e-6, 4.320e-6, 1.121e-6, 2.466e-6, 3.662e-6, 1.196e-6, 2.068e-6, 3.360e-6, 1.292e-6, 1.772e-6, 3.446e-6, 1.674e-6
0.560, 2.213e-6, 3.229e-6, 1.016e-6, 2.148e-6, 3.271e-6, 1.124e-6, 2.692e-6, 3.457e-6, 7.652e-7, 2.468e-6, 3.424e-6, 9.563e-7, 3.180e-6, 4.304e-6, 1.124e-6, 2.455e-6, 3.655e-6, 1.200e-6, 2.064e-6, 3.366e-6, 1.302e-6, 1.770e-6, 3.449e-6, 1.679e-6
0.564, 2.193e-6, 3.212e-6, 1.018e-6, 2.127e-6, 3.253e-6, 1.126e-6, 2.675e-6, 3.448e-6, 7.729e-7, 2.452e-6, 3.415e-6, 9.627e-7, 3.163e-6, 4.288e-6, 1.126e-6, 2.445e-6, 3.648e-6, 1.203e-6, 2.059e-6, 3.371e-6, 1.311e-6, 1.769e-6, 3.453e-6, 1.684e-6
0.568, 2.173e-6, 3.197e-6, 1.024e-6, 2.106e-6, 3.235e-6, 1.129e-6, 2.657e-6, 3.438e-6, 7.801e-7, 2.435e-6, 3.405e-6, 9.695e-7, 3.145e-6, 4.272e-6, 1.127e-6, 2.436e-6, 3.641e-6, 1.206e-6, 2.054e-6, 3.375e-6, 1.321e-6, 1.768e-6, 3.457e-6, 1.688e-6
0.572, 2.153e-6, 3.181e-6, 1.028e-6, 2.086e-6, 3.218e-6, 1.132e-6, 2.639e-6, 3.428e-6, 7.884e-7, 2.418e-6, 3.395e-6, 9.770e-7, 3.127e-6, 4.256e-6, 1.128e-6, 2.426e-6, 3.635e-6, 1.208e-6, 2.049e-6, 3.379e-6, 1.330e-6, 1.768e-6, 3.460e-6, 1.693e-6
0.576, 2.133e-6, 3.166e-6, 1.033e-6, 2.066e-6, 3.202e-6, 1.136e-6, 2.621e-6, 3.417e-6, 7.967e-7, 2.400e-6, 3.385e-6, 9.848e-7, 3.109e-6, 4.239e-6, 1.130e-6, 2.417e-6, 3.628e-6, 1.211e-6, 2.044e-6, 3.383e-6, 1.339e-6, 1.767e-6, 3.464e-6, 1.697e-6
0.580, 2.113e-6, 3.150e-6, 1.037e-6, 2.046e-6, 3.186e-6, 1.140e-6, 2.602e-6, 3.407e-6, 8.055e-7, 2.384e-6, 3.376e-6, 9.924e-7, 3.092e-6, 4.222e-6, 1.130e-6, 2.409e-6, 3.623e-6, 1.214e-6, 2.039e-6, 3.386e-6, 1.347e-6, 1.766e-6, 3.467e-6, 1.700e-6
0.584, 2.093e-6, 3.136e-6, 1.042e-6, 2.027e-6, 3.171e-6, 1.143e-6, 2.584e-6, 3.397e-6, 8.131e-7, 2.367e-6, 3.367e-6, 1.000e-6, 3.075e-6, 4.205e-6, 1.130e-6, 2.401e-6, 3.616e-6, 1.215e-6, 2.034e-6, 3.389e-6, 1.355e-6, 1.766e-6, 3.470e-6, 1.703e-6
0.588, 2.074e-6, 3.121e-6, 1.046e-6, 2.009e-6, 3.156e-6, 1.147e-6, 2.565e-6, 3.386e-6, 8.216e-7, 2.351e-6, 3.359e-6, 1.008e-6, 3.058e-6, 4.188e-6, 1.130e-6, 2.393e-6, 3.610e-6, 1.217e-6, 2.029e-6, 3.391e-6, 1.363e-6, 1.766e-6, 3.472e-6, 1.707e-6
0.592, 2.058e-6, 3.108e-6, 1.050e-6, 1.995e-6, 3.145e-6, 1.150e-6, 2.548e-6, 3.377e-6, 8.293e-7, 2.336e-6, 3.352e-6, 1.016e-6, 3.042e-6, 4.172e-6, 1.130e-6, 2.387e-6, 3.605e-6, 1.218e-6, 2.024e-6, 3.394e-6, 1.370e-6, 1.767e-6, 3.476e-6, 1.709e-6
0.596, 2.040e-6, 3.094e-6, 1.054e-6, 1.977e-6, 3.132e-6, 1.155e-6, 2.531e-6, 3.368e-6, 8.371e-7, 2.321e-6, 3.345e-6, 1.024e-6, 3.025e-6, 4.154e-6, 1.130e-6, 2.380e-6, 3.599e-6, 1.220e-6, 2.018e-6, 3.395e-6, 1.377e-6, 1.766e-6, 3.478e-6, 1.712e-6
0.600, 2.025e-6, 3.083e-6, 1.059e-6, 1.964e-6, 3.122e-6, 1.158e-6, 2.513e-6, 3.358e-6, 8.451e-7, 2.306e-6, 3.338e-6, 1.032e-6, 3.008e-6, 4.137e-6, 1.129e-6, 2.373e-6, 3.593e-6, 1.221e-6, 2.012e-6, 3.396e-6, 1.384e-6, 1.765e-6, 3.480e-6, 1.714e-6
0.604, 2.010e-6, 3.072e-6, 1.062e-6, 1.951e-6, 3.112e-6, 1.161e-6, 2.496e-6, 3.349e-6, 8.534e-7, 2.292e-6, 3.332e-6, 1.040e-6, 2.992e-6, 4.120e-6, 1.128e-6, 2.366e-6, 3.588e-6, 1.222e-6, 2.006e-6, 3.396e-6, 1.390e-6, 1.765e-6, 3.481e-6, 1.716e-6
0.608, 1.997e-6, 3.063e-6, 1.066e-6, 1.940e-6, 3.104e-6, 1.164e-6, 2.481e-6, 3.341e-6, 8.606e-7, 2.279e-6, 3.328e-6, 1.048e-6, 2.976e-6, 4.103e-6, 1.127e-6, 2.360e-6, 3.583e-6, 1.223e-6, 1.999e-6, 3.396e-6, 1.396e-6, 1.764e-6, 3.482e-6, 1.718e-6
0.612, 1.984e-6, 3.054e-6, 1.069e-6, 1.929e-6, 3.097e-6, 1.169e-6, 2.464e-6, 3.332e-6, 8.680e-7, 2.267e-6, 3.323e-6, 1.056e-6, 2.960e-6, 4.085e-6, 1.125e-6, 2.353e-6, 3.576e-6, 1.223e-6, 1.992e-6, 3.394e-6, 1.402e-6, 1.762e-6, 3.482e-6, 1.720e-6
0.616, 1.974e-6, 3.046e-6, 1.072e-6, 1.920e-6, 3.091e-6, 1.171e-6, 2.450e-6, 3.325e-6, 8.750e-7, 2.256e-6, 3.320e-6, 1.065e-6, 2.945e-6, 4.069e-6, 1.124e-6, 2.348e-6, 3.572e-6, 1.224e-6, 1.986e-6, 3.392e-6, 1.406e-6, 1.761e-6, 3.481e-6, 1.721e-6
0.620, 1.964e-6, 3.039e-6, 1.076e-6, 1.913e-6, 3.088e-6, 1.175e-6, 2.436e-6, 3.318e-6, 8.822e-7, 2.245e-6, 3.317e-6, 1.073e-6, 2.929e-6, 4.051e-6, 1.122e-6, 2.341e-6, 3.566e-6, 1.225e-6, 1.978e-6, 3.389e-6, 1.411e-6, 1.758e-6, 3.480e-6, 1.722e-6
0.624, 1.955e-6, 3.034e-6, 1.079e-6, 1.905e-6, 3.085e-6, 1.180e-6, 2.422e-6, 3.312e-6, 8.901e-7, 2.235e-6, 3.316e-6, 1.081e-6, 2.915e-6, 4.036e-6, 1.121e-6, 2.335e-6, 3.561e-6, 1.225e-6, 1.970e-6, 3.386e-6, 1.416e-6, 1.756e-6, 3.479e-6, 1.723e-6
0.628, 1.949e-6, 3.030e-6, 1.081e-6, 1.901e-6, 3.083e-6, 1.182e-6, 2.411e-6, 3.306e-6, 8.957e-7, 2.227e-6, 3.315e-6, 1.088e-6, 2.899e-6, 4.019e-6, 1.119e-6, 2.331e-6, 3.556e-6, 1.226e-6, 1.962e-6, 3.381e-6, 1.419e-6, 1.753e-6, 3.475e-6, 1.723e-6
0.632, 1.942e-6, 3.027e-6, 1.085e-6, 1.898e-6, 3.084e-6, 1.186e-6, 2.399e-6, 3.301e-6, 9.024e-7, 2.219e-6, 3.315e-6, 1.096e-6, 2.886e-6, 4.003e-6, 1.117e-6, 2.324e-6, 3.550e-6, 1.226e-6, 1.954e-6, 3.377e-6, 1.422e-6, 1.749e-6, 3.472e-6, 1.723e-6
0.636, 1.938e-6, 3.025e-6, 1.087e-6, 1.895e-6, 3.085e-6, 1.190e-6, 2.387e-6, 3.296e-6, 9.091e-7, 2.212e-6, 3.315e-6, 1.104e-6, 2.871e-6, 3.986e-6, 1.115e-6, 2.319e-6, 3.545e-6, 1.226e-6, 1.945e-6, 3.371e-6, 1.425e-6, 1.745e-6, 3.467e-6, 1.723e-6
0.640, 1.934e-6, 3.024e-6, 1.090e-6, 1.894e-6, 3.087e-6, 1.193e-6, 2.378e-6, 3.292e-6, 9.144e-7, 2.206e-6, 3.317e-6, 1.111e-6, 2.858e-6, 3.970e-6, 1.113e-6, 2.314e-6, 3.540e-6, 1.226e-6, 1.937e-6, 3.364e-6, 1.427e-6, 1.740e-6, 3.462e-6, 1.722e-6
0.644, 1.931e-6, 3.023e-6, 1.093e-6, 1.894e-6, 3.091e-6, 1.197e-6, 2.367e-6, 3.289e-6, 9.213e-7, 2.202e-6, 3.321e-6, 1.119e-6, 2.843e-6, 3.954e-6, 1.111e-6, 2.308e-6, 3.535e-6, 1.227e-6, 1.928e-6, 3.356e-6, 1.429e-6, 1.734e-6, 3.455e-6, 1.721e-6
0.648, 1.930e-6, 3.025e-6, 1.095e-6, 1.895e-6, 3.096e-6, 1.201e-6, 2.359e-6, 3.287e-6, 9.272e-7, 2.198e-6, 3.324e-6, 1.126e-6, 2.831e-6, 3.940e-6, 1.109e-6, 2.303e-6, 3.530e-6, 1.227e-6, 1.919e-6, 3.349e-6, 1.430e-6, 1.728e-6, 3.448e-6, 1.720e-6
0.652, 1.931e-6, 3.027e-6, 1.096e-6, 1.899e-6, 3.103e-6, 1.204e-6, 2.352e-6, 3.285e-6, 9.324e-7, 2.196e-6, 3.328e-6, 1.133e-6, 2.819e-6, 3.925e-6, 1.106e-6, 2.298e-6, 3.525e-6, 1.227e-6, 1.910e-6, 3.340e-6, 1.430e-6, 1.721e-6, 3.439e-6, 1.718e-6
0.656, 1.932e-6, 3.031e-6, 1.099e-6, 1.905e-6, 3.111e-6, 1.207e-6, 2.346e-6, 3.284e-6, 9.377e-7, 2.194e-6, 3.334e-6, 1.140e-6, 2.806e-6, 3.910e-6, 1.104e-6, 2.293e-6, 3.520e-6, 1.228e-6, 1.901e-6, 3.331e-6, 1.431e-6, 1.714e-6, 3.431e-6, 1.717e-6
0.660, 1.934e-6, 3.035e-6, 1.101e-6, 1.909e-6, 3.120e-6, 1.211e-6, 2.340e-6, 3.283e-6, 9.436e-7, 2.194e-6, 3.341e-6, 1.147e-6, 2.793e-6, 3.896e-6, 1.102e-6, 2.288e-6, 3.516e-6, 1.227e-6, 1.891e-6, 3.322e-6, 1.430e-6, 1.706e-6, 3.421e-6, 1.715e-6
0.664, 1.936e-6, 3.039e-6, 1.103e-6, 1.915e-6, 3.129e-6, 1.214e-6, 2.334e-6, 3.283e-6, 9.491e-7, 2.194e-6, 3.348e-6, 1.154e-6, 2.781e-6, 3.882e-6, 1.100e-6, 2.284e-6, 3.511e-6, 1.227e-6, 1.882e-6, 3.311e-6, 1.429e-6, 1.698e-6, 3.410e-6, 1.712e-6
0.668, 1.939e-6, 3.045e-6, 1.105e-6, 1.921e-6, 3.140e-6, 1.218e-6, 2.329e-6, 3.283e-6, 9.544e-7, 2.194e-6, 3.355e-6, 1.161e-6, 2.769e-6, 3.867e-6, 1.099e-6, 2.278e-6, 3.506e-6, 1.228e-6, 1.873e-6, 3.300e-6, 1.428e-6, 1.689e-6, 3.398e-6, 1.709e-6
0.672, 1.945e-6, 3.054e-6, 1.109e-6, 1.930e-6, 3.153e-6, 1.223e-6, 2.327e-6, 3.287e-6, 9.592e-7, 2.197e-6, 3.365e-6, 1.168e-6, 2.759e-6, 3.855e-6, 1.097e-6, 2.275e-6, 3.502e-6, 1.228e-6, 1.864e-6, 3.290e-6, 1.426e-6, 1.680e-6, 3.386e-6, 1.706e-6
0.676, 1.950e-6, 3.061e-6, 1.111e-6, 1.937e-6, 3.165e-6, 1.228e-6, 2.323e-6, 3.288e-6, 9.650e-7, 2.199e-6, 3.374e-6, 1.175e-6, 2.747e-6, 3.842e-6, 1.095e-6, 2.269e-6, 3.498e-6, 1.228e-6, 1.854e-6, 3.278e-6, 1.424e-6, 1.670e-6, 3.373e-6, 1.704e-6
0.680, 1.957e-6, 3.071e-6, 1.114e-6, 1.947e-6, 3.180e-6, 1.232e-6, 2.322e-6, 3.292e-6, 9.701e-7, 2.204e-6, 3.386e-6, 1.182e-6, 2.737e-6, 3.830e-6, 1.093e-6, 2.265e-6, 3.494e-6, 1.229e-6, 1.845e-6, 3.267e-6, 1.422e-6, 1.660e-6, 3.361e-6, 1.700e-6
0.684, 1.965e-6, 3.081e-6, 1.117e-6, 1.959e-6, 3.196e-6, 1.237e-6, 2.320e-6, 3.296e-6, 9.760e-7, 2.208e-6, 3.397e-6, 1.189e-6, 2.726e-6, 3.818e-6, 1.092e-6, 2.261e-6, 3.491e-6, 1.230e-6, 1.837e-6, 3.256e-6, 1.419e-6, 1.651e-6, 3.347e-6, 1.696e-6
0.688, 1.973e-6, 3.094e-6, 1.121e-6, 1.971e-6, 3.214e-6, 1.243e-6, 2.320e-6, 3.301e-6, 9.813e-7, 2.213e-6, 3.410e-6, 1.197e-6, 2.717e-6, 3.808e-6, 1.091e-6, 2.257e-6, 3.488e-6, 1.230e-6, 1.828e-6, 3.245e-6, 1.417e-6, 1.641e-6, 3.334e-6, 1.693e-6
0.692, 1.982e-6, 3.106e-6, 1.124e-6, 1.983e-6, 3.230e-6, 1.247e-6, 2.321e-6, 3.307e-6, 9.860e-7, 2.220e-6, 3.423e-6, 1.203e-6, 2.708e-6, 3.797e-6, 1.089e-6, 2.254e-6, 3.484e-6, 1.230e-6, 1.820e-6, 3.233e-6, 1.413e-6, 1.631e-6, 3.320e-6, 1.689e-6
0.696, 1.991e-6, 3.120e-6, 1.128e-6, 1.996e-6, 3.250e-6, 1.254e-6, 2.322e-6, 3.314e-6, 9.919e-7, 2.227e-6, 3.437e-6, 1.211e-6, 2.698e-6, 3.787e-6, 1.089e-6, 2.250e-6, 3.482e-6, 1.232e-6, 1.812e-6, 3.222e-6, 1.410e-6, 1.621e-6, 3.307e-6, 1.686e-6
0.700, 2.004e-6, 3.135e-6, 1.132e-6, 2.011e-6, 3.270e-6, 1.260e-6, 2.324e-6, 3.322e-6, 9.977e-7, 2.234e-6, 3.453e-6, 1.219e-6, 2.690e-6, 3.778e-6, 1.088e-6, 2.247e-6, 3.480e-6, 1.233e-6, 1.805e-6, 3.211e-6, 1.406e-6, 1.611e-6, 3.294e-6, 1.683e-6
0.704, 2.014e-6, 3.151e-6, 1.136e-6, 2.024e-6, 3.290e-6, 1.266e-6, 2.326e-6, 3.330e-6, 1.004e-6, 2.243e-6, 3.469e-6, 1.226e-6, 2.682e-6, 3.770e-6, 1.088e-6, 2.246e-6, 3.480e-6, 1.234e-6, 1.797e-6, 3.200e-6, 1.403e-6, 1.601e-6, 3.281e-6, 1.680e-6
0.708, 2.026e-6, 3.169e-6, 1.143e-6, 2.040e-6, 3.314e-6, 1.274e-6, 2.330e-6, 3.341e-6, 1.010e-6, 2.252e-6, 3.486e-6, 1.234e-6, 2.676e-6, 3.764e-6, 1.088e-6, 2.243e-6, 3.479e-6, 1.236e-6, 1.791e-6, 3.191e-6, 1.400e-6, 1.593e-6, 3.269e-6, 1.676e-6
0.712, 2.041e-6, 3.189e-6, 1.148e-6, 2.055e-6, 3.337e-6, 1.281e-6, 2.334e-6, 3.351e-6, 1.017e-6, 2.261e-6, 3.504e-6, 1.242e-6, 2.668e-6, 3.757e-6, 1.089e-6, 2.241e-6, 3.479e-6, 1.238e-6, 1.784e-6, 3.180e-6, 1.397e-6, 1.584e-6, 3.257e-6, 1.673e-6
0.716, 2.055e-6, 3.208e-6, 1.154e-6, 2.070e-6, 3.359e-6, 1.290e-6, 2.340e-6, 3.363e-6, 1.024e-6, 2.272e-6, 3.523e-6, 1.250e-6, 2.662e-6, 3.751e-6, 1.090e-6, 2.240e-6, 3.481e-6, 1.240e-6, 1.777e-6, 3.171e-6, 1.394e-6, 1.575e-6, 3.246e-6, 1.670e-6
0.720, 2.071e-6, 3.231e-6, 1.160e-6, 2.089e-6, 3.386e-6, 1.297e-6, 2.346e-6, 3.377e-6, 1.030e-6, 2.284e-6, 3.543e-6, 1.259e-6, 2.656e-6, 3.748e-6, 1.092e-6, 2.240e-6, 3.483e-6, 1.243e-6, 1.773e-6, 3.163e-6, 1.390e-6, 1.568e-6, 3.236e-6, 1.668e-6
0.724, 2.089e-6, 3.255e-6, 1.167e-6, 2.107e-6, 3.413e-6, 1.306e-6, 2.355e-6, 3.392e-6, 1.037e-6, 2.297e-6, 3.564e-6, 1.267e-6, 2.652e-6, 3.745e-6, 1.093e-6, 2.240e-6, 3.485e-6, 1.246e-6, 1.768e-6, 3.156e-6, 1.388e-6, 1.561e-6, 3.226e-6, 1.665e-6
0.728, 2.107e-6, 3.281e-6, 1.174e-6, 2.126e-6, 3.441e-6, 1.315e-6, 2.365e-6, 3.410e-6, 1.045e-6, 2.310e-6, 3.586e-6, 1.276e-6, 2.648e-6, 3.744e-6, 1.096e-6, 2.241e-6, 3.490e-6, 1.249e-6, 1.765e-6, 3.150e-6, 1.385e-6, 1.556e-6, 3.218e-6, 1.663e-6
0.732, 2.128e-6, 3.309e-6, 1.182e-6, 2.144e-6, 3.469e-6, 1.325e-6, 2.374e-6, 3.427e-6, 1.053e-6, 2.325e-6, 3.610e-6, 1.285e-6, 2.644e-6, 3.743e-6, 1.099e-6, 2.242e-6, 3.495e-6, 1.253e-6, 1.761e-6, 3.144e-6, 1.383e-6, 1.550e-6, 3.210e-6, 1.660e-6
0.736, 2.150e-6, 3.340e-6, 1.190e-6, 2.164e-6, 3.499e-6, 1.335e-6, 2.387e-6, 3.448e-6, 1.061e-6, 2.340e-6, 3.634e-6, 1.294e-6, 2.643e-6, 3.746e-6, 1.102e-6, 2.245e-6, 3.502e-6, 1.257e-6, 1.759e-6, 3.140e-6, 1.381e-6, 1.545e-6, 3.204e-6, 1.659e-6
0.740, 2.173e-6, 3.372e-6, 1.199e-6, 2.185e-6, 3.530e-6, 1.345e-6, 2.402e-6, 3.471e-6, 1.070e-6, 2.357e-6, 3.660e-6, 1.304e-6, 2.642e-6, 3.749e-6, 1.106e-6, 2.248e-6, 3.509e-6, 1.261e-6, 1.757e-6, 3.137e-6, 1.379e-6, 1.541e-6, 3.198e-6, 1.657e-6
0.744, 2.200e-6, 3.407e-6, 1.207e-6, 2.208e-6, 3.564e-6, 1.355e-6, 2.419e-6, 3.497e-6, 1.079e-6, 2.376e-6, 3.688e-6, 1.313e-6, 2.643e-6, 3.754e-6, 1.111e-6, 2.253e-6, 3.519e-6, 1.266e-6, 1.758e-6, 3.135e-6, 1.378e-6, 1.538e-6, 3.194e-6, 1.655e-6
0.748, 2.229e-6, 3.445e-6, 1.216e-6, 2.231e-6, 3.596e-6, 1.365e-6, 2.437e-6, 3.525e-6, 1.088e-6, 2.396e-6, 3.718e-6, 1.323e-6, 2.645e-6, 3.761e-6, 1.116e-6, 2.259e-6, 3.530e-6, 1.271e-6, 1.759e-6, 3.135e-6, 1.376e-6, 1.536e-6, 3.190e-6, 1.654e-6
0.752, 2.259e-6, 3.485e-6, 1.226e-6, 2.255e-6, 3.632e-6, 1.377e-6, 2.459e-6, 3.556e-6, 1.097e-6, 2.417e-6, 3.750e-6, 1.333e-6, 2.649e-6, 3.770e-6, 1.122e-6, 2.267e-6, 3.543e-6, 1.277e-6, 1.760e-6, 3.136e-6, 1.376e-6, 1.534e-6, 3.188e-6, 1.654e-6
0.756, 2.291e-6, 3.528e-6, 1.237e-6, 2.281e-6, 3.669e-6, 1.388e-6, 2.482e-6, 3.589e-6, 1.108e-6, 2.438e-6, 3.782e-6, 1.343e-6, 2.653e-6, 3.781e-6, 1.128e-6, 2.275e-6, 3.558e-6, 1.283e-6, 1.762e-6, 3.138e-6, 1.375e-6, 1.534e-6, 3.187e-6, 1.653e-6
0.760, 2.329e-6, 3.577e-6, 1.248e-6, 2.311e-6, 3.710e-6, 1.399e-6, 2.510e-6, 3.629e-6, 1.118e-6, 2.465e-6, 3.818e-6, 1.354e-6, 2.660e-6, 3.795e-6, 1.135e-6, 2.286e-6, 3.575e-6, 1.289e-6, 1.767e-6, 3.143e-6, 1.376e-6, 1.536e-6, 3.188e-6, 1.652e-6
0.764, 2.368e-6, 3.626e-6, 1.258e-6, 2.338e-6, 3.749e-6, 1.411e-6, 2.539e-6, 3.668e-6, 1.129e-6, 2.491e-6, 3.854e-6, 1.363e-6, 2.669e-6, 3.811e-6, 1.142e-6, 2.298e-6, 3.594e-6, 1.296e-6, 1.773e-6, 3.148e-6, 1.375e-6, 1.537e-6, 3.189e-6, 1.651e-6
0.768, 2.412e-6, 3.681e-6, 1.270e-6, 2.369e-6, 3.794e-6, 1.424e-6, 2.571e-6, 3.712e-6, 1.141e-6, 2.518e-6, 3.893e-6, 1.375e-6, 2.679e-6, 3.830e-6, 1.151e-6, 2.312e-6, 3.615e-6, 1.303e-6, 1.781e-6, 3.157e-6, 1.376e-6, 1.539e-6, 3.192e-6, 1.652e-6
0.772, 2.456e-6, 3.739e-6, 1.284e-6, 2.400e-6, 3.838e-6, 1.437e-6, 2.606e-6, 3.759e-6, 1.153e-6, 2.546e-6, 3.933e-6, 1.386e-6, 2.690e-6, 3.850e-6, 1.160e-6, 2.325e-6, 3.635e-6, 1.311e-6, 1.788e-6, 3.166e-6, 1.378e-6, 1.543e-6, 3.195e-6, 1.652e-6
0.776, 2.504e-6, 3.802e-6, 1.298e-6, 2.435e-6, 3.886e-6, 1.451e-6, 2.645e-6, 3.811e-6, 1.166e-6, 2.578e-6, 3.976e-6, 1.398e-6, 2.706e-6, 3.875e-6, 1.170e-6, 2.341e-6, 3.659e-6, 1.318e-6, 1.798e-6, 3.177e-6, 1.380e-6, 1.548e-6, 3.201e-6, 1.653e-6
0.780, 2.556e-6, 3.869e-6, 1.313e-6, 2.469e-6, 3.936e-6, 1.467e-6, 2.686e-6, 3.866e-6, 1.180e-6, 2.608e-6, 4.020e-6, 1.411e-6, 2.721e-6, 3.902e-6, 1.181e-6, 2.357e-6, 3.684e-6, 1.327e-6, 1.808e-6, 3.190e-6, 1.383e-6, 1.553e-6, 3.207e-6, 1.654e-6
0.784, 2.613e-6, 3.943e-6, 1.330e-6, 2.507e-6, 3.990e-6, 1.483e-6, 2.731e-6, 3.928e-6, 1.196e-6, 2.643e-6, 4.067e-6, 1.424e-6, 2.740e-6, 3.933e-6, 1.193e-6, 2.376e-6, 3.713e-6, 1.337e-6, 1.822e-6, 3.207e-6, 1.385e-6, 1.560e-6, 3.216e-6, 1.656e-6
0.788, 2.676e-6, 4.023e-6, 1.347e-6, 2.549e-6, 4.047e-6, 1.498e-6, 2.782e-6, 3.995e-6, 1.213e-6, 2.679e-6, 4.117e-6, 1.438e-6, 2.762e-6, 3.967e-6, 1.206e-6, 2.399e-6, 3.746e-6, 1.347e-6, 1.837e-6, 3.226e-6, 1.389e-6, 1.569e-6, 3.226e-6, 1.657e-6
0.792, 2.739e-6, 4.106e-6, 1.367e-6, 2.591e-6, 4.106e-6, 1.516e-6, 2.837e-6, 4.067e-6, 1.230e-6, 2.719e-6, 4.172e-6, 1.453e-6, 2.786e-6, 4.007e-6, 1.220e-6, 2.424e-6, 3.781e-6, 1.358e-6, 1.853e-6, 3.247e-6, 1.394e-6, 1.579e-6, 3.239e-6, 1.659e-6
0.796, 2.813e-6, 4.200e-6, 1.387e-6, 2.638e-6, 4.172e-6, 1.534e-6, 2.900e-6, 4.149e-6, 1.249e-6, 2.763e-6, 4.231e-6, 1.468e-6, 2.817e-6, 4.052e-6, 1.235e-6, 2.453e-6, 3.822e-6, 1.369e-6, 1.874e-6, 3.272e-6, 1.398e-6, 1.593e-6, 3.254e-6, 1.661e-6
0.800, 2.888e-6, 4.298e-6, 1.410e-6, 2.687e-6, 4.240e-6, 1.553e-6, 2.965e-6, 4.235e-6, 1.270e-6, 2.809e-6, 4.294e-6, 1.484e-6, 2.849e-6, 4.100e-6, 1.251e-6, 2.483e-6, 3.865e-6, 1.382e-6, 1.896e-6, 3.300e-6, 1.404e-6, 1.607e-6, 3.271e-6, 1.664e-6
0.804, 2.966e-6, 4.401e-6, 1.435e-6, 2.736e-6, 4.311e-6, 1.575e-6, 3.033e-6, 4.327e-6, 1.294e-6, 2.857e-6, 4.359e-6, 1.502e-6, 2.883e-6, 4.153e-6, 1.269e-6, 2.516e-6, 3.912e-6, 1.396e-6, 1.919e-6, 3.330e-6, 1.411e-6, 1.622e-6, 3.289e-6, 1.668e-6
0.808, 3.052e-6, 4.515e-6, 1.463e-6, 2.791e-6, 4.388e-6, 1.597e-6, 3.108e-6, 4.427e-6, 1.319e-6, 2.910e-6, 4.431e-6, 1.521e-6, 2.922e-6, 4.211e-6, 1.290e-6, 2.552e-6, 3.964e-6, 1.411e-6, 1.945e-6, 3.364e-6, 1.419e-6, 1.639e-6, 3.311e-6, 1.672e-6
0.812, 3.144e-6, 4.634e-6, 1.490e-6, 2.847e-6, 4.467e-6, 1.620e-6, 3.188e-6, 4.535e-6, 1.347e-6, 2.965e-6, 4.506e-6, 1.541e-6, 2.963e-6, 4.275e-6, 1.312e-6, 2.592e-6, 4.019e-6, 1.428e-6, 1.973e-6, 3.401e-6, 1.428e-6, 1.658e-6, 3.334e-6, 1.677e-6
0.816, 3.240e-6, 4.764e-6, 1.524e-6, 2.907e-6, 4.554e-6, 1.646e-6, 3.275e-6, 4.652e-6, 1.378e-6, 3.024e-6, 4.587e-6, 1.563e-6, 3.009e-6, 4.345e-6, 1.336e-6, 2.636e-6, 4.082e-6, 1.446e-6, 2.004e-6, 3.442e-6, 1.438e-6, 1.679e-6, 3.362e-6, 1.683e-6
0.820, 3.339e-6, 4.898e-6, 1.559e-6, 2.970e-6, 4.643e-6, 1.673e-6, 3.366e-6, 4.776e-6, 1.411e-6, 3.085e-6, 4.673e-6, 1.587e-6, 3.059e-6, 4.421e-6, 1.362e-6, 2.681e-6, 4.147e-6, 1.465e-6, 2.037e-6, 3.486e-6, 1.449e-6, 1.702e-6, 3.391e-6, 1.689e-6
0.824, 3.446e-6, 5.044e-6, 1.598e-6, 3.035e-6, 4.738e-6, 1.703e-6, 3.464e-6, 4.910e-6, 1.446e-6, 3.151e-6, 4.764e-6, 1.613e-6, 3.114e-6, 4.504e-6, 1.390e-6, 2.731e-6, 4.217e-6, 1.486e-6, 2.073e-6, 3.535e-6, 1.462e-6, 1.727e-6, 3.424e-6, 1.697e-6
0.828, 3.558e-6, 5.197e-6, 1.639e-6, 3.105e-6, 4.839e-6, 1.734e-6, 3.566e-6, 5.052e-6, 1.486e-6, 3.221e-6, 4.861e-6, 1.640e-6, 3.172e-6, 4.593e-6, 1.421e-6, 2.785e-6, 4.294e-6, 1.509e-6, 2.112e-6, 3.588e-6, 1.476e-6, 1.754e-6, 3.459e-6, 1.705e-6
0.832, 3.676e-6, 5.360e-6, 1.684e-6, 3.178e-6, 4.945e-6, 1.766e-6, 3.675e-6, 5.204e-6, 1.530e-6, 3.293e-6, 4.963e-6, 1.670e-6, 3.236e-6, 4.691e-6, 1.455e-6, 2.842e-6, 4.376e-6, 1.535e-6, 2.154e-6, 3.645e-6, 1.492e-6, 1.784e-6, 3.499e-6, 1.715e-6
0.836, 3.800e-6, 5.532e-6, 1.732e-6, 3.253e-6, 5.055e-6, 1.802e-6, 3.788e-6, 5.364e-6, 1.577e-6, 3.368e-6, 5.071e-6, 1.703e-6, 3.302e-6, 4.794e-6, 1.492e-6, 2.902e-6, 4.464e-6, 1.562e-6, 2.197e-6, 3.707e-6, 1.509e-6, 1.815e-6, 3.541e-6, 1.726e-6
0.840, 3.928e-6, 5.715e-6, 1.787e-6, 3.332e-6, 5.172e-6, 1.840e-6, 3.909e-6, 5.536e-6, 1.627e-6, 3.448e-6, 5.186e-6, 1.737e-6, 3.375e-6, 4.906e-6, 1.531e-6, 2.967e-6, 4.558e-6, 1.591e-6, 2.245e-6, 3.774e-6, 1.528e-6, 1.849e-6, 3.587e-6, 1.737e-6
0.844, 4.060e-6, 5.905e-6, 1.845e-6, 3.411e-6, 5.293e-6, 1.882e-6, 4.035e-6, 5.719e-6, 1.684e-6, 3.530e-6, 5.306e-6, 1.776e-6, 3.449e-6, 5.025e-6, 1.576e-6, 3.034e-6, 4.658e-6, 1.624e-6, 2.295e-6, 3.845e-6, 1.550e-6, 1.884e-6, 3.636e-6, 1.752e-6
0.848, 4.202e-6, 6.109e-6, 1.906e-6, 3.500e-6, 5.424e-6, 1.925e-6, 4.168e-6, 5.912e-6, 1.744e-6, 3.619e-6, 5.435e-6, 1.816e-6, 3.530e-6, 5.153e-6, 1.623e-6, 3.108e-6, 4.766e-6, 1.658e-6, 2.350e-6, 3.922e-6, 1.572e-6, 1.923e-6, 3.689e-6, 1.767e-6
0.852, 4.346e-6, 6.319e-6, 1.973e-6, 3.588e-6, 5.557e-6, 1.969e-6, 4.305e-6, 6.114e-6, 1.808e-6, 3.711e-6, 5.569e-6, 1.858e-6, 3.616e-6, 5.288e-6, 1.672e-6, 3.185e-6, 4.879e-6, 1.694e-6, 2.407e-6, 4.004e-6, 1.597e-6, 1.964e-6, 3.746e-6, 1.782e-6
0.856, 4.496e-6, 6.541e-6, 2.045e-6, 3.682e-6, 5.700e-6, 2.019e-6, 4.450e-6, 6.328e-6, 1.879e-6, 3.807e-6, 5.711e-6, 1.905e-6, 3.707e-6, 5.433e-6, 1.726e-6, 3.265e-6, 5.000e-6, 1.734e-6, 2.468e-6, 4.092e-6, 1.624e-6, 2.008e-6, 3.808e-6, 1.801e-6
0.860, 4.649e-6, 6.771e-6, 2.121e-6, 3.778e-6, 5.848e-6, 2.071e-6, 4.599e-6, 6.552e-6, 1.953e-6, 3.906e-6, 5.859e-6, 1.953e-6, 3.802e-6, 5.586e-6, 1.784e-6, 3.351e-6, 5.126e-6, 1.776e-6, 2.531e-6, 4.184e-6, 1.652e-6, 2.054e-6, 3.873e-6, 1.819e-6
0.864, 4.810e-6, 7.014e-6, 2.203e-6, 3.879e-6, 6.004e-6, 2.125e-6, 4.754e-6, 6.788e-6, 2.033e-6, 4.011e-6, 6.017e-6, 2.005e-6, 3.903e-6, 5.748e-6, 1.845e-6, 3.441e-6, 5.262e-6, 1.821e-6, 2.599e-6, 4.282e-6, 1.683e-6, 2.104e-6, 3.944e-6, 1.840e-6
0.868, 4.975e-6, 7.266e-6, 2.291e-6, 3.983e-6, 6.166e-6, 2.183e-6, 4.914e-6, 7.033e-6, 2.119e-6, 4.119e-6, 6.180e-6, 2.061e-6, 4.007e-6, 5.918e-6, 1.912e-6, 3.536e-6, 5.405e-6, 1.868e-6, 2.670e-6, 4.386e-6, 1.717e-6, 2.155e-6, 4.017e-6, 1.862e-6
0.872, 5.144e-6, 7.528e-6, 2.385e-6, 4.091e-6, 6.336e-6, 2.245e-6, 5.080e-6, 7.292e-6, 2.211e-6, 4.231e-6, 6.353e-6, 2.121e-6, 4.117e-6, 6.099e-6, 1.982e-6, 3.638e-6, 5.557e-6, 1.920e-6, 2.745e-6, 4.497e-6, 1.752e-6, 2.211e-6, 4.097e-6, 1.886e-6
0.876, 5.318e-6, 7.803e-6, 2.485e-6, 4.203e-6, 6.514e-6, 2.311e-6, 5.250e-6, 7.560e-6, 2.309e-6, 4.348e-6, 6.533e-6, 2.185e-6, 4.231e-6, 6.287e-6, 2.056e-6, 3.742e-6, 5.716e-6, 1.974e-6, 2.824e-6, 4.614e-6, 1.791e-6, 2.269e-6, 4.181e-6, 1.912e-6
0.880, 5.498e-6, 8.089e-6, 2.591e-6, 4.320e-6, 6.701e-6, 2.381e-6, 5.427e-6, 7.841e-6, 2.415e-6, 4.470e-6, 6.723e-6, 2.253e-6, 4.350e-6, 6.487e-6, 2.137e-6, 3.853e-6, 5.886e-6, 2.033e-6, 2.908e-6, 4.740e-6, 1.832e-6, 2.329e-6, 4.270e-6, 1.941e-6
0.884, 5.683e-6, 8.385e-6, 2.702e-6, 4.440e-6, 6.894e-6, 2.454e-6, 5.608e-6, 8.133e-6, 2.525e-6, 4.595e-6, 6.921e-6, 2.326e-6, 4.473e-6, 6.693e-6, 2.221e-6, 3.970e-6, 6.064e-6, 2.093e-6, 2.996e-6, 4.871e-6, 1.875e-6, 2.394e-6, 4.364e-6, 1.971e-6
0.888, 5.876e-6, 8.697e-6, 2.821e-6, 4.568e-6, 7.099e-6, 2.531e-6, 5.797e-6, 8.438e-6, 2.642e-6, 4.728e-6, 7.130e-6, 2.402e-6, 4.600e-6, 6.911e-6, 2.310e-6, 4.093e-6, 6.252e-6, 2.159e-6, 3.089e-6, 5.010e-6, 1.921e-6, 2.462e-6, 4.464e-6, 2.003e-6
0.892, 6.075e-6, 9.021e-6, 2.946e-6, 4.700e-6, 7.313e-6, 2.613e-6, 5.990e-6, 8.755e-6, 2.765e-6, 4.864e-6, 7.348e-6, 2.484e-6, 4.732e-6, 7.137e-6, 2.404e-6, 4.222e-6, 6.450e-6, 2.228e-6, 3.185e-6, 5.156e-6, 1.971e-6, 2.533e-6, 4.570e-6, 2.037e-6
0.896, 6.283e-6, 9.361e-6, 3.078e-6, 4.838e-6, 7.539e-6, 2.701e-6, 6.192e-6, 9.088e-6, 2.896e-6, 5.008e-6, 7.579e-6, 2.570e-6, 4.870e-6, 7.374e-6, 2.504e-6, 4.357e-6, 6.660e-6, 2.303e-6, 3.287e-6, 5.311e-6, 2.024e-6, 2.608e-6, 4.683e-6, 2.075e-6
0.900, 6.501e-6, 9.717e-6, 3.216e-6, 4.982e-6, 7.774e-6, 2.792e-6, 6.401e-6, 9.433e-6, 3.032e-6, 5.157e-6, 7.818e-6, 2.661e-6, 5.012e-6, 7.620e-6, 2.608e-6, 4.499e-6, 6.879e-6, 2.380e-6, 3.395e-6, 5.475e-6, 2.079e-6, 2.687e-6, 4.801e-6, 2.114e-6
