0.004, 5.051e-7, -1.568e-6, -2.074e-6, 4.960e-7, -1.538e-6, -2.034e-6, 4.693e-7, -1.341e-6, -1.810e-6, 4.335e-7, -1.279e-6, -1.712e-6, 4.597e-7, -1.346e-6, -1.805e-6, 4.354e-7, -1.308e-6, -1.743e-6, 4.484e-7, -1.404e-6, -1.853e-6, 4.177e-7, -1.354e-6, -1.772e-6
0.008, 6.192e-7, -9.476e-7, -1.567e-6, 6.122e-7, -9.306e-7, -1.543e-6, 5.691e-7, -7.994e-7, -1.368e-6, 5.295e-7, -7.620e-7, -1.292e-6, 5.614e-7, -7.983e-7, -1.360e-6, 5.386e-7, -7.674e-7, -1.306e-6, 5.508e-7, -8.433e-7, -1.394e-6, 5.185e-7, -8.072e-7, -1.326e-6
0.012, 5.996e-7, -6.824e-7, -1.282e-6, 5.911e-7, -6.718e-7, -1.263e-6, 5.480e-7, -5.753e-7, -1.123e-6, 5.111e-7, -5.467e-7, -1.058e-6, 5.412e-7, -5.718e-7, -1.113e-6, 5.208e-7, -5.460e-7, -1.067e-6, 5.321e-7, -6.090e-7, -1.141e-6, 5.021e-7, -5.794e-7, -1.081e-6
0.016, 5.771e-7, -5.160e-7, -1.093e-6, 5.676e-7, -5.082e-7, -1.076e-6, 5.247e-7, -4.354e-7, -9.601e-7, 4.906e-7, -4.119e-7, -9.025e-7, 5.186e-7, -4.294e-7, -9.480e-7, 4.997e-7, -4.083e-7, -9.080e-7, 5.095e-7, -4.627e-7, -9.721e-7, 4.811e-7, -4.377e-7, -9.189e-7
0.020, 5.554e-7, -3.987e-7, -9.541e-7, 5.451e-7, -3.924e-7, -9.375e-7, 5.038e-7, -3.366e-7, -8.404e-7, 4.723e-7, -3.163e-7, -7.885e-7, 4.973e-7, -3.300e-7, -8.273e-7, 4.813e-7, -3.100e-7, -7.912e-7, 4.882e-7, -3.597e-7, -8.479e-7, 4.630e-7, -3.370e-7, -7.999e-7
0.024, 5.363e-7, -3.111e-7, -8.474e-7, 5.243e-7, -3.062e-7, -8.305e-7, 4.856e-7, -2.632e-7, -7.488e-7, 4.553e-7, -2.455e-7, -7.009e-7, 4.794e-7, -2.554e-7, -7.347e-7, 4.642e-7, -2.373e-7, -7.015e-7, 4.701e-7, -2.825e-7, -7.525e-7, 4.466e-7, -2.625e-7, -7.091e-7
0.028, 5.194e-7, -2.428e-7, -7.622e-7, 5.079e-7, -2.383e-7, -7.462e-7, 4.700e-7, -2.055e-7, -6.755e-7, 4.429e-7, -1.895e-7, -6.323e-7, 4.649e-7, -1.960e-7, -6.609e-7, 4.516e-7, -1.799e-7, -6.315e-7, 4.548e-7, -2.222e-7, -6.770e-7, 4.331e-7, -2.039e-7, -6.370e-7
0.032, 5.060e-7, -1.876e-7, -6.937e-7, 4.952e-7, -1.835e-7, -6.787e-7, 4.571e-7, -1.593e-7, -6.164e-7, 4.325e-7, -1.436e-7, -5.760e-7, 4.528e-7, -1.481e-7, -6.009e-7, 4.407e-7, -1.327e-7, -5.734e-7, 4.426e-7, -1.724e-7, -6.150e-7, 4.223e-7, -1.561e-7, -5.785e-7
0.036, 4.957e-7, -1.409e-7, -6.366e-7, 4.847e-7, -1.374e-7, -6.220e-7, 4.477e-7, -1.194e-7, -5.671e-7, 4.241e-7, -1.055e-7, -5.295e-7, 4.434e-7, -1.082e-7, -5.515e-7, 4.325e-7, -9.353e-8, -5.260e-7, 4.330e-7, -1.307e-7, -5.638e-7, 4.140e-7, -1.158e-7, -5.298e-7
0.040, 4.877e-7, -1.013e-7, -5.890e-7, 4.762e-7, -9.869e-8, -5.749e-7, 4.389e-7, -8.649e-8, -5.254e-7, 4.169e-7, -7.337e-8, -4.903e-7, 4.353e-7, -7.385e-8, -5.091e-7, 4.255e-7, -6.063e-8, -4.862e-7, 4.244e-7, -9.619e-8, -5.206e-7, 4.067e-7, -8.254e-8, -4.893e-7
0.044, 4.799e-7, -6.804e-8, -5.480e-7, 4.701e-7, -6.509e-8, -5.352e-7, 4.330e-7, -5.702e-8, -4.900e-7, 4.116e-7, -4.548e-8, -4.571e-7, 4.297e-7, -4.388e-8, -4.736e-7, 4.201e-7, -3.184e-8, -4.519e-7, 4.179e-7, -6.587e-8, -4.838e-7, 4.013e-7, -5.306e-8, -4.544e-7
0.048, 4.758e-7, -3.817e-8, -5.139e-7, 4.655e-7, -3.599e-8, -5.015e-7, 4.279e-7, -3.153e-8, -4.594e-7, 4.074e-7, -2.094e-8, -4.284e-7, 4.256e-7, -1.795e-8, -4.436e-7, 4.162e-7, -6.889e-9, -4.231e-7, 4.136e-7, -3.895e-8, -4.525e-7, 3.974e-7, -2.753e-8, -4.249e-7
0.052, 4.718e-7, -1.146e-8, -4.833e-7, 4.621e-7, -9.972e-9, -4.721e-7, 4.253e-7, -7.601e-9, -4.329e-7, 4.042e-7, 1.326e-9, -4.029e-7, 4.217e-7, 5.568e-9, -4.161e-7, 4.135e-7, 1.537e-8, -3.981e-7, 4.097e-7, -1.498e-8, -4.247e-7, 3.943e-7, -4.962e-9, -3.993e-7
0.056, 4.690e-7, 1.295e-8, -4.561e-7, 4.602e-7, 1.426e-8, -4.459e-7, 4.224e-7, 1.353e-8, -4.089e-7, 4.032e-7, 2.168e-8, -3.815e-7, 4.196e-7, 2.658e-8, -3.931e-7, 4.119e-7, 3.535e-8, -3.765e-7, 4.074e-7, 6.896e-9, -4.005e-7, 3.928e-7, 1.605e-8, -3.767e-7
0.060, 4.695e-7, 3.551e-8, -4.340e-7, 4.600e-7, 3.584e-8, -4.241e-7, 4.228e-7, 3.384e-8, -3.890e-7, 4.033e-7, 4.067e-8, -3.627e-7, 4.201e-7, 4.678e-8, -3.733e-7, 4.121e-7, 5.413e-8, -3.580e-7, 4.077e-7, 2.744e-8, -3.802e-7, 3.929e-7, 3.521e-8, -3.577e-7
0.064, 4.707e-7, 5.735e-8, -4.133e-7, 4.613e-7, 5.662e-8, -4.047e-7, 4.237e-7, 5.276e-8, -3.710e-7, 4.050e-7, 5.893e-8, -3.461e-7, 4.219e-7, 6.570e-8, -3.562e-7, 4.138e-7, 7.184e-8, -3.420e-7, 4.085e-7, 4.680e-8, -3.617e-7, 3.939e-7, 5.267e-8, -3.412e-7
0.068, 4.735e-7, 7.741e-8, -3.961e-7, 4.644e-7, 7.636e-8, -3.881e-7, 4.262e-7, 7.132e-8, -3.549e-7, 4.076e-7, 7.576e-8, -3.319e-7, 4.252e-7, 8.423e-8, -3.410e-7, 4.171e-7, 8.875e-8, -3.283e-7, 4.123e-7, 6.546e-8, -3.468e-7, 3.969e-7, 7.028e-8, -3.266e-7
0.072, 4.802e-7, 9.872e-8, -3.815e-7, 4.704e-7, 9.635e-8, -3.740e-7, 4.324e-7, 9.079e-8, -3.416e-7, 4.124e-7, 9.319e-8, -3.192e-7, 4.310e-7, 1.027e-7, -3.283e-7, 4.216e-7, 1.054e-7, -3.162e-7, 4.164e-7, 8.404e-8, -3.324e-7, 4.015e-7, 8.755e-8, -3.140e-7
0.076, 4.886e-7, 1.201e-7, -3.685e-7, 4.782e-7, 1.163e-7, -3.619e-7, 4.405e-7, 1.101e-7, -3.304e-7, 4.192e-7, 1.106e-7, -3.085e-7, 4.382e-7, 1.210e-7, -3.172e-7, 4.289e-7, 1.227e-7, -3.063e-7, 4.243e-7, 1.031e-7, -3.212e-7, 4.084e-7, 1.046e-7, -3.038e-7
0.080, 5.000e-7, 1.422e-7, -3.578e-7, 4.896e-7, 1.381e-7, -3.515e-7, 4.520e-7, 1.311e-7, -3.209e-7, 4.294e-7, 1.291e-7, -3.003e-7, 4.501e-7, 1.412e-7, -3.089e-7, 4.388e-7, 1.406e-7, -2.982e-7, 4.353e-7, 1.234e-7, -3.119e-7, 4.181e-7, 1.227e-7, -2.954e-7
0.084, 5.146e-7, 1.653e-7, -3.493e-7, 5.037e-7, 1.601e-7, -3.436e-7, 4.652e-7, 1.523e-7, -3.129e-7, 4.413e-7, 1.480e-7, -2.933e-7, 4.633e-7, 1.613e-7, -3.020e-7, 4.509e-7, 1.597e-7, -2.912e-7, 4.494e-7, 1.449e-7, -3.046e-7, 4.304e-7, 1.418e-7, -2.886e-7
0.088, 5.336e-7, 1.906e-7, -3.430e-7, 5.225e-7, 1.856e-7, -3.369e-7, 4.835e-7, 1.764e-7, -3.071e-7, 4.571e-7, 1.691e-7, -2.880e-7, 4.812e-7, 1.849e-7, -2.963e-7, 4.671e-7, 1.804e-7, -2.868e-7, 4.668e-7, 1.675e-7, -2.992e-7, 4.457e-7, 1.628e-7, -2.830e-7
0.092, 5.568e-7, 2.184e-7, -3.384e-7, 5.443e-7, 2.124e-7, -3.319e-7, 5.057e-7, 2.023e-7, -3.035e-7, 4.758e-7, 1.915e-7, -2.843e-7, 5.025e-7, 2.087e-7, -2.938e-7, 4.856e-7, 2.020e-7, -2.836e-7, 4.880e-7, 1.925e-7, -2.955e-7, 4.646e-7, 1.850e-7, -2.796e-7
0.096, 5.861e-7, 2.491e-7, -3.370e-7, 5.717e-7, 2.419e-7, -3.298e-7, 5.333e-7, 2.314e-7, -3.019e-7, 4.991e-7, 2.165e-7, -2.825e-7, 5.292e-7, 2.368e-7, -2.924e-7, 5.097e-7, 2.271e-7, -2.825e-7, 5.146e-7, 2.209e-7, -2.937e-7, 4.879e-7, 2.096e-7, -2.782e-7
0.100, 6.206e-7, 2.835e-7, -3.371e-7, 6.032e-7, 2.733e-7, -3.300e-7, 5.657e-7, 2.631e-7, -3.026e-7, 5.272e-7, 2.442e-7, -2.830e-7, 5.612e-7, 2.676e-7, -2.936e-7, 5.378e-7, 2.545e-7, -2.833e-7, 5.466e-7, 2.524e-7, -2.942e-7, 5.163e-7, 2.373e-7, -2.790e-7
0.104, 6.625e-7, 3.218e-7, -3.407e-7, 6.409e-7, 3.083e-7, -3.326e-7, 6.051e-7, 2.993e-7, -3.058e-7, 5.607e-7, 2.749e-7, -2.858e-7, 5.995e-7, 3.021e-7, -2.974e-7, 5.718e-7, 2.851e-7, -2.867e-7, 5.848e-7, 2.873e-7, -2.975e-7, 5.506e-7, 2.687e-7, -2.819e-7
0.108, 7.110e-7, 3.642e-7, -3.468e-7, 6.843e-7, 3.473e-7, -3.370e-7, 6.507e-7, 3.392e-7, -3.115e-7, 5.990e-7, 3.087e-7, -2.904e-7, 6.436e-7, 3.402e-7, -3.034e-7, 6.100e-7, 3.186e-7, -2.914e-7, 6.289e-7, 3.257e-7, -3.032e-7, 5.895e-7, 3.025e-7, -2.870e-7
0.112, 7.682e-7, 4.119e-7, -3.563e-7, 7.302e-7, 3.855e-7, -3.448e-7, 7.040e-7, 3.836e-7, -3.204e-7, 6.438e-7, 3.460e-7, -2.978e-7, 6.951e-7, 3.832e-7, -3.119e-7, 6.557e-7, 3.564e-7, -2.993e-7, 6.806e-7, 3.688e-7, -3.118e-7, 6.343e-7, 3.401e-7, -2.942e-7
0.116, 8.324e-7, 4.635e-7, -3.689e-7, 7.785e-7, 4.234e-7, -3.551e-7, 7.647e-7, 4.318e-7, -3.328e-7, 6.942e-7, 3.869e-7, -3.073e-7, 7.536e-7, 4.297e-7, -3.239e-7, 7.066e-7, 3.972e-7, -3.094e-7, 7.394e-7, 4.162e-7, -3.232e-7, 6.860e-7, 3.813e-7, -3.047e-7
0.120, 9.030e-7, 5.189e-7, -3.842e-7, 8.363e-7, 4.681e-7, -3.682e-7, 8.318e-7, 4.843e-7, -3.475e-7, 7.512e-7, 4.310e-7, -3.202e-7, 8.190e-7, 4.806e-7, -3.384e-7, 7.630e-7, 4.410e-7, -3.219e-7, 8.042e-7, 4.667e-7, -3.375e-7, 7.427e-7, 4.255e-7, -3.171e-7
0.124, 9.806e-7, 5.780e-7, -4.026e-7, 9.012e-7, 5.181e-7, -3.831e-7, 9.056e-7, 5.407e-7, -3.649e-7, 8.119e-7, 4.777e-7, -3.342e-7, 8.906e-7, 5.352e-7, -3.555e-7, 8.244e-7, 4.879e-7, -3.365e-7, 8.761e-7, 5.214e-7, -3.547e-7, 8.039e-7, 4.725e-7, -3.315e-7
0.128, 1.065e-6, 6.418e-7, -4.236e-7, 9.715e-7, 5.706e-7, -4.009e-7, 9.858e-7, 6.002e-7, -3.856e-7, 8.775e-7, 5.262e-7, -3.514e-7, 9.680e-7, 5.926e-7, -3.754e-7, 8.903e-7, 5.372e-7, -3.531e-7, 9.541e-7, 5.792e-7, -3.749e-7, 8.707e-7, 5.220e-7, -3.487e-7
0.132, 1.155e-6, 7.074e-7, -4.478e-7, 1.046e-6, 6.260e-7, -4.203e-7, 1.071e-6, 6.623e-7, -4.082e-7, 9.472e-7, 5.774e-7, -3.698e-7, 1.050e-6, 6.528e-7, -3.970e-7, 9.594e-7, 5.878e-7, -3.717e-7, 1.037e-6, 6.397e-7, -3.971e-7, 9.410e-7, 5.734e-7, -3.676e-7
0.136, 1.248e-6, 7.743e-7, -4.732e-7, 1.123e-6, 6.817e-7, -4.416e-7, 1.159e-6, 7.252e-7, -4.336e-7, 1.019e-6, 6.289e-7, -3.902e-7, 1.135e-6, 7.144e-7, -4.205e-7, 1.031e-6, 6.393e-7, -3.918e-7, 1.121e-6, 7.005e-7, -4.208e-7, 1.012e-6, 6.250e-7, -3.873e-7
0.140, 1.339e-6, 8.404e-7, -4.990e-7, 1.198e-6, 7.357e-7, -4.626e-7, 1.245e-6, 7.872e-7, -4.582e-7, 1.090e-6, 6.793e-7, -4.103e-7, 1.219e-6, 7.749e-7, -4.440e-7, 1.101e-6, 6.897e-7, -4.108e-7, 1.205e-6, 7.607e-7, -4.443e-7, 1.083e-6, 6.754e-7, -4.074e-7
0.144, 1.431e-6, 9.056e-7, -5.254e-7, 1.273e-6, 7.893e-7, -4.838e-7, 1.332e-6, 8.485e-7, -4.839e-7, 1.159e-6, 7.287e-7, -4.307e-7, 1.303e-6, 8.348e-7, -4.685e-7, 1.170e-6, 7.387e-7, -4.314e-7, 1.289e-6, 8.205e-7, -4.684e-7, 1.152e-6, 7.244e-7, -4.280e-7
0.148, 1.516e-6, 9.672e-7, -5.490e-7, 1.343e-6, 8.396e-7, -5.030e-7, 1.414e-6, 9.069e-7, -5.071e-7, 1.223e-6, 7.748e-7, -4.485e-7, 1.382e-6, 8.919e-7, -4.904e-7, 1.235e-6, 7.859e-7, -4.488e-7, 1.368e-6, 8.768e-7, -4.913e-7, 1.217e-6, 7.708e-7, -4.464e-7
0.152, 1.596e-6, 1.025e-6, -5.712e-7, 1.406e-6, 8.861e-7, -5.198e-7, 1.490e-6, 9.610e-7, -5.286e-7, 1.284e-6, 8.183e-7, -4.655e-7, 1.455e-6, 9.452e-7, -5.103e-7, 1.294e-6, 8.293e-7, -4.652e-7, 1.441e-6, 9.294e-7, -5.113e-7, 1.276e-6, 8.136e-7, -4.623e-7
0.156, 1.665e-6, 1.077e-6, -5.882e-7, 1.460e-6, 9.276e-7, -5.328e-7, 1.555e-6, 1.009e-6, -5.461e-7, 1.335e-6, 8.565e-7, -4.784e-7, 1.519e-6, 9.930e-7, -5.263e-7, 1.345e-6, 8.679e-7, -4.771e-7, 1.503e-6, 9.760e-7, -5.271e-7, 1.326e-6, 8.507e-7, -4.749e-7
0.160, 1.723e-6, 1.121e-6, -6.014e-7, 1.504e-6, 9.626e-7, -5.419e-7, 1.609e-6, 1.051e-6, -5.586e-7, 1.378e-6, 8.894e-7, -4.884e-7, 1.572e-6, 1.035e-6, -5.378e-7, 1.387e-6, 9.011e-7, -4.861e-7, 1.556e-6, 1.017e-6, -5.395e-7, 1.367e-6, 8.834e-7, -4.839e-7
0.164, 1.768e-6, 1.159e-6, -6.086e-7, 1.539e-6, 9.924e-7, -5.464e-7, 1.652e-6, 1.086e-6, -5.661e-7, 1.409e-6, 9.167e-7, -4.924e-7, 1.615e-6, 1.070e-6, -5.446e-7, 1.419e-6, 9.293e-7, -4.901e-7, 1.596e-6, 1.050e-6, -5.455e-7, 1.399e-6, 9.105e-7, -4.882e-7
0.168, 1.798e-6, 1.189e-6, -6.091e-7, 1.562e-6, 1.016e-6, -5.454e-7, 1.681e-6, 1.113e-6, -5.677e-7, 1.431e-6, 9.383e-7, -4.927e-7, 1.643e-6, 1.098e-6, -5.452e-7, 1.442e-6, 9.517e-7, -4.898e-7, 1.623e-6, 1.077e-6, -5.466e-7, 1.419e-6, 9.316e-7, -4.873e-7
0.172, 1.814e-6, 1.210e-6, -6.039e-7, 1.572e-6, 1.033e-6, -5.392e-7, 1.696e-6, 1.132e-6, -5.635e-7, 1.441e-6, 9.538e-7, -4.877e-7, 1.659e-6, 1.119e-6, -5.406e-7, 1.452e-6, 9.679e-7, -4.844e-7, 1.636e-6, 1.095e-6, -5.410e-7, 1.427e-6, 9.456e-7, -4.817e-7
0.176, 1.817e-6, 1.225e-6, -5.921e-7, 1.572e-6, 1.044e-6, -5.280e-7, 1.698e-6, 1.145e-6, -5.532e-7, 1.442e-6, 9.643e-7, -4.782e-7, 1.663e-6, 1.133e-6, -5.298e-7, 1.454e-6, 9.795e-7, -4.747e-7, 1.637e-6, 1.107e-6, -5.301e-7, 1.427e-6, 9.555e-7, -4.710e-7
0.180, 1.808e-6, 1.232e-6, -5.760e-7, 1.563e-6, 1.050e-6, -5.130e-7, 1.689e-6, 1.151e-6, -5.380e-7, 1.434e-6, 9.690e-7, -4.653e-7, 1.655e-6, 1.140e-6, -5.154e-7, 1.447e-6, 9.857e-7, -4.615e-7, 1.628e-6, 1.113e-6, -5.151e-7, 1.418e-6, 9.602e-7, -4.575e-7
0.184, 1.786e-6, 1.232e-6, -5.545e-7, 1.546e-6, 1.052e-6, -4.943e-7, 1.667e-6, 1.149e-6, -5.181e-7, 1.418e-6, 9.697e-7, -4.486e-7, 1.637e-6, 1.141e-6, -4.958e-7, 1.431e-6, 9.870e-7, -4.442e-7, 1.607e-6, 1.112e-6, -4.953e-7, 1.400e-6, 9.606e-7, -4.396e-7
0.188, 1.755e-6, 1.226e-6, -5.291e-7, 1.520e-6, 1.048e-6, -4.721e-7, 1.637e-6, 1.142e-6, -4.945e-7, 1.394e-6, 9.659e-7, -4.284e-7, 1.609e-6, 1.136e-6, -4.728e-7, 1.409e-6, 9.844e-7, -4.243e-7, 1.576e-6, 1.105e-6, -4.713e-7, 1.376e-6, 9.565e-7, -4.194e-7
0.192, 1.717e-6, 1.215e-6, -5.017e-7, 1.491e-6, 1.041e-6, -4.492e-7, 1.599e-6, 1.130e-6, -4.686e-7, 1.366e-6, 9.589e-7, -4.071e-7, 1.574e-6, 1.126e-6, -4.477e-7, 1.382e-6, 9.787e-7, -4.028e-7, 1.540e-6, 1.094e-6, -4.463e-7, 1.347e-6, 9.494e-7, -3.972e-7
0.196, 1.672e-6, 1.200e-6, -4.723e-7, 1.457e-6, 1.033e-6, -4.243e-7, 1.556e-6, 1.116e-6, -4.406e-7, 1.335e-6, 9.498e-7, -3.847e-7, 1.534e-6, 1.113e-6, -4.207e-7, 1.351e-6, 9.705e-7, -3.804e-7, 1.499e-6, 1.080e-6, -4.190e-7, 1.315e-6, 9.406e-7, -3.745e-7
0.200, 1.626e-6, 1.184e-6, -4.421e-7, 1.422e-6, 1.023e-6, -3.992e-7, 1.510e-6, 1.098e-6, -4.121e-7, 1.301e-6, 9.394e-7, -3.613e-7, 1.491e-6, 1.098e-6, -3.928e-7, 1.318e-6, 9.616e-7, -3.569e-7, 1.455e-6, 1.064e-6, -3.910e-7, 1.282e-6, 9.307e-7, -3.512e-7
0.204, 1.574e-6, 1.163e-6, -4.110e-7, 1.384e-6, 1.011e-6, -3.736e-7, 1.461e-6, 1.078e-6, -3.831e-7, 1.265e-6, 9.269e-7, -3.381e-7, 1.444e-6, 1.079e-6, -3.642e-7, 1.284e-6, 9.501e-7, -3.338e-7, 1.408e-6, 1.045e-6, -3.625e-7, 1.246e-6, 9.183e-7, -3.278e-7
0.208, 1.524e-6, 1.143e-6, -3.807e-7, 1.348e-6, 9.985e-7, -3.496e-7, 1.412e-6, 1.057e-6, -3.544e-7, 1.231e-6, 9.147e-7, -3.160e-7, 1.398e-6, 1.061e-6, -3.370e-7, 1.250e-6, 9.387e-7, -3.116e-7, 1.361e-6, 1.026e-6, -3.353e-7, 1.213e-6, 9.067e-7, -3.059e-7
0.212, 1.475e-6, 1.122e-6, -3.528e-7, 1.313e-6, 9.859e-7, -3.270e-7, 1.364e-6, 1.036e-6, -3.279e-7, 1.198e-6, 9.024e-7, -2.956e-7, 1.351e-6, 1.041e-6, -3.106e-7, 1.218e-6, 9.273e-7, -2.907e-7, 1.316e-6, 1.006e-6, -3.097e-7, 1.180e-6, 8.948e-7, -2.856e-7
0.216, 1.426e-6, 1.101e-6, -3.250e-7, 1.280e-6, 9.743e-7, -3.056e-7, 1.317e-6, 1.015e-6, -3.021e-7, 1.166e-6, 8.900e-7, -2.756e-7, 1.306e-6, 1.021e-6, -2.852e-7, 1.187e-6, 9.159e-7, -2.708e-7, 1.271e-6, 9.870e-7, -2.842e-7, 1.149e-6, 8.835e-7, -2.652e-7
0.220, 1.381e-6, 1.080e-6, -3.007e-7, 1.249e-6, 9.630e-7, -2.865e-7, 1.273e-6, 9.947e-7, -2.780e-7, 1.137e-6, 8.787e-7, -2.580e-7, 1.263e-6, 1.002e-6, -2.618e-7, 1.157e-6, 9.045e-7, -2.524e-7, 1.229e-6, 9.679e-7, -2.614e-7, 1.120e-6, 8.724e-7, -2.479e-7
0.224, 1.338e-6, 1.060e-6, -2.773e-7, 1.221e-6, 9.524e-7, -2.688e-7, 1.231e-6, 9.748e-7, -2.562e-7, 1.109e-6, 8.677e-7, -2.418e-7, 1.223e-6, 9.830e-7, -2.403e-7, 1.130e-6, 8.936e-7, -2.364e-7, 1.190e-6, 9.498e-7, -2.406e-7, 1.094e-6, 8.623e-7, -2.319e-7
0.228, 1.297e-6, 1.042e-6, -2.559e-7, 1.195e-6, 9.417e-7, -2.529e-7, 1.192e-6, 9.564e-7, -2.359e-7, 1.084e-6, 8.573e-7, -2.268e-7, 1.185e-6, 9.648e-7, -2.206e-7, 1.105e-6, 8.837e-7, -2.213e-7, 1.154e-6, 9.328e-7, -2.213e-7, 1.070e-6, 8.521e-7, -2.175e-7
0.232, 1.262e-6, 1.025e-6, -2.374e-7, 1.172e-6, 9.326e-7, -2.393e-7, 1.158e-6, 9.391e-7, -2.185e-7, 1.062e-6, 8.476e-7, -2.142e-7, 1.151e-6, 9.481e-7, -2.032e-7, 1.082e-6, 8.741e-7, -2.083e-7, 1.121e-6, 9.168e-7, -2.045e-7, 1.048e-6, 8.427e-7, -2.052e-7
0.236, 1.228e-6, 1.008e-6, -2.199e-7, 1.150e-6, 9.235e-7, -2.267e-7, 1.124e-6, 9.225e-7, -2.018e-7, 1.040e-6, 8.372e-7, -2.024e-7, 1.118e-6, 9.319e-7, -1.864e-7, 1.060e-6, 8.645e-7, -1.960e-7, 1.090e-6, 9.011e-7, -1.889e-7, 1.027e-6, 8.334e-7, -1.940e-7
0.240, 1.196e-6, 9.918e-7, -2.046e-7, 1.130e-6, 9.148e-7, -2.151e-7, 1.094e-6, 9.073e-7, -1.869e-7, 1.020e-6, 8.287e-7, -1.917e-7, 1.089e-6, 9.169e-7, -1.720e-7, 1.041e-6, 8.560e-7, -1.850e-7, 1.062e-6, 8.871e-7, -1.748e-7, 1.008e-6, 8.251e-7, -1.834e-7
0.244, 1.169e-6, 9.777e-7, -1.911e-7, 1.111e-6, 9.062e-7, -2.046e-7, 1.067e-6, 8.929e-7, -1.743e-7, 1.002e-6, 8.196e-7, -1.824e-7, 1.062e-6, 9.030e-7, -1.590e-7, 1.022e-6, 8.467e-7, -1.754e-7, 1.036e-6, 8.737e-7, -1.627e-7, 9.899e-7, 8.160e-7, -1.740e-7
0.248, 1.143e-6, 9.643e-7, -1.786e-7, 1.094e-6, 8.983e-7, -1.957e-7, 1.042e-6, 8.798e-7, -1.622e-7, 9.853e-7, 8.113e-7, -1.740e-7, 1.037e-6, 8.897e-7, -1.475e-7, 1.005e-6, 8.384e-7, -1.667e-7, 1.013e-6, 8.617e-7, -1.516e-7, 9.736e-7, 8.079e-7, -1.657e-7
0.252, 1.118e-6, 9.507e-7, -1.673e-7, 1.076e-6, 8.892e-7, -1.867e-7, 1.018e-6, 8.668e-7, -1.512e-7, 9.681e-7, 8.024e-7, -1.657e-7, 1.013e-6, 8.769e-7, -1.362e-7, 9.879e-7, 8.294e-7, -1.586e-7, 9.907e-7, 8.494e-7, -1.413e-7, 9.564e-7, 7.991e-7, -1.573e-7
0.256, 1.095e-6, 9.376e-7, -1.572e-7, 1.059e-6, 8.803e-7, -1.784e-7, 9.965e-7, 8.542e-7, -1.423e-7, 9.507e-7, 7.931e-7, -1.576e-7, 9.915e-7, 8.645e-7, -1.269e-7, 9.699e-7, 8.200e-7, -1.499e-7, 9.698e-7, 8.376e-7, -1.321e-7, 9.399e-7, 7.898e-7, -1.501e-7
0.260, 1.074e-6, 9.259e-7, -1.478e-7, 1.041e-6, 8.709e-7, -1.701e-7, 9.754e-7, 8.419e-7, -1.335e-7, 9.340e-7, 7.840e-7, -1.500e-7, 9.696e-7, 8.519e-7, -1.177e-7, 9.535e-7, 8.109e-7, -1.426e-7, 9.501e-7, 8.266e-7, -1.235e-7, 9.236e-7, 7.809e-7, -1.428e-7
0.264, 1.052e-6, 9.137e-7, -1.378e-7, 1.023e-6, 8.615e-7, -1.614e-7, 9.552e-7, 8.310e-7, -1.242e-7, 9.172e-7, 7.750e-7, -1.423e-7, 9.500e-7, 8.409e-7, -1.091e-7, 9.358e-7, 8.013e-7, -1.345e-7, 9.305e-7, 8.154e-7, -1.151e-7, 9.062e-7, 7.718e-7, -1.343e-7
0.268, 1.031e-6, 9.022e-7, -1.293e-7, 1.004e-6, 8.518e-7, -1.525e-7, 9.356e-7, 8.198e-7, -1.158e-7, 8.999e-7, 7.655e-7, -1.344e-7, 9.296e-7, 8.289e-7, -1.006e-7, 9.175e-7, 7.912e-7, -1.262e-7, 9.112e-7, 8.046e-7, -1.066e-7, 8.881e-7, 7.620e-7, -1.262e-7
0.272, 1.011e-6, 8.904e-7, -1.206e-7, 9.858e-7, 8.415e-7, -1.442e-7, 9.161e-7, 8.086e-7, -1.075e-7, 8.812e-7, 7.554e-7, -1.258e-7, 9.106e-7, 8.177e-7, -9.289e-8, 8.991e-7, 7.813e-7, -1.178e-7, 8.932e-7, 7.942e-7, -9.896e-8, 8.702e-7, 7.517e-7, -1.185e-7
0.276, 9.914e-7, 8.788e-7, -1.125e-7, 9.662e-7, 8.307e-7, -1.355e-7, 8.980e-7, 7.976e-7, -1.004e-7, 8.642e-7, 7.455e-7, -1.187e-7, 8.922e-7, 8.070e-7, -8.516e-8, 8.805e-7, 7.705e-7, -1.100e-7, 8.745e-7, 7.829e-7, -9.157e-8, 8.519e-7, 7.414e-7, -1.105e-7
0.280, 9.686e-7, 8.655e-7, -1.032e-7, 9.450e-7, 8.194e-7, -1.255e-7, 8.778e-7, 7.859e-7, -9.182e-8, 8.434e-7, 7.343e-7, -1.091e-7, 8.718e-7, 7.952e-7, -7.662e-8, 8.599e-7, 7.593e-7, -1.006e-7, 8.542e-7, 7.715e-7, -8.273e-8, 8.317e-7, 7.307e-7, -1.010e-7
0.284, 9.481e-7, 8.536e-7, -9.452e-8, 9.233e-7, 8.078e-7, -1.155e-7, 8.588e-7, 7.748e-7, -8.409e-8, 8.247e-7, 7.242e-7, -1.005e-7, 8.526e-7, 7.837e-7, -6.891e-8, 8.403e-7, 7.485e-7, -9.183e-8, 8.356e-7, 7.604e-7, -7.522e-8, 8.122e-7, 7.201e-7, -9.207e-8
0.288, 9.278e-7, 8.413e-7, -8.653e-8, 9.018e-7, 7.961e-7, -1.058e-7, 8.393e-7, 7.631e-7, -7.622e-8, 8.048e-7, 7.130e-7, -9.172e-8, 8.331e-7, 7.720e-7, -6.106e-8, 8.201e-7, 7.370e-7, -8.309e-8, 8.166e-7, 7.490e-7, -6.759e-8, 7.910e-7, 7.080e-7, -8.298e-8
0.292, 9.051e-7, 8.281e-7, -7.703e-8, 8.796e-7, 7.837e-7, -9.597e-8, 8.189e-7, 7.513e-7, -6.759e-8, 7.837e-7, 7.015e-7, -8.216e-8, 8.131e-7, 7.602e-7, -5.287e-8, 7.991e-7, 7.256e-7, -7.357e-8, 7.967e-7, 7.374e-7, -5.933e-8, 7.709e-7, 6.971e-7, -7.377e-8
0.296, 8.836e-7, 8.151e-7, -6.855e-8, 8.563e-7, 7.706e-7, -8.579e-8, 7.986e-7, 7.391e-7, -5.958e-8, 7.633e-7, 6.905e-7, -7.274e-8, 7.931e-7, 7.483e-7, -4.482e-8, 7.780e-7, 7.140e-7, -6.400e-8, 7.760e-7, 7.254e-7, -5.056e-8, 7.494e-7, 6.851e-7, -6.430e-8
0.300, 8.601e-7, 8.010e-7, -5.917e-8, 8.330e-7, 7.578e-7, -7.525e-8, 7.785e-7, 7.270e-7, -5.143e-8, 7.418e-7, 6.787e-7, -6.308e-8, 7.726e-7, 7.358e-7, -3.683e-8, 7.559e-7, 7.014e-7, -5.442e-8, 7.554e-7, 7.129e-7, -4.252e-8, 7.282e-7, 6.735e-7, -5.468e-8
0.304, 8.372e-7, 7.870e-7, -5.012e-8, 8.096e-7, 7.446e-7, -6.496e-8, 7.572e-7, 7.140e-7, -4.321e-8, 7.204e-7, 6.663e-7, -5.414e-8, 7.520e-7, 7.234e-7, -2.858e-8, 7.342e-7, 6.891e-7, -4.507e-8, 7.340e-7, 7.001e-7, -3.397e-8, 7.057e-7, 6.604e-7, -4.533e-8
0.308, 8.134e-7, 7.731e-7, -4.035e-8, 7.855e-7, 7.315e-7, -5.400e-8, 7.361e-7, 7.018e-7, -3.430e-8, 6.987e-7, 6.545e-7, -4.421e-8, 7.317e-7, 7.109e-7, -2.087e-8, 7.130e-7, 6.772e-7, -3.579e-8, 7.125e-7, 6.875e-7, -2.503e-8, 6.840e-7, 6.483e-7, -3.569e-8
0.312, 7.896e-7, 7.583e-7, -3.131e-8, 7.629e-7, 7.186e-7, -4.422e-8, 7.147e-7, 6.889e-7, -2.581e-8, 6.778e-7, 6.424e-7, -3.536e-8, 7.109e-7, 6.984e-7, -1.250e-8, 6.916e-7, 6.649e-7, -2.665e-8, 6.914e-7, 6.747e-7, -1.670e-8, 6.624e-7, 6.363e-7, -2.613e-8
0.316, 7.669e-7, 7.448e-7, -2.214e-8, 7.388e-7, 7.054e-7, -3.345e-8, 6.934e-7, 6.759e-7, -1.743e-8, 6.570e-7, 6.310e-7, -2.609e-8, 6.891e-7, 6.853e-7, -3.821e-9, 6.706e-7, 6.530e-7, -1.765e-8, 6.698e-7, 6.618e-7, -8.063e-9, 6.408e-7, 6.240e-7, -1.685e-8
0.320, 7.435e-7, 7.308e-7, -1.276e-8, 7.163e-7, 6.920e-7, -2.433e-8, 6.725e-7, 6.632e-7, -9.363e-9, 6.363e-7, 6.188e-7, -1.750e-8, 6.691e-7, 6.728e-7, 3.777e-9, 6.503e-7, 6.411e-7, -9.146e-9, 6.494e-7, 6.493e-7, -2.856e-12, 6.209e-7, 6.128e-7, -8.093e-9
0.324, 7.204e-7, 7.164e-7, -4.059e-9, 6.941e-7, 6.796e-7, -1.449e-8, 6.520e-7, 6.509e-7, -1.125e-9, 6.165e-7, 6.075e-7, -8.998e-9, 6.497e-7, 6.608e-7, 1.110e-8, 6.301e-7, 6.296e-7, -4.460e-10, 6.288e-7, 6.372e-7, 8.421e-9, 6.004e-7, 6.010e-7, 5.875e-10
0.328, 6.984e-7, 7.032e-7, 4.740e-9, 6.724e-7, 6.672e-7, -5.140e-9, 6.319e-7, 6.388e-7, 6.856e-9, 5.963e-7, 5.960e-7, -3.276e-10, 6.302e-7, 6.491e-7, 1.889e-8, 6.112e-7, 6.188e-7, 7.545e-9, 6.086e-7, 6.250e-7, 1.644e-8, 5.807e-7, 5.898e-7, 9.100e-9
0.332, 6.759e-7, 6.893e-7, 1.332e-8, 6.510e-7, 6.546e-7, 3.569e-9, 6.125e-7, 6.267e-7, 1.418e-8, 5.778e-7, 5.853e-7, 7.467e-9, 6.108e-7, 6.370e-7, 2.619e-8, 5.926e-7, 6.079e-7, 1.537e-8, 5.893e-7, 6.132e-7, 2.385e-8, 5.616e-7, 5.788e-7, 1.722e-8
0.336, 6.560e-7, 6.774e-7, 2.139e-8, 6.313e-7, 6.435e-7, 1.219e-8, 5.939e-7, 6.154e-7, 2.156e-8, 5.604e-7, 5.755e-7, 1.509e-8, 5.925e-7, 6.258e-7, 3.321e-8, 5.750e-7, 5.976e-7, 2.266e-8, 5.712e-7, 6.020e-7, 3.086e-8, 5.441e-7, 5.688e-7, 2.469e-8
0.340, 6.359e-7, 6.649e-7, 2.899e-8, 6.131e-7, 6.332e-7, 2.011e-8, 5.756e-7, 6.043e-7, 2.871e-8, 5.441e-7, 5.656e-7, 2.143e-8, 5.757e-7, 6.152e-7, 3.940e-8, 5.581e-7, 5.876e-7, 2.954e-8, 5.539e-7, 5.913e-7, 3.748e-8, 5.268e-7, 5.584e-7, 3.157e-8
0.344, 6.177e-7, 6.533e-7, 3.566e-8, 5.963e-7, 6.227e-7, 2.646e-8, 5.596e-7, 5.941e-7, 3.450e-8, 5.284e-7, 5.566e-7, 2.815e-8, 5.598e-7, 6.051e-7, 4.528e-8, 5.440e-7, 5.788e-7, 3.483e-8, 5.378e-7, 5.811e-7, 4.326e-8, 5.122e-7, 5.497e-7, 3.749e-8
0.348, 6.008e-7, 6.432e-7, 4.242e-8, 5.799e-7, 6.134e-7, 3.344e-8, 5.442e-7, 5.848e-7, 4.055e-8, 5.144e-7, 5.485e-7, 3.410e-8, 5.453e-7, 5.961e-7, 5.083e-8, 5.297e-7, 5.705e-7, 4.080e-8, 5.222e-7, 5.720e-7, 4.982e-8, 4.977e-7, 5.415e-7, 4.384e-8
0.352, 5.848e-7, 6.332e-7, 4.843e-8, 5.653e-7, 6.049e-7, 3.960e-8, 5.292e-7, 5.758e-7, 4.655e-8, 5.006e-7, 5.402e-7, 3.958e-8, 5.310e-7, 5.870e-7, 5.601e-8, 5.163e-7, 5.626e-7, 4.627e-8, 5.085e-7, 5.631e-7, 5.468e-8, 4.842e-7, 5.337e-7, 4.954e-8
0.356, 5.706e-7, 6.241e-7, 5.347e-8, 5.518e-7, 5.967e-7, 4.489e-8, 5.163e-7, 5.672e-7, 5.095e-8, 4.890e-7, 5.332e-7, 4.413e-8, 5.180e-7, 5.782e-7, 6.022e-8, 5.039e-7, 5.552e-7, 5.130e-8, 4.948e-7, 5.543e-7, 5.950e-8, 4.726e-7, 5.264e-7, 5.383e-8
0.360, 5.577e-7, 6.158e-7, 5.810e-8, 5.399e-7, 5.897e-7, 4.987e-8, 5.047e-7, 5.599e-7, 5.526e-8, 4.780e-7, 5.269e-7, 4.894e-8, 5.066e-7, 5.711e-7, 6.448e-8, 4.932e-7, 5.486e-7, 5.547e-8, 4.836e-7, 5.473e-7, 6.370e-8, 4.617e-7, 5.198e-7, 5.815e-8
0.364, 5.448e-7, 6.071e-7, 6.223e-8, 5.285e-7, 5.826e-7, 5.409e-8, 4.931e-7, 5.520e-7, 5.890e-8, 4.682e-7, 5.209e-7, 5.267e-8, 4.954e-7, 5.633e-7, 6.782e-8, 4.833e-7, 5.423e-7, 5.901e-8, 4.726e-7, 5.399e-7, 6.736e-8, 4.516e-7, 5.139e-7, 6.227e-8
0.368, 5.340e-7, 5.994e-7, 6.542e-8, 5.183e-7, 5.759e-7, 5.761e-8, 4.836e-7, 5.455e-7, 6.193e-8, 4.591e-7, 5.151e-7, 5.606e-8, 4.865e-7, 5.573e-7, 7.084e-8, 4.745e-7, 5.365e-7, 6.198e-8, 4.629e-7, 5.332e-7, 7.031e-8, 4.434e-7, 5.085e-7, 6.504e-8
0.372, 5.240e-7, 5.933e-7, 6.928e-8, 5.091e-7, 5.709e-7, 6.185e-8, 4.739e-7, 5.395e-7, 6.566e-8, 4.505e-7, 5.102e-7, 5.970e-8, 4.774e-7, 5.512e-7, 7.375e-8, 4.673e-7, 5.320e-7, 6.475e-8, 4.542e-7, 5.276e-7, 7.348e-8, 4.347e-7, 5.033e-7, 6.861e-8
0.376, 5.154e-7, 5.874e-7, 7.201e-8, 5.022e-7, 5.661e-7, 6.392e-8, 4.667e-7, 5.345e-7, 6.783e-8, 4.443e-7, 5.059e-7, 6.154e-8, 4.701e-7, 5.456e-7, 7.553e-8, 4.600e-7, 5.274e-7, 6.739e-8, 4.469e-7, 5.228e-7, 7.588e-8, 4.287e-7, 4.993e-7, 7.062e-8
0.380, 5.070e-7, 5.817e-7, 7.472e-8, 4.947e-7, 5.615e-7, 6.680e-8, 4.591e-7, 5.295e-7, 7.034e-8, 4.378e-7, 5.019e-7, 6.402e-8, 4.623e-7, 5.405e-7, 7.817e-8, 4.531e-7, 5.227e-7, 6.959e-8, 4.391e-7, 5.171e-7, 7.803e-8, 4.223e-7, 4.954e-7, 7.311e-8
0.384, 5.002e-7, 5.767e-7, 7.644e-8, 4.880e-7, 5.572e-7, 6.913e-8, 4.519e-7, 5.243e-7, 7.231e-8, 4.327e-7, 4.985e-7, 6.576e-8, 4.557e-7, 5.356e-7, 7.991e-8, 4.477e-7, 5.190e-7, 7.137e-8, 4.322e-7, 5.123e-7, 8.013e-8, 4.167e-7, 4.914e-7, 7.466e-8
0.388, 4.948e-7, 5.731e-7, 7.839e-8, 4.841e-7, 5.547e-7, 7.062e-8, 4.482e-7, 5.216e-7, 7.339e-8, 4.283e-7, 4.962e-7, 6.791e-8, 4.512e-7, 5.323e-7, 8.113e-8, 4.439e-7, 5.174e-7, 7.345e-8, 4.287e-7, 5.098e-7, 8.116e-8, 4.123e-7, 4.889e-7, 7.659e-8
0.392, 4.893e-7, 5.691e-7, 7.975e-8, 4.790e-7, 5.517e-7, 7.272e-8, 4.419e-7, 5.176e-7, 7.568e-8, 4.245e-7, 4.936e-7, 6.907e-8, 4.461e-7, 5.287e-7, 8.258e-8, 4.392e-7, 5.141e-7, 7.482e-8, 4.236e-7, 5.060e-7, 8.245e-8, 4.085e-7, 4.868e-7, 7.836e-8
0.396, 4.833e-7, 5.649e-7, 8.158e-8, 4.746e-7, 5.489e-7, 7.429e-8, 4.375e-7, 5.143e-7, 7.676e-8, 4.204e-7, 4.912e-7, 7.079e-8, 4.413e-7, 5.251e-7, 8.384e-8, 4.356e-7, 5.117e-7, 7.604e-8, 4.187e-7, 5.026e-7, 8.392e-8, 4.045e-7, 4.840e-7, 7.952e-8
0.400, 4.787e-7, 5.617e-7, 8.302e-8, 4.714e-7, 5.467e-7, 7.538e-8, 4.338e-7, 5.117e-7, 7.793e-8, 4.171e-7, 4.891e-7, 7.200e-8, 4.372e-7, 5.221e-7, 8.486e-8, 4.318e-7, 5.093e-7, 7.748e-8, 4.146e-7, 4.996e-7, 8.500e-8, 4.022e-7, 4.825e-7, 8.030e-8
0.404, 4.752e-7, 5.584e-7, 8.325e-8, 4.685e-7, 5.447e-7, 7.628e-8, 4.303e-7, 5.089e-7, 7.854e-8, 4.144e-7, 4.873e-7, 7.282e-8, 4.333e-7, 5.193e-7, 8.601e-8, 4.294e-7, 5.076e-7, 7.822e-8, 4.118e-7, 4.971e-7, 8.532e-8, 3.992e-7, 4.806e-7, 8.135e-8
0.408, 4.716e-7, 5.565e-7, 8.486e-8, 4.660e-7, 5.436e-7, 7.761e-8, 4.277e-7, 5.071e-7, 7.946e-8, 4.126e-7, 4.863e-7, 7.373e-8, 4.308e-7, 5.174e-7, 8.652e-8, 4.266e-7, 5.060e-7, 7.939e-8, 4.085e-7, 4.947e-7, 8.626e-8, 3.970e-7, 4.794e-7, 8.240e-8
0.412, 4.686e-7, 5.538e-7, 8.516e-8, 4.641e-7, 5.424e-7, 7.827e-8, 4.255e-7, 5.052e-7, 7.969e-8, 4.109e-7, 4.854e-7, 7.452e-8, 4.281e-7, 5.152e-7, 8.703e-8, 4.250e-7, 5.047e-7, 7.966e-8, 4.058e-7, 4.927e-7, 8.693e-8, 3.958e-7, 4.788e-7, 8.295e-8
0.416, 4.664e-7, 5.526e-7, 8.612e-8, 4.624e-7, 5.419e-7, 7.943e-8, 4.226e-7, 5.031e-7, 8.052e-8, 4.097e-7, 4.851e-7, 7.537e-8, 4.250e-7, 5.129e-7, 8.792e-8, 4.235e-7, 5.045e-7, 8.097e-8, 4.040e-7, 4.917e-7, 8.767e-8, 3.945e-7, 4.782e-7, 8.373e-8
0.420, 4.650e-7, 5.512e-7, 8.617e-8, 4.618e-7, 5.415e-7, 7.964e-8, 4.213e-7, 5.022e-7, 8.088e-8, 4.091e-7, 4.847e-7, 7.561e-8, 4.238e-7, 5.118e-7, 8.804e-8, 4.222e-7, 5.036e-7, 8.140e-8, 4.024e-7, 4.905e-7, 8.805e-8, 3.943e-7, 4.783e-7, 8.400e-8
0.424, 4.627e-7, 5.495e-7, 8.682e-8, 4.606e-7, 5.412e-7, 8.066e-8, 4.193e-7, 5.012e-7, 8.194e-8, 4.085e-7, 4.851e-7, 7.659e-8, 4.220e-7, 5.105e-7, 8.855e-8, 4.215e-7, 5.035e-7, 8.204e-8, 4.013e-7, 4.894e-7, 8.816e-8, 3.935e-7, 4.781e-7, 8.461e-8
0.428, 4.616e-7, 5.495e-7, 8.789e-8, 4.593e-7, 5.415e-7, 8.223e-8, 4.187e-7, 5.008e-7, 8.214e-8, 4.077e-7, 4.853e-7, 7.766e-8, 4.201e-7, 5.095e-7, 8.941e-8, 4.206e-7, 5.038e-7, 8.316e-8, 4.002e-7, 4.892e-7, 8.903e-8, 3.931e-7, 4.786e-7, 8.545e-8
0.432, 4.605e-7, 5.489e-7, 8.837e-8, 4.598e-7, 5.424e-7, 8.258e-8, 4.177e-7, 5.006e-7, 8.294e-8, 4.073e-7, 4.855e-7, 7.819e-8, 4.198e-7, 5.095e-7, 8.967e-8, 4.207e-7, 5.043e-7, 8.355e-8, 3.992e-7, 4.889e-7, 8.965e-8, 3.942e-7, 4.801e-7, 8.589e-8
0.436, 4.593e-7, 5.481e-7, 8.878e-8, 4.603e-7, 5.432e-7, 8.289e-8, 4.172e-7, 5.002e-7, 8.299e-8, 4.081e-7, 4.865e-7, 7.838e-8, 4.189e-7, 5.089e-7, 8.998e-8, 4.204e-7, 5.045e-7, 8.414e-8, 3.986e-7, 4.885e-7, 8.990e-8, 3.939e-7, 4.804e-7, 8.648e-8
0.440, 4.593e-7, 5.485e-7, 8.920e-8, 4.603e-7, 5.443e-7, 8.406e-8, 4.167e-7, 5.010e-7, 8.427e-8, 4.084e-7, 4.878e-7, 7.941e-8, 4.185e-7, 5.091e-7, 9.064e-8, 4.214e-7, 5.062e-7, 8.487e-8, 3.992e-7, 4.893e-7, 9.013e-8, 3.955e-7, 4.825e-7, 8.705e-8
0.444, 4.596e-7, 5.495e-7, 8.986e-8, 4.621e-7, 5.464e-7, 8.425e-8, 4.181e-7, 5.021e-7, 8.402e-8, 4.106e-7, 4.903e-7, 7.969e-8, 4.191e-7, 5.101e-7, 9.103e-8, 4.228e-7, 5.078e-7, 8.504e-8, 3.994e-7, 4.900e-7, 9.060e-8, 3.969e-7, 4.844e-7, 8.746e-8
0.448, 4.598e-7, 5.501e-7, 9.030e-8, 4.637e-7, 5.484e-7, 8.476e-8, 4.179e-7, 5.031e-7, 8.520e-8, 4.116e-7, 4.922e-7, 8.061e-8, 4.189e-7, 5.103e-7, 9.144e-8, 4.231e-7, 5.091e-7, 8.596e-8, 3.997e-7, 4.912e-7, 9.146e-8, 3.981e-7, 4.863e-7, 8.819e-8
0.452, 4.613e-7, 5.518e-7, 9.059e-8, 4.655e-7, 5.509e-7, 8.545e-8, 4.193e-7, 5.044e-7, 8.506e-8, 4.135e-7, 4.945e-7, 8.102e-8, 4.197e-7, 5.113e-7, 9.162e-8, 4.254e-7, 5.115e-7, 8.613e-8, 4.013e-7, 4.926e-7, 9.126e-8, 4.006e-7, 4.893e-7, 8.870e-8
0.456, 4.626e-7, 5.534e-7, 9.079e-8, 4.681e-7, 5.540e-7, 8.583e-8, 4.211e-7, 5.066e-7, 8.551e-8, 4.161e-7, 4.977e-7, 8.159e-8, 4.206e-7, 5.128e-7, 9.220e-8, 4.279e-7, 5.142e-7, 8.635e-8, 4.030e-7, 4.946e-7, 9.164e-8, 4.039e-7, 4.927e-7, 8.878e-8
0.460, 4.633e-7, 5.553e-7, 9.197e-8, 4.694e-7, 5.569e-7, 8.749e-8, 4.225e-7, 5.088e-7, 8.631e-8, 4.181e-7, 5.008e-7, 8.271e-8, 4.214e-7, 5.145e-7, 9.308e-8, 4.292e-7, 5.171e-7, 8.787e-8, 4.043e-7, 4.967e-7, 9.242e-8, 4.062e-7, 4.960e-7, 8.974e-8
0.464, 4.660e-7, 5.582e-7, 9.229e-8, 4.727e-7, 5.608e-7, 8.813e-8, 4.245e-7, 5.116e-7, 8.716e-8, 4.215e-7, 5.051e-7, 8.351e-8, 4.236e-7, 5.171e-7, 9.350e-8, 4.325e-7, 5.206e-7, 8.813e-8, 4.067e-7, 4.995e-7, 9.283e-8, 4.097e-7, 5.002e-7, 9.057e-8
0.468, 4.677e-7, 5.604e-7, 9.277e-8, 4.766e-7, 5.649e-7, 8.836e-8, 4.271e-7, 5.140e-7, 8.687e-8, 4.243e-7, 5.083e-7, 8.391e-8, 4.263e-7, 5.194e-7, 9.301e-8, 4.359e-7, 5.245e-7, 8.855e-8, 4.093e-7, 5.024e-7, 9.315e-8, 4.129e-7, 5.042e-7, 9.131e-8
0.472, 4.711e-7, 5.649e-7, 9.386e-8, 4.816e-7, 5.709e-7, 8.934e-8, 4.301e-7, 5.188e-7, 8.873e-8, 4.288e-7, 5.138e-7, 8.502e-8, 4.286e-7, 5.233e-7, 9.466e-8, 4.395e-7, 5.295e-7, 8.997e-8, 4.128e-7, 5.070e-7, 9.419e-8, 4.181e-7, 5.102e-7, 9.213e-8
0.476, 4.737e-7, 5.678e-7, 9.408e-8, 4.847e-7, 5.755e-7, 9.082e-8, 4.333e-7, 5.225e-7, 8.918e-8, 4.327e-7, 5.185e-7, 8.587e-8, 4.308e-7, 5.264e-7, 9.562e-8, 4.436e-7, 5.340e-7, 9.041e-8, 4.157e-7, 5.102e-7, 9.449e-8, 4.218e-7, 5.148e-7, 9.305e-8
0.480, 4.779e-7, 5.728e-7, 9.490e-8, 4.901e-7, 5.818e-7, 9.165e-8, 4.373e-7, 5.273e-7, 8.991e-8, 4.380e-7, 5.247e-7, 8.667e-8, 4.352e-7, 5.309e-7, 9.564e-8, 4.486e-7, 5.399e-7, 9.132e-8, 4.206e-7, 5.158e-7, 9.518e-8, 4.277e-7, 5.216e-7, 9.387e-8
0.484, 4.821e-7, 5.778e-7, 9.567e-8, 4.955e-7, 5.881e-7, 9.255e-8, 4.411e-7, 5.319e-7, 9.076e-8, 4.426e-7, 5.303e-7, 8.771e-8, 4.385e-7, 5.350e-7, 9.652e-8, 4.527e-7, 5.453e-7, 9.262e-8, 4.244e-7, 5.203e-7, 9.594e-8, 4.328e-7, 5.279e-7, 9.506e-8
0.488, 4.866e-7, 5.833e-7, 9.671e-8, 5.012e-7, 5.950e-7, 9.384e-8, 4.466e-7, 5.381e-7, 9.155e-8, 4.480e-7, 5.372e-7, 8.920e-8, 4.433e-7, 5.407e-7, 9.743e-8, 4.587e-7, 5.520e-7, 9.325e-8, 4.291e-7, 5.263e-7, 9.722e-8, 4.389e-7, 5.349e-7, 9.599e-8
0.492, 4.910e-7, 5.893e-7, 9.835e-8, 5.070e-7, 6.023e-7, 9.524e-8, 4.510e-7, 5.441e-7, 9.307e-8, 4.538e-7, 5.441e-7, 9.032e-8, 4.474e-7, 5.455e-7, 9.810e-8, 4.634e-7, 5.582e-7, 9.481e-8, 4.341e-7, 5.322e-7, 9.802e-8, 4.446e-7, 5.421e-7, 9.748e-8
0.496, 4.969e-7, 5.959e-7, 9.900e-8, 5.131e-7, 6.099e-7, 9.681e-8, 4.559e-7, 5.504e-7, 9.452e-8, 4.600e-7, 5.519e-7, 9.186e-8, 4.521e-7, 5.517e-7, 9.957e-8, 4.699e-7, 5.660e-7, 9.607e-8, 4.396e-7, 5.386e-7, 9.907e-8, 4.516e-7, 5.501e-7, 9.853e-8
0.500, 5.020e-7, 6.023e-7, 1.003e-7, 5.202e-7, 6.183e-7, 9.808e-8, 4.621e-7, 5.574e-7, 9.531e-8, 4.666e-7, 5.597e-7, 9.306e-8, 4.566e-7, 5.574e-7, 1.008e-7, 4.763e-7, 5.738e-7, 9.753e-8, 4.450e-7, 5.455e-7, 1.004e-7, 4.577e-7, 5.582e-7, 1.004e-7
0.504, 5.077e-7, 6.098e-7, 1.021e-7, 5.265e-7, 6.267e-7, 1.001e-7, 4.669e-7, 5.641e-7, 9.723e-8, 4.731e-7, 5.680e-7, 9.489e-8, 4.626e-7, 5.645e-7, 1.018e-7, 4.826e-7, 5.817e-7, 9.911e-8, 4.506e-7, 5.523e-7, 1.017e-7, 4.651e-7, 5.669e-7, 1.019e-7
0.508, 5.134e-7, 6.172e-7, 1.038e-7, 5.338e-7, 6.359e-7, 1.021e-7, 4.734e-7, 5.719e-7, 9.849e-8, 4.794e-7, 5.762e-7, 9.679e-8, 4.679e-7, 5.714e-7, 1.035e-7, 4.890e-7, 5.900e-7, 1.010e-7, 4.571e-7, 5.602e-7, 1.031e-7, 4.716e-7, 5.755e-7, 1.039e-7
0.512, 5.198e-7, 6.250e-7, 1.052e-7, 5.404e-7, 6.448e-7, 1.044e-7, 4.790e-7, 5.799e-7, 1.009e-7, 4.860e-7, 5.849e-7, 9.893e-8, 4.733e-7, 5.788e-7, 1.055e-7, 4.960e-7, 5.989e-7, 1.030e-7, 4.626e-7, 5.675e-7, 1.049e-7, 4.783e-7, 5.844e-7, 1.061e-7
0.516, 5.250e-7, 6.329e-7, 1.078e-7, 5.479e-7, 6.545e-7, 1.067e-7, 4.853e-7, 5.880e-7, 1.027e-7, 4.933e-7, 5.943e-7, 1.011e-7, 4.796e-7, 5.868e-7, 1.073e-7, 5.030e-7, 6.079e-7, 1.049e-7, 4.687e-7, 5.756e-7, 1.069e-7, 4.853e-7, 5.936e-7, 1.083e-7
0.520, 5.317e-7, 6.413e-7, 1.096e-7, 5.548e-7, 6.639e-7, 1.090e-7, 4.912e-7, 5.958e-7, 1.046e-7, 5.001e-7, 6.032e-7, 1.031e-7, 4.861e-7, 5.948e-7, 1.086e-7, 5.097e-7, 6.165e-7, 1.068e-7, 4.742e-7, 5.834e-7, 1.092e-7, 4.921e-7, 6.029e-7, 1.108e-7
0.524, 5.370e-7, 6.489e-7, 1.120e-7, 5.615e-7, 6.735e-7, 1.120e-7, 4.958e-7, 6.035e-7, 1.077e-7, 5.055e-7, 6.114e-7, 1.059e-7, 4.907e-7, 6.018e-7, 1.111e-7, 5.152e-7, 6.251e-7, 1.099e-7, 4.796e-7, 5.909e-7, 1.112e-7, 4.981e-7, 6.114e-7, 1.133e-7
0.528, 5.429e-7, 6.577e-7, 1.148e-7, 5.686e-7, 6.829e-7, 1.144e-7, 5.018e-7, 6.120e-7, 1.102e-7, 5.123e-7, 6.208e-7, 1.085e-7, 4.965e-7, 6.100e-7, 1.135e-7, 5.220e-7, 6.346e-7, 1.125e-7, 4.855e-7, 5.992e-7, 1.137e-7, 5.043e-7, 6.202e-7, 1.159e-7
0.532, 5.491e-7, 6.662e-7, 1.171e-7, 5.738e-7, 6.920e-7, 1.182e-7, 5.068e-7, 6.195e-7, 1.127e-7, 5.183e-7, 6.296e-7, 1.113e-7, 5.011e-7, 6.170e-7, 1.159e-7, 5.275e-7, 6.427e-7, 1.152e-7, 4.900e-7, 6.063e-7, 1.163e-7, 5.096e-7, 6.288e-7, 1.192e-7
0.536, 5.533e-7, 6.734e-7, 1.202e-7, 5.800e-7, 7.011e-7, 1.211e-7, 5.112e-7, 6.271e-7, 1.159e-7, 5.233e-7, 6.378e-7, 1.145e-7, 5.069e-7, 6.254e-7, 1.185e-7, 5.327e-7, 6.511e-7, 1.184e-7, 4.953e-7, 6.139e-7, 1.186e-7, 5.142e-7, 6.364e-7, 1.222e-7
0.540, 5.574e-7, 6.808e-7, 1.235e-7, 5.849e-7, 7.092e-7, 1.243e-7, 5.152e-7, 6.338e-7, 1.186e-7, 5.283e-7, 6.457e-7, 1.175e-7, 5.104e-7, 6.320e-7, 1.216e-7, 5.375e-7, 6.593e-7, 1.218e-7, 4.979e-7, 6.201e-7, 1.223e-7, 5.181e-7, 6.433e-7, 1.253e-7
0.544, 5.610e-7, 6.877e-7, 1.267e-7, 5.886e-7, 7.164e-7, 1.277e-7, 5.192e-7, 6.409e-7, 1.217e-7, 5.315e-7, 6.525e-7, 1.210e-7, 5.136e-7, 6.383e-7, 1.247e-7, 5.417e-7, 6.665e-7, 1.248e-7, 5.014e-7, 6.267e-7, 1.253e-7, 5.223e-7, 6.510e-7, 1.287e-7
0.548, 5.644e-7, 6.944e-7, 1.300e-7, 5.928e-7, 7.241e-7, 1.313e-7, 5.215e-7, 6.464e-7, 1.249e-7, 5.353e-7, 6.597e-7, 1.244e-7, 5.176e-7, 6.448e-7, 1.272e-7, 5.455e-7, 6.735e-7, 1.281e-7, 5.045e-7, 6.326e-7, 1.281e-7, 5.247e-7, 6.566e-7, 1.319e-7
0.552, 5.669e-7, 7.001e-7, 1.332e-7, 5.951e-7, 7.304e-7, 1.353e-7, 5.237e-7, 6.523e-7, 1.286e-7, 5.377e-7, 6.658e-7, 1.281e-7, 5.192e-7, 6.505e-7, 1.313e-7, 5.480e-7, 6.796e-7, 1.316e-7, 5.056e-7, 6.370e-7, 1.313e-7, 5.267e-7, 6.621e-7, 1.353e-7
0.556, 5.679e-7, 7.051e-7, 1.372e-7, 5.965e-7, 7.360e-7, 1.395e-7, 5.246e-7, 6.569e-7, 1.323e-7, 5.384e-7, 6.701e-7, 1.318e-7, 5.208e-7, 6.551e-7, 1.343e-7, 5.491e-7, 6.850e-7, 1.360e-7, 5.058e-7, 6.411e-7, 1.353e-7, 5.269e-7, 6.663e-7, 1.394e-7
0.560, 5.682e-7, 7.094e-7, 1.412e-7, 5.970e-7, 7.407e-7, 1.438e-7, 5.246e-7, 6.606e-7, 1.359e-7, 5.393e-7, 6.752e-7, 1.359e-7, 5.221e-7, 6.600e-7, 1.380e-7, 5.506e-7, 6.900e-7, 1.395e-7, 5.065e-7, 6.451e-7, 1.386e-7, 5.266e-7, 6.698e-7, 1.432e-7
0.564, 5.678e-7, 7.129e-7, 1.451e-7, 5.966e-7, 7.444e-7, 1.479e-7, 5.247e-7, 6.641e-7, 1.393e-7, 5.383e-7, 6.781e-7, 1.399e-7, 5.221e-7, 6.635e-7, 1.414e-7, 5.505e-7, 6.941e-7, 1.435e-7, 5.051e-7, 6.474e-7, 1.423e-7, 5.262e-7, 6.731e-7, 1.470e-7
0.568, 5.671e-7, 7.158e-7, 1.487e-7, 5.961e-7, 7.479e-7, 1.518e-7, 5.232e-7, 6.667e-7, 1.435e-7, 5.383e-7, 6.815e-7, 1.432e-7, 5.220e-7, 6.669e-7, 1.449e-7, 5.502e-7, 6.974e-7, 1.472e-7, 5.041e-7, 6.498e-7, 1.457e-7, 5.246e-7, 6.755e-7, 1.509e-7
0.572, 5.646e-7, 7.179e-7, 1.533e-7, 5.934e-7, 7.500e-7, 1.566e-7, 5.204e-7, 6.680e-7, 1.476e-7, 5.352e-7, 6.834e-7, 1.482e-7, 5.188e-7, 6.684e-7, 1.496e-7, 5.478e-7, 6.991e-7, 1.513e-7, 5.008e-7, 6.509e-7, 1.501e-7, 5.206e-7, 6.758e-7, 1.553e-7
0.576, 5.616e-7, 7.192e-7, 1.576e-7, 5.901e-7, 7.515e-7, 1.613e-7, 5.169e-7, 6.689e-7, 1.520e-7, 5.328e-7, 6.847e-7, 1.519e-7, 5.165e-7, 6.698e-7, 1.533e-7, 5.451e-7, 7.007e-7, 1.556e-7, 4.980e-7, 6.517e-7, 1.537e-7, 5.174e-7, 6.765e-7, 1.591e-7
0.580, 5.587e-7, 7.200e-7, 1.614e-7, 5.876e-7, 7.524e-7, 1.648e-7, 5.139e-7, 6.697e-7, 1.558e-7, 5.294e-7, 6.850e-7, 1.556e-7, 5.142e-7, 6.711e-7, 1.569e-7, 5.421e-7, 7.016e-7, 1.596e-7, 4.945e-7, 6.517e-7, 1.573e-7, 5.137e-7, 6.765e-7, 1.628e-7
0.584, 5.545e-7, 7.202e-7, 1.656e-7, 5.834e-7, 7.527e-7, 1.693e-7, 5.102e-7, 6.696e-7, 1.595e-7, 5.254e-7, 6.854e-7, 1.600e-7, 5.108e-7, 6.716e-7, 1.607e-7, 5.382e-7, 7.018e-7, 1.636e-7, 4.904e-7, 6.514e-7, 1.610e-7, 5.094e-7, 6.762e-7, 1.667e-7
0.588, 5.498e-7, 7.194e-7, 1.696e-7, 5.786e-7, 7.519e-7, 1.733e-7, 5.050e-7, 6.680e-7, 1.629e-7, 5.213e-7, 6.848e-7, 1.635e-7, 5.057e-7, 6.702e-7, 1.645e-7, 5.338e-7, 7.013e-7, 1.675e-7, 4.855e-7, 6.503e-7, 1.649e-7, 5.037e-7, 6.744e-7, 1.706e-7
0.592, 5.448e-7, 7.190e-7, 1.742e-7, 5.729e-7, 7.510e-7, 1.782e-7, 4.997e-7, 6.672e-7, 1.675e-7, 5.159e-7, 6.833e-7, 1.673e-7, 5.015e-7, 6.701e-7, 1.686e-7, 5.287e-7, 7.006e-7, 1.718e-7, 4.801e-7, 6.492e-7, 1.691e-7, 4.987e-7, 6.733e-7, 1.747e-7
0.596, 5.397e-7, 7.176e-7, 1.779e-7, 5.683e-7, 7.500e-7, 1.817e-7, 4.950e-7, 6.658e-7, 1.709e-7, 5.109e-7, 6.822e-7, 1.713e-7, 4.970e-7, 6.689e-7, 1.719e-7, 5.239e-7, 6.992e-7, 1.753e-7, 4.752e-7, 6.472e-7, 1.720e-7, 4.935e-7, 6.714e-7, 1.779e-7
0.600, 5.339e-7, 7.156e-7, 1.817e-7, 5.629e-7, 7.486e-7, 1.857e-7, 4.893e-7, 6.640e-7, 1.748e-7, 5.054e-7, 6.805e-7, 1.751e-7, 4.915e-7, 6.675e-7, 1.761e-7, 5.183e-7, 6.976e-7, 1.794e-7, 4.701e-7, 6.459e-7, 1.758e-7, 4.874e-7, 6.692e-7, 1.818e-7
0.604, 5.275e-7, 7.138e-7, 1.863e-7, 5.561e-7, 7.461e-7, 1.900e-7, 4.836e-7, 6.621e-7, 1.785e-7, 4.993e-7, 6.784e-7, 1.791e-7, 4.859e-7, 6.656e-7, 1.797e-7, 5.125e-7, 6.956e-7, 1.831e-7, 4.636e-7, 6.433e-7, 1.796e-7, 4.819e-7, 6.671e-7, 1.852e-7
0.608, 5.233e-7, 7.125e-7, 1.892e-7, 5.509e-7, 7.445e-7, 1.936e-7, 4.784e-7, 6.599e-7, 1.816e-7, 4.941e-7, 6.767e-7, 1.827e-7, 4.798e-7, 6.633e-7, 1.835e-7, 5.065e-7, 6.934e-7, 1.869e-7, 4.582e-7, 6.413e-7, 1.830e-7, 4.758e-7, 6.647e-7, 1.889e-7
0.612, 5.180e-7, 7.105e-7, 1.926e-7, 5.454e-7, 7.428e-7, 1.974e-7, 4.730e-7, 6.582e-7, 1.852e-7, 4.887e-7, 6.744e-7, 1.858e-7, 4.749e-7, 6.614e-7, 1.865e-7, 5.010e-7, 6.913e-7, 1.903e-7, 4.528e-7, 6.388e-7, 1.860e-7, 4.705e-7, 6.623e-7, 1.918e-7
0.616, 5.116e-7, 7.080e-7, 1.964e-7, 5.398e-7, 7.405e-7, 2.007e-7, 4.663e-7, 6.553e-7, 1.890e-7, 4.822e-7, 6.716e-7, 1.894e-7, 4.691e-7, 6.593e-7, 1.902e-7, 4.956e-7, 6.892e-7, 1.936e-7, 4.476e-7, 6.367e-7, 1.891e-7, 4.658e-7, 6.606e-7, 1.948e-7
0.620, 5.058e-7, 7.057e-7, 1.999e-7, 5.339e-7, 7.377e-7, 2.038e-7, 4.612e-7, 6.531e-7, 1.920e-7, 4.770e-7, 6.695e-7, 1.926e-7, 4.637e-7, 6.567e-7, 1.931e-7, 4.896e-7, 6.867e-7, 1.970e-7, 4.422e-7, 6.343e-7, 1.921e-7, 4.593e-7, 6.571e-7, 1.979e-7
0.624, 5.008e-7, 7.035e-7, 2.027e-7, 5.286e-7, 7.358e-7, 2.072e-7, 4.561e-7, 6.508e-7, 1.947e-7, 4.724e-7, 6.677e-7, 1.953e-7, 4.590e-7, 6.548e-7, 1.958e-7, 4.851e-7, 6.845e-7, 1.994e-7, 4.373e-7, 6.322e-7, 1.949e-7, 4.548e-7, 6.551e-7, 2.003e-7
0.628, 4.963e-7, 7.017e-7, 2.054e-7, 5.247e-7, 7.341e-7, 2.093e-7, 4.513e-7, 6.484e-7, 1.971e-7, 4.678e-7, 6.652e-7, 1.975e-7, 4.541e-7, 6.523e-7, 1.982e-7, 4.797e-7, 6.818e-7, 2.021e-7, 4.330e-7, 6.303e-7, 1.973e-7, 4.503e-7, 6.529e-7, 2.026e-7
0.632, 4.920e-7, 7.002e-7, 2.082e-7, 5.201e-7, 7.329e-7, 2.128e-7, 4.467e-7, 6.466e-7, 1.999e-7, 4.631e-7, 6.632e-7, 2.001e-7, 4.489e-7, 6.504e-7, 2.015e-7, 4.756e-7, 6.804e-7, 2.048e-7, 4.287e-7, 6.287e-7, 2.000e-7, 4.465e-7, 6.516e-7, 2.051e-7
0.636, 4.876e-7, 6.983e-7, 2.107e-7, 5.159e-7, 7.307e-7, 2.148e-7, 4.433e-7, 6.452e-7, 2.019e-7, 4.595e-7, 6.616e-7, 2.021e-7, 4.453e-7, 6.488e-7, 2.036e-7, 4.711e-7, 6.783e-7, 2.072e-7, 4.250e-7, 6.272e-7, 2.022e-7, 4.429e-7, 6.501e-7, 2.072e-7
0.640, 4.835e-7, 6.968e-7, 2.133e-7, 5.121e-7, 7.292e-7, 2.170e-7, 4.391e-7, 6.432e-7, 2.041e-7, 4.548e-7, 6.596e-7, 2.047e-7, 4.410e-7, 6.475e-7, 2.065e-7, 4.671e-7, 6.768e-7, 2.097e-7, 4.209e-7, 6.257e-7, 2.048e-7, 4.385e-7, 6.480e-7, 2.095e-7
0.644, 4.799e-7, 6.958e-7, 2.159e-7, 5.092e-7, 7.280e-7, 2.188e-7, 4.355e-7, 6.422e-7, 2.067e-7, 4.520e-7, 6.587e-7, 2.067e-7, 4.375e-7, 6.456e-7, 2.081e-7, 4.632e-7, 6.749e-7, 2.117e-7, 4.178e-7, 6.243e-7, 2.065e-7, 4.358e-7, 6.469e-7, 2.111e-7
0.648, 4.774e-7, 6.949e-7, 2.175e-7, 5.059e-7, 7.276e-7, 2.217e-7, 4.332e-7, 6.413e-7, 2.081e-7, 4.495e-7, 6.580e-7, 2.086e-7, 4.349e-7, 6.448e-7, 2.099e-7, 4.602e-7, 6.737e-7, 2.136e-7, 4.154e-7, 6.240e-7, 2.086e-7, 4.330e-7, 6.464e-7, 2.134e-7
0.652, 4.749e-7, 6.943e-7, 2.194e-7, 5.037e-7, 7.267e-7, 2.230e-7, 4.307e-7, 6.403e-7, 2.096e-7, 4.468e-7, 6.568e-7, 2.100e-7, 4.318e-7, 6.438e-7, 2.121e-7, 4.584e-7, 6.734e-7, 2.150e-7, 4.129e-7, 6.230e-7, 2.100e-7, 4.315e-7, 6.459e-7, 2.144e-7
0.656, 4.726e-7, 6.940e-7, 2.214e-7, 5.014e-7, 7.265e-7, 2.251e-7, 4.286e-7, 6.401e-7, 2.114e-7, 4.443e-7, 6.562e-7, 2.119e-7, 4.291e-7, 6.431e-7, 2.140e-7, 4.560e-7, 6.726e-7, 2.166e-7, 4.115e-7, 6.229e-7, 2.114e-7, 4.296e-7, 6.453e-7, 2.157e-7
0.660, 4.716e-7, 6.943e-7, 2.227e-7, 5.003e-7, 7.266e-7, 2.263e-7, 4.270e-7, 6.398e-7, 2.128e-7, 4.429e-7, 6.560e-7, 2.130e-7, 4.274e-7, 6.432e-7, 2.157e-7, 4.549e-7, 6.728e-7, 2.179e-7, 4.108e-7, 6.234e-7, 2.126e-7, 4.286e-7, 6.454e-7, 2.168e-7
0.664, 4.707e-7, 6.948e-7, 2.241e-7, 4.992e-7, 7.268e-7, 2.276e-7, 4.266e-7, 6.407e-7, 2.140e-7, 4.420e-7, 6.565e-7, 2.145e-7, 4.270e-7, 6.432e-7, 2.163e-7, 4.534e-7, 6.728e-7, 2.194e-7, 4.094e-7, 6.235e-7, 2.141e-7, 4.278e-7, 6.458e-7, 2.180e-7
0.668, 4.702e-7, 6.960e-7, 2.258e-7, 4.994e-7, 7.283e-7, 2.289e-7, 4.258e-7, 6.415e-7, 2.156e-7, 4.408e-7, 6.566e-7, 2.158e-7, 4.261e-7, 6.441e-7, 2.181e-7, 4.526e-7, 6.732e-7, 2.206e-7, 4.092e-7, 6.248e-7, 2.157e-7, 4.277e-7, 6.467e-7, 2.189e-7
0.672, 4.703e-7, 6.971e-7, 2.268e-7, 4.993e-7, 7.298e-7, 2.305e-7, 4.250e-7, 6.419e-7, 2.169e-7, 4.413e-7, 6.578e-7, 2.165e-7, 4.244e-7, 6.441e-7, 2.197e-7, 4.521e-7, 6.737e-7, 2.216e-7, 4.093e-7, 6.260e-7, 2.167e-7, 4.272e-7, 6.478e-7, 2.206e-7
0.676, 4.704e-7, 6.987e-7, 2.283e-7, 4.998e-7, 7.311e-7, 2.313e-7, 4.259e-7, 6.436e-7, 2.177e-7, 4.411e-7, 6.589e-7, 2.178e-7, 4.255e-7, 6.455e-7, 2.200e-7, 4.528e-7, 6.752e-7, 2.223e-7, 4.094e-7, 6.274e-7, 2.179e-7, 4.287e-7, 6.494e-7, 2.207e-7
0.680, 4.712e-7, 7.009e-7, 2.297e-7, 5.002e-7, 7.328e-7, 2.327e-7, 4.262e-7, 6.454e-7, 2.192e-7, 4.421e-7, 6.607e-7, 2.186e-7, 4.251e-7, 6.469e-7, 2.218e-7, 4.527e-7, 6.767e-7, 2.240e-7, 4.098e-7, 6.290e-7, 2.192e-7, 4.291e-7, 6.511e-7, 2.221e-7
0.684, 4.727e-7, 7.037e-7, 2.310e-7, 5.022e-7, 7.359e-7, 2.337e-7, 4.285e-7, 6.485e-7, 2.199e-7, 4.430e-7, 6.629e-7, 2.199e-7, 4.262e-7, 6.491e-7, 2.229e-7, 4.538e-7, 6.785e-7, 2.247e-7, 4.112e-7, 6.314e-7, 2.202e-7, 4.304e-7, 6.535e-7, 2.231e-7
0.688, 4.752e-7, 7.069e-7, 2.317e-7, 5.048e-7, 7.391e-7, 2.342e-7, 4.300e-7, 6.505e-7, 2.206e-7, 4.451e-7, 6.655e-7, 2.204e-7, 4.285e-7, 6.520e-7, 2.235e-7, 4.561e-7, 6.813e-7, 2.251e-7, 4.134e-7, 6.343e-7, 2.209e-7, 4.330e-7, 6.562e-7, 2.232e-7
0.692, 4.772e-7, 7.100e-7, 2.328e-7, 5.075e-7, 7.424e-7, 2.349e-7, 4.324e-7, 6.541e-7, 2.217e-7, 4.474e-7, 6.686e-7, 2.212e-7, 4.305e-7, 6.547e-7, 2.242e-7, 4.576e-7, 6.839e-7, 2.263e-7, 4.157e-7, 6.377e-7, 2.220e-7, 4.358e-7, 6.601e-7, 2.242e-7
0.696, 4.814e-7, 7.152e-7, 2.337e-7, 5.105e-7, 7.469e-7, 2.364e-7, 4.355e-7, 6.583e-7, 2.229e-7, 4.498e-7, 6.720e-7, 2.222e-7, 4.328e-7, 6.584e-7, 2.256e-7, 4.612e-7, 6.881e-7, 2.269e-7, 4.187e-7, 6.416e-7, 2.229e-7, 4.387e-7, 6.639e-7, 2.251e-7
0.700, 4.850e-7, 7.196e-7, 2.346e-7, 5.148e-7, 7.520e-7, 2.371e-7, 4.394e-7, 6.629e-7, 2.236e-7, 4.529e-7, 6.760e-7, 2.231e-7, 4.362e-7, 6.626e-7, 2.264e-7, 4.643e-7, 6.921e-7, 2.277e-7, 4.225e-7, 6.461e-7, 2.236e-7, 4.421e-7, 6.681e-7, 2.260e-7
0.704, 4.895e-7, 7.253e-7, 2.358e-7, 5.189e-7, 7.571e-7, 2.382e-7, 4.431e-7, 6.679e-7, 2.248e-7, 4.568e-7, 6.808e-7, 2.240e-7, 4.397e-7, 6.671e-7, 2.274e-7, 4.679e-7, 6.965e-7, 2.286e-7, 4.268e-7, 6.513e-7, 2.245e-7, 4.457e-7, 6.729e-7, 2.272e-7
0.708, 4.945e-7, 7.310e-7, 2.365e-7, 5.245e-7, 7.633e-7, 2.389e-7, 4.484e-7, 6.739e-7, 2.255e-7, 4.616e-7, 6.863e-7, 2.248e-7, 4.446e-7, 6.730e-7, 2.284e-7, 4.726e-7, 7.018e-7, 2.291e-7, 4.317e-7, 6.573e-7, 2.256e-7, 4.510e-7, 6.786e-7, 2.275e-7
0.712, 5.018e-7, 7.392e-7, 2.374e-7, 5.303e-7, 7.701e-7, 2.398e-7, 4.541e-7, 6.805e-7, 2.264e-7, 4.679e-7, 6.927e-7, 2.248e-7, 4.498e-7, 6.787e-7, 2.290e-7, 4.781e-7, 7.080e-7, 2.298e-7, 4.380e-7, 6.641e-7, 2.261e-7, 4.566e-7, 6.852e-7, 2.286e-7
0.716, 5.082e-7, 7.469e-7, 2.387e-7, 5.367e-7, 7.777e-7, 2.410e-7, 4.601e-7, 6.878e-7, 2.277e-7, 4.727e-7, 6.991e-7, 2.263e-7, 4.560e-7, 6.858e-7, 2.298e-7, 4.833e-7, 7.146e-7, 2.313e-7, 4.439e-7, 6.712e-7, 2.272e-7, 4.624e-7, 6.918e-7, 2.295e-7
0.720, 5.162e-7, 7.561e-7, 2.399e-7, 5.444e-7, 7.863e-7, 2.418e-7, 4.681e-7, 6.966e-7, 2.285e-7, 4.798e-7, 7.068e-7, 2.270e-7, 4.617e-7, 6.931e-7, 2.315e-7, 4.897e-7, 7.221e-7, 2.323e-7, 4.509e-7, 6.792e-7, 2.284e-7, 4.696e-7, 6.999e-7, 2.302e-7
0.724, 5.255e-7, 7.663e-7, 2.408e-7, 5.531e-7, 7.959e-7, 2.428e-7, 4.764e-7, 7.058e-7, 2.294e-7, 4.867e-7, 7.151e-7, 2.284e-7, 4.700e-7, 7.022e-7, 2.322e-7, 4.973e-7, 7.303e-7, 2.330e-7, 4.596e-7, 6.894e-7, 2.298e-7, 4.775e-7, 7.089e-7, 2.314e-7
0.728, 5.359e-7, 7.776e-7, 2.416e-7, 5.624e-7, 8.068e-7, 2.444e-7, 4.854e-7, 7.160e-7, 2.305e-7, 4.951e-7, 7.245e-7, 2.293e-7, 4.787e-7, 7.120e-7, 2.333e-7, 5.054e-7, 7.393e-7, 2.339e-7, 4.680e-7, 6.991e-7, 2.311e-7, 4.859e-7, 7.182e-7, 2.324e-7
0.732, 5.476e-7, 7.907e-7, 2.431e-7, 5.727e-7, 8.183e-7, 2.456e-7, 4.959e-7, 7.278e-7, 2.319e-7, 5.041e-7, 7.352e-7, 2.311e-7, 4.887e-7, 7.232e-7, 2.345e-7, 5.147e-7, 7.497e-7, 2.351e-7, 4.787e-7, 7.107e-7, 2.321e-7, 4.949e-7, 7.288e-7, 2.339e-7
0.736, 5.605e-7, 8.053e-7, 2.448e-7, 5.854e-7, 8.321e-7, 2.467e-7, 5.089e-7, 7.420e-7, 2.331e-7, 5.153e-7, 7.472e-7, 2.320e-7, 5.003e-7, 7.357e-7, 2.355e-7, 5.251e-7, 7.615e-7, 2.364e-7, 4.901e-7, 7.237e-7, 2.336e-7, 5.059e-7, 7.411e-7, 2.352e-7
0.740, 5.740e-7, 8.203e-7, 2.463e-7, 5.977e-7, 8.463e-7, 2.486e-7, 5.211e-7, 7.563e-7, 2.352e-7, 5.256e-7, 7.591e-7, 2.335e-7, 5.120e-7, 7.494e-7, 2.374e-7, 5.351e-7, 7.732e-7, 2.381e-7, 5.036e-7, 7.381e-7, 2.346e-7, 5.177e-7, 7.543e-7, 2.366e-7
0.744, 5.903e-7, 8.383e-7, 2.480e-7, 6.123e-7, 8.622e-7, 2.499e-7, 5.365e-7, 7.734e-7, 2.368e-7, 5.390e-7, 7.743e-7, 2.353e-7, 5.259e-7, 7.649e-7, 2.390e-7, 5.482e-7, 7.879e-7, 2.398e-7, 5.173e-7, 7.541e-7, 2.368e-7, 5.301e-7, 7.689e-7, 2.388e-7
0.748, 6.074e-7, 8.573e-7, 2.498e-7, 6.264e-7, 8.789e-7, 2.525e-7, 5.517e-7, 7.907e-7, 2.389e-7, 5.525e-7, 7.897e-7, 2.372e-7, 5.404e-7, 7.815e-7, 2.411e-7, 5.606e-7, 8.027e-7, 2.420e-7, 5.338e-7, 7.720e-7, 2.383e-7, 5.440e-7, 7.844e-7, 2.404e-7
0.752, 6.280e-7, 8.796e-7, 2.516e-7, 6.444e-7, 8.988e-7, 2.544e-7, 5.704e-7, 8.110e-7, 2.406e-7, 5.682e-7, 8.073e-7, 2.391e-7, 5.581e-7, 8.009e-7, 2.429e-7, 5.761e-7, 8.198e-7, 2.437e-7, 5.514e-7, 7.921e-7, 2.407e-7, 5.600e-7, 8.024e-7, 2.423e-7
0.756, 6.497e-7, 9.037e-7, 2.540e-7, 6.635e-7, 9.203e-7, 2.567e-7, 5.912e-7, 8.340e-7, 2.428e-7, 5.858e-7, 8.268e-7, 2.410e-7, 5.775e-7, 8.222e-7, 2.447e-7, 5.930e-7, 8.390e-7, 2.460e-7, 5.706e-7, 8.139e-7, 2.433e-7, 5.772e-7, 8.220e-7, 2.448e-7
0.760, 6.744e-7, 9.310e-7, 2.566e-7, 6.842e-7, 9.436e-7, 2.594e-7, 6.137e-7, 8.594e-7, 2.457e-7, 6.037e-7, 8.479e-7, 2.442e-7, 5.980e-7, 8.456e-7, 2.476e-7, 6.104e-7, 8.588e-7, 2.484e-7, 5.924e-7, 8.383e-7, 2.459e-7, 5.956e-7, 8.427e-7, 2.471e-7
0.764, 7.008e-7, 9.598e-7, 2.590e-7, 7.072e-7, 9.693e-7, 2.621e-7, 6.384e-7, 8.870e-7, 2.486e-7, 6.252e-7, 8.712e-7, 2.460e-7, 6.213e-7, 8.719e-7, 2.506e-7, 6.300e-7, 8.813e-7, 2.513e-7, 6.163e-7, 8.647e-7, 2.484e-7, 6.163e-7, 8.662e-7, 2.499e-7
0.768, 7.291e-7, 9.925e-7, 2.634e-7, 7.313e-7, 9.969e-7, 2.656e-7, 6.643e-7, 9.167e-7, 2.524e-7, 6.464e-7, 8.961e-7, 2.497e-7, 6.474e-7, 9.008e-7, 2.534e-7, 6.511e-7, 9.058e-7, 2.547e-7, 6.423e-7, 8.941e-7, 2.518e-7, 6.382e-7, 8.912e-7, 2.530e-7
0.772, 7.605e-7, 1.028e-6, 2.674e-7, 7.574e-7, 1.027e-6, 2.694e-7, 6.940e-7, 9.506e-7, 2.566e-7, 6.699e-7, 9.230e-7, 2.532e-7, 6.749e-7, 9.321e-7, 2.572e-7, 6.736e-7, 9.319e-7, 2.583e-7, 6.713e-7, 9.273e-7, 2.560e-7, 6.614e-7, 9.184e-7, 2.570e-7
0.776, 7.959e-7, 1.068e-6, 2.720e-7, 7.853e-7, 1.059e-6, 2.736e-7, 7.273e-7, 9.880e-7, 2.607e-7, 6.961e-7, 9.532e-7, 2.571e-7, 7.051e-7, 9.667e-7, 2.616e-7, 6.997e-7, 9.618e-7, 2.620e-7, 7.028e-7, 9.630e-7, 2.602e-7, 6.876e-7, 9.485e-7, 2.609e-7
0.780, 8.327e-7, 1.110e-6, 2.774e-7, 8.143e-7, 1.093e-6, 2.790e-7, 7.619e-7, 1.028e-6, 2.659e-7, 7.231e-7, 9.848e-7, 2.617e-7, 7.374e-7, 1.004e-6, 2.666e-7, 7.257e-7, 9.928e-7, 2.670e-7, 7.372e-7, 1.003e-6, 2.654e-7, 7.143e-7, 9.800e-7, 2.657e-7
0.784, 8.736e-7, 1.157e-6, 2.837e-7, 8.464e-7, 1.131e-6, 2.845e-7, 8.006e-7, 1.073e-6, 2.725e-7, 7.518e-7, 1.019e-6, 2.674e-7, 7.734e-7, 1.046e-6, 2.727e-7, 7.545e-7, 1.027e-6, 2.724e-7, 7.745e-7, 1.046e-6, 2.714e-7, 7.443e-7, 1.016e-6, 2.713e-7
0.788, 9.181e-7, 1.208e-6, 2.903e-7, 8.814e-7, 1.172e-6, 2.902e-7, 8.431e-7, 1.122e-6, 2.793e-7, 7.842e-7, 1.057e-6, 2.726e-7, 8.131e-7, 1.092e-6, 2.788e-7, 7.859e-7, 1.064e-6, 2.777e-7, 8.148e-7, 1.093e-6, 2.779e-7, 7.755e-7, 1.053e-6, 2.775e-7
0.792, 9.666e-7, 1.265e-6, 2.985e-7, 9.183e-7, 1.216e-6, 2.976e-7, 8.889e-7, 1.176e-6, 2.871e-7, 8.179e-7, 1.097e-6, 2.796e-7, 8.554e-7, 1.142e-6, 2.864e-7, 8.184e-7, 1.103e-6, 2.849e-7, 8.594e-7, 1.145e-6, 2.858e-7, 8.100e-7, 1.094e-6, 2.839e-7
0.796, 1.019e-6, 1.327e-6, 3.083e-7, 9.585e-7, 1.264e-6, 3.055e-7, 9.390e-7, 1.235e-6, 2.964e-7, 8.551e-7, 1.142e-6, 2.871e-7, 9.024e-7, 1.197e-6, 2.948e-7, 8.544e-7, 1.147e-6, 2.925e-7, 9.074e-7, 1.202e-6, 2.949e-7, 8.467e-7, 1.139e-6, 2.919e-7
0.800, 1.075e-6, 1.394e-6, 3.186e-7, 1.000e-6, 1.315e-6, 3.146e-7, 9.920e-7, 1.299e-6, 3.069e-7, 8.939e-7, 1.189e-6, 2.954e-7, 9.519e-7, 1.256e-6, 3.045e-7, 8.928e-7, 1.194e-6, 3.009e-7, 9.591e-7, 1.264e-6, 3.049e-7, 8.856e-7, 1.186e-6, 3.003e-7
0.804, 1.135e-6, 1.466e-6, 3.306e-7, 1.045e-6, 1.370e-6, 3.246e-7, 1.049e-6, 1.368e-6, 3.188e-7, 9.346e-7, 1.240e-6, 3.052e-7, 1.006e-6, 1.322e-6, 3.157e-7, 9.329e-7, 1.243e-6, 3.106e-7, 1.014e-6, 1.331e-6, 3.166e-7, 9.267e-7, 1.237e-6, 3.102e-7
0.808, 1.201e-6, 1.545e-6, 3.439e-7, 1.094e-6, 1.429e-6, 3.357e-7, 1.112e-6, 1.444e-6, 3.324e-7, 9.784e-7, 1.294e-6, 3.160e-7, 1.063e-6, 1.392e-6, 3.283e-7, 9.760e-7, 1.297e-6, 3.207e-7, 1.074e-6, 1.403e-6, 3.292e-7, 9.711e-7, 1.291e-6, 3.203e-7
0.812, 1.271e-6, 1.631e-6, 3.600e-7, 1.144e-6, 1.492e-6, 3.482e-7, 1.178e-6, 1.525e-6, 3.473e-7, 1.025e-6, 1.352e-6, 3.270e-7, 1.125e-6, 1.467e-6, 3.423e-7, 1.021e-6, 1.353e-6, 3.325e-7, 1.138e-6, 1.482e-6, 3.439e-7, 1.017e-6, 1.349e-6, 3.326e-7
0.816, 1.346e-6, 1.723e-6, 3.775e-7, 1.198e-6, 1.560e-6, 3.622e-7, 1.249e-6, 1.614e-6, 3.646e-7, 1.074e-6, 1.414e-6, 3.405e-7, 1.192e-6, 1.550e-6, 3.580e-7, 1.069e-6, 1.414e-6, 3.451e-7, 1.206e-6, 1.567e-6, 3.603e-7, 1.065e-6, 1.411e-6, 3.453e-7
0.820, 1.426e-6, 1.823e-6, 3.969e-7, 1.254e-6, 1.632e-6, 3.780e-7, 1.325e-6, 1.709e-6, 3.840e-7, 1.125e-6, 1.480e-6, 3.550e-7, 1.263e-6, 1.639e-6, 3.760e-7, 1.119e-6, 1.479e-6, 3.596e-7, 1.280e-6, 1.658e-6, 3.787e-7, 1.117e-6, 1.477e-6, 3.597e-7
0.824, 1.511e-6, 1.930e-6, 4.194e-7, 1.314e-6, 1.709e-6, 3.944e-7, 1.406e-6, 1.812e-6, 4.053e-7, 1.181e-6, 1.551e-6, 3.702e-7, 1.338e-6, 1.734e-6, 3.960e-7, 1.173e-6, 1.548e-6, 3.749e-7, 1.358e-6, 1.757e-6, 3.995e-7, 1.171e-6, 1.547e-6, 3.755e-7
0.828, 1.600e-6, 2.045e-6, 4.446e-7, 1.376e-6, 1.789e-6, 4.135e-7, 1.491e-6, 1.921e-6, 4.301e-7, 1.238e-6, 1.625e-6, 3.879e-7, 1.416e-6, 1.836e-6, 4.191e-7, 1.228e-6, 1.620e-6, 3.923e-7, 1.439e-6, 1.862e-6, 4.229e-7, 1.228e-6, 1.621e-6, 3.930e-7
0.832, 1.695e-6, 2.167e-6, 4.723e-7, 1.441e-6, 1.875e-6, 4.339e-7, 1.581e-6, 2.038e-6, 4.570e-7, 1.297e-6, 1.704e-6, 4.069e-7, 1.500e-6, 1.944e-6, 4.444e-7, 1.286e-6, 1.697e-6, 4.108e-7, 1.525e-6, 1.974e-6, 4.493e-7, 1.286e-6, 1.699e-6, 4.122e-7
0.836, 1.796e-6, 2.300e-6, 5.042e-7, 1.509e-6, 1.965e-6, 4.563e-7, 1.676e-6, 2.163e-6, 4.875e-7, 1.359e-6, 1.787e-6, 4.280e-7, 1.588e-6, 2.061e-6, 4.727e-7, 1.348e-6, 1.779e-6, 4.313e-7, 1.616e-6, 2.095e-6, 4.785e-7, 1.348e-6, 1.781e-6, 4.330e-7
0.840, 1.902e-6, 2.440e-6, 5.379e-7, 1.580e-6, 2.060e-6, 4.807e-7, 1.777e-6, 2.298e-6, 5.210e-7, 1.423e-6, 1.873e-6, 4.500e-7, 1.681e-6, 2.185e-6, 5.039e-7, 1.410e-6, 1.864e-6, 4.537e-7, 1.712e-6, 2.222e-6, 5.099e-7, 1.412e-6, 1.868e-6, 4.557e-7
0.844, 2.010e-6, 2.587e-6, 5.774e-7, 1.651e-6, 2.159e-6, 5.082e-7, 1.879e-6, 2.438e-6, 5.591e-7, 1.488e-6, 1.964e-6, 4.760e-7, 1.776e-6, 2.316e-6, 5.399e-7, 1.473e-6, 1.952e-6, 4.795e-7, 1.811e-6, 2.358e-6, 5.469e-7, 1.477e-6, 1.958e-6, 4.811e-7
0.848, 2.126e-6, 2.746e-6, 6.200e-7, 1.728e-6, 2.265e-6, 5.372e-7, 1.989e-6, 2.589e-6, 6.002e-7, 1.558e-6, 2.061e-6, 5.025e-7, 1.878e-6, 2.456e-6, 5.780e-7, 1.541e-6, 2.047e-6, 5.060e-7, 1.915e-6, 2.502e-6, 5.863e-7, 1.545e-6, 2.053e-6, 5.077e-7
0.852, 2.245e-6, 2.911e-6, 6.663e-7, 1.807e-6, 2.375e-6, 5.679e-7, 2.102e-6, 2.747e-6, 6.453e-7, 1.629e-6, 2.160e-6, 5.314e-7, 1.983e-6, 2.603e-6, 6.200e-7, 1.610e-6, 2.144e-6, 5.346e-7, 2.023e-6, 2.652e-6, 6.291e-7, 1.614e-6, 2.151e-6, 5.369e-7
0.856, 2.367e-6, 3.085e-6, 7.185e-7, 1.886e-6, 2.488e-6, 6.027e-7, 2.218e-6, 2.913e-6, 6.956e-7, 1.700e-6, 2.264e-6, 5.633e-7, 2.090e-6, 2.757e-6, 6.668e-7, 1.680e-6, 2.246e-6, 5.657e-7, 2.133e-6, 2.810e-6, 6.775e-7, 1.686e-6, 2.254e-6, 5.681e-7
0.860, 2.492e-6, 3.266e-6, 7.748e-7, 1.969e-6, 2.608e-6, 6.389e-7, 2.336e-6, 3.087e-6, 7.507e-7, 1.774e-6, 2.372e-6, 5.973e-7, 2.201e-6, 2.919e-6, 7.173e-7, 1.753e-6, 2.352e-6, 5.998e-7, 2.246e-6, 2.976e-6, 7.295e-7, 1.759e-6, 2.361e-6, 6.023e-7
0.864, 2.621e-6, 3.457e-6, 8.358e-7, 2.052e-6, 2.731e-6, 6.789e-7, 2.460e-6, 3.269e-6, 8.095e-7, 1.851e-6, 2.484e-6, 6.333e-7, 2.315e-6, 3.087e-6, 7.722e-7, 1.827e-6, 2.462e-6, 6.350e-7, 2.362e-6, 3.148e-6, 7.860e-7, 1.834e-6, 2.472e-6, 6.382e-7
0.868, 2.752e-6, 3.655e-6, 9.022e-7, 2.139e-6, 2.860e-6, 7.208e-7, 2.585e-6, 3.458e-6, 8.729e-7, 1.929e-6, 2.601e-6, 6.718e-7, 2.432e-6, 3.263e-6, 8.312e-7, 1.903e-6, 2.577e-6, 6.733e-7, 2.480e-6, 3.327e-6, 8.468e-7, 1.910e-6, 2.587e-6, 6.770e-7
0.872, 2.889e-6, 3.862e-6, 9.728e-7, 2.227e-6, 2.993e-6, 7.659e-7, 2.713e-6, 3.655e-6, 9.413e-7, 2.008e-6, 2.721e-6, 7.129e-7, 2.551e-6, 3.446e-6, 8.945e-7, 1.981e-6, 2.695e-6, 7.139e-7, 2.602e-6, 3.514e-6, 9.120e-7, 1.989e-6, 2.706e-6, 7.172e-7
0.876, 3.029e-6, 4.077e-6, 1.048e-6, 2.317e-6, 3.131e-6, 8.140e-7, 2.846e-6, 3.860e-6, 1.014e-6, 2.089e-6, 2.846e-6, 7.565e-7, 2.673e-6, 3.635e-6, 9.621e-7, 2.061e-6, 2.818e-6, 7.571e-7, 2.726e-6, 3.707e-6, 9.809e-7, 2.068e-6, 2.829e-6, 7.611e-7
0.880, 3.174e-6, 4.302e-6, 1.128e-6, 2.410e-6, 3.275e-6, 8.644e-7, 2.983e-6, 4.074e-6, 1.092e-6, 2.173e-6, 2.975e-6, 8.025e-7, 2.800e-6, 3.835e-6, 1.034e-6, 2.142e-6, 2.945e-6, 8.030e-7, 2.856e-6, 3.910e-6, 1.055e-6, 2.150e-6, 2.957e-6, 8.069e-7
0.884, 3.324e-6, 4.537e-6, 1.214e-6, 2.506e-6, 3.424e-6, 9.173e-7, 3.125e-6, 4.299e-6, 1.174e-6, 2.259e-6, 3.109e-6, 8.502e-7, 2.933e-6, 4.042e-6, 1.110e-6, 2.226e-6, 3.077e-6, 8.508e-7, 2.989e-6, 4.121e-6, 1.132e-6, 2.234e-6, 3.089e-6, 8.548e-7
0.888, 3.479e-6, 4.784e-6, 1.304e-6, 2.605e-6, 3.578e-6, 9.736e-7, 3.274e-6, 4.534e-6, 1.260e-6, 2.348e-6, 3.248e-6, 9.009e-7, 3.068e-6, 4.259e-6, 1.191e-6, 2.314e-6, 3.215e-6, 9.012e-7, 3.126e-6, 4.341e-6, 1.215e-6, 2.321e-6, 3.227e-6, 9.060e-7
0.892, 3.642e-6, 5.041e-6, 1.399e-6, 2.707e-6, 3.740e-6, 1.033e-6, 3.427e-6, 4.779e-6, 1.352e-6, 2.438e-6, 3.392e-6, 9.540e-7, 3.210e-6, 4.485e-6, 1.275e-6, 2.402e-6, 3.356e-6, 9.542e-7, 3.271e-6, 4.572e-6, 1.301e-6, 2.411e-6, 3.369e-6, 9.586e-7
0.896, 3.813e-6, 5.313e-6, 1.500e-6, 2.814e-6, 3.909e-6, 1.095e-6, 3.590e-6, 5.038e-6, 1.448e-6, 2.533e-6, 3.542e-6, 1.010e-6, 3.359e-6, 4.724e-6, 1.365e-6, 2.494e-6, 3.504e-6, 1.010e-6, 3.423e-6, 4.816e-6, 1.393e-6, 2.504e-6, 3.518e-6, 1.015e-6
0.900, 3.999e-6, 5.606e-6, 1.607e-6, 2.927e-6, 4.089e-6, 1.161e-6, 3.767e-6, 5.316e-6, 1.550e-6, 2.634e-6, 3.702e-6, 1.068e-6, 3.520e-6, 4.979e-6, 1.459e-6, 2.592e-6, 3.660e-6, 1.068e-6, 3.587e-6, 5.076e-6, 1.489e-6, 2.603e-6, 3.676e-6, 1.073e-6
