0.104, 5.816e-7, -7.440e-8, -6.560e-7, 5.164e-7, 1.291e-8, -5.035e-7, 5.581e-7, -9.764e-9, -5.679e-7, 5.772e-7, -1.673e-8, -5.939e-7
0.108, 7.385e-7, 2.256e-7, -5.129e-7, 6.679e-7, 2.811e-7, -3.868e-7, 7.152e-7, 2.804e-7, -4.348e-7, 7.416e-7, 2.872e-7, -4.544e-7
0.112, 7.689e-7, 3.216e-7, -4.473e-7, 7.014e-7, 3.651e-7, -3.363e-7, 7.479e-7, 3.711e-7, -3.767e-7, 7.757e-7, 3.827e-7, -3.930e-7
0.116, 8.107e-7, 4.000e-7, -4.107e-7, 7.482e-7, 4.375e-7, -3.107e-7, 7.929e-7, 4.468e-7, -3.462e-7, 8.226e-7, 4.623e-7, -3.604e-7
0.120, 8.662e-7, 4.760e-7, -3.903e-7, 8.071e-7, 5.089e-7, -2.982e-7, 8.516e-7, 5.211e-7, -3.306e-7, 8.841e-7, 5.404e-7, -3.437e-7
0.124, 9.350e-7, 5.533e-7, -3.817e-7, 8.798e-7, 5.842e-7, -2.956e-7, 9.241e-7, 5.982e-7, -3.259e-7, 9.600e-7, 6.213e-7, -3.387e-7
0.128, 1.015e-6, 6.346e-7, -3.809e-7, 9.647e-7, 6.644e-7, -3.003e-7, 1.009e-6, 6.797e-7, -3.291e-7, 1.049e-6, 7.070e-7, -3.419e-7
0.132, 1.107e-6, 7.199e-7, -3.873e-7, 1.060e-6, 7.489e-7, -3.108e-7, 1.104e-6, 7.656e-7, -3.386e-7, 1.149e-6, 7.969e-7, -3.517e-7
0.136, 1.207e-6, 8.081e-7, -3.987e-7, 1.163e-6, 8.371e-7, -3.263e-7, 1.209e-6, 8.553e-7, -3.534e-7, 1.258e-6, 8.907e-7, -3.673e-7
0.140, 1.311e-6, 8.967e-7, -4.143e-7, 1.271e-6, 9.261e-7, -3.453e-7, 1.318e-6, 9.460e-7, -3.720e-7, 1.372e-6, 9.851e-7, -3.869e-7
0.144, 1.418e-6, 9.854e-7, -4.326e-7, 1.382e-6, 1.016e-6, -3.666e-7, 1.431e-6, 1.037e-6, -3.935e-7, 1.490e-6, 1.080e-6, -4.097e-7
0.148, 1.523e-6, 1.071e-6, -4.523e-7, 1.491e-6, 1.102e-6, -3.892e-7, 1.541e-6, 1.125e-6, -4.162e-7, 1.605e-6, 1.172e-6, -4.337e-7
0.152, 1.623e-6, 1.152e-6, -4.710e-7, 1.593e-6, 1.183e-6, -4.103e-7, 1.646e-6, 1.208e-6, -4.378e-7, 1.715e-6, 1.258e-6, -4.567e-7
0.156, 1.713e-6, 1.226e-6, -4.868e-7, 1.685e-6, 1.257e-6, -4.286e-7, 1.741e-6, 1.284e-6, -4.563e-7, 1.813e-6, 1.337e-6, -4.766e-7
0.160, 1.790e-6, 1.291e-6, -4.991e-7, 1.763e-6, 1.321e-6, -4.425e-7, 1.822e-6, 1.351e-6, -4.709e-7, 1.898e-6, 1.405e-6, -4.922e-7
0.164, 1.850e-6, 1.345e-6, -5.052e-7, 1.823e-6, 1.373e-6, -4.497e-7, 1.885e-6, 1.406e-6, -4.792e-7, 1.963e-6, 1.462e-6, -5.010e-7
0.168, 1.893e-6, 1.389e-6, -5.042e-7, 1.865e-6, 1.416e-6, -4.496e-7, 1.931e-6, 1.451e-6, -4.802e-7, 2.010e-6, 1.508e-6, -5.028e-7
0.172, 1.915e-6, 1.420e-6, -4.944e-7, 1.885e-6, 1.445e-6, -4.405e-7, 1.954e-6, 1.482e-6, -4.719e-7, 2.033e-6, 1.539e-6, -4.943e-7
0.176, 1.917e-6, 1.441e-6, -4.767e-7, 1.885e-6, 1.462e-6, -4.226e-7, 1.957e-6, 1.503e-6, -4.547e-7, 2.036e-6, 1.558e-6, -4.772e-7
0.180, 1.901e-6, 1.450e-6, -4.513e-7, 1.865e-6, 1.469e-6, -3.963e-7, 1.940e-6, 1.511e-6, -4.294e-7, 2.017e-6, 1.566e-6, -4.512e-7
0.184, 1.867e-6, 1.448e-6, -4.181e-7, 1.828e-6, 1.465e-6, -3.629e-7, 1.905e-6, 1.509e-6, -3.961e-7, 1.979e-6, 1.562e-6, -4.172e-7
0.188, 1.817e-6, 1.439e-6, -3.787e-7, 1.775e-6, 1.452e-6, -3.227e-7, 1.853e-6, 1.497e-6, -3.567e-7, 1.925e-6, 1.549e-6, -3.760e-7
0.192, 1.756e-6, 1.421e-6, -3.346e-7, 1.709e-6, 1.432e-6, -2.777e-7, 1.789e-6, 1.478e-6, -3.114e-7, 1.857e-6, 1.528e-6, -3.294e-7
0.196, 1.686e-6, 1.398e-6, -2.879e-7, 1.635e-6, 1.405e-6, -2.300e-7, 1.715e-6, 1.452e-6, -2.632e-7, 1.780e-6, 1.500e-6, -2.801e-7
0.200, 1.608e-6, 1.370e-6, -2.385e-7, 1.555e-6, 1.375e-6, -1.801e-7, 1.635e-6, 1.422e-6, -2.132e-7, 1.697e-6, 1.469e-6, -2.284e-7
0.204, 1.526e-6, 1.338e-6, -1.882e-7, 1.471e-6, 1.342e-6, -1.291e-7, 1.550e-6, 1.388e-6, -1.619e-7, 1.608e-6, 1.433e-6, -1.756e-7
0.208, 1.446e-6, 1.307e-6, -1.391e-7, 1.387e-6, 1.308e-6, -7.925e-8, 1.466e-6, 1.354e-6, -1.114e-7, 1.520e-6, 1.397e-6, -1.231e-7
0.212, 1.365e-6, 1.274e-6, -9.096e-8, 1.305e-6, 1.274e-6, -3.111e-8, 1.382e-6, 1.319e-6, -6.251e-8, 1.433e-6, 1.361e-6, -7.267e-8
0.216, 1.287e-6, 1.242e-6, -4.526e-8, 1.226e-6, 1.241e-6, 1.500e-8, 1.301e-6, 1.286e-6, -1.550e-8, 1.349e-6, 1.325e-6, -2.414e-8
0.220, 1.213e-6, 1.211e-6, -1.925e-9, 1.151e-6, 1.209e-6, 5.809e-8, 1.225e-6, 1.253e-6, 2.838e-8, 1.270e-6, 1.291e-6, 2.134e-8
0.224, 1.145e-6, 1.182e-6, 3.785e-8, 1.082e-6, 1.180e-6, 9.783e-8, 1.153e-6, 1.222e-6, 6.909e-8, 1.197e-6, 1.260e-6, 6.322e-8
0.228, 1.080e-6, 1.156e-6, 7.555e-8, 1.018e-6, 1.153e-6, 1.353e-7, 1.087e-6, 1.195e-6, 1.076e-7, 1.128e-6, 1.231e-6, 1.026e-7
0.232, 1.023e-6, 1.133e-6, 1.094e-7, 9.609e-7, 1.130e-6, 1.690e-7, 1.027e-6, 1.169e-6, 1.421e-7, 1.067e-6, 1.205e-6, 1.384e-7
0.236, 9.705e-7, 1.111e-6, 1.403e-7, 9.088e-7, 1.109e-6, 1.998e-7, 9.736e-7, 1.147e-6, 1.736e-7, 1.012e-6, 1.183e-6, 1.708e-7
0.240, 9.232e-7, 1.092e-6, 1.688e-7, 8.619e-7, 1.090e-6, 2.278e-7, 9.247e-7, 1.127e-6, 2.026e-7, 9.619e-7, 1.162e-6, 2.004e-7
0.244, 8.824e-7, 1.076e-6, 1.936e-7, 8.210e-7, 1.074e-6, 2.530e-7, 8.825e-7, 1.111e-6, 2.280e-7, 9.184e-7, 1.145e-6, 2.268e-7
0.248, 8.462e-7, 1.063e-6, 2.168e-7, 7.857e-7, 1.062e-6, 2.760e-7, 8.447e-7, 1.097e-6, 2.519e-7, 8.801e-7, 1.131e-6, 2.512e-7
0.252, 8.134e-7, 1.051e-6, 2.378e-7, 7.534e-7, 1.050e-6, 2.969e-7, 8.115e-7, 1.085e-6, 2.733e-7, 8.461e-7, 1.119e-6, 2.731e-7
0.256, 7.856e-7, 1.042e-6, 2.569e-7, 7.257e-7, 1.042e-6, 3.158e-7, 7.826e-7, 1.075e-6, 2.924e-7, 8.166e-7, 1.109e-6, 2.928e-7
0.260, 7.610e-7, 1.035e-6, 2.743e-7, 7.019e-7, 1.035e-6, 3.332e-7, 7.570e-7, 1.068e-6, 3.106e-7, 7.906e-7, 1.102e-6, 3.115e-7
0.264, 7.392e-7, 1.029e-6, 2.902e-7, 6.806e-7, 1.030e-6, 3.494e-7, 7.351e-7, 1.062e-6, 3.265e-7, 7.688e-7, 1.096e-6, 3.277e-7
0.268, 7.202e-7, 1.025e-6, 3.051e-7, 6.623e-7, 1.027e-6, 3.643e-7, 7.156e-7, 1.058e-6, 3.419e-7, 7.492e-7, 1.092e-6, 3.432e-7
0.272, 7.044e-7, 1.023e-6, 3.190e-7, 6.465e-7, 1.025e-6, 3.782e-7, 6.993e-7, 1.055e-6, 3.558e-7, 7.321e-7, 1.090e-6, 3.577e-7
0.276, 6.902e-7, 1.022e-6, 3.313e-7, 6.331e-7, 1.024e-6, 3.905e-7, 6.855e-7, 1.054e-6, 3.683e-7, 7.176e-7, 1.088e-6, 3.706e-7
0.280, 6.780e-7, 1.022e-6, 3.436e-7, 6.211e-7, 1.024e-6, 4.029e-7, 6.726e-7, 1.054e-6, 3.812e-7, 7.047e-7, 1.088e-6, 3.835e-7
0.284, 6.668e-7, 1.022e-6, 3.551e-7, 6.100e-7, 1.025e-6, 4.147e-7, 6.612e-7, 1.054e-6, 3.926e-7, 6.929e-7, 1.089e-6, 3.956e-7
0.288, 6.571e-7, 1.023e-6, 3.657e-7, 6.005e-7, 1.026e-6, 4.254e-7, 6.518e-7, 1.055e-6, 4.036e-7, 6.837e-7, 1.090e-6, 4.062e-7
0.292, 6.488e-7, 1.025e-6, 3.758e-7, 5.922e-7, 1.028e-6, 4.356e-7, 6.424e-7, 1.056e-6, 4.140e-7, 6.743e-7, 1.091e-6, 4.172e-7
0.296, 6.414e-7, 1.027e-6, 3.854e-7, 5.843e-7, 1.030e-6, 4.458e-7, 6.351e-7, 1.059e-6, 4.240e-7, 6.668e-7, 1.094e-6, 4.269e-7
0.300, 6.339e-7, 1.029e-6, 3.953e-7, 5.769e-7, 1.033e-6, 4.556e-7, 6.279e-7, 1.061e-6, 4.336e-7, 6.591e-7, 1.096e-6, 4.371e-7
0.304, 6.269e-7, 1.031e-6, 4.045e-7, 5.696e-7, 1.035e-6, 4.654e-7, 6.208e-7, 1.064e-6, 4.432e-7, 6.516e-7, 1.098e-6, 4.467e-7
0.308, 6.206e-7, 1.034e-6, 4.136e-7, 5.637e-7, 1.038e-6, 4.742e-7, 6.145e-7, 1.067e-6, 4.520e-7, 6.452e-7, 1.101e-6, 4.558e-7
0.312, 6.157e-7, 1.037e-6, 4.217e-7, 5.584e-7, 1.041e-6, 4.827e-7, 6.094e-7, 1.070e-6, 4.606e-7, 6.397e-7, 1.104e-6, 4.645e-7
0.316, 6.092e-7, 1.040e-6, 4.307e-7, 5.520e-7, 1.043e-6, 4.915e-7, 6.034e-7, 1.073e-6, 4.695e-7, 6.337e-7, 1.107e-6, 4.730e-7
0.320, 6.037e-7, 1.043e-6, 4.392e-7, 5.461e-7, 1.046e-6, 5.001e-7, 5.979e-7, 1.076e-6, 4.780e-7, 6.275e-7, 1.109e-6, 4.819e-7
0.324, 5.988e-7, 1.046e-6, 4.472e-7, 5.405e-7, 1.048e-6, 5.078e-7, 5.929e-7, 1.079e-6, 4.857e-7, 6.219e-7, 1.112e-6, 4.898e-7
0.328, 5.942e-7, 1.049e-6, 4.548e-7, 5.355e-7, 1.051e-6, 5.155e-7, 5.881e-7, 1.082e-6, 4.934e-7, 6.166e-7, 1.114e-6, 4.977e-7
0.332, 5.893e-7, 1.052e-6, 4.630e-7, 5.299e-7, 1.054e-6, 5.236e-7, 5.831e-7, 1.085e-6, 5.017e-7, 6.109e-7, 1.117e-6, 5.059e-7
0.336, 5.842e-7, 1.055e-6, 4.704e-7, 5.249e-7, 1.056e-6, 5.309e-7, 5.777e-7, 1.087e-6, 5.093e-7, 6.053e-7, 1.119e-6, 5.133e-7
0.340, 5.806e-7, 1.058e-6, 4.769e-7, 5.202e-7, 1.058e-6, 5.377e-7, 5.741e-7, 1.090e-6, 5.158e-7, 6.009e-7, 1.121e-6, 5.197e-7
0.344, 5.771e-7, 1.061e-6, 4.835e-7, 5.160e-7, 1.060e-6, 5.442e-7, 5.701e-7, 1.093e-6, 5.225e-7, 5.958e-7, 1.123e-6, 5.268e-7
0.348, 5.723e-7, 1.063e-6, 4.907e-7, 5.110e-7, 1.062e-6, 5.507e-7, 5.659e-7, 1.095e-6, 5.289e-7, 5.907e-7, 1.124e-6, 5.333e-7
0.352, 5.679e-7, 1.065e-6, 4.971e-7, 5.062e-7, 1.063e-6, 5.569e-7, 5.611e-7, 1.096e-6, 5.353e-7, 5.857e-7, 1.125e-6, 5.392e-7
0.356, 5.647e-7, 1.068e-6, 5.032e-7, 5.016e-7, 1.064e-6, 5.628e-7, 5.579e-7, 1.099e-6, 5.411e-7, 5.817e-7, 1.127e-6, 5.450e-7
0.360, 5.614e-7, 1.070e-6, 5.088e-7, 4.979e-7, 1.065e-6, 5.675e-7, 5.540e-7, 1.101e-6, 5.465e-7, 5.775e-7, 1.127e-6, 5.500e-7
0.364, 5.584e-7, 1.073e-6, 5.141e-7, 4.939e-7, 1.067e-6, 5.727e-7, 5.505e-7, 1.102e-6, 5.517e-7, 5.731e-7, 1.128e-6, 5.551e-7
0.368, 5.543e-7, 1.074e-6, 5.200e-7, 4.893e-7, 1.067e-6, 5.778e-7, 5.469e-7, 1.104e-6, 5.570e-7, 5.696e-7, 1.129e-6, 5.596e-7
0.372, 5.520e-7, 1.077e-6, 5.247e-7, 4.862e-7, 1.068e-6, 5.821e-7, 5.442e-7, 1.106e-6, 5.616e-7, 5.657e-7, 1.130e-6, 5.642e-7
0.376, 5.495e-7, 1.079e-6, 5.297e-7, 4.828e-7, 1.069e-6, 5.866e-7, 5.408e-7, 1.107e-6, 5.666e-7, 5.619e-7, 1.131e-6, 5.688e-7
0.380, 5.464e-7, 1.081e-6, 5.345e-7, 4.791e-7, 1.070e-6, 5.904e-7, 5.379e-7, 1.108e-6, 5.706e-7, 5.582e-7, 1.130e-6, 5.723e-7
0.384, 5.443e-7, 1.083e-6, 5.388e-7, 4.761e-7, 1.070e-6, 5.940e-7, 5.351e-7, 1.110e-6, 5.744e-7, 5.554e-7, 1.131e-6, 5.760e-7
0.388, 5.429e-7, 1.086e-6, 5.433e-7, 4.734e-7, 1.071e-6, 5.979e-7, 5.330e-7, 1.112e-6, 5.785e-7, 5.527e-7, 1.132e-6, 5.793e-7
0.392, 5.404e-7, 1.087e-6, 5.471e-7, 4.705e-7, 1.072e-6, 6.012e-7, 5.305e-7, 1.113e-6, 5.821e-7, 5.498e-7, 1.133e-6, 5.828e-7
0.396, 5.382e-7, 1.089e-6, 5.512e-7, 4.675e-7, 1.072e-6, 6.046e-7, 5.285e-7, 1.114e-6, 5.852e-7, 5.464e-7, 1.132e-6, 5.860e-7
0.400, 5.363e-7, 1.092e-6, 5.556e-7, 4.650e-7, 1.073e-6, 6.075e-7, 5.258e-7, 1.115e-6, 5.891e-7, 5.442e-7, 1.133e-6, 5.889e-7
0.404, 5.350e-7, 1.094e-6, 5.593e-7, 4.629e-7, 1.073e-6, 6.103e-7, 5.245e-7, 1.117e-6, 5.921e-7, 5.418e-7, 1.133e-6, 5.917e-7
0.408, 5.334e-7, 1.097e-6, 5.632e-7, 4.601e-7, 1.074e-6, 6.136e-7, 5.223e-7, 1.118e-6, 5.954e-7, 5.390e-7, 1.134e-6, 5.948e-7
0.412, 5.315e-7, 1.098e-6, 5.669e-7, 4.578e-7, 1.074e-6, 6.164e-7, 5.200e-7, 1.119e-6, 5.986e-7, 5.364e-7, 1.134e-6, 5.974e-7
0.416, 5.303e-7, 1.101e-6, 5.706e-7, 4.562e-7, 1.075e-6, 6.188e-7, 5.185e-7, 1.120e-6, 6.015e-7, 5.346e-7, 1.134e-6, 5.999e-7
0.420, 5.287e-7, 1.103e-6, 5.744e-7, 4.543e-7, 1.076e-6, 6.213e-7, 5.172e-7, 1.121e-6, 6.042e-7, 5.323e-7, 1.135e-6, 6.025e-7
0.424, 5.277e-7, 1.106e-6, 5.781e-7, 4.526e-7, 1.076e-6, 6.239e-7, 5.159e-7, 1.123e-6, 6.072e-7, 5.306e-7, 1.136e-6, 6.050e-7
0.428, 5.271e-7, 1.108e-6, 5.812e-7, 4.506e-7, 1.077e-6, 6.265e-7, 5.143e-7, 1.124e-6, 6.100e-7, 5.289e-7, 1.136e-6, 6.073e-7
0.432, 5.250e-7, 1.111e-6, 5.855e-7, 4.484e-7, 1.078e-6, 6.294e-7, 5.121e-7, 1.126e-6, 6.134e-7, 5.264e-7, 1.137e-6, 6.105e-7
0.436, 5.234e-7, 1.113e-6, 5.897e-7, 4.465e-7, 1.079e-6, 6.324e-7, 5.106e-7, 1.127e-6, 6.168e-7, 5.245e-7, 1.138e-6, 6.131e-7
0.440, 5.231e-7, 1.116e-6, 5.931e-7, 4.457e-7, 1.080e-6, 6.341e-7, 5.098e-7, 1.129e-6, 6.193e-7, 5.235e-7, 1.139e-6, 6.151e-7
0.444, 5.212e-7, 1.118e-6, 5.969e-7, 4.433e-7, 1.080e-6, 6.371e-7, 5.083e-7, 1.131e-6, 6.222e-7, 5.212e-7, 1.139e-6, 6.179e-7
0.448, 5.202e-7, 1.121e-6, 6.005e-7, 4.423e-7, 1.082e-6, 6.393e-7, 5.067e-7, 1.132e-6, 6.250e-7, 5.198e-7, 1.140e-6, 6.203e-7
0.452, 5.194e-7, 1.124e-6, 6.045e-7, 4.405e-7, 1.083e-6, 6.421e-7, 5.059e-7, 1.134e-6, 6.278e-7, 5.178e-7, 1.141e-6, 6.230e-7
0.456, 5.184e-7, 1.127e-6, 6.081e-7, 4.395e-7, 1.084e-6, 6.445e-7, 5.043e-7, 1.135e-6, 6.307e-7, 5.160e-7, 1.141e-6, 6.255e-7
0.460, 5.171e-7, 1.129e-6, 6.119e-7, 4.373e-7, 1.084e-6, 6.471e-7, 5.023e-7, 1.136e-6, 6.341e-7, 5.143e-7, 1.142e-6, 6.282e-7
0.464, 5.155e-7, 1.131e-6, 6.159e-7, 4.363e-7, 1.086e-6, 6.494e-7, 5.016e-7, 1.138e-6, 6.368e-7, 5.128e-7, 1.143e-6, 6.306e-7
0.468, 5.142e-7, 1.134e-6, 6.201e-7, 4.343e-7, 1.087e-6, 6.522e-7, 4.995e-7, 1.140e-6, 6.403e-7, 5.108e-7, 1.144e-6, 6.335e-7
0.472, 5.131e-7, 1.137e-6, 6.242e-7, 4.327e-7, 1.088e-6, 6.550e-7, 4.985e-7, 1.142e-6, 6.431e-7, 5.092e-7, 1.145e-6, 6.361e-7
0.476, 5.119e-7, 1.140e-6, 6.278e-7, 4.309e-7, 1.088e-6, 6.575e-7, 4.968e-7, 1.143e-6, 6.463e-7, 5.072e-7, 1.146e-6, 6.385e-7
0.480, 5.099e-7, 1.142e-6, 6.320e-7, 4.290e-7, 1.089e-6, 6.601e-7, 4.953e-7, 1.144e-6, 6.488e-7, 5.052e-7, 1.146e-6, 6.412e-7
0.484, 5.083e-7, 1.144e-6, 6.360e-7, 4.273e-7, 1.090e-6, 6.626e-7, 4.931e-7, 1.145e-6, 6.524e-7, 5.030e-7, 1.147e-6, 6.442e-7
0.488, 5.065e-7, 1.147e-6, 6.402e-7, 4.250e-7, 1.091e-6, 6.655e-7, 4.915e-7, 1.147e-6, 6.555e-7, 5.003e-7, 1.148e-6, 6.474e-7
0.492, 5.053e-7, 1.149e-6, 6.440e-7, 4.234e-7, 1.092e-6, 6.682e-7, 4.895e-7, 1.148e-6, 6.588e-7, 4.992e-7, 1.149e-6, 6.498e-7
0.496, 5.030e-7, 1.151e-6, 6.482e-7, 4.209e-7, 1.092e-6, 6.711e-7, 4.873e-7, 1.149e-6, 6.616e-7, 4.963e-7, 1.149e-6, 6.528e-7
0.500, 5.015e-7, 1.153e-6, 6.519e-7, 4.192e-7, 1.092e-6, 6.732e-7, 4.860e-7, 1.150e-6, 6.642e-7, 4.947e-7, 1.150e-6, 6.549e-7
0.504, 4.990e-7, 1.155e-6, 6.562e-7, 4.166e-7, 1.093e-6, 6.763e-7, 4.834e-7, 1.151e-6, 6.677e-7, 4.921e-7, 1.150e-6, 6.581e-7
0.508, 4.966e-7, 1.157e-6, 6.605e-7, 4.137e-7, 1.093e-6, 6.790e-7, 4.811e-7, 1.152e-6, 6.707e-7, 4.889e-7, 1.150e-6, 6.611e-7
0.512, 4.946e-7, 1.159e-6, 6.643e-7, 4.115e-7, 1.093e-6, 6.818e-7, 4.788e-7, 1.152e-6, 6.737e-7, 4.867e-7, 1.150e-6, 6.636e-7
0.516, 4.923e-7, 1.161e-6, 6.685e-7, 4.090e-7, 1.093e-6, 6.843e-7, 4.764e-7, 1.153e-6, 6.766e-7, 4.840e-7, 1.151e-6, 6.666e-7
0.520, 4.897e-7, 1.162e-6, 6.725e-7, 4.065e-7, 1.093e-6, 6.869e-7, 4.744e-7, 1.154e-6, 6.795e-7, 4.809e-7, 1.150e-6, 6.691e-7
0.524, 4.867e-7, 1.164e-6, 6.770e-7, 4.036e-7, 1.093e-6, 6.898e-7, 4.713e-7, 1.154e-6, 6.829e-7, 4.782e-7, 1.151e-6, 6.723e-7
0.528, 4.841e-7, 1.165e-6, 6.805e-7, 4.004e-7, 1.093e-6, 6.921e-7, 4.680e-7, 1.154e-6, 6.859e-7, 4.748e-7, 1.150e-6, 6.751e-7
0.532, 4.813e-7, 1.166e-6, 6.845e-7, 3.985e-7, 1.093e-6, 6.944e-7, 4.654e-7, 1.154e-6, 6.888e-7, 4.720e-7, 1.149e-6, 6.775e-7
0.536, 4.784e-7, 1.167e-6, 6.888e-7, 3.952e-7, 1.092e-6, 6.972e-7, 4.625e-7, 1.154e-6, 6.917e-7, 4.686e-7, 1.149e-6, 6.806e-7
0.540, 4.754e-7, 1.168e-6, 6.925e-7, 3.921e-7, 1.092e-6, 6.996e-7, 4.600e-7, 1.154e-6, 6.943e-7, 4.655e-7, 1.149e-6, 6.832e-7
0.544, 4.725e-7, 1.169e-6, 6.962e-7, 3.895e-7, 1.091e-6, 7.018e-7, 4.571e-7, 1.154e-6, 6.970e-7, 4.625e-7, 1.148e-6, 6.855e-7
0.548, 4.693e-7, 1.169e-6, 7.001e-7, 3.863e-7, 1.091e-6, 7.045e-7, 4.537e-7, 1.154e-6, 6.999e-7, 4.591e-7, 1.147e-6, 6.882e-7
0.552, 4.662e-7, 1.170e-6, 7.038e-7, 3.835e-7, 1.090e-6, 7.067e-7, 4.513e-7, 1.154e-6, 7.025e-7, 4.561e-7, 1.147e-6, 6.908e-7
0.556, 4.632e-7, 1.170e-6, 7.072e-7, 3.804e-7, 1.089e-6, 7.089e-7, 4.477e-7, 1.153e-6, 7.050e-7, 4.527e-7, 1.146e-6, 6.931e-7
0.560, 4.606e-7, 1.171e-6, 7.104e-7, 3.779e-7, 1.089e-6, 7.107e-7, 4.450e-7, 1.153e-6, 7.076e-7, 4.498e-7, 1.145e-6, 6.954e-7
0.564, 4.568e-7, 1.171e-6, 7.142e-7, 3.749e-7, 1.088e-6, 7.128e-7, 4.419e-7, 1.152e-6, 7.102e-7, 4.465e-7, 1.144e-6, 6.977e-7
0.568, 4.539e-7, 1.171e-6, 7.172e-7, 3.715e-7, 1.087e-6, 7.151e-7, 4.391e-7, 1.151e-6, 7.122e-7, 4.432e-7, 1.143e-6, 6.998e-7
0.572, 4.508e-7, 1.171e-6, 7.204e-7, 3.690e-7, 1.086e-6, 7.168e-7, 4.361e-7, 1.151e-6, 7.145e-7, 4.400e-7, 1.142e-6, 7.020e-7
0.576, 4.471e-7, 1.171e-6, 7.242e-7, 3.659e-7, 1.085e-6, 7.187e-7, 4.328e-7, 1.150e-6, 7.167e-7, 4.369e-7, 1.141e-6, 7.041e-7
0.580, 4.441e-7, 1.171e-6, 7.269e-7, 3.631e-7, 1.084e-6, 7.206e-7, 4.297e-7, 1.149e-6, 7.189e-7, 4.332e-7, 1.140e-6, 7.063e-7
0.584, 4.411e-7, 1.171e-6, 7.297e-7, 3.602e-7, 1.083e-6, 7.223e-7, 4.266e-7, 1.148e-6, 7.212e-7, 4.299e-7, 1.138e-6, 7.083e-7
0.588, 4.378e-7, 1.171e-6, 7.329e-7, 3.573e-7, 1.081e-6, 7.241e-7, 4.235e-7, 1.147e-6, 7.232e-7, 4.271e-7, 1.137e-6, 7.102e-7
0.592, 4.354e-7, 1.171e-6, 7.353e-7, 3.544e-7, 1.080e-6, 7.257e-7, 4.213e-7, 1.146e-6, 7.248e-7, 4.240e-7, 1.136e-6, 7.121e-7
0.596, 4.328e-7, 1.170e-6, 7.376e-7, 3.525e-7, 1.079e-6, 7.268e-7, 4.180e-7, 1.145e-6, 7.266e-7, 4.211e-7, 1.135e-6, 7.136e-7
0.600, 4.292e-7, 1.170e-6, 7.406e-7, 3.495e-7, 1.078e-6, 7.282e-7, 4.150e-7, 1.144e-6, 7.285e-7, 4.182e-7, 1.134e-6, 7.153e-7
0.604, 4.263e-7, 1.169e-6, 7.429e-7, 3.467e-7, 1.076e-6, 7.298e-7, 4.123e-7, 1.142e-6, 7.299e-7, 4.147e-7, 1.132e-6, 7.172e-7
0.608, 4.236e-7, 1.169e-6, 7.452e-7, 3.445e-7, 1.075e-6, 7.308e-7, 4.093e-7, 1.141e-6, 7.317e-7, 4.121e-7, 1.131e-6, 7.187e-7
0.612, 4.207e-7, 1.168e-6, 7.474e-7, 3.423e-7, 1.074e-6, 7.321e-7, 4.067e-7, 1.140e-6, 7.329e-7, 4.093e-7, 1.129e-6, 7.199e-7
0.616, 4.186e-7, 1.168e-6, 7.495e-7, 3.405e-7, 1.073e-6, 7.329e-7, 4.046e-7, 1.139e-6, 7.344e-7, 4.069e-7, 1.128e-6, 7.212e-7
0.620, 4.158e-7, 1.167e-6, 7.516e-7, 3.382e-7, 1.072e-6, 7.341e-7, 4.020e-7, 1.138e-6, 7.356e-7, 4.044e-7, 1.127e-6, 7.227e-7
0.624, 4.138e-7, 1.167e-6, 7.533e-7, 3.368e-7, 1.071e-6, 7.346e-7, 3.996e-7, 1.137e-6, 7.373e-7, 4.019e-7, 1.126e-6, 7.239e-7
0.628, 4.117e-7, 1.167e-6, 7.552e-7, 3.348e-7, 1.071e-6, 7.358e-7, 3.982e-7, 1.136e-6, 7.377e-7, 3.998e-7, 1.125e-6, 7.250e-7
0.632, 4.094e-7, 1.166e-6, 7.568e-7, 3.332e-7, 1.070e-6, 7.366e-7, 3.958e-7, 1.135e-6, 7.393e-7, 3.979e-7, 1.124e-6, 7.260e-7
0.636, 4.069e-7, 1.166e-6, 7.589e-7, 3.313e-7, 1.069e-6, 7.375e-7, 3.938e-7, 1.134e-6, 7.403e-7, 3.954e-7, 1.123e-6, 7.274e-7
0.640, 4.052e-7, 1.166e-6, 7.604e-7, 3.305e-7, 1.069e-6, 7.380e-7, 3.922e-7, 1.134e-6, 7.415e-7, 3.938e-7, 1.122e-6, 7.285e-7
0.644, 4.040e-7, 1.166e-6, 7.617e-7, 3.300e-7, 1.068e-6, 7.384e-7, 3.910e-7, 1.133e-6, 7.422e-7, 3.933e-7, 1.122e-6, 7.290e-7
0.648, 4.030e-7, 1.166e-6, 7.628e-7, 3.293e-7, 1.068e-6, 7.390e-7, 3.906e-7, 1.134e-6, 7.430e-7, 3.924e-7, 1.122e-6, 7.298e-7
0.652, 4.018e-7, 1.166e-6, 7.641e-7, 3.290e-7, 1.068e-6, 7.394e-7, 3.895e-7, 1.133e-6, 7.437e-7, 3.914e-7, 1.122e-6, 7.307e-7
0.656, 4.014e-7, 1.167e-6, 7.653e-7, 3.290e-7, 1.069e-6, 7.398e-7, 3.890e-7, 1.134e-6, 7.447e-7, 3.912e-7, 1.123e-6, 7.314e-7
0.660, 4.011e-7, 1.168e-6, 7.665e-7, 3.295e-7, 1.070e-6, 7.401e-7, 3.892e-7, 1.134e-6, 7.450e-7, 3.916e-7, 1.123e-6, 7.317e-7
0.664, 4.007e-7, 1.168e-6, 7.675e-7, 3.302e-7, 1.070e-6, 7.400e-7, 3.896e-7, 1.135e-6, 7.454e-7, 3.919e-7, 1.124e-6, 7.323e-7
0.668, 4.013e-7, 1.169e-6, 7.682e-7, 3.315e-7, 1.072e-6, 7.405e-7, 3.904e-7, 1.137e-6, 7.461e-7, 3.927e-7, 1.126e-6, 7.329e-7
0.672, 4.018e-7, 1.171e-6, 7.692e-7, 3.336e-7, 1.074e-6, 7.402e-7, 3.920e-7, 1.138e-6, 7.462e-7, 3.942e-7, 1.128e-6, 7.333e-7
0.676, 4.031e-7, 1.173e-6, 7.700e-7, 3.356e-7, 1.076e-6, 7.406e-7, 3.935e-7, 1.140e-6, 7.466e-7, 3.960e-7, 1.130e-6, 7.338e-7
0.680, 4.049e-7, 1.175e-6, 7.706e-7, 3.384e-7, 1.079e-6, 7.407e-7, 3.960e-7, 1.143e-6, 7.471e-7, 3.987e-7, 1.133e-6, 7.340e-7
0.684, 4.072e-7, 1.179e-6, 7.714e-7, 3.417e-7, 1.082e-6, 7.407e-7, 3.990e-7, 1.147e-6, 7.475e-7, 4.015e-7, 1.136e-6, 7.347e-7
0.688, 4.102e-7, 1.182e-6, 7.722e-7, 3.461e-7, 1.087e-6, 7.408e-7, 4.030e-7, 1.151e-6, 7.479e-7, 4.062e-7, 1.141e-6, 7.348e-7
0.692, 4.143e-7, 1.187e-6, 7.726e-7, 3.514e-7, 1.092e-6, 7.406e-7, 4.080e-7, 1.156e-6, 7.481e-7, 4.113e-7, 1.147e-6, 7.353e-7
0.696, 4.190e-7, 1.192e-6, 7.730e-7, 3.573e-7, 1.098e-6, 7.407e-7, 4.132e-7, 1.162e-6, 7.488e-7, 4.172e-7, 1.153e-6, 7.355e-7
0.700, 4.244e-7, 1.198e-6, 7.738e-7, 3.642e-7, 1.105e-6, 7.408e-7, 4.204e-7, 1.169e-6, 7.488e-7, 4.240e-7, 1.160e-6, 7.360e-7
0.704, 4.312e-7, 1.205e-6, 7.741e-7, 3.724e-7, 1.113e-6, 7.405e-7, 4.283e-7, 1.177e-6, 7.491e-7, 4.321e-7, 1.168e-6, 7.361e-7
0.708, 4.390e-7, 1.214e-6, 7.745e-7, 3.818e-7, 1.122e-6, 7.403e-7, 4.375e-7, 1.187e-6, 7.493e-7, 4.422e-7, 1.178e-6, 7.360e-7
0.712, 4.480e-7, 1.223e-6, 7.750e-7, 3.927e-7, 1.133e-6, 7.402e-7, 4.482e-7, 1.198e-6, 7.494e-7, 4.531e-7, 1.189e-6, 7.364e-7
0.716, 4.584e-7, 1.234e-6, 7.752e-7, 4.048e-7, 1.145e-6, 7.402e-7, 4.602e-7, 1.210e-6, 7.497e-7, 4.655e-7, 1.202e-6, 7.368e-7
0.720, 4.704e-7, 1.246e-6, 7.757e-7, 4.194e-7, 1.160e-6, 7.402e-7, 4.742e-7, 1.224e-6, 7.500e-7, 4.804e-7, 1.217e-6, 7.369e-7
0.724, 4.841e-7, 1.260e-6, 7.761e-7, 4.351e-7, 1.175e-6, 7.402e-7, 4.902e-7, 1.240e-6, 7.502e-7, 4.973e-7, 1.234e-6, 7.371e-7
0.728, 5.001e-7, 1.276e-6, 7.763e-7, 4.536e-7, 1.193e-6, 7.399e-7, 5.088e-7, 1.259e-6, 7.501e-7, 5.164e-7, 1.254e-6, 7.372e-7
0.732, 5.183e-7, 1.295e-6, 7.768e-7, 4.742e-7, 1.214e-6, 7.398e-7, 5.294e-7, 1.280e-6, 7.505e-7, 5.380e-7, 1.275e-6, 7.374e-7
0.736, 5.380e-7, 1.315e-6, 7.772e-7, 4.973e-7, 1.237e-6, 7.399e-7, 5.525e-7, 1.303e-6, 7.507e-7, 5.618e-7, 1.300e-6, 7.378e-7
0.740, 5.612e-7, 1.339e-6, 7.775e-7, 5.239e-7, 1.263e-6, 7.395e-7, 5.787e-7, 1.330e-6, 7.511e-7, 5.896e-7, 1.328e-6, 7.381e-7
0.744, 5.870e-7, 1.365e-6, 7.779e-7, 5.529e-7, 1.293e-6, 7.397e-7, 6.087e-7, 1.360e-6, 7.511e-7, 6.204e-7, 1.359e-6, 7.381e-7
0.748, 6.167e-7, 1.395e-6, 7.781e-7, 5.861e-7, 1.326e-6, 7.397e-7, 6.419e-7, 1.393e-6, 7.514e-7, 6.555e-7, 1.394e-6, 7.384e-7
0.752, 6.489e-7, 1.428e-6, 7.789e-7, 6.225e-7, 1.362e-6, 7.399e-7, 6.789e-7, 1.431e-6, 7.519e-7, 6.943e-7, 1.433e-6, 7.389e-7
0.756, 6.862e-7, 1.465e-6, 7.791e-7, 6.637e-7, 1.404e-6, 7.399e-7, 7.203e-7, 1.473e-6, 7.526e-7, 7.377e-7, 1.477e-6, 7.394e-7
0.760, 7.274e-7, 1.507e-6, 7.800e-7, 7.094e-7, 1.450e-6, 7.403e-7, 7.668e-7, 1.520e-6, 7.533e-7, 7.863e-7, 1.527e-6, 7.403e-7
0.764, 7.731e-7, 1.554e-6, 7.807e-7, 7.600e-7, 1.501e-6, 7.411e-7, 8.188e-7, 1.573e-6, 7.540e-7, 8.404e-7, 1.581e-6, 7.410e-7
0.768, 8.232e-7, 1.606e-6, 7.824e-7, 8.164e-7, 1.558e-6, 7.418e-7, 8.756e-7, 1.631e-6, 7.553e-7, 9.008e-7, 1.643e-6, 7.420e-7
0.772, 8.799e-7, 1.663e-6, 7.836e-7, 8.794e-7, 1.622e-6, 7.430e-7, 9.389e-7, 1.696e-6, 7.569e-7, 9.674e-7, 1.711e-6, 7.437e-7
0.776, 9.422e-7, 1.728e-6, 7.856e-7, 9.478e-7, 1.693e-6, 7.449e-7, 1.009e-6, 1.768e-6, 7.587e-7, 1.041e-6, 1.786e-6, 7.456e-7
0.780, 1.010e-6, 1.798e-6, 7.885e-7, 1.023e-6, 1.770e-6, 7.474e-7, 1.085e-6, 1.846e-6, 7.617e-7, 1.121e-6, 1.869e-6, 7.484e-7
0.784, 1.086e-6, 1.877e-6, 7.919e-7, 1.106e-6, 1.857e-6, 7.508e-7, 1.169e-6, 1.934e-6, 7.655e-7, 1.210e-6, 1.962e-6, 7.524e-7
0.788, 1.168e-6, 1.964e-6, 7.963e-7, 1.197e-6, 1.952e-6, 7.550e-7, 1.260e-6, 2.031e-6, 7.704e-7, 1.306e-6, 2.064e-6, 7.577e-7
0.792, 1.258e-6, 2.060e-6, 8.022e-7, 1.295e-6, 2.057e-6, 7.612e-7, 1.360e-6, 2.137e-6, 7.771e-7, 1.413e-6, 2.177e-6, 7.640e-7
0.796, 1.357e-6, 2.166e-6, 8.094e-7, 1.404e-6, 2.173e-6, 7.684e-7, 1.470e-6, 2.255e-6, 7.849e-7, 1.529e-6, 2.301e-6, 7.726e-7
0.800, 1.465e-6, 2.283e-6, 8.184e-7, 1.522e-6, 2.300e-6, 7.778e-7, 1.589e-6, 2.384e-6, 7.953e-7, 1.655e-6, 2.438e-6, 7.835e-7
