0.002, 1.498e-6, -1.035e-6, 1.328e-6, -1.076e-6, 1.538e-6, -1.244e-6, 1.341e-6, -1.563e-6
0.003, 1.342e-6, -6.064e-7, 1.182e-6, -6.765e-7, 1.366e-6, -8.036e-7, 1.214e-6, -1.051e-6
0.004, 1.270e-6, -4.357e-7, 1.115e-6, -5.158e-7, 1.290e-6, -6.204e-7, 1.164e-6, -8.362e-7
0.005, 1.233e-6, -3.492e-7, 1.100e-6, -4.282e-7, 1.251e-6, -5.109e-7, 1.122e-6, -7.028e-7
0.006, 1.206e-6, -2.913e-7, 1.066e-6, -3.624e-7, 1.222e-6, -4.334e-7, 1.100e-6, -6.170e-7
0.007, 1.175e-6, -2.462e-7, 1.065e-6, -3.180e-7, 1.207e-6, -3.947e-7, 1.064e-6, -5.607e-7
0.008, 1.157e-6, -2.167e-7, 1.024e-6, -2.784e-7, 1.175e-6, -3.505e-7, 1.063e-6, -5.084e-7
0.009, 1.147e-6, -1.991e-7, 1.018e-6, -2.546e-7, 1.152e-6, -3.141e-7, 1.048e-6, -4.652e-7
0.010, 1.136e-6, -1.673e-7, 1.007e-6, -2.311e-7, 1.146e-6, -2.953e-7, 1.041e-6, -4.492e-7
0.011, 1.116e-6, -1.649e-7, 9.922e-7, -2.097e-7, 1.137e-6, -2.644e-7, 1.033e-6, -4.095e-7
0.012, 1.112e-6, -1.447e-7, 9.842e-7, -1.981e-7, 1.118e-6, -2.487e-7, 1.018e-6, -3.882e-7
0.013, 1.103e-6, -1.353e-7, 9.815e-7, -1.855e-7, 1.114e-6, -2.338e-7, 1.014e-6, -3.681e-7
0.014, 1.086e-6, -1.265e-7, 9.729e-7, -1.739e-7, 1.100e-6, -2.124e-7, 1.015e-6, -3.454e-7
0.015, 1.080e-6, -1.139e-7, 9.801e-7, -1.550e-7, 1.091e-6, -2.039e-7, 9.747e-7, -3.326e-7
0.016, 1.074e-6, -1.047e-7, 9.592e-7, -1.485e-7, 1.090e-6, -1.938e-7, 9.989e-7, -3.202e-7
0.017, 1.060e-6, -1.025e-7, 9.520e-7, -1.442e-7, 1.086e-6, -1.867e-7, 1.004e-6, -2.972e-7
0.018, 1.058e-6, -8.967e-8, 9.587e-7, -1.301e-7, 1.071e-6, -1.742e-7, 9.857e-7, -2.982e-7
0.019, 1.064e-6, -9.189e-8, 9.319e-7, -1.234e-7, 1.070e-6, -1.633e-7, 9.796e-7, -2.789e-7
0.020, 1.051e-6, -7.879e-8, 9.404e-7, -1.171e-7, 1.070e-6, -1.633e-7, 9.820e-7, -2.731e-7
0.021, 1.064e-6, -7.008e-8, 9.436e-7, -1.136e-7, 1.046e-6, -1.533e-7, 9.762e-7, -2.570e-7
0.022, 1.051e-6, -7.015e-8, 9.412e-7, -1.016e-7, 1.050e-6, -1.386e-7, 9.685e-7, -2.600e-7
0.023, 1.036e-6, -7.508e-8, 9.232e-7, -9.454e-8, 1.053e-6, -1.366e-7, 9.717e-7, -2.507e-7
0.024, 1.033e-6, -6.602e-8, 9.312e-7, -9.521e-8, 1.046e-6, -1.333e-7, 9.543e-7, -2.391e-7
0.025, 1.046e-6, -5.745e-8, 9.195e-7, -9.031e-8, 1.036e-6, -1.279e-7, 9.635e-7, -2.303e-7
0.026, 1.022e-6, -5.587e-8, 9.188e-7, -9.098e-8, 1.052e-6, -1.187e-7, 9.587e-7, -2.177e-7
0.027, 1.037e-6, -5.606e-8, 9.165e-7, -7.753e-8, 1.040e-6, -1.177e-7, 9.557e-7, -2.141e-7
0.028, 1.010e-6, -5.163e-8, 9.188e-7, -7.778e-8, 1.048e-6, -1.061e-7, 9.589e-7, -2.089e-7
0.029, 1.010e-6, -5.022e-8, 9.122e-7, -7.298e-8, 1.033e-6, -1.102e-7, 9.425e-7, -1.999e-7
0.030, 1.024e-6, -5.064e-8, 9.235e-7, -7.513e-8, 1.029e-6, -9.965e-8, 9.428e-7, -1.956e-7
0.031, 1.014e-6, -3.984e-8, 9.025e-7, -7.540e-8, 1.028e-6, -1.032e-7, 9.418e-7, -1.898e-7
0.032, 1.019e-6, -4.405e-8, 8.986e-7, -7.377e-8, 1.024e-6, -9.160e-8, 9.476e-7, -1.899e-7
0.033, 1.008e-6, -4.225e-8, 8.935e-7, -7.260e-8, 1.019e-6, -8.730e-8, 9.427e-7, -1.760e-7
0.034, 1.006e-6, -3.992e-8, 8.951e-7, -5.770e-8, 1.020e-6, -8.368e-8, 9.473e-7, -1.831e-7
0.035, 1.003e-6, -3.957e-8, 9.032e-7, -5.975e-8, 1.020e-6, -8.502e-8, 9.361e-7, -1.745e-7
0.036, 9.986e-7, -3.643e-8, 8.906e-7, -5.700e-8, 1.018e-6, -8.427e-8, 9.270e-7, -1.656e-7
0.037, 1.010e-6, -3.974e-8, 9.002e-7, -5.772e-8, 1.001e-6, -7.266e-8, 9.348e-7, -1.637e-7
0.038, 1.001e-6, -3.261e-8, 8.942e-7, -5.215e-8, 1.016e-6, -7.717e-8, 9.229e-7, -1.586e-7
0.039, 9.975e-7, -2.776e-8, 8.871e-7, -5.076e-8, 1.010e-6, -7.261e-8, 9.233e-7, -1.557e-7
0.040, 1.000e-6, -2.397e-8, 8.872e-7, -5.242e-8, 1.009e-6, -7.771e-8, 9.321e-7, -1.510e-7
0.041, 1.002e-6, -3.207e-8, 8.886e-7, -4.816e-8, 1.004e-6, -6.414e-8, 9.434e-7, -1.515e-7
0.042, 9.969e-7, -2.731e-8, 9.037e-7, -4.556e-8, 1.010e-6, -6.414e-8, 9.169e-7, -1.497e-7
0.043, 9.955e-7, -2.333e-8, 8.754e-7, -4.225e-8, 9.981e-7, -6.476e-8, 9.270e-7, -1.460e-7
0.044, 9.941e-7, -3.427e-8, 8.882e-7, -4.762e-8, 1.007e-6, -5.610e-8, 9.278e-7, -1.328e-7
0.045, 9.918e-7, -2.065e-8, 8.751e-7, -4.190e-8, 1.009e-6, -6.820e-8, 9.372e-7, -1.383e-7
0.046, 9.885e-7, -1.701e-8, 8.808e-7, -3.705e-8, 1.006e-6, -6.063e-8, 9.185e-7, -1.329e-7
0.047, 9.687e-7, -1.535e-8, 8.830e-7, -4.462e-8, 1.010e-6, -5.681e-8, 9.162e-7, -1.270e-7
0.048, 9.783e-7, -2.038e-8, 8.809e-7, -3.536e-8, 1.004e-6, -5.132e-8, 9.120e-7, -1.309e-7
0.049, 9.885e-7, -1.766e-8, 8.805e-7, -3.655e-8, 1.002e-6, -5.270e-8, 9.090e-7, -1.243e-7
0.050, 9.787e-7, -1.998e-8, 8.777e-7, -3.861e-8, 1.001e-6, -4.934e-8, 9.133e-7, -1.245e-7
0.051, 9.802e-7, -1.932e-8, 8.804e-7, -3.298e-8, 1.004e-6, -4.708e-8, 9.248e-7, -1.178e-7
0.052, 9.808e-7, -1.478e-8, 8.872e-7, -4.096e-8, 9.981e-7, -4.347e-8, 9.211e-7, -1.169e-7
0.053, 9.823e-7, -1.102e-8, 8.830e-7, -3.400e-8, 1.004e-6, -4.463e-8, 9.213e-7, -1.160e-7
0.054, 9.939e-7, -2.080e-8, 8.775e-7, -3.685e-8, 9.984e-7, -4.602e-8, 9.211e-7, -1.114e-7
0.055, 9.781e-7, -1.033e-8, 8.833e-7, -2.766e-8, 9.994e-7, -4.151e-8, 9.164e-7, -1.156e-7
0.056, 9.871e-7, -1.511e-8, 8.756e-7, -3.021e-8, 9.960e-7, -3.822e-8, 9.203e-7, -1.075e-7
0.057, 9.799e-7, -1.216e-8, 8.677e-7, -3.048e-8, 9.963e-7, -4.550e-8, 9.212e-7, -1.072e-7
0.058, 9.781e-7, -1.223e-8, 8.692e-7, -2.692e-8, 9.985e-7, -4.067e-8, 9.222e-7, -1.096e-7
0.059, 9.763e-7, -6.514e-9, 8.766e-7, -2.974e-8, 9.978e-7, -4.151e-8, 9.151e-7, -1.004e-7
0.060, 9.750e-7, -1.112e-8, 8.810e-7, -2.308e-8, 1.012e-6, -3.574e-8, 9.171e-7, -1.048e-7
0.061, 9.766e-7, -2.117e-8, 8.662e-7, -2.583e-8, 1.001e-6, -3.076e-8, 9.131e-7, -9.784e-8
0.062, 9.747e-7, -9.139e-9, 8.822e-7, -2.048e-8, 1.004e-6, -3.148e-8, 8.928e-7, -9.697e-8
0.063, 9.816e-7, -1.100e-8, 8.796e-7, -2.457e-8, 9.967e-7, -2.881e-8, 9.120e-7, -1.015e-7
0.064, 9.727e-7, -5.078e-9, 8.749e-7, -2.481e-8, 9.955e-7, -3.530e-8, 9.087e-7, -9.709e-8
0.065, 9.857e-7, -1.290e-8, 8.827e-7, -2.308e-8, 9.905e-7, -2.648e-8, 9.044e-7, -9.353e-8
0.066, 9.725e-7, -7.084e-9, 8.813e-7, -2.892e-8, 1.014e-6, -2.826e-8, 9.168e-7, -8.635e-8
0.067, 9.794e-7, -5.400e-9, 8.702e-7, -2.149e-8, 1.006e-6, -3.079e-8, 9.188e-7, -8.815e-8
0.068, 9.777e-7, -4.880e-9, 8.681e-7, -1.776e-8, 9.999e-7, -2.480e-8, 9.095e-7, -9.323e-8
0.069, 9.855e-7, -7.604e-9, 8.737e-7, -2.380e-8, 9.921e-7, -2.024e-8, 9.113e-7, -7.661e-8
0.070, 9.628e-7, 9.392e-10, 8.890e-7, -2.100e-8, 1.009e-6, -2.517e-8, 9.067e-7, -8.189e-8
0.071, 9.826e-7, -2.181e-9, 8.820e-7, -1.907e-8, 1.002e-6, -2.358e-8, 8.972e-7, -7.496e-8
0.072, 9.768e-7, -8.867e-9, 8.886e-7, -1.181e-8, 1.008e-6, -1.313e-8, 9.079e-7, -7.634e-8
0.073, 9.908e-7, -2.478e-9, 8.748e-7, -1.820e-8, 9.913e-7, -2.034e-8, 9.144e-7, -7.419e-8
0.074, 9.915e-7, -7.331e-9, 8.782e-7, -2.355e-8, 9.869e-7, -1.303e-8, 9.169e-7, -7.545e-8
0.075, 9.818e-7, 1.930e-9, 8.776e-7, -1.875e-8, 1.010e-6, -2.282e-8, 9.066e-7, -7.127e-8
0.076, 9.814e-7, -9.139e-9, 8.824e-7, -1.716e-8, 1.003e-6, -1.435e-8, 9.124e-7, -6.956e-8
0.077, 9.927e-7, -2.602e-9, 8.816e-7, -2.107e-8, 1.004e-6, -1.714e-8, 9.125e-7, -6.621e-8
0.078, 9.763e-7, -5.375e-9, 8.885e-7, -1.825e-8, 1.014e-6, -1.511e-8, 9.152e-7, -6.968e-8
0.079, 9.897e-7, 3.044e-9, 8.872e-7, -5.449e-9, 1.019e-6, -1.051e-8, 9.136e-7, -7.055e-8
0.080, 9.891e-7, 4.192e-10, 8.822e-7, -1.575e-8, 1.004e-6, -1.086e-8, 9.110e-7, -5.750e-8
0.081, 9.803e-7, -3.097e-9, 8.902e-7, -1.241e-8, 1.011e-6, -6.274e-9, 9.177e-7, -6.480e-8
0.082, 9.933e-7, -4.228e-10, 8.813e-7, -1.397e-8, 1.001e-6, -8.255e-9, 9.136e-7, -5.812e-8
0.083, 9.925e-7, 3.935e-9, 8.781e-7, -1.251e-8, 1.006e-6, -9.369e-9, 9.217e-7, -6.057e-8
0.084, 9.920e-7, 1.657e-9, 8.780e-7, -1.065e-8, 1.014e-6, -1.244e-8, 9.181e-7, -6.153e-8
0.085, 9.862e-7, 8.153e-10, 8.915e-7, -1.550e-8, 1.012e-6, -9.221e-9, 9.068e-7, -6.210e-8
0.086, 9.998e-7, -2.008e-9, 8.868e-7, -1.174e-8, 1.025e-6, -3.129e-9, 9.157e-7, -5.024e-8
0.087, 1.003e-6, 3.935e-9, 8.954e-7, -9.758e-9, 1.014e-6, -1.029e-8, 9.029e-7, -5.851e-8
0.088, 1.005e-6, -4.228e-10, 8.955e-7, -7.876e-9, 1.006e-6, -9.503e-10, 9.159e-7, -5.480e-8
0.089, 9.999e-7, 1.344e-8, 8.824e-7, -1.223e-8, 1.013e-6, -1.120e-8, 9.144e-7, -5.205e-8
0.090, 9.929e-7, 5.594e-9, 8.939e-7, -7.009e-9, 1.031e-6, -3.724e-9, 9.214e-7, -5.827e-8
0.091, 9.924e-7, 4.554e-9, 8.913e-7, -4.781e-9, 1.025e-6, -6.423e-9, 9.235e-7, -5.700e-8
0.092, 9.877e-7, 5.396e-9, 8.949e-7, -7.480e-9, 1.020e-6, -6.472e-9, 9.170e-7, -5.141e-8
0.093, 1.002e-6, 9.259e-9, 8.959e-7, -7.480e-9, 1.026e-6, -8.404e-9, 9.178e-7, -5.121e-8
0.094, 1.016e-6, 5.223e-9, 9.030e-7, -1.313e-8, 1.023e-6, -4.615e-9, 9.240e-7, -5.158e-8
0.095, 1.008e-6, 4.604e-9, 9.046e-7, -1.204e-8, 1.039e-6, -7.686e-9, 9.115e-7, -4.735e-8
0.096, 1.007e-6, 9.383e-9, 9.003e-7, -4.335e-9, 1.037e-6, -6.200e-9, 9.245e-7, -5.111e-8
0.097, 1.014e-6, 4.852e-9, 9.035e-7, -2.651e-9, 1.034e-6, -9.047e-9, 9.245e-7, -5.383e-8
0.098, 1.016e-6, -2.453e-9, 8.942e-7, -1.322e-8, 1.027e-6, 4.770e-9, 9.376e-7, -4.529e-8
0.099, 1.019e-6, 1.137e-9, 9.191e-7, -6.588e-9, 1.039e-6, -1.446e-9, 9.229e-7, -4.616e-8
0.100, 1.027e-6, 5.693e-9, 9.147e-7, -6.118e-9, 1.048e-6, -6.101e-9, 9.433e-7, -5.225e-8
0.101, 1.025e-6, 1.657e-9, 9.261e-7, -7.158e-9, 1.056e-6, -4.095e-9, 9.356e-7, -5.034e-8
0.102, 1.019e-6, 6.040e-9, 9.288e-7, -1.194e-8, 1.072e-6, -3.798e-9, 9.381e-7, -4.697e-8
0.103, 1.031e-6, 9.012e-9, 9.240e-7, -1.258e-8, 1.065e-6, -5.506e-9, 9.466e-7, -4.581e-8
0.104, 1.051e-6, 3.093e-9, 9.326e-7, -4.360e-9, 1.068e-6, -5.457e-9, 9.515e-7, -5.014e-8
0.105, 1.051e-6, -1.512e-9, 9.359e-7, -1.035e-8, 1.067e-6, 1.328e-9, 9.507e-7, -4.853e-8
0.106, 1.065e-6, 1.583e-9, 9.278e-7, -1.446e-8, 1.067e-6, -3.946e-9, 9.573e-7, -4.041e-8
0.107, 1.052e-6, -1.265e-9, 9.441e-7, -7.752e-9, 1.081e-6, 2.170e-9, 9.610e-7, -4.893e-8
0.108, 1.057e-6, -1.339e-9, 9.443e-7, -1.030e-8, 1.092e-6, -4.798e-10, 9.615e-7, -4.321e-8
0.109, 1.076e-6, 1.137e-9, 9.211e-7, -9.386e-9, 1.066e-6, -2.287e-9, 9.780e-7, -4.418e-8
0.110, 1.063e-6, 5.050e-9, 9.609e-7, -6.118e-9, 1.098e-6, -1.594e-9, 9.611e-7, -4.163e-8
0.111, 1.066e-6, -4.723e-10, 9.537e-7, -1.065e-8, 1.108e-6, -1.421e-9, 9.806e-7, -3.935e-8
0.112, 1.084e-6, 5.446e-9, 9.574e-7, -6.885e-9, 1.100e-6, 1.303e-9, 9.841e-7, -3.737e-8
0.113, 1.081e-6, -6.316e-9, 9.721e-7, -8.099e-9, 1.112e-6, 3.581e-9, 9.776e-7, -4.054e-8
0.114, 1.097e-6, 6.783e-9, 9.738e-7, -7.443e-10, 1.116e-6, -2.386e-9, 9.827e-7, -4.242e-8
0.115, 1.108e-6, 4.356e-9, 9.798e-7, -3.542e-9, 1.118e-6, -1.817e-9, 1.000e-6, -4.081e-8
0.116, 1.108e-6, 2.351e-9, 9.951e-7, -7.108e-9, 1.128e-6, 1.724e-9, 9.939e-7, -3.875e-8
0.117, 1.112e-6, 2.252e-9, 9.895e-7, 1.459e-9, 1.124e-6, 1.145e-10, 1.001e-6, -4.123e-8
0.118, 1.119e-6, 1.050e-8, 9.985e-7, -1.561e-9, 1.130e-6, 4.364e-10, 1.003e-6, -4.019e-8
0.119, 1.141e-6, -5.132e-11, 1.002e-6, -8.445e-9, 1.133e-6, 8.707e-9, 1.008e-6, -2.907e-8
0.120, 1.135e-6, 3.019e-9, 1.004e-6, -6.316e-9, 1.139e-6, 8.212e-9, 1.019e-6, -3.702e-8
0.121, 1.138e-6, 6.808e-9, 1.003e-6, -1.537e-9, 1.140e-6, 2.690e-9, 1.011e-6, -3.323e-8
0.122, 1.137e-6, 1.032e-8, 1.023e-6, -6.984e-9, 1.157e-6, 4.364e-10, 1.012e-6, -3.038e-8
0.123, 1.153e-6, 5.545e-9, 1.020e-6, -3.518e-9, 1.161e-6, 5.463e-9, 1.028e-6, -3.192e-8
0.124, 1.159e-6, 6.833e-9, 1.031e-6, -3.765e-9, 1.167e-6, 3.457e-9, 1.019e-6, -3.279e-8
0.125, 1.172e-6, 1.236e-9, 1.035e-6, -6.453e-10, 1.159e-6, 6.231e-9, 1.029e-6, -3.331e-8
0.126, 1.175e-6, 1.382e-8, 1.033e-6, -4.657e-9, 1.187e-6, -1.025e-9, 1.041e-6, -2.880e-8
0.127, 1.178e-6, 7.452e-9, 1.038e-6, -5.697e-9, 1.184e-6, 1.699e-9, 1.038e-6, -3.397e-8
0.128, 1.173e-6, 1.082e-8, 1.051e-6, -3.468e-9, 1.179e-6, 7.939e-9, 1.044e-6, -3.170e-8
0.129, 1.177e-6, 1.047e-8, 1.044e-6, -2.057e-9, 1.182e-6, 6.751e-9, 1.043e-6, -2.880e-8
0.130, 1.193e-6, 1.292e-8, 1.070e-6, -3.344e-9, 1.199e-6, 5.042e-9, 1.059e-6, -2.385e-8
0.131, 1.198e-6, 9.210e-9, 1.064e-6, 9.147e-10, 1.197e-6, 1.034e-8, 1.048e-6, -2.843e-8
0.132, 1.216e-6, 1.134e-8, 1.070e-6, 2.747e-9, 1.192e-6, 5.067e-9, 1.059e-6, -2.915e-8
0.133, 1.222e-6, 9.012e-9, 1.075e-6, -4.904e-9, 1.204e-6, 6.503e-9, 1.054e-6, -2.922e-8
0.134, 1.224e-6, 1.042e-8, 1.072e-6, -1.215e-9, 1.215e-6, 9.078e-9, 1.072e-6, -2.499e-8
0.135, 1.230e-6, 6.585e-9, 1.096e-6, 2.327e-11, 1.220e-6, 1.170e-8, 1.061e-6, -2.689e-8
0.136, 1.240e-6, 8.021e-9, 1.083e-6, -3.729e-10, 1.224e-6, 5.042e-9, 1.078e-6, -2.144e-8
0.137, 1.240e-6, 1.057e-8, 1.084e-6, -1.190e-9, 1.233e-6, 6.676e-9, 1.078e-6, -2.085e-8
0.138, 1.244e-6, 1.696e-8, 1.117e-6, 3.168e-9, 1.240e-6, 7.816e-9, 1.082e-6, -2.600e-8
0.139, 1.255e-6, 8.194e-9, 1.101e-6, 1.223e-10, 1.242e-6, 1.510e-8, 1.102e-6, -2.330e-8
0.140, 1.249e-6, 1.597e-8, 1.111e-6, 9.890e-10, 1.252e-6, 7.097e-9, 1.099e-6, -2.622e-8
0.141, 1.277e-6, 1.161e-8, 1.115e-6, -2.106e-9, 1.243e-6, 1.183e-8, 1.106e-6, -1.936e-8
0.142, 1.270e-6, 1.203e-8, 1.121e-6, 4.804e-11, 1.261e-6, 1.200e-8, 1.103e-6, -2.090e-8
0.143, 1.268e-6, 8.293e-9, 1.129e-6, -5.301e-9, 1.262e-6, 1.049e-8, 1.104e-6, -2.075e-8
0.144, 1.281e-6, 1.218e-8, 1.124e-6, -9.535e-9, 1.264e-6, 8.435e-9, 1.132e-6, -1.523e-8
0.145, 1.281e-6, 1.644e-8, 1.136e-6, -3.270e-9, 1.281e-6, 5.612e-9, 1.109e-6, -1.714e-8
0.146, 1.278e-6, 9.185e-9, 1.128e-6, 4.530e-9, 1.283e-6, 1.542e-8, 1.123e-6, -2.182e-8
0.147, 1.284e-6, 1.134e-8, 1.137e-6, -1.363e-9, 1.289e-6, 1.455e-8, 1.131e-6, -1.892e-8
0.148, 1.290e-6, 1.644e-8, 1.144e-6, -8.682e-10, 1.292e-6, 4.027e-9, 1.127e-6, -1.979e-8
0.149, 1.306e-6, 1.661e-8, 1.160e-6, 5.818e-9, 1.294e-6, 1.319e-8, 1.132e-6, -2.484e-8
0.150, 1.310e-6, 1.161e-8, 1.159e-6, -2.626e-9, 1.285e-6, 9.326e-9, 1.136e-6, -1.488e-8
0.151, 1.308e-6, 9.457e-9, 1.159e-6, -5.958e-10, 1.300e-6, 1.103e-8, 1.148e-6, -1.317e-8
0.152, 1.327e-6, 1.218e-8, 1.161e-6, -2.403e-9, 1.304e-6, 1.175e-8, 1.138e-6, -1.845e-8
0.153, 1.325e-6, 6.758e-9, 1.158e-6, 8.404e-10, 1.306e-6, 1.787e-8, 1.157e-6, -1.632e-8
0.154, 1.327e-6, 1.379e-8, 1.169e-6, -8.186e-10, 1.315e-6, 1.507e-8, 1.141e-6, -1.330e-8
0.155, 1.329e-6, 1.793e-8, 1.168e-6, 3.416e-9, 1.331e-6, 1.153e-8, 1.165e-6, -1.159e-8
0.156, 1.338e-6, 1.597e-8, 1.187e-6, 7.402e-9, 1.316e-6, 1.250e-8, 1.160e-6, -1.179e-8
0.157, 1.330e-6, 2.228e-8, 1.180e-6, 9.755e-9, 1.336e-6, 1.143e-8, 1.177e-6, -1.672e-8
0.158, 1.335e-6, 1.706e-8, 1.179e-6, -3.642e-9, 1.335e-6, 1.997e-8, 1.182e-6, -7.182e-9
0.159, 1.337e-6, 2.585e-8, 1.187e-6, 7.947e-9, 1.340e-6, 1.267e-8, 1.174e-6, -1.062e-8
0.160, 1.350e-6, 2.097e-8, 1.199e-6, 9.334e-9, 1.351e-6, 1.406e-8, 1.173e-6, -1.256e-8
0.161, 1.334e-6, 1.817e-8, 1.177e-6, 3.218e-9, 1.340e-6, 1.671e-8, 1.191e-6, -2.427e-9
0.162, 1.349e-6, 1.478e-8, 1.198e-6, 2.896e-9, 1.348e-6, 1.574e-8, 1.189e-6, -4.854e-9
0.163, 1.350e-6, 2.219e-8, 1.200e-6, 5.941e-9, 1.355e-6, 1.554e-8, 1.196e-6, -1.246e-8
0.164, 1.356e-6, 1.661e-8, 1.186e-6, 4.976e-9, 1.354e-6, 2.146e-8, 1.207e-6, -9.212e-9
0.165, 1.371e-6, 2.246e-8, 1.199e-6, 3.416e-9, 1.354e-6, 1.802e-8, 1.201e-6, -4.755e-9
0.166, 1.348e-6, 2.132e-8, 1.202e-6, 5.174e-9, 1.372e-6, 1.844e-8, 1.208e-6, -1.038e-8
0.167, 1.362e-6, 2.095e-8, 1.227e-6, 6.437e-9, 1.368e-6, 1.933e-8, 1.207e-6, -5.275e-9
0.168, 1.363e-6, 2.327e-8, 1.229e-6, 8.145e-9, 1.370e-6, 2.072e-8, 1.211e-6, -5.003e-9
0.169, 1.360e-6, 1.674e-8, 1.223e-6, 1.164e-8, 1.376e-6, 2.091e-8, 1.215e-6, -4.483e-9
0.170, 1.360e-6, 1.550e-8, 1.212e-6, 5.496e-9, 1.378e-6, 2.139e-8, 1.225e-6, -2.279e-9
0.171, 1.364e-6, 2.033e-8, 1.224e-6, 1.198e-8, 1.384e-6, 2.129e-8, 1.236e-6, -4.631e-9
0.172, 1.383e-6, 1.674e-8, 1.227e-6, 1.837e-8, 1.377e-6, 2.401e-8, 1.237e-6, -1.052e-8
0.173, 1.366e-6, 2.360e-8, 1.239e-6, 5.075e-9, 1.398e-6, 1.866e-8, 1.230e-6, -2.947e-9
0.174, 1.378e-6, 1.847e-8, 1.242e-6, 8.690e-9, 1.400e-6, 1.787e-8, 1.244e-6, -4.260e-9
0.175, 1.369e-6, 1.812e-8, 1.242e-6, 7.600e-9, 1.407e-6, 1.396e-8, 1.242e-6, 3.020e-9
0.176, 1.382e-6, 2.300e-8, 1.243e-6, 7.947e-9, 1.404e-6, 1.881e-8, 1.241e-6, -3.987e-9
0.177, 1.372e-6, 2.578e-8, 1.250e-6, 2.821e-9, 1.417e-6, 1.599e-8, 1.250e-6, 1.609e-9
0.178, 1.383e-6, 1.854e-8, 1.249e-6, 1.032e-8, 1.413e-6, 2.044e-8, 1.259e-6, -6.940e-10
0.179, 1.389e-6, 2.139e-8, 1.253e-6, 8.418e-9, 1.416e-6, 1.898e-8, 1.248e-6, 5.441e-10
0.180, 1.401e-6, 2.431e-8, 1.243e-6, 6.635e-9, 1.406e-6, 2.587e-8, 1.266e-6, -3.294e-9
0.181, 1.401e-6, 2.204e-8, 1.262e-6, 7.353e-9, 1.419e-6, 2.290e-8, 1.282e-6, -2.650e-9
0.182, 1.405e-6, 2.077e-8, 1.263e-6, 9.210e-9, 1.428e-6, 1.552e-8, 1.290e-6, -1.833e-9
0.183, 1.401e-6, 1.765e-8, 1.278e-6, 1.156e-8, 1.433e-6, 2.329e-8, 1.285e-6, -5.820e-9
0.184, 1.396e-6, 2.310e-8, 1.275e-6, 3.267e-9, 1.431e-6, 1.641e-8, 1.275e-6, 6.611e-9
0.185, 1.403e-6, 1.827e-8, 1.274e-6, 7.031e-9, 1.443e-6, 2.094e-8, 1.296e-6, -3.864e-9
0.186, 1.409e-6, 1.315e-8, 1.281e-6, 9.978e-9, 1.444e-6, 2.245e-8, 1.289e-6, 2.500e-9
0.187, 1.421e-6, 2.199e-8, 1.271e-6, 9.260e-9, 1.433e-6, 1.799e-8, 1.313e-6, 1.262e-9
0.188, 1.403e-6, 1.845e-8, 1.294e-6, 8.740e-9, 1.466e-6, 2.297e-8, 1.314e-6, -1.858e-9
0.189, 1.414e-6, 1.656e-8, 1.296e-6, 9.680e-9, 1.457e-6, 1.960e-8, 1.309e-6, -3.319e-9
0.190, 1.423e-6, 1.599e-8, 1.304e-6, 7.700e-9, 1.449e-6, 1.839e-8, 1.311e-6, -2.730e-10
0.191, 1.426e-6, 2.127e-8, 1.302e-6, 9.284e-9, 1.466e-6, 1.765e-8, 1.331e-6, 3.342e-9
0.192, 1.414e-6, 2.454e-8, 1.312e-6, 1.166e-8, 1.484e-6, 1.861e-8, 1.322e-6, -3.566e-9
0.193, 1.420e-6, 2.867e-8, 1.317e-6, 1.426e-8, 1.480e-6, 1.656e-8, 1.346e-6, -5.498e-9
0.194, 1.439e-6, 2.028e-8, 1.313e-6, 1.572e-8, 1.489e-6, 2.577e-8, 1.351e-6, -1.264e-9
0.195, 1.443e-6, 1.931e-8, 1.335e-6, 6.981e-9, 1.490e-6, 1.718e-8, 1.351e-6, 6.091e-9
0.196, 1.438e-6, 1.763e-8, 1.329e-6, 1.250e-8, 1.495e-6, 2.760e-8, 1.355e-6, -4.136e-9
0.197, 1.449e-6, 1.716e-8, 1.331e-6, 6.016e-9, 1.498e-6, 2.654e-8, 1.371e-6, 5.441e-10
0.198, 1.455e-6, 2.280e-8, 1.341e-6, 1.231e-8, 1.505e-6, 2.156e-8, 1.371e-6, 4.011e-9
0.199, 1.451e-6, 1.530e-8, 1.342e-6, 1.129e-8, 1.512e-6, 2.750e-8, 1.388e-6, -5.052e-9
0.200, 1.448e-6, 1.926e-8, 1.340e-6, 7.303e-9, 1.520e-6, 2.361e-8, 1.381e-6, 6.735e-9
0.201, 1.485e-6, 1.656e-8, 1.346e-6, 1.144e-8, 1.521e-6, 2.334e-8, 1.410e-6, 1.411e-9
0.202, 1.475e-6, 2.058e-8, 1.368e-6, 1.159e-8, 1.539e-6, 1.908e-8, 1.404e-6, 2.717e-10
0.203, 1.479e-6, 2.459e-8, 1.360e-6, 4.183e-9, 1.540e-6, 2.356e-8, 1.411e-6, 1.290e-8
0.204, 1.488e-6, 2.209e-8, 1.391e-6, 9.953e-9, 1.556e-6, 2.941e-8, 1.416e-6, -4.711e-10
0.205, 1.486e-6, 1.438e-8, 1.379e-6, 1.434e-8, 1.564e-6, 2.663e-8, 1.437e-6, 4.382e-9
0.206, 1.502e-6, 2.496e-8, 1.406e-6, 9.656e-9, 1.566e-6, 2.156e-8, 1.421e-6, 3.144e-9
0.207, 1.500e-6, 2.288e-8, 1.395e-6, 1.753e-8, 1.574e-6, 2.763e-8, 1.452e-6, 6.413e-9
0.208, 1.509e-6, 1.988e-8, 1.411e-6, 6.115e-9, 1.580e-6, 2.711e-8, 1.448e-6, 8.666e-9
0.209, 1.514e-6, 2.350e-8, 1.423e-6, 1.292e-8, 1.587e-6, 2.223e-8, 1.435e-6, 1.146e-8
0.210, 1.517e-6, 2.818e-8, 1.425e-6, 9.482e-9, 1.597e-6, 2.007e-8, 1.452e-6, 6.982e-9
0.211, 1.535e-6, 2.303e-8, 1.432e-6, 8.492e-9, 1.592e-6, 3.003e-8, 1.461e-6, 1.471e-8
0.212, 1.531e-6, 1.795e-8, 1.437e-6, 1.005e-8, 1.596e-6, 3.201e-8, 1.484e-6, 8.963e-9
0.213, 1.540e-6, 1.963e-8, 1.443e-6, 9.631e-9, 1.618e-6, 2.740e-8, 1.481e-6, 1.364e-8
0.214, 1.559e-6, 2.449e-8, 1.453e-6, 1.560e-8, 1.618e-6, 2.723e-8, 1.490e-6, 5.076e-9
0.215, 1.565e-6, 2.389e-8, 1.463e-6, 2.065e-8, 1.613e-6, 2.708e-8, 1.499e-6, 4.853e-9
0.216, 1.564e-6, 3.169e-8, 1.473e-6, 1.478e-8, 1.641e-6, 2.720e-8, 1.507e-6, 1.404e-8
0.217, 1.555e-6, 2.607e-8, 1.478e-6, 1.674e-8, 1.650e-6, 2.936e-8, 1.504e-6, 1.639e-8
0.218, 1.571e-6, 2.766e-8, 1.484e-6, 1.741e-8, 1.654e-6, 2.295e-8, 1.535e-6, 1.253e-8
0.219, 1.581e-6, 2.706e-8, 1.500e-6, 1.852e-8, 1.666e-6, 2.936e-8, 1.532e-6, 1.726e-8
0.220, 1.580e-6, 2.454e-8, 1.497e-6, 1.364e-8, 1.680e-6, 2.451e-8, 1.537e-6, 1.775e-8
0.221, 1.585e-6, 3.670e-8, 1.511e-6, 1.555e-8, 1.682e-6, 2.629e-8, 1.548e-6, 2.154e-8
0.222, 1.608e-6, 2.860e-8, 1.521e-6, 1.550e-8, 1.688e-6, 3.523e-8, 1.564e-6, 2.035e-8
0.223, 1.615e-6, 2.986e-8, 1.525e-6, 2.020e-8, 1.705e-6, 3.005e-8, 1.571e-6, 8.938e-9
0.224, 1.628e-6, 2.904e-8, 1.534e-6, 1.800e-8, 1.701e-6, 3.911e-8, 1.570e-6, 1.652e-8
0.225, 1.642e-6, 2.647e-8, 1.554e-6, 2.025e-8, 1.719e-6, 3.129e-8, 1.604e-6, 1.624e-8
0.226, 1.651e-6, 2.929e-8, 1.556e-6, 2.100e-8, 1.728e-6, 3.260e-8, 1.614e-6, 1.567e-8
0.227, 1.648e-6, 2.669e-8, 1.586e-6, 1.827e-8, 1.738e-6, 3.505e-8, 1.599e-6, 1.761e-8
0.228, 1.655e-6, 3.219e-8, 1.564e-6, 2.137e-8, 1.742e-6, 3.102e-8, 1.626e-6, 1.934e-8
0.229, 1.659e-6, 3.249e-8, 1.588e-6, 2.095e-8, 1.755e-6, 3.382e-8, 1.644e-6, 2.169e-8
0.230, 1.676e-6, 2.815e-8, 1.593e-6, 2.110e-8, 1.754e-6, 3.530e-8, 1.648e-6, 2.248e-8
0.231, 1.683e-6, 3.415e-8, 1.605e-6, 1.664e-8, 1.775e-6, 3.627e-8, 1.648e-6, 2.070e-8
0.232, 1.712e-6, 3.838e-8, 1.609e-6, 2.216e-8, 1.774e-6, 2.654e-8, 1.676e-6, 2.025e-8
0.233, 1.705e-6, 3.286e-8, 1.633e-6, 2.201e-8, 1.791e-6, 3.533e-8, 1.656e-6, 2.132e-8
0.234, 1.705e-6, 3.556e-8, 1.637e-6, 2.630e-8, 1.804e-6, 3.060e-8, 1.675e-6, 1.832e-8
0.235, 1.716e-6, 3.848e-8, 1.658e-6, 1.924e-8, 1.814e-6, 3.572e-8, 1.683e-6, 2.801e-8
0.236, 1.736e-6, 3.496e-8, 1.656e-6, 1.746e-8, 1.831e-6, 3.800e-8, 1.713e-6, 2.226e-8
0.237, 1.734e-6, 3.075e-8, 1.661e-6, 2.617e-8, 1.842e-6, 3.666e-8, 1.713e-6, 1.951e-8
0.238, 1.751e-6, 2.795e-8, 1.678e-6, 2.025e-8, 1.841e-6, 4.176e-8, 1.734e-6, 2.632e-8
0.239, 1.758e-6, 3.479e-8, 1.704e-6, 2.357e-8, 1.858e-6, 3.483e-8, 1.739e-6, 2.370e-8
0.240, 1.776e-6, 3.308e-8, 1.705e-6, 2.122e-8, 1.858e-6, 3.300e-8, 1.740e-6, 2.486e-8
0.241, 1.786e-6, 3.682e-8, 1.725e-6, 2.523e-8, 1.875e-6, 3.533e-8, 1.758e-6, 2.857e-8
0.242, 1.784e-6, 3.660e-8, 1.740e-6, 2.050e-8, 1.900e-6, 3.102e-8, 1.763e-6, 2.340e-8
0.243, 1.807e-6, 3.209e-8, 1.755e-6, 2.154e-8, 1.889e-6, 3.547e-8, 1.772e-6, 2.439e-8
0.244, 1.816e-6, 4.019e-8, 1.760e-6, 2.149e-8, 1.906e-6, 3.835e-8, 1.787e-6, 2.065e-8
0.245, 1.830e-6, 3.667e-8, 1.772e-6, 1.996e-8, 1.925e-6, 3.632e-8, 1.811e-6, 2.966e-8
0.246, 1.839e-6, 3.558e-8, 1.776e-6, 2.162e-8, 1.939e-6, 3.664e-8, 1.826e-6, 1.897e-8
0.247, 1.858e-6, 3.442e-8, 1.784e-6, 1.855e-8, 1.931e-6, 3.466e-8, 1.826e-6, 2.692e-8
0.248, 1.850e-6, 3.447e-8, 1.803e-6, 2.204e-8, 1.953e-6, 3.491e-8, 1.838e-6, 2.278e-8
0.249, 1.868e-6, 3.157e-8, 1.814e-6, 2.169e-8, 1.969e-6, 3.005e-8, 1.855e-6, 2.105e-8
0.250, 1.889e-6, 3.340e-8, 1.844e-6, 2.288e-8, 1.985e-6, 3.498e-8, 1.862e-6, 2.340e-8
0.251, 1.901e-6, 3.818e-8, 1.845e-6, 2.662e-8, 1.983e-6, 3.651e-8, 1.876e-6, 1.827e-8
0.252, 1.920e-6, 3.454e-8, 1.858e-6, 2.241e-8, 1.999e-6, 3.944e-8, 1.898e-6, 2.370e-8
0.253, 1.916e-6, 3.484e-8, 1.867e-6, 2.375e-8, 2.009e-6, 3.669e-8, 1.916e-6, 1.813e-8
0.254, 1.923e-6, 3.187e-8, 1.881e-6, 2.293e-8, 2.025e-6, 3.307e-8, 1.912e-6, 2.129e-8
0.255, 1.946e-6, 2.991e-8, 1.877e-6, 2.223e-8, 2.027e-6, 3.656e-8, 1.936e-6, 2.689e-8
0.256, 1.958e-6, 3.169e-8, 1.901e-6, 2.127e-8, 2.041e-6, 3.765e-8, 1.937e-6, 2.526e-8
0.257, 1.959e-6, 3.246e-8, 1.914e-6, 2.320e-8, 2.047e-6, 4.011e-8, 1.950e-6, 2.474e-8
0.258, 1.975e-6, 3.397e-8, 1.917e-6, 2.159e-8, 2.062e-6, 3.941e-8, 1.974e-6, 2.335e-8
0.259, 1.991e-6, 3.432e-8, 1.939e-6, 2.342e-8, 2.066e-6, 3.327e-8, 1.975e-6, 2.523e-8
0.260, 1.990e-6, 3.610e-8, 1.945e-6, 2.152e-8, 2.081e-6, 3.495e-8, 1.978e-6, 2.689e-8
0.261, 2.009e-6, 3.107e-8, 1.967e-6, 2.065e-8, 2.096e-6, 3.998e-8, 1.988e-6, 2.451e-8
0.262, 2.010e-6, 3.573e-8, 1.965e-6, 2.320e-8, 2.103e-6, 3.429e-8, 1.999e-6, 2.511e-8
0.263, 2.032e-6, 3.504e-8, 1.976e-6, 2.486e-8, 2.105e-6, 3.597e-8, 2.027e-6, 2.115e-8
0.264, 2.025e-6, 3.367e-8, 1.984e-6, 2.375e-8, 2.112e-6, 3.134e-8, 2.015e-6, 2.815e-8
0.265, 2.035e-6, 3.261e-8, 1.984e-6, 2.335e-8, 2.123e-6, 4.107e-8, 2.031e-6, 2.905e-8
0.266, 2.041e-6, 3.984e-8, 1.984e-6, 2.533e-8, 2.130e-6, 3.171e-8, 2.037e-6, 2.199e-8
0.267, 2.053e-6, 3.216e-8, 1.991e-6, 2.709e-8, 2.119e-6, 3.446e-8, 2.038e-6, 1.726e-8
0.268, 2.066e-6, 3.219e-8, 2.001e-6, 2.637e-8, 2.130e-6, 3.877e-8, 2.057e-6, 2.129e-8
0.269, 2.055e-6, 3.521e-8, 2.013e-6, 2.209e-8, 2.139e-6, 3.523e-8, 2.046e-6, 2.897e-8
0.270, 2.073e-6, 3.360e-8, 2.028e-6, 2.726e-8, 2.136e-6, 3.639e-8, 2.039e-6, 2.092e-8
0.271, 2.071e-6, 4.043e-8, 2.014e-6, 2.394e-8, 2.134e-6, 3.523e-8, 2.064e-6, 2.771e-8
0.272, 2.079e-6, 3.137e-8, 2.031e-6, 3.192e-8, 2.140e-6, 3.934e-8, 2.042e-6, 1.969e-8
0.273, 2.080e-6, 3.291e-8, 2.020e-6, 2.471e-8, 2.140e-6, 4.204e-8, 2.057e-6, 2.340e-8
0.274, 2.084e-6, 3.947e-8, 2.028e-6, 2.251e-8, 2.148e-6, 3.699e-8, 2.053e-6, 2.776e-8
0.275, 2.083e-6, 3.600e-8, 2.027e-6, 2.278e-8, 2.125e-6, 3.926e-8, 2.034e-6, 3.009e-8
0.276, 2.072e-6, 3.727e-8, 2.026e-6, 2.610e-8, 2.134e-6, 3.681e-8, 2.028e-6, 2.927e-8
0.277, 2.067e-6, 3.937e-8, 2.019e-6, 2.862e-8, 2.135e-6, 3.488e-8, 2.027e-6, 2.018e-8
0.278, 2.083e-6, 3.826e-8, 2.019e-6, 2.387e-8, 2.122e-6, 4.028e-8, 2.022e-6, 2.981e-8
0.279, 2.068e-6, 3.620e-8, 2.006e-6, 2.597e-8, 2.115e-6, 4.540e-8, 2.014e-6, 2.595e-8
0.280, 2.073e-6, 3.115e-8, 2.001e-6, 3.075e-8, 2.110e-6, 4.075e-8, 2.013e-6, 3.013e-8
0.281, 2.051e-6, 3.467e-8, 1.990e-6, 3.145e-8, 2.104e-6, 3.483e-8, 2.000e-6, 2.612e-8
0.282, 2.060e-6, 3.249e-8, 1.985e-6, 2.880e-8, 2.082e-6, 4.067e-8, 1.987e-6, 2.550e-8
0.283, 2.035e-6, 3.380e-8, 1.976e-6, 3.085e-8, 2.084e-6, 4.204e-8, 1.979e-6, 2.593e-8
0.284, 2.046e-6, 3.603e-8, 1.967e-6, 2.219e-8, 2.077e-6, 3.859e-8, 1.951e-6, 2.810e-8
0.285, 2.021e-6, 3.719e-8, 1.947e-6, 1.577e-8, 2.060e-6, 3.716e-8, 1.944e-6, 3.556e-8
0.286, 2.013e-6, 3.796e-8, 1.951e-6, 2.152e-8, 2.045e-6, 4.320e-8, 1.935e-6, 3.004e-8
0.287, 1.997e-6, 3.818e-8, 1.930e-6, 2.273e-8, 2.038e-6, 3.379e-8, 1.911e-6, 2.803e-8
0.288, 1.995e-6, 3.476e-8, 1.924e-6, 2.261e-8, 2.013e-6, 3.599e-8, 1.883e-6, 2.704e-8
0.289, 1.976e-6, 3.543e-8, 1.899e-6, 1.711e-8, 2.002e-6, 3.879e-8, 1.861e-6, 2.927e-8
0.290, 1.959e-6, 3.788e-8, 1.884e-6, 1.798e-8, 1.985e-6, 3.099e-8, 1.850e-6, 2.429e-8
0.291, 1.936e-6, 2.748e-8, 1.866e-6, 2.020e-8, 1.967e-6, 4.211e-8, 1.824e-6, 2.905e-8
0.292, 1.946e-6, 3.380e-8, 1.828e-6, 2.181e-8, 1.924e-6, 3.815e-8, 1.803e-6, 2.333e-8
0.293, 1.911e-6, 2.956e-8, 1.833e-6, 2.055e-8, 1.916e-6, 3.936e-8, 1.771e-6, 2.380e-8
0.294, 1.905e-6, 3.159e-8, 1.799e-6, 2.753e-8, 1.897e-6, 3.651e-8, 1.735e-6, 2.001e-8
0.295, 1.858e-6, 3.199e-8, 1.772e-6, 1.864e-8, 1.884e-6, 3.491e-8, 1.722e-6, 2.186e-8
0.296, 1.854e-6, 2.850e-8, 1.763e-6, 2.181e-8, 1.854e-6, 3.079e-8, 1.699e-6, 1.723e-8
0.297, 1.823e-6, 2.731e-8, 1.740e-6, 2.139e-8, 1.836e-6, 3.877e-8, 1.660e-6, 2.419e-8
0.298, 1.807e-6, 3.355e-8, 1.713e-6, 2.313e-8, 1.823e-6, 2.735e-8, 1.640e-6, 1.706e-8
0.299, 1.773e-6, 2.904e-8, 1.686e-6, 1.671e-8, 1.788e-6, 2.923e-8, 1.619e-6, 1.944e-8
0.300, 1.769e-6, 3.935e-8, 1.678e-6, 1.954e-8, 1.780e-6, 2.971e-8, 1.581e-6, 1.508e-8
0.301, 1.748e-6, 3.011e-8, 1.641e-6, 1.973e-8, 1.742e-6, 3.226e-8, 1.572e-6, 2.117e-8
0.302, 1.723e-6, 3.236e-8, 1.613e-6, 1.899e-8, 1.720e-6, 3.273e-8, 1.539e-6, 1.424e-8
0.303, 1.700e-6, 2.828e-8, 1.593e-6, 9.656e-9, 1.700e-6, 2.832e-8, 1.515e-6, 2.028e-8
0.304, 1.693e-6, 3.209e-8, 1.562e-6, 1.312e-8, 1.684e-6, 2.980e-8, 1.504e-6, 1.642e-8
0.305, 1.667e-6, 3.467e-8, 1.563e-6, 1.379e-8, 1.663e-6, 2.030e-8, 1.461e-6, 2.006e-8
0.306, 1.655e-6, 2.394e-8, 1.538e-6, 1.706e-8, 1.641e-6, 3.067e-8, 1.466e-6, 1.869e-8
0.307, 1.621e-6, 2.387e-8, 1.512e-6, 1.426e-8, 1.632e-6, 2.795e-8, 1.420e-6, 1.456e-8
0.308, 1.600e-6, 1.842e-8, 1.497e-6, 8.888e-9, 1.609e-6, 2.527e-8, 1.402e-6, 1.154e-8
0.309, 1.590e-6, 2.063e-8, 1.474e-6, 1.258e-8, 1.592e-6, 2.475e-8, 1.396e-6, 9.706e-9
0.310, 1.567e-6, 2.654e-8, 1.453e-6, 9.086e-9, 1.583e-6, 1.730e-8, 1.377e-6, 1.622e-8
0.311, 1.554e-6, 2.367e-8, 1.441e-6, 1.156e-8, 1.558e-6, 2.703e-8, 1.351e-6, 8.864e-9
0.312, 1.537e-6, 2.644e-8, 1.417e-6, 1.295e-8, 1.541e-6, 1.983e-8, 1.333e-6, 8.740e-9
0.313, 1.519e-6, 2.100e-8, 1.410e-6, 3.911e-9, 1.521e-6, 2.376e-8, 1.311e-6, 1.307e-8
0.314, 1.510e-6, 2.808e-8, 1.390e-6, 1.129e-8, 1.508e-6, 1.784e-8, 1.299e-6, 1.733e-9
0.315, 1.494e-6, 2.491e-8, 1.392e-6, 3.713e-9, 1.502e-6, 1.552e-8, 1.284e-6, 1.154e-8
0.316, 1.483e-6, 2.570e-8, 1.363e-6, 1.265e-8, 1.486e-6, 1.527e-8, 1.287e-6, 8.443e-9
0.317, 1.469e-6, 2.045e-8, 1.335e-6, 8.368e-9, 1.472e-6, 1.935e-8, 1.277e-6, 5.497e-9
0.318, 1.461e-6, 1.899e-8, 1.325e-6, 1.330e-8, 1.455e-6, 2.037e-8, 1.263e-6, 3.417e-9
0.319, 1.441e-6, 1.904e-8, 1.339e-6, 1.302e-8, 1.454e-6, 1.727e-8, 1.234e-6, 1.906e-9
0.320, 1.420e-6, 2.137e-8, 1.313e-6, 7.204e-9, 1.449e-6, 1.648e-8, 1.229e-6, 7.824e-9
0.321, 1.415e-6, 2.070e-8, 1.303e-6, 4.505e-9, 1.456e-6, 1.888e-8, 1.234e-6, 4.203e-10
0.322, 1.405e-6, 1.877e-8, 1.307e-6, 1.087e-8, 1.439e-6, 1.678e-8, 1.214e-6, 6.636e-9
0.323, 1.408e-6, 1.471e-8, 1.293e-6, 6.461e-9, 1.421e-6, 2.176e-8, 1.210e-6, 5.917e-9
0.324, 1.400e-6, 1.842e-8, 1.282e-6, 3.416e-9, 1.422e-6, 2.025e-8, 1.218e-6, 5.298e-9
0.325, 1.388e-6, 1.785e-8, 1.273e-6, 1.245e-8, 1.412e-6, 1.658e-8, 1.202e-6, 1.287e-9
0.326, 1.388e-6, 2.058e-8, 1.255e-6, 7.155e-9, 1.396e-6, 1.715e-8, 1.201e-6, 7.577e-9
0.327, 1.380e-6, 1.941e-8, 1.258e-6, 9.458e-9, 1.392e-6, 2.163e-8, 1.181e-6, 2.717e-10
0.328, 1.367e-6, 2.142e-8, 1.241e-6, 5.545e-9, 1.388e-6, 1.616e-8, 1.183e-6, 4.060e-9
0.329, 1.339e-6, 2.228e-8, 1.228e-6, 7.031e-9, 1.407e-6, 1.094e-8, 1.194e-6, 3.169e-9
0.330, 1.345e-6, 1.362e-8, 1.236e-6, 4.976e-9, 1.386e-6, 2.235e-8, 1.171e-6, 3.491e-9
0.331, 1.342e-6, 1.854e-8, 1.246e-6, 8.888e-9, 1.383e-6, 1.354e-8, 1.152e-6, 1.733e-9
0.332, 1.332e-6, 1.785e-8, 1.227e-6, 1.181e-8, 1.379e-6, 1.636e-8, 1.154e-6, 6.679e-10
0.333, 1.324e-6, 2.459e-8, 1.217e-6, 4.282e-9, 1.367e-6, 7.444e-9, 1.154e-6, 4.457e-9
0.334, 1.322e-6, 1.750e-8, 1.209e-6, 3.317e-9, 1.365e-6, 1.846e-8, 1.152e-6, 4.184e-9
0.335, 1.311e-6, 1.869e-8, 1.208e-6, 6.709e-9, 1.350e-6, 1.302e-8, 1.136e-6, 1.857e-9
0.336, 1.310e-6, 1.674e-8, 1.192e-6, 1.065e-8, 1.353e-6, 2.188e-8, 1.145e-6, 4.110e-9
0.337, 1.303e-6, 1.297e-8, 1.177e-6, 6.957e-9, 1.345e-6, 1.827e-8, 1.153e-6, 1.510e-9
0.338, 1.295e-6, 1.547e-8, 1.180e-6, 4.654e-9, 1.340e-6, 1.235e-8, 1.147e-6, 6.165e-9
0.339, 1.274e-6, 1.949e-8, 1.180e-6, 9.532e-9, 1.346e-6, 1.866e-8, 1.133e-6, 8.165e-10
0.340, 1.299e-6, 2.060e-8, 1.172e-6, 6.040e-9, 1.329e-6, 1.601e-8, 1.132e-6, 4.159e-9
0.341, 1.286e-6, 2.243e-8, 1.164e-6, -3.977e-10, 1.331e-6, 1.086e-8, 1.129e-6, 9.434e-9
0.342, 1.296e-6, 1.466e-8, 1.163e-6, 6.671e-10, 1.325e-6, 1.792e-8, 1.132e-6, 1.089e-8
0.343, 1.269e-6, 1.575e-8, 1.176e-6, 6.486e-9, 1.335e-6, 1.604e-8, 1.121e-6, 6.017e-9
0.344, 1.271e-6, 1.535e-8, 1.165e-6, 8.962e-9, 1.323e-6, 1.371e-8, 1.113e-6, -2.353e-9
0.345, 1.275e-6, 1.575e-8, 1.151e-6, -1.005e-10, 1.324e-6, 1.596e-8, 1.122e-6, 3.317e-9
0.346, 1.259e-6, 1.614e-8, 1.175e-6, 3.699e-10, 1.307e-6, 1.720e-8, 1.102e-6, 6.710e-9
0.347, 1.258e-6, 1.421e-8, 1.162e-6, 2.772e-9, 1.322e-6, 2.225e-8, 1.101e-6, 5.373e-9
0.348, 1.263e-6, 1.966e-8, 1.139e-6, 6.164e-9, 1.322e-6, 1.401e-8, 1.121e-6, 4.977e-9
0.349, 1.260e-6, 1.671e-8, 1.145e-6, 2.623e-9, 1.308e-6, 1.019e-8, 1.115e-6, 8.165e-10
0.350, 1.255e-6, 1.337e-8, 1.145e-6, -3.482e-10, 1.314e-6, 1.705e-8, 1.098e-6, 3.813e-9
0.351, 1.255e-6, 1.565e-8, 1.126e-6, 5.298e-9, 1.303e-6, 1.616e-8, 1.105e-6, -1.239e-9
0.352, 1.242e-6, 1.686e-8, 1.124e-6, 2.202e-9, 1.302e-6, 1.089e-8, 1.099e-6, 3.243e-9
0.353, 1.249e-6, 1.788e-8, 1.130e-6, 3.663e-9, 1.309e-6, 1.113e-8, 1.108e-6, 8.641e-9
0.354, 1.236e-6, 9.160e-9, 1.130e-6, 5.842e-9, 1.304e-6, 2.082e-8, 1.091e-6, 1.727e-10
0.355, 1.225e-6, 7.055e-9, 1.124e-6, 1.905e-9, 1.296e-6, 1.742e-8, 1.095e-6, -1.115e-9
0.356, 1.238e-6, 1.503e-8, 1.108e-6, 2.103e-9, 1.282e-6, 9.524e-9, 1.100e-6, 3.070e-9
0.357, 1.232e-6, 9.655e-9, 1.123e-6, 6.833e-9, 1.286e-6, 1.500e-8, 1.081e-6, -1.907e-9
0.358, 1.225e-6, 2.006e-8, 1.118e-6, -2.577e-9, 1.282e-6, 7.419e-9, 1.094e-6, 4.704e-9
0.359, 1.219e-6, 1.921e-8, 1.109e-6, 2.673e-9, 1.289e-6, 1.584e-8, 1.090e-6, 1.039e-9
0.360, 1.225e-6, 1.300e-8, 1.121e-6, 3.688e-9, 1.286e-6, 1.666e-8, 1.077e-6, -5.454e-10
0.361, 1.218e-6, 1.206e-8, 1.100e-6, 4.159e-9, 1.284e-6, 1.626e-8, 1.086e-6, 5.194e-10
0.362, 1.216e-6, 1.926e-8, 1.104e-6, -7.577e-11, 1.284e-6, 1.316e-8, 1.073e-6, 4.060e-9
0.363, 1.218e-6, 1.394e-8, 1.095e-6, -6.316e-9, 1.271e-6, 1.465e-8, 1.083e-6, 3.243e-9
0.364, 1.215e-6, 1.149e-8, 1.099e-6, -8.434e-10, 1.272e-6, 1.651e-8, 1.077e-6, 2.921e-9
0.365, 1.208e-6, 1.936e-8, 1.089e-6, 8.764e-9, 1.266e-6, 1.004e-8, 1.070e-6, -2.724e-9
0.366, 1.202e-6, 1.344e-8, 1.102e-6, -2.701e-9, 1.278e-6, 9.103e-9, 1.070e-6, 7.032e-9
0.367, 1.197e-6, 1.495e-8, 1.077e-6, 7.080e-9, 1.269e-6, 1.061e-8, 1.081e-6, -2.254e-9
0.368, 1.191e-6, 1.698e-8, 1.082e-6, 1.608e-9, 1.276e-6, 8.657e-9, 1.073e-6, -3.022e-9
0.369, 1.212e-6, 1.552e-8, 1.083e-6, 3.366e-9, 1.251e-6, 1.230e-8, 1.076e-6, 3.213e-10
0.370, 1.196e-6, 1.503e-8, 1.077e-6, 1.732e-9, 1.263e-6, 4.646e-9, 1.065e-6, 2.897e-9
0.371, 1.204e-6, 1.399e-8, 1.070e-6, 1.039e-9, 1.250e-6, 1.252e-8, 1.068e-6, -3.665e-9
0.372, 1.187e-6, 1.562e-8, 1.076e-6, 2.079e-9, 1.252e-6, 9.078e-9, 1.060e-6, 2.079e-9
0.373, 1.186e-6, 1.357e-8, 1.083e-6, 3.812e-9, 1.256e-6, 6.924e-9, 1.046e-6, 4.407e-9
0.374, 1.193e-6, 1.404e-8, 1.068e-6, 1.608e-9, 1.251e-6, 8.459e-9, 1.064e-6, -4.978e-9
0.375, 1.188e-6, 9.433e-9, 1.075e-6, -1.710e-9, 1.241e-6, 9.177e-9, 1.054e-6, 5.571e-9
0.376, 1.174e-6, 1.325e-8, 1.062e-6, 2.920e-9, 1.253e-6, 6.998e-9, 1.058e-6, -2.601e-9
0.377, 1.180e-6, 1.253e-8, 1.055e-6, 2.351e-9, 1.255e-6, 1.143e-8, 1.069e-6, -3.721e-10
0.378, 1.179e-6, 6.610e-9, 1.067e-6, 2.648e-9, 1.245e-6, 1.423e-8, 1.060e-6, 2.451e-9
0.379, 1.192e-6, 1.802e-8, 1.071e-6, 7.909e-10, 1.236e-6, 5.810e-9, 1.048e-6, -1.338e-9
0.380, 1.176e-6, 1.302e-8, 1.064e-6, 8.157e-10, 1.242e-6, 3.160e-9, 1.052e-6, 7.364e-11
0.381, 1.170e-6, 7.055e-9, 1.055e-6, 1.459e-9, 1.238e-6, 9.648e-9, 1.046e-6, -6.692e-10
0.382, 1.188e-6, 1.342e-8, 1.049e-6, -1.264e-9, 1.245e-6, 5.389e-9, 1.050e-6, 3.417e-9
0.383, 1.164e-6, 1.713e-8, 1.058e-6, 5.185e-10, 1.254e-6, 1.168e-8, 1.047e-6, -1.883e-9
0.384, 1.172e-6, 1.129e-8, 1.059e-6, -2.280e-9, 1.241e-6, 8.756e-9, 1.046e-6, 2.470e-10
0.385, 1.167e-6, 8.665e-9, 1.061e-6, 1.237e-9, 1.247e-6, 9.970e-9, 1.039e-6, -6.439e-9
0.386, 1.166e-6, 8.714e-9, 1.047e-6, 4.357e-9, 1.242e-6, 1.287e-8, 1.046e-6, -5.795e-9
0.387, 1.168e-6, 1.198e-8, 1.038e-6, 3.947e-10, 1.231e-6, 8.806e-9, 1.060e-6, 4.977e-9
0.388, 1.169e-6, 8.417e-9, 1.045e-6, 1.471e-10, 1.240e-6, 9.697e-9, 1.055e-6, 1.138e-9
0.389, 1.145e-6, 1.741e-8, 1.028e-6, 6.040e-9, 1.250e-6, 8.113e-9, 1.060e-6, -8.426e-10
0.390, 1.155e-6, 1.260e-8, 1.051e-6, -3.234e-10, 1.246e-6, 1.027e-8, 1.038e-6, 1.683e-9
0.391, 1.170e-6, 9.655e-9, 1.041e-6, -1.933e-9, 1.227e-6, 1.297e-8, 1.049e-6, 5.194e-10
0.392, 1.149e-6, 1.126e-8, 1.037e-6, 2.772e-9, 1.226e-6, 4.398e-9, 1.042e-6, -8.345e-9
0.393, 1.153e-6, 9.160e-9, 1.039e-6, -2.577e-9, 1.225e-6, 7.692e-9, 1.051e-6, 2.649e-9
0.394, 1.146e-6, 1.399e-8, 1.051e-6, -4.830e-9, 1.245e-6, 9.103e-9, 1.034e-6, 4.952e-9
0.395, 1.152e-6, 8.913e-9, 1.030e-6, -8.186e-10, 1.225e-6, 9.846e-9, 1.047e-6, 7.365e-11
0.396, 1.147e-6, 7.303e-9, 1.033e-6, 2.277e-9, 1.234e-6, 8.955e-9, 1.040e-6, 2.624e-9
0.397, 1.158e-6, 1.072e-8, 1.027e-6, -2.502e-9, 1.216e-6, 7.048e-9, 1.048e-6, -2.898e-9
0.398, 1.131e-6, 1.218e-8, 1.029e-6, -3.221e-9, 1.248e-6, 3.210e-9, 1.045e-6, 7.422e-10
0.399, 1.138e-6, 1.122e-8, 1.031e-6, 1.856e-9, 1.233e-6, 4.126e-9, 1.034e-6, -2.576e-9
0.400, 1.138e-6, 8.442e-9, 1.022e-6, 1.658e-9, 1.230e-6, 1.230e-8, 1.040e-6, -1.492e-10
0.401, 1.136e-6, 1.154e-8, 1.029e-6, 3.143e-9, 1.227e-6, 4.398e-9, 1.038e-6, 8.908e-10
0.402, 1.132e-6, 9.532e-9, 1.022e-6, -3.592e-9, 1.241e-6, 8.038e-9, 1.036e-6, 1.232e-10
0.403, 1.139e-6, 8.962e-9, 1.025e-6, 6.981e-9, 1.220e-6, 9.153e-9, 1.038e-6, -2.576e-9
0.404, 1.147e-6, 4.505e-9, 1.026e-6, 6.176e-10, 1.205e-6, 7.865e-9, 1.032e-6, -8.673e-10
0.405, 1.153e-6, 7.526e-9, 1.022e-6, 2.920e-9, 1.201e-6, 5.141e-9, 1.042e-6, -1.784e-9
0.406, 1.129e-6, 9.433e-9, 1.001e-6, 7.414e-10, 1.215e-6, 1.155e-8, 1.044e-6, 6.679e-10
0.407, 1.120e-6, 2.895e-9, 1.033e-6, 7.303e-9, 1.223e-6, 1.391e-8, 1.028e-6, -4.755e-9
0.408, 1.124e-6, 1.102e-8, 1.015e-6, -6.093e-9, 1.214e-6, 4.522e-9, 1.023e-6, 3.367e-9
0.409, 1.125e-6, 6.313e-9, 1.016e-6, 3.019e-9, 1.221e-6, 6.057e-9, 1.042e-6, -5.473e-9
0.410, 1.122e-6, 1.136e-8, 1.005e-6, 2.326e-9, 1.216e-6, 4.398e-9, 1.036e-6, -4.458e-9
0.411, 1.126e-6, 9.606e-9, 1.018e-6, -4.459e-9, 1.209e-6, 4.002e-9, 1.033e-6, -7.493e-11
0.412, 1.125e-6, 9.185e-9, 1.013e-6, -3.592e-9, 1.212e-6, 6.701e-9, 1.028e-6, 1.411e-9
0.413, 1.139e-6, 7.724e-9, 1.021e-6, 3.614e-9, 1.211e-6, 7.494e-9, 1.026e-6, -5.770e-9
0.414, 1.124e-6, 5.693e-9, 1.005e-6, 1.658e-9, 1.196e-6, 1.019e-8, 1.024e-6, -1.363e-9
0.415, 1.123e-6, 7.625e-9, 9.967e-7, -1.085e-8, 1.199e-6, 4.572e-9, 1.028e-6, 3.937e-9
0.416, 1.122e-6, 1.020e-8, 9.941e-7, 1.360e-9, 1.193e-6, 4.448e-9, 1.030e-6, -6.587e-9
0.417, 1.121e-6, 1.166e-8, 1.001e-6, -1.264e-9, 1.207e-6, 2.492e-9, 1.034e-6, -4.780e-9
0.418, 1.118e-6, 9.928e-9, 1.015e-6, -4.720e-10, 1.203e-6, 7.097e-9, 1.014e-6, -4.656e-9
0.419, 1.118e-6, 7.724e-9, 1.011e-6, -4.261e-9, 1.200e-6, 3.284e-9, 1.020e-6, 2.030e-9
0.420, 1.110e-6, 6.461e-9, 9.935e-7, -2.502e-9, 1.200e-6, 7.320e-9, 1.028e-6, -7.206e-9
0.421, 1.109e-6, 7.674e-9, 1.001e-6, -5.722e-9, 1.196e-6, 5.067e-9, 1.020e-6, -4.507e-9
0.422, 1.121e-6, -5.466e-10, 9.975e-7, -5.152e-9, 1.184e-6, 1.534e-8, 1.023e-6, 4.605e-9
0.423, 1.107e-6, 1.018e-8, 1.008e-6, 1.138e-9, 1.198e-6, 2.442e-9, 1.018e-6, -6.315e-9
0.424, 1.106e-6, 7.575e-9, 9.951e-7, 1.088e-9, 1.203e-6, 5.587e-9, 1.010e-6, -2.427e-9
0.425, 1.104e-6, 7.947e-9, 1.000e-6, 1.385e-9, 1.192e-6, 4.612e-10, 1.014e-6, -8.519e-9
0.426, 1.103e-6, 6.189e-9, 9.857e-7, -1.996e-10, 1.182e-6, 4.819e-9, 1.010e-6, -3.244e-9
0.427, 1.103e-6, 1.416e-8, 9.844e-7, -3.270e-9, 1.182e-6, 3.854e-9, 1.017e-6, -7.504e-9
0.428, 1.104e-6, 7.600e-9, 9.905e-7, -3.790e-9, 1.187e-6, 4.448e-9, 1.014e-6, -1.987e-10
0.429, 1.102e-6, 1.082e-8, 1.002e-6, -3.790e-9, 1.189e-6, 9.069e-10, 1.007e-6, -6.389e-9
0.430, 1.106e-6, 9.383e-9, 9.869e-7, 2.214e-10, 1.191e-6, 2.987e-9, 1.020e-6, -2.526e-9
0.431, 1.092e-6, 6.585e-9, 9.966e-7, -7.577e-11, 1.188e-6, 8.509e-9, 1.006e-6, -2.601e-9
0.432, 1.098e-6, 9.457e-9, 9.839e-7, -7.939e-10, 1.182e-6, 1.650e-9, 1.010e-6, -4.755e-9
0.433, 1.087e-6, 2.276e-9, 9.896e-7, -3.790e-9, 1.185e-6, 8.657e-9, 9.987e-7, -7.493e-11
0.434, 1.094e-6, 5.991e-9, 9.910e-7, -7.405e-9, 1.185e-6, 3.621e-10, 1.006e-6, 1.436e-9
0.435, 1.091e-6, 1.297e-8, 9.913e-7, -3.864e-9, 1.176e-6, -2.510e-9, 9.987e-7, -1.987e-10
0.436, 1.083e-6, 9.639e-10, 9.891e-7, -1.413e-9, 1.190e-6, 5.042e-9, 1.002e-6, -1.883e-9
0.437, 1.087e-6, 7.253e-9, 9.801e-7, -6.638e-9, 1.173e-6, 3.869e-10, 1.006e-6, 1.213e-9
0.438, 1.096e-6, 4.926e-9, 9.867e-7, -4.285e-9, 1.177e-6, 8.212e-9, 1.007e-6, 4.698e-10
0.439, 1.096e-6, 6.882e-9, 9.780e-7, -5.573e-9, 1.157e-6, 4.844e-9, 9.952e-7, -2.353e-9
0.440, 1.077e-6, 9.953e-9, 9.735e-7, -1.784e-9, 1.181e-6, 3.606e-9, 1.006e-6, -4.458e-9
0.441, 1.084e-6, 4.678e-9, 9.798e-7, 2.054e-9, 1.171e-6, 4.275e-9, 9.974e-7, -9.881e-9
0.442, 1.086e-6, 3.366e-9, 9.744e-7, 5.100e-9, 1.163e-6, 3.507e-9, 9.882e-7, -4.681e-9
0.443, 1.098e-6, 8.318e-9, 9.716e-7, 5.185e-10, 1.157e-6, 2.071e-9, 1.011e-6, -4.854e-9
0.444, 1.072e-6, 9.725e-11, 9.749e-7, -4.508e-9, 1.166e-6, 1.066e-8, 9.881e-7, -6.397e-13
0.445, 1.070e-6, 1.617e-8, 9.888e-7, -8.247e-9, 1.159e-6, -3.006e-9, 9.870e-7, -1.412e-9
0.446, 1.064e-6, 6.164e-9, 9.807e-7, -2.478e-9, 1.164e-6, 4.993e-9, 9.801e-7, -1.883e-9
0.447, 1.064e-6, 1.162e-9, 9.639e-7, -7.950e-9, 1.168e-6, 1.160e-8, 1.001e-6, -2.526e-9
0.448, 1.068e-6, 9.754e-9, 9.598e-7, -8.792e-9, 1.166e-6, 1.328e-9, 9.872e-7, 6.041e-9
0.449, 1.084e-6, 6.015e-9, 9.616e-7, 9.147e-10, 1.155e-6, 4.473e-9, 9.932e-7, -1.090e-9
0.450, 1.060e-6, 4.926e-9, 9.683e-7, -4.211e-9, 1.151e-6, 8.756e-9, 9.697e-7, -3.542e-9
0.451, 1.058e-6, 9.408e-9, 9.717e-7, -1.388e-9, 1.162e-6, 8.974e-11, 9.760e-7, 1.089e-9
0.452, 1.060e-6, 4.777e-9, 9.592e-7, -1.141e-9, 1.158e-6, 4.770e-9, 9.891e-7, -3.938e-9
0.453, 1.069e-6, 7.823e-9, 9.610e-7, -5.251e-9, 1.141e-6, 6.156e-9, 9.826e-7, 4.184e-9
0.454, 1.058e-6, 1.196e-8, 9.715e-7, 4.629e-9, 1.158e-6, 7.088e-10, 9.642e-7, -8.643e-9
0.455, 1.060e-6, 4.901e-9, 9.643e-7, -3.617e-9, 1.144e-6, 8.014e-9, 9.736e-7, 2.327e-9
0.456, 1.065e-6, 1.162e-9, 9.559e-7, 2.326e-9, 1.144e-6, 5.785e-9, 9.825e-7, -5.126e-9
0.457, 1.061e-6, 1.018e-8, 9.549e-7, -1.240e-9, 1.143e-6, 3.408e-9, 9.652e-7, -1.437e-9
0.458, 1.057e-6, 4.034e-9, 9.495e-7, -5.350e-9, 1.144e-6, 6.998e-9, 9.685e-7, -4.037e-9
0.459, 1.048e-6, 6.015e-9, 9.515e-7, -5.003e-9, 1.147e-6, 5.909e-9, 9.727e-7, -4.532e-9
0.460, 1.055e-6, 3.663e-9, 9.598e-7, -6.390e-9, 1.127e-6, 4.819e-9, 9.484e-7, -7.187e-10
0.461, 1.046e-6, 5.545e-9, 9.617e-7, -1.883e-9, 1.138e-6, 5.859e-9, 9.413e-7, -6.265e-9
0.462, 1.044e-6, 2.573e-9, 9.538e-7, -1.199e-8, 1.129e-6, 2.665e-9, 9.565e-7, 8.468e-9
0.463, 1.044e-6, 2.747e-9, 9.485e-7, -9.163e-9, 1.134e-6, 1.947e-9, 9.632e-7, 2.154e-9
0.464, 1.047e-6, 1.236e-9, 9.430e-7, -4.781e-9, 1.133e-6, -6.531e-10, 9.648e-7, -2.947e-9
0.465, 1.034e-6, 9.012e-9, 9.563e-7, -5.463e-10, 1.145e-6, -1.495e-9, 9.518e-7, -2.304e-9
0.466, 1.041e-6, 8.194e-9, 9.436e-7, -2.354e-9, 1.121e-6, 2.665e-9, 9.534e-7, -7.627e-9
0.467, 1.043e-6, 6.090e-9, 9.526e-7, -3.592e-9, 1.125e-6, -2.486e-9, 9.462e-7, -3.145e-9
0.468, 1.039e-6, 6.213e-9, 9.484e-7, 4.804e-11, 1.124e-6, 8.574e-10, 9.439e-7, -8.667e-9
0.469, 1.037e-6, 1.010e-8, 9.367e-7, -4.967e-10, 1.111e-6, -1.198e-9, 9.533e-7, -7.850e-9
0.470, 1.051e-6, 1.013e-9, 9.362e-7, -4.360e-9, 1.108e-6, 2.615e-9, 9.469e-7, -1.288e-9
0.471, 1.036e-6, 4.802e-9, 9.239e-7, -7.356e-9, 1.112e-6, -7.769e-10, 9.510e-7, -3.046e-9
0.472, 1.037e-6, 6.808e-9, 9.196e-7, -5.722e-9, 1.112e-6, -3.105e-9, 9.421e-7, -6.909e-9
0.473, 1.025e-6, 5.545e-9, 9.219e-7, -1.005e-10, 1.125e-6, 3.532e-9, 9.435e-7, -9.881e-9
0.474, 1.036e-6, -2.478e-9, 9.294e-7, -1.010e-8, 1.098e-6, 3.804e-9, 9.364e-7, 4.060e-9
0.475, 1.022e-6, 1.013e-9, 9.391e-7, -2.428e-9, 1.113e-6, -1.693e-9, 9.280e-7, -1.028e-8
0.476, 1.031e-6, 2.706e-10, 9.325e-7, -9.931e-9, 1.102e-6, 7.336e-10, 9.259e-7, 6.184e-10
0.477, 1.034e-6, 3.688e-9, 9.364e-7, -2.453e-9, 1.094e-6, 2.136e-10, 9.193e-7, -3.764e-9
0.478, 1.022e-6, 4.406e-9, 9.325e-7, -3.443e-9, 1.100e-6, 1.080e-9, 9.318e-7, -6.216e-9
0.479, 1.031e-6, -6.118e-9, 9.264e-7, -2.775e-9, 1.092e-6, 7.370e-9, 9.312e-7, -1.536e-9
0.480, 1.022e-6, 3.415e-9, 9.213e-7, -3.988e-9, 1.095e-6, 6.593e-10, 9.241e-7, -8.692e-9
0.481, 1.021e-6, 3.069e-9, 9.287e-7, -4.112e-9, 1.094e-6, -5.788e-10, 9.214e-7, -1.808e-9
0.482, 1.031e-6, 3.944e-10, 9.257e-7, -3.592e-9, 1.076e-6, 5.602e-10, 9.169e-7, -5.944e-9
0.483, 1.010e-6, 5.273e-9, 9.286e-7, -8.643e-9, 1.084e-6, -7.026e-10, 9.130e-7, -4.829e-9
0.484, 1.019e-6, 4.084e-9, 9.269e-7, -7.678e-9, 1.080e-6, -3.402e-9, 9.232e-7, -4.062e-9
0.485, 1.002e-6, -6.704e-10, 9.237e-7, -7.083e-9, 1.084e-6, 3.606e-9, 9.197e-7, -5.300e-9
0.486, 1.003e-6, 3.812e-9, 9.195e-7, -5.598e-9, 1.085e-6, -2.857e-9, 9.108e-7, -6.612e-9
0.487, 9.998e-7, 1.060e-8, 9.111e-7, -1.516e-8, 1.077e-6, -8.874e-9, 9.040e-7, -3.121e-9
0.488, 9.974e-7, 6.668e-10, 9.157e-7, -7.232e-9, 1.083e-6, 1.130e-9, 9.103e-7, -3.195e-9
0.489, 1.004e-6, 1.806e-9, 9.160e-7, -8.891e-9, 1.078e-6, 2.566e-9, 9.042e-7, -4.483e-9
0.490, 1.008e-6, 3.366e-9, 9.160e-7, -7.603e-9, 1.070e-6, -6.943e-9, 8.976e-7, -2.972e-9
0.491, 9.909e-7, -1.438e-9, 8.903e-7, -5.598e-9, 1.068e-6, -1.223e-9, 9.057e-7, -7.008e-9
0.492, 9.947e-7, -4.475e-10, 9.071e-7, -6.142e-9, 1.067e-6, 1.996e-9, 9.012e-7, -9.336e-9
0.493, 9.947e-7, -7.694e-10, 8.943e-7, -2.007e-9, 1.063e-6, 3.869e-10, 9.104e-7, -1.067e-8
0.494, 9.929e-7, 2.029e-9, 8.947e-7, -9.783e-9, 1.054e-6, -1.842e-9, 9.014e-7, -3.690e-9
0.495, 9.906e-7, 2.573e-9, 9.030e-7, -3.196e-9, 1.059e-6, -1.470e-9, 8.971e-7, -7.305e-9
0.496, 9.933e-7, 2.152e-9, 8.947e-7, -6.192e-9, 1.050e-6, 1.006e-9, 9.015e-7, -7.132e-9
0.497, 9.835e-7, -1.809e-9, 8.854e-7, -7.257e-9, 1.060e-6, -2.569e-10, 9.036e-7, -7.875e-9
0.498, 9.835e-7, 2.945e-9, 8.900e-7, -2.280e-9, 1.055e-6, -2.535e-9, 8.960e-7, -5.745e-9
0.499, 9.717e-7, 3.564e-9, 8.932e-7, -8.148e-9, 1.053e-6, 2.120e-9, 8.826e-7, -4.359e-9
0.500, 9.742e-7, 2.499e-9, 8.912e-7, -3.988e-9, 1.044e-6, -1.470e-9, 8.964e-7, -9.113e-9
0.501, 9.831e-7, -2.247e-10, 8.886e-7, -1.023e-8, 1.045e-6, -2.362e-9, 8.964e-7, 9.841e-11
0.502, 9.750e-7, 2.474e-9, 9.004e-7, -7.306e-9, 1.047e-6, -3.407e-11, 8.811e-7, -4.854e-9
0.503, 9.758e-7, -6.209e-10, 8.896e-7, -8.544e-9, 1.034e-6, 3.755e-9, 8.815e-7, -7.925e-9
0.504, 9.633e-7, 1.137e-9, 8.884e-7, -9.783e-9, 1.043e-6, -3.303e-9, 8.738e-7, -4.532e-9
0.505, 9.774e-7, -4.723e-10, 8.626e-7, -7.356e-9, 1.030e-6, 1.393e-10, 8.881e-7, -6.587e-9
0.506, 9.713e-7, -1.463e-9, 8.773e-7, -4.880e-9, 1.033e-6, -3.674e-9, 8.842e-7, -6.315e-9
0.507, 9.667e-7, -3.048e-9, 8.921e-7, -1.258e-8, 1.036e-6, 2.368e-9, 8.646e-7, -4.953e-9
0.508, 9.668e-7, 2.078e-9, 8.775e-7, -7.950e-9, 1.021e-6, -6.769e-9, 8.750e-7, -8.643e-9
0.509, 9.826e-7, 6.420e-10, 8.927e-7, -7.306e-9, 1.015e-6, -2.807e-9, 8.561e-7, -8.618e-9
0.510, 9.732e-7, -4.385e-9, 8.797e-7, -8.396e-9, 1.018e-6, 4.572e-9, 8.603e-7, -8.073e-9
0.511, 9.513e-7, -5.128e-9, 8.697e-7, -8.916e-9, 1.025e-6, -1.743e-9, 8.660e-7, -9.237e-9
0.512, 9.532e-7, -4.360e-9, 8.645e-7, -5.301e-9, 1.018e-6, 1.640e-10, 8.737e-7, -9.658e-9
0.513, 9.510e-7, -1.999e-10, 8.593e-7, -8.396e-9, 1.017e-6, -2.535e-9, 8.690e-7, -4.384e-9
0.514, 9.609e-7, -1.364e-9, 8.585e-7, -1.092e-8, 1.011e-6, -3.724e-9, 8.682e-7, -5.770e-9
0.515, 9.385e-7, 1.979e-9, 8.643e-7, -8.099e-9, 1.016e-6, -2.758e-9, 8.610e-7, -6.563e-9
0.516, 9.507e-7, 4.208e-9, 8.568e-7, -1.035e-8, 1.007e-6, -3.847e-9, 8.678e-7, -6.736e-9
0.517, 9.481e-7, 4.604e-9, 8.648e-7, -4.558e-9, 1.005e-6, -7.735e-9, 8.506e-7, -9.831e-9
0.518, 9.521e-7, 1.360e-9, 8.558e-7, -7.009e-9, 1.001e-6, -8.017e-10, 8.546e-7, -8.618e-9
0.519, 9.369e-7, 4.158e-9, 8.538e-7, -1.209e-8, 1.001e-6, -3.105e-9, 8.533e-7, -6.761e-9
0.520, 9.518e-7, 2.252e-9, 8.425e-7, -1.028e-8, 9.999e-7, -3.278e-9, 8.600e-7, -9.559e-9
0.521, 9.320e-7, -2.131e-9, 8.506e-7, -8.569e-9, 1.007e-6, -5.581e-9, 8.628e-7, -1.015e-8
0.522, 9.402e-7, -2.775e-9, 8.517e-7, -6.316e-9, 9.993e-7, -1.049e-9, 8.462e-7, -1.629e-8
0.523, 9.299e-7, -9.428e-10, 8.477e-7, -7.653e-9, 1.004e-6, -5.506e-9, 8.524e-7, -7.801e-9
0.524, 9.450e-7, -6.044e-9, 8.521e-7, -5.548e-9, 9.882e-7, -3.451e-9, 8.443e-7, -7.504e-9
0.525, 9.298e-7, -5.573e-9, 8.528e-7, -6.217e-9, 9.823e-7, -5.506e-9, 8.508e-7, -6.835e-9
0.526, 9.311e-7, -1.009e-10, 8.437e-7, -7.405e-9, 9.861e-7, -8.354e-9, 8.425e-7, -9.286e-9
0.527, 9.326e-7, 4.772e-11, 8.348e-7, -7.752e-9, 9.876e-7, -5.160e-9, 8.616e-7, -1.013e-8
0.528, 9.321e-7, -6.688e-9, 8.293e-7, -1.152e-8, 9.808e-7, -4.798e-10, 8.537e-7, -7.231e-9
0.529, 9.203e-7, 4.827e-9, 8.463e-7, -1.295e-8, 9.951e-7, -8.726e-9, 8.445e-7, -4.012e-9
0.530, 9.346e-7, 3.292e-9, 8.382e-7, -1.243e-8, 9.785e-7, -4.541e-9, 8.428e-7, -8.519e-9
0.531, 9.217e-7, 6.511e-9, 8.362e-7, -7.034e-9, 9.835e-7, -6.175e-9, 8.396e-7, -1.117e-8
0.532, 9.202e-7, -4.723e-10, 8.433e-7, -1.327e-8, 9.755e-7, -5.828e-9, 8.251e-7, -3.764e-9
0.533, 9.152e-7, -8.842e-9, 8.320e-7, -5.400e-9, 9.823e-7, 2.937e-9, 8.366e-7, -7.504e-9
0.534, 9.225e-7, 1.162e-9, 8.345e-7, -1.065e-8, 9.646e-7, -7.512e-9, 8.338e-7, -1.117e-8
0.535, 9.341e-7, -2.726e-9, 8.254e-7, -1.025e-8, 9.602e-7, -5.655e-9, 8.308e-7, -5.547e-9
0.536, 9.132e-7, -4.682e-9, 8.396e-7, -7.925e-9, 9.686e-7, -7.190e-9, 8.319e-7, -8.544e-9
0.537, 9.038e-7, -2.082e-9, 8.246e-7, -6.910e-9, 9.747e-7, -1.495e-9, 8.308e-7, -6.018e-9
0.538, 9.215e-7, -2.107e-9, 8.156e-7, -1.243e-8, 9.610e-7, -7.190e-9, 8.463e-7, -5.424e-9
0.539, 9.075e-7, -2.602e-9, 8.252e-7, -6.861e-9, 9.669e-7, -5.541e-10, 8.277e-7, -1.369e-8
0.540, 9.171e-7, -7.876e-9, 8.180e-7, -7.554e-9, 9.577e-7, -1.619e-9, 8.309e-7, -9.336e-9
0.541, 9.095e-7, -3.468e-9, 8.282e-7, -7.504e-9, 9.582e-7, -2.659e-9, 8.222e-7, -1.295e-8
0.542, 9.091e-7, -4.509e-9, 8.278e-7, -7.430e-9, 9.578e-7, 1.575e-9, 8.301e-7, -5.003e-9
0.543, 9.050e-7, -2.107e-9, 8.111e-7, -1.005e-8, 9.566e-7, -5.333e-9, 8.297e-7, -2.502e-9
0.544, 9.075e-7, 5.396e-9, 8.259e-7, -1.053e-8, 9.578e-7, -1.147e-8, 8.209e-7, -6.265e-9
0.545, 8.962e-7, -7.942e-10, 8.275e-7, -1.053e-8, 9.542e-7, -5.061e-9, 8.096e-7, -1.015e-8
0.546, 9.044e-7, -4.979e-9, 8.074e-7, -7.554e-9, 9.420e-7, -8.760e-10, 8.253e-7, -9.336e-9
0.547, 9.091e-7, -3.147e-9, 8.285e-7, -6.861e-9, 9.401e-7, -3.228e-9, 8.033e-7, -6.959e-9
0.548, 9.192e-7, -2.379e-9, 8.085e-7, -5.548e-9, 9.420e-7, -9.750e-10, 8.267e-7, -9.806e-9
0.549, 9.099e-7, -5.350e-9, 8.078e-7, -7.702e-9, 9.370e-7, -1.470e-9, 8.203e-7, -6.959e-9
0.550, 8.900e-7, -7.579e-9, 8.102e-7, -5.697e-9, 9.486e-7, 1.774e-9, 8.194e-7, -1.067e-8
0.551, 8.899e-7, -1.364e-9, 7.992e-7, -1.028e-8, 9.375e-7, 2.136e-10, 8.203e-7, -4.359e-9
0.552, 8.822e-7, 3.168e-9, 7.993e-7, -5.672e-9, 9.377e-7, -4.244e-9, 8.248e-7, -6.043e-9
0.553, 8.919e-7, -5.747e-9, 8.087e-7, -8.272e-9, 9.360e-7, -2.164e-9, 8.085e-7, -7.429e-9
0.554, 8.977e-7, 2.202e-9, 8.030e-7, -1.241e-8, 9.331e-7, -6.769e-9, 8.064e-7, -2.427e-9
0.555, 8.829e-7, -4.385e-9, 8.103e-7, -5.796e-9, 9.274e-7, 3.036e-9, 8.162e-7, -7.107e-9
0.556, 8.748e-7, 1.038e-9, 8.052e-7, -8.792e-9, 9.338e-7, 1.377e-9, 8.080e-7, -4.359e-9
0.557, 8.712e-7, -2.874e-9, 8.024e-7, -6.043e-9, 9.352e-7, -2.164e-9, 8.126e-7, -3.616e-9
0.558, 8.804e-7, -7.307e-9, 8.061e-7, -1.184e-8, 9.258e-7, 9.812e-10, 7.991e-7, 9.651e-10
0.559, 8.784e-7, 1.088e-9, 7.966e-7, -1.191e-8, 9.147e-7, -3.402e-9, 8.013e-7, -6.445e-10
0.560, 8.735e-7, 3.316e-9, 7.883e-7, -1.137e-8, 9.211e-7, -6.868e-9, 8.086e-7, 5.051e-9
0.561, 8.784e-7, -1.636e-9, 7.918e-7, -6.662e-9, 9.177e-7, -3.575e-9, 7.913e-7, -1.907e-9
0.562, 8.660e-7, -5.251e-9, 7.925e-7, -1.030e-8, 9.146e-7, 4.770e-9, 7.937e-7, 1.232e-10
0.563, 8.707e-7, -3.320e-9, 7.956e-7, -6.514e-9, 9.117e-7, 9.069e-10, 7.989e-7, -2.848e-9
0.564, 8.785e-7, -8.932e-10, 7.861e-7, -9.163e-9, 9.171e-7, -4.392e-9, 8.088e-7, -4.978e-9
0.565, 8.692e-7, -5.029e-9, 7.776e-7, -2.007e-9, 9.084e-7, -3.303e-9, 8.001e-7, -1.363e-9
0.566, 8.673e-7, -9.923e-10, 7.878e-7, -9.857e-9, 9.062e-7, -1.025e-9, 7.899e-7, -5.498e-9
0.567, 8.601e-7, -4.682e-9, 7.815e-7, -1.206e-8, 9.160e-7, -2.906e-9, 7.960e-7, -8.098e-9
0.568, 8.562e-7, -7.381e-9, 7.857e-7, -7.282e-9, 9.088e-7, -4.665e-9, 7.848e-7, -8.147e-9
0.569, 8.671e-7, -3.295e-9, 7.919e-7, -1.199e-8, 9.048e-7, -4.145e-9, 7.841e-7, -6.810e-9
0.570, 8.512e-7, -4.970e-10, 7.895e-7, -1.003e-8, 9.161e-7, -8.280e-9, 7.845e-7, -8.147e-9
0.571, 8.490e-7, 2.994e-9, 7.813e-7, -8.049e-9, 9.079e-7, -8.899e-9, 7.872e-7, -9.658e-9
0.572, 8.551e-7, -2.478e-9, 7.855e-7, -5.944e-9, 8.964e-7, -8.825e-9, 7.865e-7, -1.142e-8
0.573, 8.523e-7, -2.528e-9, 7.780e-7, -6.043e-9, 8.959e-7, -4.838e-9, 7.820e-7, -6.736e-9
0.574, 8.636e-7, -6.910e-9, 7.839e-7, -1.107e-8, 8.971e-7, -3.006e-9, 7.836e-7, -1.013e-8
0.575, 8.680e-7, -4.781e-9, 7.853e-7, -1.859e-9, 8.882e-7, -6.497e-9, 7.762e-7, -1.516e-8
0.576, 8.609e-7, 4.332e-9, 7.917e-7, -1.085e-8, 8.933e-7, -1.120e-8, 7.780e-7, -9.262e-9
0.577, 8.563e-7, 6.668e-10, 7.785e-7, -5.474e-9, 8.939e-7, -7.537e-9, 7.813e-7, -1.075e-8
0.578, 8.544e-7, -4.038e-9, 7.605e-7, -9.362e-9, 8.965e-7, -4.244e-9, 7.836e-7, -6.067e-9
0.579, 8.629e-7, 1.311e-9, 7.625e-7, -1.107e-8, 8.895e-7, -6.918e-9, 7.861e-7, -1.109e-8
0.580, 8.448e-7, -6.663e-9, 7.707e-7, -5.845e-9, 8.932e-7, -8.948e-9, 7.759e-7, -1.449e-8
0.581, 8.644e-7, -3.237e-10, 7.654e-7, -1.414e-8, 8.896e-7, -1.061e-8, 7.857e-7, -8.048e-9
0.582, 8.632e-7, -7.034e-9, 7.687e-7, -8.619e-9, 8.864e-7, -3.897e-9, 7.850e-7, -1.231e-8
0.583, 8.520e-7, -6.316e-9, 7.596e-7, -1.186e-8, 8.848e-7, -6.918e-9, 7.862e-7, -5.993e-9
0.584, 8.497e-7, -3.815e-9, 7.834e-7, -1.669e-8, 8.793e-7, -6.868e-9, 7.717e-7, -1.020e-8
0.585, 8.502e-7, 7.163e-10, 7.751e-7, -1.350e-8, 8.875e-7, -1.229e-8, 7.804e-7, -3.170e-9
0.586, 8.469e-7, -1.102e-8, 7.601e-7, -9.882e-9, 8.793e-7, -5.457e-9, 7.883e-7, -4.086e-9
0.587, 8.492e-7, -7.950e-9, 7.649e-7, -1.419e-8, 8.826e-7, -2.535e-9, 7.870e-7, -7.726e-9
0.588, 8.519e-7, -6.737e-9, 7.686e-7, -6.365e-9, 8.828e-7, -5.457e-9, 7.891e-7, -1.424e-8
0.589, 8.458e-7, -9.535e-9, 7.575e-7, -5.920e-9, 8.797e-7, -1.619e-9, 7.763e-7, -1.265e-8
0.590, 8.536e-7, -3.568e-9, 7.607e-7, -7.356e-9, 8.815e-7, -7.116e-9, 7.752e-7, -1.201e-8
0.591, 8.543e-7, -7.447e-10, 7.578e-7, -1.020e-8, 8.745e-7, -1.021e-8, 7.809e-7, -1.208e-8
0.592, 8.479e-7, -3.270e-9, 7.515e-7, -8.718e-9, 8.696e-7, -9.171e-9, 7.943e-7, -1.355e-8
0.593, 8.539e-7, -6.209e-10, 7.661e-7, -6.662e-9, 8.719e-7, -1.306e-8, 7.835e-7, -1.191e-8
0.594, 8.452e-7, -9.164e-9, 7.552e-7, -1.369e-8, 8.677e-7, -6.076e-9, 7.699e-7, -8.370e-9
0.595, 8.407e-7, -6.787e-9, 7.655e-7, -9.510e-9, 8.813e-7, -6.249e-9, 7.719e-7, -7.380e-9
0.596, 8.414e-7, -8.371e-9, 7.523e-7, -1.424e-8, 8.741e-7, -4.491e-9, 7.824e-7, -6.265e-9
0.597, 8.347e-7, -2.528e-9, 7.446e-7, -1.045e-8, 8.813e-7, -7.859e-9, 7.881e-7, -9.881e-9
0.598, 8.469e-7, -8.842e-9, 7.594e-7, -5.499e-9, 8.712e-7, -4.293e-9, 7.730e-7, -8.395e-9
0.599, 8.309e-7, -5.128e-9, 7.649e-7, -1.315e-8, 8.781e-7, -5.729e-9, 7.767e-7, -2.279e-9
0.600, 8.512e-7, -5.276e-9, 7.627e-7, -1.038e-8, 8.605e-7, -5.729e-9, 7.597e-7, -3.888e-9
0.601, 8.511e-7, -2.948e-9, 7.547e-7, -1.265e-8, 8.599e-7, -6.967e-9, 7.801e-7, -1.117e-8
0.602, 8.339e-7, -1.999e-10, 7.718e-7, -1.159e-8, 8.720e-7, -9.493e-9, 7.698e-7, -7.058e-9
0.603, 8.439e-7, -1.201e-8, 7.662e-7, -1.550e-8, 8.641e-7, -5.259e-9, 7.734e-7, -5.324e-9
0.604, 8.262e-7, 1.905e-9, 7.526e-7, -1.412e-8, 8.745e-7, -1.286e-8, 7.757e-7, -7.850e-9
0.605, 8.333e-7, -7.109e-9, 7.523e-7, -1.392e-8, 8.692e-7, -3.327e-9, 7.868e-7, -3.665e-9
0.606, 8.472e-7, -1.834e-9, 7.655e-7, -1.345e-8, 8.606e-7, -1.095e-8, 7.696e-7, -6.142e-9
0.607, 8.396e-7, -1.587e-9, 7.577e-7, -9.783e-9, 8.589e-7, -7.933e-9, 7.701e-7, -1.248e-8
0.608, 8.393e-7, -3.865e-9, 7.509e-7, -1.270e-8, 8.671e-7, -2.312e-9, 7.764e-7, -9.064e-9
0.609, 8.522e-7, -4.162e-9, 7.557e-7, -9.114e-9, 8.550e-7, -7.364e-9, 7.813e-7, -4.928e-9
0.610, 8.378e-7, -8.347e-9, 7.637e-7, -1.332e-8, 8.706e-7, -5.655e-9, 7.709e-7, -8.692e-9
0.611, 8.452e-7, -7.199e-10, 7.476e-7, -1.005e-8, 8.563e-7, -6.447e-9, 7.845e-7, -4.216e-10
0.612, 8.297e-7, -3.023e-9, 7.563e-7, -8.866e-9, 8.805e-7, -6.324e-9, 7.730e-7, -7.875e-9
0.613, 8.450e-7, -5.796e-9, 7.619e-7, -2.097e-8, 8.587e-7, -3.402e-9, 7.770e-7, -1.585e-9
0.614, 8.320e-7, -2.800e-9, 7.529e-7, -1.043e-8, 8.612e-7, -3.946e-9, 7.764e-7, -3.665e-9
0.615, 8.468e-7, 7.658e-10, 7.655e-7, -9.981e-9, 8.595e-7, -8.577e-9, 7.707e-7, -6.984e-9
0.616, 8.378e-7, -7.455e-9, 7.566e-7, -1.317e-8, 8.669e-7, -4.739e-9, 7.783e-7, -8.420e-9
0.617, 8.407e-7, -2.354e-9, 7.645e-7, -1.355e-8, 8.633e-7, -6.126e-9, 7.635e-7, -8.568e-9
0.618, 8.340e-7, -2.676e-9, 7.543e-7, -1.773e-8, 8.687e-7, -1.157e-8, 7.777e-7, 3.956e-10
0.619, 8.322e-7, -7.109e-9, 7.631e-7, -9.263e-9, 8.642e-7, -7.834e-9, 7.785e-7, -4.705e-9
0.620, 8.536e-7, -7.133e-9, 7.534e-7, -8.000e-9, 8.530e-7, -3.575e-9, 7.835e-7, -6.736e-9
0.621, 8.323e-7, -2.998e-9, 7.522e-7, -1.201e-8, 8.624e-7, -7.463e-9, 7.763e-7, -4.185e-9
0.622, 8.369e-7, -9.808e-9, 7.517e-7, -1.335e-8, 8.676e-7, -1.272e-9, 7.935e-7, -6.067e-9
0.623, 8.433e-7, -9.882e-9, 7.539e-7, -1.179e-8, 8.650e-7, -5.655e-9, 7.837e-7, -7.479e-9
0.624, 8.565e-7, -5.713e-10, 7.569e-7, -1.003e-8, 8.724e-7, -1.138e-8, 7.786e-7, -5.993e-9
0.625, 8.444e-7, -5.895e-9, 7.689e-7, -1.464e-8, 8.497e-7, -7.859e-9, 7.761e-7, -5.547e-9
0.626, 8.382e-7, -5.053e-9, 7.590e-7, -1.535e-8, 8.726e-7, -8.651e-9, 7.754e-7, -4.433e-9
0.627, 8.457e-7, -8.619e-9, 7.634e-7, -1.776e-8, 8.510e-7, -4.813e-9, 7.789e-7, -8.172e-9
0.628, 8.378e-7, -5.400e-9, 7.561e-7, -1.265e-8, 8.488e-7, -1.011e-8, 7.760e-7, -8.791e-9
0.629, 8.379e-7, -1.933e-9, 7.573e-7, -1.023e-8, 8.691e-7, -1.358e-8, 7.864e-7, -7.925e-9
0.630, 8.404e-7, -8.173e-9, 7.473e-7, -7.975e-9, 8.594e-7, -5.383e-9, 7.853e-7, -1.419e-8
0.631, 8.471e-7, -8.248e-9, 7.619e-7, -9.560e-9, 8.607e-7, -8.800e-9, 7.754e-7, -9.187e-9
0.632, 8.403e-7, -6.440e-9, 7.653e-7, -1.258e-8, 8.667e-7, -1.150e-8, 7.810e-7, -8.048e-9
0.633, 8.589e-7, -9.832e-9, 7.626e-7, -1.179e-8, 8.588e-7, -4.268e-9, 7.829e-7, -8.791e-9
0.634, 8.452e-7, -8.842e-9, 7.659e-7, -1.134e-8, 8.661e-7, -8.206e-9, 7.778e-7, -8.445e-9
0.635, 8.460e-7, -8.347e-9, 7.677e-7, -9.609e-9, 8.651e-7, -7.661e-9, 7.752e-7, -1.119e-8
0.636, 8.491e-7, -9.634e-9, 7.650e-7, -2.459e-8, 8.643e-7, -8.800e-9, 7.808e-7, -2.477e-9
0.637, 8.450e-7, -3.023e-9, 7.623e-7, -1.174e-8, 8.578e-7, -1.368e-8, 7.863e-7, -1.364e-8
0.638, 8.402e-7, -1.535e-8, 7.599e-7, -1.414e-8, 8.684e-7, -6.497e-9, 7.940e-7, -6.241e-9
0.639, 8.504e-7, -6.465e-9, 7.647e-7, -1.300e-8, 8.689e-7, -1.227e-8, 8.035e-7, -9.633e-9
0.640, 8.689e-7, -5.771e-9, 7.619e-7, -9.139e-9, 8.647e-7, -1.425e-8, 8.026e-7, -1.503e-8
0.641, 8.534e-7, -7.282e-9, 7.768e-7, -1.456e-8, 8.696e-7, -1.264e-8, 7.922e-7, -1.221e-8
0.642, 8.569e-7, -8.966e-9, 7.732e-7, -1.419e-8, 8.710e-7, -1.185e-8, 8.018e-7, -1.320e-8
0.643, 8.400e-7, -1.644e-8, 7.771e-7, -1.516e-8, 8.830e-7, -1.452e-8, 7.927e-7, -1.558e-8
0.644, 8.643e-7, -7.381e-9, 7.836e-7, -1.741e-8, 8.712e-7, -1.380e-8, 7.919e-7, -1.508e-8
0.645, 8.732e-7, -1.055e-8, 7.765e-7, -1.979e-8, 8.660e-7, -1.400e-8, 8.024e-7, -1.270e-8
0.646, 8.657e-7, -7.926e-9, 7.792e-7, -1.082e-8, 8.699e-7, -1.180e-8, 7.997e-7, -1.545e-8
0.647, 8.686e-7, -1.043e-8, 7.838e-7, -2.132e-8, 8.820e-7, -1.442e-8, 8.162e-7, -1.486e-8
0.648, 8.665e-7, -7.529e-9, 7.971e-7, -1.716e-8, 8.886e-7, -1.405e-8, 8.012e-7, -1.850e-8
0.649, 8.761e-7, -1.478e-8, 7.930e-7, -1.481e-8, 8.751e-7, -1.242e-8, 8.113e-7, -1.568e-8
0.650, 8.716e-7, -4.830e-9, 7.918e-7, -1.763e-8, 8.854e-7, -2.234e-8, 8.156e-7, -1.516e-8
0.651, 8.676e-7, -1.114e-8, 7.955e-7, -1.808e-8, 8.916e-7, -1.355e-8, 8.138e-7, -1.785e-8
0.652, 8.702e-7, -1.414e-8, 7.869e-7, -1.783e-8, 8.964e-7, -1.412e-8, 8.271e-7, -1.825e-8
0.653, 8.842e-7, -1.389e-8, 8.052e-7, -1.553e-8, 8.887e-7, -1.848e-8, 8.159e-7, -2.033e-8
0.654, 9.042e-7, -1.132e-8, 8.107e-7, -2.063e-8, 8.841e-7, -1.809e-8, 8.093e-7, -1.709e-8
0.655, 8.925e-7, -1.620e-8, 8.082e-7, -1.979e-8, 8.913e-7, -6.918e-9, 8.110e-7, -1.015e-8
0.656, 8.967e-7, -1.696e-8, 8.038e-7, -1.382e-8, 8.848e-7, -1.271e-8, 8.283e-7, -1.818e-8
0.657, 8.967e-7, -1.018e-8, 8.075e-7, -1.833e-8, 8.978e-7, -1.581e-8, 8.327e-7, -1.936e-8
0.658, 9.025e-7, -1.253e-8, 8.195e-7, -1.568e-8, 9.034e-7, -1.469e-8, 8.276e-7, -1.825e-8
0.659, 8.996e-7, -9.931e-9, 8.049e-7, -1.496e-8, 8.957e-7, -1.509e-8, 8.471e-7, -2.058e-8
0.660, 8.997e-7, -1.491e-8, 8.189e-7, -2.370e-8, 9.048e-7, -1.591e-8, 8.347e-7, -1.023e-8
0.661, 9.190e-7, -9.634e-9, 8.206e-7, -1.644e-8, 9.098e-7, -1.660e-8, 8.370e-7, -1.392e-8
0.662, 9.080e-7, -2.088e-8, 8.277e-7, -1.719e-8, 9.161e-7, -4.590e-9, 8.310e-7, -1.350e-8
0.663, 9.099e-7, -1.278e-8, 8.413e-7, -1.043e-8, 9.146e-7, -1.246e-8, 8.373e-7, -1.657e-8
0.664, 9.261e-7, -9.609e-9, 8.351e-7, -1.407e-8, 9.072e-7, -1.729e-8, 8.368e-7, -1.221e-8
0.665, 9.176e-7, -1.575e-8, 8.453e-7, -2.147e-8, 9.169e-7, -1.202e-8, 8.429e-7, -1.050e-8
0.666, 9.257e-7, -1.176e-8, 8.488e-7, -1.803e-8, 9.163e-7, -1.623e-8, 8.500e-7, -1.295e-8
0.667, 9.256e-7, -1.164e-8, 8.280e-7, -1.109e-8, 9.198e-7, -1.341e-8, 8.544e-7, -1.530e-8
0.668, 9.328e-7, -1.402e-8, 8.569e-7, -1.199e-8, 9.311e-7, -1.083e-8, 8.564e-7, -2.105e-8
0.669, 9.443e-7, -1.875e-8, 8.593e-7, -1.417e-8, 9.278e-7, -1.402e-8, 8.663e-7, -1.753e-8
0.670, 9.574e-7, -1.092e-8, 8.547e-7, -1.555e-8, 9.340e-7, -1.667e-8, 8.722e-7, -1.508e-8
0.671, 9.485e-7, -9.659e-9, 8.608e-7, -1.399e-8, 9.412e-7, -1.417e-8, 8.844e-7, -2.192e-8
0.672, 9.551e-7, -1.330e-8, 8.749e-7, -2.159e-8, 9.388e-7, -1.343e-8, 8.745e-7, -1.233e-8
0.673, 9.744e-7, -1.152e-8, 8.692e-7, -2.286e-8, 9.309e-7, -1.950e-8, 8.775e-7, -1.424e-8
0.674, 9.696e-7, -9.709e-9, 8.754e-7, -2.117e-8, 9.399e-7, -1.672e-8, 8.787e-7, -1.355e-8
0.675, 9.748e-7, -1.734e-8, 8.678e-7, -1.714e-8, 9.442e-7, -1.454e-8, 8.933e-7, -1.637e-8
0.676, 9.743e-7, -1.570e-8, 8.703e-7, -1.776e-8, 9.551e-7, -1.863e-8, 8.966e-7, -1.419e-8
0.677, 9.579e-7, -1.691e-8, 8.883e-7, -2.122e-8, 9.781e-7, -1.348e-8, 8.984e-7, -1.662e-8
0.678, 9.838e-7, -1.211e-8, 8.911e-7, -1.293e-8, 9.587e-7, -1.618e-8, 9.042e-7, -2.251e-8
0.679, 9.892e-7, -1.714e-8, 8.988e-7, -1.751e-8, 9.639e-7, -1.373e-8, 9.010e-7, -1.976e-8
0.680, 9.996e-7, -1.434e-8, 9.179e-7, -2.590e-8, 9.594e-7, -1.942e-8, 9.137e-7, -1.543e-8
0.681, 1.003e-6, -1.664e-8, 9.242e-7, -2.060e-8, 9.768e-7, -1.749e-8, 9.141e-7, -2.152e-8
0.682, 1.010e-6, -1.939e-8, 9.218e-7, -2.513e-8, 9.886e-7, -1.224e-8, 9.254e-7, -1.464e-8
0.683, 1.012e-6, -1.313e-8, 9.241e-7, -2.320e-8, 9.940e-7, -2.418e-8, 9.335e-7, -1.555e-8
0.684, 1.037e-6, -1.790e-8, 9.424e-7, -2.159e-8, 9.872e-7, -2.143e-8, 9.342e-7, -2.669e-8
0.685, 1.037e-6, -1.694e-8, 9.407e-7, -2.194e-8, 9.972e-7, -2.165e-8, 9.455e-7, -2.372e-8
0.686, 1.047e-6, -2.110e-8, 9.705e-7, -2.246e-8, 9.994e-7, -1.665e-8, 9.385e-7, -1.761e-8
0.687, 1.048e-6, -1.716e-8, 9.576e-7, -2.110e-8, 1.011e-6, -2.546e-8, 9.714e-7, -2.687e-8
0.688, 1.059e-6, -2.343e-8, 9.617e-7, -2.159e-8, 1.020e-6, -2.750e-8, 9.674e-7, -2.598e-8
0.689, 1.071e-6, -1.642e-8, 9.842e-7, -2.466e-8, 1.027e-6, -2.601e-8, 9.714e-7, -2.835e-8
0.690, 1.082e-6, -1.991e-8, 9.947e-7, -2.791e-8, 1.033e-6, -2.519e-8, 9.737e-7, -2.508e-8
0.691, 1.077e-6, -2.613e-8, 9.895e-7, -2.622e-8, 1.059e-6, -1.880e-8, 9.991e-7, -2.513e-8
0.692, 1.106e-6, -1.672e-8, 1.011e-6, -1.889e-8, 1.045e-6, -3.364e-8, 9.916e-7, -3.328e-8
0.693, 1.109e-6, -1.855e-8, 1.020e-6, -2.840e-8, 1.059e-6, -2.836e-8, 1.017e-6, -2.466e-8
0.694, 1.119e-6, -2.848e-8, 1.023e-6, -2.890e-8, 1.062e-6, -2.069e-8, 1.027e-6, -2.647e-8
0.695, 1.137e-6, -2.657e-8, 1.044e-6, -2.684e-8, 1.069e-6, -2.291e-8, 1.029e-6, -2.972e-8
0.696, 1.140e-6, -2.561e-8, 1.049e-6, -3.383e-8, 1.095e-6, -2.702e-8, 1.035e-6, -2.266e-8
0.697, 1.164e-6, -2.358e-8, 1.068e-6, -3.705e-8, 1.084e-6, -3.173e-8, 1.037e-6, -2.835e-8
0.698, 1.173e-6, -2.437e-8, 1.070e-6, -3.415e-8, 1.102e-6, -2.633e-8, 1.065e-6, -2.355e-8
0.699, 1.173e-6, -2.761e-8, 1.091e-6, -3.294e-8, 1.116e-6, -2.836e-8, 1.073e-6, -2.863e-8
0.700, 1.198e-6, -2.506e-8, 1.094e-6, -3.516e-8, 1.128e-6, -2.891e-8, 1.090e-6, -2.947e-8
0.701, 1.192e-6, -2.878e-8, 1.113e-6, -2.986e-8, 1.142e-6, -2.702e-8, 1.089e-6, -2.764e-8
0.702, 1.215e-6, -2.518e-8, 1.114e-6, -3.006e-8, 1.144e-6, -3.307e-8, 1.115e-6, -3.212e-8
0.703, 1.213e-6, -3.152e-8, 1.136e-6, -3.234e-8, 1.167e-6, -3.205e-8, 1.116e-6, -3.608e-8
0.704, 1.249e-6, -2.803e-8, 1.149e-6, -3.516e-8, 1.163e-6, -3.146e-8, 1.135e-6, -2.838e-8
0.705, 1.255e-6, -2.538e-8, 1.158e-6, -3.531e-8, 1.173e-6, -3.609e-8, 1.144e-6, -3.088e-8
0.706, 1.269e-6, -2.967e-8, 1.173e-6, -4.182e-8, 1.186e-6, -3.198e-8, 1.159e-6, -3.556e-8
0.707, 1.297e-6, -2.934e-8, 1.199e-6, -4.012e-8, 1.190e-6, -2.856e-8, 1.162e-6, -3.152e-8
0.708, 1.308e-6, -3.353e-8, 1.213e-6, -3.913e-8, 1.209e-6, -3.161e-8, 1.178e-6, -3.132e-8
0.709, 1.313e-6, -2.873e-8, 1.221e-6, -3.638e-8, 1.223e-6, -3.819e-8, 1.192e-6, -3.432e-8
0.710, 1.322e-6, -3.430e-8, 1.234e-6, -3.400e-8, 1.247e-6, -3.423e-8, 1.210e-6, -3.573e-8
0.711, 1.341e-6, -3.336e-8, 1.250e-6, -5.279e-8, 1.248e-6, -3.146e-8, 1.231e-6, -2.880e-8
0.712, 1.364e-6, -3.410e-8, 1.255e-6, -3.851e-8, 1.257e-6, -3.500e-8, 1.238e-6, -3.323e-8
0.713, 1.379e-6, -4.009e-8, 1.284e-6, -3.960e-8, 1.277e-6, -3.349e-8, 1.252e-6, -3.561e-8
0.714, 1.406e-6, -3.942e-8, 1.313e-6, -3.880e-8, 1.297e-6, -3.354e-8, 1.265e-6, -4.321e-8
0.715, 1.413e-6, -3.142e-8, 1.321e-6, -4.279e-8, 1.303e-6, -4.255e-8, 1.288e-6, -3.165e-8
0.716, 1.420e-6, -3.757e-8, 1.337e-6, -4.202e-8, 1.328e-6, -3.661e-8, 1.304e-6, -3.880e-8
0.717, 1.445e-6, -3.922e-8, 1.348e-6, -4.623e-8, 1.338e-6, -3.690e-8, 1.318e-6, -3.662e-8
0.718, 1.458e-6, -3.992e-8, 1.373e-6, -4.527e-8, 1.355e-6, -3.718e-8, 1.335e-6, -3.241e-8
0.719, 1.495e-6, -3.776e-8, 1.399e-6, -4.658e-8, 1.367e-6, -3.869e-8, 1.353e-6, -3.655e-8
0.720, 1.513e-6, -4.145e-8, 1.406e-6, -4.715e-8, 1.382e-6, -4.760e-8, 1.371e-6, -3.999e-8
0.721, 1.523e-6, -4.130e-8, 1.445e-6, -4.695e-8, 1.405e-6, -3.990e-8, 1.374e-6, -3.937e-8
0.722, 1.564e-6, -5.024e-8, 1.453e-6, -4.628e-8, 1.411e-6, -3.210e-8, 1.406e-6, -4.049e-8
0.723, 1.575e-6, -4.680e-8, 1.472e-6, -4.205e-8, 1.431e-6, -4.121e-8, 1.426e-6, -4.749e-8
0.724, 1.607e-6, -4.160e-8, 1.492e-6, -5.141e-8, 1.445e-6, -4.483e-8, 1.446e-6, -4.207e-8
0.725, 1.615e-6, -4.977e-8, 1.502e-6, -5.240e-8, 1.467e-6, -4.703e-8, 1.472e-6, -4.576e-8
0.726, 1.625e-6, -4.480e-8, 1.537e-6, -5.307e-8, 1.485e-6, -4.664e-8, 1.482e-6, -4.985e-8
0.727, 1.654e-6, -4.774e-8, 1.561e-6, -5.329e-8, 1.503e-6, -4.468e-8, 1.505e-6, -5.066e-8
0.728, 1.672e-6, -5.200e-8, 1.580e-6, -5.785e-8, 1.524e-6, -4.961e-8, 1.509e-6, -5.039e-8
0.729, 1.700e-6, -4.861e-8, 1.596e-6, -6.176e-8, 1.542e-6, -5.669e-8, 1.547e-6, -5.406e-8
0.730, 1.730e-6, -5.785e-8, 1.630e-6, -5.918e-8, 1.554e-6, -4.864e-8, 1.558e-6, -5.643e-8
0.731, 1.748e-6, -5.804e-8, 1.659e-6, -5.589e-8, 1.589e-6, -5.468e-8, 1.579e-6, -6.347e-8
0.732, 1.782e-6, -6.040e-8, 1.677e-6, -6.641e-8, 1.593e-6, -5.558e-8, 1.612e-6, -5.123e-8
0.733, 1.797e-6, -6.191e-8, 1.702e-6, -6.844e-8, 1.628e-6, -6.139e-8, 1.624e-6, -5.680e-8
0.734, 1.823e-6, -6.124e-8, 1.726e-6, -6.463e-8, 1.645e-6, -6.063e-8, 1.653e-6, -6.423e-8
0.735, 1.853e-6, -6.238e-8, 1.758e-6, -6.255e-8, 1.667e-6, -6.620e-8, 1.679e-6, -6.842e-8
0.736, 1.881e-6, -6.911e-8, 1.785e-6, -7.090e-8, 1.679e-6, -5.929e-8, 1.694e-6, -6.535e-8
0.737, 1.911e-6, -6.367e-8, 1.812e-6, -7.179e-8, 1.699e-6, -6.501e-8, 1.719e-6, -7.099e-8
0.738, 1.926e-6, -7.355e-8, 1.825e-6, -7.466e-8, 1.738e-6, -6.560e-8, 1.764e-6, -6.436e-8
0.739, 1.957e-6, -6.879e-8, 1.858e-6, -7.610e-8, 1.758e-6, -7.068e-8, 1.789e-6, -6.869e-8
0.740, 1.999e-6, -7.119e-8, 1.887e-6, -7.543e-8, 1.778e-6, -7.279e-8, 1.820e-6, -7.434e-8
0.741, 2.014e-6, -7.872e-8, 1.911e-6, -8.310e-8, 1.801e-6, -7.333e-8, 1.834e-6, -7.414e-8
0.742, 2.045e-6, -8.169e-8, 1.943e-6, -8.182e-8, 1.824e-6, -7.769e-8, 1.858e-6, -7.624e-8
0.743, 2.080e-6, -8.442e-8, 1.983e-6, -8.848e-8, 1.854e-6, -7.791e-8, 1.884e-6, -7.929e-8
0.744, 2.116e-6, -8.333e-8, 2.004e-6, -8.838e-8, 1.869e-6, -7.898e-8, 1.917e-6, -8.261e-8
0.745, 2.152e-6, -8.664e-8, 2.028e-6, -9.093e-8, 1.899e-6, -8.130e-8, 1.953e-6, -8.622e-8
0.746, 2.178e-6, -8.543e-8, 2.072e-6, -9.135e-8, 1.929e-6, -8.408e-8, 1.959e-6, -8.729e-8
0.747, 2.202e-6, -9.340e-8, 2.103e-6, -9.283e-8, 1.954e-6, -8.502e-8, 2.000e-6, -9.177e-8
0.748, 2.239e-6, -9.962e-8, 2.127e-6, -1.020e-7, 1.978e-6, -8.465e-8, 2.029e-6, -9.026e-8
0.749, 2.274e-6, -9.959e-8, 2.161e-6, -9.964e-8, 2.004e-6, -9.170e-8, 2.057e-6, -9.405e-8
0.750, 2.304e-6, -9.687e-8, 2.192e-6, -1.087e-7, 2.036e-6, -9.965e-8, 2.090e-6, -9.184e-8
0.751, 2.340e-6, -1.080e-7, 2.238e-6, -1.057e-7, 2.054e-6, -9.470e-8, 2.114e-6, -1.006e-7
0.752, 2.370e-6, -1.081e-7, 2.262e-6, -1.075e-7, 2.096e-6, -1.008e-7, 2.161e-6, -1.057e-7
0.753, 2.405e-6, -1.092e-7, 2.299e-6, -1.140e-7, 2.119e-6, -9.794e-8, 2.187e-6, -9.727e-8
0.754, 2.445e-6, -1.149e-7, 2.331e-6, -1.198e-7, 2.157e-6, -1.019e-7, 2.221e-6, -1.062e-7
0.755, 2.469e-6, -1.159e-7, 2.378e-6, -1.194e-7, 2.179e-6, -1.067e-7, 2.242e-6, -1.089e-7
0.756, 2.514e-6, -1.238e-7, 2.416e-6, -1.205e-7, 2.206e-6, -1.115e-7, 2.271e-6, -1.137e-7
0.757, 2.541e-6, -1.127e-7, 2.444e-6, -1.251e-7, 2.245e-6, -1.171e-7, 2.319e-6, -1.148e-7
0.758, 2.591e-6, -1.292e-7, 2.490e-6, -1.311e-7, 2.266e-6, -1.138e-7, 2.340e-6, -1.173e-7
0.759, 2.630e-6, -1.291e-7, 2.512e-6, -1.325e-7, 2.289e-6, -1.167e-7, 2.394e-6, -1.297e-7
0.760, 2.670e-6, -1.307e-7, 2.567e-6, -1.347e-7, 2.316e-6, -1.244e-7, 2.416e-6, -1.304e-7
0.761, 2.708e-6, -1.417e-7, 2.599e-6, -1.374e-7, 2.351e-6, -1.227e-7, 2.459e-6, -1.360e-7
0.762, 2.742e-6, -1.405e-7, 2.630e-6, -1.480e-7, 2.385e-6, -1.333e-7, 2.489e-6, -1.301e-7
0.763, 2.778e-6, -1.471e-7, 2.667e-6, -1.524e-7, 2.423e-6, -1.312e-7, 2.527e-6, -1.373e-7
0.764, 2.829e-6, -1.535e-7, 2.708e-6, -1.550e-7, 2.458e-6, -1.338e-7, 2.557e-6, -1.395e-7
0.765, 2.858e-6, -1.613e-7, 2.749e-6, -1.573e-7, 2.486e-6, -1.301e-7, 2.605e-6, -1.414e-7
0.766, 2.908e-6, -1.629e-7, 2.792e-6, -1.601e-7, 2.511e-6, -1.416e-7, 2.634e-6, -1.453e-7
0.767, 2.942e-6, -1.638e-7, 2.827e-6, -1.638e-7, 2.556e-6, -1.436e-7, 2.675e-6, -1.570e-7
0.768, 2.983e-6, -1.686e-7, 2.878e-6, -1.699e-7, 2.579e-6, -1.484e-7, 2.708e-6, -1.596e-7
0.769, 3.028e-6, -1.697e-7, 2.926e-6, -1.756e-7, 2.617e-6, -1.499e-7, 2.750e-6, -1.586e-7
0.770, 3.084e-6, -1.721e-7, 2.964e-6, -1.846e-7, 2.651e-6, -1.571e-7, 2.790e-6, -1.575e-7
0.771, 3.114e-6, -1.859e-7, 2.995e-6, -1.853e-7, 2.691e-6, -1.564e-7, 2.837e-6, -1.694e-7
0.772, 3.157e-6, -1.888e-7, 3.051e-6, -1.904e-7, 2.732e-6, -1.639e-7, 2.871e-6, -1.772e-7
0.773, 3.197e-6, -1.904e-7, 3.087e-6, -1.985e-7, 2.763e-6, -1.697e-7, 2.918e-6, -1.796e-7
0.774, 3.236e-6, -1.934e-7, 3.136e-6, -1.986e-7, 2.802e-6, -1.795e-7, 2.954e-6, -1.882e-7
0.775, 3.289e-6, -2.063e-7, 3.195e-6, -2.077e-7, 2.824e-6, -1.770e-7, 2.976e-6, -1.845e-7
0.776, 3.328e-6, -2.133e-7, 3.220e-6, -2.100e-7, 2.880e-6, -1.816e-7, 3.034e-6, -1.915e-7
0.777, 3.376e-6, -2.205e-7, 3.276e-6, -2.133e-7, 2.919e-6, -1.841e-7, 3.073e-6, -2.025e-7
0.778, 3.413e-6, -2.232e-7, 3.315e-6, -2.179e-7, 2.950e-6, -1.923e-7, 3.116e-6, -2.044e-7
0.779, 3.466e-6, -2.280e-7, 3.370e-6, -2.237e-7, 2.981e-6, -1.995e-7, 3.161e-6, -2.120e-7
0.780, 3.522e-6, -2.325e-7, 3.418e-6, -2.398e-7, 3.014e-6, -2.070e-7, 3.202e-6, -2.181e-7
0.781, 3.560e-6, -2.380e-7, 3.463e-6, -2.393e-7, 3.058e-6, -2.114e-7, 3.240e-6, -2.196e-7
0.782, 3.603e-6, -2.465e-7, 3.513e-6, -2.491e-7, 3.103e-6, -2.118e-7, 3.286e-6, -2.286e-7
0.783, 3.665e-6, -2.529e-7, 3.558e-6, -2.617e-7, 3.120e-6, -2.242e-7, 3.329e-6, -2.358e-7
0.784, 3.702e-6, -2.634e-7, 3.615e-6, -2.662e-7, 3.193e-6, -2.208e-7, 3.379e-6, -2.367e-7
0.785, 3.749e-6, -2.703e-7, 3.651e-6, -2.732e-7, 3.217e-6, -2.280e-7, 3.416e-6, -2.471e-7
0.786, 3.795e-6, -2.771e-7, 3.696e-6, -2.717e-7, 3.257e-6, -2.387e-7, 3.471e-6, -2.589e-7
0.787, 3.849e-6, -2.842e-7, 3.748e-6, -2.848e-7, 3.298e-6, -2.450e-7, 3.518e-6, -2.633e-7
0.788, 3.899e-6, -2.895e-7, 3.799e-6, -2.916e-7, 3.340e-6, -2.561e-7, 3.558e-6, -2.684e-7
0.789, 3.951e-6, -2.962e-7, 3.855e-6, -3.008e-7, 3.383e-6, -2.590e-7, 3.596e-6, -2.743e-7
0.790, 4.000e-6, -3.049e-7, 3.907e-6, -3.096e-7, 3.417e-6, -2.666e-7, 3.644e-6, -2.879e-7
0.791, 4.050e-6, -3.166e-7, 3.950e-6, -3.186e-7, 3.459e-6, -2.665e-7, 3.688e-6, -2.877e-7
0.792, 4.089e-6, -3.212e-7, 3.988e-6, -3.244e-7, 3.503e-6, -2.802e-7, 3.752e-6, -2.974e-7
0.793, 4.152e-6, -3.309e-7, 4.057e-6, -3.365e-7, 3.540e-6, -2.840e-7, 3.778e-6, -3.099e-7
0.794, 4.189e-6, -3.402e-7, 4.092e-6, -3.426e-7, 3.591e-6, -2.952e-7, 3.841e-6, -3.133e-7
0.795, 4.247e-6, -3.514e-7, 4.153e-6, -3.504e-7, 3.632e-6, -2.990e-7, 3.888e-6, -3.263e-7
0.796, 4.296e-6, -3.628e-7, 4.197e-6, -3.654e-7, 3.664e-6, -3.080e-7, 3.937e-6, -3.323e-7
0.797, 4.347e-6, -3.691e-7, 4.252e-6, -3.663e-7, 3.711e-6, -3.166e-7, 3.974e-6, -3.452e-7
0.798, 4.408e-6, -3.842e-7, 4.312e-6, -3.824e-7, 3.753e-6, -3.229e-7, 4.017e-6, -3.508e-7
0.799, 4.444e-6, -3.909e-7, 4.352e-6, -3.986e-7, 3.799e-6, -3.351e-7, 4.073e-6, -3.594e-7
0.800, 4.505e-6, -3.988e-7, 4.411e-6, -4.010e-7, 3.833e-6, -3.496e-7, 4.112e-6, -3.690e-7
0.801, 4.549e-6, -4.176e-7, 4.453e-6, -4.151e-7, 3.879e-6, -3.488e-7, 4.160e-6, -3.834e-7
0.802, 4.594e-6, -4.257e-7, 4.507e-6, -4.237e-7, 3.921e-6, -3.570e-7, 4.217e-6, -3.853e-7
0.803, 4.648e-6, -4.366e-7, 4.544e-6, -4.358e-7, 3.963e-6, -3.636e-7, 4.270e-6, -3.993e-7
0.804, 4.696e-6, -4.469e-7, 4.601e-6, -4.412e-7, 4.006e-6, -3.789e-7, 4.320e-6, -4.197e-7
0.805, 4.750e-6, -4.462e-7, 4.665e-6, -4.658e-7, 4.058e-6, -3.922e-7, 4.361e-6, -4.181e-7
0.806, 4.804e-6, -4.622e-7, 4.712e-6, -4.631e-7, 4.084e-6, -4.069e-7, 4.410e-6, -4.310e-7
0.807, 4.853e-6, -4.805e-7, 4.744e-6, -4.869e-7, 4.127e-6, -4.067e-7, 4.454e-6, -4.460e-7
0.808, 4.899e-6, -4.848e-7, 4.817e-6, -4.917e-7, 4.168e-6, -4.224e-7, 4.497e-6, -4.555e-7
0.809, 4.954e-6, -5.077e-7, 4.863e-6, -5.032e-7, 4.207e-6, -4.250e-7, 4.540e-6, -4.674e-7
0.810, 5.001e-6, -5.135e-7, 4.917e-6, -5.158e-7, 4.244e-6, -4.383e-7, 4.587e-6, -4.769e-7
0.811, 5.040e-6, -5.305e-7, 4.961e-6, -5.290e-7, 4.294e-6, -4.473e-7, 4.643e-6, -4.921e-7
0.812, 5.087e-6, -5.413e-7, 4.996e-6, -5.384e-7, 4.337e-6, -4.598e-7, 4.688e-6, -5.001e-7
0.813, 5.137e-6, -5.537e-7, 5.058e-6, -5.639e-7, 4.378e-6, -4.721e-7, 4.724e-6, -5.095e-7
0.814, 5.197e-6, -5.657e-7, 5.118e-6, -5.674e-7, 4.400e-6, -4.793e-7, 4.757e-6, -5.233e-7
0.815, 5.232e-6, -5.764e-7, 5.148e-6, -5.835e-7, 4.461e-6, -4.921e-7, 4.824e-6, -5.333e-7
0.816, 5.288e-6, -5.942e-7, 5.199e-6, -5.936e-7, 4.481e-6, -5.075e-7, 4.867e-6, -5.495e-7
0.817, 5.339e-6, -6.043e-7, 5.235e-6, -6.126e-7, 4.529e-6, -5.154e-7, 4.919e-6, -5.567e-7
0.818, 5.374e-6, -6.177e-7, 5.287e-6, -6.268e-7, 4.576e-6, -5.242e-7, 4.951e-6, -5.715e-7
0.819, 5.429e-6, -6.328e-7, 5.322e-6, -6.404e-7, 4.609e-6, -5.399e-7, 5.007e-6, -5.806e-7
0.820, 5.461e-6, -6.444e-7, 5.376e-6, -6.545e-7, 4.644e-6, -5.524e-7, 5.047e-6, -5.908e-7
0.821, 5.513e-6, -6.625e-7, 5.422e-6, -6.677e-7, 4.690e-6, -5.640e-7, 5.085e-6, -6.075e-7
0.822, 5.546e-6, -6.690e-7, 5.470e-6, -6.859e-7, 4.728e-6, -5.802e-7, 5.114e-6, -6.227e-7
0.823, 5.602e-6, -6.928e-7, 5.517e-6, -6.909e-7, 4.757e-6, -5.812e-7, 5.158e-6, -6.376e-7
0.824, 5.634e-6, -6.995e-7, 5.558e-6, -7.090e-7, 4.807e-6, -5.960e-7, 5.201e-6, -6.531e-7
0.825, 5.688e-6, -7.208e-7, 5.609e-6, -7.258e-7, 4.831e-6, -6.045e-7, 5.231e-6, -6.638e-7
0.826, 5.706e-6, -7.243e-7, 5.641e-6, -7.372e-7, 4.863e-6, -6.239e-7, 5.276e-6, -6.727e-7
0.827, 5.748e-6, -7.470e-7, 5.678e-6, -7.511e-7, 4.906e-6, -6.313e-7, 5.325e-6, -6.916e-7
0.828, 5.787e-6, -7.665e-7, 5.715e-6, -7.687e-7, 4.938e-6, -6.431e-7, 5.371e-6, -7.039e-7
0.829, 5.829e-6, -7.765e-7, 5.755e-6, -7.789e-7, 4.972e-6, -6.524e-7, 5.401e-6, -7.204e-7
0.830, 5.886e-6, -7.881e-7, 5.800e-6, -7.974e-7, 4.998e-6, -6.694e-7, 5.440e-6, -7.323e-7
0.831, 5.911e-6, -8.024e-7, 5.822e-6, -8.061e-7, 5.029e-6, -6.750e-7, 5.475e-6, -7.461e-7
0.832, 5.954e-6, -8.191e-7, 5.879e-6, -8.274e-7, 5.057e-6, -6.870e-7, 5.500e-6, -7.554e-7
0.833, 5.981e-6, -8.295e-7, 5.890e-6, -8.435e-7, 5.094e-6, -7.056e-7, 5.549e-6, -7.676e-7
0.834, 6.031e-6, -8.495e-7, 5.935e-6, -8.500e-7, 5.121e-6, -7.123e-7, 5.571e-6, -7.824e-7
0.835, 6.057e-6, -8.608e-7, 5.968e-6, -8.650e-7, 5.150e-6, -7.266e-7, 5.601e-6, -7.966e-7
0.836, 6.094e-6, -8.771e-7, 6.001e-6, -8.800e-7, 5.175e-6, -7.403e-7, 5.635e-6, -8.092e-7
0.837, 6.121e-6, -8.917e-7, 6.032e-6, -8.984e-7, 5.204e-6, -7.430e-7, 5.668e-6, -8.207e-7
0.838, 6.153e-6, -9.055e-7, 6.061e-6, -9.086e-7, 5.232e-6, -7.595e-7, 5.699e-6, -8.345e-7
0.839, 6.164e-6, -9.167e-7, 6.087e-6, -9.229e-7, 5.260e-6, -7.658e-7, 5.737e-6, -8.444e-7
0.840, 6.209e-6, -9.300e-7, 6.130e-6, -9.337e-7, 5.289e-6, -7.781e-7, 5.746e-6, -8.591e-7
0.841, 6.237e-6, -9.405e-7, 6.150e-6, -9.492e-7, 5.312e-6, -7.913e-7, 5.780e-6, -8.679e-7
0.842, 6.257e-6, -9.501e-7, 6.165e-6, -9.622e-7, 5.327e-6, -8.037e-7, 5.814e-6, -8.795e-7
0.843, 6.283e-6, -9.647e-7, 6.199e-6, -9.730e-7, 5.349e-6, -8.161e-7, 5.821e-6, -8.921e-7
0.844, 6.307e-6, -9.753e-7, 6.230e-6, -9.841e-7, 5.373e-6, -8.232e-7, 5.842e-6, -9.009e-7
0.845, 6.324e-6, -9.884e-7, 6.238e-6, -9.975e-7, 5.391e-6, -8.322e-7, 5.878e-6, -9.181e-7
0.846, 6.357e-6, -9.995e-7, 6.264e-6, -1.013e-6, 5.408e-6, -8.395e-7, 5.894e-6, -9.188e-7
0.847, 6.384e-6, -1.006e-6, 6.291e-6, -1.019e-6, 5.424e-6, -8.541e-7, 5.913e-6, -9.381e-7
0.848, 6.399e-6, -1.022e-6, 6.299e-6, -1.033e-6, 5.449e-6, -8.561e-7, 5.932e-6, -9.461e-7
0.849, 6.407e-6, -1.039e-6, 6.319e-6, -1.043e-6, 5.456e-6, -8.625e-7, 5.949e-6, -9.603e-7
0.850, 6.440e-6, -1.040e-6, 6.337e-6, -1.053e-6, 5.479e-6, -8.805e-7, 5.981e-6, -9.704e-7
0.851, 6.442e-6, -1.057e-6, 6.353e-6, -1.062e-6, 5.496e-6, -8.838e-7, 5.990e-6, -9.772e-7
0.852, 6.464e-6, -1.062e-6, 6.378e-6, -1.073e-6, 5.499e-6, -8.921e-7, 6.005e-6, -9.865e-7
0.853, 6.475e-6, -1.067e-6, 6.388e-6, -1.077e-6, 5.521e-6, -9.013e-7, 6.013e-6, -9.935e-7
0.854, 6.497e-6, -1.079e-6, 6.398e-6, -1.084e-6, 5.525e-6, -9.012e-7, 6.028e-6, -1.006e-6
0.855, 6.496e-6, -1.086e-6, 6.404e-6, -1.093e-6, 5.545e-6, -9.071e-7, 6.038e-6, -1.013e-6
0.856, 6.515e-6, -1.091e-6, 6.416e-6, -1.106e-6, 5.552e-6, -9.206e-7, 6.055e-6, -1.016e-6
0.857, 6.518e-6, -1.094e-6, 6.432e-6, -1.112e-6, 5.560e-6, -9.290e-7, 6.053e-6, -1.023e-6
0.858, 6.534e-6, -1.108e-6, 6.433e-6, -1.118e-6, 5.560e-6, -9.308e-7, 6.067e-6, -1.028e-6
0.859, 6.546e-6, -1.107e-6, 6.439e-6, -1.124e-6, 5.567e-6, -9.391e-7, 6.068e-6, -1.037e-6
0.860, 6.548e-6, -1.122e-6, 6.440e-6, -1.131e-6, 5.569e-6, -9.396e-7, 6.069e-6, -1.042e-6
0.861, 6.550e-6, -1.129e-6, 6.461e-6, -1.136e-6, 5.588e-6, -9.428e-7, 6.069e-6, -1.049e-6
0.862, 6.547e-6, -1.133e-6, 6.465e-6, -1.141e-6, 5.596e-6, -9.435e-7, 6.072e-6, -1.047e-6
0.863, 6.568e-6, -1.133e-6, 6.451e-6, -1.145e-6, 5.589e-6, -9.565e-7, 6.080e-6, -1.053e-6
0.864, 6.568e-6, -1.140e-6, 6.441e-6, -1.153e-6, 5.576e-6, -9.499e-7, 6.079e-6, -1.054e-6
0.865, 6.553e-6, -1.138e-6, 6.448e-6, -1.147e-6, 5.577e-6, -9.574e-7, 6.080e-6, -1.061e-6
0.866, 6.564e-6, -1.141e-6, 6.448e-6, -1.152e-6, 5.589e-6, -9.613e-7, 6.078e-6, -1.063e-6
0.867, 6.567e-6, -1.146e-6, 6.436e-6, -1.156e-6, 5.579e-6, -9.572e-7, 6.075e-6, -1.066e-6
0.868, 6.552e-6, -1.143e-6, 6.443e-6, -1.160e-6, 5.579e-6, -9.597e-7, 6.077e-6, -1.067e-6
0.869, 6.559e-6, -1.148e-6, 6.432e-6, -1.161e-6, 5.571e-6, -9.604e-7, 6.065e-6, -1.064e-6
0.870, 6.536e-6, -1.148e-6, 6.416e-6, -1.163e-6, 5.572e-6, -9.658e-7, 6.055e-6, -1.068e-6
0.871, 6.538e-6, -1.149e-6, 6.403e-6, -1.164e-6, 5.547e-6, -9.616e-7, 6.054e-6, -1.066e-6
0.872, 6.524e-6, -1.150e-6, 6.405e-6, -1.164e-6, 5.559e-6, -9.608e-7, 6.042e-6, -1.062e-6
0.873, 6.516e-6, -1.141e-6, 6.393e-6, -1.160e-6, 5.547e-6, -9.698e-7, 6.030e-6, -1.065e-6
0.874, 6.504e-6, -1.144e-6, 6.375e-6, -1.159e-6, 5.540e-6, -9.563e-7, 6.013e-6, -1.065e-6
0.875, 6.482e-6, -1.152e-6, 6.351e-6, -1.153e-6, 5.529e-6, -9.571e-7, 6.006e-6, -1.065e-6
0.876, 6.478e-6, -1.136e-6, 6.340e-6, -1.155e-6, 5.510e-6, -9.572e-7, 5.986e-6, -1.060e-6
0.877, 6.451e-6, -1.134e-6, 6.325e-6, -1.149e-6, 5.491e-6, -9.576e-7, 5.946e-6, -1.061e-6
0.878, 6.421e-6, -1.133e-6, 6.294e-6, -1.147e-6, 5.472e-6, -9.537e-7, 5.949e-6, -1.058e-6
0.879, 6.410e-6, -1.123e-6, 6.276e-6, -1.142e-6, 5.445e-6, -9.512e-7, 5.916e-6, -1.051e-6
0.880, 6.388e-6, -1.122e-6, 6.240e-6, -1.140e-6, 5.429e-6, -9.396e-7, 5.889e-6, -1.047e-6
0.881, 6.362e-6, -1.117e-6, 6.228e-6, -1.134e-6, 5.399e-6, -9.433e-7, 5.853e-6, -1.044e-6
0.882, 6.330e-6, -1.113e-6, 6.185e-6, -1.123e-6, 5.380e-6, -9.357e-7, 5.831e-6, -1.034e-6
0.883, 6.288e-6, -1.107e-6, 6.156e-6, -1.122e-6, 5.361e-6, -9.272e-7, 5.800e-6, -1.029e-6
0.884, 6.258e-6, -1.104e-6, 6.104e-6, -1.116e-6, 5.328e-6, -9.225e-7, 5.758e-6, -1.024e-6
0.885, 6.232e-6, -1.090e-6, 6.083e-6, -1.103e-6, 5.279e-6, -9.182e-7, 5.723e-6, -1.017e-6
0.886, 6.180e-6, -1.089e-6, 6.029e-6, -1.097e-6, 5.255e-6, -9.105e-7, 5.673e-6, -1.009e-6
0.887, 6.127e-6, -1.069e-6, 5.970e-6, -1.087e-6, 5.215e-6, -9.082e-7, 5.637e-6, -1.003e-6
0.888, 6.091e-6, -1.060e-6, 5.922e-6, -1.070e-6, 5.159e-6, -9.017e-7, 5.598e-6, -1.004e-6
0.889, 6.046e-6, -1.061e-6, 5.894e-6, -1.071e-6, 5.115e-6, -8.831e-7, 5.530e-6, -9.868e-7
0.890, 5.984e-6, -1.043e-6, 5.831e-6, -1.057e-6, 5.080e-6, -8.859e-7, 5.491e-6, -9.748e-7
0.891, 5.942e-6, -1.036e-6, 5.774e-6, -1.046e-6, 5.030e-6, -8.722e-7, 5.426e-6, -9.673e-7
0.892, 5.869e-6, -1.023e-6, 5.700e-6, -1.032e-6, 4.989e-6, -8.664e-7, 5.377e-6, -9.536e-7
0.893, 5.822e-6, -1.014e-6, 5.642e-6, -1.024e-6, 4.936e-6, -8.517e-7, 5.309e-6, -9.459e-7
0.894, 5.751e-6, -9.959e-7, 5.582e-6, -1.011e-6, 4.878e-6, -8.402e-7, 5.235e-6, -9.306e-7
0.895, 5.687e-6, -9.881e-7, 5.505e-6, -9.982e-7, 4.815e-6, -8.321e-7, 5.184e-6, -9.172e-7
0.896, 5.622e-6, -9.765e-7, 5.431e-6, -9.835e-7, 4.758e-6, -8.147e-7, 5.105e-6, -9.069e-7
0.897, 5.541e-6, -9.679e-7, 5.361e-6, -9.611e-7, 4.703e-6, -8.050e-7, 5.026e-6, -8.998e-7
0.898, 5.470e-6, -9.490e-7, 5.280e-6, -9.560e-7, 4.641e-6, -8.000e-7, 4.975e-6, -8.810e-7
0.899, 5.393e-6, -9.312e-7, 5.200e-6, -9.339e-7, 4.573e-6, -7.880e-7, 4.885e-6, -8.742e-7
0.900, 5.316e-6, -9.192e-7, 5.116e-6, -9.200e-7, 4.503e-6, -7.753e-7, 4.817e-6, -8.602e-7
