0.002, 7.839e-7, 1.145e-6, 7.357e-7, 1.057e-6, 9.926e-7, 1.230e-6, 9.915e-7, 1.310e-6
0.003, 7.659e-7, 1.121e-6, 7.171e-7, 1.035e-6, 9.465e-7, 1.195e-6, 9.440e-7, 1.255e-6
0.004, 7.568e-7, 1.105e-6, 7.086e-7, 1.020e-6, 9.173e-7, 1.173e-6, 9.183e-7, 1.225e-6
0.005, 7.482e-7, 1.097e-6, 6.969e-7, 1.009e-6, 8.992e-7, 1.156e-6, 8.989e-7, 1.201e-6
0.006, 7.401e-7, 1.085e-6, 6.898e-7, 1.000e-6, 8.839e-7, 1.144e-6, 8.846e-7, 1.184e-6
0.007, 7.334e-7, 1.075e-6, 6.821e-7, 9.910e-7, 8.674e-7, 1.131e-6, 8.694e-7, 1.167e-6
0.008, 7.277e-7, 1.071e-6, 6.789e-7, 9.853e-7, 8.611e-7, 1.125e-6, 8.587e-7, 1.155e-6
0.009, 7.244e-7, 1.065e-6, 6.741e-7, 9.804e-7, 8.506e-7, 1.117e-6, 8.510e-7, 1.147e-6
0.010, 7.196e-7, 1.059e-6, 6.691e-7, 9.750e-7, 8.421e-7, 1.109e-6, 8.430e-7, 1.136e-6
0.011, 7.164e-7, 1.054e-6, 6.625e-7, 9.699e-7, 8.343e-7, 1.102e-6, 8.333e-7, 1.127e-6
0.012, 7.155e-7, 1.052e-6, 6.644e-7, 9.686e-7, 8.316e-7, 1.100e-6, 8.309e-7, 1.124e-6
0.013, 7.117e-7, 1.046e-6, 6.604e-7, 9.641e-7, 8.227e-7, 1.093e-6, 8.218e-7, 1.114e-6
0.014, 7.102e-7, 1.046e-6, 6.579e-7, 9.616e-7, 8.203e-7, 1.092e-6, 8.212e-7, 1.112e-6
0.015, 7.067e-7, 1.040e-6, 6.538e-7, 9.575e-7, 8.136e-7, 1.086e-6, 8.122e-7, 1.105e-6
0.016, 7.048e-7, 1.036e-6, 6.529e-7, 9.525e-7, 8.088e-7, 1.082e-6, 8.084e-7, 1.098e-6
0.017, 7.021e-7, 1.033e-6, 6.507e-7, 9.510e-7, 8.053e-7, 1.080e-6, 8.025e-7, 1.095e-6
0.018, 7.028e-7, 1.035e-6, 6.489e-7, 9.507e-7, 8.038e-7, 1.078e-6, 8.016e-7, 1.092e-6
0.019, 6.980e-7, 1.031e-6, 6.479e-7, 9.487e-7, 7.988e-7, 1.075e-6, 7.964e-7, 1.087e-6
0.020, 6.997e-7, 1.031e-6, 6.473e-7, 9.464e-7, 7.980e-7, 1.074e-6, 7.955e-7, 1.086e-6
0.021, 6.993e-7, 1.029e-6, 6.453e-7, 9.453e-7, 7.937e-7, 1.071e-6, 7.898e-7, 1.081e-6
0.022, 6.982e-7, 1.028e-6, 6.464e-7, 9.455e-7, 7.927e-7, 1.071e-6, 7.899e-7, 1.081e-6
0.023, 6.983e-7, 1.030e-6, 6.452e-7, 9.428e-7, 7.909e-7, 1.069e-6, 7.890e-7, 1.078e-6
0.024, 6.983e-7, 1.030e-6, 6.451e-7, 9.438e-7, 7.917e-7, 1.068e-6, 7.853e-7, 1.077e-6
0.025, 6.974e-7, 1.027e-6, 6.436e-7, 9.423e-7, 7.871e-7, 1.067e-6, 7.841e-7, 1.074e-6
0.026, 6.960e-7, 1.026e-6, 6.431e-7, 9.418e-7, 7.863e-7, 1.066e-6, 7.821e-7, 1.073e-6
0.027, 6.969e-7, 1.026e-6, 6.433e-7, 9.418e-7, 7.855e-7, 1.067e-6, 7.807e-7, 1.072e-6
0.028, 7.005e-7, 1.028e-6, 6.454e-7, 9.413e-7, 7.859e-7, 1.067e-6, 7.790e-7, 1.074e-6
0.029, 6.975e-7, 1.025e-6, 6.428e-7, 9.395e-7, 7.827e-7, 1.065e-6, 7.780e-7, 1.070e-6
0.030, 6.989e-7, 1.028e-6, 6.446e-7, 9.414e-7, 7.833e-7, 1.066e-6, 7.780e-7, 1.070e-6
0.031, 7.009e-7, 1.028e-6, 6.451e-7, 9.412e-7, 7.842e-7, 1.067e-6, 7.756e-7, 1.071e-6
0.032, 7.023e-7, 1.030e-6, 6.456e-7, 9.441e-7, 7.841e-7, 1.069e-6, 7.770e-7, 1.071e-6
0.033, 7.041e-7, 1.031e-6, 6.482e-7, 9.440e-7, 7.854e-7, 1.069e-6, 7.763e-7, 1.071e-6
0.034, 7.043e-7, 1.032e-6, 6.491e-7, 9.440e-7, 7.843e-7, 1.069e-6, 7.765e-7, 1.070e-6
0.035, 7.096e-7, 1.036e-6, 6.513e-7, 9.491e-7, 7.890e-7, 1.072e-6, 7.789e-7, 1.072e-6
0.036, 7.090e-7, 1.036e-6, 6.534e-7, 9.484e-7, 7.869e-7, 1.073e-6, 7.777e-7, 1.073e-6
0.037, 7.084e-7, 1.035e-6, 6.515e-7, 9.486e-7, 7.857e-7, 1.072e-6, 7.761e-7, 1.072e-6
0.038, 7.120e-7, 1.038e-6, 6.549e-7, 9.518e-7, 7.895e-7, 1.076e-6, 7.784e-7, 1.073e-6
0.039, 7.184e-7, 1.042e-6, 6.595e-7, 9.533e-7, 7.917e-7, 1.080e-6, 7.805e-7, 1.078e-6
0.040, 7.170e-7, 1.040e-6, 6.597e-7, 9.510e-7, 7.908e-7, 1.077e-6, 7.784e-7, 1.076e-6
0.041, 7.233e-7, 1.046e-6, 6.635e-7, 9.580e-7, 7.932e-7, 1.083e-6, 7.818e-7, 1.079e-6
0.042, 7.219e-7, 1.044e-6, 6.633e-7, 9.569e-7, 7.937e-7, 1.083e-6, 7.792e-7, 1.078e-6
0.043, 7.249e-7, 1.048e-6, 6.672e-7, 9.580e-7, 7.952e-7, 1.085e-6, 7.812e-7, 1.078e-6
0.044, 7.280e-7, 1.049e-6, 6.677e-7, 9.600e-7, 7.968e-7, 1.086e-6, 7.817e-7, 1.081e-6
0.045, 7.293e-7, 1.049e-6, 6.682e-7, 9.619e-7, 7.986e-7, 1.086e-6, 7.815e-7, 1.080e-6
0.046, 7.327e-7, 1.050e-6, 6.708e-7, 9.613e-7, 7.984e-7, 1.088e-6, 7.822e-7, 1.082e-6
0.047, 7.335e-7, 1.050e-6, 6.708e-7, 9.604e-7, 7.989e-7, 1.088e-6, 7.819e-7, 1.080e-6
0.048, 7.370e-7, 1.052e-6, 6.744e-7, 9.615e-7, 8.002e-7, 1.089e-6, 7.828e-7, 1.081e-6
0.049, 7.405e-7, 1.055e-6, 6.778e-7, 9.648e-7, 8.022e-7, 1.092e-6, 7.822e-7, 1.083e-6
0.050, 7.421e-7, 1.056e-6, 6.790e-7, 9.646e-7, 8.032e-7, 1.091e-6, 7.808e-7, 1.081e-6
0.051, 7.427e-7, 1.055e-6, 6.801e-7, 9.621e-7, 8.031e-7, 1.092e-6, 7.796e-7, 1.081e-6
0.052, 7.496e-7, 1.059e-6, 6.842e-7, 9.666e-7, 8.061e-7, 1.094e-6, 7.838e-7, 1.083e-6
0.053, 7.548e-7, 1.062e-6, 6.891e-7, 9.705e-7, 8.092e-7, 1.099e-6, 7.845e-7, 1.086e-6
0.054, 7.574e-7, 1.064e-6, 6.928e-7, 9.717e-7, 8.129e-7, 1.099e-6, 7.854e-7, 1.087e-6
0.055, 7.624e-7, 1.068e-6, 6.966e-7, 9.730e-7, 8.159e-7, 1.100e-6, 7.862e-7, 1.088e-6
0.056, 7.648e-7, 1.066e-6, 6.980e-7, 9.741e-7, 8.144e-7, 1.100e-6, 7.847e-7, 1.085e-6
0.057, 7.722e-7, 1.073e-6, 7.047e-7, 9.788e-7, 8.221e-7, 1.107e-6, 7.899e-7, 1.091e-6
0.058, 7.762e-7, 1.075e-6, 7.081e-7, 9.792e-7, 8.224e-7, 1.107e-6, 7.888e-7, 1.089e-6
0.059, 7.831e-7, 1.079e-6, 7.144e-7, 9.845e-7, 8.274e-7, 1.111e-6, 7.926e-7, 1.092e-6
0.060, 7.874e-7, 1.081e-6, 7.170e-7, 9.854e-7, 8.306e-7, 1.112e-6, 7.933e-7, 1.094e-6
0.061, 7.955e-7, 1.085e-6, 7.235e-7, 9.880e-7, 8.337e-7, 1.115e-6, 7.944e-7, 1.095e-6
0.062, 7.997e-7, 1.086e-6, 7.287e-7, 9.893e-7, 8.400e-7, 1.116e-6, 7.944e-7, 1.096e-6
0.063, 8.061e-7, 1.088e-6, 7.313e-7, 9.894e-7, 8.403e-7, 1.116e-6, 7.952e-7, 1.095e-6
0.064, 8.114e-7, 1.089e-6, 7.366e-7, 9.920e-7, 8.429e-7, 1.118e-6, 7.949e-7, 1.095e-6
0.065, 8.179e-7, 1.092e-6, 7.426e-7, 9.954e-7, 8.472e-7, 1.120e-6, 7.957e-7, 1.096e-6
0.066, 8.252e-7, 1.097e-6, 7.508e-7, 9.974e-7, 8.540e-7, 1.124e-6, 7.994e-7, 1.098e-6
0.067, 8.355e-7, 1.102e-6, 7.566e-7, 1.002e-6, 8.583e-7, 1.127e-6, 8.025e-7, 1.100e-6
0.068, 8.453e-7, 1.106e-6, 7.657e-7, 1.006e-6, 8.650e-7, 1.131e-6, 8.067e-7, 1.104e-6
0.069, 8.535e-7, 1.110e-6, 7.749e-7, 1.010e-6, 8.691e-7, 1.134e-6, 8.059e-7, 1.105e-6
0.070, 8.620e-7, 1.114e-6, 7.813e-7, 1.013e-6, 8.747e-7, 1.138e-6, 8.086e-7, 1.104e-6
0.071, 8.717e-7, 1.117e-6, 7.910e-7, 1.016e-6, 8.799e-7, 1.140e-6, 8.117e-7, 1.107e-6
0.072, 8.833e-7, 1.123e-6, 8.005e-7, 1.020e-6, 8.885e-7, 1.145e-6, 8.156e-7, 1.110e-6
0.073, 8.950e-7, 1.129e-6, 8.087e-7, 1.025e-6, 8.961e-7, 1.148e-6, 8.190e-7, 1.114e-6
0.074, 9.067e-7, 1.136e-6, 8.209e-7, 1.031e-6, 9.030e-7, 1.153e-6, 8.227e-7, 1.117e-6
0.075, 9.198e-7, 1.140e-6, 8.323e-7, 1.034e-6, 9.110e-7, 1.157e-6, 8.280e-7, 1.119e-6
0.076, 9.320e-7, 1.146e-6, 8.431e-7, 1.040e-6, 9.193e-7, 1.162e-6, 8.309e-7, 1.121e-6
0.077, 9.470e-7, 1.152e-6, 8.550e-7, 1.046e-6, 9.291e-7, 1.167e-6, 8.378e-7, 1.126e-6
0.078, 9.614e-7, 1.160e-6, 8.685e-7, 1.052e-6, 9.383e-7, 1.172e-6, 8.417e-7, 1.133e-6
0.079, 9.790e-7, 1.169e-6, 8.842e-7, 1.061e-6, 9.505e-7, 1.179e-6, 8.511e-7, 1.138e-6
0.080, 9.949e-7, 1.179e-6, 9.002e-7, 1.069e-6, 9.628e-7, 1.186e-6, 8.569e-7, 1.143e-6
0.081, 1.009e-6, 1.184e-6, 9.138e-7, 1.073e-6, 9.715e-7, 1.190e-6, 8.612e-7, 1.144e-6
0.082, 1.027e-6, 1.192e-6, 9.284e-7, 1.081e-6, 9.844e-7, 1.199e-6, 8.689e-7, 1.152e-6
0.083, 1.044e-6, 1.199e-6, 9.446e-7, 1.089e-6, 9.940e-7, 1.203e-6, 8.742e-7, 1.154e-6
0.084, 1.064e-6, 1.210e-6, 9.615e-7, 1.096e-6, 1.009e-6, 1.211e-6, 8.839e-7, 1.161e-6
0.085, 1.083e-6, 1.219e-6, 9.785e-7, 1.104e-6, 1.022e-6, 1.220e-6, 8.928e-7, 1.166e-6
0.086, 1.103e-6, 1.227e-6, 9.962e-7, 1.113e-6, 1.034e-6, 1.226e-6, 8.986e-7, 1.171e-6
0.087, 1.123e-6, 1.238e-6, 1.016e-6, 1.120e-6, 1.047e-6, 1.233e-6, 9.054e-7, 1.177e-6
0.088, 1.143e-6, 1.247e-6, 1.033e-6, 1.128e-6, 1.061e-6, 1.239e-6, 9.131e-7, 1.182e-6
0.089, 1.168e-6, 1.259e-6, 1.054e-6, 1.139e-6, 1.078e-6, 1.250e-6, 9.240e-7, 1.190e-6
0.090, 1.191e-6, 1.269e-6, 1.077e-6, 1.148e-6, 1.093e-6, 1.257e-6, 9.342e-7, 1.194e-6
0.091, 1.212e-6, 1.279e-6, 1.095e-6, 1.156e-6, 1.108e-6, 1.264e-6, 9.421e-7, 1.199e-6
0.092, 1.233e-6, 1.285e-6, 1.113e-6, 1.162e-6, 1.120e-6, 1.268e-6, 9.473e-7, 1.203e-6
0.093, 1.258e-6, 1.296e-6, 1.137e-6, 1.173e-6, 1.137e-6, 1.277e-6, 9.578e-7, 1.210e-6
0.094, 1.277e-6, 1.304e-6, 1.156e-6, 1.178e-6, 1.150e-6, 1.281e-6, 9.636e-7, 1.212e-6
0.095, 1.302e-6, 1.311e-6, 1.175e-6, 1.185e-6, 1.165e-6, 1.288e-6, 9.719e-7, 1.215e-6
0.096, 1.329e-6, 1.324e-6, 1.198e-6, 1.196e-6, 1.182e-6, 1.297e-6, 9.822e-7, 1.222e-6
0.097, 1.353e-6, 1.333e-6, 1.221e-6, 1.205e-6, 1.198e-6, 1.304e-6, 9.910e-7, 1.228e-6
0.098, 1.376e-6, 1.340e-6, 1.245e-6, 1.212e-6, 1.215e-6, 1.310e-6, 9.983e-7, 1.229e-6
0.099, 1.404e-6, 1.354e-6, 1.269e-6, 1.222e-6, 1.234e-6, 1.319e-6, 1.009e-6, 1.239e-6
0.100, 1.428e-6, 1.362e-6, 1.290e-6, 1.229e-6, 1.250e-6, 1.325e-6, 1.018e-6, 1.241e-6
0.101, 1.454e-6, 1.372e-6, 1.314e-6, 1.237e-6, 1.267e-6, 1.332e-6, 1.028e-6, 1.246e-6
0.102, 1.480e-6, 1.382e-6, 1.339e-6, 1.248e-6, 1.286e-6, 1.340e-6, 1.039e-6, 1.252e-6
0.103, 1.507e-6, 1.392e-6, 1.367e-6, 1.255e-6, 1.304e-6, 1.348e-6, 1.050e-6, 1.257e-6
0.104, 1.536e-6, 1.405e-6, 1.393e-6, 1.267e-6, 1.325e-6, 1.358e-6, 1.062e-6, 1.265e-6
0.105, 1.562e-6, 1.413e-6, 1.416e-6, 1.274e-6, 1.342e-6, 1.364e-6, 1.071e-6, 1.268e-6
0.106, 1.589e-6, 1.422e-6, 1.442e-6, 1.282e-6, 1.358e-6, 1.371e-6, 1.081e-6, 1.271e-6
0.107, 1.620e-6, 1.435e-6, 1.468e-6, 1.295e-6, 1.380e-6, 1.380e-6, 1.093e-6, 1.279e-6
0.108, 1.646e-6, 1.443e-6, 1.490e-6, 1.301e-6, 1.397e-6, 1.386e-6, 1.103e-6, 1.281e-6
0.109, 1.675e-6, 1.453e-6, 1.519e-6, 1.311e-6, 1.417e-6, 1.394e-6, 1.114e-6, 1.286e-6
0.110, 1.707e-6, 1.469e-6, 1.548e-6, 1.324e-6, 1.440e-6, 1.404e-6, 1.129e-6, 1.296e-6
0.111, 1.734e-6, 1.478e-6, 1.576e-6, 1.333e-6, 1.462e-6, 1.413e-6, 1.140e-6, 1.301e-6
0.112, 1.765e-6, 1.489e-6, 1.602e-6, 1.344e-6, 1.482e-6, 1.422e-6, 1.155e-6, 1.308e-6
0.113, 1.797e-6, 1.502e-6, 1.632e-6, 1.355e-6, 1.505e-6, 1.434e-6, 1.168e-6, 1.314e-6
0.114, 1.824e-6, 1.513e-6, 1.658e-6, 1.366e-6, 1.525e-6, 1.442e-6, 1.182e-6, 1.323e-6
0.115, 1.855e-6, 1.528e-6, 1.689e-6, 1.379e-6, 1.548e-6, 1.454e-6, 1.198e-6, 1.331e-6
0.116, 1.885e-6, 1.539e-6, 1.716e-6, 1.387e-6, 1.568e-6, 1.461e-6, 1.210e-6, 1.338e-6
0.117, 1.914e-6, 1.550e-6, 1.742e-6, 1.398e-6, 1.590e-6, 1.472e-6, 1.224e-6, 1.344e-6
0.118, 1.943e-6, 1.566e-6, 1.771e-6, 1.412e-6, 1.613e-6, 1.483e-6, 1.239e-6, 1.355e-6
0.119, 1.975e-6, 1.578e-6, 1.800e-6, 1.424e-6, 1.637e-6, 1.494e-6, 1.255e-6, 1.363e-6
0.120, 2.000e-6, 1.587e-6, 1.825e-6, 1.432e-6, 1.656e-6, 1.503e-6, 1.268e-6, 1.370e-6
0.121, 2.030e-6, 1.601e-6, 1.854e-6, 1.444e-6, 1.677e-6, 1.513e-6, 1.283e-6, 1.379e-6
0.122, 2.059e-6, 1.617e-6, 1.883e-6, 1.457e-6, 1.702e-6, 1.527e-6, 1.302e-6, 1.390e-6
0.123, 2.085e-6, 1.626e-6, 1.904e-6, 1.466e-6, 1.720e-6, 1.534e-6, 1.313e-6, 1.395e-6
0.124, 2.113e-6, 1.637e-6, 1.931e-6, 1.480e-6, 1.743e-6, 1.545e-6, 1.331e-6, 1.405e-6
0.125, 2.138e-6, 1.650e-6, 1.954e-6, 1.489e-6, 1.760e-6, 1.555e-6, 1.343e-6, 1.412e-6
0.126, 2.159e-6, 1.658e-6, 1.976e-6, 1.498e-6, 1.780e-6, 1.561e-6, 1.356e-6, 1.418e-6
0.127, 2.188e-6, 1.671e-6, 2.004e-6, 1.510e-6, 1.801e-6, 1.576e-6, 1.372e-6, 1.429e-6
0.128, 2.204e-6, 1.678e-6, 2.020e-6, 1.516e-6, 1.815e-6, 1.581e-6, 1.380e-6, 1.432e-6
0.129, 2.225e-6, 1.686e-6, 2.038e-6, 1.525e-6, 1.831e-6, 1.589e-6, 1.392e-6, 1.439e-6
0.130, 2.249e-6, 1.696e-6, 2.060e-6, 1.536e-6, 1.852e-6, 1.599e-6, 1.406e-6, 1.447e-6
0.131, 2.269e-6, 1.706e-6, 2.082e-6, 1.545e-6, 1.867e-6, 1.610e-6, 1.419e-6, 1.457e-6
0.132, 2.286e-6, 1.714e-6, 2.097e-6, 1.550e-6, 1.881e-6, 1.615e-6, 1.430e-6, 1.460e-6
0.133, 2.302e-6, 1.725e-6, 2.114e-6, 1.560e-6, 1.898e-6, 1.624e-6, 1.443e-6, 1.468e-6
0.134, 2.319e-6, 1.731e-6, 2.127e-6, 1.567e-6, 1.913e-6, 1.632e-6, 1.454e-6, 1.476e-6
0.135, 2.331e-6, 1.737e-6, 2.141e-6, 1.574e-6, 1.923e-6, 1.639e-6, 1.462e-6, 1.479e-6
0.136, 2.345e-6, 1.746e-6, 2.154e-6, 1.581e-6, 1.936e-6, 1.647e-6, 1.473e-6, 1.487e-6
0.137, 2.360e-6, 1.755e-6, 2.167e-6, 1.591e-6, 1.951e-6, 1.654e-6, 1.485e-6, 1.495e-6
0.138, 2.371e-6, 1.761e-6, 2.177e-6, 1.598e-6, 1.962e-6, 1.663e-6, 1.494e-6, 1.502e-6
0.139, 2.378e-6, 1.766e-6, 2.185e-6, 1.603e-6, 1.969e-6, 1.669e-6, 1.500e-6, 1.505e-6
0.140, 2.388e-6, 1.774e-6, 2.193e-6, 1.610e-6, 1.978e-6, 1.675e-6, 1.510e-6, 1.512e-6
0.141, 2.389e-6, 1.775e-6, 2.197e-6, 1.612e-6, 1.983e-6, 1.681e-6, 1.514e-6, 1.515e-6
0.142, 2.396e-6, 1.782e-6, 2.202e-6, 1.621e-6, 1.992e-6, 1.687e-6, 1.524e-6, 1.523e-6
0.143, 2.403e-6, 1.790e-6, 2.209e-6, 1.628e-6, 2.000e-6, 1.699e-6, 1.532e-6, 1.531e-6
0.144, 2.403e-6, 1.794e-6, 2.209e-6, 1.633e-6, 2.004e-6, 1.701e-6, 1.537e-6, 1.536e-6
0.145, 2.404e-6, 1.798e-6, 2.211e-6, 1.637e-6, 2.009e-6, 1.709e-6, 1.542e-6, 1.541e-6
0.146, 2.403e-6, 1.804e-6, 2.209e-6, 1.643e-6, 2.013e-6, 1.716e-6, 1.548e-6, 1.548e-6
0.147, 2.403e-6, 1.811e-6, 2.211e-6, 1.650e-6, 2.019e-6, 1.723e-6, 1.556e-6, 1.557e-6
0.148, 2.399e-6, 1.813e-6, 2.207e-6, 1.654e-6, 2.018e-6, 1.728e-6, 1.558e-6, 1.561e-6
0.149, 2.395e-6, 1.818e-6, 2.202e-6, 1.659e-6, 2.019e-6, 1.734e-6, 1.562e-6, 1.566e-6
0.150, 2.388e-6, 1.821e-6, 2.196e-6, 1.663e-6, 2.018e-6, 1.740e-6, 1.565e-6, 1.572e-6
0.151, 2.381e-6, 1.827e-6, 2.190e-6, 1.669e-6, 2.018e-6, 1.748e-6, 1.569e-6, 1.580e-6
0.152, 2.370e-6, 1.827e-6, 2.177e-6, 1.672e-6, 2.012e-6, 1.751e-6, 1.568e-6, 1.584e-6
0.153, 2.363e-6, 1.834e-6, 2.172e-6, 1.678e-6, 2.012e-6, 1.759e-6, 1.572e-6, 1.593e-6
0.154, 2.352e-6, 1.837e-6, 2.162e-6, 1.682e-6, 2.009e-6, 1.765e-6, 1.572e-6, 1.598e-6
0.155, 2.337e-6, 1.839e-6, 2.147e-6, 1.685e-6, 2.003e-6, 1.769e-6, 1.570e-6, 1.604e-6
0.156, 2.325e-6, 1.843e-6, 2.136e-6, 1.690e-6, 1.999e-6, 1.775e-6, 1.570e-6, 1.610e-6
0.157, 2.309e-6, 1.844e-6, 2.120e-6, 1.694e-6, 1.991e-6, 1.781e-6, 1.570e-6, 1.617e-6
0.158, 2.295e-6, 1.849e-6, 2.106e-6, 1.699e-6, 1.984e-6, 1.788e-6, 1.567e-6, 1.623e-6
0.159, 2.276e-6, 1.850e-6, 2.087e-6, 1.700e-6, 1.973e-6, 1.791e-6, 1.563e-6, 1.627e-6
0.160, 2.259e-6, 1.855e-6, 2.072e-6, 1.707e-6, 1.967e-6, 1.799e-6, 1.561e-6, 1.636e-6
0.161, 2.239e-6, 1.856e-6, 2.053e-6, 1.709e-6, 1.954e-6, 1.803e-6, 1.557e-6, 1.640e-6
0.162, 2.220e-6, 1.859e-6, 2.036e-6, 1.714e-6, 1.946e-6, 1.810e-6, 1.554e-6, 1.648e-6
0.163, 2.197e-6, 1.861e-6, 2.015e-6, 1.716e-6, 1.932e-6, 1.814e-6, 1.548e-6, 1.652e-6
0.164, 2.179e-6, 1.866e-6, 1.995e-6, 1.726e-6, 1.922e-6, 1.823e-6, 1.545e-6, 1.661e-6
0.165, 2.159e-6, 1.872e-6, 1.976e-6, 1.731e-6, 1.913e-6, 1.830e-6, 1.541e-6, 1.670e-6
0.166, 2.134e-6, 1.873e-6, 1.952e-6, 1.734e-6, 1.897e-6, 1.834e-6, 1.534e-6, 1.675e-6
0.167, 2.112e-6, 1.878e-6, 1.932e-6, 1.740e-6, 1.886e-6, 1.842e-6, 1.530e-6, 1.683e-6
0.168, 2.091e-6, 1.884e-6, 1.912e-6, 1.748e-6, 1.874e-6, 1.850e-6, 1.524e-6, 1.693e-6
0.169, 2.067e-6, 1.887e-6, 1.889e-6, 1.754e-6, 1.859e-6, 1.858e-6, 1.518e-6, 1.700e-6
0.170, 2.041e-6, 1.890e-6, 1.865e-6, 1.757e-6, 1.844e-6, 1.864e-6, 1.510e-6, 1.707e-6
0.171, 2.019e-6, 1.899e-6, 1.844e-6, 1.767e-6, 1.833e-6, 1.873e-6, 1.504e-6, 1.717e-6
0.172, 1.998e-6, 1.903e-6, 1.824e-6, 1.773e-6, 1.819e-6, 1.882e-6, 1.498e-6, 1.726e-6
0.173, 1.972e-6, 1.910e-6, 1.798e-6, 1.781e-6, 1.805e-6, 1.888e-6, 1.490e-6, 1.734e-6
0.174, 1.948e-6, 1.914e-6, 1.775e-6, 1.788e-6, 1.789e-6, 1.898e-6, 1.483e-6, 1.740e-6
0.175, 1.926e-6, 1.920e-6, 1.755e-6, 1.796e-6, 1.774e-6, 1.907e-6, 1.473e-6, 1.752e-6
0.176, 1.903e-6, 1.930e-6, 1.731e-6, 1.807e-6, 1.760e-6, 1.917e-6, 1.469e-6, 1.762e-6
0.177, 1.877e-6, 1.936e-6, 1.710e-6, 1.815e-6, 1.746e-6, 1.926e-6, 1.460e-6, 1.770e-6
0.178, 1.856e-6, 1.944e-6, 1.689e-6, 1.825e-6, 1.732e-6, 1.936e-6, 1.454e-6, 1.782e-6
0.179, 1.832e-6, 1.952e-6, 1.665e-6, 1.834e-6, 1.716e-6, 1.945e-6, 1.446e-6, 1.791e-6
0.180, 1.811e-6, 1.963e-6, 1.647e-6, 1.847e-6, 1.705e-6, 1.959e-6, 1.439e-6, 1.806e-6
0.181, 1.790e-6, 1.972e-6, 1.627e-6, 1.859e-6, 1.691e-6, 1.970e-6, 1.433e-6, 1.816e-6
0.182, 1.768e-6, 1.981e-6, 1.607e-6, 1.870e-6, 1.678e-6, 1.981e-6, 1.426e-6, 1.828e-6
0.183, 1.745e-6, 1.992e-6, 1.586e-6, 1.883e-6, 1.664e-6, 1.993e-6, 1.417e-6, 1.841e-6
0.184, 1.725e-6, 2.003e-6, 1.569e-6, 1.896e-6, 1.651e-6, 2.006e-6, 1.409e-6, 1.854e-6
0.185, 1.708e-6, 2.015e-6, 1.550e-6, 1.910e-6, 1.639e-6, 2.021e-6, 1.405e-6, 1.868e-6
0.186, 1.687e-6, 2.027e-6, 1.532e-6, 1.923e-6, 1.627e-6, 2.033e-6, 1.399e-6, 1.881e-6
0.187, 1.666e-6, 2.041e-6, 1.515e-6, 1.938e-6, 1.615e-6, 2.047e-6, 1.392e-6, 1.893e-6
0.188, 1.650e-6, 2.053e-6, 1.499e-6, 1.954e-6, 1.603e-6, 2.062e-6, 1.384e-6, 1.911e-6
0.189, 1.633e-6, 2.069e-6, 1.485e-6, 1.970e-6, 1.595e-6, 2.080e-6, 1.380e-6, 1.926e-6
0.190, 1.615e-6, 2.082e-6, 1.468e-6, 1.985e-6, 1.584e-6, 2.093e-6, 1.376e-6, 1.940e-6
0.191, 1.602e-6, 2.097e-6, 1.455e-6, 2.005e-6, 1.574e-6, 2.112e-6, 1.372e-6, 1.959e-6
0.192, 1.585e-6, 2.112e-6, 1.440e-6, 2.024e-6, 1.565e-6, 2.127e-6, 1.369e-6, 1.976e-6
0.193, 1.572e-6, 2.130e-6, 1.429e-6, 2.042e-6, 1.556e-6, 2.144e-6, 1.362e-6, 1.992e-6
0.194, 1.559e-6, 2.147e-6, 1.418e-6, 2.062e-6, 1.548e-6, 2.163e-6, 1.358e-6, 2.012e-6
0.195, 1.545e-6, 2.165e-6, 1.406e-6, 2.081e-6, 1.542e-6, 2.182e-6, 1.356e-6, 2.030e-6
0.196, 1.534e-6, 2.186e-6, 1.397e-6, 2.104e-6, 1.536e-6, 2.201e-6, 1.356e-6, 2.052e-6
0.197, 1.527e-6, 2.206e-6, 1.389e-6, 2.128e-6, 1.529e-6, 2.224e-6, 1.354e-6, 2.073e-6
0.198, 1.509e-6, 2.221e-6, 1.375e-6, 2.144e-6, 1.518e-6, 2.238e-6, 1.345e-6, 2.088e-6
0.199, 1.502e-6, 2.243e-6, 1.369e-6, 2.167e-6, 1.514e-6, 2.261e-6, 1.347e-6, 2.111e-6
0.200, 1.494e-6, 2.266e-6, 1.365e-6, 2.194e-6, 1.513e-6, 2.285e-6, 1.347e-6, 2.136e-6
0.201, 1.485e-6, 2.286e-6, 1.356e-6, 2.217e-6, 1.507e-6, 2.304e-6, 1.343e-6, 2.157e-6
0.202, 1.477e-6, 2.309e-6, 1.350e-6, 2.241e-6, 1.502e-6, 2.327e-6, 1.343e-6, 2.180e-6
0.203, 1.472e-6, 2.335e-6, 1.348e-6, 2.270e-6, 1.501e-6, 2.353e-6, 1.343e-6, 2.206e-6
0.204, 1.467e-6, 2.356e-6, 1.343e-6, 2.294e-6, 1.498e-6, 2.376e-6, 1.345e-6, 2.230e-6
0.205, 1.462e-6, 2.383e-6, 1.339e-6, 2.323e-6, 1.497e-6, 2.402e-6, 1.346e-6, 2.256e-6
0.206, 1.456e-6, 2.405e-6, 1.336e-6, 2.350e-6, 1.492e-6, 2.423e-6, 1.347e-6, 2.280e-6
0.207, 1.453e-6, 2.433e-6, 1.335e-6, 2.378e-6, 1.495e-6, 2.451e-6, 1.348e-6, 2.309e-6
0.208, 1.450e-6, 2.459e-6, 1.332e-6, 2.407e-6, 1.494e-6, 2.477e-6, 1.351e-6, 2.337e-6
0.209, 1.451e-6, 2.488e-6, 1.337e-6, 2.440e-6, 1.495e-6, 2.508e-6, 1.356e-6, 2.369e-6
0.210, 1.448e-6, 2.515e-6, 1.335e-6, 2.468e-6, 1.495e-6, 2.533e-6, 1.358e-6, 2.395e-6
0.211, 1.447e-6, 2.542e-6, 1.336e-6, 2.497e-6, 1.496e-6, 2.560e-6, 1.359e-6, 2.423e-6
0.212, 1.446e-6, 2.570e-6, 1.338e-6, 2.529e-6, 1.499e-6, 2.589e-6, 1.366e-6, 2.455e-6
0.213, 1.449e-6, 2.605e-6, 1.341e-6, 2.564e-6, 1.505e-6, 2.622e-6, 1.373e-6, 2.490e-6
0.214, 1.450e-6, 2.633e-6, 1.343e-6, 2.594e-6, 1.504e-6, 2.649e-6, 1.374e-6, 2.519e-6
0.215, 1.452e-6, 2.665e-6, 1.348e-6, 2.629e-6, 1.510e-6, 2.679e-6, 1.382e-6, 2.552e-6
0.216, 1.457e-6, 2.697e-6, 1.354e-6, 2.663e-6, 1.517e-6, 2.711e-6, 1.389e-6, 2.587e-6
0.217, 1.460e-6, 2.728e-6, 1.356e-6, 2.694e-6, 1.519e-6, 2.739e-6, 1.393e-6, 2.619e-6
0.218, 1.466e-6, 2.762e-6, 1.367e-6, 2.733e-6, 1.527e-6, 2.774e-6, 1.403e-6, 2.656e-6
0.219, 1.470e-6, 2.795e-6, 1.371e-6, 2.765e-6, 1.532e-6, 2.804e-6, 1.410e-6, 2.690e-6
0.220, 1.476e-6, 2.827e-6, 1.381e-6, 2.799e-6, 1.539e-6, 2.838e-6, 1.417e-6, 2.727e-6
0.221, 1.484e-6, 2.860e-6, 1.389e-6, 2.836e-6, 1.547e-6, 2.869e-6, 1.427e-6, 2.763e-6
0.222, 1.488e-6, 2.893e-6, 1.397e-6, 2.868e-6, 1.554e-6, 2.899e-6, 1.432e-6, 2.796e-6
0.223, 1.501e-6, 2.929e-6, 1.408e-6, 2.907e-6, 1.563e-6, 2.933e-6, 1.444e-6, 2.834e-6
0.224, 1.506e-6, 2.960e-6, 1.418e-6, 2.938e-6, 1.570e-6, 2.963e-6, 1.452e-6, 2.871e-6
0.225, 1.519e-6, 2.997e-6, 1.431e-6, 2.977e-6, 1.581e-6, 3.000e-6, 1.465e-6, 2.911e-6
0.226, 1.528e-6, 3.030e-6, 1.442e-6, 3.012e-6, 1.593e-6, 3.032e-6, 1.478e-6, 2.948e-6
0.227, 1.539e-6, 3.063e-6, 1.454e-6, 3.044e-6, 1.604e-6, 3.061e-6, 1.487e-6, 2.984e-6
0.228, 1.551e-6, 3.100e-6, 1.469e-6, 3.082e-6, 1.617e-6, 3.096e-6, 1.499e-6, 3.025e-6
0.229, 1.563e-6, 3.130e-6, 1.481e-6, 3.115e-6, 1.626e-6, 3.127e-6, 1.510e-6, 3.061e-6
0.230, 1.580e-6, 3.167e-6, 1.499e-6, 3.151e-6, 1.641e-6, 3.161e-6, 1.526e-6, 3.098e-6
0.231, 1.593e-6, 3.199e-6, 1.516e-6, 3.183e-6, 1.655e-6, 3.193e-6, 1.539e-6, 3.136e-6
0.232, 1.609e-6, 3.234e-6, 1.534e-6, 3.217e-6, 1.669e-6, 3.224e-6, 1.555e-6, 3.176e-6
0.233, 1.622e-6, 3.265e-6, 1.549e-6, 3.250e-6, 1.683e-6, 3.253e-6, 1.567e-6, 3.210e-6
0.234, 1.642e-6, 3.301e-6, 1.569e-6, 3.286e-6, 1.701e-6, 3.288e-6, 1.588e-6, 3.252e-6
0.235, 1.657e-6, 3.333e-6, 1.589e-6, 3.315e-6, 1.718e-6, 3.317e-6, 1.602e-6, 3.286e-6
0.236, 1.675e-6, 3.362e-6, 1.609e-6, 3.345e-6, 1.734e-6, 3.347e-6, 1.619e-6, 3.323e-6
0.237, 1.698e-6, 3.396e-6, 1.632e-6, 3.379e-6, 1.754e-6, 3.377e-6, 1.639e-6, 3.361e-6
0.238, 1.718e-6, 3.427e-6, 1.653e-6, 3.409e-6, 1.772e-6, 3.407e-6, 1.659e-6, 3.397e-6
0.239, 1.739e-6, 3.457e-6, 1.677e-6, 3.440e-6, 1.790e-6, 3.435e-6, 1.678e-6, 3.432e-6
0.240, 1.763e-6, 3.486e-6, 1.702e-6, 3.467e-6, 1.813e-6, 3.463e-6, 1.699e-6, 3.468e-6
0.241, 1.786e-6, 3.518e-6, 1.729e-6, 3.497e-6, 1.835e-6, 3.492e-6, 1.720e-6, 3.503e-6
0.242, 1.812e-6, 3.547e-6, 1.757e-6, 3.525e-6, 1.859e-6, 3.518e-6, 1.746e-6, 3.535e-6
0.243, 1.835e-6, 3.572e-6, 1.782e-6, 3.547e-6, 1.880e-6, 3.542e-6, 1.767e-6, 3.566e-6
0.244, 1.863e-6, 3.599e-6, 1.814e-6, 3.574e-6, 1.905e-6, 3.568e-6, 1.791e-6, 3.598e-6
0.245, 1.894e-6, 3.629e-6, 1.842e-6, 3.601e-6, 1.931e-6, 3.593e-6, 1.820e-6, 3.631e-6
0.246, 1.921e-6, 3.651e-6, 1.873e-6, 3.624e-6, 1.956e-6, 3.616e-6, 1.846e-6, 3.662e-6
0.247, 1.950e-6, 3.676e-6, 1.902e-6, 3.646e-6, 1.982e-6, 3.635e-6, 1.873e-6, 3.688e-6
0.248, 1.981e-6, 3.698e-6, 1.933e-6, 3.666e-6, 2.009e-6, 3.656e-6, 1.901e-6, 3.714e-6
0.249, 2.013e-6, 3.724e-6, 1.968e-6, 3.691e-6, 2.040e-6, 3.680e-6, 1.933e-6, 3.745e-6
0.250, 2.047e-6, 3.747e-6, 2.003e-6, 3.710e-6, 2.068e-6, 3.701e-6, 1.967e-6, 3.771e-6
0.251, 2.079e-6, 3.767e-6, 2.036e-6, 3.730e-6, 2.096e-6, 3.717e-6, 1.998e-6, 3.794e-6
0.252, 2.114e-6, 3.787e-6, 2.073e-6, 3.748e-6, 2.127e-6, 3.737e-6, 2.031e-6, 3.819e-6
0.253, 2.146e-6, 3.804e-6, 2.105e-6, 3.761e-6, 2.158e-6, 3.751e-6, 2.065e-6, 3.839e-6
0.254, 2.179e-6, 3.821e-6, 2.141e-6, 3.776e-6, 2.188e-6, 3.766e-6, 2.097e-6, 3.859e-6
0.255, 2.216e-6, 3.841e-6, 2.181e-6, 3.794e-6, 2.222e-6, 3.781e-6, 2.136e-6, 3.881e-6
0.256, 2.251e-6, 3.855e-6, 2.215e-6, 3.804e-6, 2.251e-6, 3.794e-6, 2.171e-6, 3.898e-6
0.257, 2.289e-6, 3.873e-6, 2.254e-6, 3.820e-6, 2.287e-6, 3.807e-6, 2.213e-6, 3.917e-6
0.258, 2.326e-6, 3.885e-6, 2.289e-6, 3.831e-6, 2.318e-6, 3.818e-6, 2.251e-6, 3.933e-6
0.259, 2.363e-6, 3.900e-6, 2.327e-6, 3.844e-6, 2.354e-6, 3.831e-6, 2.295e-6, 3.950e-6
0.260, 2.399e-6, 3.913e-6, 2.362e-6, 3.852e-6, 2.386e-6, 3.838e-6, 2.334e-6, 3.963e-6
0.261, 2.437e-6, 3.926e-6, 2.402e-6, 3.862e-6, 2.421e-6, 3.849e-6, 2.376e-6, 3.977e-6
0.262, 2.475e-6, 3.935e-6, 2.439e-6, 3.871e-6, 2.455e-6, 3.857e-6, 2.421e-6, 3.989e-6
0.263, 2.510e-6, 3.943e-6, 2.471e-6, 3.875e-6, 2.485e-6, 3.860e-6, 2.459e-6, 3.997e-6
0.264, 2.543e-6, 3.954e-6, 2.507e-6, 3.881e-6, 2.519e-6, 3.866e-6, 2.504e-6, 4.008e-6
0.265, 2.579e-6, 3.960e-6, 2.542e-6, 3.887e-6, 2.552e-6, 3.871e-6, 2.549e-6, 4.014e-6
0.266, 2.611e-6, 3.965e-6, 2.574e-6, 3.888e-6, 2.584e-6, 3.872e-6, 2.589e-6, 4.018e-6
0.267, 2.645e-6, 3.969e-6, 2.606e-6, 3.890e-6, 2.614e-6, 3.875e-6, 2.633e-6, 4.025e-6
0.268, 2.677e-6, 3.974e-6, 2.636e-6, 3.891e-6, 2.644e-6, 3.876e-6, 2.676e-6, 4.029e-6
0.269, 2.710e-6, 3.976e-6, 2.666e-6, 3.893e-6, 2.673e-6, 3.875e-6, 2.717e-6, 4.031e-6
0.270, 2.739e-6, 3.979e-6, 2.696e-6, 3.892e-6, 2.705e-6, 3.875e-6, 2.763e-6, 4.034e-6
0.271, 2.768e-6, 3.980e-6, 2.724e-6, 3.889e-6, 2.731e-6, 3.872e-6, 2.804e-6, 4.034e-6
0.272, 2.798e-6, 3.981e-6, 2.751e-6, 3.889e-6, 2.760e-6, 3.872e-6, 2.847e-6, 4.035e-6
0.273, 2.820e-6, 3.977e-6, 2.771e-6, 3.882e-6, 2.781e-6, 3.863e-6, 2.884e-6, 4.029e-6
0.274, 2.849e-6, 3.977e-6, 2.799e-6, 3.880e-6, 2.811e-6, 3.863e-6, 2.929e-6, 4.030e-6
0.275, 2.868e-6, 3.969e-6, 2.815e-6, 3.869e-6, 2.829e-6, 3.851e-6, 2.961e-6, 4.021e-6
0.276, 2.889e-6, 3.965e-6, 2.832e-6, 3.861e-6, 2.852e-6, 3.843e-6, 2.997e-6, 4.016e-6
0.277, 2.908e-6, 3.957e-6, 2.850e-6, 3.852e-6, 2.871e-6, 3.835e-6, 3.031e-6, 4.008e-6
0.278, 2.926e-6, 3.953e-6, 2.868e-6, 3.843e-6, 2.891e-6, 3.828e-6, 3.065e-6, 4.003e-6
0.279, 2.935e-6, 3.939e-6, 2.878e-6, 3.826e-6, 2.903e-6, 3.810e-6, 3.089e-6, 3.988e-6
0.280, 2.952e-6, 3.929e-6, 2.889e-6, 3.817e-6, 2.918e-6, 3.801e-6, 3.120e-6, 3.978e-6
0.281, 2.961e-6, 3.915e-6, 2.898e-6, 3.799e-6, 2.930e-6, 3.784e-6, 3.147e-6, 3.964e-6
0.282, 2.967e-6, 3.899e-6, 2.902e-6, 3.781e-6, 2.938e-6, 3.767e-6, 3.168e-6, 3.947e-6
0.283, 2.976e-6, 3.887e-6, 2.910e-6, 3.765e-6, 2.951e-6, 3.752e-6, 3.191e-6, 3.934e-6
0.284, 2.981e-6, 3.869e-6, 2.912e-6, 3.745e-6, 2.957e-6, 3.735e-6, 3.209e-6, 3.917e-6
0.285, 2.986e-6, 3.853e-6, 2.913e-6, 3.725e-6, 2.962e-6, 3.716e-6, 3.227e-6, 3.899e-6
0.286, 2.985e-6, 3.830e-6, 2.912e-6, 3.703e-6, 2.965e-6, 3.696e-6, 3.240e-6, 3.879e-6
0.287, 2.986e-6, 3.810e-6, 2.910e-6, 3.682e-6, 2.966e-6, 3.674e-6, 3.253e-6, 3.859e-6
0.288, 2.983e-6, 3.788e-6, 2.904e-6, 3.654e-6, 2.967e-6, 3.651e-6, 3.259e-6, 3.835e-6
0.289, 2.975e-6, 3.761e-6, 2.896e-6, 3.628e-6, 2.963e-6, 3.625e-6, 3.262e-6, 3.808e-6
0.290, 2.971e-6, 3.739e-6, 2.889e-6, 3.600e-6, 2.959e-6, 3.601e-6, 3.269e-6, 3.786e-6
0.291, 2.958e-6, 3.707e-6, 2.874e-6, 3.567e-6, 2.951e-6, 3.572e-6, 3.263e-6, 3.753e-6
0.292, 2.948e-6, 3.679e-6, 2.862e-6, 3.538e-6, 2.941e-6, 3.545e-6, 3.261e-6, 3.725e-6
0.293, 2.936e-6, 3.650e-6, 2.848e-6, 3.508e-6, 2.933e-6, 3.517e-6, 3.256e-6, 3.695e-6
0.294, 2.922e-6, 3.616e-6, 2.832e-6, 3.471e-6, 2.920e-6, 3.485e-6, 3.246e-6, 3.663e-6
0.295, 2.906e-6, 3.584e-6, 2.813e-6, 3.436e-6, 2.905e-6, 3.452e-6, 3.233e-6, 3.628e-6
0.296, 2.889e-6, 3.550e-6, 2.796e-6, 3.403e-6, 2.893e-6, 3.422e-6, 3.221e-6, 3.594e-6
0.297, 2.865e-6, 3.511e-6, 2.771e-6, 3.363e-6, 2.874e-6, 3.386e-6, 3.202e-6, 3.556e-6
0.298, 2.846e-6, 3.474e-6, 2.748e-6, 3.324e-6, 2.854e-6, 3.349e-6, 3.183e-6, 3.517e-6
0.299, 2.823e-6, 3.434e-6, 2.723e-6, 3.281e-6, 2.833e-6, 3.313e-6, 3.159e-6, 3.476e-6
0.300, 2.800e-6, 3.395e-6, 2.698e-6, 3.241e-6, 2.813e-6, 3.276e-6, 3.136e-6, 3.437e-6
0.301, 2.772e-6, 3.353e-6, 2.668e-6, 3.196e-6, 2.787e-6, 3.235e-6, 3.105e-6, 3.390e-6
0.302, 2.743e-6, 3.309e-6, 2.639e-6, 3.151e-6, 2.761e-6, 3.195e-6, 3.074e-6, 3.345e-6
0.303, 2.716e-6, 3.266e-6, 2.610e-6, 3.107e-6, 2.734e-6, 3.154e-6, 3.040e-6, 3.299e-6
0.304, 2.687e-6, 3.220e-6, 2.579e-6, 3.062e-6, 2.707e-6, 3.114e-6, 3.008e-6, 3.255e-6
0.305, 2.661e-6, 3.180e-6, 2.549e-6, 3.019e-6, 2.682e-6, 3.076e-6, 2.976e-6, 3.211e-6
0.306, 2.627e-6, 3.135e-6, 2.515e-6, 2.970e-6, 2.653e-6, 3.033e-6, 2.936e-6, 3.161e-6
0.307, 2.594e-6, 3.085e-6, 2.480e-6, 2.922e-6, 2.621e-6, 2.988e-6, 2.893e-6, 3.110e-6
0.308, 2.559e-6, 3.037e-6, 2.446e-6, 2.872e-6, 2.589e-6, 2.946e-6, 2.852e-6, 3.060e-6
0.309, 2.526e-6, 2.989e-6, 2.408e-6, 2.825e-6, 2.556e-6, 2.903e-6, 2.808e-6, 3.010e-6
0.310, 2.488e-6, 2.942e-6, 2.372e-6, 2.774e-6, 2.522e-6, 2.857e-6, 2.763e-6, 2.960e-6
0.311, 2.454e-6, 2.894e-6, 2.336e-6, 2.727e-6, 2.490e-6, 2.814e-6, 2.717e-6, 2.909e-6
0.312, 2.421e-6, 2.848e-6, 2.300e-6, 2.681e-6, 2.456e-6, 2.772e-6, 2.674e-6, 2.860e-6
0.313, 2.384e-6, 2.800e-6, 2.263e-6, 2.630e-6, 2.422e-6, 2.728e-6, 2.626e-6, 2.808e-6
0.314, 2.346e-6, 2.750e-6, 2.225e-6, 2.582e-6, 2.386e-6, 2.683e-6, 2.577e-6, 2.756e-6
0.315, 2.310e-6, 2.702e-6, 2.187e-6, 2.534e-6, 2.351e-6, 2.642e-6, 2.528e-6, 2.706e-6
0.316, 2.274e-6, 2.657e-6, 2.150e-6, 2.486e-6, 2.316e-6, 2.597e-6, 2.480e-6, 2.656e-6
0.317, 2.239e-6, 2.609e-6, 2.114e-6, 2.439e-6, 2.282e-6, 2.556e-6, 2.432e-6, 2.607e-6
0.318, 2.201e-6, 2.562e-6, 2.076e-6, 2.391e-6, 2.248e-6, 2.515e-6, 2.382e-6, 2.557e-6
0.319, 2.164e-6, 2.516e-6, 2.040e-6, 2.348e-6, 2.212e-6, 2.472e-6, 2.334e-6, 2.508e-6
0.320, 2.129e-6, 2.471e-6, 2.003e-6, 2.303e-6, 2.178e-6, 2.432e-6, 2.284e-6, 2.461e-6
0.321, 2.095e-6, 2.427e-6, 1.967e-6, 2.257e-6, 2.142e-6, 2.392e-6, 2.236e-6, 2.415e-6
0.322, 2.056e-6, 2.382e-6, 1.928e-6, 2.211e-6, 2.108e-6, 2.350e-6, 2.186e-6, 2.365e-6
0.323, 2.022e-6, 2.336e-6, 1.893e-6, 2.167e-6, 2.074e-6, 2.313e-6, 2.139e-6, 2.320e-6
0.324, 1.987e-6, 2.296e-6, 1.858e-6, 2.125e-6, 2.041e-6, 2.274e-6, 2.093e-6, 2.275e-6
0.325, 1.956e-6, 2.258e-6, 1.827e-6, 2.087e-6, 2.010e-6, 2.240e-6, 2.051e-6, 2.234e-6
0.326, 1.922e-6, 2.216e-6, 1.792e-6, 2.047e-6, 1.977e-6, 2.202e-6, 2.004e-6, 2.191e-6
0.327, 1.894e-6, 2.181e-6, 1.764e-6, 2.011e-6, 1.949e-6, 2.170e-6, 1.965e-6, 2.155e-6
0.328, 1.863e-6, 2.146e-6, 1.734e-6, 1.975e-6, 1.921e-6, 2.139e-6, 1.925e-6, 2.117e-6
0.329, 1.830e-6, 2.106e-6, 1.700e-6, 1.935e-6, 1.889e-6, 2.103e-6, 1.881e-6, 2.077e-6
0.330, 1.804e-6, 2.072e-6, 1.673e-6, 1.903e-6, 1.862e-6, 2.073e-6, 1.846e-6, 2.042e-6
0.331, 1.770e-6, 2.035e-6, 1.640e-6, 1.867e-6, 1.831e-6, 2.040e-6, 1.804e-6, 2.002e-6
0.332, 1.747e-6, 2.006e-6, 1.615e-6, 1.837e-6, 1.807e-6, 2.015e-6, 1.773e-6, 1.973e-6
0.333, 1.715e-6, 1.966e-6, 1.584e-6, 1.801e-6, 1.776e-6, 1.981e-6, 1.732e-6, 1.934e-6
0.334, 1.690e-6, 1.939e-6, 1.559e-6, 1.770e-6, 1.751e-6, 1.954e-6, 1.697e-6, 1.906e-6
0.335, 1.669e-6, 1.913e-6, 1.536e-6, 1.746e-6, 1.731e-6, 1.933e-6, 1.671e-6, 1.879e-6
0.336, 1.640e-6, 1.880e-6, 1.508e-6, 1.715e-6, 1.703e-6, 1.903e-6, 1.636e-6, 1.844e-6
0.337, 1.615e-6, 1.853e-6, 1.483e-6, 1.685e-6, 1.679e-6, 1.876e-6, 1.604e-6, 1.817e-6
0.338, 1.594e-6, 1.828e-6, 1.463e-6, 1.662e-6, 1.659e-6, 1.854e-6, 1.578e-6, 1.791e-6
0.339, 1.572e-6, 1.799e-6, 1.440e-6, 1.634e-6, 1.635e-6, 1.831e-6, 1.549e-6, 1.764e-6
0.340, 1.554e-6, 1.780e-6, 1.423e-6, 1.615e-6, 1.619e-6, 1.813e-6, 1.528e-6, 1.744e-6
0.341, 1.531e-6, 1.754e-6, 1.399e-6, 1.591e-6, 1.598e-6, 1.790e-6, 1.500e-6, 1.719e-6
0.342, 1.513e-6, 1.732e-6, 1.382e-6, 1.569e-6, 1.580e-6, 1.771e-6, 1.479e-6, 1.697e-6
0.343, 1.496e-6, 1.716e-6, 1.363e-6, 1.550e-6, 1.564e-6, 1.754e-6, 1.459e-6, 1.678e-6
0.344, 1.476e-6, 1.691e-6, 1.345e-6, 1.527e-6, 1.545e-6, 1.733e-6, 1.435e-6, 1.655e-6
0.345, 1.460e-6, 1.675e-6, 1.329e-6, 1.510e-6, 1.532e-6, 1.717e-6, 1.417e-6, 1.638e-6
0.346, 1.446e-6, 1.658e-6, 1.315e-6, 1.493e-6, 1.515e-6, 1.703e-6, 1.400e-6, 1.621e-6
0.347, 1.425e-6, 1.635e-6, 1.294e-6, 1.470e-6, 1.498e-6, 1.682e-6, 1.377e-6, 1.599e-6
0.348, 1.412e-6, 1.619e-6, 1.278e-6, 1.456e-6, 1.483e-6, 1.667e-6, 1.360e-6, 1.583e-6
0.349, 1.399e-6, 1.602e-6, 1.268e-6, 1.439e-6, 1.469e-6, 1.654e-6, 1.345e-6, 1.569e-6
0.350, 1.382e-6, 1.586e-6, 1.251e-6, 1.424e-6, 1.456e-6, 1.638e-6, 1.328e-6, 1.551e-6
0.351, 1.370e-6, 1.573e-6, 1.240e-6, 1.410e-6, 1.444e-6, 1.627e-6, 1.314e-6, 1.538e-6
0.352, 1.356e-6, 1.557e-6, 1.225e-6, 1.395e-6, 1.431e-6, 1.612e-6, 1.300e-6, 1.522e-6
0.353, 1.344e-6, 1.544e-6, 1.214e-6, 1.381e-6, 1.418e-6, 1.600e-6, 1.286e-6, 1.509e-6
0.354, 1.333e-6, 1.534e-6, 1.203e-6, 1.370e-6, 1.410e-6, 1.590e-6, 1.276e-6, 1.499e-6
0.355, 1.322e-6, 1.520e-6, 1.191e-6, 1.357e-6, 1.398e-6, 1.577e-6, 1.263e-6, 1.485e-6
0.356, 1.313e-6, 1.509e-6, 1.181e-6, 1.346e-6, 1.388e-6, 1.567e-6, 1.251e-6, 1.474e-6
0.357, 1.305e-6, 1.501e-6, 1.174e-6, 1.336e-6, 1.381e-6, 1.560e-6, 1.243e-6, 1.467e-6
0.358, 1.292e-6, 1.487e-6, 1.162e-6, 1.324e-6, 1.368e-6, 1.547e-6, 1.228e-6, 1.454e-6
0.359, 1.281e-6, 1.476e-6, 1.152e-6, 1.314e-6, 1.360e-6, 1.538e-6, 1.220e-6, 1.444e-6
0.360, 1.277e-6, 1.472e-6, 1.148e-6, 1.309e-6, 1.358e-6, 1.535e-6, 1.215e-6, 1.439e-6
0.361, 1.268e-6, 1.460e-6, 1.138e-6, 1.298e-6, 1.347e-6, 1.523e-6, 1.203e-6, 1.428e-6
0.362, 1.260e-6, 1.451e-6, 1.129e-6, 1.289e-6, 1.340e-6, 1.515e-6, 1.195e-6, 1.419e-6
0.363, 1.252e-6, 1.442e-6, 1.120e-6, 1.281e-6, 1.330e-6, 1.506e-6, 1.187e-6, 1.411e-6
0.364, 1.245e-6, 1.437e-6, 1.114e-6, 1.272e-6, 1.324e-6, 1.500e-6, 1.178e-6, 1.404e-6
0.365, 1.239e-6, 1.426e-6, 1.108e-6, 1.266e-6, 1.317e-6, 1.493e-6, 1.171e-6, 1.395e-6
0.366, 1.232e-6, 1.418e-6, 1.099e-6, 1.258e-6, 1.311e-6, 1.487e-6, 1.164e-6, 1.387e-6
0.367, 1.227e-6, 1.414e-6, 1.095e-6, 1.253e-6, 1.305e-6, 1.480e-6, 1.158e-6, 1.383e-6
0.368, 1.220e-6, 1.408e-6, 1.090e-6, 1.247e-6, 1.300e-6, 1.475e-6, 1.153e-6, 1.377e-6
0.369, 1.214e-6, 1.401e-6, 1.083e-6, 1.241e-6, 1.296e-6, 1.469e-6, 1.147e-6, 1.371e-6
0.370, 1.209e-6, 1.396e-6, 1.078e-6, 1.234e-6, 1.289e-6, 1.465e-6, 1.142e-6, 1.367e-6
0.371, 1.202e-6, 1.387e-6, 1.070e-6, 1.228e-6, 1.283e-6, 1.456e-6, 1.136e-6, 1.357e-6
0.372, 1.199e-6, 1.385e-6, 1.067e-6, 1.224e-6, 1.280e-6, 1.455e-6, 1.132e-6, 1.356e-6
0.373, 1.190e-6, 1.377e-6, 1.059e-6, 1.215e-6, 1.272e-6, 1.447e-6, 1.123e-6, 1.348e-6
0.374, 1.188e-6, 1.373e-6, 1.056e-6, 1.212e-6, 1.270e-6, 1.443e-6, 1.119e-6, 1.345e-6
0.375, 1.183e-6, 1.369e-6, 1.052e-6, 1.208e-6, 1.265e-6, 1.439e-6, 1.113e-6, 1.340e-6
0.376, 1.178e-6, 1.364e-6, 1.047e-6, 1.202e-6, 1.262e-6, 1.435e-6, 1.110e-6, 1.335e-6
0.377, 1.175e-6, 1.360e-6, 1.042e-6, 1.198e-6, 1.256e-6, 1.429e-6, 1.103e-6, 1.330e-6
0.378, 1.170e-6, 1.352e-6, 1.037e-6, 1.194e-6, 1.252e-6, 1.424e-6, 1.100e-6, 1.324e-6
0.379, 1.168e-6, 1.351e-6, 1.035e-6, 1.191e-6, 1.249e-6, 1.424e-6, 1.098e-6, 1.323e-6
0.380, 1.162e-6, 1.347e-6, 1.030e-6, 1.185e-6, 1.245e-6, 1.418e-6, 1.094e-6, 1.320e-6
0.381, 1.161e-6, 1.345e-6, 1.028e-6, 1.183e-6, 1.242e-6, 1.415e-6, 1.090e-6, 1.314e-6
0.382, 1.154e-6, 1.337e-6, 1.021e-6, 1.177e-6, 1.236e-6, 1.408e-6, 1.084e-6, 1.308e-6
0.383, 1.153e-6, 1.335e-6, 1.020e-6, 1.175e-6, 1.235e-6, 1.409e-6, 1.083e-6, 1.307e-6
0.384, 1.151e-6, 1.332e-6, 1.014e-6, 1.171e-6, 1.230e-6, 1.402e-6, 1.078e-6, 1.303e-6
0.385, 1.147e-6, 1.330e-6, 1.013e-6, 1.169e-6, 1.229e-6, 1.400e-6, 1.079e-6, 1.302e-6
0.386, 1.144e-6, 1.327e-6, 1.009e-6, 1.165e-6, 1.226e-6, 1.397e-6, 1.073e-6, 1.297e-6
0.387, 1.142e-6, 1.324e-6, 1.007e-6, 1.163e-6, 1.224e-6, 1.395e-6, 1.071e-6, 1.295e-6
0.388, 1.135e-6, 1.319e-6, 1.001e-6, 1.157e-6, 1.219e-6, 1.390e-6, 1.064e-6, 1.289e-6
0.389, 1.137e-6, 1.318e-6, 1.001e-6, 1.159e-6, 1.218e-6, 1.390e-6, 1.065e-6, 1.290e-6
0.390, 1.132e-6, 1.313e-6, 9.965e-7, 1.154e-6, 1.213e-6, 1.385e-6, 1.060e-6, 1.285e-6
0.391, 1.128e-6, 1.313e-6, 9.936e-7, 1.151e-6, 1.213e-6, 1.385e-6, 1.058e-6, 1.282e-6
0.392, 1.126e-6, 1.309e-6, 9.909e-7, 1.148e-6, 1.208e-6, 1.379e-6, 1.055e-6, 1.280e-6
0.393, 1.127e-6, 1.309e-6, 9.906e-7, 1.148e-6, 1.210e-6, 1.380e-6, 1.055e-6, 1.281e-6
0.394, 1.125e-6, 1.304e-6, 9.877e-7, 1.147e-6, 1.206e-6, 1.377e-6, 1.054e-6, 1.277e-6
0.395, 1.125e-6, 1.305e-6, 9.879e-7, 1.146e-6, 1.207e-6, 1.379e-6, 1.053e-6, 1.278e-6
0.396, 1.122e-6, 1.304e-6, 9.869e-7, 1.143e-6, 1.203e-6, 1.375e-6, 1.050e-6, 1.275e-6
0.397, 1.119e-6, 1.302e-6, 9.812e-7, 1.143e-6, 1.203e-6, 1.372e-6, 1.048e-6, 1.271e-6
0.398, 1.117e-6, 1.300e-6, 9.806e-7, 1.139e-6, 1.200e-6, 1.371e-6, 1.048e-6, 1.271e-6
0.399, 1.118e-6, 1.299e-6, 9.819e-7, 1.141e-6, 1.201e-6, 1.370e-6, 1.046e-6, 1.271e-6
0.400, 1.116e-6, 1.297e-6, 9.763e-7, 1.138e-6, 1.197e-6, 1.368e-6, 1.045e-6, 1.269e-6
0.401, 1.114e-6, 1.299e-6, 9.791e-7, 1.138e-6, 1.198e-6, 1.368e-6, 1.045e-6, 1.269e-6
0.402, 1.114e-6, 1.298e-6, 9.782e-7, 1.139e-6, 1.198e-6, 1.368e-6, 1.046e-6, 1.269e-6
0.403, 1.113e-6, 1.295e-6, 9.747e-7, 1.135e-6, 1.195e-6, 1.366e-6, 1.043e-6, 1.266e-6
0.404, 1.109e-6, 1.291e-6, 9.733e-7, 1.131e-6, 1.191e-6, 1.363e-6, 1.039e-6, 1.263e-6
0.405, 1.107e-6, 1.290e-6, 9.714e-7, 1.131e-6, 1.191e-6, 1.360e-6, 1.038e-6, 1.261e-6
0.406, 1.106e-6, 1.289e-6, 9.691e-7, 1.129e-6, 1.190e-6, 1.359e-6, 1.037e-6, 1.260e-6
0.407, 1.103e-6, 1.287e-6, 9.693e-7, 1.129e-6, 1.188e-6, 1.357e-6, 1.037e-6, 1.258e-6
0.408, 1.103e-6, 1.287e-6, 9.678e-7, 1.128e-6, 1.189e-6, 1.358e-6, 1.037e-6, 1.260e-6
0.409, 1.103e-6, 1.288e-6, 9.669e-7, 1.131e-6, 1.188e-6, 1.358e-6, 1.037e-6, 1.259e-6
0.410, 1.098e-6, 1.280e-6, 9.631e-7, 1.123e-6, 1.185e-6, 1.352e-6, 1.033e-6, 1.253e-6
0.411, 1.098e-6, 1.283e-6, 9.653e-7, 1.126e-6, 1.186e-6, 1.355e-6, 1.036e-6, 1.256e-6
0.412, 1.099e-6, 1.281e-6, 9.632e-7, 1.127e-6, 1.185e-6, 1.353e-6, 1.035e-6, 1.254e-6
0.413, 1.095e-6, 1.280e-6, 9.626e-7, 1.123e-6, 1.184e-6, 1.351e-6, 1.033e-6, 1.254e-6
0.414, 1.096e-6, 1.279e-6, 9.630e-7, 1.123e-6, 1.185e-6, 1.351e-6, 1.033e-6, 1.254e-6
0.415, 1.094e-6, 1.278e-6, 9.618e-7, 1.124e-6, 1.183e-6, 1.349e-6, 1.033e-6, 1.252e-6
0.416, 1.091e-6, 1.276e-6, 9.604e-7, 1.121e-6, 1.179e-6, 1.347e-6, 1.030e-6, 1.249e-6
0.417, 1.087e-6, 1.272e-6, 9.586e-7, 1.120e-6, 1.178e-6, 1.344e-6, 1.029e-6, 1.247e-6
0.418, 1.088e-6, 1.273e-6, 9.572e-7, 1.120e-6, 1.178e-6, 1.345e-6, 1.029e-6, 1.249e-6
0.419, 1.085e-6, 1.270e-6, 9.548e-7, 1.118e-6, 1.176e-6, 1.342e-6, 1.027e-6, 1.247e-6
0.420, 1.082e-6, 1.268e-6, 9.557e-7, 1.117e-6, 1.173e-6, 1.340e-6, 1.025e-6, 1.244e-6
0.421, 1.082e-6, 1.268e-6, 9.535e-7, 1.117e-6, 1.171e-6, 1.338e-6, 1.025e-6, 1.244e-6
0.422, 1.079e-6, 1.265e-6, 9.539e-7, 1.115e-6, 1.173e-6, 1.338e-6, 1.025e-6, 1.242e-6
0.423, 1.078e-6, 1.262e-6, 9.520e-7, 1.114e-6, 1.170e-6, 1.335e-6, 1.022e-6, 1.238e-6
0.424, 1.079e-6, 1.265e-6, 9.531e-7, 1.114e-6, 1.173e-6, 1.337e-6, 1.026e-6, 1.242e-6
0.425, 1.076e-6, 1.262e-6, 9.508e-7, 1.113e-6, 1.171e-6, 1.335e-6, 1.025e-6, 1.240e-6
0.426, 1.073e-6, 1.257e-6, 9.485e-7, 1.110e-6, 1.167e-6, 1.332e-6, 1.020e-6, 1.237e-6
0.427, 1.072e-6, 1.257e-6, 9.493e-7, 1.109e-6, 1.167e-6, 1.331e-6, 1.022e-6, 1.235e-6
0.428, 1.073e-6, 1.257e-6, 9.497e-7, 1.110e-6, 1.168e-6, 1.332e-6, 1.023e-6, 1.237e-6
0.429, 1.070e-6, 1.255e-6, 9.493e-7, 1.109e-6, 1.167e-6, 1.328e-6, 1.021e-6, 1.235e-6
0.430, 1.065e-6, 1.250e-6, 9.447e-7, 1.105e-6, 1.163e-6, 1.323e-6, 1.017e-6, 1.231e-6
0.431, 1.067e-6, 1.250e-6, 9.453e-7, 1.108e-6, 1.165e-6, 1.326e-6, 1.020e-6, 1.232e-6
0.432, 1.064e-6, 1.249e-6, 9.473e-7, 1.106e-6, 1.163e-6, 1.324e-6, 1.019e-6, 1.229e-6
0.433, 1.064e-6, 1.249e-6, 9.465e-7, 1.105e-6, 1.163e-6, 1.324e-6, 1.019e-6, 1.231e-6
0.434, 1.061e-6, 1.246e-6, 9.436e-7, 1.104e-6, 1.160e-6, 1.322e-6, 1.017e-6, 1.228e-6
0.435, 1.059e-6, 1.243e-6, 9.433e-7, 1.103e-6, 1.161e-6, 1.319e-6, 1.016e-6, 1.227e-6
0.436, 1.057e-6, 1.243e-6, 9.432e-7, 1.101e-6, 1.160e-6, 1.318e-6, 1.018e-6, 1.227e-6
0.437, 1.059e-6, 1.241e-6, 9.437e-7, 1.102e-6, 1.160e-6, 1.318e-6, 1.019e-6, 1.226e-6
0.438, 1.054e-6, 1.238e-6, 9.402e-7, 1.099e-6, 1.156e-6, 1.313e-6, 1.014e-6, 1.224e-6
0.439, 1.053e-6, 1.236e-6, 9.413e-7, 1.098e-6, 1.155e-6, 1.313e-6, 1.013e-6, 1.221e-6
0.440, 1.053e-6, 1.238e-6, 9.435e-7, 1.100e-6, 1.158e-6, 1.312e-6, 1.016e-6, 1.222e-6
0.441, 1.050e-6, 1.234e-6, 9.403e-7, 1.095e-6, 1.155e-6, 1.309e-6, 1.014e-6, 1.219e-6
0.442, 1.051e-6, 1.234e-6, 9.420e-7, 1.099e-6, 1.155e-6, 1.309e-6, 1.015e-6, 1.220e-6
0.443, 1.047e-6, 1.230e-6, 9.378e-7, 1.094e-6, 1.152e-6, 1.304e-6, 1.012e-6, 1.215e-6
0.444, 1.045e-6, 1.229e-6, 9.372e-7, 1.092e-6, 1.151e-6, 1.304e-6, 1.012e-6, 1.215e-6
0.445, 1.043e-6, 1.226e-6, 9.348e-7, 1.092e-6, 1.149e-6, 1.299e-6, 1.010e-6, 1.211e-6
0.446, 1.043e-6, 1.224e-6, 9.365e-7, 1.091e-6, 1.149e-6, 1.301e-6, 1.011e-6, 1.211e-6
0.447, 1.040e-6, 1.221e-6, 9.338e-7, 1.089e-6, 1.147e-6, 1.296e-6, 1.011e-6, 1.209e-6
0.448, 1.040e-6, 1.222e-6, 9.361e-7, 1.090e-6, 1.149e-6, 1.297e-6, 1.011e-6, 1.210e-6
0.449, 1.035e-6, 1.215e-6, 9.321e-7, 1.086e-6, 1.143e-6, 1.293e-6, 1.005e-6, 1.204e-6
0.450, 1.036e-6, 1.214e-6, 9.331e-7, 1.087e-6, 1.144e-6, 1.293e-6, 1.007e-6, 1.204e-6
0.451, 1.037e-6, 1.216e-6, 9.358e-7, 1.086e-6, 1.145e-6, 1.293e-6, 1.010e-6, 1.205e-6
0.452, 1.036e-6, 1.214e-6, 9.331e-7, 1.085e-6, 1.144e-6, 1.291e-6, 1.008e-6, 1.204e-6
0.453, 1.034e-6, 1.212e-6, 9.333e-7, 1.083e-6, 1.142e-6, 1.289e-6, 1.008e-6, 1.203e-6
0.454, 1.034e-6, 1.209e-6, 9.330e-7, 1.084e-6, 1.142e-6, 1.286e-6, 1.007e-6, 1.201e-6
0.455, 1.031e-6, 1.207e-6, 9.304e-7, 1.081e-6, 1.139e-6, 1.284e-6, 1.005e-6, 1.199e-6
0.456, 1.029e-6, 1.204e-6, 9.304e-7, 1.080e-6, 1.140e-6, 1.282e-6, 1.005e-6, 1.197e-6
0.457, 1.028e-6, 1.203e-6, 9.304e-7, 1.080e-6, 1.139e-6, 1.281e-6, 1.004e-6, 1.197e-6
0.458, 1.029e-6, 1.203e-6, 9.310e-7, 1.081e-6, 1.140e-6, 1.281e-6, 1.006e-6, 1.198e-6
0.459, 1.027e-6, 1.200e-6, 9.293e-7, 1.077e-6, 1.135e-6, 1.276e-6, 1.003e-6, 1.192e-6
0.460, 1.026e-6, 1.198e-6, 9.285e-7, 1.076e-6, 1.135e-6, 1.277e-6, 1.004e-6, 1.191e-6
0.461, 1.025e-6, 1.197e-6, 9.272e-7, 1.076e-6, 1.134e-6, 1.273e-6, 1.003e-6, 1.191e-6
0.462, 1.024e-6, 1.195e-6, 9.288e-7, 1.074e-6, 1.133e-6, 1.271e-6, 1.003e-6, 1.189e-6
0.463, 1.023e-6, 1.192e-6, 9.277e-7, 1.072e-6, 1.131e-6, 1.269e-6, 1.001e-6, 1.187e-6
0.464, 1.023e-6, 1.190e-6, 9.267e-7, 1.072e-6, 1.131e-6, 1.268e-6, 9.996e-7, 1.187e-6
0.465, 1.018e-6, 1.188e-6, 9.239e-7, 1.068e-6, 1.127e-6, 1.264e-6, 9.987e-7, 1.182e-6
0.466, 1.019e-6, 1.188e-6, 9.257e-7, 1.070e-6, 1.130e-6, 1.265e-6, 9.998e-7, 1.184e-6
0.467, 1.018e-6, 1.186e-6, 9.240e-7, 1.068e-6, 1.125e-6, 1.261e-6, 9.973e-7, 1.181e-6
0.468, 1.016e-6, 1.184e-6, 9.245e-7, 1.067e-6, 1.127e-6, 1.260e-6, 9.980e-7, 1.180e-6
0.469, 1.018e-6, 1.184e-6, 9.239e-7, 1.068e-6, 1.126e-6, 1.258e-6, 9.968e-7, 1.179e-6
0.470, 1.014e-6, 1.181e-6, 9.205e-7, 1.064e-6, 1.121e-6, 1.254e-6, 9.944e-7, 1.172e-6
0.471, 1.012e-6, 1.176e-6, 9.206e-7, 1.061e-6, 1.120e-6, 1.252e-6, 9.915e-7, 1.172e-6
0.472, 1.010e-6, 1.176e-6, 9.200e-7, 1.062e-6, 1.119e-6, 1.251e-6, 9.932e-7, 1.171e-6
0.473, 1.010e-6, 1.173e-6, 9.187e-7, 1.060e-6, 1.117e-6, 1.248e-6, 9.918e-7, 1.170e-6
0.474, 1.010e-6, 1.171e-6, 9.175e-7, 1.059e-6, 1.115e-6, 1.246e-6, 9.896e-7, 1.168e-6
0.475, 1.009e-6, 1.170e-6, 9.176e-7, 1.057e-6, 1.115e-6, 1.247e-6, 9.911e-7, 1.168e-6
0.476, 1.003e-6, 1.166e-6, 9.142e-7, 1.055e-6, 1.110e-6, 1.241e-6, 9.867e-7, 1.163e-6
0.477, 1.004e-6, 1.166e-6, 9.164e-7, 1.055e-6, 1.112e-6, 1.241e-6, 9.882e-7, 1.163e-6
0.478, 1.002e-6, 1.162e-6, 9.123e-7, 1.051e-6, 1.107e-6, 1.236e-6, 9.823e-7, 1.158e-6
0.479, 9.998e-7, 1.159e-6, 9.110e-7, 1.049e-6, 1.106e-6, 1.233e-6, 9.829e-7, 1.155e-6
0.480, 9.984e-7, 1.155e-6, 9.094e-7, 1.048e-6, 1.102e-6, 1.231e-6, 9.789e-7, 1.152e-6
0.481, 9.970e-7, 1.154e-6, 9.086e-7, 1.045e-6, 1.102e-6, 1.228e-6, 9.769e-7, 1.152e-6
0.482, 9.923e-7, 1.150e-6, 9.031e-7, 1.041e-6, 1.097e-6, 1.223e-6, 9.740e-7, 1.146e-6
0.483, 9.911e-7, 1.147e-6, 9.035e-7, 1.039e-6, 1.094e-6, 1.221e-6, 9.714e-7, 1.145e-6
0.484, 9.905e-7, 1.147e-6, 9.020e-7, 1.040e-6, 1.096e-6, 1.219e-6, 9.735e-7, 1.142e-6
0.485, 9.891e-7, 1.144e-6, 9.004e-7, 1.037e-6, 1.091e-6, 1.216e-6, 9.686e-7, 1.140e-6
0.486, 9.870e-7, 1.142e-6, 8.990e-7, 1.036e-6, 1.090e-6, 1.214e-6, 9.685e-7, 1.138e-6
0.487, 9.834e-7, 1.139e-6, 8.974e-7, 1.031e-6, 1.088e-6, 1.210e-6, 9.643e-7, 1.135e-6
0.488, 9.835e-7, 1.136e-6, 8.965e-7, 1.032e-6, 1.086e-6, 1.209e-6, 9.631e-7, 1.132e-6
0.489, 9.844e-7, 1.138e-6, 8.983e-7, 1.032e-6, 1.084e-6, 1.208e-6, 9.635e-7, 1.131e-6
0.490, 9.797e-7, 1.131e-6, 8.940e-7, 1.028e-6, 1.081e-6, 1.204e-6, 9.591e-7, 1.128e-6
0.491, 9.789e-7, 1.134e-6, 8.935e-7, 1.028e-6, 1.082e-6, 1.202e-6, 9.601e-7, 1.129e-6
0.492, 9.778e-7, 1.131e-6, 8.925e-7, 1.024e-6, 1.079e-6, 1.199e-6, 9.574e-7, 1.125e-6
0.493, 9.762e-7, 1.128e-6, 8.904e-7, 1.023e-6, 1.076e-6, 1.198e-6, 9.563e-7, 1.122e-6
0.494, 9.752e-7, 1.126e-6, 8.897e-7, 1.023e-6, 1.075e-6, 1.196e-6, 9.561e-7, 1.122e-6
0.495, 9.739e-7, 1.125e-6, 8.889e-7, 1.021e-6, 1.074e-6, 1.194e-6, 9.549e-7, 1.120e-6
0.496, 9.716e-7, 1.121e-6, 8.877e-7, 1.019e-6, 1.072e-6, 1.191e-6, 9.509e-7, 1.118e-6
0.497, 9.710e-7, 1.122e-6, 8.847e-7, 1.017e-6, 1.069e-6, 1.190e-6, 9.505e-7, 1.115e-6
0.498, 9.708e-7, 1.119e-6, 8.846e-7, 1.015e-6, 1.067e-6, 1.186e-6, 9.477e-7, 1.114e-6
0.499, 9.690e-7, 1.118e-6, 8.833e-7, 1.014e-6, 1.065e-6, 1.183e-6, 9.457e-7, 1.110e-6
0.500, 9.703e-7, 1.119e-6, 8.854e-7, 1.017e-6, 1.066e-6, 1.187e-6, 9.499e-7, 1.115e-6
0.501, 9.659e-7, 1.113e-6, 8.802e-7, 1.012e-6, 1.063e-6, 1.181e-6, 9.452e-7, 1.107e-6
0.502, 9.644e-7, 1.113e-6, 8.791e-7, 1.011e-6, 1.061e-6, 1.178e-6, 9.431e-7, 1.106e-6
0.503, 9.634e-7, 1.111e-6, 8.787e-7, 1.008e-6, 1.059e-6, 1.177e-6, 9.409e-7, 1.105e-6
0.504, 9.628e-7, 1.109e-6, 8.776e-7, 1.008e-6, 1.058e-6, 1.175e-6, 9.415e-7, 1.103e-6
0.505, 9.608e-7, 1.108e-6, 8.763e-7, 1.005e-6, 1.055e-6, 1.173e-6, 9.383e-7, 1.100e-6
0.506, 9.592e-7, 1.107e-6, 8.744e-7, 1.006e-6, 1.054e-6, 1.170e-6, 9.369e-7, 1.100e-6
0.507, 9.544e-7, 1.103e-6, 8.716e-7, 9.996e-7, 1.051e-6, 1.167e-6, 9.353e-7, 1.096e-6
0.508, 9.548e-7, 1.100e-6, 8.701e-7, 1.000e-6, 1.049e-6, 1.166e-6, 9.326e-7, 1.094e-6
0.509, 9.528e-7, 1.100e-6, 8.695e-7, 9.976e-7, 1.046e-6, 1.163e-6, 9.314e-7, 1.093e-6
0.510, 9.524e-7, 1.097e-6, 8.670e-7, 9.977e-7, 1.044e-6, 1.161e-6, 9.295e-7, 1.090e-6
0.511, 9.505e-7, 1.096e-6, 8.666e-7, 9.955e-7, 1.042e-6, 1.157e-6, 9.265e-7, 1.087e-6
0.512, 9.499e-7, 1.094e-6, 8.645e-7, 9.941e-7, 1.041e-6, 1.155e-6, 9.265e-7, 1.087e-6
0.513, 9.475e-7, 1.093e-6, 8.642e-7, 9.900e-7, 1.039e-6, 1.154e-6, 9.237e-7, 1.085e-6
0.514, 9.444e-7, 1.090e-6, 8.592e-7, 9.882e-7, 1.034e-6, 1.150e-6, 9.192e-7, 1.079e-6
0.515, 9.442e-7, 1.089e-6, 8.599e-7, 9.877e-7, 1.035e-6, 1.148e-6, 9.179e-7, 1.078e-6
0.516, 9.431e-7, 1.083e-6, 8.576e-7, 9.845e-7, 1.030e-6, 1.145e-6, 9.157e-7, 1.074e-6
0.517, 9.413e-7, 1.085e-6, 8.569e-7, 9.839e-7, 1.030e-6, 1.144e-6, 9.156e-7, 1.076e-6
0.518, 9.406e-7, 1.083e-6, 8.557e-7, 9.835e-7, 1.028e-6, 1.142e-6, 9.149e-7, 1.074e-6
0.519, 9.366e-7, 1.079e-6, 8.526e-7, 9.803e-7, 1.025e-6, 1.139e-6, 9.113e-7, 1.070e-6
0.520, 9.378e-7, 1.079e-6, 8.531e-7, 9.791e-7, 1.023e-6, 1.138e-6, 9.092e-7, 1.068e-6
0.521, 9.342e-7, 1.075e-6, 8.495e-7, 9.778e-7, 1.019e-6, 1.135e-6, 9.079e-7, 1.067e-6
0.522, 9.320e-7, 1.075e-6, 8.467e-7, 9.747e-7, 1.019e-6, 1.132e-6, 9.046e-7, 1.064e-6
0.523, 9.319e-7, 1.074e-6, 8.469e-7, 9.745e-7, 1.017e-6, 1.131e-6, 9.068e-7, 1.062e-6
0.524, 9.306e-7, 1.075e-6, 8.480e-7, 9.741e-7, 1.016e-6, 1.130e-6, 9.061e-7, 1.062e-6
0.525, 9.298e-7, 1.072e-6, 8.450e-7, 9.716e-7, 1.013e-6, 1.126e-6, 9.013e-7, 1.058e-6
0.526, 9.283e-7, 1.069e-6, 8.430e-7, 9.703e-7, 1.011e-6, 1.125e-6, 9.005e-7, 1.056e-6
0.527, 9.274e-7, 1.069e-6, 8.442e-7, 9.696e-7, 1.012e-6, 1.125e-6, 9.006e-7, 1.057e-6
0.528, 9.253e-7, 1.066e-6, 8.404e-7, 9.656e-7, 1.008e-6, 1.121e-6, 8.965e-7, 1.053e-6
0.529, 9.245e-7, 1.065e-6, 8.375e-7, 9.659e-7, 1.004e-6, 1.118e-6, 8.946e-7, 1.049e-6
0.530, 9.212e-7, 1.062e-6, 8.361e-7, 9.614e-7, 1.002e-6, 1.115e-6, 8.910e-7, 1.047e-6
0.531, 9.192e-7, 1.060e-6, 8.359e-7, 9.597e-7, 9.980e-7, 1.113e-6, 8.905e-7, 1.045e-6
0.532, 9.188e-7, 1.058e-6, 8.336e-7, 9.584e-7, 9.977e-7, 1.111e-6, 8.882e-7, 1.042e-6
0.533, 9.160e-7, 1.056e-6, 8.320e-7, 9.548e-7, 9.932e-7, 1.107e-6, 8.847e-7, 1.039e-6
0.534, 9.133e-7, 1.052e-6, 8.288e-7, 9.535e-7, 9.907e-7, 1.104e-6, 8.828e-7, 1.036e-6
0.535, 9.127e-7, 1.050e-6, 8.270e-7, 9.518e-7, 9.900e-7, 1.103e-6, 8.818e-7, 1.035e-6
0.536, 9.122e-7, 1.050e-6, 8.256e-7, 9.501e-7, 9.871e-7, 1.100e-6, 8.800e-7, 1.032e-6
0.537, 9.082e-7, 1.047e-6, 8.255e-7, 9.492e-7, 9.867e-7, 1.099e-6, 8.774e-7, 1.031e-6
0.538, 9.059e-7, 1.043e-6, 8.224e-7, 9.449e-7, 9.815e-7, 1.095e-6, 8.724e-7, 1.026e-6
0.539, 9.045e-7, 1.043e-6, 8.228e-7, 9.430e-7, 9.803e-7, 1.092e-6, 8.728e-7, 1.026e-6
0.540, 9.050e-7, 1.041e-6, 8.205e-7, 9.438e-7, 9.794e-7, 1.092e-6, 8.721e-7, 1.024e-6
0.541, 9.030e-7, 1.041e-6, 8.172e-7, 9.422e-7, 9.765e-7, 1.089e-6, 8.695e-7, 1.022e-6
0.542, 8.981e-7, 1.036e-6, 8.144e-7, 9.375e-7, 9.728e-7, 1.084e-6, 8.665e-7, 1.017e-6
0.543, 8.985e-7, 1.037e-6, 8.144e-7, 9.375e-7, 9.708e-7, 1.084e-6, 8.647e-7, 1.017e-6
0.544, 8.963e-7, 1.036e-6, 8.118e-7, 9.349e-7, 9.689e-7, 1.080e-6, 8.636e-7, 1.014e-6
0.545, 8.946e-7, 1.031e-6, 8.097e-7, 9.321e-7, 9.676e-7, 1.079e-6, 8.616e-7, 1.012e-6
0.546, 8.932e-7, 1.029e-6, 8.092e-7, 9.318e-7, 9.648e-7, 1.075e-6, 8.584e-7, 1.008e-6
0.547, 8.900e-7, 1.025e-6, 8.066e-7, 9.284e-7, 9.602e-7, 1.072e-6, 8.558e-7, 1.006e-6
0.548, 8.910e-7, 1.026e-6, 8.053e-7, 9.263e-7, 9.608e-7, 1.071e-6, 8.566e-7, 1.006e-6
0.549, 8.861e-7, 1.021e-6, 8.024e-7, 9.244e-7, 9.575e-7, 1.068e-6, 8.521e-7, 1.000e-6
0.550, 8.858e-7, 1.021e-6, 8.010e-7, 9.234e-7, 9.549e-7, 1.065e-6, 8.490e-7, 9.972e-7
0.551, 8.810e-7, 1.015e-6, 7.972e-7, 9.196e-7, 9.501e-7, 1.060e-6, 8.457e-7, 9.946e-7
0.552, 8.815e-7, 1.015e-6, 7.971e-7, 9.181e-7, 9.505e-7, 1.060e-6, 8.473e-7, 9.941e-7
0.553, 8.778e-7, 1.012e-6, 7.941e-7, 9.146e-7, 9.462e-7, 1.056e-6, 8.435e-7, 9.919e-7
0.554, 8.757e-7, 1.009e-6, 7.931e-7, 9.126e-7, 9.445e-7, 1.054e-6, 8.394e-7, 9.880e-7
0.555, 8.749e-7, 1.009e-6, 7.918e-7, 9.112e-7, 9.424e-7, 1.052e-6, 8.394e-7, 9.869e-7
0.556, 8.735e-7, 1.008e-6, 7.905e-7, 9.113e-7, 9.399e-7, 1.051e-6, 8.370e-7, 9.848e-7
0.557, 8.710e-7, 1.004e-6, 7.883e-7, 9.077e-7, 9.376e-7, 1.048e-6, 8.359e-7, 9.833e-7
0.558, 8.709e-7, 1.004e-6, 7.871e-7, 9.074e-7, 9.372e-7, 1.045e-6, 8.335e-7, 9.801e-7
0.559, 8.686e-7, 1.001e-6, 7.861e-7, 9.055e-7, 9.341e-7, 1.043e-6, 8.327e-7, 9.776e-7
0.560, 8.665e-7, 9.997e-7, 7.833e-7, 9.016e-7, 9.314e-7, 1.040e-6, 8.293e-7, 9.738e-7
0.561, 8.669e-7, 9.971e-7, 7.831e-7, 9.031e-7, 9.296e-7, 1.040e-6, 8.297e-7, 9.740e-7
0.562, 8.669e-7, 9.976e-7, 7.826e-7, 9.006e-7, 9.300e-7, 1.038e-6, 8.276e-7, 9.723e-7
0.563, 8.640e-7, 9.962e-7, 7.824e-7, 8.996e-7, 9.282e-7, 1.037e-6, 8.274e-7, 9.735e-7
0.564, 8.661e-7, 9.997e-7, 7.826e-7, 9.031e-7, 9.287e-7, 1.038e-6, 8.284e-7, 9.726e-7
0.565, 8.653e-7, 9.974e-7, 7.822e-7, 9.012e-7, 9.272e-7, 1.036e-6, 8.288e-7, 9.713e-7
0.566, 8.626e-7, 9.950e-7, 7.781e-7, 8.979e-7, 9.244e-7, 1.033e-6, 8.241e-7, 9.681e-7
0.567, 8.638e-7, 9.958e-7, 7.805e-7, 8.989e-7, 9.247e-7, 1.033e-6, 8.248e-7, 9.683e-7
0.568, 8.616e-7, 9.928e-7, 7.808e-7, 8.958e-7, 9.224e-7, 1.030e-6, 8.225e-7, 9.661e-7
0.569, 8.623e-7, 9.947e-7, 7.790e-7, 8.979e-7, 9.230e-7, 1.031e-6, 8.224e-7, 9.664e-7
0.570, 8.622e-7, 9.939e-7, 7.798e-7, 8.971e-7, 9.224e-7, 1.032e-6, 8.236e-7, 9.655e-7
0.571, 8.624e-7, 9.929e-7, 7.771e-7, 8.950e-7, 9.211e-7, 1.028e-6, 8.240e-7, 9.660e-7
0.572, 8.618e-7, 9.910e-7, 7.783e-7, 8.946e-7, 9.196e-7, 1.028e-6, 8.231e-7, 9.634e-7
0.573, 8.626e-7, 9.932e-7, 7.801e-7, 8.950e-7, 9.193e-7, 1.027e-6, 8.218e-7, 9.641e-7
0.574, 8.608e-7, 9.935e-7, 7.786e-7, 8.955e-7, 9.183e-7, 1.026e-6, 8.227e-7, 9.640e-7
0.575, 8.594e-7, 9.911e-7, 7.761e-7, 8.940e-7, 9.177e-7, 1.024e-6, 8.200e-7, 9.619e-7
0.576, 8.605e-7, 9.909e-7, 7.772e-7, 8.944e-7, 9.173e-7, 1.025e-6, 8.226e-7, 9.626e-7
0.577, 8.599e-7, 9.900e-7, 7.769e-7, 8.924e-7, 9.163e-7, 1.024e-6, 8.202e-7, 9.615e-7
0.578, 8.598e-7, 9.895e-7, 7.771e-7, 8.927e-7, 9.148e-7, 1.021e-6, 8.204e-7, 9.610e-7
0.579, 8.599e-7, 9.889e-7, 7.770e-7, 8.925e-7, 9.139e-7, 1.023e-6, 8.212e-7, 9.600e-7
0.580, 8.618e-7, 9.894e-7, 7.783e-7, 8.916e-7, 9.149e-7, 1.022e-6, 8.227e-7, 9.609e-7
0.581, 8.578e-7, 9.870e-7, 7.754e-7, 8.904e-7, 9.112e-7, 1.019e-6, 8.181e-7, 9.566e-7
0.582, 8.591e-7, 9.884e-7, 7.772e-7, 8.906e-7, 9.132e-7, 1.020e-6, 8.202e-7, 9.588e-7
0.583, 8.566e-7, 9.851e-7, 7.734e-7, 8.881e-7, 9.099e-7, 1.015e-6, 8.168e-7, 9.550e-7
0.584, 8.563e-7, 9.858e-7, 7.738e-7, 8.888e-7, 9.097e-7, 1.017e-6, 8.166e-7, 9.540e-7
0.585, 8.576e-7, 9.878e-7, 7.767e-7, 8.915e-7, 9.101e-7, 1.016e-6, 8.183e-7, 9.569e-7
0.586, 8.588e-7, 9.864e-7, 7.754e-7, 8.900e-7, 9.092e-7, 1.015e-6, 8.195e-7, 9.553e-7
0.587, 8.548e-7, 9.826e-7, 7.719e-7, 8.872e-7, 9.055e-7, 1.013e-6, 8.155e-7, 9.529e-7
0.588, 8.568e-7, 9.852e-7, 7.742e-7, 8.885e-7, 9.081e-7, 1.014e-6, 8.191e-7, 9.553e-7
0.589, 8.531e-7, 9.815e-7, 7.712e-7, 8.868e-7, 9.046e-7, 1.011e-6, 8.143e-7, 9.506e-7
0.590, 8.560e-7, 9.830e-7, 7.722e-7, 8.857e-7, 9.047e-7, 1.011e-6, 8.163e-7, 9.504e-7
0.591, 8.530e-7, 9.810e-7, 7.711e-7, 8.852e-7, 9.030e-7, 1.010e-6, 8.133e-7, 9.502e-7
0.592, 8.546e-7, 9.822e-7, 7.717e-7, 8.849e-7, 9.039e-7, 1.009e-6, 8.138e-7, 9.506e-7
0.593, 8.515e-7, 9.792e-7, 7.695e-7, 8.839e-7, 9.014e-7, 1.007e-6, 8.131e-7, 9.469e-7
0.594, 8.518e-7, 9.792e-7, 7.701e-7, 8.834e-7, 9.010e-7, 1.007e-6, 8.115e-7, 9.477e-7
0.595, 8.520e-7, 9.801e-7, 7.710e-7, 8.838e-7, 9.011e-7, 1.006e-6, 8.132e-7, 9.471e-7
0.596, 8.534e-7, 9.797e-7, 7.706e-7, 8.840e-7, 8.995e-7, 1.005e-6, 8.123e-7, 9.464e-7
0.597, 8.513e-7, 9.785e-7, 7.687e-7, 8.810e-7, 8.977e-7, 1.003e-6, 8.110e-7, 9.451e-7
0.598, 8.523e-7, 9.790e-7, 7.696e-7, 8.821e-7, 8.978e-7, 1.004e-6, 8.117e-7, 9.446e-7
0.599, 8.517e-7, 9.789e-7, 7.699e-7, 8.820e-7, 8.972e-7, 1.003e-6, 8.109e-7, 9.439e-7
0.600, 8.503e-7, 9.778e-7, 7.690e-7, 8.804e-7, 8.974e-7, 1.001e-6, 8.103e-7, 9.450e-7
0.601, 8.518e-7, 9.783e-7, 7.703e-7, 8.837e-7, 8.965e-7, 1.002e-6, 8.119e-7, 9.433e-7
0.602, 8.526e-7, 9.780e-7, 7.703e-7, 8.816e-7, 8.956e-7, 9.989e-7, 8.093e-7, 9.431e-7
0.603, 8.501e-7, 9.763e-7, 7.683e-7, 8.802e-7, 8.939e-7, 9.997e-7, 8.089e-7, 9.402e-7
0.604, 8.514e-7, 9.786e-7, 7.700e-7, 8.807e-7, 8.965e-7, 9.986e-7, 8.098e-7, 9.425e-7
0.605, 8.510e-7, 9.765e-7, 7.693e-7, 8.813e-7, 8.929e-7, 9.972e-7, 8.085e-7, 9.400e-7
0.606, 8.535e-7, 9.793e-7, 7.714e-7, 8.827e-7, 8.961e-7, 9.997e-7, 8.125e-7, 9.435e-7
0.607, 8.514e-7, 9.773e-7, 7.705e-7, 8.802e-7, 8.932e-7, 9.976e-7, 8.090e-7, 9.396e-7
0.608, 8.545e-7, 9.808e-7, 7.717e-7, 8.830e-7, 8.961e-7, 9.995e-7, 8.126e-7, 9.423e-7
0.609, 8.534e-7, 9.794e-7, 7.705e-7, 8.821e-7, 8.938e-7, 9.975e-7, 8.110e-7, 9.397e-7
0.610, 8.551e-7, 9.799e-7, 7.726e-7, 8.832e-7, 8.956e-7, 9.985e-7, 8.110e-7, 9.413e-7
0.611, 8.526e-7, 9.787e-7, 7.710e-7, 8.809e-7, 8.912e-7, 9.940e-7, 8.116e-7, 9.400e-7
0.612, 8.533e-7, 9.800e-7, 7.722e-7, 8.818e-7, 8.920e-7, 9.953e-7, 8.112e-7, 9.401e-7
0.613, 8.549e-7, 9.806e-7, 7.696e-7, 8.829e-7, 8.924e-7, 9.959e-7, 8.102e-7, 9.394e-7
0.614, 8.556e-7, 9.801e-7, 7.736e-7, 8.839e-7, 8.939e-7, 9.963e-7, 8.114e-7, 9.401e-7
0.615, 8.545e-7, 9.797e-7, 7.705e-7, 8.808e-7, 8.916e-7, 9.938e-7, 8.095e-7, 9.376e-7
0.616, 8.547e-7, 9.788e-7, 7.716e-7, 8.812e-7, 8.900e-7, 9.940e-7, 8.094e-7, 9.370e-7
0.617, 8.529e-7, 9.783e-7, 7.708e-7, 8.814e-7, 8.889e-7, 9.924e-7, 8.076e-7, 9.350e-7
0.618, 8.523e-7, 9.788e-7, 7.724e-7, 8.819e-7, 8.916e-7, 9.916e-7, 8.086e-7, 9.354e-7
0.619, 8.519e-7, 9.780e-7, 7.704e-7, 8.806e-7, 8.877e-7, 9.889e-7, 8.073e-7, 9.348e-7
0.620, 8.533e-7, 9.776e-7, 7.708e-7, 8.809e-7, 8.870e-7, 9.892e-7, 8.072e-7, 9.335e-7
0.621, 8.557e-7, 9.800e-7, 7.715e-7, 8.844e-7, 8.894e-7, 9.911e-7, 8.102e-7, 9.358e-7
0.622, 8.550e-7, 9.796e-7, 7.707e-7, 8.815e-7, 8.866e-7, 9.891e-7, 8.084e-7, 9.342e-7
0.623, 8.531e-7, 9.779e-7, 7.723e-7, 8.806e-7, 8.860e-7, 9.880e-7, 8.055e-7, 9.307e-7
0.624, 8.544e-7, 9.802e-7, 7.707e-7, 8.822e-7, 8.868e-7, 9.880e-7, 8.069e-7, 9.325e-7
0.625, 8.560e-7, 9.798e-7, 7.741e-7, 8.835e-7, 8.876e-7, 9.891e-7, 8.101e-7, 9.355e-7
0.626, 8.579e-7, 9.818e-7, 7.716e-7, 8.839e-7, 8.864e-7, 9.886e-7, 8.094e-7, 9.351e-7
0.627, 8.560e-7, 9.805e-7, 7.750e-7, 8.832e-7, 8.870e-7, 9.879e-7, 8.083e-7, 9.338e-7
0.628, 8.575e-7, 9.817e-7, 7.735e-7, 8.838e-7, 8.865e-7, 9.865e-7, 8.088e-7, 9.329e-7
0.629, 8.594e-7, 9.839e-7, 7.764e-7, 8.863e-7, 8.872e-7, 9.891e-7, 8.095e-7, 9.349e-7
0.630, 8.621e-7, 9.860e-7, 7.776e-7, 8.883e-7, 8.891e-7, 9.905e-7, 8.125e-7, 9.365e-7
0.631, 8.608e-7, 9.868e-7, 7.791e-7, 8.891e-7, 8.889e-7, 9.906e-7, 8.120e-7, 9.352e-7
0.632, 8.630e-7, 9.874e-7, 7.808e-7, 8.893e-7, 8.905e-7, 9.925e-7, 8.119e-7, 9.380e-7
0.633, 8.653e-7, 9.891e-7, 7.820e-7, 8.921e-7, 8.912e-7, 9.921e-7, 8.153e-7, 9.395e-7
0.634, 8.656e-7, 9.899e-7, 7.829e-7, 8.926e-7, 8.918e-7, 9.916e-7, 8.153e-7, 9.380e-7
0.635, 8.688e-7, 9.904e-7, 7.838e-7, 8.937e-7, 8.900e-7, 9.922e-7, 8.166e-7, 9.399e-7
0.636, 8.685e-7, 9.952e-7, 7.854e-7, 8.967e-7, 8.946e-7, 9.943e-7, 8.190e-7, 9.421e-7
0.637, 8.705e-7, 9.974e-7, 7.879e-7, 8.986e-7, 8.957e-7, 9.959e-7, 8.213e-7, 9.433e-7
0.638, 8.745e-7, 9.994e-7, 7.897e-7, 8.998e-7, 8.966e-7, 9.967e-7, 8.228e-7, 9.436e-7
0.639, 8.772e-7, 1.001e-6, 7.935e-7, 9.043e-7, 8.961e-7, 9.980e-7, 8.242e-7, 9.461e-7
0.640, 8.764e-7, 1.002e-6, 7.931e-7, 9.036e-7, 8.979e-7, 9.980e-7, 8.254e-7, 9.459e-7
0.641, 8.808e-7, 1.005e-6, 7.962e-7, 9.076e-7, 8.982e-7, 9.987e-7, 8.270e-7, 9.474e-7
0.642, 8.828e-7, 1.008e-6, 7.987e-7, 9.106e-7, 9.020e-7, 1.002e-6, 8.292e-7, 9.518e-7
0.643, 8.860e-7, 1.010e-6, 8.017e-7, 9.113e-7, 9.026e-7, 1.004e-6, 8.316e-7, 9.531e-7
0.644, 8.874e-7, 1.013e-6, 8.032e-7, 9.130e-7, 9.053e-7, 1.007e-6, 8.339e-7, 9.540e-7
0.645, 8.916e-7, 1.017e-6, 8.063e-7, 9.174e-7, 9.072e-7, 1.008e-6, 8.372e-7, 9.570e-7
0.646, 8.906e-7, 1.017e-6, 8.082e-7, 9.190e-7, 9.070e-7, 1.007e-6, 8.362e-7, 9.577e-7
0.647, 8.953e-7, 1.022e-6, 8.123e-7, 9.237e-7, 9.105e-7, 1.012e-6, 8.391e-7, 9.609e-7
0.648, 9.003e-7, 1.025e-6, 8.150e-7, 9.271e-7, 9.134e-7, 1.015e-6, 8.449e-7, 9.637e-7
0.649, 9.007e-7, 1.026e-6, 8.153e-7, 9.293e-7, 9.140e-7, 1.015e-6, 8.435e-7, 9.650e-7
0.650, 9.040e-7, 1.031e-6, 8.207e-7, 9.329e-7, 9.162e-7, 1.017e-6, 8.480e-7, 9.681e-7
0.651, 9.071e-7, 1.034e-6, 8.242e-7, 9.364e-7, 9.196e-7, 1.020e-6, 8.509e-7, 9.706e-7
0.652, 9.118e-7, 1.038e-6, 8.268e-7, 9.399e-7, 9.217e-7, 1.023e-6, 8.552e-7, 9.722e-7
0.653, 9.144e-7, 1.042e-6, 8.303e-7, 9.432e-7, 9.248e-7, 1.026e-6, 8.573e-7, 9.760e-7
0.654, 9.185e-7, 1.046e-6, 8.353e-7, 9.468e-7, 9.277e-7, 1.030e-6, 8.609e-7, 9.801e-7
0.655, 9.250e-7, 1.051e-6, 8.395e-7, 9.526e-7, 9.319e-7, 1.032e-6, 8.664e-7, 9.834e-7
0.656, 9.269e-7, 1.054e-6, 8.440e-7, 9.557e-7, 9.339e-7, 1.034e-6, 8.680e-7, 9.860e-7
0.657, 9.316e-7, 1.060e-6, 8.471e-7, 9.597e-7, 9.372e-7, 1.039e-6, 8.731e-7, 9.918e-7
0.658, 9.362e-7, 1.064e-6, 8.515e-7, 9.657e-7, 9.410e-7, 1.042e-6, 8.757e-7, 9.944e-7
0.659, 9.397e-7, 1.068e-6, 8.561e-7, 9.682e-7, 9.448e-7, 1.045e-6, 8.799e-7, 9.980e-7
0.660, 9.449e-7, 1.073e-6, 8.603e-7, 9.746e-7, 9.475e-7, 1.050e-6, 8.833e-7, 1.000e-6
0.661, 9.480e-7, 1.076e-6, 8.634e-7, 9.770e-7, 9.506e-7, 1.051e-6, 8.879e-7, 1.007e-6
0.662, 9.535e-7, 1.084e-6, 8.698e-7, 9.831e-7, 9.554e-7, 1.056e-6, 8.932e-7, 1.010e-6
0.663, 9.577e-7, 1.088e-6, 8.740e-7, 9.880e-7, 9.588e-7, 1.060e-6, 8.967e-7, 1.012e-6
0.664, 9.632e-7, 1.093e-6, 8.795e-7, 9.920e-7, 9.606e-7, 1.063e-6, 9.004e-7, 1.017e-6
0.665, 9.691e-7, 1.098e-6, 8.852e-7, 9.990e-7, 9.653e-7, 1.068e-6, 9.073e-7, 1.021e-6
0.666, 9.732e-7, 1.101e-6, 8.882e-7, 1.001e-6, 9.689e-7, 1.071e-6, 9.098e-7, 1.026e-6
0.667, 9.794e-7, 1.110e-6, 8.938e-7, 1.008e-6, 9.735e-7, 1.075e-6, 9.161e-7, 1.031e-6
0.668, 9.836e-7, 1.113e-6, 8.998e-7, 1.014e-6, 9.763e-7, 1.080e-6, 9.196e-7, 1.033e-6
0.669, 9.896e-7, 1.119e-6, 9.045e-7, 1.019e-6, 9.815e-7, 1.084e-6, 9.250e-7, 1.039e-6
0.670, 9.952e-7, 1.126e-6, 9.097e-7, 1.025e-6, 9.858e-7, 1.087e-6, 9.314e-7, 1.043e-6
0.671, 1.001e-6, 1.131e-6, 9.153e-7, 1.031e-6, 9.919e-7, 1.092e-6, 9.370e-7, 1.049e-6
0.672, 1.005e-6, 1.136e-6, 9.204e-7, 1.036e-6, 9.942e-7, 1.096e-6, 9.403e-7, 1.052e-6
0.673, 1.011e-6, 1.141e-6, 9.278e-7, 1.042e-6, 9.994e-7, 1.101e-6, 9.460e-7, 1.058e-6
0.674, 1.021e-6, 1.150e-6, 9.330e-7, 1.051e-6, 1.005e-6, 1.107e-6, 9.519e-7, 1.064e-6
0.675, 1.024e-6, 1.155e-6, 9.412e-7, 1.055e-6, 1.009e-6, 1.112e-6, 9.574e-7, 1.069e-6
0.676, 1.032e-6, 1.163e-6, 9.466e-7, 1.062e-6, 1.016e-6, 1.115e-6, 9.654e-7, 1.074e-6
0.677, 1.040e-6, 1.171e-6, 9.526e-7, 1.071e-6, 1.021e-6, 1.123e-6, 9.724e-7, 1.082e-6
0.678, 1.048e-6, 1.180e-6, 9.615e-7, 1.078e-6, 1.027e-6, 1.128e-6, 9.788e-7, 1.087e-6
0.679, 1.055e-6, 1.186e-6, 9.682e-7, 1.086e-6, 1.035e-6, 1.135e-6, 9.848e-7, 1.093e-6
0.680, 1.061e-6, 1.193e-6, 9.751e-7, 1.091e-6, 1.038e-6, 1.139e-6, 9.903e-7, 1.099e-6
0.681, 1.071e-6, 1.203e-6, 9.858e-7, 1.103e-6, 1.047e-6, 1.148e-6, 1.001e-6, 1.107e-6
0.682, 1.078e-6, 1.208e-6, 9.934e-7, 1.108e-6, 1.051e-6, 1.153e-6, 1.006e-6, 1.111e-6
0.683, 1.087e-6, 1.218e-6, 1.001e-6, 1.118e-6, 1.060e-6, 1.160e-6, 1.015e-6, 1.121e-6
0.684, 1.098e-6, 1.229e-6, 1.011e-6, 1.127e-6, 1.067e-6, 1.168e-6, 1.024e-6, 1.130e-6
0.685, 1.103e-6, 1.236e-6, 1.017e-6, 1.135e-6, 1.072e-6, 1.172e-6, 1.031e-6, 1.134e-6
0.686, 1.113e-6, 1.247e-6, 1.027e-6, 1.145e-6, 1.080e-6, 1.181e-6, 1.039e-6, 1.143e-6
0.687, 1.123e-6, 1.256e-6, 1.039e-6, 1.154e-6, 1.088e-6, 1.188e-6, 1.048e-6, 1.151e-6
0.688, 1.132e-6, 1.262e-6, 1.045e-6, 1.163e-6, 1.094e-6, 1.193e-6, 1.054e-6, 1.157e-6
0.689, 1.143e-6, 1.276e-6, 1.055e-6, 1.174e-6, 1.103e-6, 1.203e-6, 1.067e-6, 1.167e-6
0.690, 1.153e-6, 1.284e-6, 1.066e-6, 1.184e-6, 1.111e-6, 1.209e-6, 1.074e-6, 1.173e-6
0.691, 1.163e-6, 1.295e-6, 1.076e-6, 1.193e-6, 1.119e-6, 1.219e-6, 1.085e-6, 1.183e-6
0.692, 1.175e-6, 1.308e-6, 1.088e-6, 1.206e-6, 1.130e-6, 1.228e-6, 1.097e-6, 1.194e-6
0.693, 1.185e-6, 1.317e-6, 1.099e-6, 1.215e-6, 1.137e-6, 1.235e-6, 1.105e-6, 1.201e-6
0.694, 1.195e-6, 1.328e-6, 1.110e-6, 1.226e-6, 1.147e-6, 1.245e-6, 1.114e-6, 1.211e-6
0.695, 1.214e-6, 1.346e-6, 1.126e-6, 1.243e-6, 1.160e-6, 1.258e-6, 1.132e-6, 1.227e-6
0.696, 1.222e-6, 1.357e-6, 1.135e-6, 1.252e-6, 1.168e-6, 1.267e-6, 1.141e-6, 1.235e-6
0.697, 1.237e-6, 1.371e-6, 1.150e-6, 1.267e-6, 1.180e-6, 1.278e-6, 1.154e-6, 1.248e-6
0.698, 1.250e-6, 1.382e-6, 1.163e-6, 1.281e-6, 1.191e-6, 1.288e-6, 1.167e-6, 1.258e-6
0.699, 1.266e-6, 1.399e-6, 1.178e-6, 1.296e-6, 1.202e-6, 1.300e-6, 1.180e-6, 1.272e-6
0.700, 1.279e-6, 1.414e-6, 1.191e-6, 1.309e-6, 1.215e-6, 1.312e-6, 1.193e-6, 1.282e-6
0.701, 1.294e-6, 1.426e-6, 1.205e-6, 1.324e-6, 1.227e-6, 1.324e-6, 1.208e-6, 1.296e-6
0.702, 1.310e-6, 1.442e-6, 1.221e-6, 1.338e-6, 1.240e-6, 1.336e-6, 1.222e-6, 1.310e-6
0.703, 1.326e-6, 1.459e-6, 1.238e-6, 1.355e-6, 1.252e-6, 1.350e-6, 1.235e-6, 1.322e-6
0.704, 1.341e-6, 1.473e-6, 1.251e-6, 1.370e-6, 1.265e-6, 1.360e-6, 1.251e-6, 1.336e-6
0.705, 1.358e-6, 1.491e-6, 1.268e-6, 1.387e-6, 1.278e-6, 1.376e-6, 1.267e-6, 1.352e-6
0.706, 1.376e-6, 1.511e-6, 1.288e-6, 1.405e-6, 1.295e-6, 1.390e-6, 1.285e-6, 1.368e-6
0.707, 1.390e-6, 1.526e-6, 1.301e-6, 1.421e-6, 1.308e-6, 1.403e-6, 1.301e-6, 1.381e-6
0.708, 1.411e-6, 1.547e-6, 1.323e-6, 1.442e-6, 1.324e-6, 1.419e-6, 1.318e-6, 1.398e-6
0.709, 1.431e-6, 1.567e-6, 1.340e-6, 1.459e-6, 1.342e-6, 1.435e-6, 1.338e-6, 1.416e-6
0.710, 1.447e-6, 1.584e-6, 1.359e-6, 1.476e-6, 1.355e-6, 1.448e-6, 1.354e-6, 1.430e-6
0.711, 1.468e-6, 1.602e-6, 1.378e-6, 1.494e-6, 1.370e-6, 1.463e-6, 1.372e-6, 1.447e-6
0.712, 1.487e-6, 1.623e-6, 1.398e-6, 1.516e-6, 1.388e-6, 1.481e-6, 1.391e-6, 1.467e-6
0.713, 1.507e-6, 1.642e-6, 1.419e-6, 1.537e-6, 1.406e-6, 1.498e-6, 1.411e-6, 1.485e-6
0.714, 1.529e-6, 1.664e-6, 1.438e-6, 1.557e-6, 1.422e-6, 1.515e-6, 1.431e-6, 1.503e-6
0.715, 1.552e-6, 1.687e-6, 1.461e-6, 1.579e-6, 1.441e-6, 1.533e-6, 1.452e-6, 1.523e-6
0.716, 1.573e-6, 1.710e-6, 1.483e-6, 1.601e-6, 1.459e-6, 1.551e-6, 1.473e-6, 1.543e-6
0.717, 1.594e-6, 1.731e-6, 1.503e-6, 1.622e-6, 1.476e-6, 1.569e-6, 1.494e-6, 1.561e-6
0.718, 1.617e-6, 1.755e-6, 1.525e-6, 1.643e-6, 1.494e-6, 1.588e-6, 1.515e-6, 1.583e-6
0.719, 1.644e-6, 1.779e-6, 1.550e-6, 1.672e-6, 1.516e-6, 1.608e-6, 1.538e-6, 1.604e-6
0.720, 1.667e-6, 1.805e-6, 1.574e-6, 1.695e-6, 1.538e-6, 1.629e-6, 1.561e-6, 1.626e-6
0.721, 1.690e-6, 1.829e-6, 1.600e-6, 1.718e-6, 1.557e-6, 1.648e-6, 1.584e-6, 1.647e-6
0.722, 1.715e-6, 1.855e-6, 1.623e-6, 1.744e-6, 1.580e-6, 1.669e-6, 1.610e-6, 1.672e-6
0.723, 1.740e-6, 1.878e-6, 1.645e-6, 1.767e-6, 1.596e-6, 1.687e-6, 1.632e-6, 1.691e-6
0.724, 1.768e-6, 1.907e-6, 1.673e-6, 1.795e-6, 1.621e-6, 1.711e-6, 1.659e-6, 1.714e-6
0.725, 1.792e-6, 1.932e-6, 1.699e-6, 1.819e-6, 1.641e-6, 1.731e-6, 1.682e-6, 1.739e-6
0.726, 1.819e-6, 1.959e-6, 1.725e-6, 1.846e-6, 1.665e-6, 1.754e-6, 1.709e-6, 1.765e-6
0.727, 1.846e-6, 1.988e-6, 1.752e-6, 1.874e-6, 1.687e-6, 1.777e-6, 1.735e-6, 1.789e-6
0.728, 1.874e-6, 2.016e-6, 1.779e-6, 1.901e-6, 1.709e-6, 1.798e-6, 1.761e-6, 1.812e-6
0.729, 1.902e-6, 2.044e-6, 1.806e-6, 1.928e-6, 1.731e-6, 1.821e-6, 1.787e-6, 1.840e-6
0.730, 1.929e-6, 2.071e-6, 1.832e-6, 1.956e-6, 1.755e-6, 1.844e-6, 1.813e-6, 1.863e-6
0.731, 1.957e-6, 2.101e-6, 1.859e-6, 1.985e-6, 1.779e-6, 1.868e-6, 1.840e-6, 1.889e-6
0.732, 1.988e-6, 2.134e-6, 1.891e-6, 2.017e-6, 1.806e-6, 1.895e-6, 1.870e-6, 1.918e-6
0.733, 2.018e-6, 2.162e-6, 1.919e-6, 2.044e-6, 1.827e-6, 1.916e-6, 1.897e-6, 1.943e-6
0.734, 2.048e-6, 2.192e-6, 1.948e-6, 2.075e-6, 1.853e-6, 1.942e-6, 1.925e-6, 1.971e-6
0.735, 2.078e-6, 2.224e-6, 1.981e-6, 2.108e-6, 1.880e-6, 1.971e-6, 1.957e-6, 2.000e-6
0.736, 2.109e-6, 2.255e-6, 2.010e-6, 2.138e-6, 1.905e-6, 1.993e-6, 1.984e-6, 2.027e-6
0.737, 2.144e-6, 2.291e-6, 2.043e-6, 2.172e-6, 1.933e-6, 2.022e-6, 2.017e-6, 2.059e-6
0.738, 2.175e-6, 2.323e-6, 2.073e-6, 2.203e-6, 1.959e-6, 2.049e-6, 2.049e-6, 2.088e-6
0.739, 2.205e-6, 2.356e-6, 2.105e-6, 2.236e-6, 1.985e-6, 2.076e-6, 2.080e-6, 2.120e-6
0.740, 2.241e-6, 2.392e-6, 2.140e-6, 2.271e-6, 2.014e-6, 2.106e-6, 2.113e-6, 2.150e-6
0.741, 2.273e-6, 2.424e-6, 2.170e-6, 2.303e-6, 2.041e-6, 2.132e-6, 2.143e-6, 2.180e-6
0.742, 2.307e-6, 2.462e-6, 2.205e-6, 2.339e-6, 2.069e-6, 2.161e-6, 2.177e-6, 2.214e-6
0.743, 2.343e-6, 2.498e-6, 2.239e-6, 2.375e-6, 2.098e-6, 2.192e-6, 2.211e-6, 2.246e-6
0.744, 2.375e-6, 2.533e-6, 2.273e-6, 2.410e-6, 2.128e-6, 2.220e-6, 2.244e-6, 2.279e-6
0.745, 2.412e-6, 2.569e-6, 2.307e-6, 2.448e-6, 2.156e-6, 2.250e-6, 2.279e-6, 2.313e-6
0.746, 2.447e-6, 2.608e-6, 2.346e-6, 2.484e-6, 2.187e-6, 2.282e-6, 2.312e-6, 2.348e-6
0.747, 2.482e-6, 2.643e-6, 2.379e-6, 2.523e-6, 2.216e-6, 2.312e-6, 2.346e-6, 2.382e-6
0.748, 2.520e-6, 2.683e-6, 2.417e-6, 2.560e-6, 2.246e-6, 2.344e-6, 2.382e-6, 2.419e-6
0.749, 2.556e-6, 2.722e-6, 2.452e-6, 2.598e-6, 2.274e-6, 2.375e-6, 2.418e-6, 2.453e-6
0.750, 2.597e-6, 2.763e-6, 2.493e-6, 2.641e-6, 2.312e-6, 2.412e-6, 2.457e-6, 2.492e-6
0.751, 2.631e-6, 2.798e-6, 2.527e-6, 2.676e-6, 2.339e-6, 2.440e-6, 2.490e-6, 2.525e-6
0.752, 2.668e-6, 2.840e-6, 2.566e-6, 2.716e-6, 2.372e-6, 2.473e-6, 2.527e-6, 2.563e-6
0.753, 2.708e-6, 2.882e-6, 2.605e-6, 2.758e-6, 2.403e-6, 2.508e-6, 2.568e-6, 2.602e-6
0.754, 2.747e-6, 2.925e-6, 2.643e-6, 2.800e-6, 2.436e-6, 2.543e-6, 2.604e-6, 2.640e-6
0.755, 2.786e-6, 2.962e-6, 2.682e-6, 2.839e-6, 2.469e-6, 2.575e-6, 2.639e-6, 2.677e-6
0.756, 2.825e-6, 3.005e-6, 2.720e-6, 2.881e-6, 2.502e-6, 2.611e-6, 2.678e-6, 2.716e-6
0.757, 2.868e-6, 3.049e-6, 2.763e-6, 2.925e-6, 2.536e-6, 2.646e-6, 2.718e-6, 2.757e-6
0.758, 2.905e-6, 3.094e-6, 2.803e-6, 2.967e-6, 2.569e-6, 2.681e-6, 2.755e-6, 2.798e-6
0.759, 2.949e-6, 3.138e-6, 2.844e-6, 3.012e-6, 2.605e-6, 2.720e-6, 2.797e-6, 2.839e-6
0.760, 2.988e-6, 3.179e-6, 2.885e-6, 3.052e-6, 2.637e-6, 2.753e-6, 2.835e-6, 2.881e-6
0.761, 3.032e-6, 3.227e-6, 2.929e-6, 3.100e-6, 2.676e-6, 2.795e-6, 2.877e-6, 2.926e-6
0.762, 3.073e-6, 3.273e-6, 2.970e-6, 3.146e-6, 2.709e-6, 2.831e-6, 2.918e-6, 2.967e-6
0.763, 3.115e-6, 3.317e-6, 3.014e-6, 3.192e-6, 2.744e-6, 2.870e-6, 2.958e-6, 3.011e-6
0.764, 3.157e-6, 3.362e-6, 3.055e-6, 3.236e-6, 2.780e-6, 2.908e-6, 2.999e-6, 3.054e-6
0.765, 3.199e-6, 3.410e-6, 3.098e-6, 3.282e-6, 2.816e-6, 2.946e-6, 3.040e-6, 3.098e-6
0.766, 3.243e-6, 3.456e-6, 3.141e-6, 3.329e-6, 2.850e-6, 2.985e-6, 3.080e-6, 3.143e-6
0.767, 3.286e-6, 3.504e-6, 3.186e-6, 3.376e-6, 2.888e-6, 3.023e-6, 3.124e-6, 3.188e-6
0.768, 3.329e-6, 3.550e-6, 3.230e-6, 3.425e-6, 2.925e-6, 3.065e-6, 3.165e-6, 3.234e-6
0.769, 3.372e-6, 3.598e-6, 3.271e-6, 3.471e-6, 2.960e-6, 3.103e-6, 3.205e-6, 3.277e-6
0.770, 3.417e-6, 3.649e-6, 3.318e-6, 3.521e-6, 2.999e-6, 3.145e-6, 3.248e-6, 3.326e-6
0.771, 3.462e-6, 3.696e-6, 3.362e-6, 3.571e-6, 3.035e-6, 3.187e-6, 3.292e-6, 3.371e-6
0.772, 3.506e-6, 3.744e-6, 3.406e-6, 3.618e-6, 3.072e-6, 3.227e-6, 3.335e-6, 3.419e-6
0.773, 3.549e-6, 3.792e-6, 3.453e-6, 3.666e-6, 3.111e-6, 3.269e-6, 3.377e-6, 3.467e-6
0.774, 3.594e-6, 3.843e-6, 3.497e-6, 3.718e-6, 3.148e-6, 3.310e-6, 3.420e-6, 3.513e-6
0.775, 3.637e-6, 3.891e-6, 3.540e-6, 3.765e-6, 3.182e-6, 3.350e-6, 3.462e-6, 3.561e-6
0.776, 3.681e-6, 3.942e-6, 3.587e-6, 3.815e-6, 3.222e-6, 3.392e-6, 3.505e-6, 3.608e-6
0.777, 3.729e-6, 3.991e-6, 3.634e-6, 3.867e-6, 3.261e-6, 3.436e-6, 3.549e-6, 3.658e-6
0.778, 3.772e-6, 4.042e-6, 3.679e-6, 3.917e-6, 3.298e-6, 3.477e-6, 3.590e-6, 3.707e-6
0.779, 3.818e-6, 4.092e-6, 3.725e-6, 3.968e-6, 3.337e-6, 3.519e-6, 3.635e-6, 3.755e-6
0.780, 3.863e-6, 4.142e-6, 3.772e-6, 4.019e-6, 3.374e-6, 3.562e-6, 3.679e-6, 3.805e-6
0.781, 3.907e-6, 4.193e-6, 3.817e-6, 4.070e-6, 3.411e-6, 3.605e-6, 3.720e-6, 3.853e-6
0.782, 3.953e-6, 4.244e-6, 3.861e-6, 4.121e-6, 3.450e-6, 3.648e-6, 3.764e-6, 3.905e-6
0.783, 4.000e-6, 4.296e-6, 3.910e-6, 4.173e-6, 3.488e-6, 3.691e-6, 3.807e-6, 3.956e-6
0.784, 4.043e-6, 4.346e-6, 3.955e-6, 4.225e-6, 3.525e-6, 3.734e-6, 3.849e-6, 4.003e-6
0.785, 4.090e-6, 4.399e-6, 4.006e-6, 4.277e-6, 3.566e-6, 3.779e-6, 3.893e-6, 4.057e-6
0.786, 4.134e-6, 4.447e-6, 4.048e-6, 4.327e-6, 3.602e-6, 3.820e-6, 3.934e-6, 4.104e-6
0.787, 4.180e-6, 4.498e-6, 4.096e-6, 4.379e-6, 3.639e-6, 3.866e-6, 3.978e-6, 4.156e-6
0.788, 4.224e-6, 4.550e-6, 4.142e-6, 4.431e-6, 3.678e-6, 3.908e-6, 4.019e-6, 4.208e-6
0.789, 4.273e-6, 4.605e-6, 4.191e-6, 4.486e-6, 3.718e-6, 3.954e-6, 4.065e-6, 4.259e-6
0.790, 4.315e-6, 4.653e-6, 4.235e-6, 4.536e-6, 3.753e-6, 3.997e-6, 4.107e-6, 4.309e-6
0.791, 4.362e-6, 4.706e-6, 4.283e-6, 4.590e-6, 3.794e-6, 4.042e-6, 4.152e-6, 4.361e-6
0.792, 4.408e-6, 4.759e-6, 4.330e-6, 4.641e-6, 3.832e-6, 4.086e-6, 4.192e-6, 4.414e-6
0.793, 4.454e-6, 4.812e-6, 4.378e-6, 4.696e-6, 3.870e-6, 4.132e-6, 4.237e-6, 4.467e-6
0.794, 4.498e-6, 4.860e-6, 4.422e-6, 4.746e-6, 3.905e-6, 4.174e-6, 4.276e-6, 4.515e-6
0.795, 4.544e-6, 4.914e-6, 4.469e-6, 4.800e-6, 3.946e-6, 4.219e-6, 4.318e-6, 4.568e-6
0.796, 4.589e-6, 4.965e-6, 4.517e-6, 4.850e-6, 3.984e-6, 4.263e-6, 4.362e-6, 4.621e-6
0.797, 4.634e-6, 5.015e-6, 4.563e-6, 4.903e-6, 4.019e-6, 4.307e-6, 4.403e-6, 4.669e-6
0.798, 4.679e-6, 5.069e-6, 4.611e-6, 4.955e-6, 4.057e-6, 4.351e-6, 4.444e-6, 4.722e-6
0.799, 4.724e-6, 5.119e-6, 4.656e-6, 5.009e-6, 4.096e-6, 4.395e-6, 4.486e-6, 4.775e-6
0.800, 4.769e-6, 5.169e-6, 4.701e-6, 5.058e-6, 4.132e-6, 4.438e-6, 4.526e-6, 4.823e-6
0.801, 4.810e-6, 5.217e-6, 4.744e-6, 5.107e-6, 4.168e-6, 4.480e-6, 4.566e-6, 4.873e-6
0.802, 4.857e-6, 5.270e-6, 4.792e-6, 5.162e-6, 4.206e-6, 4.525e-6, 4.607e-6, 4.927e-6
0.803, 4.897e-6, 5.319e-6, 4.835e-6, 5.210e-6, 4.240e-6, 4.565e-6, 4.644e-6, 4.973e-6
0.804, 4.941e-6, 5.367e-6, 4.880e-6, 5.259e-6, 4.277e-6, 4.607e-6, 4.683e-6, 5.024e-6
0.805, 4.982e-6, 5.416e-6, 4.923e-6, 5.308e-6, 4.312e-6, 4.650e-6, 4.723e-6, 5.073e-6
0.806, 5.025e-6, 5.465e-6, 4.965e-6, 5.357e-6, 4.346e-6, 4.691e-6, 4.760e-6, 5.122e-6
0.807, 5.066e-6, 5.512e-6, 5.007e-6, 5.404e-6, 4.381e-6, 4.730e-6, 4.796e-6, 5.169e-6
0.808, 5.109e-6, 5.561e-6, 5.052e-6, 5.454e-6, 4.416e-6, 4.773e-6, 4.834e-6, 5.220e-6
0.809, 5.148e-6, 5.606e-6, 5.092e-6, 5.500e-6, 4.449e-6, 4.811e-6, 4.869e-6, 5.265e-6
0.810, 5.187e-6, 5.650e-6, 5.130e-6, 5.544e-6, 4.482e-6, 4.849e-6, 4.903e-6, 5.310e-6
0.811, 5.225e-6, 5.695e-6, 5.172e-6, 5.591e-6, 4.514e-6, 4.886e-6, 4.937e-6, 5.355e-6
0.812, 5.263e-6, 5.740e-6, 5.210e-6, 5.635e-6, 4.545e-6, 4.925e-6, 4.971e-6, 5.401e-6
0.813, 5.300e-6, 5.780e-6, 5.246e-6, 5.676e-6, 4.574e-6, 4.960e-6, 5.002e-6, 5.442e-6
0.814, 5.338e-6, 5.823e-6, 5.285e-6, 5.719e-6, 4.604e-6, 4.997e-6, 5.035e-6, 5.486e-6
0.815, 5.376e-6, 5.865e-6, 5.324e-6, 5.762e-6, 4.636e-6, 5.035e-6, 5.067e-6, 5.530e-6
0.816, 5.409e-6, 5.903e-6, 5.357e-6, 5.800e-6, 4.663e-6, 5.066e-6, 5.095e-6, 5.569e-6
0.817, 5.444e-6, 5.944e-6, 5.395e-6, 5.842e-6, 4.694e-6, 5.102e-6, 5.126e-6, 5.611e-6
0.818, 5.479e-6, 5.982e-6, 5.429e-6, 5.880e-6, 4.721e-6, 5.134e-6, 5.154e-6, 5.651e-6
0.819, 5.509e-6, 6.017e-6, 5.458e-6, 5.914e-6, 4.747e-6, 5.162e-6, 5.179e-6, 5.685e-6
0.820, 5.541e-6, 6.051e-6, 5.491e-6, 5.948e-6, 4.772e-6, 5.193e-6, 5.206e-6, 5.722e-6
0.821, 5.574e-6, 6.088e-6, 5.521e-6, 5.984e-6, 4.799e-6, 5.223e-6, 5.232e-6, 5.760e-6
0.822, 5.601e-6, 6.121e-6, 5.553e-6, 6.016e-6, 4.822e-6, 5.252e-6, 5.256e-6, 5.792e-6
0.823, 5.630e-6, 6.149e-6, 5.579e-6, 6.045e-6, 4.843e-6, 5.278e-6, 5.278e-6, 5.824e-6
0.824, 5.657e-6, 6.182e-6, 5.606e-6, 6.075e-6, 4.866e-6, 5.304e-6, 5.301e-6, 5.856e-6
0.825, 5.684e-6, 6.209e-6, 5.634e-6, 6.105e-6, 4.888e-6, 5.330e-6, 5.321e-6, 5.886e-6
0.826, 5.707e-6, 6.236e-6, 5.655e-6, 6.130e-6, 4.908e-6, 5.353e-6, 5.339e-6, 5.912e-6
0.827, 5.730e-6, 6.259e-6, 5.677e-6, 6.154e-6, 4.926e-6, 5.374e-6, 5.357e-6, 5.937e-6
0.828, 5.756e-6, 6.288e-6, 5.702e-6, 6.181e-6, 4.947e-6, 5.398e-6, 5.377e-6, 5.968e-6
0.829, 5.778e-6, 6.310e-6, 5.723e-6, 6.202e-6, 4.964e-6, 5.416e-6, 5.391e-6, 5.992e-6
0.830, 5.798e-6, 6.332e-6, 5.742e-6, 6.221e-6, 4.978e-6, 5.436e-6, 5.405e-6, 6.013e-6
0.831, 5.817e-6, 6.353e-6, 5.761e-6, 6.243e-6, 4.998e-6, 5.454e-6, 5.420e-6, 6.037e-6
0.832, 5.834e-6, 6.369e-6, 5.776e-6, 6.258e-6, 5.009e-6, 5.467e-6, 5.433e-6, 6.054e-6
0.833, 5.853e-6, 6.388e-6, 5.791e-6, 6.275e-6, 5.024e-6, 5.485e-6, 5.442e-6, 6.073e-6
0.834, 5.869e-6, 6.407e-6, 5.808e-6, 6.292e-6, 5.040e-6, 5.501e-6, 5.457e-6, 6.094e-6
0.835, 5.884e-6, 6.421e-6, 5.820e-6, 6.303e-6, 5.048e-6, 5.513e-6, 5.463e-6, 6.109e-6
0.836, 5.899e-6, 6.438e-6, 5.834e-6, 6.318e-6, 5.064e-6, 5.528e-6, 5.476e-6, 6.128e-6
0.837, 5.911e-6, 6.449e-6, 5.844e-6, 6.329e-6, 5.073e-6, 5.537e-6, 5.482e-6, 6.140e-6
0.838, 5.922e-6, 6.459e-6, 5.851e-6, 6.335e-6, 5.082e-6, 5.546e-6, 5.487e-6, 6.151e-6
0.839, 5.932e-6, 6.466e-6, 5.859e-6, 6.343e-6, 5.089e-6, 5.555e-6, 5.492e-6, 6.163e-6
0.840, 5.944e-6, 6.477e-6, 5.867e-6, 6.350e-6, 5.099e-6, 5.566e-6, 5.497e-6, 6.174e-6
0.841, 5.951e-6, 6.485e-6, 5.873e-6, 6.356e-6, 5.105e-6, 5.572e-6, 5.499e-6, 6.183e-6
0.842, 5.961e-6, 6.493e-6, 5.878e-6, 6.361e-6, 5.111e-6, 5.579e-6, 5.502e-6, 6.191e-6
0.843, 5.965e-6, 6.496e-6, 5.879e-6, 6.363e-6, 5.116e-6, 5.583e-6, 5.502e-6, 6.197e-6
0.844, 5.973e-6, 6.504e-6, 5.884e-6, 6.367e-6, 5.123e-6, 5.589e-6, 5.504e-6, 6.206e-6
0.845, 5.971e-6, 6.503e-6, 5.880e-6, 6.362e-6, 5.124e-6, 5.589e-6, 5.503e-6, 6.207e-6
0.846, 5.977e-6, 6.507e-6, 5.880e-6, 6.364e-6, 5.128e-6, 5.594e-6, 5.503e-6, 6.214e-6
0.847, 5.982e-6, 6.511e-6, 5.881e-6, 6.363e-6, 5.132e-6, 5.597e-6, 5.501e-6, 6.218e-6
0.848, 5.980e-6, 6.509e-6, 5.876e-6, 6.359e-6, 5.131e-6, 5.597e-6, 5.496e-6, 6.218e-6
0.849, 5.979e-6, 6.507e-6, 5.872e-6, 6.355e-6, 5.132e-6, 5.597e-6, 5.492e-6, 6.219e-6
0.850, 5.979e-6, 6.505e-6, 5.866e-6, 6.350e-6, 5.130e-6, 5.596e-6, 5.487e-6, 6.218e-6
0.851, 5.977e-6, 6.500e-6, 5.859e-6, 6.340e-6, 5.128e-6, 5.594e-6, 5.480e-6, 6.216e-6
0.852, 5.974e-6, 6.497e-6, 5.851e-6, 6.333e-6, 5.126e-6, 5.590e-6, 5.473e-6, 6.214e-6
0.853, 5.971e-6, 6.493e-6, 5.844e-6, 6.327e-6, 5.126e-6, 5.590e-6, 5.468e-6, 6.214e-6
0.854, 5.965e-6, 6.486e-6, 5.833e-6, 6.315e-6, 5.121e-6, 5.585e-6, 5.457e-6, 6.207e-6
0.855, 5.958e-6, 6.479e-6, 5.820e-6, 6.306e-6, 5.115e-6, 5.579e-6, 5.449e-6, 6.203e-6
0.856, 5.950e-6, 6.471e-6, 5.809e-6, 6.291e-6, 5.108e-6, 5.574e-6, 5.436e-6, 6.196e-6
0.857, 5.943e-6, 6.463e-6, 5.796e-6, 6.282e-6, 5.104e-6, 5.568e-6, 5.428e-6, 6.191e-6
0.858, 5.930e-6, 6.451e-6, 5.778e-6, 6.265e-6, 5.096e-6, 5.560e-6, 5.416e-6, 6.183e-6
0.859, 5.922e-6, 6.440e-6, 5.764e-6, 6.251e-6, 5.088e-6, 5.553e-6, 5.403e-6, 6.173e-6
0.860, 5.909e-6, 6.428e-6, 5.749e-6, 6.235e-6, 5.079e-6, 5.543e-6, 5.389e-6, 6.164e-6
0.861, 5.896e-6, 6.413e-6, 5.731e-6, 6.218e-6, 5.069e-6, 5.532e-6, 5.373e-6, 6.153e-6
0.862, 5.884e-6, 6.400e-6, 5.712e-6, 6.200e-6, 5.059e-6, 5.522e-6, 5.359e-6, 6.142e-6
0.863, 5.868e-6, 6.384e-6, 5.691e-6, 6.180e-6, 5.047e-6, 5.512e-6, 5.343e-6, 6.130e-6
0.864, 5.850e-6, 6.364e-6, 5.669e-6, 6.158e-6, 5.033e-6, 5.497e-6, 5.324e-6, 6.113e-6
0.865, 5.835e-6, 6.349e-6, 5.649e-6, 6.139e-6, 5.022e-6, 5.485e-6, 5.308e-6, 6.101e-6
0.866, 5.819e-6, 6.331e-6, 5.629e-6, 6.117e-6, 5.010e-6, 5.471e-6, 5.292e-6, 6.088e-6
0.867, 5.802e-6, 6.310e-6, 5.604e-6, 6.094e-6, 4.995e-6, 5.457e-6, 5.271e-6, 6.071e-6
0.868, 5.783e-6, 6.293e-6, 5.584e-6, 6.072e-6, 4.981e-6, 5.443e-6, 5.254e-6, 6.056e-6
0.869, 5.765e-6, 6.274e-6, 5.559e-6, 6.048e-6, 4.966e-6, 5.428e-6, 5.236e-6, 6.039e-6
0.870, 5.743e-6, 6.249e-6, 5.533e-6, 6.021e-6, 4.948e-6, 5.408e-6, 5.215e-6, 6.019e-6
0.871, 5.721e-6, 6.227e-6, 5.505e-6, 5.994e-6, 4.930e-6, 5.390e-6, 5.192e-6, 5.999e-6
0.872, 5.701e-6, 6.208e-6, 5.483e-6, 5.970e-6, 4.919e-6, 5.375e-6, 5.175e-6, 5.983e-6
0.873, 5.683e-6, 6.183e-6, 5.457e-6, 5.943e-6, 4.901e-6, 5.357e-6, 5.154e-6, 5.964e-6
0.874, 5.660e-6, 6.158e-6, 5.431e-6, 5.914e-6, 4.881e-6, 5.338e-6, 5.132e-6, 5.941e-6
0.875, 5.636e-6, 6.131e-6, 5.401e-6, 5.884e-6, 4.861e-6, 5.315e-6, 5.109e-6, 5.918e-6
0.876, 5.612e-6, 6.103e-6, 5.375e-6, 5.853e-6, 4.843e-6, 5.296e-6, 5.086e-6, 5.896e-6
0.877, 5.585e-6, 6.074e-6, 5.344e-6, 5.820e-6, 4.821e-6, 5.270e-6, 5.060e-6, 5.869e-6
0.878, 5.557e-6, 6.041e-6, 5.312e-6, 5.785e-6, 4.797e-6, 5.246e-6, 5.034e-6, 5.843e-6
0.879, 5.531e-6, 6.013e-6, 5.281e-6, 5.752e-6, 4.776e-6, 5.221e-6, 5.009e-6, 5.816e-6
0.880, 5.501e-6, 5.979e-6, 5.248e-6, 5.714e-6, 4.751e-6, 5.193e-6, 4.980e-6, 5.784e-6
0.881, 5.474e-6, 5.944e-6, 5.216e-6, 5.678e-6, 4.726e-6, 5.166e-6, 4.953e-6, 5.754e-6
0.882, 5.443e-6, 5.910e-6, 5.183e-6, 5.640e-6, 4.703e-6, 5.136e-6, 4.923e-6, 5.722e-6
0.883, 5.408e-6, 5.869e-6, 5.142e-6, 5.594e-6, 4.672e-6, 5.104e-6, 4.891e-6, 5.685e-6
0.884, 5.373e-6, 5.829e-6, 5.106e-6, 5.554e-6, 4.646e-6, 5.071e-6, 4.859e-6, 5.649e-6
0.885, 5.339e-6, 5.790e-6, 5.068e-6, 5.510e-6, 4.617e-6, 5.036e-6, 4.827e-6, 5.610e-6
0.886, 5.303e-6, 5.746e-6, 5.026e-6, 5.460e-6, 4.584e-6, 4.999e-6, 4.791e-6, 5.569e-6
0.887, 5.265e-6, 5.699e-6, 4.985e-6, 5.413e-6, 4.553e-6, 4.961e-6, 4.755e-6, 5.526e-6
0.888, 5.223e-6, 5.651e-6, 4.940e-6, 5.360e-6, 4.517e-6, 4.920e-6, 4.717e-6, 5.478e-6
0.889, 5.185e-6, 5.605e-6, 4.899e-6, 5.309e-6, 4.484e-6, 4.881e-6, 4.679e-6, 5.433e-6
0.890, 5.140e-6, 5.552e-6, 4.852e-6, 5.255e-6, 4.448e-6, 4.836e-6, 4.638e-6, 5.381e-6
0.891, 5.094e-6, 5.497e-6, 4.803e-6, 5.193e-6, 4.406e-6, 4.787e-6, 4.593e-6, 5.325e-6
0.892, 5.052e-6, 5.446e-6, 4.757e-6, 5.137e-6, 4.370e-6, 4.743e-6, 4.553e-6, 5.272e-6
0.893, 5.000e-6, 5.384e-6, 4.703e-6, 5.073e-6, 4.327e-6, 4.691e-6, 4.505e-6, 5.212e-6
0.894, 4.951e-6, 5.322e-6, 4.649e-6, 5.011e-6, 4.285e-6, 4.639e-6, 4.456e-6, 5.151e-6
0.895, 4.899e-6, 5.259e-6, 4.595e-6, 4.943e-6, 4.241e-6, 4.586e-6, 4.408e-6, 5.088e-6
0.896, 4.845e-6, 5.195e-6, 4.538e-6, 4.874e-6, 4.195e-6, 4.529e-6, 4.357e-6, 5.021e-6
0.897, 4.791e-6, 5.129e-6, 4.481e-6, 4.804e-6, 4.148e-6, 4.473e-6, 4.304e-6, 4.953e-6
0.898, 4.734e-6, 5.063e-6, 4.425e-6, 4.732e-6, 4.103e-6, 4.415e-6, 4.251e-6, 4.884e-6
0.899, 4.678e-6, 4.990e-6, 4.362e-6, 4.658e-6, 4.051e-6, 4.354e-6, 4.195e-6, 4.810e-6
0.900, 4.616e-6, 4.916e-6, 4.299e-6, 4.580e-6, 3.999e-6, 4.291e-6, 4.139e-6, 4.733e-6
