0.104, 1.288e-6, -3.671e-8, -1.325e-6, 1.163e-6, 3.536e-8, -1.128e-6, 1.252e-6, -7.445e-9, -1.259e-6, 1.185e-6, -1.197e-9, -1.187e-6
0.108, 1.372e-6, 4.211e-7, -9.510e-7, 1.250e-6, 4.483e-7, -8.016e-7, 1.342e-6, 4.497e-7, -8.928e-7, 1.269e-6, 4.272e-7, -8.413e-7
0.112, 1.352e-6, 5.673e-7, -7.847e-7, 1.238e-6, 5.765e-7, -6.613e-7, 1.328e-6, 5.934e-7, -7.347e-7, 1.253e-6, 5.618e-7, -6.916e-7
0.116, 1.371e-6, 6.776e-7, -6.935e-7, 1.262e-6, 6.748e-7, -5.873e-7, 1.353e-6, 7.025e-7, -6.503e-7, 1.276e-6, 6.642e-7, -6.115e-7
0.120, 1.417e-6, 7.770e-7, -6.402e-7, 1.311e-6, 7.645e-7, -5.461e-7, 1.404e-6, 8.015e-7, -6.030e-7, 1.323e-6, 7.566e-7, -5.668e-7
0.124, 1.482e-6, 8.733e-7, -6.082e-7, 1.375e-6, 8.520e-7, -5.233e-7, 1.475e-6, 8.979e-7, -5.771e-7, 1.389e-6, 8.474e-7, -5.418e-7
0.128, 1.559e-6, 9.699e-7, -5.895e-7, 1.453e-6, 9.405e-7, -5.123e-7, 1.559e-6, 9.950e-7, -5.644e-7, 1.468e-6, 9.388e-7, -5.292e-7
0.132, 1.649e-6, 1.068e-6, -5.803e-7, 1.540e-6, 1.031e-6, -5.087e-7, 1.655e-6, 1.095e-6, -5.607e-7, 1.557e-6, 1.032e-6, -5.251e-7
0.136, 1.743e-6, 1.168e-6, -5.755e-7, 1.631e-6, 1.122e-6, -5.092e-7, 1.757e-6, 1.195e-6, -5.619e-7, 1.652e-6, 1.126e-6, -5.256e-7
0.140, 1.840e-6, 1.267e-6, -5.732e-7, 1.725e-6, 1.214e-6, -5.111e-7, 1.861e-6, 1.296e-6, -5.654e-7, 1.750e-6, 1.221e-6, -5.287e-7
0.144, 1.939e-6, 1.367e-6, -5.717e-7, 1.820e-6, 1.307e-6, -5.131e-7, 1.967e-6, 1.397e-6, -5.698e-7, 1.849e-6, 1.317e-6, -5.319e-7
0.148, 2.035e-6, 1.466e-6, -5.689e-7, 1.910e-6, 1.397e-6, -5.135e-7, 2.071e-6, 1.498e-6, -5.729e-7, 1.945e-6, 1.411e-6, -5.344e-7
0.152, 2.125e-6, 1.562e-6, -5.627e-7, 1.995e-6, 1.485e-6, -5.102e-7, 2.167e-6, 1.595e-6, -5.722e-7, 2.035e-6, 1.502e-6, -5.332e-7
0.156, 2.207e-6, 1.655e-6, -5.523e-7, 2.072e-6, 1.570e-6, -5.024e-7, 2.256e-6, 1.688e-6, -5.672e-7, 2.119e-6, 1.591e-6, -5.278e-7
0.160, 2.281e-6, 1.744e-6, -5.367e-7, 2.140e-6, 1.651e-6, -4.893e-7, 2.334e-6, 1.778e-6, -5.563e-7, 2.192e-6, 1.675e-6, -5.172e-7
0.164, 2.344e-6, 1.829e-6, -5.152e-7, 2.197e-6, 1.727e-6, -4.701e-7, 2.401e-6, 1.862e-6, -5.390e-7, 2.256e-6, 1.755e-6, -5.011e-7
0.168, 2.395e-6, 1.907e-6, -4.874e-7, 2.242e-6, 1.797e-6, -4.448e-7, 2.455e-6, 1.940e-6, -5.150e-7, 2.306e-6, 1.829e-6, -4.774e-7
0.172, 2.432e-6, 1.979e-6, -4.526e-7, 2.273e-6, 1.861e-6, -4.123e-7, 2.493e-6, 2.010e-6, -4.832e-7, 2.344e-6, 1.896e-6, -4.474e-7
0.176, 2.458e-6, 2.046e-6, -4.117e-7, 2.294e-6, 1.920e-6, -3.738e-7, 2.518e-6, 2.074e-6, -4.440e-7, 2.368e-6, 1.958e-6, -4.102e-7
0.180, 2.470e-6, 2.107e-6, -3.637e-7, 2.301e-6, 1.972e-6, -3.288e-7, 2.530e-6, 2.132e-6, -3.978e-7, 2.380e-6, 2.013e-6, -3.666e-7
0.184, 2.472e-6, 2.161e-6, -3.106e-7, 2.298e-6, 2.019e-6, -2.785e-7, 2.528e-6, 2.183e-6, -3.450e-7, 2.379e-6, 2.063e-6, -3.166e-7
0.188, 2.459e-6, 2.208e-6, -2.513e-7, 2.282e-6, 2.060e-6, -2.228e-7, 2.512e-6, 2.226e-6, -2.860e-7, 2.367e-6, 2.105e-6, -2.613e-7
0.192, 2.439e-6, 2.251e-6, -1.883e-7, 2.258e-6, 2.095e-6, -1.628e-7, 2.486e-6, 2.264e-6, -2.225e-7, 2.343e-6, 2.142e-6, -2.006e-7
0.196, 2.411e-6, 2.289e-6, -1.218e-7, 2.227e-6, 2.127e-6, -1.000e-7, 2.451e-6, 2.296e-6, -1.544e-7, 2.312e-6, 2.175e-6, -1.367e-7
0.200, 2.374e-6, 2.323e-6, -5.149e-8, 2.188e-6, 2.154e-6, -3.405e-8, 2.408e-6, 2.324e-6, -8.344e-8, 2.274e-6, 2.204e-6, -6.970e-8
0.204, 2.331e-6, 2.352e-6, 2.096e-8, 2.143e-6, 2.178e-6, 3.444e-8, 2.357e-6, 2.348e-6, -9.686e-9, 2.228e-6, 2.229e-6, 3.360e-10
0.208, 2.286e-6, 2.380e-6, 9.432e-8, 2.097e-6, 2.200e-6, 1.031e-7, 2.305e-6, 2.370e-6, 6.528e-8, 2.181e-6, 2.252e-6, 7.139e-8
0.212, 2.238e-6, 2.406e-6, 1.677e-7, 2.049e-6, 2.221e-6, 1.719e-7, 2.249e-6, 2.389e-6, 1.401e-7, 2.131e-6, 2.274e-6, 1.425e-7
0.216, 2.187e-6, 2.430e-6, 2.429e-7, 1.998e-6, 2.240e-6, 2.422e-7, 2.191e-6, 2.408e-6, 2.166e-7, 2.079e-6, 2.294e-6, 2.152e-7
0.220, 2.137e-6, 2.454e-6, 3.163e-7, 1.949e-6, 2.259e-6, 3.109e-7, 2.134e-6, 2.425e-6, 2.910e-7, 2.028e-6, 2.314e-6, 2.861e-7
0.224, 2.089e-6, 2.478e-6, 3.889e-7, 1.900e-6, 2.279e-6, 3.789e-7, 2.079e-6, 2.444e-6, 3.646e-7, 1.978e-6, 2.335e-6, 3.566e-7
0.228, 2.041e-6, 2.502e-6, 4.613e-7, 1.854e-6, 2.300e-6, 4.461e-7, 2.025e-6, 2.463e-6, 4.381e-7, 1.930e-6, 2.356e-6, 4.263e-7
0.232, 1.996e-6, 2.528e-6, 5.319e-7, 1.811e-6, 2.323e-6, 5.115e-7, 1.976e-6, 2.485e-6, 5.082e-7, 1.885e-6, 2.380e-6, 4.944e-7
0.236, 1.953e-6, 2.554e-6, 6.015e-7, 1.770e-6, 2.346e-6, 5.758e-7, 1.928e-6, 2.506e-6, 5.779e-7, 1.843e-6, 2.404e-6, 5.613e-7
0.240, 1.913e-6, 2.583e-6, 6.696e-7, 1.732e-6, 2.371e-6, 6.388e-7, 1.885e-6, 2.531e-6, 6.460e-7, 1.804e-6, 2.431e-6, 6.268e-7
0.244, 1.876e-6, 2.612e-6, 7.360e-7, 1.698e-6, 2.398e-6, 7.001e-7, 1.845e-6, 2.557e-6, 7.118e-7, 1.768e-6, 2.459e-6, 6.905e-7
0.248, 1.843e-6, 2.644e-6, 8.007e-7, 1.666e-6, 2.427e-6, 7.610e-7, 1.808e-6, 2.585e-6, 7.767e-7, 1.736e-6, 2.489e-6, 7.533e-7
0.252, 1.812e-6, 2.677e-6, 8.647e-7, 1.638e-6, 2.458e-6, 8.200e-7, 1.775e-6, 2.615e-6, 8.396e-7, 1.706e-6, 2.521e-6, 8.145e-7
0.256, 1.783e-6, 2.711e-6, 9.273e-7, 1.612e-6, 2.490e-6, 8.782e-7, 1.744e-6, 2.646e-6, 9.014e-7, 1.679e-6, 2.554e-6, 8.751e-7
0.260, 1.758e-6, 2.747e-6, 9.887e-7, 1.589e-6, 2.524e-6, 9.352e-7, 1.718e-6, 2.680e-6, 9.618e-7, 1.657e-6, 2.590e-6, 9.338e-7
0.264, 1.735e-6, 2.784e-6, 1.049e-6, 1.569e-6, 2.560e-6, 9.915e-7, 1.694e-6, 2.715e-6, 1.021e-6, 1.635e-6, 2.627e-6, 9.919e-7
0.268, 1.713e-6, 2.822e-6, 1.109e-6, 1.549e-6, 2.597e-6, 1.047e-6, 1.671e-6, 2.751e-6, 1.080e-6, 1.616e-6, 2.665e-6, 1.050e-6
0.272, 1.693e-6, 2.861e-6, 1.167e-6, 1.533e-6, 2.635e-6, 1.102e-6, 1.652e-6, 2.789e-6, 1.137e-6, 1.599e-6, 2.705e-6, 1.106e-6
0.276, 1.675e-6, 2.900e-6, 1.225e-6, 1.517e-6, 2.674e-6, 1.157e-6, 1.634e-6, 2.827e-6, 1.194e-6, 1.583e-6, 2.745e-6, 1.163e-6
0.280, 1.657e-6, 2.939e-6, 1.283e-6, 1.503e-6, 2.714e-6, 1.211e-6, 1.615e-6, 2.866e-6, 1.251e-6, 1.567e-6, 2.786e-6, 1.219e-6
0.284, 1.639e-6, 2.979e-6, 1.340e-6, 1.489e-6, 2.755e-6, 1.265e-6, 1.599e-6, 2.905e-6, 1.306e-6, 1.554e-6, 2.827e-6, 1.274e-6
0.288, 1.623e-6, 3.019e-6, 1.396e-6, 1.476e-6, 2.795e-6, 1.318e-6, 1.583e-6, 2.944e-6, 1.361e-6, 1.541e-6, 2.869e-6, 1.328e-6
0.292, 1.607e-6, 3.057e-6, 1.450e-6, 1.464e-6, 2.835e-6, 1.371e-6, 1.568e-6, 2.983e-6, 1.415e-6, 1.528e-6, 2.910e-6, 1.382e-6
0.296, 1.591e-6, 3.096e-6, 1.505e-6, 1.452e-6, 2.875e-6, 1.423e-6, 1.553e-6, 3.022e-6, 1.469e-6, 1.515e-6, 2.951e-6, 1.436e-6
0.300, 1.573e-6, 3.132e-6, 1.559e-6, 1.438e-6, 2.913e-6, 1.475e-6, 1.537e-6, 3.059e-6, 1.522e-6, 1.501e-6, 2.990e-6, 1.489e-6
0.304, 1.555e-6, 3.167e-6, 1.612e-6, 1.425e-6, 2.952e-6, 1.527e-6, 1.521e-6, 3.095e-6, 1.574e-6, 1.488e-6, 3.029e-6, 1.541e-6
0.308, 1.538e-6, 3.201e-6, 1.663e-6, 1.411e-6, 2.989e-6, 1.578e-6, 1.505e-6, 3.131e-6, 1.625e-6, 1.474e-6, 3.067e-6, 1.593e-6
0.312, 1.520e-6, 3.233e-6, 1.714e-6, 1.397e-6, 3.025e-6, 1.627e-6, 1.489e-6, 3.165e-6, 1.675e-6, 1.460e-6, 3.103e-6, 1.643e-6
0.316, 1.500e-6, 3.263e-6, 1.763e-6, 1.383e-6, 3.059e-6, 1.676e-6, 1.472e-6, 3.196e-6, 1.724e-6, 1.445e-6, 3.138e-6, 1.693e-6
0.320, 1.480e-6, 3.291e-6, 1.811e-6, 1.368e-6, 3.091e-6, 1.723e-6, 1.455e-6, 3.227e-6, 1.772e-6, 1.429e-6, 3.171e-6, 1.742e-6
0.324, 1.460e-6, 3.317e-6, 1.856e-6, 1.352e-6, 3.122e-6, 1.770e-6, 1.436e-6, 3.255e-6, 1.818e-6, 1.414e-6, 3.202e-6, 1.788e-6
0.328, 1.440e-6, 3.340e-6, 1.900e-6, 1.336e-6, 3.151e-6, 1.814e-6, 1.418e-6, 3.282e-6, 1.863e-6, 1.398e-6, 3.232e-6, 1.834e-6
0.332, 1.417e-6, 3.361e-6, 1.943e-6, 1.319e-6, 3.177e-6, 1.858e-6, 1.399e-6, 3.305e-6, 1.907e-6, 1.380e-6, 3.259e-6, 1.878e-6
0.336, 1.396e-6, 3.380e-6, 1.984e-6, 1.301e-6, 3.202e-6, 1.900e-6, 1.380e-6, 3.328e-6, 1.948e-6, 1.363e-6, 3.284e-6, 1.921e-6
0.340, 1.375e-6, 3.396e-6, 2.022e-6, 1.284e-6, 3.224e-6, 1.940e-6, 1.360e-6, 3.348e-6, 1.988e-6, 1.345e-6, 3.307e-6, 1.962e-6
0.344, 1.352e-6, 3.411e-6, 2.059e-6, 1.267e-6, 3.245e-6, 1.978e-6, 1.341e-6, 3.367e-6, 2.026e-6, 1.327e-6, 3.329e-6, 2.002e-6
0.348, 1.331e-6, 3.424e-6, 2.093e-6, 1.249e-6, 3.264e-6, 2.015e-6, 1.322e-6, 3.384e-6, 2.062e-6, 1.309e-6, 3.349e-6, 2.039e-6
0.352, 1.310e-6, 3.435e-6, 2.125e-6, 1.232e-6, 3.281e-6, 2.050e-6, 1.302e-6, 3.399e-6, 2.097e-6, 1.291e-6, 3.367e-6, 2.075e-6
0.356, 1.290e-6, 3.444e-6, 2.155e-6, 1.214e-6, 3.297e-6, 2.083e-6, 1.283e-6, 3.413e-6, 2.129e-6, 1.274e-6, 3.384e-6, 2.109e-6
0.360, 1.270e-6, 3.453e-6, 2.183e-6, 1.197e-6, 3.312e-6, 2.115e-6, 1.265e-6, 3.425e-6, 2.160e-6, 1.257e-6, 3.399e-6, 2.142e-6
0.364, 1.250e-6, 3.460e-6, 2.210e-6, 1.181e-6, 3.325e-6, 2.144e-6, 1.247e-6, 3.437e-6, 2.190e-6, 1.240e-6, 3.413e-6, 2.173e-6
0.368, 1.231e-6, 3.466e-6, 2.235e-6, 1.165e-6, 3.337e-6, 2.172e-6, 1.230e-6, 3.447e-6, 2.217e-6, 1.224e-6, 3.427e-6, 2.202e-6
0.372, 1.215e-6, 3.472e-6, 2.257e-6, 1.151e-6, 3.349e-6, 2.198e-6, 1.214e-6, 3.457e-6, 2.243e-6, 1.209e-6, 3.438e-6, 2.230e-6
0.376, 1.199e-6, 3.477e-6, 2.278e-6, 1.137e-6, 3.359e-6, 2.223e-6, 1.199e-6, 3.466e-6, 2.268e-6, 1.194e-6, 3.450e-6, 2.256e-6
0.380, 1.184e-6, 3.482e-6, 2.298e-6, 1.123e-6, 3.369e-6, 2.246e-6, 1.184e-6, 3.475e-6, 2.291e-6, 1.179e-6, 3.461e-6, 2.281e-6
0.384, 1.170e-6, 3.487e-6, 2.317e-6, 1.111e-6, 3.379e-6, 2.268e-6, 1.170e-6, 3.482e-6, 2.312e-6, 1.167e-6, 3.471e-6, 2.304e-6
0.388, 1.160e-6, 3.493e-6, 2.333e-6, 1.101e-6, 3.389e-6, 2.288e-6, 1.160e-6, 3.492e-6, 2.332e-6, 1.156e-6, 3.483e-6, 2.326e-6
0.392, 1.149e-6, 3.498e-6, 2.349e-6, 1.091e-6, 3.398e-6, 2.307e-6, 1.148e-6, 3.499e-6, 2.351e-6, 1.145e-6, 3.493e-6, 2.348e-6
0.396, 1.138e-6, 3.502e-6, 2.364e-6, 1.081e-6, 3.407e-6, 2.326e-6, 1.137e-6, 3.506e-6, 2.369e-6, 1.135e-6, 3.502e-6, 2.367e-6
0.400, 1.129e-6, 3.507e-6, 2.378e-6, 1.073e-6, 3.416e-6, 2.343e-6, 1.127e-6, 3.514e-6, 2.387e-6, 1.125e-6, 3.511e-6, 2.386e-6
0.404, 1.122e-6, 3.513e-6, 2.390e-6, 1.066e-6, 3.425e-6, 2.359e-6, 1.119e-6, 3.521e-6, 2.402e-6, 1.117e-6, 3.520e-6, 2.403e-6
0.408, 1.116e-6, 3.518e-6, 2.403e-6, 1.059e-6, 3.433e-6, 2.375e-6, 1.110e-6, 3.528e-6, 2.418e-6, 1.109e-6, 3.529e-6, 2.420e-6
0.412, 1.109e-6, 3.524e-6, 2.415e-6, 1.052e-6, 3.442e-6, 2.390e-6, 1.103e-6, 3.535e-6, 2.432e-6, 1.101e-6, 3.538e-6, 2.437e-6
0.416, 1.104e-6, 3.530e-6, 2.426e-6, 1.046e-6, 3.450e-6, 2.404e-6, 1.096e-6, 3.542e-6, 2.446e-6, 1.094e-6, 3.546e-6, 2.452e-6
0.420, 1.099e-6, 3.536e-6, 2.437e-6, 1.041e-6, 3.458e-6, 2.417e-6, 1.089e-6, 3.549e-6, 2.459e-6, 1.087e-6, 3.554e-6, 2.467e-6
0.424, 1.095e-6, 3.542e-6, 2.447e-6, 1.036e-6, 3.467e-6, 2.431e-6, 1.083e-6, 3.555e-6, 2.472e-6, 1.081e-6, 3.562e-6, 2.481e-6
0.428, 1.090e-6, 3.548e-6, 2.458e-6, 1.031e-6, 3.474e-6, 2.443e-6, 1.076e-6, 3.561e-6, 2.485e-6, 1.074e-6, 3.569e-6, 2.495e-6
0.432, 1.085e-6, 3.554e-6, 2.469e-6, 1.026e-6, 3.482e-6, 2.457e-6, 1.069e-6, 3.567e-6, 2.498e-6, 1.067e-6, 3.577e-6, 2.510e-6
0.436, 1.081e-6, 3.559e-6, 2.479e-6, 1.021e-6, 3.489e-6, 2.469e-6, 1.063e-6, 3.573e-6, 2.510e-6, 1.061e-6, 3.583e-6, 2.522e-6
0.440, 1.076e-6, 3.565e-6, 2.489e-6, 1.016e-6, 3.496e-6, 2.481e-6, 1.056e-6, 3.578e-6, 2.521e-6, 1.055e-6, 3.590e-6, 2.535e-6
0.444, 1.071e-6, 3.570e-6, 2.499e-6, 1.010e-6, 3.503e-6, 2.493e-6, 1.050e-6, 3.582e-6, 2.533e-6, 1.048e-6, 3.595e-6, 2.548e-6
0.448, 1.066e-6, 3.575e-6, 2.509e-6, 1.005e-6, 3.509e-6, 2.504e-6, 1.043e-6, 3.587e-6, 2.544e-6, 1.041e-6, 3.601e-6, 2.559e-6
0.452, 1.061e-6, 3.579e-6, 2.519e-6, 9.993e-7, 3.514e-6, 2.515e-6, 1.036e-6, 3.590e-6, 2.555e-6, 1.034e-6, 3.605e-6, 2.571e-6
0.456, 1.055e-6, 3.583e-6, 2.528e-6, 9.935e-7, 3.520e-6, 2.526e-6, 1.029e-6, 3.594e-6, 2.565e-6, 1.027e-6, 3.610e-6, 2.583e-6
0.460, 1.048e-6, 3.586e-6, 2.539e-6, 9.864e-7, 3.524e-6, 2.538e-6, 1.021e-6, 3.596e-6, 2.576e-6, 1.018e-6, 3.612e-6, 2.594e-6
0.464, 1.040e-6, 3.589e-6, 2.549e-6, 9.797e-7, 3.528e-6, 2.548e-6, 1.012e-6, 3.598e-6, 2.586e-6, 1.010e-6, 3.615e-6, 2.605e-6
0.468, 1.033e-6, 3.591e-6, 2.559e-6, 9.722e-7, 3.531e-6, 2.559e-6, 1.004e-6, 3.600e-6, 2.596e-6, 1.002e-6, 3.617e-6, 2.615e-6
0.472, 1.024e-6, 3.593e-6, 2.568e-6, 9.642e-7, 3.534e-6, 2.570e-6, 9.948e-7, 3.600e-6, 2.605e-6, 9.922e-7, 3.619e-6, 2.627e-6
0.476, 1.015e-6, 3.593e-6, 2.578e-6, 9.551e-7, 3.535e-6, 2.580e-6, 9.851e-7, 3.600e-6, 2.615e-6, 9.826e-7, 3.619e-6, 2.637e-6
0.480, 1.006e-6, 3.594e-6, 2.588e-6, 9.461e-7, 3.537e-6, 2.590e-6, 9.746e-7, 3.599e-6, 2.624e-6, 9.721e-7, 3.619e-6, 2.647e-6
0.484, 9.955e-7, 3.593e-6, 2.597e-6, 9.362e-7, 3.537e-6, 2.601e-6, 9.644e-7, 3.598e-6, 2.633e-6, 9.612e-7, 3.618e-6, 2.657e-6
0.488, 9.848e-7, 3.592e-6, 2.607e-6, 9.263e-7, 3.537e-6, 2.611e-6, 9.536e-7, 3.596e-6, 2.642e-6, 9.512e-7, 3.617e-6, 2.666e-6
0.492, 9.733e-7, 3.590e-6, 2.616e-6, 9.159e-7, 3.536e-6, 2.620e-6, 9.419e-7, 3.593e-6, 2.651e-6, 9.393e-7, 3.615e-6, 2.675e-6
0.496, 9.616e-7, 3.587e-6, 2.626e-6, 9.047e-7, 3.535e-6, 2.630e-6, 9.302e-7, 3.589e-6, 2.659e-6, 9.268e-7, 3.611e-6, 2.685e-6
0.500, 9.492e-7, 3.584e-6, 2.635e-6, 8.933e-7, 3.533e-6, 2.640e-6, 9.181e-7, 3.585e-6, 2.667e-6, 9.145e-7, 3.608e-6, 2.693e-6
0.504, 9.363e-7, 3.580e-6, 2.643e-6, 8.810e-7, 3.530e-6, 2.649e-6, 9.053e-7, 3.580e-6, 2.675e-6, 9.013e-7, 3.604e-6, 2.702e-6
0.508, 9.226e-7, 3.575e-6, 2.652e-6, 8.682e-7, 3.526e-6, 2.658e-6, 8.918e-7, 3.574e-6, 2.682e-6, 8.875e-7, 3.598e-6, 2.711e-6
0.512, 9.084e-7, 3.569e-6, 2.661e-6, 8.547e-7, 3.522e-6, 2.667e-6, 8.785e-7, 3.568e-6, 2.690e-6, 8.739e-7, 3.592e-6, 2.718e-6
0.516, 8.946e-7, 3.564e-6, 2.669e-6, 8.416e-7, 3.517e-6, 2.676e-6, 8.645e-7, 3.561e-6, 2.697e-6, 8.597e-7, 3.586e-6, 2.726e-6
0.520, 8.797e-7, 3.557e-6, 2.677e-6, 8.279e-7, 3.512e-6, 2.684e-6, 8.508e-7, 3.554e-6, 2.703e-6, 8.451e-7, 3.578e-6, 2.733e-6
0.524, 8.644e-7, 3.550e-6, 2.686e-6, 8.137e-7, 3.506e-6, 2.692e-6, 8.362e-7, 3.545e-6, 2.709e-6, 8.304e-7, 3.571e-6, 2.740e-6
0.528, 8.486e-7, 3.542e-6, 2.693e-6, 7.990e-7, 3.500e-6, 2.701e-6, 8.214e-7, 3.537e-6, 2.715e-6, 8.152e-7, 3.562e-6, 2.747e-6
0.532, 8.336e-7, 3.534e-6, 2.700e-6, 7.847e-7, 3.493e-6, 2.708e-6, 8.072e-7, 3.528e-6, 2.720e-6, 8.007e-7, 3.553e-6, 2.753e-6
0.536, 8.181e-7, 3.525e-6, 2.707e-6, 7.699e-7, 3.485e-6, 2.715e-6, 7.917e-7, 3.518e-6, 2.726e-6, 7.846e-7, 3.544e-6, 2.759e-6
0.540, 8.015e-7, 3.516e-6, 2.715e-6, 7.541e-7, 3.477e-6, 2.723e-6, 7.761e-7, 3.507e-6, 2.731e-6, 7.692e-7, 3.534e-6, 2.765e-6
0.544, 7.855e-7, 3.506e-6, 2.721e-6, 7.396e-7, 3.469e-6, 2.729e-6, 7.612e-7, 3.497e-6, 2.735e-6, 7.532e-7, 3.523e-6, 2.770e-6
0.548, 7.696e-7, 3.496e-6, 2.726e-6, 7.241e-7, 3.460e-6, 2.736e-6, 7.459e-7, 3.486e-6, 2.740e-6, 7.377e-7, 3.512e-6, 2.775e-6
0.552, 7.537e-7, 3.486e-6, 2.732e-6, 7.084e-7, 3.450e-6, 2.742e-6, 7.307e-7, 3.474e-6, 2.743e-6, 7.224e-7, 3.501e-6, 2.779e-6
0.556, 7.377e-7, 3.475e-6, 2.737e-6, 6.939e-7, 3.441e-6, 2.747e-6, 7.159e-7, 3.462e-6, 2.746e-6, 7.062e-7, 3.489e-6, 2.783e-6
0.560, 7.219e-7, 3.464e-6, 2.742e-6, 6.783e-7, 3.430e-6, 2.752e-6, 7.005e-7, 3.450e-6, 2.749e-6, 6.908e-7, 3.477e-6, 2.786e-6
0.564, 7.062e-7, 3.452e-6, 2.746e-6, 6.633e-7, 3.420e-6, 2.756e-6, 6.855e-7, 3.437e-6, 2.752e-6, 6.751e-7, 3.464e-6, 2.789e-6
0.568, 6.915e-7, 3.441e-6, 2.749e-6, 6.491e-7, 3.409e-6, 2.760e-6, 6.715e-7, 3.425e-6, 2.753e-6, 6.603e-7, 3.451e-6, 2.791e-6
0.572, 6.757e-7, 3.429e-6, 2.753e-6, 6.337e-7, 3.397e-6, 2.764e-6, 6.561e-7, 3.411e-6, 2.755e-6, 6.449e-7, 3.438e-6, 2.793e-6
0.576, 6.608e-7, 3.417e-6, 2.756e-6, 6.185e-7, 3.385e-6, 2.767e-6, 6.420e-7, 3.398e-6, 2.756e-6, 6.301e-7, 3.425e-6, 2.795e-6
0.580, 6.464e-7, 3.404e-6, 2.758e-6, 6.050e-7, 3.374e-6, 2.768e-6, 6.279e-7, 3.384e-6, 2.757e-6, 6.157e-7, 3.411e-6, 2.795e-6
0.584, 6.322e-7, 3.392e-6, 2.760e-6, 5.905e-7, 3.361e-6, 2.770e-6, 6.142e-7, 3.371e-6, 2.757e-6, 6.015e-7, 3.397e-6, 2.795e-6
0.588, 6.174e-7, 3.379e-6, 2.762e-6, 5.765e-7, 3.348e-6, 2.772e-6, 6.007e-7, 3.357e-6, 2.756e-6, 5.868e-7, 3.383e-6, 2.796e-6
0.592, 6.043e-7, 3.367e-6, 2.762e-6, 5.635e-7, 3.336e-6, 2.772e-6, 5.875e-7, 3.343e-6, 2.756e-6, 5.739e-7, 3.369e-6, 2.795e-6
0.596, 5.914e-7, 3.354e-6, 2.763e-6, 5.504e-7, 3.323e-6, 2.772e-6, 5.749e-7, 3.329e-6, 2.754e-6, 5.606e-7, 3.355e-6, 2.794e-6
0.600, 5.783e-7, 3.341e-6, 2.763e-6, 5.375e-7, 3.310e-6, 2.772e-6, 5.625e-7, 3.315e-6, 2.753e-6, 5.479e-7, 3.340e-6, 2.792e-6
0.604, 5.663e-7, 3.328e-6, 2.762e-6, 5.250e-7, 3.296e-6, 2.771e-6, 5.503e-7, 3.301e-6, 2.750e-6, 5.355e-7, 3.326e-6, 2.790e-6
0.608, 5.543e-7, 3.315e-6, 2.761e-6, 5.130e-7, 3.283e-6, 2.770e-6, 5.386e-7, 3.287e-6, 2.748e-6, 5.232e-7, 3.311e-6, 2.788e-6
0.612, 5.424e-7, 3.302e-6, 2.760e-6, 5.012e-7, 3.269e-6, 2.768e-6, 5.278e-7, 3.273e-6, 2.745e-6, 5.115e-7, 3.296e-6, 2.785e-6
0.616, 5.322e-7, 3.290e-6, 2.757e-6, 4.906e-7, 3.255e-6, 2.765e-6, 5.171e-7, 3.259e-6, 2.742e-6, 5.006e-7, 3.282e-6, 2.781e-6
0.620, 5.213e-7, 3.277e-6, 2.755e-6, 4.799e-7, 3.242e-6, 2.762e-6, 5.065e-7, 3.245e-6, 2.738e-6, 4.900e-7, 3.268e-6, 2.778e-6
0.624, 5.110e-7, 3.264e-6, 2.753e-6, 4.696e-7, 3.228e-6, 2.758e-6, 4.971e-7, 3.231e-6, 2.734e-6, 4.800e-7, 3.253e-6, 2.773e-6
0.628, 5.016e-7, 3.251e-6, 2.749e-6, 4.597e-7, 3.214e-6, 2.754e-6, 4.870e-7, 3.217e-6, 2.730e-6, 4.701e-7, 3.239e-6, 2.769e-6
0.632, 4.925e-7, 3.239e-6, 2.746e-6, 4.509e-7, 3.200e-6, 2.750e-6, 4.783e-7, 3.204e-6, 2.725e-6, 4.610e-7, 3.225e-6, 2.764e-6
0.636, 4.838e-7, 3.226e-6, 2.743e-6, 4.417e-7, 3.187e-6, 2.745e-6, 4.695e-7, 3.190e-6, 2.721e-6, 4.514e-7, 3.211e-6, 2.759e-6
0.640, 4.751e-7, 3.214e-6, 2.739e-6, 4.324e-7, 3.173e-6, 2.741e-6, 4.615e-7, 3.177e-6, 2.715e-6, 4.433e-7, 3.197e-6, 2.754e-6
0.644, 4.680e-7, 3.202e-6, 2.734e-6, 4.255e-7, 3.160e-6, 2.735e-6, 4.535e-7, 3.164e-6, 2.710e-6, 4.357e-7, 3.183e-6, 2.748e-6
0.648, 4.604e-7, 3.190e-6, 2.730e-6, 4.173e-7, 3.147e-6, 2.729e-6, 4.463e-7, 3.151e-6, 2.704e-6, 4.281e-7, 3.170e-6, 2.742e-6
0.652, 4.537e-7, 3.179e-6, 2.725e-6, 4.103e-7, 3.134e-6, 2.724e-6, 4.395e-7, 3.138e-6, 2.699e-6, 4.209e-7, 3.157e-6, 2.736e-6
0.656, 4.470e-7, 3.167e-6, 2.720e-6, 4.040e-7, 3.121e-6, 2.717e-6, 4.328e-7, 3.126e-6, 2.693e-6, 4.145e-7, 3.144e-6, 2.730e-6
0.660, 4.410e-7, 3.156e-6, 2.715e-6, 3.975e-7, 3.108e-6, 2.711e-6, 4.271e-7, 3.114e-6, 2.687e-6, 4.081e-7, 3.131e-6, 2.723e-6
0.664, 4.358e-7, 3.145e-6, 2.709e-6, 3.921e-7, 3.096e-6, 2.704e-6, 4.220e-7, 3.103e-6, 2.681e-6, 4.025e-7, 3.119e-6, 2.717e-6
0.668, 4.310e-7, 3.135e-6, 2.704e-6, 3.871e-7, 3.084e-6, 2.697e-6, 4.169e-7, 3.091e-6, 2.674e-6, 3.975e-7, 3.107e-6, 2.710e-6
0.672, 4.265e-7, 3.124e-6, 2.698e-6, 3.824e-7, 3.073e-6, 2.691e-6, 4.123e-7, 3.080e-6, 2.668e-6, 3.925e-7, 3.096e-6, 2.703e-6
0.676, 4.226e-7, 3.115e-6, 2.692e-6, 3.780e-7, 3.062e-6, 2.684e-6, 4.080e-7, 3.070e-6, 2.662e-6, 3.887e-7, 3.085e-6, 2.696e-6
0.680, 4.191e-7, 3.105e-6, 2.686e-6, 3.741e-7, 3.051e-6, 2.677e-6, 4.042e-7, 3.059e-6, 2.655e-6, 3.850e-7, 3.074e-6, 2.689e-6
0.684, 4.158e-7, 3.096e-6, 2.680e-6, 3.707e-7, 3.040e-6, 2.670e-6, 4.013e-7, 3.050e-6, 2.649e-6, 3.814e-7, 3.063e-6, 2.682e-6
0.688, 4.131e-7, 3.087e-6, 2.674e-6, 3.678e-7, 3.030e-6, 2.663e-6, 3.988e-7, 3.041e-6, 2.642e-6, 3.783e-7, 3.053e-6, 2.675e-6
0.692, 4.107e-7, 3.078e-6, 2.668e-6, 3.656e-7, 3.021e-6, 2.655e-6, 3.963e-7, 3.032e-6, 2.636e-6, 3.770e-7, 3.044e-6, 2.667e-6
0.696, 4.090e-7, 3.070e-6, 2.661e-6, 3.641e-7, 3.012e-6, 2.648e-6, 3.948e-7, 3.024e-6, 2.629e-6, 3.745e-7, 3.035e-6, 2.661e-6
0.700, 4.079e-7, 3.063e-6, 2.655e-6, 3.622e-7, 3.003e-6, 2.641e-6, 3.934e-7, 3.016e-6, 2.622e-6, 3.733e-7, 3.027e-6, 2.654e-6
0.704, 4.071e-7, 3.056e-6, 2.649e-6, 3.614e-7, 2.995e-6, 2.634e-6, 3.929e-7, 3.009e-6, 2.616e-6, 3.725e-7, 3.019e-6, 2.647e-6
0.708, 4.068e-7, 3.049e-6, 2.643e-6, 3.616e-7, 2.988e-6, 2.626e-6, 3.933e-7, 3.002e-6, 2.609e-6, 3.724e-7, 3.012e-6, 2.640e-6
0.712, 4.073e-7, 3.044e-6, 2.636e-6, 3.621e-7, 2.981e-6, 2.619e-6, 3.937e-7, 2.997e-6, 2.603e-6, 3.725e-7, 3.005e-6, 2.633e-6
0.716, 4.079e-7, 3.038e-6, 2.630e-6, 3.624e-7, 2.975e-6, 2.612e-6, 3.951e-7, 2.991e-6, 2.596e-6, 3.739e-7, 2.999e-6, 2.625e-6
0.720, 4.099e-7, 3.033e-6, 2.624e-6, 3.644e-7, 2.969e-6, 2.605e-6, 3.966e-7, 2.987e-6, 2.590e-6, 3.754e-7, 2.994e-6, 2.619e-6
0.724, 4.116e-7, 3.029e-6, 2.618e-6, 3.668e-7, 2.965e-6, 2.598e-6, 4.001e-7, 2.983e-6, 2.583e-6, 3.778e-7, 2.989e-6, 2.612e-6
0.728, 4.152e-7, 3.026e-6, 2.611e-6, 3.698e-7, 2.961e-6, 2.591e-6, 4.038e-7, 2.980e-6, 2.577e-6, 3.806e-7, 2.986e-6, 2.605e-6
0.732, 4.183e-7, 3.024e-6, 2.606e-6, 3.736e-7, 2.957e-6, 2.584e-6, 4.071e-7, 2.978e-6, 2.571e-6, 3.844e-7, 2.983e-6, 2.599e-6
0.736, 4.234e-7, 3.023e-6, 2.599e-6, 3.782e-7, 2.955e-6, 2.577e-6, 4.127e-7, 2.977e-6, 2.565e-6, 3.894e-7, 2.981e-6, 2.592e-6
0.740, 4.288e-7, 3.022e-6, 2.593e-6, 3.836e-7, 2.954e-6, 2.571e-6, 4.190e-7, 2.978e-6, 2.559e-6, 3.947e-7, 2.980e-6, 2.586e-6
0.744, 4.360e-7, 3.023e-6, 2.587e-6, 3.906e-7, 2.955e-6, 2.564e-6, 4.268e-7, 2.980e-6, 2.553e-6, 4.022e-7, 2.981e-6, 2.579e-6
0.748, 4.437e-7, 3.025e-6, 2.581e-6, 3.986e-7, 2.956e-6, 2.558e-6, 4.354e-7, 2.982e-6, 2.547e-6, 4.100e-7, 2.983e-6, 2.573e-6
0.752, 4.530e-7, 3.029e-6, 2.576e-6, 4.075e-7, 2.959e-6, 2.552e-6, 4.458e-7, 2.987e-6, 2.541e-6, 4.194e-7, 2.986e-6, 2.567e-6
0.756, 4.634e-7, 3.033e-6, 2.570e-6, 4.184e-7, 2.964e-6, 2.546e-6, 4.571e-7, 2.993e-6, 2.536e-6, 4.301e-7, 2.991e-6, 2.561e-6
0.760, 4.750e-7, 3.040e-6, 2.565e-6, 4.301e-7, 2.970e-6, 2.540e-6, 4.706e-7, 3.001e-6, 2.531e-6, 4.424e-7, 2.997e-6, 2.555e-6
0.764, 4.886e-7, 3.048e-6, 2.560e-6, 4.438e-7, 2.978e-6, 2.534e-6, 4.854e-7, 3.011e-6, 2.526e-6, 4.563e-7, 3.006e-6, 2.549e-6
0.768, 5.042e-7, 3.059e-6, 2.554e-6, 4.590e-7, 2.988e-6, 2.529e-6, 5.029e-7, 3.024e-6, 2.521e-6, 4.720e-7, 3.016e-6, 2.544e-6
0.772, 5.212e-7, 3.071e-6, 2.550e-6, 4.768e-7, 3.001e-6, 2.524e-6, 5.221e-7, 3.038e-6, 2.516e-6, 4.898e-7, 3.029e-6, 2.540e-6
0.776, 5.413e-7, 3.086e-6, 2.545e-6, 4.965e-7, 3.015e-6, 2.519e-6, 5.442e-7, 3.056e-6, 2.512e-6, 5.104e-7, 3.045e-6, 2.535e-6
0.780, 5.627e-7, 3.104e-6, 2.541e-6, 5.183e-7, 3.033e-6, 2.514e-6, 5.686e-7, 3.077e-6, 2.508e-6, 5.323e-7, 3.063e-6, 2.531e-6
0.784, 5.870e-7, 3.125e-6, 2.538e-6, 5.430e-7, 3.053e-6, 2.510e-6, 5.960e-7, 3.101e-6, 2.505e-6, 5.578e-7, 3.085e-6, 2.527e-6
0.788, 6.146e-7, 3.149e-6, 2.534e-6, 5.704e-7, 3.077e-6, 2.507e-6, 6.269e-7, 3.129e-6, 2.502e-6, 5.858e-7, 3.109e-6, 2.524e-6
0.792, 6.441e-7, 3.176e-6, 2.532e-6, 6.005e-7, 3.105e-6, 2.504e-6, 6.604e-7, 3.161e-6, 2.500e-6, 6.168e-7, 3.138e-6, 2.521e-6
0.796, 6.780e-7, 3.208e-6, 2.530e-6, 6.348e-7, 3.137e-6, 2.502e-6, 6.982e-7, 3.197e-6, 2.499e-6, 6.521e-7, 3.171e-6, 2.519e-6
0.800, 7.150e-7, 3.243e-6, 2.528e-6, 6.717e-7, 3.173e-6, 2.501e-6, 7.402e-7, 3.239e-6, 2.498e-6, 6.906e-7, 3.208e-6, 2.518e-6
