0.002, 1.619e-6, -1.201e-6, 1.432e-6, -9.752e-7, 1.523e-6, -1.020e-6, 1.467e-6, -1.028e-6
0.003, 1.410e-6, -8.255e-7, 1.242e-6, -6.962e-7, 1.305e-6, -7.028e-7, 1.263e-6, -6.732e-7
0.004, 1.303e-6, -6.635e-7, 1.156e-6, -5.667e-7, 1.202e-6, -5.678e-7, 1.147e-6, -5.395e-7
0.005, 1.220e-6, -5.602e-7, 1.075e-6, -4.991e-7, 1.136e-6, -4.899e-7, 1.084e-6, -4.603e-7
0.006, 1.175e-6, -4.930e-7, 1.041e-6, -4.469e-7, 1.089e-6, -4.362e-7, 1.042e-6, -4.007e-7
0.007, 1.137e-6, -4.366e-7, 1.007e-6, -3.986e-7, 1.050e-6, -3.988e-7, 1.003e-6, -3.754e-7
0.008, 1.095e-6, -3.980e-7, 9.805e-7, -3.713e-7, 1.042e-6, -3.669e-7, 9.825e-7, -3.389e-7
0.009, 1.075e-6, -3.605e-7, 9.480e-7, -3.345e-7, 1.017e-6, -3.418e-7, 9.655e-7, -3.243e-7
0.010, 1.074e-6, -3.298e-7, 9.380e-7, -3.171e-7, 9.911e-7, -3.161e-7, 9.440e-7, -3.012e-7
0.011, 1.048e-6, -3.087e-7, 9.393e-7, -2.896e-7, 9.730e-7, -2.904e-7, 9.164e-7, -2.843e-7
0.012, 1.030e-6, -2.776e-7, 9.109e-7, -2.674e-7, 9.575e-7, -2.725e-7, 9.091e-7, -2.751e-7
0.013, 1.013e-6, -2.587e-7, 9.022e-7, -2.452e-7, 9.439e-7, -2.554e-7, 8.988e-7, -2.610e-7
0.014, 1.010e-6, -2.365e-7, 8.994e-7, -2.314e-7, 9.314e-7, -2.448e-7, 8.824e-7, -2.515e-7
0.015, 9.920e-7, -2.183e-7, 8.818e-7, -2.181e-7, 9.327e-7, -2.286e-7, 8.769e-7, -2.412e-7
0.016, 9.897e-7, -2.009e-7, 8.777e-7, -2.054e-7, 9.148e-7, -2.189e-7, 8.684e-7, -2.359e-7
0.017, 9.804e-7, -1.937e-7, 8.793e-7, -1.860e-7, 9.196e-7, -1.964e-7, 8.648e-7, -2.208e-7
0.018, 9.674e-7, -1.739e-7, 8.712e-7, -1.763e-7, 9.090e-7, -1.970e-7, 8.488e-7, -2.205e-7
0.019, 9.692e-7, -1.649e-7, 8.540e-7, -1.682e-7, 9.014e-7, -1.810e-7, 8.518e-7, -2.049e-7
0.020, 9.462e-7, -1.464e-7, 8.554e-7, -1.545e-7, 9.013e-7, -1.730e-7, 8.409e-7, -1.992e-7
0.021, 9.510e-7, -1.385e-7, 8.459e-7, -1.447e-7, 8.926e-7, -1.611e-7, 8.467e-7, -1.882e-7
0.022, 9.581e-7, -1.314e-7, 8.448e-7, -1.352e-7, 8.810e-7, -1.493e-7, 8.356e-7, -1.810e-7
0.023, 9.435e-7, -1.261e-7, 8.335e-7, -1.217e-7, 8.780e-7, -1.364e-7, 8.356e-7, -1.738e-7
0.024, 9.418e-7, -1.182e-7, 8.394e-7, -1.269e-7, 8.813e-7, -1.375e-7, 8.261e-7, -1.603e-7
0.025, 9.411e-7, -1.065e-7, 8.381e-7, -1.079e-7, 8.804e-7, -1.338e-7, 8.218e-7, -1.633e-7
0.026, 9.400e-7, -1.027e-7, 8.347e-7, -1.087e-7, 8.659e-7, -1.222e-7, 8.156e-7, -1.556e-7
0.027, 9.461e-7, -9.135e-8, 8.344e-7, -9.880e-8, 8.672e-7, -1.167e-7, 8.107e-7, -1.472e-7
0.028, 9.394e-7, -9.120e-8, 8.402e-7, -9.333e-8, 8.712e-7, -1.131e-7, 8.158e-7, -1.447e-7
0.029, 9.529e-7, -7.731e-8, 8.314e-7, -8.813e-8, 8.549e-7, -1.039e-7, 8.169e-7, -1.433e-7
0.030, 9.363e-7, -7.181e-8, 8.413e-7, -8.466e-8, 8.767e-7, -1.013e-7, 8.063e-7, -1.335e-7
0.031, 9.412e-7, -7.030e-8, 8.404e-7, -8.157e-8, 8.703e-7, -9.433e-8, 7.967e-7, -1.274e-7
0.032, 9.467e-7, -6.305e-8, 8.432e-7, -7.617e-8, 8.712e-7, -9.557e-8, 8.026e-7, -1.253e-7
0.033, 9.405e-7, -6.498e-8, 8.270e-7, -7.228e-8, 8.695e-7, -8.457e-8, 7.980e-7, -1.195e-7
0.034, 9.540e-7, -6.223e-8, 8.373e-7, -6.869e-8, 8.670e-7, -7.915e-8, 8.049e-7, -1.156e-7
0.035, 9.493e-7, -6.198e-8, 8.512e-7, -7.181e-8, 8.732e-7, -7.383e-8, 7.985e-7, -1.107e-7
0.036, 9.619e-7, -5.755e-8, 8.446e-7, -6.669e-8, 8.665e-7, -6.944e-8, 8.010e-7, -1.033e-7
0.037, 9.605e-7, -5.044e-8, 8.640e-7, -5.317e-8, 8.705e-7, -7.531e-8, 7.872e-7, -1.079e-7
0.038, 9.590e-7, -5.037e-8, 8.519e-7, -5.569e-8, 8.709e-7, -7.328e-8, 8.065e-7, -1.044e-7
0.039, 9.748e-7, -4.834e-8, 8.591e-7, -5.312e-8, 8.748e-7, -6.523e-8, 8.058e-7, -9.868e-8
0.040, 9.855e-7, -4.247e-8, 8.627e-7, -5.302e-8, 8.742e-7, -6.434e-8, 7.986e-7, -9.078e-8
0.041, 9.808e-7, -4.901e-8, 8.685e-7, -5.371e-8, 8.866e-7, -6.251e-8, 7.989e-7, -8.642e-8
0.042, 9.849e-7, -4.254e-8, 8.874e-7, -5.121e-8, 8.826e-7, -6.085e-8, 7.875e-7, -8.471e-8
0.043, 9.931e-7, -4.272e-8, 8.800e-7, -5.027e-8, 8.926e-7, -5.686e-8, 8.069e-7, -8.226e-8
0.044, 9.976e-7, -3.814e-8, 8.907e-7, -4.460e-8, 8.994e-7, -5.567e-8, 7.949e-7, -7.738e-8
0.045, 1.012e-6, -3.502e-8, 8.969e-7, -3.833e-8, 9.091e-7, -5.847e-8, 8.122e-7, -7.924e-8
0.046, 1.026e-6, -3.497e-8, 9.204e-7, -3.945e-8, 8.999e-7, -5.052e-8, 7.958e-7, -7.198e-8
0.047, 1.018e-6, -3.036e-8, 9.186e-7, -4.026e-8, 9.265e-7, -5.161e-8, 8.166e-7, -6.691e-8
0.048, 1.052e-6, -3.437e-8, 9.393e-7, -3.759e-8, 9.206e-7, -4.696e-8, 8.087e-7, -7.018e-8
0.049, 1.063e-6, -2.442e-8, 9.399e-7, -3.603e-8, 9.344e-7, -4.874e-8, 8.247e-7, -6.483e-8
0.050, 1.077e-6, -3.554e-8, 9.561e-7, -3.814e-8, 9.386e-7, -4.498e-8, 8.217e-7, -6.059e-8
0.051, 1.095e-6, -2.860e-8, 9.701e-7, -3.967e-8, 9.474e-7, -4.503e-8, 8.321e-7, -6.191e-8
0.052, 1.109e-6, -3.227e-8, 9.782e-7, -3.271e-8, 9.625e-7, -4.453e-8, 8.388e-7, -6.676e-8
0.053, 1.127e-6, -2.977e-8, 1.005e-6, -3.207e-8, 9.736e-7, -4.102e-8, 8.434e-7, -5.797e-8
0.054, 1.147e-6, -2.600e-8, 1.010e-6, -3.150e-8, 9.806e-7, -4.077e-8, 8.533e-7, -5.718e-8
0.055, 1.172e-6, -2.266e-8, 1.020e-6, -2.865e-8, 9.964e-7, -4.488e-8, 8.629e-7, -5.616e-8
0.056, 1.186e-6, -2.429e-8, 1.046e-6, -2.769e-8, 1.012e-6, -3.423e-8, 8.688e-7, -5.921e-8
0.057, 1.200e-6, -2.459e-8, 1.075e-6, -2.786e-8, 1.034e-6, -4.151e-8, 8.643e-7, -4.794e-8
0.058, 1.225e-6, -2.224e-8, 1.083e-6, -2.622e-8, 1.041e-6, -3.891e-8, 8.811e-7, -4.898e-8
0.059, 1.247e-6, -1.610e-8, 1.115e-6, -3.204e-8, 1.063e-6, -3.975e-8, 8.911e-7, -4.626e-8
0.060, 1.272e-6, -1.558e-8, 1.122e-6, -2.291e-8, 1.079e-6, -3.713e-8, 9.110e-7, -4.482e-8
0.061, 1.297e-6, -1.446e-8, 1.151e-6, -2.115e-8, 1.094e-6, -3.170e-8, 9.103e-7, -5.203e-8
0.062, 1.328e-6, -1.838e-8, 1.175e-6, -1.686e-8, 1.113e-6, -3.076e-8, 9.198e-7, -4.742e-8
0.063, 1.346e-6, -1.986e-8, 1.201e-6, -2.192e-8, 1.140e-6, -3.029e-8, 9.368e-7, -4.480e-8
0.064, 1.386e-6, -1.345e-8, 1.225e-6, -2.246e-8, 1.153e-6, -2.906e-8, 9.395e-7, -4.046e-8
0.065, 1.413e-6, -1.389e-8, 1.249e-6, -2.080e-8, 1.173e-6, -2.943e-8, 9.528e-7, -4.281e-8
0.066, 1.437e-6, -1.320e-8, 1.272e-6, -2.033e-8, 1.192e-6, -2.494e-8, 9.880e-7, -3.843e-8
0.067, 1.472e-6, -6.861e-9, 1.305e-6, -2.093e-8, 1.219e-6, -2.943e-8, 9.893e-7, -3.769e-8
0.068, 1.513e-6, -9.808e-9, 1.354e-6, -1.677e-8, 1.233e-6, -2.173e-8, 9.991e-7, -3.789e-8
0.069, 1.541e-6, -1.010e-8, 1.371e-6, -1.461e-8, 1.266e-6, -2.039e-8, 1.025e-6, -3.509e-8
0.070, 1.579e-6, -6.143e-9, 1.411e-6, -1.558e-8, 1.290e-6, -2.019e-8, 1.027e-6, -3.021e-8
0.071, 1.614e-6, -7.777e-9, 1.437e-6, -1.860e-8, 1.313e-6, -1.618e-8, 1.038e-6, -2.548e-8
0.072, 1.656e-6, -6.390e-9, 1.477e-6, -1.681e-8, 1.356e-6, -1.566e-8, 1.061e-6, -2.531e-8
0.073, 1.712e-6, -2.230e-9, 1.505e-6, -1.233e-8, 1.375e-6, -1.970e-8, 1.081e-6, -2.709e-8
0.074, 1.745e-6, 8.896e-10, 1.553e-6, -5.573e-9, 1.408e-6, -1.979e-8, 1.099e-6, -2.974e-8
0.075, 1.797e-6, -3.741e-9, 1.579e-6, -9.411e-9, 1.434e-6, -1.435e-8, 1.112e-6, -2.917e-8
0.076, 1.824e-6, -1.636e-9, 1.618e-6, -1.105e-8, 1.476e-6, -1.846e-8, 1.140e-6, -2.531e-8
0.077, 1.873e-6, -4.211e-9, 1.662e-6, -9.882e-9, 1.508e-6, -1.541e-8, 1.160e-6, -2.412e-8
0.078, 1.921e-6, 1.236e-9, 1.714e-6, -9.238e-9, 1.540e-6, -1.090e-8, 1.180e-6, -2.172e-8
0.079, 1.976e-6, 2.895e-9, 1.764e-6, -5.870e-9, 1.576e-6, -1.905e-8, 1.205e-6, -2.563e-8
0.080, 2.042e-6, -2.657e-11, 1.801e-6, -1.236e-8, 1.622e-6, -1.061e-8, 1.237e-6, -2.105e-8
0.081, 2.080e-6, 7.253e-9, 1.851e-6, -6.687e-9, 1.654e-6, -1.660e-8, 1.256e-6, -2.479e-8
0.082, 2.134e-6, 9.725e-11, 1.882e-6, -3.864e-9, 1.696e-6, -1.142e-8, 1.293e-6, -2.650e-8
0.083, 2.188e-6, 4.183e-9, 1.938e-6, -1.404e-8, 1.751e-6, -1.568e-8, 1.317e-6, -1.689e-8
0.084, 2.259e-6, 4.381e-9, 2.014e-6, -6.068e-9, 1.784e-6, -1.506e-8, 1.336e-6, -2.058e-8
0.085, 2.326e-6, 1.335e-9, 2.058e-6, -8.693e-9, 1.812e-6, -1.130e-8, 1.360e-6, -2.068e-8
0.086, 2.382e-6, 1.052e-8, 2.119e-6, -4.781e-9, 1.876e-6, -1.242e-8, 1.401e-6, -2.234e-8
0.087, 2.440e-6, 1.434e-9, 2.181e-6, -3.642e-9, 1.916e-6, -5.729e-9, 1.430e-6, -1.654e-8
0.088, 2.512e-6, 3.985e-9, 2.222e-6, -4.682e-9, 1.960e-6, -7.190e-9, 1.465e-6, -2.088e-8
0.089, 2.564e-6, 8.541e-9, 2.269e-6, 9.756e-11, 2.022e-6, -1.100e-8, 1.498e-6, -2.137e-8
0.090, 2.636e-6, 6.164e-9, 2.342e-6, -7.851e-9, 2.072e-6, -8.404e-9, 1.535e-6, -1.691e-8
0.091, 2.706e-6, 5.768e-9, 2.401e-6, -1.240e-9, 2.122e-6, -4.962e-9, 1.574e-6, -1.652e-8
0.092, 2.782e-6, 8.318e-9, 2.471e-6, 2.709e-10, 2.174e-6, -7.908e-9, 1.599e-6, -1.620e-8
0.093, 2.859e-6, 5.916e-9, 2.533e-6, -1.933e-9, 2.215e-6, -7.141e-9, 1.644e-6, -1.961e-8
0.094, 2.917e-6, 6.808e-9, 2.607e-6, 2.277e-9, 2.279e-6, -1.396e-9, 1.670e-6, -9.757e-9
0.095, 2.982e-6, 1.119e-8, 2.655e-6, -3.729e-10, 2.338e-6, 8.974e-11, 1.719e-6, -1.298e-8
0.096, 3.057e-6, 1.018e-8, 2.711e-6, -4.720e-10, 2.392e-6, 7.088e-10, 1.763e-6, -1.208e-8
0.097, 3.134e-6, 1.047e-8, 2.804e-6, 2.549e-9, 2.454e-6, -3.773e-9, 1.776e-6, -1.902e-8
0.098, 3.216e-6, 1.097e-8, 2.856e-6, 1.088e-9, 2.497e-6, -5.788e-10, 1.827e-6, -1.372e-8
0.099, 3.279e-6, 1.327e-8, 2.921e-6, 4.951e-9, 2.564e-6, -1.619e-9, 1.874e-6, -7.776e-9
0.100, 3.363e-6, 1.176e-8, 2.987e-6, 6.115e-9, 2.624e-6, 5.562e-9, 1.906e-6, -7.702e-9
0.101, 3.435e-6, 1.978e-8, 3.061e-6, 2.574e-9, 2.685e-6, -1.124e-9, 1.952e-6, -7.132e-9
0.102, 3.511e-6, 1.483e-8, 3.134e-6, 1.183e-8, 2.734e-6, 2.136e-10, 1.980e-6, -8.123e-9
0.103, 3.588e-6, 2.119e-8, 3.207e-6, 1.023e-8, 2.795e-6, 2.937e-9, 2.043e-6, -9.385e-9
0.104, 3.667e-6, 2.211e-8, 3.277e-6, 1.320e-8, 2.861e-6, -1.198e-9, 2.086e-6, -1.204e-8
0.105, 3.757e-6, 2.181e-8, 3.332e-6, 7.402e-9, 2.910e-6, 8.821e-10, 2.129e-6, -6.464e-9
0.106, 3.826e-6, 1.176e-8, 3.418e-6, 7.675e-9, 2.974e-6, 6.330e-9, 2.169e-6, -8.989e-9
0.107, 3.887e-6, 1.887e-8, 3.477e-6, 1.320e-8, 3.041e-6, 1.059e-8, 2.220e-6, -7.974e-9
0.108, 3.971e-6, 2.162e-8, 3.557e-6, 1.354e-8, 3.108e-6, 8.385e-9, 2.257e-6, -7.355e-9
0.109, 4.058e-6, 1.614e-8, 3.618e-6, 7.180e-9, 3.151e-6, 9.326e-9, 2.301e-6, -2.477e-9
0.110, 4.117e-6, 2.117e-8, 3.685e-6, 9.383e-9, 3.220e-6, 6.478e-9, 2.356e-6, -6.166e-9
0.111, 4.201e-6, 2.253e-8, 3.753e-6, 6.684e-9, 3.279e-6, 2.888e-9, 2.392e-6, -4.606e-9
0.112, 4.267e-6, 2.144e-8, 3.816e-6, 1.458e-8, 3.352e-6, 4.869e-9, 2.450e-6, 1.733e-9
0.113, 4.350e-6, 2.387e-8, 3.886e-6, 1.518e-8, 3.402e-6, 9.202e-9, 2.483e-6, -3.963e-9
0.114, 4.418e-6, 1.627e-8, 3.963e-6, 1.035e-8, 3.475e-6, 8.930e-9, 2.527e-6, -3.418e-9
0.115, 4.494e-6, 1.768e-8, 4.026e-6, 1.025e-8, 3.524e-6, 1.383e-8, 2.573e-6, -2.180e-9
0.116, 4.579e-6, 1.986e-8, 4.085e-6, 8.962e-9, 3.567e-6, 1.051e-8, 2.621e-6, -3.715e-9
0.117, 4.641e-6, 2.456e-8, 4.162e-6, 9.334e-9, 3.651e-6, 5.092e-9, 2.673e-6, -6.340e-9
0.118, 4.700e-6, 2.513e-8, 4.230e-6, 1.065e-8, 3.712e-6, 4.349e-9, 2.717e-6, -2.056e-9
0.119, 4.792e-6, 2.256e-8, 4.277e-6, 1.699e-8, 3.750e-6, 6.924e-9, 2.777e-6, -6.984e-9
0.120, 4.855e-6, 1.988e-8, 4.341e-6, 1.607e-8, 3.810e-6, 1.064e-8, 2.816e-6, -7.256e-9
0.121, 4.902e-6, 1.500e-8, 4.420e-6, 1.557e-8, 3.877e-6, 9.970e-9, 2.852e-6, -7.850e-9
0.122, 4.972e-6, 1.542e-8, 4.462e-6, 1.191e-8, 3.932e-6, 1.076e-8, 2.899e-6, -4.086e-9
0.123, 5.036e-6, 2.488e-8, 4.513e-6, 8.740e-9, 3.976e-6, 9.425e-9, 2.948e-6, -5.016e-11
0.124, 5.107e-6, 2.280e-8, 4.584e-6, 8.195e-9, 4.027e-6, 6.305e-9, 2.981e-6, -8.178e-10
0.125, 5.150e-6, 2.823e-8, 4.629e-6, 1.488e-8, 4.082e-6, 5.850e-10, 3.028e-6, -3.096e-9
0.126, 5.203e-6, 2.464e-8, 4.673e-6, 1.300e-8, 4.130e-6, 7.692e-9, 3.058e-6, -2.229e-9
0.127, 5.258e-6, 2.122e-8, 4.734e-6, 1.904e-8, 4.166e-6, 8.856e-9, 3.107e-6, -7.083e-9
0.128, 5.308e-6, 1.760e-8, 4.775e-6, 7.650e-9, 4.204e-6, 7.395e-9, 3.131e-6, 6.184e-10
0.129, 5.354e-6, 2.285e-8, 4.797e-6, 6.734e-9, 4.246e-6, 6.454e-9, 3.181e-6, -1.462e-9
0.130, 5.384e-6, 1.188e-8, 4.848e-6, 9.854e-9, 4.297e-6, 1.584e-8, 3.212e-6, -8.673e-10
0.131, 5.432e-6, 2.063e-8, 4.893e-6, 1.290e-8, 4.329e-6, 6.528e-9, 3.240e-6, -4.978e-9
0.132, 5.473e-6, 2.162e-8, 4.923e-6, 5.941e-9, 4.363e-6, 4.374e-9, 3.282e-6, -1.313e-9
0.133, 5.503e-6, 1.743e-8, 4.953e-6, 7.155e-9, 4.403e-6, 1.252e-8, 3.313e-6, -7.435e-10
0.134, 5.520e-6, 1.193e-8, 4.988e-6, 4.059e-9, 4.432e-6, 1.220e-8, 3.330e-6, 3.664e-9
0.135, 5.551e-6, 1.612e-8, 5.005e-6, 3.317e-9, 4.467e-6, 4.695e-9, 3.365e-6, 4.382e-9
0.136, 5.580e-6, 1.594e-8, 5.035e-6, -2.280e-9, 4.477e-6, 5.215e-9, 3.382e-6, 3.119e-9
0.137, 5.610e-6, 9.977e-9, 5.042e-6, 3.218e-9, 4.493e-6, 4.943e-9, 3.424e-6, -1.883e-9
0.138, 5.609e-6, 1.126e-8, 5.065e-6, 3.193e-9, 4.529e-6, -1.941e-9, 3.432e-6, 1.857e-9
0.139, 5.632e-6, 7.427e-9, 5.072e-6, 7.909e-10, 4.541e-6, -2.411e-9, 3.464e-6, -1.734e-9
0.140, 5.654e-6, 6.337e-9, 5.090e-6, 1.856e-9, 4.547e-6, -8.512e-10, 3.474e-6, -7.504e-9
0.141, 5.646e-6, 1.038e-9, 5.095e-6, -2.701e-9, 4.568e-6, -5.358e-9, 3.491e-6, -9.856e-9
0.142, 5.660e-6, -1.042e-9, 5.097e-6, -3.221e-9, 4.571e-6, 4.022e-11, 3.515e-6, -7.107e-9
0.143, 5.663e-6, -1.204e-8, 5.111e-6, -8.000e-9, 4.584e-6, -1.396e-9, 3.518e-6, -6.191e-9
0.144, 5.654e-6, -1.062e-8, 5.098e-6, -1.476e-8, 4.586e-6, -1.108e-8, 3.539e-6, -9.633e-9
0.145, 5.644e-6, -9.709e-9, 5.102e-6, -1.389e-8, 4.589e-6, -1.048e-8, 3.533e-6, -8.865e-9
0.146, 5.645e-6, -1.137e-8, 5.104e-6, -2.241e-8, 4.588e-6, -1.492e-8, 3.549e-6, -8.618e-9
0.147, 5.629e-6, -1.649e-8, 5.079e-6, -2.107e-8, 4.583e-6, -1.398e-8, 3.549e-6, -8.643e-9
0.148, 5.611e-6, -2.184e-8, 5.072e-6, -2.674e-8, 4.582e-6, -1.970e-8, 3.552e-6, -1.402e-8
0.149, 5.586e-6, -1.890e-8, 5.052e-6, -2.320e-8, 4.574e-6, -2.482e-8, 3.558e-6, -1.815e-8
0.150, 5.567e-6, -2.528e-8, 5.029e-6, -2.979e-8, 4.571e-6, -2.851e-8, 3.561e-6, -1.595e-8
0.151, 5.550e-6, -2.702e-8, 5.015e-6, -3.776e-8, 4.541e-6, -2.633e-8, 3.555e-6, -1.850e-8
0.152, 5.525e-6, -4.059e-8, 4.983e-6, -3.866e-8, 4.517e-6, -2.690e-8, 3.552e-6, -2.033e-8
0.153, 5.495e-6, -4.143e-8, 4.969e-6, -3.732e-8, 4.501e-6, -3.081e-8, 3.527e-6, -2.266e-8
0.154, 5.450e-6, -4.670e-8, 4.945e-6, -4.772e-8, 4.478e-6, -3.312e-8, 3.515e-6, -2.392e-8
0.155, 5.422e-6, -4.693e-8, 4.892e-6, -4.546e-8, 4.462e-6, -3.913e-8, 3.515e-6, -2.179e-8
0.156, 5.393e-6, -5.911e-8, 4.861e-6, -5.250e-8, 4.423e-6, -3.730e-8, 3.504e-6, -2.662e-8
0.157, 5.349e-6, -6.119e-8, 4.840e-6, -5.666e-8, 4.394e-6, -4.602e-8, 3.475e-6, -2.667e-8
0.158, 5.292e-6, -6.017e-8, 4.784e-6, -6.245e-8, 4.376e-6, -4.716e-8, 3.462e-6, -2.669e-8
0.159, 5.245e-6, -6.884e-8, 4.741e-6, -6.532e-8, 4.332e-6, -5.038e-8, 3.452e-6, -3.338e-8
0.160, 5.201e-6, -6.820e-8, 4.699e-6, -7.179e-8, 4.302e-6, -6.092e-8, 3.425e-6, -2.744e-8
0.161, 5.145e-6, -6.835e-8, 4.653e-6, -6.597e-8, 4.260e-6, -5.934e-8, 3.409e-6, -3.821e-8
0.162, 5.084e-6, -7.404e-8, 4.606e-6, -7.686e-8, 4.224e-6, -5.961e-8, 3.372e-6, -4.078e-8
0.163, 5.035e-6, -8.565e-8, 4.564e-6, -8.008e-8, 4.184e-6, -6.142e-8, 3.350e-6, -4.304e-8
0.164, 4.983e-6, -8.818e-8, 4.513e-6, -8.625e-8, 4.144e-6, -6.768e-8, 3.331e-6, -4.440e-8
0.165, 4.932e-6, -8.984e-8, 4.465e-6, -8.580e-8, 4.098e-6, -6.927e-8, 3.297e-6, -4.754e-8
0.166, 4.882e-6, -9.150e-8, 4.411e-6, -9.172e-8, 4.051e-6, -7.222e-8, 3.264e-6, -4.420e-8
0.167, 4.812e-6, -9.506e-8, 4.356e-6, -9.690e-8, 4.012e-6, -8.054e-8, 3.241e-6, -5.099e-8
0.168, 4.759e-6, -9.982e-8, 4.302e-6, -1.011e-7, 3.969e-6, -7.997e-8, 3.207e-6, -4.910e-8
0.169, 4.695e-6, -1.078e-7, 4.248e-6, -1.021e-7, 3.914e-6, -8.356e-8, 3.173e-6, -5.819e-8
0.170, 4.645e-6, -1.094e-7, 4.191e-6, -1.067e-7, 3.867e-6, -8.918e-8, 3.145e-6, -6.121e-8
0.171, 4.581e-6, -1.168e-7, 4.150e-6, -1.103e-7, 3.821e-6, -8.928e-8, 3.102e-6, -5.997e-8
0.172, 4.514e-6, -1.177e-7, 4.088e-6, -1.159e-7, 3.769e-6, -9.817e-8, 3.073e-6, -5.908e-8
0.173, 4.450e-6, -1.254e-7, 4.026e-6, -1.258e-7, 3.727e-6, -9.933e-8, 3.039e-6, -6.366e-8
0.174, 4.380e-6, -1.258e-7, 3.977e-6, -1.293e-7, 3.683e-6, -1.056e-7, 3.001e-6, -6.537e-8
0.175, 4.326e-6, -1.312e-7, 3.927e-6, -1.288e-7, 3.632e-6, -1.071e-7, 2.969e-6, -6.911e-8
0.176, 4.249e-6, -1.387e-7, 3.846e-6, -1.313e-7, 3.601e-6, -1.164e-7, 2.940e-6, -6.914e-8
0.177, 4.211e-6, -1.409e-7, 3.795e-6, -1.370e-7, 3.540e-6, -1.154e-7, 2.900e-6, -7.498e-8
0.178, 4.136e-6, -1.460e-7, 3.755e-6, -1.341e-7, 3.497e-6, -1.193e-7, 2.867e-6, -8.238e-8
0.179, 4.065e-6, -1.536e-7, 3.701e-6, -1.425e-7, 3.455e-6, -1.195e-7, 2.827e-6, -8.595e-8
0.180, 4.014e-6, -1.616e-7, 3.637e-6, -1.451e-7, 3.387e-6, -1.192e-7, 2.794e-6, -8.521e-8
0.181, 3.956e-6, -1.608e-7, 3.592e-6, -1.512e-7, 3.345e-6, -1.294e-7, 2.753e-6, -9.499e-8
0.182, 3.901e-6, -1.578e-7, 3.548e-6, -1.533e-7, 3.299e-6, -1.329e-7, 2.718e-6, -9.103e-8
0.183, 3.835e-6, -1.677e-7, 3.481e-6, -1.600e-7, 3.260e-6, -1.321e-7, 2.695e-6, -9.439e-8
0.184, 3.779e-6, -1.755e-7, 3.440e-6, -1.637e-7, 3.211e-6, -1.392e-7, 2.651e-6, -9.321e-8
0.185, 3.734e-6, -1.756e-7, 3.382e-6, -1.669e-7, 3.173e-6, -1.346e-7, 2.631e-6, -9.618e-8
0.186, 3.680e-6, -1.748e-7, 3.334e-6, -1.648e-7, 3.113e-6, -1.449e-7, 2.589e-6, -1.032e-7
0.187, 3.616e-6, -1.762e-7, 3.284e-6, -1.752e-7, 3.078e-6, -1.523e-7, 2.553e-6, -1.016e-7
0.188, 3.558e-6, -1.842e-7, 3.230e-6, -1.804e-7, 3.029e-6, -1.492e-7, 2.522e-6, -1.042e-7
0.189, 3.497e-6, -1.867e-7, 3.185e-6, -1.795e-7, 2.997e-6, -1.522e-7, 2.496e-6, -1.076e-7
0.190, 3.452e-6, -1.897e-7, 3.142e-6, -1.821e-7, 2.956e-6, -1.558e-7, 2.458e-6, -1.090e-7
0.191, 3.400e-6, -1.969e-7, 3.083e-6, -1.791e-7, 2.909e-6, -1.495e-7, 2.432e-6, -1.119e-7
0.192, 3.352e-6, -1.923e-7, 3.044e-6, -1.877e-7, 2.870e-6, -1.633e-7, 2.398e-6, -1.120e-7
0.193, 3.296e-6, -1.997e-7, 3.000e-6, -1.911e-7, 2.830e-6, -1.578e-7, 2.369e-6, -1.146e-7
0.194, 3.251e-6, -2.008e-7, 2.954e-6, -1.914e-7, 2.798e-6, -1.654e-7, 2.337e-6, -1.195e-7
0.195, 3.197e-6, -2.040e-7, 2.912e-6, -1.994e-7, 2.756e-6, -1.660e-7, 2.317e-6, -1.145e-7
0.196, 3.149e-6, -2.068e-7, 2.860e-6, -1.922e-7, 2.718e-6, -1.685e-7, 2.286e-6, -1.222e-7
0.197, 3.106e-6, -2.109e-7, 2.823e-6, -2.004e-7, 2.671e-6, -1.709e-7, 2.250e-6, -1.161e-7
0.198, 3.057e-6, -2.093e-7, 2.773e-6, -2.010e-7, 2.642e-6, -1.730e-7, 2.225e-6, -1.221e-7
0.199, 3.005e-6, -2.136e-7, 2.745e-6, -2.028e-7, 2.614e-6, -1.785e-7, 2.192e-6, -1.264e-7
0.200, 2.960e-6, -2.165e-7, 2.702e-6, -2.035e-7, 2.573e-6, -1.742e-7, 2.168e-6, -1.283e-7
0.201, 2.927e-6, -2.170e-7, 2.645e-6, -1.981e-7, 2.529e-6, -1.727e-7, 2.156e-6, -1.314e-7
0.202, 2.882e-6, -2.138e-7, 2.626e-6, -2.050e-7, 2.497e-6, -1.827e-7, 2.121e-6, -1.309e-7
0.203, 2.835e-6, -2.187e-7, 2.590e-6, -2.060e-7, 2.470e-6, -1.780e-7, 2.089e-6, -1.317e-7
0.204, 2.806e-6, -2.172e-7, 2.551e-6, -2.153e-7, 2.424e-6, -1.798e-7, 2.062e-6, -1.323e-7
0.205, 2.752e-6, -2.208e-7, 2.507e-6, -2.093e-7, 2.399e-6, -1.852e-7, 2.039e-6, -1.354e-7
0.206, 2.701e-6, -2.282e-7, 2.473e-6, -2.125e-7, 2.363e-6, -1.795e-7, 2.007e-6, -1.357e-7
0.207, 2.672e-6, -2.318e-7, 2.438e-6, -2.174e-7, 2.343e-6, -1.803e-7, 1.986e-6, -1.272e-7
0.208, 2.621e-6, -2.244e-7, 2.415e-6, -2.161e-7, 2.325e-6, -1.863e-7, 1.951e-6, -1.356e-7
0.209, 2.590e-6, -2.316e-7, 2.358e-6, -2.091e-7, 2.282e-6, -1.812e-7, 1.948e-6, -1.429e-7
0.210, 2.569e-6, -2.352e-7, 2.339e-6, -2.215e-7, 2.244e-6, -1.844e-7, 1.915e-6, -1.372e-7
0.211, 2.520e-6, -2.344e-7, 2.308e-6, -2.205e-7, 2.224e-6, -1.879e-7, 1.895e-6, -1.385e-7
0.212, 2.496e-6, -2.326e-7, 2.265e-6, -2.190e-7, 2.183e-6, -1.884e-7, 1.877e-6, -1.400e-7
0.213, 2.465e-6, -2.358e-7, 2.233e-6, -2.212e-7, 2.164e-6, -1.912e-7, 1.857e-6, -1.379e-7
0.214, 2.437e-6, -2.376e-7, 2.207e-6, -2.182e-7, 2.137e-6, -1.930e-7, 1.833e-6, -1.465e-7
0.215, 2.385e-6, -2.366e-7, 2.174e-6, -2.254e-7, 2.119e-6, -1.974e-7, 1.813e-6, -1.475e-7
0.216, 2.362e-6, -2.429e-7, 2.146e-6, -2.260e-7, 2.073e-6, -1.951e-7, 1.792e-6, -1.377e-7
0.217, 2.334e-6, -2.417e-7, 2.118e-6, -2.279e-7, 2.060e-6, -1.989e-7, 1.772e-6, -1.423e-7
0.218, 2.294e-6, -2.394e-7, 2.083e-6, -2.322e-7, 2.032e-6, -1.998e-7, 1.759e-6, -1.449e-7
0.219, 2.246e-6, -2.425e-7, 2.065e-6, -2.300e-7, 2.021e-6, -1.998e-7, 1.725e-6, -1.482e-7
0.220, 2.240e-6, -2.405e-7, 2.037e-6, -2.302e-7, 1.987e-6, -2.033e-7, 1.721e-6, -1.506e-7
0.221, 2.198e-6, -2.435e-7, 2.010e-6, -2.352e-7, 1.960e-6, -2.003e-7, 1.688e-6, -1.490e-7
0.222, 2.178e-6, -2.456e-7, 1.982e-6, -2.342e-7, 1.941e-6, -2.016e-7, 1.680e-6, -1.486e-7
0.223, 2.165e-6, -2.506e-7, 1.964e-6, -2.294e-7, 1.907e-6, -2.038e-7, 1.656e-6, -1.518e-7
0.224, 2.128e-6, -2.529e-7, 1.928e-6, -2.294e-7, 1.887e-6, -2.066e-7, 1.635e-6, -1.531e-7
0.225, 2.083e-6, -2.503e-7, 1.888e-6, -2.370e-7, 1.868e-6, -2.039e-7, 1.629e-6, -1.548e-7
0.226, 2.068e-6, -2.482e-7, 1.882e-6, -2.369e-7, 1.841e-6, -2.054e-7, 1.606e-6, -1.578e-7
0.227, 2.045e-6, -2.529e-7, 1.854e-6, -2.447e-7, 1.824e-6, -2.082e-7, 1.595e-6, -1.514e-7
0.228, 2.007e-6, -2.532e-7, 1.824e-6, -2.434e-7, 1.823e-6, -2.081e-7, 1.579e-6, -1.573e-7
0.229, 1.986e-6, -2.532e-7, 1.816e-6, -2.380e-7, 1.793e-6, -2.120e-7, 1.557e-6, -1.583e-7
0.230, 1.972e-6, -2.540e-7, 1.786e-6, -2.366e-7, 1.765e-6, -2.143e-7, 1.546e-6, -1.588e-7
0.231, 1.940e-6, -2.554e-7, 1.767e-6, -2.400e-7, 1.746e-6, -2.102e-7, 1.530e-6, -1.616e-7
0.232, 1.918e-6, -2.630e-7, 1.754e-6, -2.443e-7, 1.730e-6, -2.093e-7, 1.504e-6, -1.566e-7
0.233, 1.900e-6, -2.514e-7, 1.735e-6, -2.449e-7, 1.709e-6, -2.168e-7, 1.496e-6, -1.603e-7
0.234, 1.885e-6, -2.608e-7, 1.710e-6, -2.463e-7, 1.681e-6, -2.134e-7, 1.470e-6, -1.608e-7
0.235, 1.857e-6, -2.589e-7, 1.692e-6, -2.431e-7, 1.686e-6, -2.124e-7, 1.462e-6, -1.632e-7
0.236, 1.838e-6, -2.557e-7, 1.662e-6, -2.436e-7, 1.658e-6, -2.159e-7, 1.456e-6, -1.669e-7
0.237, 1.803e-6, -2.559e-7, 1.643e-6, -2.447e-7, 1.649e-6, -2.180e-7, 1.445e-6, -1.689e-7
0.238, 1.794e-6, -2.602e-7, 1.639e-6, -2.433e-7, 1.632e-6, -2.171e-7, 1.421e-6, -1.697e-7
0.239, 1.773e-6, -2.671e-7, 1.610e-6, -2.456e-7, 1.610e-6, -2.179e-7, 1.411e-6, -1.709e-7
0.240, 1.756e-6, -2.655e-7, 1.593e-6, -2.553e-7, 1.595e-6, -2.210e-7, 1.400e-6, -1.689e-7
0.241, 1.734e-6, -2.601e-7, 1.574e-6, -2.502e-7, 1.569e-6, -2.260e-7, 1.384e-6, -1.661e-7
0.242, 1.706e-6, -2.664e-7, 1.565e-6, -2.540e-7, 1.568e-6, -2.183e-7, 1.371e-6, -1.646e-7
0.243, 1.693e-6, -2.654e-7, 1.529e-6, -2.519e-7, 1.545e-6, -2.252e-7, 1.365e-6, -1.724e-7
0.244, 1.687e-6, -2.605e-7, 1.533e-6, -2.472e-7, 1.524e-6, -2.266e-7, 1.352e-6, -1.707e-7
0.245, 1.657e-6, -2.615e-7, 1.511e-6, -2.513e-7, 1.528e-6, -2.258e-7, 1.341e-6, -1.724e-7
0.246, 1.650e-6, -2.715e-7, 1.483e-6, -2.510e-7, 1.499e-6, -2.205e-7, 1.336e-6, -1.749e-7
0.247, 1.632e-6, -2.659e-7, 1.487e-6, -2.528e-7, 1.487e-6, -2.280e-7, 1.316e-6, -1.734e-7
0.248, 1.608e-6, -2.637e-7, 1.466e-6, -2.521e-7, 1.481e-6, -2.290e-7, 1.301e-6, -1.764e-7
0.249, 1.587e-6, -2.676e-7, 1.452e-6, -2.543e-7, 1.469e-6, -2.273e-7, 1.286e-6, -1.775e-7
0.250, 1.579e-6, -2.707e-7, 1.433e-6, -2.558e-7, 1.452e-6, -2.259e-7, 1.288e-6, -1.743e-7
0.251, 1.561e-6, -2.686e-7, 1.415e-6, -2.564e-7, 1.436e-6, -2.283e-7, 1.273e-6, -1.740e-7
0.252, 1.555e-6, -2.650e-7, 1.411e-6, -2.597e-7, 1.420e-6, -2.341e-7, 1.258e-6, -1.759e-7
0.253, 1.535e-6, -2.699e-7, 1.401e-6, -2.608e-7, 1.404e-6, -2.296e-7, 1.252e-6, -1.736e-7
0.254, 1.515e-6, -2.694e-7, 1.381e-6, -2.564e-7, 1.407e-6, -2.289e-7, 1.240e-6, -1.773e-7
0.255, 1.507e-6, -2.660e-7, 1.361e-6, -2.570e-7, 1.391e-6, -2.312e-7, 1.238e-6, -1.756e-7
0.256, 1.489e-6, -2.742e-7, 1.361e-6, -2.587e-7, 1.382e-6, -2.276e-7, 1.227e-6, -1.735e-7
0.257, 1.472e-6, -2.740e-7, 1.340e-6, -2.553e-7, 1.370e-6, -2.261e-7, 1.216e-6, -1.813e-7
0.258, 1.461e-6, -2.724e-7, 1.324e-6, -2.533e-7, 1.356e-6, -2.268e-7, 1.202e-6, -1.829e-7
0.259, 1.463e-6, -2.737e-7, 1.317e-6, -2.599e-7, 1.327e-6, -2.316e-7, 1.193e-6, -1.804e-7
0.260, 1.429e-6, -2.697e-7, 1.295e-6, -2.590e-7, 1.335e-6, -2.267e-7, 1.188e-6, -1.844e-7
0.261, 1.421e-6, -2.751e-7, 1.285e-6, -2.641e-7, 1.319e-6, -2.305e-7, 1.180e-6, -1.806e-7
0.262, 1.412e-6, -2.747e-7, 1.280e-6, -2.597e-7, 1.309e-6, -2.287e-7, 1.159e-6, -1.834e-7
0.263, 1.390e-6, -2.777e-7, 1.274e-6, -2.548e-7, 1.297e-6, -2.271e-7, 1.155e-6, -1.846e-7
0.264, 1.395e-6, -2.784e-7, 1.264e-6, -2.594e-7, 1.282e-6, -2.325e-7, 1.145e-6, -1.827e-7
0.265, 1.372e-6, -2.755e-7, 1.245e-6, -2.574e-7, 1.282e-6, -2.301e-7, 1.140e-6, -1.831e-7
0.266, 1.365e-6, -2.746e-7, 1.241e-6, -2.569e-7, 1.268e-6, -2.302e-7, 1.131e-6, -1.819e-7
0.267, 1.353e-6, -2.727e-7, 1.221e-6, -2.630e-7, 1.265e-6, -2.303e-7, 1.125e-6, -1.812e-7
0.268, 1.340e-6, -2.787e-7, 1.214e-6, -2.607e-7, 1.240e-6, -2.307e-7, 1.112e-6, -1.811e-7
0.269, 1.329e-6, -2.747e-7, 1.195e-6, -2.638e-7, 1.231e-6, -2.296e-7, 1.116e-6, -1.811e-7
0.270, 1.326e-6, -2.735e-7, 1.191e-6, -2.607e-7, 1.222e-6, -2.285e-7, 1.104e-6, -1.818e-7
0.271, 1.307e-6, -2.763e-7, 1.182e-6, -2.642e-7, 1.214e-6, -2.337e-7, 1.091e-6, -1.823e-7
0.272, 1.306e-6, -2.785e-7, 1.190e-6, -2.631e-7, 1.208e-6, -2.338e-7, 1.074e-6, -1.890e-7
0.273, 1.291e-6, -2.784e-7, 1.166e-6, -2.615e-7, 1.197e-6, -2.296e-7, 1.069e-6, -1.843e-7
0.274, 1.278e-6, -2.756e-7, 1.154e-6, -2.639e-7, 1.194e-6, -2.366e-7, 1.071e-6, -1.849e-7
0.275, 1.261e-6, -2.707e-7, 1.155e-6, -2.609e-7, 1.189e-6, -2.370e-7, 1.050e-6, -1.919e-7
0.276, 1.261e-6, -2.767e-7, 1.138e-6, -2.595e-7, 1.166e-6, -2.316e-7, 1.045e-6, -1.903e-7
0.277, 1.239e-6, -2.687e-7, 1.126e-6, -2.589e-7, 1.175e-6, -2.361e-7, 1.056e-6, -1.897e-7
0.278, 1.236e-6, -2.763e-7, 1.116e-6, -2.614e-7, 1.163e-6, -2.324e-7, 1.040e-6, -1.893e-7
0.279, 1.224e-6, -2.727e-7, 1.108e-6, -2.607e-7, 1.150e-6, -2.400e-7, 1.020e-6, -1.888e-7
0.280, 1.221e-6, -2.690e-7, 1.095e-6, -2.640e-7, 1.138e-6, -2.373e-7, 1.024e-6, -1.897e-7
0.281, 1.203e-6, -2.773e-7, 1.089e-6, -2.675e-7, 1.127e-6, -2.360e-7, 1.015e-6, -1.834e-7
0.282, 1.204e-6, -2.774e-7, 1.085e-6, -2.661e-7, 1.112e-6, -2.406e-7, 1.002e-6, -1.839e-7
0.283, 1.188e-6, -2.808e-7, 1.071e-6, -2.620e-7, 1.125e-6, -2.340e-7, 1.008e-6, -1.902e-7
0.284, 1.181e-6, -2.863e-7, 1.064e-6, -2.648e-7, 1.112e-6, -2.347e-7, 9.908e-7, -1.884e-7
0.285, 1.170e-6, -2.746e-7, 1.062e-6, -2.702e-7, 1.111e-6, -2.444e-7, 9.924e-7, -1.906e-7
0.286, 1.168e-6, -2.778e-7, 1.052e-6, -2.684e-7, 1.098e-6, -2.417e-7, 9.933e-7, -1.896e-7
0.287, 1.160e-6, -2.829e-7, 1.049e-6, -2.677e-7, 1.098e-6, -2.403e-7, 9.775e-7, -1.935e-7
0.288, 1.159e-6, -2.838e-7, 1.034e-6, -2.677e-7, 1.068e-6, -2.379e-7, 9.805e-7, -1.931e-7
0.289, 1.152e-6, -2.845e-7, 1.023e-6, -2.708e-7, 1.074e-6, -2.374e-7, 9.750e-7, -1.925e-7
0.290, 1.136e-6, -2.810e-7, 1.020e-6, -2.701e-7, 1.070e-6, -2.376e-7, 9.681e-7, -1.961e-7
0.291, 1.119e-6, -2.843e-7, 1.025e-6, -2.711e-7, 1.062e-6, -2.407e-7, 9.656e-7, -1.973e-7
0.292, 1.119e-6, -2.795e-7, 1.012e-6, -2.714e-7, 1.063e-6, -2.473e-7, 9.636e-7, -1.978e-7
0.293, 1.126e-6, -2.801e-7, 1.016e-6, -2.672e-7, 1.042e-6, -2.399e-7, 9.525e-7, -1.971e-7
0.294, 1.115e-6, -2.808e-7, 9.984e-7, -2.710e-7, 1.043e-6, -2.399e-7, 9.589e-7, -1.941e-7
0.295, 1.113e-6, -2.762e-7, 9.925e-7, -2.710e-7, 1.042e-6, -2.451e-7, 9.463e-7, -1.977e-7
0.296, 1.085e-6, -2.762e-7, 9.866e-7, -2.706e-7, 1.050e-6, -2.454e-7, 9.465e-7, -1.985e-7
0.297, 1.087e-6, -2.829e-7, 9.897e-7, -2.692e-7, 1.044e-6, -2.431e-7, 9.359e-7, -1.957e-7
0.298, 1.078e-6, -2.814e-7, 9.748e-7, -2.650e-7, 1.041e-6, -2.428e-7, 9.327e-7, -1.964e-7
0.299, 1.076e-6, -2.828e-7, 9.745e-7, -2.703e-7, 1.026e-6, -2.421e-7, 9.233e-7, -1.942e-7
0.300, 1.073e-6, -2.876e-7, 9.601e-7, -2.689e-7, 1.006e-6, -2.378e-7, 9.200e-7, -1.998e-7
0.301, 1.067e-6, -2.815e-7, 9.590e-7, -2.648e-7, 1.021e-6, -2.423e-7, 9.232e-7, -1.998e-7
0.302, 1.064e-6, -2.808e-7, 9.432e-7, -2.707e-7, 9.992e-7, -2.399e-7, 9.141e-7, -1.981e-7
0.303, 1.049e-6, -2.834e-7, 9.462e-7, -2.748e-7, 1.007e-6, -2.398e-7, 9.081e-7, -1.944e-7
0.304, 1.040e-6, -2.802e-7, 9.394e-7, -2.683e-7, 9.966e-7, -2.396e-7, 9.100e-7, -1.993e-7
0.305, 1.030e-6, -2.776e-7, 9.409e-7, -2.647e-7, 9.952e-7, -2.436e-7, 9.057e-7, -1.972e-7
0.306, 1.030e-6, -2.802e-7, 9.341e-7, -2.692e-7, 9.942e-7, -2.456e-7, 8.922e-7, -1.941e-7
0.307, 1.017e-6, -2.789e-7, 9.249e-7, -2.680e-7, 9.855e-7, -2.379e-7, 8.894e-7, -1.969e-7
0.308, 1.011e-6, -2.839e-7, 9.193e-7, -2.633e-7, 9.698e-7, -2.392e-7, 8.811e-7, -2.025e-7
0.309, 1.011e-6, -2.801e-7, 9.159e-7, -2.660e-7, 9.682e-7, -2.434e-7, 8.803e-7, -2.038e-7
0.310, 1.008e-6, -2.760e-7, 9.134e-7, -2.669e-7, 9.620e-7, -2.446e-7, 8.692e-7, -2.032e-7
0.311, 9.946e-7, -2.831e-7, 9.003e-7, -2.656e-7, 9.662e-7, -2.405e-7, 8.804e-7, -2.042e-7
0.312, 9.932e-7, -2.805e-7, 9.006e-7, -2.744e-7, 9.555e-7, -2.461e-7, 8.641e-7, -1.953e-7
0.313, 9.877e-7, -2.835e-7, 8.986e-7, -2.698e-7, 9.523e-7, -2.409e-7, 8.615e-7, -2.027e-7
0.314, 9.932e-7, -2.787e-7, 9.022e-7, -2.694e-7, 9.448e-7, -2.480e-7, 8.552e-7, -2.017e-7
0.315, 9.819e-7, -2.819e-7, 8.940e-7, -2.720e-7, 9.511e-7, -2.422e-7, 8.494e-7, -2.018e-7
0.316, 9.921e-7, -2.756e-7, 8.866e-7, -2.704e-7, 9.326e-7, -2.457e-7, 8.522e-7, -2.061e-7
0.317, 9.662e-7, -2.816e-7, 8.851e-7, -2.739e-7, 9.363e-7, -2.429e-7, 8.501e-7, -2.046e-7
0.318, 9.878e-7, -2.831e-7, 8.833e-7, -2.738e-7, 9.215e-7, -2.454e-7, 8.396e-7, -2.025e-7
0.319, 9.660e-7, -2.863e-7, 8.756e-7, -2.713e-7, 9.268e-7, -2.434e-7, 8.410e-7, -2.029e-7
0.320, 9.555e-7, -2.872e-7, 8.647e-7, -2.694e-7, 9.249e-7, -2.423e-7, 8.452e-7, -2.048e-7
0.321, 9.545e-7, -2.811e-7, 8.600e-7, -2.747e-7, 9.148e-7, -2.503e-7, 8.417e-7, -2.043e-7
0.322, 9.647e-7, -2.902e-7, 8.653e-7, -2.747e-7, 9.147e-7, -2.406e-7, 8.296e-7, -2.011e-7
0.323, 9.511e-7, -2.892e-7, 8.538e-7, -2.734e-7, 9.050e-7, -2.454e-7, 8.340e-7, -2.047e-7
0.324, 9.519e-7, -2.879e-7, 8.552e-7, -2.722e-7, 9.053e-7, -2.438e-7, 8.317e-7, -2.118e-7
0.325, 9.461e-7, -2.806e-7, 8.521e-7, -2.709e-7, 9.095e-7, -2.461e-7, 8.250e-7, -2.062e-7
0.326, 9.455e-7, -2.880e-7, 8.448e-7, -2.785e-7, 8.968e-7, -2.423e-7, 8.228e-7, -2.020e-7
0.327, 9.365e-7, -2.829e-7, 8.421e-7, -2.730e-7, 9.048e-7, -2.470e-7, 8.242e-7, -2.047e-7
0.328, 9.253e-7, -2.785e-7, 8.364e-7, -2.713e-7, 8.984e-7, -2.472e-7, 8.220e-7, -2.069e-7
0.329, 9.236e-7, -2.825e-7, 8.237e-7, -2.713e-7, 8.945e-7, -2.427e-7, 8.166e-7, -2.059e-7
0.330, 9.228e-7, -2.874e-7, 8.295e-7, -2.753e-7, 8.838e-7, -2.443e-7, 8.160e-7, -2.016e-7
0.331, 9.135e-7, -2.817e-7, 8.248e-7, -2.682e-7, 8.891e-7, -2.421e-7, 8.176e-7, -2.081e-7
0.332, 9.044e-7, -2.853e-7, 8.245e-7, -2.710e-7, 8.855e-7, -2.429e-7, 8.086e-7, -2.053e-7
0.333, 9.106e-7, -2.876e-7, 8.287e-7, -2.717e-7, 8.802e-7, -2.358e-7, 8.031e-7, -2.071e-7
0.334, 9.024e-7, -2.865e-7, 8.184e-7, -2.743e-7, 8.831e-7, -2.456e-7, 7.969e-7, -2.015e-7
0.335, 9.114e-7, -2.878e-7, 8.172e-7, -2.764e-7, 8.582e-7, -2.410e-7, 7.900e-7, -2.008e-7
0.336, 9.010e-7, -2.864e-7, 8.050e-7, -2.729e-7, 8.635e-7, -2.446e-7, 8.000e-7, -2.079e-7
0.337, 8.947e-7, -2.779e-7, 7.984e-7, -2.748e-7, 8.607e-7, -2.501e-7, 7.980e-7, -2.047e-7
0.338, 8.817e-7, -2.852e-7, 8.055e-7, -2.739e-7, 8.692e-7, -2.425e-7, 7.883e-7, -2.058e-7
0.339, 8.870e-7, -2.864e-7, 8.111e-7, -2.787e-7, 8.633e-7, -2.450e-7, 7.818e-7, -2.023e-7
0.340, 8.853e-7, -2.818e-7, 7.900e-7, -2.753e-7, 8.591e-7, -2.400e-7, 7.857e-7, -2.014e-7
0.341, 8.763e-7, -2.825e-7, 7.954e-7, -2.741e-7, 8.603e-7, -2.427e-7, 7.756e-7, -2.042e-7
0.342, 8.701e-7, -2.823e-7, 7.837e-7, -2.714e-7, 8.507e-7, -2.435e-7, 7.742e-7, -2.033e-7
0.343, 8.738e-7, -2.855e-7, 7.771e-7, -2.752e-7, 8.468e-7, -2.447e-7, 7.806e-7, -2.055e-7
0.344, 8.718e-7, -2.851e-7, 7.860e-7, -2.721e-7, 8.472e-7, -2.459e-7, 7.631e-7, -2.098e-7
0.345, 8.579e-7, -2.882e-7, 7.926e-7, -2.767e-7, 8.415e-7, -2.427e-7, 7.633e-7, -2.063e-7
0.346, 8.761e-7, -2.839e-7, 7.721e-7, -2.735e-7, 8.248e-7, -2.445e-7, 7.574e-7, -2.068e-7
0.347, 8.490e-7, -2.837e-7, 7.579e-7, -2.786e-7, 8.414e-7, -2.456e-7, 7.683e-7, -2.048e-7
0.348, 8.539e-7, -2.830e-7, 7.623e-7, -2.712e-7, 8.418e-7, -2.452e-7, 7.647e-7, -2.118e-7
0.349, 8.438e-7, -2.898e-7, 7.619e-7, -2.724e-7, 8.343e-7, -2.432e-7, 7.630e-7, -2.127e-7
0.350, 8.571e-7, -2.861e-7, 7.655e-7, -2.768e-7, 8.215e-7, -2.506e-7, 7.584e-7, -2.079e-7
0.351, 8.456e-7, -2.841e-7, 7.665e-7, -2.717e-7, 8.212e-7, -2.462e-7, 7.457e-7, -2.139e-7
0.352, 8.523e-7, -2.861e-7, 7.662e-7, -2.805e-7, 8.194e-7, -2.465e-7, 7.517e-7, -2.066e-7
0.353, 8.300e-7, -2.869e-7, 7.568e-7, -2.772e-7, 8.335e-7, -2.422e-7, 7.560e-7, -2.050e-7
0.354, 8.503e-7, -2.890e-7, 7.691e-7, -2.786e-7, 8.130e-7, -2.461e-7, 7.447e-7, -2.060e-7
0.355, 8.494e-7, -2.827e-7, 7.524e-7, -2.731e-7, 8.143e-7, -2.482e-7, 7.565e-7, -2.178e-7
0.356, 8.412e-7, -2.870e-7, 7.547e-7, -2.732e-7, 8.199e-7, -2.479e-7, 7.406e-7, -2.133e-7
0.357, 8.318e-7, -2.865e-7, 7.519e-7, -2.794e-7, 8.212e-7, -2.451e-7, 7.469e-7, -2.065e-7
0.358, 8.413e-7, -2.867e-7, 7.556e-7, -2.790e-7, 8.102e-7, -2.462e-7, 7.361e-7, -2.040e-7
0.359, 8.326e-7, -2.819e-7, 7.486e-7, -2.707e-7, 8.029e-7, -2.501e-7, 7.352e-7, -2.127e-7
0.360, 8.348e-7, -2.803e-7, 7.337e-7, -2.756e-7, 8.013e-7, -2.460e-7, 7.627e-7, -2.095e-7
0.361, 8.335e-7, -2.858e-7, 7.509e-7, -2.769e-7, 8.119e-7, -2.467e-7, 7.406e-7, -2.156e-7
0.362, 8.352e-7, -2.851e-7, 7.530e-7, -2.730e-7, 7.984e-7, -2.499e-7, 7.359e-7, -2.127e-7
0.363, 8.318e-7, -2.838e-7, 7.330e-7, -2.759e-7, 7.971e-7, -2.455e-7, 7.397e-7, -2.086e-7
0.364, 8.175e-7, -2.850e-7, 7.392e-7, -2.751e-7, 7.984e-7, -2.460e-7, 7.325e-7, -2.109e-7
0.365, 8.132e-7, -2.914e-7, 7.463e-7, -2.793e-7, 8.022e-7, -2.346e-7, 7.212e-7, -2.058e-7
0.366, 8.192e-7, -2.917e-7, 7.324e-7, -2.708e-7, 7.962e-7, -2.427e-7, 7.357e-7, -2.165e-7
0.367, 8.201e-7, -2.852e-7, 7.266e-7, -2.778e-7, 7.790e-7, -2.400e-7, 7.321e-7, -2.037e-7
0.368, 8.150e-7, -2.883e-7, 7.350e-7, -2.739e-7, 7.930e-7, -2.391e-7, 7.294e-7, -2.086e-7
0.369, 8.030e-7, -2.857e-7, 7.141e-7, -2.717e-7, 7.993e-7, -2.409e-7, 7.318e-7, -2.137e-7
0.370, 8.062e-7, -2.838e-7, 7.367e-7, -2.766e-7, 7.901e-7, -2.442e-7, 7.140e-7, -2.054e-7
0.371, 8.037e-7, -2.831e-7, 7.130e-7, -2.749e-7, 7.921e-7, -2.450e-7, 7.272e-7, -2.097e-7
0.372, 7.999e-7, -2.874e-7, 7.261e-7, -2.692e-7, 7.876e-7, -2.412e-7, 7.173e-7, -2.184e-7
0.373, 7.995e-7, -2.828e-7, 7.163e-7, -2.737e-7, 7.810e-7, -2.442e-7, 7.219e-7, -2.095e-7
0.374, 7.911e-7, -2.815e-7, 7.104e-7, -2.750e-7, 7.806e-7, -2.478e-7, 7.198e-7, -2.104e-7
0.375, 7.971e-7, -2.844e-7, 7.120e-7, -2.759e-7, 7.740e-7, -2.423e-7, 7.125e-7, -2.175e-7
0.376, 7.860e-7, -2.871e-7, 7.093e-7, -2.719e-7, 7.792e-7, -2.436e-7, 7.198e-7, -2.107e-7
0.377, 7.913e-7, -2.839e-7, 7.185e-7, -2.721e-7, 7.737e-7, -2.439e-7, 7.032e-7, -2.162e-7
0.378, 8.011e-7, -2.856e-7, 7.092e-7, -2.763e-7, 7.633e-7, -2.487e-7, 7.135e-7, -2.110e-7
0.379, 7.823e-7, -2.883e-7, 7.188e-7, -2.753e-7, 7.649e-7, -2.419e-7, 7.044e-7, -2.112e-7
0.380, 7.877e-7, -2.890e-7, 7.061e-7, -2.777e-7, 7.568e-7, -2.449e-7, 7.020e-7, -2.069e-7
0.381, 7.861e-7, -2.823e-7, 7.039e-7, -2.778e-7, 7.632e-7, -2.498e-7, 7.020e-7, -2.108e-7
0.382, 7.800e-7, -2.815e-7, 6.969e-7, -2.745e-7, 7.704e-7, -2.473e-7, 7.038e-7, -2.155e-7
0.383, 7.811e-7, -2.834e-7, 6.957e-7, -2.704e-7, 7.603e-7, -2.472e-7, 7.014e-7, -2.184e-7
0.384, 7.754e-7, -2.854e-7, 6.924e-7, -2.725e-7, 7.626e-7, -2.424e-7, 7.025e-7, -2.164e-7
0.385, 7.794e-7, -2.856e-7, 7.012e-7, -2.753e-7, 7.651e-7, -2.482e-7, 6.902e-7, -2.136e-7
0.386, 7.727e-7, -2.821e-7, 6.817e-7, -2.792e-7, 7.568e-7, -2.493e-7, 7.057e-7, -2.127e-7
0.387, 7.717e-7, -2.868e-7, 6.978e-7, -2.749e-7, 7.540e-7, -2.468e-7, 6.909e-7, -2.181e-7
0.388, 7.719e-7, -2.809e-7, 6.848e-7, -2.732e-7, 7.568e-7, -2.484e-7, 6.960e-7, -2.179e-7
0.389, 7.762e-7, -2.830e-7, 6.925e-7, -2.774e-7, 7.576e-7, -2.483e-7, 6.923e-7, -2.155e-7
0.390, 7.756e-7, -2.848e-7, 6.856e-7, -2.775e-7, 7.513e-7, -2.472e-7, 6.923e-7, -2.141e-7
0.391, 7.738e-7, -2.851e-7, 6.858e-7, -2.761e-7, 7.489e-7, -2.495e-7, 6.903e-7, -2.181e-7
0.392, 7.687e-7, -2.864e-7, 6.681e-7, -2.782e-7, 7.466e-7, -2.488e-7, 7.071e-7, -2.162e-7
0.393, 7.544e-7, -2.852e-7, 6.762e-7, -2.802e-7, 7.457e-7, -2.493e-7, 6.917e-7, -2.177e-7
0.394, 7.636e-7, -2.900e-7, 6.920e-7, -2.800e-7, 7.508e-7, -2.434e-7, 6.896e-7, -2.116e-7
0.395, 7.799e-7, -2.839e-7, 6.792e-7, -2.761e-7, 7.454e-7, -2.497e-7, 7.005e-7, -2.172e-7
0.396, 7.611e-7, -2.841e-7, 6.857e-7, -2.742e-7, 7.508e-7, -2.466e-7, 6.901e-7, -2.143e-7
0.397, 7.544e-7, -2.881e-7, 6.789e-7, -2.805e-7, 7.445e-7, -2.449e-7, 6.875e-7, -2.141e-7
0.398, 7.483e-7, -2.890e-7, 6.722e-7, -2.769e-7, 7.523e-7, -2.415e-7, 6.865e-7, -2.165e-7
0.399, 7.494e-7, -2.920e-7, 6.857e-7, -2.809e-7, 7.447e-7, -2.412e-7, 6.871e-7, -2.128e-7
0.400, 7.639e-7, -2.907e-7, 6.734e-7, -2.726e-7, 7.341e-7, -2.439e-7, 6.783e-7, -2.177e-7
0.401, 7.547e-7, -2.836e-7, 6.852e-7, -2.762e-7, 7.409e-7, -2.421e-7, 6.733e-7, -2.167e-7
0.402, 7.424e-7, -2.838e-7, 6.692e-7, -2.769e-7, 7.438e-7, -2.474e-7, 6.845e-7, -2.131e-7
0.403, 7.639e-7, -2.843e-7, 6.883e-7, -2.743e-7, 7.326e-7, -2.461e-7, 6.753e-7, -2.146e-7
0.404, 7.514e-7, -2.838e-7, 6.757e-7, -2.729e-7, 7.313e-7, -2.406e-7, 6.694e-7, -2.165e-7
0.405, 7.521e-7, -2.759e-7, 6.669e-7, -2.747e-7, 7.241e-7, -2.511e-7, 6.776e-7, -2.148e-7
0.406, 7.441e-7, -2.884e-7, 6.673e-7, -2.780e-7, 7.244e-7, -2.409e-7, 6.744e-7, -2.099e-7
0.407, 7.401e-7, -2.839e-7, 6.653e-7, -2.745e-7, 7.275e-7, -2.467e-7, 6.761e-7, -2.155e-7
0.408, 7.314e-7, -2.824e-7, 6.557e-7, -2.764e-7, 7.345e-7, -2.453e-7, 6.715e-7, -2.174e-7
0.409, 7.344e-7, -2.877e-7, 6.588e-7, -2.783e-7, 7.151e-7, -2.436e-7, 6.685e-7, -2.156e-7
0.410, 7.416e-7, -2.837e-7, 6.651e-7, -2.798e-7, 7.160e-7, -2.444e-7, 6.594e-7, -2.129e-7
0.411, 7.366e-7, -2.899e-7, 6.530e-7, -2.767e-7, 7.162e-7, -2.411e-7, 6.663e-7, -2.151e-7
0.412, 7.207e-7, -2.845e-7, 6.482e-7, -2.799e-7, 7.200e-7, -2.434e-7, 6.702e-7, -2.150e-7
0.413, 7.290e-7, -2.826e-7, 6.532e-7, -2.691e-7, 7.148e-7, -2.432e-7, 6.588e-7, -2.163e-7
0.414, 7.342e-7, -2.810e-7, 6.543e-7, -2.781e-7, 7.182e-7, -2.421e-7, 6.639e-7, -2.117e-7
0.415, 7.366e-7, -2.841e-7, 6.582e-7, -2.776e-7, 7.102e-7, -2.454e-7, 6.482e-7, -2.139e-7
0.416, 7.247e-7, -2.867e-7, 6.428e-7, -2.759e-7, 7.180e-7, -2.436e-7, 6.543e-7, -2.170e-7
0.417, 7.337e-7, -2.867e-7, 6.563e-7, -2.727e-7, 7.163e-7, -2.472e-7, 6.602e-7, -2.215e-7
0.418, 7.378e-7, -2.901e-7, 6.500e-7, -2.798e-7, 7.030e-7, -2.444e-7, 6.575e-7, -2.146e-7
0.419, 7.230e-7, -2.821e-7, 6.427e-7, -2.773e-7, 7.065e-7, -2.494e-7, 6.502e-7, -2.199e-7
0.420, 7.242e-7, -2.824e-7, 6.480e-7, -2.790e-7, 7.120e-7, -2.489e-7, 6.533e-7, -2.187e-7
0.421, 7.169e-7, -2.899e-7, 6.388e-7, -2.767e-7, 7.125e-7, -2.454e-7, 6.599e-7, -2.192e-7
0.422, 7.214e-7, -2.842e-7, 6.440e-7, -2.811e-7, 7.084e-7, -2.509e-7, 6.574e-7, -2.176e-7
0.423, 7.342e-7, -2.891e-7, 6.449e-7, -2.790e-7, 7.040e-7, -2.454e-7, 6.564e-7, -2.203e-7
0.424, 7.336e-7, -2.863e-7, 6.465e-7, -2.778e-7, 6.991e-7, -2.446e-7, 6.510e-7, -2.203e-7
0.425, 7.144e-7, -2.880e-7, 6.454e-7, -2.751e-7, 7.123e-7, -2.471e-7, 6.454e-7, -2.171e-7
0.426, 7.218e-7, -2.902e-7, 6.491e-7, -2.813e-7, 7.058e-7, -2.452e-7, 6.541e-7, -2.189e-7
0.427, 7.224e-7, -2.880e-7, 6.425e-7, -2.806e-7, 7.046e-7, -2.447e-7, 6.542e-7, -2.164e-7
0.428, 7.147e-7, -2.831e-7, 6.500e-7, -2.744e-7, 7.150e-7, -2.504e-7, 6.411e-7, -2.197e-7
0.429, 7.088e-7, -2.847e-7, 6.418e-7, -2.764e-7, 7.033e-7, -2.462e-7, 6.457e-7, -2.193e-7
0.430, 7.154e-7, -2.918e-7, 6.389e-7, -2.708e-7, 7.050e-7, -2.389e-7, 6.466e-7, -2.250e-7
0.431, 7.171e-7, -2.846e-7, 6.419e-7, -2.781e-7, 6.968e-7, -2.452e-7, 6.446e-7, -2.147e-7
0.432, 7.110e-7, -2.850e-7, 6.371e-7, -2.775e-7, 7.047e-7, -2.457e-7, 6.471e-7, -2.162e-7
0.433, 7.123e-7, -2.903e-7, 6.311e-7, -2.775e-7, 6.927e-7, -2.396e-7, 6.397e-7, -2.231e-7
0.434, 7.086e-7, -2.859e-7, 6.378e-7, -2.826e-7, 6.980e-7, -2.425e-7, 6.363e-7, -2.122e-7
0.435, 6.949e-7, -2.869e-7, 6.250e-7, -2.738e-7, 7.077e-7, -2.407e-7, 6.445e-7, -2.137e-7
0.436, 6.998e-7, -2.900e-7, 6.262e-7, -2.782e-7, 7.006e-7, -2.409e-7, 6.348e-7, -2.179e-7
0.437, 7.181e-7, -2.852e-7, 6.307e-7, -2.710e-7, 6.836e-7, -2.427e-7, 6.379e-7, -2.252e-7
0.438, 7.008e-7, -2.857e-7, 6.308e-7, -2.820e-7, 6.851e-7, -2.395e-7, 6.273e-7, -2.164e-7
0.439, 6.952e-7, -2.842e-7, 6.310e-7, -2.818e-7, 6.920e-7, -2.466e-7, 6.342e-7, -2.158e-7
0.440, 7.070e-7, -2.865e-7, 6.363e-7, -2.772e-7, 6.732e-7, -2.407e-7, 6.244e-7, -2.182e-7
0.441, 7.030e-7, -2.866e-7, 6.194e-7, -2.775e-7, 6.805e-7, -2.382e-7, 6.297e-7, -2.175e-7
0.442, 6.987e-7, -2.867e-7, 6.319e-7, -2.756e-7, 6.834e-7, -2.425e-7, 6.226e-7, -2.218e-7
0.443, 6.930e-7, -2.872e-7, 6.202e-7, -2.841e-7, 6.893e-7, -2.399e-7, 6.308e-7, -2.141e-7
0.444, 6.924e-7, -2.860e-7, 6.212e-7, -2.859e-7, 6.841e-7, -2.473e-7, 6.323e-7, -2.158e-7
0.445, 6.979e-7, -2.879e-7, 6.313e-7, -2.795e-7, 6.877e-7, -2.454e-7, 6.236e-7, -2.206e-7
0.446, 7.058e-7, -2.773e-7, 6.251e-7, -2.791e-7, 6.778e-7, -2.545e-7, 6.180e-7, -2.202e-7
0.447, 6.924e-7, -2.880e-7, 6.154e-7, -2.816e-7, 6.793e-7, -2.461e-7, 6.386e-7, -2.172e-7
0.448, 6.934e-7, -2.884e-7, 6.222e-7, -2.762e-7, 6.788e-7, -2.456e-7, 6.248e-7, -2.190e-7
0.449, 6.904e-7, -2.848e-7, 6.159e-7, -2.820e-7, 6.800e-7, -2.470e-7, 6.292e-7, -2.226e-7
0.450, 6.944e-7, -2.893e-7, 6.166e-7, -2.769e-7, 6.836e-7, -2.476e-7, 6.299e-7, -2.186e-7
0.451, 6.881e-7, -2.867e-7, 6.194e-7, -2.805e-7, 6.852e-7, -2.462e-7, 6.301e-7, -2.195e-7
0.452, 6.987e-7, -2.849e-7, 6.199e-7, -2.845e-7, 6.783e-7, -2.468e-7, 6.263e-7, -2.151e-7
0.453, 7.012e-7, -2.885e-7, 6.142e-7, -2.810e-7, 6.792e-7, -2.441e-7, 6.264e-7, -2.173e-7
0.454, 7.074e-7, -2.785e-7, 6.190e-7, -2.785e-7, 6.678e-7, -2.515e-7, 6.186e-7, -2.176e-7
0.455, 6.857e-7, -2.905e-7, 6.203e-7, -2.846e-7, 6.826e-7, -2.435e-7, 6.264e-7, -2.199e-7
0.456, 6.761e-7, -2.822e-7, 6.228e-7, -2.851e-7, 6.841e-7, -2.484e-7, 6.110e-7, -2.126e-7
0.457, 6.894e-7, -2.871e-7, 6.122e-7, -2.825e-7, 6.715e-7, -2.474e-7, 6.235e-7, -2.153e-7
0.458, 6.932e-7, -2.874e-7, 6.171e-7, -2.799e-7, 6.662e-7, -2.392e-7, 6.167e-7, -2.141e-7
0.459, 6.950e-7, -2.844e-7, 6.182e-7, -2.832e-7, 6.639e-7, -2.416e-7, 6.141e-7, -2.131e-7
0.460, 6.871e-7, -2.842e-7, 6.122e-7, -2.823e-7, 6.690e-7, -2.450e-7, 6.189e-7, -2.184e-7
0.461, 6.836e-7, -2.857e-7, 6.138e-7, -2.775e-7, 6.731e-7, -2.434e-7, 6.150e-7, -2.180e-7
0.462, 6.779e-7, -2.876e-7, 6.110e-7, -2.826e-7, 6.710e-7, -2.396e-7, 6.076e-7, -2.168e-7
0.463, 6.839e-7, -2.814e-7, 6.079e-7, -2.829e-7, 6.685e-7, -2.496e-7, 6.116e-7, -2.183e-7
0.464, 6.919e-7, -2.875e-7, 6.139e-7, -2.820e-7, 6.645e-7, -2.411e-7, 6.091e-7, -2.111e-7
0.465, 6.830e-7, -2.810e-7, 5.972e-7, -2.774e-7, 6.638e-7, -2.422e-7, 6.306e-7, -2.188e-7
0.466, 6.807e-7, -2.849e-7, 6.056e-7, -2.819e-7, 6.506e-7, -2.442e-7, 6.060e-7, -2.180e-7
0.467, 6.713e-7, -2.839e-7, 6.006e-7, -2.785e-7, 6.681e-7, -2.493e-7, 6.169e-7, -2.196e-7
0.468, 6.726e-7, -2.825e-7, 5.989e-7, -2.751e-7, 6.578e-7, -2.462e-7, 6.087e-7, -2.192e-7
0.469, 6.693e-7, -2.896e-7, 6.084e-7, -2.765e-7, 6.542e-7, -2.396e-7, 5.947e-7, -2.185e-7
0.470, 6.817e-7, -2.824e-7, 6.005e-7, -2.770e-7, 6.530e-7, -2.456e-7, 6.075e-7, -2.239e-7
0.471, 6.774e-7, -2.851e-7, 6.081e-7, -2.788e-7, 6.603e-7, -2.456e-7, 6.048e-7, -2.179e-7
0.472, 6.837e-7, -2.876e-7, 6.031e-7, -2.810e-7, 6.515e-7, -2.448e-7, 5.972e-7, -2.201e-7
0.473, 6.688e-7, -2.851e-7, 6.022e-7, -2.839e-7, 6.555e-7, -2.458e-7, 6.036e-7, -2.124e-7
0.474, 6.750e-7, -2.828e-7, 5.980e-7, -2.823e-7, 6.568e-7, -2.495e-7, 6.138e-7, -2.190e-7
0.475, 6.699e-7, -2.844e-7, 5.939e-7, -2.800e-7, 6.598e-7, -2.456e-7, 6.039e-7, -2.196e-7
0.476, 6.717e-7, -2.865e-7, 6.086e-7, -2.792e-7, 6.563e-7, -2.495e-7, 5.970e-7, -2.242e-7
0.477, 6.743e-7, -2.864e-7, 5.939e-7, -2.829e-7, 6.590e-7, -2.477e-7, 6.101e-7, -2.202e-7
0.478, 6.659e-7, -2.813e-7, 6.006e-7, -2.816e-7, 6.647e-7, -2.461e-7, 6.003e-7, -2.213e-7
0.479, 6.798e-7, -2.856e-7, 6.028e-7, -2.821e-7, 6.506e-7, -2.502e-7, 5.998e-7, -2.208e-7
0.480, 6.776e-7, -2.868e-7, 5.912e-7, -2.802e-7, 6.381e-7, -2.468e-7, 6.083e-7, -2.203e-7
0.481, 6.735e-7, -2.880e-7, 5.966e-7, -2.813e-7, 6.591e-7, -2.472e-7, 6.045e-7, -2.186e-7
0.482, 6.659e-7, -2.836e-7, 5.985e-7, -2.810e-7, 6.528e-7, -2.512e-7, 6.034e-7, -2.186e-7
0.483, 6.775e-7, -2.839e-7, 5.920e-7, -2.715e-7, 6.464e-7, -2.437e-7, 6.010e-7, -2.212e-7
0.484, 6.630e-7, -2.855e-7, 6.054e-7, -2.782e-7, 6.527e-7, -2.495e-7, 5.964e-7, -2.211e-7
0.485, 6.655e-7, -2.861e-7, 5.929e-7, -2.788e-7, 6.456e-7, -2.413e-7, 6.017e-7, -2.166e-7
0.486, 6.633e-7, -2.838e-7, 5.972e-7, -2.784e-7, 6.566e-7, -2.495e-7, 6.055e-7, -2.193e-7
0.487, 6.657e-7, -2.923e-7, 6.001e-7, -2.762e-7, 6.410e-7, -2.388e-7, 5.988e-7, -2.202e-7
0.488, 6.633e-7, -2.850e-7, 5.929e-7, -2.803e-7, 6.515e-7, -2.362e-7, 5.979e-7, -2.204e-7
0.489, 6.637e-7, -2.832e-7, 5.988e-7, -2.785e-7, 6.376e-7, -2.448e-7, 5.891e-7, -2.177e-7
0.490, 6.552e-7, -2.848e-7, 5.905e-7, -2.771e-7, 6.483e-7, -2.404e-7, 5.958e-7, -2.210e-7
0.491, 6.533e-7, -2.819e-7, 5.891e-7, -2.822e-7, 6.451e-7, -2.468e-7, 5.957e-7, -2.136e-7
0.492, 6.573e-7, -2.818e-7, 5.953e-7, -2.826e-7, 6.503e-7, -2.450e-7, 5.933e-7, -2.184e-7
0.493, 6.581e-7, -2.890e-7, 5.943e-7, -2.815e-7, 6.379e-7, -2.454e-7, 5.875e-7, -2.109e-7
0.494, 6.548e-7, -2.880e-7, 5.899e-7, -2.836e-7, 6.347e-7, -2.431e-7, 5.821e-7, -2.184e-7
0.495, 6.579e-7, -2.888e-7, 5.855e-7, -2.852e-7, 6.318e-7, -2.418e-7, 5.927e-7, -2.181e-7
0.496, 6.624e-7, -2.865e-7, 5.896e-7, -2.806e-7, 6.376e-7, -2.462e-7, 5.894e-7, -2.223e-7
0.497, 6.608e-7, -2.827e-7, 5.903e-7, -2.856e-7, 6.374e-7, -2.510e-7, 5.919e-7, -2.163e-7
0.498, 6.577e-7, -2.862e-7, 5.860e-7, -2.786e-7, 6.393e-7, -2.465e-7, 5.882e-7, -2.231e-7
0.499, 6.517e-7, -2.917e-7, 5.899e-7, -2.832e-7, 6.468e-7, -2.467e-7, 5.837e-7, -2.197e-7
0.500, 6.536e-7, -2.873e-7, 5.749e-7, -2.832e-7, 6.296e-7, -2.457e-7, 5.974e-7, -2.232e-7
0.501, 6.586e-7, -2.874e-7, 5.873e-7, -2.822e-7, 6.351e-7, -2.479e-7, 5.817e-7, -2.238e-7
0.502, 6.566e-7, -2.891e-7, 5.913e-7, -2.819e-7, 6.446e-7, -2.460e-7, 5.971e-7, -2.254e-7
0.503, 6.457e-7, -2.860e-7, 5.790e-7, -2.832e-7, 6.455e-7, -2.512e-7, 5.905e-7, -2.200e-7
0.504, 6.604e-7, -2.853e-7, 5.854e-7, -2.851e-7, 6.347e-7, -2.468e-7, 5.843e-7, -2.184e-7
0.505, 6.542e-7, -2.941e-7, 5.844e-7, -2.816e-7, 6.385e-7, -2.430e-7, 5.865e-7, -2.201e-7
0.506, 6.593e-7, -2.843e-7, 5.827e-7, -2.802e-7, 6.368e-7, -2.486e-7, 5.892e-7, -2.200e-7
0.507, 6.518e-7, -2.908e-7, 5.865e-7, -2.761e-7, 6.408e-7, -2.446e-7, 5.802e-7, -2.287e-7
0.508, 6.589e-7, -2.904e-7, 5.851e-7, -2.858e-7, 6.406e-7, -2.444e-7, 5.845e-7, -2.171e-7
0.509, 6.566e-7, -2.896e-7, 5.859e-7, -2.747e-7, 6.342e-7, -2.438e-7, 5.818e-7, -2.269e-7
0.510, 6.659e-7, -2.877e-7, 5.833e-7, -2.788e-7, 6.281e-7, -2.415e-7, 5.879e-7, -2.231e-7
0.511, 6.474e-7, -2.847e-7, 5.864e-7, -2.759e-7, 6.336e-7, -2.450e-7, 5.851e-7, -2.229e-7
0.512, 6.498e-7, -2.876e-7, 5.828e-7, -2.810e-7, 6.326e-7, -2.449e-7, 5.816e-7, -2.158e-7
0.513, 6.564e-7, -2.828e-7, 5.867e-7, -2.844e-7, 6.228e-7, -2.482e-7, 5.809e-7, -2.199e-7
0.514, 6.560e-7, -2.784e-7, 5.830e-7, -2.819e-7, 6.313e-7, -2.534e-7, 5.841e-7, -2.156e-7
0.515, 6.469e-7, -2.881e-7, 5.793e-7, -2.760e-7, 6.332e-7, -2.417e-7, 5.841e-7, -2.217e-7
0.516, 6.450e-7, -2.861e-7, 5.730e-7, -2.845e-7, 6.399e-7, -2.462e-7, 5.833e-7, -2.192e-7
0.517, 6.542e-7, -2.802e-7, 5.864e-7, -2.839e-7, 6.361e-7, -2.492e-7, 5.686e-7, -2.135e-7
0.518, 6.522e-7, -2.889e-7, 5.789e-7, -2.772e-7, 6.301e-7, -2.424e-7, 5.748e-7, -2.159e-7
0.519, 6.545e-7, -2.881e-7, 5.775e-7, -2.806e-7, 6.197e-7, -2.436e-7, 5.768e-7, -2.179e-7
0.520, 6.469e-7, -2.857e-7, 5.783e-7, -2.802e-7, 6.188e-7, -2.450e-7, 5.735e-7, -2.157e-7
0.521, 6.408e-7, -2.842e-7, 5.749e-7, -2.811e-7, 6.365e-7, -2.459e-7, 5.829e-7, -2.184e-7
0.522, 6.425e-7, -2.851e-7, 5.746e-7, -2.784e-7, 6.334e-7, -2.455e-7, 5.728e-7, -2.196e-7
0.523, 6.552e-7, -2.895e-7, 5.690e-7, -2.831e-7, 6.167e-7, -2.430e-7, 5.727e-7, -2.187e-7
0.524, 6.353e-7, -2.831e-7, 5.803e-7, -2.803e-7, 6.309e-7, -2.471e-7, 5.734e-7, -2.182e-7
0.525, 6.559e-7, -2.921e-7, 5.740e-7, -2.810e-7, 6.177e-7, -2.421e-7, 5.796e-7, -2.206e-7
0.526, 6.354e-7, -2.909e-7, 5.724e-7, -2.858e-7, 6.269e-7, -2.459e-7, 5.749e-7, -2.156e-7
0.527, 6.468e-7, -2.865e-7, 5.739e-7, -2.771e-7, 6.238e-7, -2.453e-7, 5.739e-7, -2.196e-7
0.528, 6.443e-7, -2.910e-7, 5.769e-7, -2.808e-7, 6.195e-7, -2.487e-7, 5.666e-7, -2.220e-7
0.529, 6.353e-7, -2.863e-7, 5.766e-7, -2.781e-7, 6.282e-7, -2.504e-7, 5.695e-7, -2.223e-7
0.530, 6.395e-7, -2.902e-7, 5.799e-7, -2.801e-7, 6.319e-7, -2.455e-7, 5.698e-7, -2.245e-7
0.531, 6.506e-7, -2.953e-7, 5.730e-7, -2.795e-7, 6.217e-7, -2.480e-7, 5.812e-7, -2.266e-7
0.532, 6.419e-7, -2.890e-7, 5.670e-7, -2.862e-7, 6.168e-7, -2.501e-7, 5.761e-7, -2.206e-7
0.533, 6.467e-7, -2.949e-7, 5.793e-7, -2.818e-7, 6.223e-7, -2.435e-7, 5.688e-7, -2.225e-7
0.534, 6.433e-7, -2.908e-7, 5.785e-7, -2.826e-7, 6.168e-7, -2.495e-7, 5.761e-7, -2.233e-7
0.535, 6.489e-7, -2.896e-7, 5.754e-7, -2.816e-7, 6.220e-7, -2.466e-7, 5.838e-7, -2.244e-7
0.536, 6.456e-7, -2.879e-7, 5.749e-7, -2.866e-7, 6.324e-7, -2.465e-7, 5.811e-7, -2.179e-7
0.537, 6.452e-7, -2.863e-7, 5.790e-7, -2.832e-7, 6.254e-7, -2.508e-7, 5.770e-7, -2.233e-7
0.538, 6.527e-7, -2.863e-7, 5.753e-7, -2.794e-7, 6.232e-7, -2.437e-7, 5.827e-7, -2.251e-7
0.539, 6.506e-7, -2.916e-7, 5.817e-7, -2.733e-7, 6.173e-7, -2.447e-7, 5.761e-7, -2.278e-7
0.540, 6.477e-7, -2.898e-7, 5.690e-7, -2.812e-7, 6.121e-7, -2.477e-7, 5.683e-7, -2.219e-7
0.541, 6.446e-7, -2.906e-7, 5.752e-7, -2.837e-7, 6.228e-7, -2.421e-7, 5.805e-7, -2.175e-7
0.542, 6.509e-7, -2.845e-7, 5.695e-7, -2.802e-7, 6.180e-7, -2.468e-7, 5.803e-7, -2.228e-7
0.543, 6.451e-7, -2.911e-7, 5.828e-7, -2.867e-7, 6.169e-7, -2.450e-7, 5.709e-7, -2.152e-7
0.544, 6.339e-7, -2.877e-7, 5.727e-7, -2.769e-7, 6.263e-7, -2.469e-7, 5.699e-7, -2.198e-7
0.545, 6.440e-7, -2.871e-7, 5.560e-7, -2.827e-7, 6.183e-7, -2.470e-7, 5.881e-7, -2.174e-7
0.546, 6.359e-7, -2.859e-7, 5.695e-7, -2.805e-7, 6.211e-7, -2.464e-7, 5.731e-7, -2.164e-7
0.547, 6.443e-7, -2.882e-7, 5.703e-7, -2.781e-7, 6.134e-7, -2.437e-7, 5.684e-7, -2.186e-7
0.548, 6.379e-7, -2.882e-7, 5.720e-7, -2.817e-7, 6.217e-7, -2.434e-7, 5.650e-7, -2.230e-7
0.549, 6.306e-7, -2.934e-7, 5.676e-7, -2.744e-7, 6.116e-7, -2.410e-7, 5.665e-7, -2.244e-7
0.550, 6.416e-7, -2.867e-7, 5.719e-7, -2.806e-7, 6.121e-7, -2.499e-7, 5.717e-7, -2.159e-7
0.551, 6.399e-7, -2.847e-7, 5.671e-7, -2.749e-7, 6.212e-7, -2.445e-7, 5.729e-7, -2.188e-7
0.552, 6.285e-7, -2.946e-7, 5.692e-7, -2.801e-7, 6.290e-7, -2.435e-7, 5.679e-7, -2.240e-7
0.553, 6.361e-7, -2.904e-7, 5.658e-7, -2.738e-7, 6.142e-7, -2.500e-7, 5.665e-7, -2.291e-7
0.554, 6.360e-7, -2.870e-7, 5.657e-7, -2.825e-7, 6.180e-7, -2.512e-7, 5.740e-7, -2.189e-7
0.555, 6.441e-7, -2.963e-7, 5.754e-7, -2.836e-7, 6.144e-7, -2.465e-7, 5.617e-7, -2.209e-7
0.556, 6.421e-7, -2.891e-7, 5.727e-7, -2.830e-7, 6.080e-7, -2.520e-7, 5.660e-7, -2.245e-7
0.557, 6.349e-7, -2.981e-7, 5.733e-7, -2.807e-7, 6.162e-7, -2.463e-7, 5.631e-7, -2.276e-7
0.558, 6.384e-7, -2.954e-7, 5.720e-7, -2.783e-7, 6.151e-7, -2.478e-7, 5.682e-7, -2.273e-7
0.559, 6.415e-7, -2.933e-7, 5.716e-7, -2.760e-7, 6.041e-7, -2.449e-7, 5.612e-7, -2.263e-7
0.560, 6.388e-7, -2.936e-7, 5.676e-7, -2.827e-7, 6.171e-7, -2.489e-7, 5.630e-7, -2.204e-7
0.561, 6.373e-7, -2.917e-7, 5.677e-7, -2.801e-7, 6.212e-7, -2.488e-7, 5.726e-7, -2.254e-7
0.562, 6.403e-7, -2.883e-7, 5.757e-7, -2.834e-7, 6.245e-7, -2.491e-7, 5.793e-7, -2.209e-7
0.563, 6.448e-7, -2.913e-7, 5.677e-7, -2.784e-7, 6.197e-7, -2.446e-7, 5.763e-7, -2.245e-7
0.564, 6.409e-7, -2.920e-7, 5.606e-7, -2.788e-7, 6.142e-7, -2.450e-7, 5.890e-7, -2.184e-7
0.565, 6.406e-7, -2.950e-7, 5.739e-7, -2.835e-7, 6.219e-7, -2.452e-7, 5.700e-7, -2.255e-7
0.566, 6.476e-7, -2.943e-7, 5.711e-7, -2.833e-7, 6.050e-7, -2.429e-7, 5.615e-7, -2.190e-7
0.567, 6.426e-7, -2.926e-7, 5.683e-7, -2.767e-7, 6.109e-7, -2.450e-7, 5.752e-7, -2.239e-7
0.568, 6.407e-7, -2.940e-7, 5.730e-7, -2.838e-7, 6.084e-7, -2.468e-7, 5.668e-7, -2.185e-7
0.569, 6.322e-7, -2.917e-7, 5.682e-7, -2.807e-7, 6.114e-7, -2.435e-7, 5.730e-7, -2.193e-7
0.570, 6.337e-7, -2.924e-7, 5.651e-7, -2.747e-7, 6.137e-7, -2.444e-7, 5.763e-7, -2.229e-7
0.571, 6.517e-7, -2.918e-7, 5.808e-7, -2.802e-7, 6.064e-7, -2.484e-7, 5.593e-7, -2.181e-7
0.572, 6.302e-7, -2.960e-7, 5.537e-7, -2.783e-7, 6.167e-7, -2.379e-7, 5.762e-7, -2.188e-7
0.573, 6.244e-7, -2.934e-7, 5.715e-7, -2.782e-7, 6.120e-7, -2.450e-7, 5.717e-7, -2.231e-7
0.574, 6.303e-7, -2.824e-7, 5.627e-7, -2.757e-7, 6.146e-7, -2.514e-7, 5.643e-7, -2.205e-7
0.575, 6.362e-7, -2.849e-7, 5.610e-7, -2.818e-7, 6.131e-7, -2.498e-7, 5.742e-7, -2.160e-7
0.576, 6.363e-7, -2.873e-7, 5.665e-7, -2.792e-7, 6.074e-7, -2.468e-7, 5.589e-7, -2.171e-7
0.577, 6.339e-7, -2.919e-7, 5.680e-7, -2.791e-7, 6.014e-7, -2.439e-7, 5.677e-7, -2.196e-7
0.578, 6.424e-7, -2.929e-7, 5.671e-7, -2.737e-7, 6.103e-7, -2.440e-7, 5.733e-7, -2.262e-7
0.579, 6.320e-7, -2.913e-7, 5.685e-7, -2.800e-7, 6.152e-7, -2.464e-7, 5.652e-7, -2.202e-7
0.580, 6.400e-7, -2.902e-7, 5.694e-7, -2.770e-7, 6.114e-7, -2.400e-7, 5.715e-7, -2.218e-7
0.581, 6.331e-7, -2.971e-7, 5.614e-7, -2.763e-7, 6.123e-7, -2.416e-7, 5.715e-7, -2.245e-7
0.582, 6.395e-7, -2.917e-7, 5.586e-7, -2.789e-7, 6.116e-7, -2.460e-7, 5.676e-7, -2.203e-7
0.583, 6.313e-7, -2.851e-7, 5.607e-7, -2.762e-7, 6.098e-7, -2.516e-7, 5.707e-7, -2.266e-7
0.584, 6.373e-7, -2.912e-7, 5.707e-7, -2.798e-7, 6.088e-7, -2.463e-7, 5.717e-7, -2.237e-7
0.585, 6.431e-7, -2.936e-7, 5.730e-7, -2.814e-7, 6.037e-7, -2.503e-7, 5.615e-7, -2.248e-7
0.586, 6.360e-7, -2.935e-7, 5.666e-7, -2.818e-7, 6.109e-7, -2.470e-7, 5.673e-7, -2.249e-7
0.587, 6.464e-7, -2.942e-7, 5.809e-7, -2.781e-7, 6.085e-7, -2.463e-7, 5.715e-7, -2.261e-7
0.588, 6.454e-7, -2.929e-7, 5.747e-7, -2.802e-7, 6.058e-7, -2.483e-7, 5.614e-7, -2.202e-7
0.589, 6.433e-7, -2.944e-7, 5.674e-7, -2.806e-7, 6.141e-7, -2.500e-7, 5.617e-7, -2.280e-7
0.590, 6.450e-7, -2.911e-7, 5.714e-7, -2.833e-7, 6.195e-7, -2.520e-7, 5.697e-7, -2.235e-7
0.591, 6.418e-7, -2.964e-7, 5.739e-7, -2.810e-7, 6.198e-7, -2.477e-7, 5.695e-7, -2.201e-7
0.592, 6.452e-7, -2.997e-7, 5.705e-7, -2.718e-7, 6.203e-7, -2.441e-7, 5.818e-7, -2.223e-7
0.593, 6.477e-7, -2.940e-7, 5.659e-7, -2.782e-7, 6.201e-7, -2.497e-7, 5.755e-7, -2.230e-7
0.594, 6.391e-7, -2.962e-7, 5.678e-7, -2.795e-7, 6.176e-7, -2.444e-7, 5.836e-7, -2.247e-7
0.595, 6.356e-7, -2.960e-7, 5.650e-7, -2.777e-7, 6.178e-7, -2.447e-7, 5.799e-7, -2.252e-7
0.596, 6.465e-7, -2.900e-7, 5.617e-7, -2.782e-7, 6.131e-7, -2.496e-7, 5.754e-7, -2.201e-7
0.597, 6.454e-7, -2.939e-7, 5.811e-7, -2.746e-7, 6.054e-7, -2.454e-7, 5.717e-7, -2.242e-7
0.598, 6.409e-7, -2.928e-7, 5.686e-7, -2.752e-7, 6.174e-7, -2.447e-7, 5.820e-7, -2.214e-7
0.599, 6.419e-7, -2.933e-7, 5.739e-7, -2.731e-7, 6.085e-7, -2.431e-7, 5.671e-7, -2.251e-7
0.600, 6.405e-7, -2.919e-7, 5.654e-7, -2.757e-7, 6.175e-7, -2.426e-7, 5.814e-7, -2.191e-7
0.601, 6.318e-7, -2.976e-7, 5.659e-7, -2.797e-7, 6.250e-7, -2.434e-7, 5.748e-7, -2.215e-7
0.602, 6.399e-7, -2.916e-7, 5.671e-7, -2.740e-7, 6.177e-7, -2.452e-7, 5.746e-7, -2.256e-7
0.603, 6.341e-7, -2.993e-7, 5.623e-7, -2.760e-7, 6.218e-7, -2.475e-7, 5.768e-7, -2.214e-7
0.604, 6.426e-7, -2.997e-7, 5.690e-7, -2.788e-7, 6.166e-7, -2.406e-7, 5.775e-7, -2.216e-7
0.605, 6.385e-7, -2.980e-7, 5.660e-7, -2.790e-7, 6.124e-7, -2.459e-7, 5.638e-7, -2.248e-7
0.606, 6.413e-7, -2.928e-7, 5.750e-7, -2.788e-7, 6.228e-7, -2.511e-7, 5.682e-7, -2.211e-7
0.607, 6.435e-7, -2.990e-7, 5.768e-7, -2.818e-7, 6.148e-7, -2.461e-7, 5.760e-7, -2.199e-7
0.608, 6.474e-7, -2.984e-7, 5.748e-7, -2.727e-7, 6.124e-7, -2.503e-7, 5.697e-7, -2.245e-7
0.609, 6.469e-7, -2.944e-7, 5.784e-7, -2.793e-7, 6.135e-7, -2.487e-7, 5.755e-7, -2.249e-7
0.610, 6.417e-7, -2.982e-7, 5.734e-7, -2.792e-7, 6.161e-7, -2.502e-7, 5.820e-7, -2.247e-7
0.611, 6.462e-7, -2.916e-7, 5.622e-7, -2.811e-7, 6.200e-7, -2.508e-7, 5.919e-7, -2.226e-7
0.612, 6.503e-7, -2.944e-7, 5.712e-7, -2.772e-7, 6.192e-7, -2.478e-7, 5.819e-7, -2.265e-7
0.613, 6.561e-7, -2.944e-7, 5.720e-7, -2.767e-7, 6.193e-7, -2.462e-7, 5.957e-7, -2.278e-7
0.614, 6.575e-7, -2.950e-7, 5.807e-7, -2.771e-7, 6.134e-7, -2.429e-7, 5.767e-7, -2.230e-7
0.615, 6.476e-7, -2.951e-7, 5.753e-7, -2.809e-7, 6.206e-7, -2.459e-7, 5.830e-7, -2.231e-7
0.616, 6.615e-7, -2.933e-7, 5.806e-7, -2.737e-7, 6.191e-7, -2.481e-7, 5.808e-7, -2.223e-7
0.617, 6.493e-7, -2.966e-7, 5.816e-7, -2.741e-7, 6.298e-7, -2.503e-7, 5.932e-7, -2.184e-7
0.618, 6.605e-7, -2.968e-7, 5.808e-7, -2.787e-7, 6.148e-7, -2.430e-7, 5.841e-7, -2.209e-7
0.619, 6.511e-7, -2.919e-7, 5.786e-7, -2.727e-7, 6.328e-7, -2.506e-7, 5.862e-7, -2.251e-7
0.620, 6.496e-7, -2.983e-7, 5.833e-7, -2.791e-7, 6.356e-7, -2.423e-7, 5.904e-7, -2.235e-7
0.621, 6.547e-7, -2.993e-7, 5.831e-7, -2.739e-7, 6.253e-7, -2.432e-7, 5.839e-7, -2.216e-7
0.622, 6.610e-7, -2.996e-7, 5.834e-7, -2.791e-7, 6.332e-7, -2.430e-7, 5.925e-7, -2.220e-7
0.623, 6.513e-7, -2.950e-7, 5.833e-7, -2.760e-7, 6.333e-7, -2.468e-7, 5.868e-7, -2.207e-7
0.624, 6.645e-7, -2.957e-7, 5.941e-7, -2.770e-7, 6.312e-7, -2.452e-7, 5.976e-7, -2.204e-7
0.625, 6.598e-7, -2.891e-7, 5.863e-7, -2.727e-7, 6.341e-7, -2.498e-7, 5.911e-7, -2.234e-7
0.626, 6.656e-7, -2.955e-7, 5.871e-7, -2.766e-7, 6.342e-7, -2.446e-7, 5.947e-7, -2.171e-7
0.627, 6.599e-7, -2.957e-7, 5.903e-7, -2.783e-7, 6.400e-7, -2.446e-7, 5.959e-7, -2.241e-7
0.628, 6.665e-7, -2.967e-7, 5.853e-7, -2.765e-7, 6.280e-7, -2.415e-7, 5.899e-7, -2.180e-7
0.629, 6.566e-7, -2.930e-7, 5.928e-7, -2.748e-7, 6.305e-7, -2.484e-7, 6.029e-7, -2.211e-7
0.630, 6.574e-7, -2.988e-7, 5.891e-7, -2.781e-7, 6.383e-7, -2.415e-7, 5.914e-7, -2.206e-7
0.631, 6.634e-7, -3.048e-7, 5.882e-7, -2.765e-7, 6.378e-7, -2.404e-7, 5.985e-7, -2.217e-7
0.632, 6.629e-7, -2.984e-7, 5.929e-7, -2.804e-7, 6.398e-7, -2.449e-7, 5.964e-7, -2.159e-7
0.633, 6.491e-7, -3.001e-7, 6.008e-7, -2.697e-7, 6.505e-7, -2.442e-7, 5.891e-7, -2.285e-7
0.634, 6.725e-7, -2.999e-7, 5.977e-7, -2.789e-7, 6.376e-7, -2.455e-7, 5.892e-7, -2.196e-7
0.635, 6.672e-7, -2.989e-7, 6.044e-7, -2.789e-7, 6.506e-7, -2.480e-7, 6.095e-7, -2.249e-7
0.636, 6.707e-7, -2.968e-7, 5.946e-7, -2.716e-7, 6.486e-7, -2.523e-7, 6.123e-7, -2.291e-7
0.637, 6.697e-7, -2.972e-7, 6.049e-7, -2.788e-7, 6.401e-7, -2.480e-7, 6.057e-7, -2.216e-7
0.638, 6.770e-7, -2.989e-7, 6.010e-7, -2.767e-7, 6.532e-7, -2.516e-7, 6.054e-7, -2.213e-7
0.639, 6.870e-7, -2.973e-7, 6.095e-7, -2.768e-7, 6.404e-7, -2.473e-7, 6.031e-7, -2.263e-7
0.640, 6.771e-7, -3.018e-7, 6.037e-7, -2.771e-7, 6.518e-7, -2.422e-7, 6.070e-7, -2.299e-7
0.641, 6.814e-7, -2.993e-7, 6.045e-7, -2.819e-7, 6.500e-7, -2.504e-7, 6.230e-7, -2.229e-7
0.642, 6.922e-7, -3.060e-7, 6.126e-7, -2.792e-7, 6.540e-7, -2.441e-7, 6.171e-7, -2.252e-7
0.643, 6.821e-7, -3.033e-7, 6.088e-7, -2.800e-7, 6.545e-7, -2.502e-7, 6.262e-7, -2.260e-7
0.644, 6.812e-7, -2.961e-7, 6.170e-7, -2.766e-7, 6.456e-7, -2.479e-7, 6.158e-7, -2.280e-7
0.645, 6.913e-7, -2.991e-7, 6.027e-7, -2.744e-7, 6.596e-7, -2.494e-7, 6.273e-7, -2.266e-7
0.646, 6.928e-7, -2.975e-7, 6.179e-7, -2.750e-7, 6.649e-7, -2.493e-7, 6.305e-7, -2.247e-7
0.647, 7.020e-7, -2.939e-7, 6.234e-7, -2.731e-7, 6.628e-7, -2.457e-7, 6.272e-7, -2.291e-7
0.648, 6.964e-7, -2.962e-7, 6.201e-7, -2.753e-7, 6.662e-7, -2.465e-7, 6.334e-7, -2.217e-7
0.649, 7.028e-7, -2.940e-7, 6.218e-7, -2.768e-7, 6.724e-7, -2.438e-7, 6.378e-7, -2.178e-7
0.650, 6.923e-7, -2.990e-7, 6.246e-7, -2.782e-7, 6.722e-7, -2.487e-7, 6.327e-7, -2.204e-7
0.651, 7.013e-7, -2.977e-7, 6.295e-7, -2.767e-7, 6.738e-7, -2.453e-7, 6.405e-7, -2.266e-7
0.652, 7.070e-7, -2.880e-7, 6.418e-7, -2.712e-7, 6.754e-7, -2.522e-7, 6.366e-7, -2.224e-7
0.653, 7.133e-7, -2.964e-7, 6.348e-7, -2.760e-7, 6.797e-7, -2.433e-7, 6.497e-7, -2.204e-7
0.654, 7.184e-7, -2.954e-7, 6.380e-7, -2.752e-7, 6.697e-7, -2.508e-7, 6.417e-7, -2.255e-7
0.655, 7.145e-7, -3.012e-7, 6.398e-7, -2.745e-7, 6.835e-7, -2.441e-7, 6.515e-7, -2.230e-7
0.656, 7.126e-7, -3.012e-7, 6.337e-7, -2.735e-7, 6.829e-7, -2.456e-7, 6.528e-7, -2.219e-7
0.657, 7.135e-7, -2.950e-7, 6.446e-7, -2.727e-7, 6.896e-7, -2.444e-7, 6.479e-7, -2.248e-7
0.658, 7.141e-7, -2.938e-7, 6.499e-7, -2.778e-7, 6.870e-7, -2.512e-7, 6.506e-7, -2.240e-7
0.659, 7.157e-7, -2.984e-7, 6.565e-7, -2.750e-7, 6.994e-7, -2.476e-7, 6.486e-7, -2.270e-7
0.660, 7.131e-7, -3.001e-7, 6.460e-7, -2.786e-7, 7.016e-7, -2.481e-7, 6.677e-7, -2.228e-7
0.661, 7.285e-7, -2.988e-7, 6.498e-7, -2.762e-7, 6.973e-7, -2.461e-7, 6.740e-7, -2.234e-7
0.662, 7.330e-7, -3.045e-7, 6.555e-7, -2.823e-7, 6.968e-7, -2.444e-7, 6.722e-7, -2.232e-7
0.663, 7.386e-7, -3.001e-7, 6.543e-7, -2.790e-7, 7.027e-7, -2.492e-7, 6.815e-7, -2.260e-7
0.664, 7.434e-7, -3.019e-7, 6.551e-7, -2.798e-7, 7.044e-7, -2.491e-7, 6.833e-7, -2.299e-7
0.665, 7.459e-7, -2.989e-7, 6.706e-7, -2.745e-7, 7.093e-7, -2.499e-7, 6.756e-7, -2.299e-7
0.666, 7.489e-7, -2.994e-7, 6.638e-7, -2.842e-7, 7.160e-7, -2.514e-7, 6.876e-7, -2.214e-7
0.667, 7.531e-7, -3.020e-7, 6.781e-7, -2.815e-7, 7.204e-7, -2.499e-7, 6.872e-7, -2.220e-7
0.668, 7.608e-7, -2.983e-7, 6.666e-7, -2.814e-7, 7.214e-7, -2.502e-7, 6.966e-7, -2.266e-7
0.669, 7.536e-7, -3.034e-7, 6.822e-7, -2.766e-7, 7.256e-7, -2.486e-7, 7.088e-7, -2.213e-7
0.670, 7.622e-7, -3.018e-7, 6.883e-7, -2.706e-7, 7.324e-7, -2.482e-7, 7.068e-7, -2.292e-7
0.671, 7.595e-7, -2.990e-7, 6.882e-7, -2.768e-7, 7.368e-7, -2.513e-7, 7.106e-7, -2.251e-7
0.672, 7.712e-7, -2.960e-7, 6.978e-7, -2.778e-7, 7.390e-7, -2.475e-7, 7.071e-7, -2.221e-7
0.673, 7.702e-7, -2.999e-7, 6.988e-7, -2.833e-7, 7.405e-7, -2.520e-7, 7.110e-7, -2.219e-7
0.674, 7.745e-7, -2.954e-7, 6.948e-7, -2.727e-7, 7.395e-7, -2.550e-7, 7.094e-7, -2.261e-7
0.675, 7.876e-7, -2.993e-7, 6.963e-7, -2.791e-7, 7.444e-7, -2.504e-7, 7.294e-7, -2.244e-7
0.676, 7.851e-7, -2.994e-7, 7.159e-7, -2.754e-7, 7.623e-7, -2.471e-7, 7.287e-7, -2.205e-7
0.677, 8.024e-7, -2.989e-7, 7.053e-7, -2.776e-7, 7.544e-7, -2.457e-7, 7.312e-7, -2.244e-7
0.678, 7.993e-7, -2.998e-7, 7.184e-7, -2.738e-7, 7.636e-7, -2.512e-7, 7.377e-7, -2.278e-7
0.679, 8.057e-7, -2.980e-7, 7.120e-7, -2.727e-7, 7.630e-7, -2.476e-7, 7.504e-7, -2.307e-7
0.680, 8.047e-7, -2.947e-7, 7.249e-7, -2.719e-7, 7.792e-7, -2.494e-7, 7.442e-7, -2.262e-7
0.681, 8.198e-7, -3.012e-7, 7.365e-7, -2.761e-7, 7.728e-7, -2.445e-7, 7.512e-7, -2.268e-7
0.682, 8.276e-7, -3.009e-7, 7.305e-7, -2.732e-7, 7.710e-7, -2.487e-7, 7.640e-7, -2.256e-7
0.683, 8.256e-7, -2.970e-7, 7.266e-7, -2.777e-7, 7.803e-7, -2.537e-7, 7.755e-7, -2.260e-7
0.684, 8.330e-7, -2.967e-7, 7.522e-7, -2.756e-7, 7.920e-7, -2.503e-7, 7.626e-7, -2.265e-7
0.685, 8.391e-7, -2.969e-7, 7.513e-7, -2.754e-7, 7.869e-7, -2.508e-7, 7.678e-7, -2.312e-7
0.686, 8.389e-7, -2.989e-7, 7.628e-7, -2.803e-7, 8.013e-7, -2.519e-7, 7.793e-7, -2.219e-7
0.687, 8.515e-7, -2.953e-7, 7.588e-7, -2.724e-7, 7.985e-7, -2.530e-7, 7.833e-7, -2.310e-7
0.688, 8.506e-7, -3.034e-7, 7.695e-7, -2.788e-7, 8.138e-7, -2.542e-7, 7.881e-7, -2.260e-7
0.689, 8.639e-7, -3.025e-7, 7.617e-7, -2.756e-7, 8.146e-7, -2.526e-7, 8.027e-7, -2.313e-7
0.690, 8.623e-7, -3.035e-7, 7.746e-7, -2.818e-7, 8.190e-7, -2.498e-7, 8.078e-7, -2.280e-7
0.691, 8.644e-7, -3.047e-7, 7.856e-7, -2.825e-7, 8.354e-7, -2.486e-7, 8.078e-7, -2.253e-7
0.692, 8.782e-7, -3.045e-7, 7.831e-7, -2.755e-7, 8.340e-7, -2.532e-7, 8.280e-7, -2.365e-7
0.693, 8.898e-7, -3.011e-7, 7.948e-7, -2.825e-7, 8.413e-7, -2.575e-7, 8.289e-7, -2.286e-7
0.694, 8.878e-7, -3.088e-7, 8.075e-7, -2.786e-7, 8.544e-7, -2.496e-7, 8.291e-7, -2.323e-7
0.695, 8.929e-7, -3.050e-7, 8.057e-7, -2.832e-7, 8.600e-7, -2.512e-7, 8.457e-7, -2.286e-7
0.696, 9.057e-7, -3.045e-7, 8.123e-7, -2.821e-7, 8.649e-7, -2.573e-7, 8.490e-7, -2.309e-7
0.697, 9.124e-7, -3.066e-7, 8.331e-7, -2.816e-7, 8.681e-7, -2.547e-7, 8.502e-7, -2.290e-7
0.698, 9.189e-7, -3.032e-7, 8.207e-7, -2.813e-7, 8.841e-7, -2.523e-7, 8.702e-7, -2.295e-7
0.699, 9.275e-7, -3.061e-7, 8.386e-7, -2.815e-7, 8.901e-7, -2.533e-7, 8.748e-7, -2.305e-7
0.700, 9.453e-7, -3.013e-7, 8.484e-7, -2.839e-7, 8.974e-7, -2.536e-7, 8.731e-7, -2.299e-7
0.701, 9.473e-7, -3.065e-7, 8.520e-7, -2.786e-7, 9.101e-7, -2.513e-7, 8.949e-7, -2.311e-7
0.702, 9.636e-7, -3.021e-7, 8.636e-7, -2.817e-7, 9.057e-7, -2.559e-7, 9.024e-7, -2.251e-7
0.703, 9.616e-7, -3.035e-7, 8.689e-7, -2.781e-7, 9.233e-7, -2.510e-7, 9.030e-7, -2.342e-7
0.704, 9.764e-7, -3.028e-7, 8.817e-7, -2.786e-7, 9.313e-7, -2.587e-7, 9.091e-7, -2.339e-7
0.705, 9.816e-7, -3.037e-7, 8.826e-7, -2.816e-7, 9.426e-7, -2.530e-7, 9.292e-7, -2.264e-7
0.706, 9.924e-7, -3.053e-7, 9.033e-7, -2.860e-7, 9.500e-7, -2.550e-7, 9.277e-7, -2.292e-7
0.707, 9.971e-7, -3.052e-7, 9.001e-7, -2.799e-7, 9.588e-7, -2.534e-7, 9.447e-7, -2.284e-7
0.708, 1.005e-6, -3.043e-7, 9.112e-7, -2.766e-7, 9.609e-7, -2.530e-7, 9.488e-7, -2.334e-7
0.709, 1.005e-6, -3.032e-7, 9.237e-7, -2.832e-7, 9.810e-7, -2.551e-7, 9.637e-7, -2.310e-7
0.710, 1.019e-6, -3.111e-7, 9.209e-7, -2.751e-7, 9.782e-7, -2.527e-7, 9.792e-7, -2.392e-7
0.711, 1.043e-6, -3.053e-7, 9.382e-7, -2.816e-7, 9.839e-7, -2.510e-7, 9.972e-7, -2.287e-7
0.712, 1.054e-6, -3.079e-7, 9.359e-7, -2.862e-7, 9.871e-7, -2.533e-7, 1.001e-6, -2.293e-7
0.713, 1.069e-6, -3.069e-7, 9.607e-7, -2.842e-7, 1.004e-6, -2.531e-7, 1.002e-6, -2.315e-7
0.714, 1.070e-6, -3.058e-7, 9.582e-7, -2.819e-7, 1.022e-6, -2.607e-7, 1.024e-6, -2.347e-7
0.715, 1.075e-6, -3.084e-7, 9.705e-7, -2.841e-7, 1.029e-6, -2.544e-7, 1.022e-6, -2.332e-7
0.716, 1.087e-6, -3.058e-7, 9.980e-7, -2.904e-7, 1.037e-6, -2.581e-7, 1.036e-6, -2.312e-7
0.717, 1.101e-6, -3.099e-7, 9.998e-7, -2.849e-7, 1.052e-6, -2.592e-7, 1.053e-6, -2.307e-7
0.718, 1.106e-6, -3.159e-7, 1.007e-6, -2.856e-7, 1.071e-6, -2.537e-7, 1.067e-6, -2.334e-7
0.719, 1.135e-6, -3.081e-7, 1.020e-6, -2.862e-7, 1.078e-6, -2.573e-7, 1.074e-6, -2.350e-7
0.720, 1.149e-6, -3.117e-7, 1.032e-6, -2.873e-7, 1.086e-6, -2.569e-7, 1.097e-6, -2.417e-7
0.721, 1.171e-6, -3.130e-7, 1.055e-6, -2.884e-7, 1.093e-6, -2.580e-7, 1.101e-6, -2.379e-7
0.722, 1.174e-6, -3.059e-7, 1.060e-6, -2.905e-7, 1.114e-6, -2.666e-7, 1.116e-6, -2.377e-7
0.723, 1.198e-6, -3.082e-7, 1.080e-6, -2.900e-7, 1.119e-6, -2.664e-7, 1.131e-6, -2.404e-7
0.724, 1.203e-6, -3.125e-7, 1.083e-6, -2.909e-7, 1.138e-6, -2.664e-7, 1.153e-6, -2.360e-7
0.725, 1.224e-6, -3.127e-7, 1.100e-6, -2.865e-7, 1.145e-6, -2.661e-7, 1.168e-6, -2.447e-7
0.726, 1.236e-6, -3.166e-7, 1.118e-6, -2.938e-7, 1.168e-6, -2.625e-7, 1.176e-6, -2.377e-7
0.727, 1.243e-6, -3.149e-7, 1.125e-6, -2.891e-7, 1.176e-6, -2.598e-7, 1.198e-6, -2.379e-7
0.728, 1.270e-6, -3.155e-7, 1.141e-6, -2.954e-7, 1.196e-6, -2.624e-7, 1.214e-6, -2.381e-7
0.729, 1.277e-6, -3.224e-7, 1.153e-6, -2.910e-7, 1.213e-6, -2.629e-7, 1.230e-6, -2.444e-7
0.730, 1.301e-6, -3.156e-7, 1.176e-6, -2.933e-7, 1.217e-6, -2.664e-7, 1.243e-6, -2.377e-7
0.731, 1.313e-6, -3.159e-7, 1.196e-6, -2.895e-7, 1.249e-6, -2.628e-7, 1.263e-6, -2.386e-7
0.732, 1.338e-6, -3.169e-7, 1.202e-6, -2.938e-7, 1.258e-6, -2.666e-7, 1.282e-6, -2.421e-7
0.733, 1.353e-6, -3.203e-7, 1.223e-6, -2.954e-7, 1.276e-6, -2.610e-7, 1.293e-6, -2.399e-7
0.734, 1.372e-6, -3.189e-7, 1.244e-6, -2.926e-7, 1.295e-6, -2.631e-7, 1.317e-6, -2.432e-7
0.735, 1.378e-6, -3.194e-7, 1.254e-6, -2.949e-7, 1.318e-6, -2.661e-7, 1.339e-6, -2.440e-7
0.736, 1.407e-6, -3.270e-7, 1.272e-6, -2.931e-7, 1.327e-6, -2.620e-7, 1.354e-6, -2.449e-7
0.737, 1.421e-6, -3.183e-7, 1.288e-6, -2.962e-7, 1.350e-6, -2.683e-7, 1.371e-6, -2.455e-7
0.738, 1.444e-6, -3.252e-7, 1.308e-6, -2.944e-7, 1.365e-6, -2.697e-7, 1.397e-6, -2.496e-7
0.739, 1.458e-6, -3.247e-7, 1.322e-6, -2.995e-7, 1.383e-6, -2.628e-7, 1.415e-6, -2.401e-7
0.740, 1.473e-6, -3.218e-7, 1.341e-6, -3.020e-7, 1.409e-6, -2.700e-7, 1.438e-6, -2.455e-7
0.741, 1.506e-6, -3.283e-7, 1.365e-6, -3.054e-7, 1.424e-6, -2.703e-7, 1.460e-6, -2.428e-7
0.742, 1.518e-6, -3.293e-7, 1.371e-6, -2.999e-7, 1.451e-6, -2.702e-7, 1.476e-6, -2.457e-7
0.743, 1.542e-6, -3.281e-7, 1.409e-6, -2.958e-7, 1.462e-6, -2.708e-7, 1.492e-6, -2.501e-7
0.744, 1.568e-6, -3.281e-7, 1.421e-6, -3.039e-7, 1.486e-6, -2.757e-7, 1.521e-6, -2.502e-7
0.745, 1.603e-6, -3.335e-7, 1.442e-6, -3.022e-7, 1.503e-6, -2.735e-7, 1.541e-6, -2.510e-7
0.746, 1.612e-6, -3.331e-7, 1.470e-6, -3.030e-7, 1.541e-6, -2.735e-7, 1.562e-6, -2.573e-7
0.747, 1.646e-6, -3.314e-7, 1.484e-6, -3.073e-7, 1.544e-6, -2.761e-7, 1.603e-6, -2.531e-7
0.748, 1.667e-6, -3.338e-7, 1.511e-6, -3.061e-7, 1.582e-6, -2.752e-7, 1.622e-6, -2.552e-7
0.749, 1.698e-6, -3.355e-7, 1.539e-6, -3.104e-7, 1.599e-6, -2.821e-7, 1.657e-6, -2.574e-7
0.750, 1.723e-6, -3.360e-7, 1.556e-6, -3.093e-7, 1.629e-6, -2.811e-7, 1.685e-6, -2.626e-7
0.751, 1.753e-6, -3.385e-7, 1.580e-6, -3.095e-7, 1.649e-6, -2.779e-7, 1.709e-6, -2.593e-7
0.752, 1.777e-6, -3.339e-7, 1.613e-6, -3.070e-7, 1.675e-6, -2.855e-7, 1.741e-6, -2.683e-7
0.753, 1.797e-6, -3.463e-7, 1.637e-6, -3.113e-7, 1.712e-6, -2.826e-7, 1.754e-6, -2.643e-7
0.754, 1.827e-6, -3.388e-7, 1.666e-6, -3.146e-7, 1.727e-6, -2.908e-7, 1.793e-6, -2.612e-7
0.755, 1.862e-6, -3.449e-7, 1.694e-6, -3.147e-7, 1.761e-6, -2.846e-7, 1.825e-6, -2.677e-7
0.756, 1.890e-6, -3.454e-7, 1.711e-6, -3.188e-7, 1.790e-6, -2.920e-7, 1.865e-6, -2.611e-7
0.757, 1.921e-6, -3.405e-7, 1.740e-6, -3.183e-7, 1.819e-6, -2.927e-7, 1.893e-6, -2.674e-7
0.758, 1.958e-6, -3.469e-7, 1.765e-6, -3.158e-7, 1.842e-6, -2.913e-7, 1.925e-6, -2.712e-7
0.759, 1.985e-6, -3.511e-7, 1.804e-6, -3.170e-7, 1.876e-6, -2.863e-7, 1.952e-6, -2.727e-7
0.760, 2.015e-6, -3.492e-7, 1.830e-6, -3.161e-7, 1.905e-6, -2.931e-7, 1.991e-6, -2.769e-7
0.761, 2.055e-6, -3.487e-7, 1.862e-6, -3.211e-7, 1.928e-6, -2.915e-7, 2.021e-6, -2.704e-7
0.762, 2.077e-6, -3.573e-7, 1.901e-6, -3.204e-7, 1.974e-6, -2.909e-7, 2.049e-6, -2.748e-7
0.763, 2.112e-6, -3.550e-7, 1.927e-6, -3.269e-7, 1.990e-6, -2.906e-7, 2.082e-6, -2.695e-7
0.764, 2.150e-6, -3.557e-7, 1.949e-6, -3.261e-7, 2.029e-6, -2.934e-7, 2.126e-6, -2.761e-7
0.765, 2.174e-6, -3.564e-7, 1.983e-6, -3.265e-7, 2.064e-6, -2.966e-7, 2.173e-6, -2.753e-7
0.766, 2.212e-6, -3.644e-7, 2.020e-6, -3.324e-7, 2.100e-6, -3.015e-7, 2.194e-6, -2.793e-7
0.767, 2.254e-6, -3.613e-7, 2.051e-6, -3.336e-7, 2.132e-6, -3.068e-7, 2.238e-6, -2.792e-7
0.768, 2.279e-6, -3.633e-7, 2.081e-6, -3.314e-7, 2.170e-6, -3.039e-7, 2.279e-6, -2.845e-7
0.769, 2.303e-6, -3.648e-7, 2.114e-6, -3.379e-7, 2.210e-6, -3.046e-7, 2.318e-6, -2.827e-7
0.770, 2.357e-6, -3.700e-7, 2.148e-6, -3.397e-7, 2.241e-6, -3.057e-7, 2.344e-6, -2.840e-7
0.771, 2.388e-6, -3.671e-7, 2.184e-6, -3.376e-7, 2.282e-6, -3.105e-7, 2.395e-6, -2.884e-7
0.772, 2.446e-6, -3.773e-7, 2.221e-6, -3.418e-7, 2.316e-6, -3.156e-7, 2.438e-6, -2.946e-7
0.773, 2.469e-6, -3.772e-7, 2.263e-6, -3.408e-7, 2.357e-6, -3.120e-7, 2.474e-6, -2.953e-7
0.774, 2.520e-6, -3.811e-7, 2.301e-6, -3.434e-7, 2.397e-6, -3.173e-7, 2.519e-6, -3.017e-7
0.775, 2.553e-6, -3.811e-7, 2.348e-6, -3.458e-7, 2.440e-6, -3.227e-7, 2.557e-6, -3.058e-7
0.776, 2.605e-6, -3.868e-7, 2.376e-6, -3.486e-7, 2.463e-6, -3.203e-7, 2.608e-6, -3.068e-7
0.777, 2.646e-6, -3.819e-7, 2.410e-6, -3.508e-7, 2.516e-6, -3.272e-7, 2.667e-6, -3.080e-7
0.778, 2.684e-6, -3.897e-7, 2.459e-6, -3.545e-7, 2.552e-6, -3.261e-7, 2.696e-6, -3.107e-7
0.779, 2.721e-6, -3.916e-7, 2.494e-6, -3.556e-7, 2.606e-6, -3.290e-7, 2.746e-6, -3.123e-7
0.780, 2.772e-6, -3.972e-7, 2.537e-6, -3.589e-7, 2.644e-6, -3.277e-7, 2.793e-6, -3.145e-7
0.781, 2.806e-6, -3.957e-7, 2.581e-6, -3.615e-7, 2.694e-6, -3.343e-7, 2.843e-6, -3.104e-7
0.782, 2.862e-6, -3.900e-7, 2.611e-6, -3.624e-7, 2.733e-6, -3.401e-7, 2.890e-6, -3.214e-7
0.783, 2.914e-6, -4.017e-7, 2.668e-6, -3.699e-7, 2.766e-6, -3.352e-7, 2.931e-6, -3.178e-7
0.784, 2.946e-6, -4.042e-7, 2.711e-6, -3.706e-7, 2.829e-6, -3.393e-7, 2.980e-6, -3.187e-7
0.785, 2.996e-6, -4.096e-7, 2.759e-6, -3.711e-7, 2.879e-6, -3.442e-7, 3.031e-6, -3.251e-7
0.786, 3.052e-6, -4.095e-7, 2.797e-6, -3.751e-7, 2.920e-6, -3.460e-7, 3.081e-6, -3.265e-7
0.787, 3.093e-6, -4.095e-7, 2.854e-6, -3.741e-7, 2.972e-6, -3.466e-7, 3.129e-6, -3.308e-7
0.788, 3.138e-6, -4.145e-7, 2.891e-6, -3.753e-7, 3.007e-6, -3.472e-7, 3.180e-6, -3.352e-7
0.789, 3.187e-6, -4.221e-7, 2.925e-6, -3.787e-7, 3.059e-6, -3.496e-7, 3.251e-6, -3.369e-7
0.790, 3.245e-6, -4.243e-7, 2.984e-6, -3.838e-7, 3.102e-6, -3.533e-7, 3.291e-6, -3.398e-7
0.791, 3.302e-6, -4.294e-7, 3.041e-6, -3.854e-7, 3.146e-6, -3.566e-7, 3.333e-6, -3.448e-7
0.792, 3.356e-6, -4.308e-7, 3.078e-6, -3.926e-7, 3.203e-6, -3.575e-7, 3.399e-6, -3.435e-7
0.793, 3.399e-6, -4.361e-7, 3.131e-6, -3.922e-7, 3.255e-6, -3.627e-7, 3.460e-6, -3.515e-7
0.794, 3.454e-6, -4.371e-7, 3.174e-6, -3.988e-7, 3.308e-6, -3.663e-7, 3.495e-6, -3.536e-7
0.795, 3.496e-6, -4.392e-7, 3.227e-6, -4.010e-7, 3.366e-6, -3.711e-7, 3.560e-6, -3.543e-7
0.796, 3.557e-6, -4.464e-7, 3.270e-6, -3.982e-7, 3.410e-6, -3.722e-7, 3.619e-6, -3.668e-7
0.797, 3.607e-6, -4.477e-7, 3.334e-6, -4.046e-7, 3.455e-6, -3.764e-7, 3.673e-6, -3.669e-7
0.798, 3.671e-6, -4.548e-7, 3.375e-6, -4.163e-7, 3.507e-6, -3.823e-7, 3.724e-6, -3.651e-7
0.799, 3.715e-6, -4.575e-7, 3.429e-6, -4.098e-7, 3.568e-6, -3.868e-7, 3.795e-6, -3.763e-7
0.800, 3.768e-6, -4.596e-7, 3.493e-6, -4.205e-7, 3.630e-6, -3.904e-7, 3.846e-6, -3.780e-7
0.801, 3.845e-6, -4.648e-7, 3.547e-6, -4.225e-7, 3.659e-6, -3.958e-7, 3.903e-6, -3.828e-7
0.802, 3.901e-6, -4.725e-7, 3.601e-6, -4.240e-7, 3.731e-6, -4.018e-7, 3.958e-6, -3.927e-7
0.803, 3.955e-6, -4.738e-7, 3.648e-6, -4.229e-7, 3.788e-6, -4.050e-7, 4.021e-6, -4.012e-7
0.804, 4.021e-6, -4.837e-7, 3.704e-6, -4.329e-7, 3.843e-6, -4.102e-7, 4.076e-6, -4.011e-7
0.805, 4.077e-6, -4.769e-7, 3.761e-6, -4.383e-7, 3.900e-6, -4.186e-7, 4.145e-6, -4.055e-7
0.806, 4.139e-6, -4.965e-7, 3.811e-6, -4.455e-7, 3.960e-6, -4.187e-7, 4.205e-6, -4.077e-7
0.807, 4.189e-6, -4.946e-7, 3.880e-6, -4.480e-7, 4.020e-6, -4.311e-7, 4.262e-6, -4.200e-7
0.808, 4.258e-6, -5.052e-7, 3.922e-6, -4.558e-7, 4.074e-6, -4.288e-7, 4.327e-6, -4.225e-7
0.809, 4.329e-6, -5.018e-7, 3.987e-6, -4.575e-7, 4.135e-6, -4.374e-7, 4.396e-6, -4.270e-7
0.810, 4.399e-6, -5.097e-7, 4.050e-6, -4.636e-7, 4.181e-6, -4.416e-7, 4.446e-6, -4.376e-7
0.811, 4.446e-6, -5.201e-7, 4.101e-6, -4.729e-7, 4.246e-6, -4.471e-7, 4.505e-6, -4.372e-7
0.812, 4.506e-6, -5.209e-7, 4.171e-6, -4.766e-7, 4.309e-6, -4.571e-7, 4.565e-6, -4.457e-7
0.813, 4.570e-6, -5.242e-7, 4.225e-6, -4.788e-7, 4.361e-6, -4.588e-7, 4.632e-6, -4.521e-7
0.814, 4.636e-6, -5.321e-7, 4.275e-6, -4.827e-7, 4.429e-6, -4.661e-7, 4.694e-6, -4.626e-7
0.815, 4.704e-6, -5.456e-7, 4.344e-6, -4.904e-7, 4.483e-6, -4.692e-7, 4.749e-6, -4.661e-7
0.816, 4.764e-6, -5.513e-7, 4.395e-6, -4.961e-7, 4.540e-6, -4.713e-7, 4.804e-6, -4.719e-7
0.817, 4.841e-6, -5.571e-7, 4.462e-6, -4.975e-7, 4.591e-6, -4.792e-7, 4.856e-6, -4.823e-7
0.818, 4.901e-6, -5.652e-7, 4.522e-6, -5.134e-7, 4.652e-6, -4.862e-7, 4.921e-6, -4.835e-7
0.819, 4.964e-6, -5.645e-7, 4.574e-6, -5.114e-7, 4.699e-6, -4.980e-7, 4.982e-6, -4.951e-7
0.820, 5.012e-6, -5.784e-7, 4.637e-6, -5.196e-7, 4.766e-6, -4.992e-7, 5.030e-6, -4.999e-7
0.821, 5.087e-6, -5.820e-7, 4.695e-6, -5.295e-7, 4.819e-6, -5.080e-7, 5.091e-6, -5.085e-7
0.822, 5.155e-6, -5.937e-7, 4.748e-6, -5.314e-7, 4.866e-6, -5.143e-7, 5.150e-6, -5.195e-7
0.823, 5.211e-6, -5.997e-7, 4.811e-6, -5.422e-7, 4.920e-6, -5.238e-7, 5.195e-6, -5.235e-7
0.824, 5.280e-6, -6.027e-7, 4.855e-6, -5.472e-7, 4.989e-6, -5.339e-7, 5.259e-6, -5.332e-7
0.825, 5.363e-6, -6.215e-7, 4.927e-6, -5.504e-7, 5.025e-6, -5.336e-7, 5.307e-6, -5.460e-7
0.826, 5.402e-6, -6.253e-7, 4.972e-6, -5.614e-7, 5.088e-6, -5.448e-7, 5.356e-6, -5.519e-7
0.827, 5.469e-6, -6.351e-7, 5.026e-6, -5.690e-7, 5.133e-6, -5.561e-7, 5.416e-6, -5.628e-7
0.828, 5.514e-6, -6.442e-7, 5.075e-6, -5.796e-7, 5.190e-6, -5.627e-7, 5.462e-6, -5.633e-7
0.829, 5.574e-6, -6.508e-7, 5.138e-6, -5.881e-7, 5.236e-6, -5.746e-7, 5.497e-6, -5.803e-7
0.830, 5.627e-6, -6.642e-7, 5.195e-6, -5.994e-7, 5.286e-6, -5.795e-7, 5.544e-6, -5.889e-7
0.831, 5.689e-6, -6.745e-7, 5.246e-6, -6.027e-7, 5.335e-6, -5.889e-7, 5.599e-6, -6.019e-7
0.832, 5.758e-6, -6.853e-7, 5.281e-6, -6.145e-7, 5.372e-6, -5.993e-7, 5.635e-6, -6.080e-7
0.833, 5.799e-6, -6.877e-7, 5.335e-6, -6.203e-7, 5.434e-6, -6.102e-7, 5.677e-6, -6.255e-7
0.834, 5.859e-6, -7.016e-7, 5.390e-6, -6.298e-7, 5.475e-6, -6.201e-7, 5.715e-6, -6.340e-7
0.835, 5.916e-6, -7.119e-7, 5.435e-6, -6.393e-7, 5.502e-6, -6.285e-7, 5.746e-6, -6.421e-7
0.836, 5.978e-6, -7.271e-7, 5.482e-6, -6.475e-7, 5.541e-6, -6.367e-7, 5.787e-6, -6.557e-7
0.837, 6.027e-6, -7.372e-7, 5.519e-6, -6.617e-7, 5.596e-6, -6.513e-7, 5.835e-6, -6.636e-7
0.838, 6.061e-6, -7.430e-7, 5.569e-6, -6.722e-7, 5.639e-6, -6.644e-7, 5.854e-6, -6.750e-7
0.839, 6.111e-6, -7.582e-7, 5.609e-6, -6.746e-7, 5.668e-6, -6.719e-7, 5.888e-6, -6.902e-7
0.840, 6.158e-6, -7.704e-7, 5.652e-6, -6.874e-7, 5.698e-6, -6.752e-7, 5.913e-6, -6.961e-7
0.841, 6.202e-6, -7.794e-7, 5.694e-6, -7.000e-7, 5.741e-6, -6.889e-7, 5.946e-6, -7.082e-7
0.842, 6.253e-6, -7.906e-7, 5.721e-6, -7.120e-7, 5.757e-6, -6.979e-7, 5.974e-6, -7.182e-7
0.843, 6.277e-6, -7.952e-7, 5.754e-6, -7.230e-7, 5.800e-6, -7.155e-7, 5.996e-6, -7.232e-7
0.844, 6.314e-6, -8.035e-7, 5.797e-6, -7.274e-7, 5.830e-6, -7.251e-7, 6.022e-6, -7.362e-7
0.845, 6.355e-6, -8.213e-7, 5.825e-6, -7.387e-7, 5.844e-6, -7.238e-7, 6.018e-6, -7.458e-7
0.846, 6.392e-6, -8.312e-7, 5.850e-6, -7.447e-7, 5.874e-6, -7.390e-7, 6.051e-6, -7.564e-7
0.847, 6.419e-6, -8.441e-7, 5.880e-6, -7.581e-7, 5.902e-6, -7.454e-7, 6.059e-6, -7.655e-7
0.848, 6.455e-6, -8.508e-7, 5.911e-6, -7.718e-7, 5.915e-6, -7.605e-7, 6.067e-6, -7.706e-7
0.849, 6.474e-6, -8.632e-7, 5.922e-6, -7.769e-7, 5.941e-6, -7.704e-7, 6.085e-6, -7.796e-7
0.850, 6.510e-6, -8.765e-7, 5.949e-6, -7.875e-7, 5.944e-6, -7.720e-7, 6.091e-6, -7.890e-7
0.851, 6.516e-6, -8.827e-7, 5.975e-6, -8.056e-7, 5.977e-6, -7.831e-7, 6.072e-6, -7.897e-7
0.852, 6.555e-6, -8.885e-7, 5.992e-6, -8.044e-7, 5.970e-6, -7.954e-7, 6.084e-6, -8.030e-7
0.853, 6.567e-6, -9.018e-7, 5.991e-6, -8.184e-7, 5.986e-6, -7.952e-7, 6.085e-6, -8.016e-7
0.854, 6.593e-6, -9.116e-7, 6.021e-6, -8.273e-7, 5.983e-6, -8.084e-7, 6.070e-6, -8.128e-7
0.855, 6.600e-6, -9.176e-7, 6.026e-6, -8.312e-7, 5.988e-6, -8.173e-7, 6.064e-6, -8.174e-7
0.856, 6.602e-6, -9.234e-7, 6.035e-6, -8.378e-7, 5.986e-6, -8.251e-7, 6.052e-6, -8.234e-7
0.857, 6.613e-6, -9.337e-7, 6.031e-6, -8.448e-7, 5.993e-6, -8.270e-7, 6.026e-6, -8.242e-7
0.858, 6.611e-6, -9.353e-7, 6.032e-6, -8.550e-7, 5.983e-6, -8.417e-7, 6.014e-6, -8.313e-7
0.859, 6.622e-6, -9.439e-7, 6.031e-6, -8.601e-7, 5.972e-6, -8.441e-7, 5.986e-6, -8.365e-7
0.860, 6.625e-6, -9.572e-7, 6.025e-6, -8.619e-7, 5.957e-6, -8.422e-7, 5.953e-6, -8.350e-7
0.861, 6.624e-6, -9.566e-7, 6.018e-6, -8.698e-7, 5.931e-6, -8.514e-7, 5.920e-6, -8.375e-7
0.862, 6.604e-6, -9.583e-7, 6.007e-6, -8.802e-7, 5.934e-6, -8.566e-7, 5.880e-6, -8.372e-7
0.863, 6.600e-6, -9.724e-7, 5.992e-6, -8.809e-7, 5.888e-6, -8.527e-7, 5.842e-6, -8.350e-7
0.864, 6.580e-6, -9.740e-7, 5.961e-6, -8.881e-7, 5.874e-6, -8.549e-7, 5.800e-6, -8.337e-7
0.865, 6.559e-6, -9.758e-7, 5.932e-6, -8.831e-7, 5.833e-6, -8.601e-7, 5.746e-6, -8.354e-7
0.866, 6.530e-6, -9.743e-7, 5.903e-6, -8.831e-7, 5.804e-6, -8.590e-7, 5.705e-6, -8.338e-7
0.867, 6.490e-6, -9.811e-7, 5.866e-6, -8.858e-7, 5.763e-6, -8.555e-7, 5.637e-6, -8.291e-7
0.868, 6.465e-6, -9.790e-7, 5.817e-6, -8.826e-7, 5.712e-6, -8.570e-7, 5.576e-6, -8.193e-7
0.869, 6.428e-6, -9.810e-7, 5.789e-6, -8.867e-7, 5.672e-6, -8.482e-7, 5.500e-6, -8.130e-7
0.870, 6.382e-6, -9.755e-7, 5.729e-6, -8.869e-7, 5.610e-6, -8.501e-7, 5.427e-6, -8.062e-7
0.871, 6.333e-6, -9.718e-7, 5.688e-6, -8.777e-7, 5.541e-6, -8.470e-7, 5.346e-6, -7.927e-7
0.872, 6.273e-6, -9.638e-7, 5.627e-6, -8.726e-7, 5.492e-6, -8.417e-7, 5.264e-6, -7.860e-7
0.873, 6.212e-6, -9.623e-7, 5.571e-6, -8.706e-7, 5.426e-6, -8.331e-7, 5.176e-6, -7.745e-7
0.874, 6.146e-6, -9.564e-7, 5.495e-6, -8.652e-7, 5.357e-6, -8.253e-7, 5.094e-6, -7.653e-7
0.875, 6.068e-6, -9.539e-7, 5.429e-6, -8.614e-7, 5.271e-6, -8.141e-7, 4.998e-6, -7.479e-7
0.876, 6.002e-6, -9.425e-7, 5.347e-6, -8.480e-7, 5.196e-6, -8.021e-7, 4.901e-6, -7.380e-7
0.877, 5.916e-6, -9.326e-7, 5.260e-6, -8.376e-7, 5.108e-6, -7.954e-7, 4.803e-6, -7.223e-7
0.878, 5.832e-6, -9.241e-7, 5.176e-6, -8.253e-7, 5.032e-6, -7.808e-7, 4.714e-6, -7.127e-7
0.879, 5.740e-6, -9.109e-7, 5.088e-6, -8.177e-7, 4.932e-6, -7.701e-7, 4.614e-6, -6.973e-7
0.880, 5.645e-6, -8.961e-7, 5.002e-6, -8.073e-7, 4.854e-6, -7.635e-7, 4.503e-6, -6.822e-7
0.881, 5.532e-6, -8.913e-7, 4.912e-6, -7.931e-7, 4.760e-6, -7.375e-7, 4.399e-6, -6.638e-7
0.882, 5.450e-6, -8.796e-7, 4.810e-6, -7.819e-7, 4.647e-6, -7.354e-7, 4.306e-6, -6.494e-7
0.883, 5.338e-6, -8.563e-7, 4.719e-6, -7.760e-7, 4.570e-6, -7.236e-7, 4.193e-6, -6.321e-7
0.884, 5.232e-6, -8.439e-7, 4.611e-6, -7.550e-7, 4.460e-6, -7.063e-7, 4.094e-6, -6.207e-7
0.885, 5.130e-6, -8.322e-7, 4.515e-6, -7.444e-7, 4.366e-6, -6.923e-7, 4.003e-6, -6.047e-7
0.886, 5.018e-6, -8.185e-7, 4.398e-6, -7.293e-7, 4.265e-6, -6.776e-7, 3.914e-6, -5.917e-7
0.887, 4.905e-6, -7.994e-7, 4.312e-6, -7.104e-7, 4.180e-6, -6.670e-7, 3.822e-6, -5.745e-7
0.888, 4.798e-6, -7.816e-7, 4.206e-6, -6.931e-7, 4.069e-6, -6.453e-7, 3.732e-6, -5.666e-7
0.889, 4.688e-6, -7.636e-7, 4.110e-6, -6.789e-7, 3.987e-6, -6.374e-7, 3.635e-6, -5.432e-7
0.890, 4.577e-6, -7.476e-7, 4.006e-6, -6.681e-7, 3.892e-6, -6.180e-7, 3.541e-6, -5.320e-7
0.891, 4.472e-6, -7.310e-7, 3.915e-6, -6.505e-7, 3.794e-6, -6.029e-7, 3.447e-6, -5.131e-7
0.892, 4.366e-6, -7.129e-7, 3.812e-6, -6.339e-7, 3.709e-6, -5.866e-7, 3.384e-6, -4.974e-7
0.893, 4.245e-6, -6.946e-7, 3.720e-6, -6.178e-7, 3.634e-6, -5.743e-7, 3.296e-6, -4.865e-7
0.894, 4.150e-6, -6.795e-7, 3.621e-6, -6.015e-7, 3.532e-6, -5.569e-7, 3.220e-6, -4.703e-7
0.895, 4.051e-6, -6.644e-7, 3.527e-6, -5.883e-7, 3.444e-6, -5.435e-7, 3.141e-6, -4.616e-7
0.896, 3.943e-6, -6.438e-7, 3.432e-6, -5.715e-7, 3.366e-6, -5.348e-7, 3.080e-6, -4.502e-7
0.897, 3.843e-6, -6.231e-7, 3.350e-6, -5.576e-7, 3.284e-6, -5.175e-7, 2.995e-6, -4.342e-7
0.898, 3.758e-6, -6.136e-7, 3.261e-6, -5.390e-7, 3.194e-6, -5.041e-7, 2.935e-6, -4.263e-7
0.899, 3.657e-6, -6.009e-7, 3.185e-6, -5.333e-7, 3.121e-6, -4.841e-7, 2.856e-6, -4.067e-7
0.900, 3.561e-6, -5.814e-7, 3.110e-6, -5.114e-7, 3.061e-6, -4.774e-7, 2.788e-6, -4.028e-7
