0.896, -4.215e-7, 1.319e-5, 1.361e-5, -5.810e-7, 1.378e-5, 1.436e-5, -5.743e-7, 1.190e-5, 1.247e-5, -7.739e-7, 1.252e-5, 1.329e-5, -5.604e-7, 1.141e-5, 1.197e-5, -7.927e-7, 1.209e-5, 1.289e-5, -5.065e-7, 1.350e-5, 1.400e-5, -7.552e-7, 1.397e-5, 1.472e-5
0.892, -8.223e-7, 1.050e-5, 1.132e-5, -9.802e-7, 1.089e-5, 1.188e-5, -9.292e-7, 9.372e-6, 1.030e-5, -1.126e-6, 9.781e-6, 1.091e-5, -9.144e-7, 8.935e-6, 9.850e-6, -1.149e-6, 9.378e-6, 1.053e-5, -9.459e-7, 1.055e-5, 1.150e-5, -1.175e-6, 1.083e-5, 1.201e-5
0.888, -8.850e-7, 9.003e-6, 9.888e-6, -1.024e-6, 9.318e-6, 1.034e-5, -9.616e-7, 8.001e-6, 8.962e-6, -1.135e-6, 8.314e-6, 9.449e-6, -9.439e-7, 7.603e-6, 8.547e-6, -1.154e-6, 7.942e-6, 9.096e-6, -9.963e-7, 8.979e-6, 9.975e-6, -1.192e-6, 9.179e-6, 1.037e-5
0.884, -8.860e-7, 7.997e-6, 8.883e-6, -1.007e-6, 8.262e-6, 9.269e-6, -9.440e-7, 7.083e-6, 8.027e-6, -1.093e-6, 7.341e-6, 8.434e-6, -9.265e-7, 6.714e-6, 7.641e-6, -1.112e-6, 6.994e-6, 8.105e-6, -9.818e-7, 7.939e-6, 8.921e-6, -1.149e-6, 8.094e-6, 9.243e-6
0.880, -8.702e-7, 7.260e-6, 8.130e-6, -9.731e-7, 7.496e-6, 8.469e-6, -9.107e-7, 6.417e-6, 7.327e-6, -1.043e-6, 6.637e-6, 7.680e-6, -8.937e-7, 6.071e-6, 6.965e-6, -1.059e-6, 6.310e-6, 7.369e-6, -9.517e-7, 7.186e-6, 8.138e-6, -1.096e-6, 7.312e-6, 8.408e-6
0.876, -8.458e-7, 6.694e-6, 7.540e-6, -9.369e-7, 6.907e-6, 7.844e-6, -8.765e-7, 5.904e-6, 6.780e-6, -9.936e-7, 6.097e-6, 7.090e-6, -8.618e-7, 5.577e-6, 6.439e-6, -1.009e-6, 5.786e-6, 6.795e-6, -9.157e-7, 6.612e-6, 7.528e-6, -1.042e-6, 6.717e-6, 7.760e-6
0.872, -8.196e-7, 6.244e-6, 7.063e-6, -8.997e-7, 6.440e-6, 7.340e-6, -8.457e-7, 5.495e-6, 6.340e-6, -9.494e-7, 5.667e-6, 6.616e-6, -8.292e-7, 5.185e-6, 6.014e-6, -9.641e-7, 5.371e-6, 6.336e-6, -8.811e-7, 6.156e-6, 7.037e-6, -9.910e-7, 6.247e-6, 7.238e-6
0.868, -7.957e-7, 5.873e-6, 6.669e-6, -8.658e-7, 6.056e-6, 6.922e-6, -8.150e-7, 5.160e-6, 5.976e-6, -9.093e-7, 5.316e-6, 6.225e-6, -7.996e-7, 4.863e-6, 5.663e-6, -9.215e-7, 5.034e-6, 5.955e-6, -8.506e-7, 5.783e-6, 6.633e-6, -9.468e-7, 5.862e-6, 6.809e-6
0.864, -7.742e-7, 5.562e-6, 6.337e-6, -8.378e-7, 5.733e-6, 6.571e-6, -7.867e-7, 4.881e-6, 5.668e-6, -8.724e-7, 5.023e-6, 5.895e-6, -7.725e-7, 4.595e-6, 5.368e-6, -8.839e-7, 4.752e-6, 5.636e-6, -8.230e-7, 5.470e-6, 6.293e-6, -9.091e-7, 5.541e-6, 6.450e-6
0.860, -7.547e-7, 5.296e-6, 6.051e-6, -8.109e-7, 5.459e-6, 6.270e-6, -7.632e-7, 4.641e-6, 5.404e-6, -8.395e-7, 4.773e-6, 5.613e-6, -7.500e-7, 4.366e-6, 5.116e-6, -8.524e-7, 4.510e-6, 5.363e-6, -7.966e-7, 5.205e-6, 6.002e-6, -8.749e-7, 5.267e-6, 6.142e-6
0.856, -7.353e-7, 5.067e-6, 5.802e-6, -7.871e-7, 5.222e-6, 6.009e-6, -7.415e-7, 4.434e-6, 5.176e-6, -8.117e-7, 4.556e-6, 5.368e-6, -7.300e-7, 4.168e-6, 4.898e-6, -8.240e-7, 4.303e-6, 5.127e-6, -7.736e-7, 4.976e-6, 5.749e-6, -8.440e-7, 5.032e-6, 5.876e-6
0.852, -7.195e-7, 4.865e-6, 5.585e-6, -7.659e-7, 5.014e-6, 5.780e-6, -7.243e-7, 4.253e-6, 4.977e-6, -7.876e-7, 4.367e-6, 5.155e-6, -7.110e-7, 3.996e-6, 4.707e-6, -8.006e-7, 4.121e-6, 4.922e-6, -7.541e-7, 4.775e-6, 5.529e-6, -8.167e-7, 4.826e-6, 5.643e-6
0.848, -7.049e-7, 4.687e-6, 5.392e-6, -7.472e-7, 4.831e-6, 5.578e-6, -7.077e-7, 4.093e-6, 4.800e-6, -7.678e-7, 4.199e-6, 4.967e-6, -6.951e-7, 3.842e-6, 4.538e-6, -7.786e-7, 3.961e-6, 4.740e-6, -7.373e-7, 4.596e-6, 5.334e-6, -7.940e-7, 4.644e-6, 5.438e-6
0.844, -6.939e-7, 4.527e-6, 5.221e-6, -7.313e-7, 4.666e-6, 5.397e-6, -6.934e-7, 3.949e-6, 4.643e-6, -7.496e-7, 4.050e-6, 4.800e-6, -6.821e-7, 3.706e-6, 4.388e-6, -7.604e-7, 3.818e-6, 4.578e-6, -7.227e-7, 4.438e-6, 5.161e-6, -7.744e-7, 4.481e-6, 5.256e-6
0.840, -6.836e-7, 4.384e-6, 5.067e-6, -7.177e-7, 4.518e-6, 5.235e-6, -6.815e-7, 3.820e-6, 4.501e-6, -7.336e-7, 3.916e-6, 4.649e-6, -6.698e-7, 3.583e-6, 4.253e-6, -7.443e-7, 3.689e-6, 4.434e-6, -7.105e-7, 4.295e-6, 5.006e-6, -7.569e-7, 4.336e-6, 5.093e-6
0.836, -6.754e-7, 4.252e-6, 4.928e-6, -7.066e-7, 4.384e-6, 5.090e-6, -6.702e-7, 3.703e-6, 4.374e-6, -7.197e-7, 3.794e-6, 4.514e-6, -6.582e-7, 3.473e-6, 4.131e-6, -7.288e-7, 3.574e-6, 4.303e-6, -7.007e-7, 4.165e-6, 4.866e-6, -7.429e-7, 4.203e-6, 4.946e-6
0.832, -6.683e-7, 4.133e-6, 4.801e-6, -6.968e-7, 4.261e-6, 4.958e-6, -6.610e-7, 3.596e-6, 4.257e-6, -7.077e-7, 3.684e-6, 4.391e-6, -6.495e-7, 3.372e-6, 4.021e-6, -7.168e-7, 3.468e-6, 4.185e-6, -6.912e-7, 4.047e-6, 4.738e-6, -7.308e-7, 4.082e-6, 4.813e-6
0.828, -6.624e-7, 4.024e-6, 4.686e-6, -6.889e-7, 4.149e-6, 4.838e-6, -6.529e-7, 3.499e-6, 4.152e-6, -6.972e-7, 3.583e-6, 4.280e-6, -6.419e-7, 3.279e-6, 3.921e-6, -7.061e-7, 3.372e-6, 4.078e-6, -6.832e-7, 3.939e-6, 4.622e-6, -7.194e-7, 3.972e-6, 4.691e-6
0.824, -6.563e-7, 3.924e-6, 4.580e-6, -6.803e-7, 4.046e-6, 4.727e-6, -6.461e-7, 3.409e-6, 4.055e-6, -6.879e-7, 3.489e-6, 4.177e-6, -6.348e-7, 3.194e-6, 3.829e-6, -6.970e-7, 3.283e-6, 3.980e-6, -6.767e-7, 3.839e-6, 4.515e-6, -7.100e-7, 3.870e-6, 4.580e-6
0.820, -6.528e-7, 3.829e-6, 4.482e-6, -6.746e-7, 3.950e-6, 4.625e-6, -6.402e-7, 3.325e-6, 3.965e-6, -6.803e-7, 3.403e-6, 4.083e-6, -6.300e-7, 3.114e-6, 3.744e-6, -6.896e-7, 3.201e-6, 3.890e-6, -6.714e-7, 3.746e-6, 4.418e-6, -7.031e-7, 3.776e-6, 4.479e-6
0.816, -6.492e-7, 3.742e-6, 4.392e-6, -6.704e-7, 3.861e-6, 4.531e-6, -6.360e-7, 3.247e-6, 3.883e-6, -6.740e-7, 3.323e-6, 3.997e-6, -6.262e-7, 3.041e-6, 3.667e-6, -6.829e-7, 3.124e-6, 3.807e-6, -6.678e-7, 3.660e-6, 4.327e-6, -6.972e-7, 3.689e-6, 4.386e-6
0.812, -6.466e-7, 3.662e-6, 4.308e-6, -6.670e-7, 3.778e-6, 4.445e-6, -6.318e-7, 3.175e-6, 3.807e-6, -6.695e-7, 3.248e-6, 3.917e-6, -6.229e-7, 2.972e-6, 3.595e-6, -6.783e-7, 3.052e-6, 3.731e-6, -6.640e-7, 3.580e-6, 4.244e-6, -6.916e-7, 3.607e-6, 4.299e-6
0.808, -6.457e-7, 3.585e-6, 4.231e-6, -6.656e-7, 3.700e-6, 4.365e-6, -6.296e-7, 3.107e-6, 3.736e-6, -6.659e-7, 3.178e-6, 3.843e-6, -6.211e-7, 2.908e-6, 3.529e-6, -6.750e-7, 2.985e-6, 3.660e-6, -6.615e-7, 3.504e-6, 4.166e-6, -6.886e-7, 3.531e-6, 4.219e-6
0.804, -6.444e-7, 3.514e-6, 4.158e-6, -6.620e-7, 3.627e-6, 4.289e-6, -6.291e-7, 3.042e-6, 3.671e-6, -6.630e-7, 3.111e-6, 3.774e-6, -6.195e-7, 2.847e-6, 3.466e-6, -6.721e-7, 2.922e-6, 3.595e-6, -6.599e-7, 3.434e-6, 4.093e-6, -6.852e-7, 3.459e-6, 4.144e-6
0.800, -6.447e-7, 3.446e-6, 4.091e-6, -6.615e-7, 3.558e-6, 4.219e-6, -6.277e-7, 2.982e-6, 3.609e-6, -6.610e-7, 3.049e-6, 3.710e-6, -6.193e-7, 2.790e-6, 3.409e-6, -6.707e-7, 2.863e-6, 3.534e-6, -6.596e-7, 3.367e-6, 4.026e-6, -6.830e-7, 3.392e-6, 4.075e-6
0.796, -6.446e-7, 3.382e-6, 4.027e-6, -6.598e-7, 3.493e-6, 4.153e-6, -6.268e-7, 2.925e-6, 3.551e-6, -6.595e-7, 2.990e-6, 3.649e-6, -6.194e-7, 2.735e-6, 3.355e-6, -6.693e-7, 2.807e-6, 3.476e-6, -6.588e-7, 3.304e-6, 3.962e-6, -6.817e-7, 3.328e-6, 4.009e-6
0.792, -6.470e-7, 3.320e-6, 3.967e-6, -6.614e-7, 3.431e-6, 4.092e-6, -6.278e-7, 2.869e-6, 3.497e-6, -6.604e-7, 2.934e-6, 3.594e-6, -6.208e-7, 2.683e-6, 3.304e-6, -6.691e-7, 2.753e-6, 3.423e-6, -6.602e-7, 3.243e-6, 3.903e-6, -6.821e-7, 3.267e-6, 3.949e-6
0.788, -6.487e-7, 3.263e-6, 3.912e-6, -6.621e-7, 3.372e-6, 4.034e-6, -6.293e-7, 2.818e-6, 3.447e-6, -6.602e-7, 2.881e-6, 3.541e-6, -6.214e-7, 2.635e-6, 3.256e-6, -6.697e-7, 2.703e-6, 3.373e-6, -6.609e-7, 3.186e-6, 3.847e-6, -6.823e-7, 3.209e-6, 3.891e-6
0.784, -6.500e-7, 3.208e-6, 3.858e-6, -6.621e-7, 3.318e-6, 3.980e-6, -6.314e-7, 2.768e-6, 3.400e-6, -6.613e-7, 2.831e-6, 3.492e-6, -6.231e-7, 2.588e-6, 3.211e-6, -6.706e-7, 2.655e-6, 3.325e-6, -6.625e-7, 3.132e-6, 3.795e-6, -6.827e-7, 3.155e-6, 3.837e-6
0.780, -6.534e-7, 3.154e-6, 3.808e-6, -6.649e-7, 3.263e-6, 3.928e-6, -6.334e-7, 2.721e-6, 3.355e-6, -6.625e-7, 2.782e-6, 3.445e-6, -6.259e-7, 2.543e-6, 3.169e-6, -6.721e-7, 2.609e-6, 3.281e-6, -6.652e-7, 3.079e-6, 3.745e-6, -6.841e-7, 3.102e-6, 3.786e-6
0.776, -6.598e-7, 3.102e-6, 3.762e-6, -6.681e-7, 3.212e-6, 3.880e-6, -6.368e-7, 2.675e-6, 3.312e-6, -6.644e-7, 2.736e-6, 3.400e-6, -6.284e-7, 2.500e-6, 3.129e-6, -6.746e-7, 2.565e-6, 3.239e-6, -6.686e-7, 3.029e-6, 3.698e-6, -6.862e-7, 3.052e-6, 3.738e-6
0.772, -6.632e-7, 3.054e-6, 3.717e-6, -6.696e-7, 3.164e-6, 3.833e-6, -6.399e-7, 2.632e-6, 3.272e-6, -6.668e-7, 2.692e-6, 3.358e-6, -6.309e-7, 2.460e-6, 3.091e-6, -6.759e-7, 2.523e-6, 3.199e-6, -6.722e-7, 2.982e-6, 3.654e-6, -6.886e-7, 3.004e-6, 3.693e-6
0.768, -6.685e-7, 3.007e-6, 3.675e-6, -6.743e-7, 3.116e-6, 3.790e-6, -6.450e-7, 2.589e-6, 3.234e-6, -6.703e-7, 2.649e-6, 3.319e-6, -6.352e-7, 2.420e-6, 3.055e-6, -6.792e-7, 2.482e-6, 3.162e-6, -6.759e-7, 2.936e-6, 3.612e-6, -6.912e-7, 2.959e-6, 3.650e-6
0.764, -6.746e-7, 2.960e-6, 3.635e-6, -6.794e-7, 3.070e-6, 3.750e-6, -6.483e-7, 2.549e-6, 3.197e-6, -6.734e-7, 2.608e-6, 3.281e-6, -6.397e-7, 2.382e-6, 3.022e-6, -6.823e-7, 2.443e-6, 3.126e-6, -6.804e-7, 2.891e-6, 3.572e-6, -6.951e-7, 2.914e-6, 3.609e-6
0.760, -6.819e-7, 2.915e-6, 3.597e-6, -6.843e-7, 3.026e-6, 3.710e-6, -6.535e-7, 2.510e-6, 3.164e-6, -6.773e-7, 2.568e-6, 3.246e-6, -6.450e-7, 2.344e-6, 2.989e-6, -6.862e-7, 2.406e-6, 3.092e-6, -6.865e-7, 2.848e-6, 3.534e-6, -6.988e-7, 2.872e-6, 3.571e-6
0.756, -6.880e-7, 2.873e-6, 3.561e-6, -6.888e-7, 2.984e-6, 3.673e-6, -6.592e-7, 2.471e-6, 3.130e-6, -6.809e-7, 2.531e-6, 3.212e-6, -6.511e-7, 2.308e-6, 2.959e-6, -6.907e-7, 2.369e-6, 3.060e-6, -6.916e-7, 2.807e-6, 3.498e-6, -7.019e-7, 2.831e-6, 3.533e-6
0.752, -6.968e-7, 2.830e-6, 3.527e-6, -6.962e-7, 2.942e-6, 3.638e-6, -6.654e-7, 2.434e-6, 3.099e-6, -6.870e-7, 2.493e-6, 3.180e-6, -6.575e-7, 2.273e-6, 2.930e-6, -6.955e-7, 2.334e-6, 3.029e-6, -6.987e-7, 2.765e-6, 3.464e-6, -7.065e-7, 2.791e-6, 3.498e-6
0.748, -7.048e-7, 2.789e-6, 3.494e-6, -7.012e-7, 2.903e-6, 3.604e-6, -6.725e-7, 2.398e-6, 3.070e-6, -6.914e-7, 2.458e-6, 3.149e-6, -6.639e-7, 2.239e-6, 2.903e-6, -7.009e-7, 2.300e-6, 3.000e-6, -7.047e-7, 2.726e-6, 3.431e-6, -7.115e-7, 2.753e-6, 3.464e-6
0.744, -7.146e-7, 2.748e-6, 3.463e-6, -7.094e-7, 2.864e-6, 3.573e-6, -6.793e-7, 2.362e-6, 3.042e-6, -6.972e-7, 2.423e-6, 3.120e-6, -6.712e-7, 2.205e-6, 2.876e-6, -7.076e-7, 2.266e-6, 2.974e-6, -7.130e-7, 2.687e-6, 3.400e-6, -7.171e-7, 2.715e-6, 3.432e-6
0.740, -7.257e-7, 2.708e-6, 3.434e-6, -7.182e-7, 2.825e-6, 3.543e-6, -6.875e-7, 2.327e-6, 3.015e-6, -7.032e-7, 2.389e-6, 3.093e-6, -6.800e-7, 2.172e-6, 2.852e-6, -7.132e-7, 2.234e-6, 2.947e-6, -7.216e-7, 2.649e-6, 3.371e-6, -7.238e-7, 2.678e-6, 3.402e-6
0.736, -7.367e-7, 2.669e-6, 3.406e-6, -7.265e-7, 2.788e-6, 3.514e-6, -6.967e-7, 2.292e-6, 2.989e-6, -7.105e-7, 2.355e-6, 3.066e-6, -6.884e-7, 2.139e-6, 2.828e-6, -7.204e-7, 2.202e-6, 2.922e-6, -7.306e-7, 2.613e-6, 3.343e-6, -7.297e-7, 2.643e-6, 3.373e-6
0.732, -7.480e-7, 2.630e-6, 3.378e-6, -7.358e-7, 2.751e-6, 3.487e-6, -7.064e-7, 2.259e-6, 2.965e-6, -7.180e-7, 2.323e-6, 3.041e-6, -6.980e-7, 2.108e-6, 2.806e-6, -7.287e-7, 2.171e-6, 2.899e-6, -7.392e-7, 2.577e-6, 3.316e-6, -7.375e-7, 2.608e-6, 3.346e-6
0.728, -7.612e-7, 2.591e-6, 3.352e-6, -7.469e-7, 2.714e-6, 3.461e-6, -7.178e-7, 2.225e-6, 2.943e-6, -7.275e-7, 2.290e-6, 3.017e-6, -7.077e-7, 2.076e-6, 2.784e-6, -7.374e-7, 2.140e-6, 2.877e-6, -7.500e-7, 2.541e-6, 3.291e-6, -7.449e-7, 2.575e-6, 3.320e-6
0.724, -7.749e-7, 2.554e-6, 3.329e-6, -7.582e-7, 2.678e-6, 3.437e-6, -7.279e-7, 2.193e-6, 2.921e-6, -7.365e-7, 2.259e-6, 2.995e-6, -7.183e-7, 2.045e-6, 2.764e-6, -7.461e-7, 2.110e-6, 2.856e-6, -7.610e-7, 2.506e-6, 3.267e-6, -7.534e-7, 2.542e-6, 3.295e-6
0.720, -7.884e-7, 2.516e-6, 3.304e-6, -7.711e-7, 2.642e-6, 3.413e-6, -7.400e-7, 2.160e-6, 2.900e-6, -7.462e-7, 2.227e-6, 2.974e-6, -7.304e-7, 2.013e-6, 2.744e-6, -7.555e-7, 2.080e-6, 2.835e-6, -7.731e-7, 2.470e-6, 3.243e-6, -7.626e-7, 2.508e-6, 3.271e-6
0.716, -8.042e-7, 2.478e-6, 3.282e-6, -7.836e-7, 2.607e-6, 3.391e-6, -7.529e-7, 2.127e-6, 2.880e-6, -7.568e-7, 2.196e-6, 2.953e-6, -7.425e-7, 1.983e-6, 2.725e-6, -7.659e-7, 2.051e-6, 2.816e-6, -7.859e-7, 2.435e-6, 3.221e-6, -7.722e-7, 2.477e-6, 3.249e-6
0.712, -8.211e-7, 2.440e-6, 3.261e-6, -7.983e-7, 2.572e-6, 3.370e-6, -7.671e-7, 2.094e-6, 2.861e-6, -7.693e-7, 2.165e-6, 2.935e-6, -7.557e-7, 1.952e-6, 2.707e-6, -7.775e-7, 2.021e-6, 2.799e-6, -8.004e-7, 2.400e-6, 3.200e-6, -7.827e-7, 2.445e-6, 3.228e-6
0.708, -8.392e-7, 2.401e-6, 3.240e-6, -8.139e-7, 2.537e-6, 3.351e-6, -7.813e-7, 2.061e-6, 2.842e-6, -7.811e-7, 2.134e-6, 2.915e-6, -7.697e-7, 1.921e-6, 2.690e-6, -7.902e-7, 1.991e-6, 2.782e-6, -8.150e-7, 2.365e-6, 3.180e-6, -7.951e-7, 2.413e-6, 3.208e-6
0.704, -8.574e-7, 2.363e-6, 3.220e-6, -8.310e-7, 2.501e-6, 3.332e-6, -7.983e-7, 2.027e-6, 2.826e-6, -7.951e-7, 2.104e-6, 2.899e-6, -7.851e-7, 1.889e-6, 2.675e-6, -8.035e-7, 1.962e-6, 2.766e-6, -8.314e-7, 2.330e-6, 3.161e-6, -8.077e-7, 2.381e-6, 3.189e-6
0.700, -8.788e-7, 2.323e-6, 3.202e-6, -8.485e-7, 2.465e-6, 3.313e-6, -8.146e-7, 1.995e-6, 2.809e-6, -8.099e-7, 2.073e-6, 2.883e-6, -8.009e-7, 1.858e-6, 2.659e-6, -8.179e-7, 1.932e-6, 2.750e-6, -8.488e-7, 2.294e-6, 3.143e-6, -8.216e-7, 2.349e-6, 3.171e-6
0.696, -9.012e-7, 2.283e-6, 3.185e-6, -8.695e-7, 2.428e-6, 3.298e-6, -8.329e-7, 1.960e-6, 2.793e-6, -8.265e-7, 2.041e-6, 2.868e-6, -8.190e-7, 1.825e-6, 2.644e-6, -8.333e-7, 1.903e-6, 2.736e-6, -8.679e-7, 2.258e-6, 3.126e-6, -8.371e-7, 2.317e-6, 3.154e-6
0.692, -9.236e-7, 2.243e-6, 3.166e-6, -8.893e-7, 2.392e-6, 3.281e-6, -8.518e-7, 1.926e-6, 2.778e-6, -8.431e-7, 2.010e-6, 2.853e-6, -8.376e-7, 1.793e-6, 2.630e-6, -8.499e-7, 1.873e-6, 2.723e-6, -8.872e-7, 2.222e-6, 3.109e-6, -8.521e-7, 2.285e-6, 3.137e-6
0.688, -9.457e-7, 2.202e-6, 3.148e-6, -9.115e-7, 2.354e-6, 3.265e-6, -8.735e-7, 1.891e-6, 2.764e-6, -8.620e-7, 1.978e-6, 2.840e-6, -8.574e-7, 1.759e-6, 2.617e-6, -8.669e-7, 1.842e-6, 2.709e-6, -9.083e-7, 2.185e-6, 3.093e-6, -8.695e-7, 2.252e-6, 3.122e-6
0.684, -9.730e-7, 2.159e-6, 3.132e-6, -9.365e-7, 2.315e-6, 3.251e-6, -8.946e-7, 1.856e-6, 2.750e-6, -8.823e-7, 1.945e-6, 2.827e-6, -8.787e-7, 1.725e-6, 2.604e-6, -8.875e-7, 1.810e-6, 2.698e-6, -9.325e-7, 2.146e-6, 3.079e-6, -8.891e-7, 2.219e-6, 3.108e-6
0.680, -1.001e-6, 2.117e-6, 3.117e-6, -9.625e-7, 2.276e-6, 3.239e-6, -9.180e-7, 1.819e-6, 2.737e-6, -9.031e-7, 1.912e-6, 2.815e-6, -9.013e-7, 1.690e-6, 2.591e-6, -9.073e-7, 1.779e-6, 2.687e-6, -9.559e-7, 2.108e-6, 3.064e-6, -9.104e-7, 2.185e-6, 3.095e-6
0.676, -1.030e-6, 2.073e-6, 3.102e-6, -9.904e-7, 2.236e-6, 3.226e-6, -9.431e-7, 1.781e-6, 2.724e-6, -9.258e-7, 1.878e-6, 2.804e-6, -9.254e-7, 1.654e-6, 2.580e-6, -9.291e-7, 1.747e-6, 2.676e-6, -9.820e-7, 2.068e-6, 3.050e-6, -9.330e-7, 2.150e-6, 3.083e-6
0.672, -1.061e-6, 2.028e-6, 3.088e-6, -1.020e-6, 2.195e-6, 3.215e-6, -9.693e-7, 1.742e-6, 2.712e-6, -9.501e-7, 1.843e-6, 2.793e-6, -9.507e-7, 1.618e-6, 2.568e-6, -9.528e-7, 1.714e-6, 2.666e-6, -1.010e-6, 2.027e-6, 3.037e-6, -9.564e-7, 2.115e-6, 3.071e-6
0.668, -1.093e-6, 1.981e-6, 3.074e-6, -1.051e-6, 2.152e-6, 3.203e-6, -9.976e-7, 1.703e-6, 2.700e-6, -9.765e-7, 1.807e-6, 2.784e-6, -9.775e-7, 1.580e-6, 2.557e-6, -9.779e-7, 1.679e-6, 2.657e-6, -1.039e-6, 1.986e-6, 3.025e-6, -9.823e-7, 2.078e-6, 3.060e-6
0.664, -1.126e-6, 1.933e-6, 3.059e-6, -1.085e-6, 2.107e-6, 3.192e-6, -1.028e-6, 1.661e-6, 2.689e-6, -1.004e-6, 1.770e-6, 2.774e-6, -1.006e-6, 1.541e-6, 2.547e-6, -1.006e-6, 1.643e-6, 2.649e-6, -1.072e-6, 1.942e-6, 3.013e-6, -1.010e-6, 2.041e-6, 3.051e-6
0.660, -1.162e-6, 1.884e-6, 3.047e-6, -1.120e-6, 2.063e-6, 3.183e-6, -1.058e-6, 1.619e-6, 2.677e-6, -1.035e-6, 1.731e-6, 2.766e-6, -1.035e-6, 1.501e-6, 2.536e-6, -1.034e-6, 1.607e-6, 2.641e-6, -1.104e-6, 1.898e-6, 3.002e-6, -1.039e-6, 2.002e-6, 3.041e-6
0.656, -1.200e-6, 1.833e-6, 3.033e-6, -1.158e-6, 2.015e-6, 3.173e-6, -1.091e-6, 1.576e-6, 2.667e-6, -1.066e-6, 1.691e-6, 2.757e-6, -1.067e-6, 1.459e-6, 2.526e-6, -1.064e-6, 1.569e-6, 2.633e-6, -1.139e-6, 1.851e-6, 2.990e-6, -1.070e-6, 1.962e-6, 3.032e-6
0.652, -1.238e-6, 1.781e-6, 3.019e-6, -1.198e-6, 1.967e-6, 3.164e-6, -1.126e-6, 1.531e-6, 2.656e-6, -1.100e-6, 1.650e-6, 2.750e-6, -1.099e-6, 1.417e-6, 2.516e-6, -1.097e-6, 1.530e-6, 2.627e-6, -1.176e-6, 1.804e-6, 2.980e-6, -1.104e-6, 1.920e-6, 3.024e-6
0.648, -1.278e-6, 1.727e-6, 3.005e-6, -1.239e-6, 1.916e-6, 3.155e-6, -1.161e-6, 1.484e-6, 2.646e-6, -1.135e-6, 1.607e-6, 2.743e-6, -1.133e-6, 1.373e-6, 2.506e-6, -1.131e-6, 1.489e-6, 2.619e-6, -1.215e-6, 1.754e-6, 2.969e-6, -1.140e-6, 1.877e-6, 3.017e-6
0.644, -1.318e-6, 1.673e-6, 2.991e-6, -1.282e-6, 1.864e-6, 3.146e-6, -1.198e-6, 1.437e-6, 2.635e-6, -1.173e-6, 1.563e-6, 2.736e-6, -1.167e-6, 1.328e-6, 2.495e-6, -1.166e-6, 1.447e-6, 2.613e-6, -1.255e-6, 1.703e-6, 2.958e-6, -1.177e-6, 1.832e-6, 3.010e-6
0.640, -1.362e-6, 1.616e-6, 2.977e-6, -1.327e-6, 1.810e-6, 3.138e-6, -1.236e-6, 1.388e-6, 2.624e-6, -1.212e-6, 1.517e-6, 2.729e-6, -1.203e-6, 1.282e-6, 2.485e-6, -1.203e-6, 1.403e-6, 2.606e-6, -1.297e-6, 1.650e-6, 2.947e-6, -1.218e-6, 1.785e-6, 3.003e-6
0.636, -1.403e-6, 1.558e-6, 2.961e-6, -1.374e-6, 1.754e-6, 3.128e-6, -1.276e-6, 1.337e-6, 2.614e-6, -1.253e-6, 1.469e-6, 2.722e-6, -1.240e-6, 1.234e-6, 2.474e-6, -1.242e-6, 1.358e-6, 2.600e-6, -1.341e-6, 1.596e-6, 2.936e-6, -1.261e-6, 1.736e-6, 2.997e-6
0.632, -1.448e-6, 1.498e-6, 2.946e-6, -1.424e-6, 1.696e-6, 3.120e-6, -1.315e-6, 1.286e-6, 2.601e-6, -1.296e-6, 1.420e-6, 2.716e-6, -1.277e-6, 1.186e-6, 2.463e-6, -1.282e-6, 1.312e-6, 2.594e-6, -1.385e-6, 1.540e-6, 2.925e-6, -1.306e-6, 1.685e-6, 2.991e-6
0.628, -1.491e-6, 1.438e-6, 2.929e-6, -1.472e-6, 1.638e-6, 3.110e-6, -1.354e-6, 1.235e-6, 2.589e-6, -1.339e-6, 1.370e-6, 2.709e-6, -1.314e-6, 1.137e-6, 2.450e-6, -1.323e-6, 1.264e-6, 2.588e-6, -1.430e-6, 1.483e-6, 2.913e-6, -1.351e-6, 1.633e-6, 2.984e-6
0.624, -1.533e-6, 1.378e-6, 2.911e-6, -1.522e-6, 1.577e-6, 3.099e-6, -1.395e-6, 1.181e-6, 2.575e-6, -1.384e-6, 1.317e-6, 2.701e-6, -1.351e-6, 1.086e-6, 2.437e-6, -1.365e-6, 1.215e-6, 2.580e-6, -1.476e-6, 1.424e-6, 2.900e-6, -1.400e-6, 1.578e-6, 2.978e-6
0.620, -1.574e-6, 1.317e-6, 2.891e-6, -1.573e-6, 1.516e-6, 3.088e-6, -1.434e-6, 1.127e-6, 2.561e-6, -1.429e-6, 1.265e-6, 2.694e-6, -1.388e-6, 1.036e-6, 2.423e-6, -1.408e-6, 1.165e-6, 2.573e-6, -1.522e-6, 1.365e-6, 2.887e-6, -1.449e-6, 1.523e-6, 2.972e-6
0.616, -1.615e-6, 1.255e-6, 2.870e-6, -1.623e-6, 1.453e-6, 3.076e-6, -1.472e-6, 1.072e-6, 2.545e-6, -1.474e-6, 1.210e-6, 2.685e-6, -1.424e-6, 9.841e-7, 2.408e-6, -1.450e-6, 1.114e-6, 2.564e-6, -1.567e-6, 1.305e-6, 2.872e-6, -1.499e-6, 1.465e-6, 2.965e-6
0.612, -1.652e-6, 1.193e-6, 2.845e-6, -1.672e-6, 1.390e-6, 3.062e-6, -1.511e-6, 1.017e-6, 2.528e-6, -1.521e-6, 1.155e-6, 2.676e-6, -1.458e-6, 9.329e-7, 2.391e-6, -1.494e-6, 1.061e-6, 2.555e-6, -1.611e-6, 1.244e-6, 2.855e-6, -1.550e-6, 1.407e-6, 2.957e-6
0.608, -1.690e-6, 1.131e-6, 2.821e-6, -1.721e-6, 1.325e-6, 3.047e-6, -1.547e-6, 9.624e-7, 2.509e-6, -1.566e-6, 1.099e-6, 2.665e-6, -1.491e-6, 8.811e-7, 2.372e-6, -1.536e-6, 1.009e-6, 2.545e-6, -1.655e-6, 1.183e-6, 2.837e-6, -1.601e-6, 1.347e-6, 2.948e-6
0.604, -1.724e-6, 1.068e-6, 2.792e-6, -1.770e-6, 1.259e-6, 3.029e-6, -1.580e-6, 9.080e-7, 2.488e-6, -1.611e-6, 1.042e-6, 2.653e-6, -1.522e-6, 8.293e-7, 2.351e-6, -1.578e-6, 9.552e-7, 2.533e-6, -1.696e-6, 1.121e-6, 2.817e-6, -1.653e-6, 1.286e-6, 2.938e-6
0.600, -1.753e-6, 1.008e-6, 2.761e-6, -1.814e-6, 1.195e-6, 3.009e-6, -1.612e-6, 8.524e-7, 2.465e-6, -1.654e-6, 9.849e-7, 2.639e-6, -1.550e-6, 7.781e-7, 2.328e-6, -1.618e-6, 9.012e-7, 2.519e-6, -1.735e-6, 1.059e-6, 2.794e-6, -1.703e-6, 1.224e-6, 2.927e-6
0.596, -1.778e-6, 9.476e-7, 2.726e-6, -1.855e-6, 1.131e-6, 2.986e-6, -1.639e-6, 7.988e-7, 2.438e-6, -1.694e-6, 9.281e-7, 2.622e-6, -1.575e-6, 7.272e-7, 2.302e-6, -1.655e-6, 8.483e-7, 2.503e-6, -1.771e-6, 9.979e-7, 2.769e-6, -1.751e-6, 1.163e-6, 2.913e-6
0.592, -1.801e-6, 8.878e-7, 2.689e-6, -1.894e-6, 1.066e-6, 2.960e-6, -1.664e-6, 7.443e-7, 2.408e-6, -1.733e-6, 8.709e-7, 2.604e-6, -1.597e-6, 6.769e-7, 2.273e-6, -1.691e-6, 7.942e-7, 2.485e-6, -1.803e-6, 9.376e-7, 2.741e-6, -1.799e-6, 1.099e-6, 2.898e-6
0.588, -1.820e-6, 8.292e-7, 2.649e-6, -1.929e-6, 1.003e-6, 2.932e-6, -1.687e-6, 6.909e-7, 2.378e-6, -1.769e-6, 8.136e-7, 2.583e-6, -1.616e-6, 6.275e-7, 2.244e-6, -1.725e-6, 7.404e-7, 2.465e-6, -1.833e-6, 8.770e-7, 2.710e-6, -1.843e-6, 1.037e-6, 2.880e-6
0.584, -1.833e-6, 7.714e-7, 2.605e-6, -1.959e-6, 9.396e-7, 2.898e-6, -1.704e-6, 6.391e-7, 2.343e-6, -1.801e-6, 7.580e-7, 2.559e-6, -1.631e-6, 5.787e-7, 2.210e-6, -1.754e-6, 6.881e-7, 2.443e-6, -1.858e-6, 8.175e-7, 2.675e-6, -1.885e-6, 9.744e-7, 2.859e-6
0.580, -1.841e-6, 7.164e-7, 2.557e-6, -1.985e-6, 8.777e-7, 2.863e-6, -1.715e-6, 5.888e-7, 2.304e-6, -1.829e-6, 7.027e-7, 2.532e-6, -1.641e-6, 5.318e-7, 2.172e-6, -1.780e-6, 6.369e-7, 2.416e-6, -1.877e-6, 7.596e-7, 2.637e-6, -1.923e-6, 9.128e-7, 2.836e-6
0.576, -1.845e-6, 6.622e-7, 2.507e-6, -2.006e-6, 8.172e-7, 2.823e-6, -1.723e-6, 5.396e-7, 2.263e-6, -1.853e-6, 6.487e-7, 2.501e-6, -1.647e-6, 4.857e-7, 2.133e-6, -1.801e-6, 5.856e-7, 2.387e-6, -1.893e-6, 7.031e-7, 2.596e-6, -1.957e-6, 8.522e-7, 2.809e-6
0.572, -1.844e-6, 6.084e-7, 2.453e-6, -2.022e-6, 7.571e-7, 2.779e-6, -1.726e-6, 4.916e-7, 2.218e-6, -1.872e-6, 5.952e-7, 2.467e-6, -1.650e-6, 4.408e-7, 2.091e-6, -1.819e-6, 5.352e-7, 2.354e-6, -1.903e-6, 6.470e-7, 2.550e-6, -1.987e-6, 7.911e-7, 2.778e-6
0.568, -1.837e-6, 5.578e-7, 2.395e-6, -2.030e-6, 7.001e-7, 2.730e-6, -1.725e-6, 4.448e-7, 2.170e-6, -1.886e-6, 5.429e-7, 2.429e-6, -1.647e-6, 3.975e-7, 2.045e-6, -1.832e-6, 4.864e-7, 2.319e-6, -1.907e-6, 5.935e-7, 2.501e-6, -2.011e-6, 7.320e-7, 2.743e-6
0.564, -1.825e-6, 5.092e-7, 2.334e-6, -2.034e-6, 6.443e-7, 2.678e-6, -1.719e-6, 3.996e-7, 2.119e-6, -1.895e-6, 4.925e-7, 2.388e-6, -1.641e-6, 3.558e-7, 1.997e-6, -1.840e-6, 4.390e-7, 2.278e-6, -1.906e-6, 5.414e-7, 2.447e-6, -2.030e-6, 6.747e-7, 2.704e-6
0.560, -1.808e-6, 4.623e-7, 2.270e-6, -2.030e-6, 5.908e-7, 2.621e-6, -1.709e-6, 3.562e-7, 2.065e-6, -1.898e-6, 4.438e-7, 2.342e-6, -1.630e-6, 3.154e-7, 1.945e-6, -1.842e-6, 3.934e-7, 2.235e-6, -1.899e-6, 4.914e-7, 2.391e-6, -2.043e-6, 6.183e-7, 2.661e-6
0.556, -1.787e-6, 4.174e-7, 2.204e-6, -2.022e-6, 5.386e-7, 2.561e-6, -1.694e-6, 3.149e-7, 2.009e-6, -1.896e-6, 3.966e-7, 2.293e-6, -1.614e-6, 2.771e-7, 1.891e-6, -1.840e-6, 3.489e-7, 2.189e-6, -1.888e-6, 4.428e-7, 2.331e-6, -2.049e-6, 5.648e-7, 2.614e-6
0.552, -1.762e-6, 3.741e-7, 2.136e-6, -2.008e-6, 4.887e-7, 2.497e-6, -1.675e-6, 2.741e-7, 1.949e-6, -1.889e-6, 3.513e-7, 2.240e-6, -1.596e-6, 2.394e-7, 1.835e-6, -1.833e-6, 3.059e-7, 2.139e-6, -1.871e-6, 3.960e-7, 2.267e-6, -2.050e-6, 5.123e-7, 2.562e-6
0.548, -1.731e-6, 3.337e-7, 2.065e-6, -1.988e-6, 4.414e-7, 2.429e-6, -1.652e-6, 2.364e-7, 1.888e-6, -1.876e-6, 3.073e-7, 2.183e-6, -1.573e-6, 2.041e-7, 1.777e-6, -1.820e-6, 2.651e-7, 2.085e-6, -1.848e-6, 3.518e-7, 2.200e-6, -2.044e-6, 4.621e-7, 2.506e-6
0.544, -1.697e-6, 2.958e-7, 1.993e-6, -1.963e-6, 3.956e-7, 2.359e-6, -1.626e-6, 1.991e-7, 1.825e-6, -1.860e-6, 2.645e-7, 2.125e-6, -1.547e-6, 1.700e-7, 1.717e-6, -1.803e-6, 2.254e-7, 2.029e-6, -1.822e-6, 3.096e-7, 2.132e-6, -2.033e-6, 4.129e-7, 2.446e-6
0.540, -1.662e-6, 2.594e-7, 1.921e-6, -1.933e-6, 3.524e-7, 2.285e-6, -1.596e-6, 1.644e-7, 1.761e-6, -1.838e-6, 2.248e-7, 2.062e-6, -1.519e-6, 1.379e-7, 1.657e-6, -1.783e-6, 1.875e-7, 1.970e-6, -1.793e-6, 2.685e-7, 2.061e-6, -2.017e-6, 3.662e-7, 2.383e-6
0.536, -1.624e-6, 2.242e-7, 1.848e-6, -1.900e-6, 3.106e-7, 2.210e-6, -1.563e-6, 1.314e-7, 1.694e-6, -1.812e-6, 1.854e-7, 1.997e-6, -1.488e-6, 1.062e-7, 1.594e-6, -1.759e-6, 1.508e-7, 1.909e-6, -1.760e-6, 2.296e-7, 1.989e-6, -1.996e-6, 3.206e-7, 2.316e-6
0.532, -1.581e-6, 1.931e-7, 1.775e-6, -1.860e-6, 2.727e-7, 2.133e-6, -1.527e-6, 1.004e-7, 1.628e-6, -1.782e-6, 1.488e-7, 1.931e-6, -1.453e-6, 7.878e-8, 1.532e-6, -1.730e-6, 1.168e-7, 1.846e-6, -1.723e-6, 1.932e-7, 1.916e-6, -1.968e-6, 2.784e-7, 2.246e-6
0.528, -1.539e-6, 1.628e-7, 1.702e-6, -1.818e-6, 2.358e-7, 2.054e-6, -1.490e-6, 7.047e-8, 1.560e-6, -1.748e-6, 1.138e-7, 1.862e-6, -1.418e-6, 5.098e-8, 1.469e-6, -1.697e-6, 8.376e-8, 1.781e-6, -1.682e-6, 1.591e-7, 1.841e-6, -1.935e-6, 2.378e-7, 2.173e-6
0.524, -1.496e-6, 1.349e-7, 1.631e-6, -1.775e-6, 2.017e-7, 1.977e-6, -1.452e-6, 4.262e-8, 1.495e-6, -1.713e-6, 7.996e-8, 1.792e-6, -1.382e-6, 2.540e-8, 1.407e-6, -1.664e-6, 5.216e-8, 1.716e-6, -1.641e-6, 1.260e-7, 1.767e-6, -1.901e-6, 1.986e-7, 2.099e-6
0.520, -1.450e-6, 1.096e-7, 1.560e-6, -1.728e-6, 1.696e-7, 1.898e-6, -1.412e-6, 1.614e-8, 1.428e-6, -1.674e-6, 4.883e-8, 1.722e-6, -1.343e-6, 1.720e-9, 1.345e-6, -1.626e-6, 2.306e-8, 1.649e-6, -1.596e-6, 9.570e-8, 1.692e-6, -1.860e-6, 1.624e-7, 2.023e-6
0.516, -1.405e-6, 8.559e-8, 1.491e-6, -1.681e-6, 1.397e-7, 1.820e-6, -1.371e-6, -7.906e-9, 1.364e-6, -1.632e-6, 1.952e-8, 1.651e-6, -1.305e-6, -2.073e-8, 1.284e-6, -1.587e-6, -4.670e-9, 1.583e-6, -1.551e-6, 6.688e-8, 1.618e-6, -1.818e-6, 1.278e-7, 1.945e-6
0.512, -1.359e-6, 6.562e-8, 1.425e-6, -1.630e-6, 1.135e-7, 1.744e-6, -1.332e-6, -3.112e-8, 1.300e-6, -1.590e-6, -8.417e-9, 1.581e-6, -1.268e-6, -4.186e-8, 1.226e-6, -1.547e-6, -3.049e-8, 1.517e-6, -1.505e-6, 4.078e-8, 1.546e-6, -1.774e-6, 9.531e-8, 1.869e-6
0.508, -1.316e-6, 4.583e-8, 1.362e-6, -1.581e-6, 8.826e-8, 1.670e-6, -1.290e-6, -5.150e-8, 1.239e-6, -1.546e-6, -3.452e-8, 1.511e-6, -1.229e-6, -6.017e-8, 1.169e-6, -1.506e-6, -5.466e-8, 1.451e-6, -1.459e-6, 1.616e-8, 1.475e-6, -1.727e-6, 6.481e-8, 1.792e-6
0.504, -1.273e-6, 2.812e-8, 1.301e-6, -1.533e-6, 6.441e-8, 1.597e-6, -1.250e-6, -7.069e-8, 1.179e-6, -1.502e-6, -5.901e-8, 1.443e-6, -1.192e-6, -7.844e-8, 1.114e-6, -1.465e-6, -7.765e-8, 1.387e-6, -1.413e-6, -6.488e-9, 1.407e-6, -1.679e-6, 3.660e-8, 1.716e-6
0.500, -1.230e-6, 1.285e-8, 1.243e-6, -1.483e-6, 4.396e-8, 1.527e-6, -1.211e-6, -8.896e-8, 1.122e-6, -1.458e-6, -8.179e-8, 1.376e-6, -1.155e-6, -9.440e-8, 1.061e-6, -1.424e-6, -9.886e-8, 1.325e-6, -1.368e-6, -2.727e-8, 1.341e-6, -1.630e-6, 9.967e-9, 1.640e-6
0.496, -1.189e-6, -4.666e-10, 1.189e-6, -1.433e-6, 2.593e-8, 1.459e-6, -1.172e-6, -1.056e-7, 1.067e-6, -1.415e-6, -1.026e-7, 1.313e-6, -1.119e-6, -1.091e-7, 1.010e-6, -1.383e-6, -1.185e-7, 1.265e-6, -1.323e-6, -4.612e-8, 1.277e-6, -1.582e-6, -1.471e-8, 1.567e-6
0.492, -1.150e-6, -1.199e-8, 1.138e-6, -1.387e-6, 9.415e-9, 1.396e-6, -1.134e-6, -1.193e-7, 1.015e-6, -1.372e-6, -1.215e-7, 1.250e-6, -1.085e-6, -1.225e-7, 9.628e-7, -1.342e-6, -1.358e-7, 1.206e-6, -1.279e-6, -6.269e-8, 1.217e-6, -1.532e-6, -3.662e-8, 1.495e-6
0.488, -1.113e-6, -2.173e-8, 1.091e-6, -1.341e-6, -5.268e-9, 1.336e-6, -1.099e-6, -1.322e-7, 9.668e-7, -1.329e-6, -1.386e-7, 1.190e-6, -1.051e-6, -1.337e-7, 9.175e-7, -1.303e-6, -1.524e-7, 1.151e-6, -1.238e-6, -7.822e-8, 1.160e-6, -1.484e-6, -5.729e-8, 1.427e-6
0.484, -1.077e-6, -2.878e-8, 1.048e-6, -1.296e-6, -1.635e-8, 1.280e-6, -1.065e-6, -1.444e-7, 9.207e-7, -1.289e-6, -1.555e-7, 1.134e-6, -1.019e-6, -1.442e-7, 8.752e-7, -1.264e-6, -1.669e-7, 1.097e-6, -1.197e-6, -9.146e-8, 1.105e-6, -1.436e-6, -7.524e-8, 1.361e-6
0.480, -1.043e-6, -3.515e-8, 1.008e-6, -1.254e-6, -2.672e-8, 1.227e-6, -1.033e-6, -1.546e-7, 8.787e-7, -1.250e-6, -1.688e-7, 1.081e-6, -9.898e-7, -1.533e-7, 8.365e-7, -1.227e-6, -1.796e-7, 1.048e-6, -1.158e-6, -1.028e-7, 1.056e-6, -1.391e-6, -9.109e-8, 1.300e-6
0.476, -1.013e-6, -3.972e-8, 9.730e-7, -1.215e-6, -3.478e-8, 1.180e-6, -1.002e-6, -1.633e-7, 8.387e-7, -1.212e-6, -1.812e-7, 1.031e-6, -9.608e-7, -1.611e-7, 7.997e-7, -1.192e-6, -1.913e-7, 1.001e-6, -1.122e-6, -1.126e-7, 1.010e-6, -1.347e-6, -1.058e-7, 1.241e-6
0.472, -9.843e-7, -4.324e-8, 9.411e-7, -1.177e-6, -4.166e-8, 1.135e-6, -9.733e-7, -1.709e-7, 8.024e-7, -1.177e-6, -1.927e-7, 9.843e-7, -9.348e-7, -1.683e-7, 7.665e-7, -1.160e-6, -2.023e-7, 9.573e-7, -1.088e-6, -1.214e-7, 9.669e-7, -1.304e-6, -1.186e-7, 1.186e-6
0.468, -9.576e-7, -4.556e-8, 9.121e-7, -1.142e-6, -4.728e-8, 1.095e-6, -9.460e-7, -1.769e-7, 7.692e-7, -1.143e-6, -2.022e-7, 9.412e-7, -9.092e-7, -1.734e-7, 7.358e-7, -1.127e-6, -2.100e-7, 9.168e-7, -1.055e-6, -1.273e-7, 9.276e-7, -1.264e-6, -1.286e-7, 1.135e-6
0.464, -9.323e-7, -4.610e-8, 8.862e-7, -1.109e-6, -5.033e-8, 1.059e-6, -9.212e-7, -1.825e-7, 7.387e-7, -1.111e-6, -2.104e-7, 9.009e-7, -8.852e-7, -1.777e-7, 7.075e-7, -1.098e-6, -2.180e-7, 8.796e-7, -1.025e-6, -1.326e-7, 8.922e-7, -1.225e-6, -1.379e-7, 1.088e-6
0.460, -9.120e-7, -4.591e-8, 8.661e-7, -1.081e-6, -5.282e-8, 1.028e-6, -8.977e-7, -1.867e-7, 7.110e-7, -1.082e-6, -2.172e-7, 8.649e-7, -8.650e-7, -1.817e-7, 6.833e-7, -1.070e-6, -2.243e-7, 8.460e-7, -9.985e-7, -1.370e-7, 8.615e-7, -1.191e-6, -1.452e-7, 1.046e-6
0.456, -8.909e-7, -4.479e-8, 8.461e-7, -1.053e-6, -5.358e-8, 9.991e-7, -8.772e-7, -1.897e-7, 6.875e-7, -1.055e-6, -2.230e-7, 8.324e-7, -8.451e-7, -1.844e-7, 6.607e-7, -1.045e-6, -2.298e-7, 8.155e-7, -9.723e-7, -1.397e-7, 8.325e-7, -1.157e-6, -1.511e-7, 1.006e-6
0.452, -8.724e-7, -4.303e-8, 8.294e-7, -1.028e-6, -5.421e-8, 9.741e-7, -8.580e-7, -1.918e-7, 6.662e-7, -1.030e-6, -2.280e-7, 8.025e-7, -8.273e-7, -1.862e-7, 6.411e-7, -1.021e-6, -2.342e-7, 7.871e-7, -9.481e-7, -1.411e-7, 8.070e-7, -1.127e-6, -1.556e-7, 9.711e-7
0.448, -8.570e-7, -4.133e-8, 8.157e-7, -1.005e-6, -5.300e-8, 9.523e-7, -8.402e-7, -1.936e-7, 6.467e-7, -1.007e-6, -2.308e-7, 7.760e-7, -8.108e-7, -1.873e-7, 6.235e-7, -9.999e-7, -2.377e-7, 7.623e-7, -9.271e-7, -1.417e-7, 7.853e-7, -1.098e-6, -1.586e-7, 9.395e-7
0.444, -8.438e-7, -3.831e-8, 8.055e-7, -9.862e-7, -5.158e-8, 9.346e-7, -8.247e-7, -1.940e-7, 6.307e-7, -9.866e-7, -2.337e-7, 7.529e-7, -7.973e-7, -1.886e-7, 6.086e-7, -9.810e-7, -2.409e-7, 7.401e-7, -9.078e-7, -1.412e-7, 7.666e-7, -1.073e-6, -1.608e-7, 9.120e-7
0.440, -8.324e-7, -3.554e-8, 7.969e-7, -9.688e-7, -4.938e-8, 9.195e-7, -8.110e-7, -1.946e-7, 6.165e-7, -9.686e-7, -2.363e-7, 7.323e-7, -7.846e-7, -1.885e-7, 5.961e-7, -9.638e-7, -2.430e-7, 7.208e-7, -8.918e-7, -1.408e-7, 7.510e-7, -1.050e-6, -1.617e-7, 8.879e-7
0.436, -8.206e-7, -3.225e-8, 7.884e-7, -9.535e-7, -4.795e-8, 9.055e-7, -7.990e-7, -1.936e-7, 6.054e-7, -9.510e-7, -2.368e-7, 7.142e-7, -7.733e-7, -1.887e-7, 5.847e-7, -9.473e-7, -2.441e-7, 7.033e-7, -8.774e-7, -1.400e-7, 7.374e-7, -1.029e-6, -1.625e-7, 8.661e-7
0.432, -8.141e-7, -2.960e-8, 7.845e-7, -9.427e-7, -4.635e-8, 8.963e-7, -7.893e-7, -1.939e-7, 5.954e-7, -9.376e-7, -2.386e-7, 6.990e-7, -7.642e-7, -1.886e-7, 5.756e-7, -9.347e-7, -2.456e-7, 6.891e-7, -8.646e-7, -1.382e-7, 7.264e-7, -1.012e-6, -1.628e-7, 8.487e-7
0.428, -8.069e-7, -2.647e-8, 7.804e-7, -9.302e-7, -4.332e-8, 8.869e-7, -7.798e-7, -1.927e-7, 5.871e-7, -9.249e-7, -2.393e-7, 6.856e-7, -7.554e-7, -1.873e-7, 5.681e-7, -9.223e-7, -2.462e-7, 6.761e-7, -8.537e-7, -1.364e-7, 7.173e-7, -9.936e-7, -1.611e-7, 8.325e-7
0.424, -8.024e-7, -2.417e-8, 7.782e-7, -9.215e-7, -4.087e-8, 8.806e-7, -7.721e-7, -1.915e-7, 5.807e-7, -9.132e-7, -2.384e-7, 6.749e-7, -7.484e-7, -1.870e-7, 5.614e-7, -9.125e-7, -2.467e-7, 6.658e-7, -8.443e-7, -1.336e-7, 7.107e-7, -9.801e-7, -1.600e-7, 8.201e-7
0.420, -7.982e-7, -2.114e-8, 7.771e-7, -9.151e-7, -3.863e-8, 8.765e-7, -7.659e-7, -1.901e-7, 5.757e-7, -9.031e-7, -2.380e-7, 6.651e-7, -7.424e-7, -1.859e-7, 5.565e-7, -9.028e-7, -2.460e-7, 6.568e-7, -8.351e-7, -1.305e-7, 7.046e-7, -9.677e-7, -1.583e-7, 8.093e-7
0.416, -7.946e-7, -1.823e-8, 7.763e-7, -9.086e-7, -3.705e-8, 8.715e-7, -7.608e-7, -1.886e-7, 5.722e-7, -8.956e-7, -2.375e-7, 6.581e-7, -7.369e-7, -1.843e-7, 5.526e-7, -8.954e-7, -2.462e-7, 6.492e-7, -8.295e-7, -1.283e-7, 7.012e-7, -9.573e-7, -1.570e-7, 8.003e-7
0.412, -7.935e-7, -1.696e-8, 7.766e-7, -9.045e-7, -3.538e-8, 8.692e-7, -7.562e-7, -1.869e-7, 5.694e-7, -8.893e-7, -2.366e-7, 6.527e-7, -7.329e-7, -1.829e-7, 5.499e-7, -8.888e-7, -2.456e-7, 6.432e-7, -8.241e-7, -1.257e-7, 6.984e-7, -9.494e-7, -1.551e-7, 7.943e-7
0.408, -7.922e-7, -1.535e-8, 7.769e-7, -9.018e-7, -3.445e-8, 8.673e-7, -7.537e-7, -1.856e-7, 5.681e-7, -8.841e-7, -2.364e-7, 6.478e-7, -7.307e-7, -1.828e-7, 5.480e-7, -8.846e-7, -2.461e-7, 6.385e-7, -8.209e-7, -1.237e-7, 6.972e-7, -9.421e-7, -1.535e-7, 7.886e-7
0.404, -7.926e-7, -1.427e-8, 7.783e-7, -9.003e-7, -3.321e-8, 8.671e-7, -7.514e-7, -1.842e-7, 5.672e-7, -8.809e-7, -2.362e-7, 6.447e-7, -7.284e-7, -1.813e-7, 5.470e-7, -8.807e-7, -2.455e-7, 6.352e-7, -8.183e-7, -1.214e-7, 6.969e-7, -9.377e-7, -1.519e-7, 7.857e-7
0.400, -7.927e-7, -1.325e-8, 7.794e-7, -8.994e-7, -3.314e-8, 8.662e-7, -7.490e-7, -1.825e-7, 5.664e-7, -8.773e-7, -2.351e-7, 6.422e-7, -7.270e-7, -1.809e-7, 5.461e-7, -8.772e-7, -2.453e-7, 6.319e-7, -8.165e-7, -1.197e-7, 6.968e-7, -9.327e-7, -1.507e-7, 7.820e-7
0.396, -7.955e-7, -1.359e-8, 7.819e-7, -9.010e-7, -3.382e-8, 8.672e-7, -7.495e-7, -1.820e-7, 5.675e-7, -8.760e-7, -2.349e-7, 6.411e-7, -7.256e-7, -1.797e-7, 5.459e-7, -8.759e-7, -2.458e-7, 6.302e-7, -8.167e-7, -1.186e-7, 6.981e-7, -9.308e-7, -1.497e-7, 7.811e-7
0.392, -7.978e-7, -1.465e-8, 7.832e-7, -9.021e-7, -3.447e-8, 8.676e-7, -7.503e-7, -1.821e-7, 5.683e-7, -8.758e-7, -2.356e-7, 6.402e-7, -7.263e-7, -1.803e-7, 5.460e-7, -8.751e-7, -2.462e-7, 6.289e-7, -8.175e-7, -1.178e-7, 6.997e-7, -9.302e-7, -1.497e-7, 7.804e-7
0.388, -7.990e-7, -1.562e-8, 7.834e-7, -9.034e-7, -3.635e-8, 8.670e-7, -7.502e-7, -1.816e-7, 5.686e-7, -8.743e-7, -2.355e-7, 6.389e-7, -7.252e-7, -1.798e-7, 5.453e-7, -8.738e-7, -2.465e-7, 6.273e-7, -8.173e-7, -1.170e-7, 7.003e-7, -9.288e-7, -1.494e-7, 7.794e-7
0.384, -8.013e-7, -1.678e-8, 7.845e-7, -9.056e-7, -3.819e-8, 8.675e-7, -7.515e-7, -1.814e-7, 5.702e-7, -8.757e-7, -2.364e-7, 6.393e-7, -7.267e-7, -1.802e-7, 5.465e-7, -8.748e-7, -2.478e-7, 6.270e-7, -8.201e-7, -1.176e-7, 7.025e-7, -9.300e-7, -1.500e-7, 7.801e-7
0.380, -8.058e-7, -2.019e-8, 7.856e-7, -9.103e-7, -4.198e-8, 8.683e-7, -7.544e-7, -1.821e-7, 5.723e-7, -8.780e-7, -2.377e-7, 6.403e-7, -7.290e-7, -1.814e-7, 5.476e-7, -8.768e-7, -2.496e-7, 6.272e-7, -8.225e-7, -1.181e-7, 7.044e-7, -9.326e-7, -1.517e-7, 7.809e-7
0.376, -8.101e-7, -2.386e-8, 7.862e-7, -9.145e-7, -4.535e-8, 8.692e-7, -7.568e-7, -1.834e-7, 5.734e-7, -8.806e-7, -2.392e-7, 6.414e-7, -7.310e-7, -1.828e-7, 5.482e-7, -8.795e-7, -2.519e-7, 6.276e-7, -8.263e-7, -1.196e-7, 7.066e-7, -9.359e-7, -1.533e-7, 7.826e-7
0.372, -8.133e-7, -2.742e-8, 7.858e-7, -9.188e-7, -4.984e-8, 8.690e-7, -7.587e-7, -1.840e-7, 5.747e-7, -8.833e-7, -2.416e-7, 6.417e-7, -7.326e-7, -1.841e-7, 5.485e-7, -8.816e-7, -2.537e-7, 6.279e-7, -8.303e-7, -1.217e-7, 7.085e-7, -9.395e-7, -1.560e-7, 7.835e-7
0.368, -8.171e-7, -3.172e-8, 7.854e-7, -9.233e-7, -5.434e-8, 8.689e-7, -7.625e-7, -1.869e-7, 5.756e-7, -8.865e-7, -2.437e-7, 6.428e-7, -7.362e-7, -1.866e-7, 5.496e-7, -8.847e-7, -2.570e-7, 6.277e-7, -8.352e-7, -1.243e-7, 7.109e-7, -9.440e-7, -1.590e-7, 7.850e-7
0.364, -8.215e-7, -3.716e-8, 7.843e-7, -9.277e-7, -6.023e-8, 8.674e-7, -7.663e-7, -1.894e-7, 5.769e-7, -8.899e-7, -2.469e-7, 6.430e-7, -7.392e-7, -1.894e-7, 5.498e-7, -8.880e-7, -2.604e-7, 6.276e-7, -8.401e-7, -1.279e-7, 7.122e-7, -9.483e-7, -1.625e-7, 7.858e-7
0.360, -8.252e-7, -4.257e-8, 7.827e-7, -9.329e-7, -6.656e-8, 8.663e-7, -7.706e-7, -1.917e-7, 5.788e-7, -8.946e-7, -2.506e-7, 6.439e-7, -7.429e-7, -1.925e-7, 5.504e-7, -8.923e-7, -2.642e-7, 6.281e-7, -8.450e-7, -1.321e-7, 7.129e-7, -9.542e-7, -1.671e-7, 7.871e-7
0.356, -8.289e-7, -4.825e-8, 7.806e-7, -9.367e-7, -7.246e-8, 8.643e-7, -7.749e-7, -1.960e-7, 5.789e-7, -8.999e-7, -2.552e-7, 6.447e-7, -7.459e-7, -1.958e-7, 5.501e-7, -8.962e-7, -2.682e-7, 6.280e-7, -8.499e-7, -1.360e-7, 7.138e-7, -9.601e-7, -1.725e-7, 7.876e-7
0.352, -8.333e-7, -5.543e-8, 7.778e-7, -9.431e-7, -8.126e-8, 8.618e-7, -7.792e-7, -1.999e-7, 5.793e-7, -9.039e-7, -2.592e-7, 6.447e-7, -7.498e-7, -2.003e-7, 5.495e-7, -9.010e-7, -2.732e-7, 6.278e-7, -8.570e-7, -1.421e-7, 7.149e-7, -9.667e-7, -1.785e-7, 7.882e-7
0.348, -8.382e-7, -6.291e-8, 7.752e-7, -9.487e-7, -8.954e-8, 8.592e-7, -7.841e-7, -2.043e-7, 5.798e-7, -9.100e-7, -2.651e-7, 6.448e-7, -7.539e-7, -2.045e-7, 5.495e-7, -9.062e-7, -2.791e-7, 6.272e-7, -8.637e-7, -1.484e-7, 7.153e-7, -9.745e-7, -1.854e-7, 7.891e-7
0.344, -8.423e-7, -7.074e-8, 7.716e-7, -9.541e-7, -9.820e-8, 8.559e-7, -7.883e-7, -2.093e-7, 5.790e-7, -9.149e-7, -2.706e-7, 6.442e-7, -7.584e-7, -2.097e-7, 5.487e-7, -9.114e-7, -2.847e-7, 6.266e-7, -8.695e-7, -1.546e-7, 7.148e-7, -9.813e-7, -1.926e-7, 7.887e-7
0.340, -8.453e-7, -7.875e-8, 7.665e-7, -9.580e-7, -1.064e-7, 8.516e-7, -7.940e-7, -2.152e-7, 5.788e-7, -9.206e-7, -2.767e-7, 6.439e-7, -7.628e-7, -2.151e-7, 5.476e-7, -9.168e-7, -2.911e-7, 6.257e-7, -8.766e-7, -1.621e-7, 7.145e-7, -9.884e-7, -2.001e-7, 7.883e-7
0.336, -8.496e-7, -8.835e-8, 7.613e-7, -9.632e-7, -1.166e-7, 8.466e-7, -7.998e-7, -2.219e-7, 5.779e-7, -9.268e-7, -2.842e-7, 6.426e-7, -7.674e-7, -2.211e-7, 5.463e-7, -9.234e-7, -2.984e-7, 6.250e-7, -8.839e-7, -1.704e-7, 7.136e-7, -9.976e-7, -2.095e-7, 7.880e-7
0.332, -8.549e-7, -9.836e-8, 7.566e-7, -9.696e-7, -1.278e-7, 8.418e-7, -8.048e-7, -2.283e-7, 5.765e-7, -9.331e-7, -2.917e-7, 6.414e-7, -7.729e-7, -2.278e-7, 5.451e-7, -9.292e-7, -3.061e-7, 6.232e-7, -8.911e-7, -1.788e-7, 7.123e-7, -1.006e-6, -2.190e-7, 7.875e-7
0.328, -8.577e-7, -1.072e-7, 7.505e-7, -9.735e-7, -1.378e-7, 8.357e-7, -8.110e-7, -2.363e-7, 5.747e-7, -9.398e-7, -2.993e-7, 6.405e-7, -7.782e-7, -2.350e-7, 5.432e-7, -9.354e-7, -3.139e-7, 6.215e-7, -8.990e-7, -1.885e-7, 7.105e-7, -1.016e-6, -2.297e-7, 7.859e-7
0.324, -8.609e-7, -1.173e-7, 7.436e-7, -9.774e-7, -1.488e-7, 8.285e-7, -8.172e-7, -2.438e-7, 5.735e-7, -9.458e-7, -3.077e-7, 6.381e-7, -7.833e-7, -2.420e-7, 5.413e-7, -9.420e-7, -3.220e-7, 6.199e-7, -9.064e-7, -1.978e-7, 7.085e-7, -1.024e-6, -2.397e-7, 7.839e-7
0.320, -8.650e-7, -1.286e-7, 7.365e-7, -9.837e-7, -1.613e-7, 8.224e-7, -8.225e-7, -2.509e-7, 5.716e-7, -9.522e-7, -3.163e-7, 6.359e-7, -7.882e-7, -2.498e-7, 5.384e-7, -9.478e-7, -3.307e-7, 6.172e-7, -9.145e-7, -2.088e-7, 7.057e-7, -1.033e-6, -2.511e-7, 7.816e-7
0.316, -8.685e-7, -1.390e-7, 7.295e-7, -9.870e-7, -1.726e-7, 8.143e-7, -8.284e-7, -2.591e-7, 5.693e-7, -9.588e-7, -3.250e-7, 6.338e-7, -7.936e-7, -2.574e-7, 5.362e-7, -9.548e-7, -3.396e-7, 6.152e-7, -9.225e-7, -2.194e-7, 7.031e-7, -1.042e-6, -2.625e-7, 7.795e-7
0.312, -8.725e-7, -1.509e-7, 7.217e-7, -9.915e-7, -1.850e-7, 8.065e-7, -8.347e-7, -2.680e-7, 5.667e-7, -9.651e-7, -3.346e-7, 6.305e-7, -7.999e-7, -2.658e-7, 5.341e-7, -9.613e-7, -3.488e-7, 6.125e-7, -9.305e-7, -2.303e-7, 7.002e-7, -1.051e-6, -2.744e-7, 7.765e-7
0.308, -8.752e-7, -1.615e-7, 7.137e-7, -9.952e-7, -1.966e-7, 7.986e-7, -8.404e-7, -2.770e-7, 5.635e-7, -9.718e-7, -3.439e-7, 6.278e-7, -8.048e-7, -2.739e-7, 5.308e-7, -9.681e-7, -3.579e-7, 6.102e-7, -9.382e-7, -2.415e-7, 6.967e-7, -1.060e-6, -2.864e-7, 7.736e-7
0.304, -8.788e-7, -1.734e-7, 7.054e-7, -9.994e-7, -2.094e-7, 7.900e-7, -8.458e-7, -2.853e-7, 5.605e-7, -9.778e-7, -3.536e-7, 6.242e-7, -8.099e-7, -2.822e-7, 5.277e-7, -9.741e-7, -3.674e-7, 6.067e-7, -9.461e-7, -2.530e-7, 6.931e-7, -1.069e-6, -2.993e-7, 7.700e-7
0.300, -8.809e-7, -1.845e-7, 6.965e-7, -1.002e-6, -2.218e-7, 7.804e-7, -8.497e-7, -2.934e-7, 5.563e-7, -9.828e-7, -3.626e-7, 6.203e-7, -8.145e-7, -2.903e-7, 5.242e-7, -9.795e-7, -3.763e-7, 6.032e-7, -9.522e-7, -2.639e-7, 6.883e-7, -1.077e-6, -3.109e-7, 7.660e-7
0.296, -8.824e-7, -1.955e-7, 6.869e-7, -1.004e-6, -2.336e-7, 7.702e-7, -8.556e-7, -3.024e-7, 5.532e-7, -9.877e-7, -3.715e-7, 6.162e-7, -8.191e-7, -2.987e-7, 5.204e-7, -9.845e-7, -3.852e-7, 5.993e-7, -9.593e-7, -2.755e-7, 6.838e-7, -1.084e-6, -3.228e-7, 7.617e-7
0.292, -8.837e-7, -2.077e-7, 6.760e-7, -1.006e-6, -2.463e-7, 7.596e-7, -8.590e-7, -3.109e-7, 5.480e-7, -9.921e-7, -3.805e-7, 6.116e-7, -8.218e-7, -3.061e-7, 5.157e-7, -9.884e-7, -3.940e-7, 5.945e-7, -9.647e-7, -2.870e-7, 6.777e-7, -1.090e-6, -3.348e-7, 7.553e-7
0.288, -8.831e-7, -2.167e-7, 6.664e-7, -1.005e-6, -2.565e-7, 7.489e-7, -8.633e-7, -3.196e-7, 5.437e-7, -9.950e-7, -3.889e-7, 6.061e-7, -8.240e-7, -3.131e-7, 5.109e-7, -9.912e-7, -4.018e-7, 5.894e-7, -9.682e-7, -2.969e-7, 6.713e-7, -1.096e-6, -3.458e-7, 7.501e-7
0.284, -8.830e-7, -2.280e-7, 6.550e-7, -1.006e-6, -2.685e-7, 7.374e-7, -8.651e-7, -3.277e-7, 5.373e-7, -9.975e-7, -3.975e-7, 6.000e-7, -8.259e-7, -3.208e-7, 5.051e-7, -9.936e-7, -4.100e-7, 5.836e-7, -9.728e-7, -3.084e-7, 6.644e-7, -1.101e-6, -3.578e-7, 7.433e-7
0.280, -8.818e-7, -2.386e-7, 6.431e-7, -1.005e-6, -2.799e-7, 7.248e-7, -8.671e-7, -3.359e-7, 5.312e-7, -9.994e-7, -4.060e-7, 5.934e-7, -8.275e-7, -3.284e-7, 4.991e-7, -9.958e-7, -4.182e-7, 5.776e-7, -9.759e-7, -3.188e-7, 6.571e-7, -1.104e-6, -3.688e-7, 7.356e-7
0.276, -8.814e-7, -2.493e-7, 6.321e-7, -1.003e-6, -2.908e-7, 7.123e-7, -8.675e-7, -3.433e-7, 5.242e-7, -1.000e-6, -4.141e-7, 5.861e-7, -8.282e-7, -3.354e-7, 4.929e-7, -9.962e-7, -4.258e-7, 5.704e-7, -9.774e-7, -3.294e-7, 6.480e-7, -1.106e-6, -3.790e-7, 7.269e-7
0.272, -8.779e-7, -2.590e-7, 6.188e-7, -9.999e-7, -3.018e-7, 6.981e-7, -8.680e-7, -3.511e-7, 5.169e-7, -9.996e-7, -4.217e-7, 5.779e-7, -8.272e-7, -3.424e-7, 4.849e-7, -9.953e-7, -4.327e-7, 5.626e-7, -9.776e-7, -3.392e-7, 6.385e-7, -1.106e-6, -3.897e-7, 7.165e-7
0.268, -8.750e-7, -2.693e-7, 6.057e-7, -9.973e-7, -3.127e-7, 6.846e-7, -8.668e-7, -3.581e-7, 5.087e-7, -9.985e-7, -4.295e-7, 5.690e-7, -8.271e-7, -3.496e-7, 4.775e-7, -9.946e-7, -4.401e-7, 5.545e-7, -9.786e-7, -3.496e-7, 6.290e-7, -1.107e-6, -4.002e-7, 7.069e-7
0.264, -8.718e-7, -2.794e-7, 5.924e-7, -9.930e-7, -3.229e-7, 6.701e-7, -8.655e-7, -3.662e-7, 4.993e-7, -9.968e-7, -4.375e-7, 5.593e-7, -8.249e-7, -3.558e-7, 4.691e-7, -9.924e-7, -4.476e-7, 5.448e-7, -9.779e-7, -3.599e-7, 6.180e-7, -1.106e-6, -4.110e-7, 6.945e-7
0.260, -8.668e-7, -2.888e-7, 5.781e-7, -9.881e-7, -3.337e-7, 6.544e-7, -8.641e-7, -3.738e-7, 4.903e-7, -9.951e-7, -4.455e-7, 5.496e-7, -8.227e-7, -3.623e-7, 4.604e-7, -9.892e-7, -4.544e-7, 5.348e-7, -9.750e-7, -3.697e-7, 6.054e-7, -1.103e-6, -4.207e-7, 6.825e-7
0.256, -8.629e-7, -2.990e-7, 5.639e-7, -9.835e-7, -3.446e-7, 6.388e-7, -8.627e-7, -3.820e-7, 4.807e-7, -9.929e-7, -4.537e-7, 5.392e-7, -8.209e-7, -3.696e-7, 4.513e-7, -9.877e-7, -4.625e-7, 5.252e-7, -9.738e-7, -3.806e-7, 5.933e-7, -1.102e-6, -4.327e-7, 6.696e-7
0.252, -8.589e-7, -3.089e-7, 5.500e-7, -9.800e-7, -3.564e-7, 6.236e-7, -8.618e-7, -3.909e-7, 4.709e-7, -9.911e-7, -4.625e-7, 5.286e-7, -8.197e-7, -3.777e-7, 4.420e-7, -9.860e-7, -4.712e-7, 5.148e-7, -9.731e-7, -3.916e-7, 5.815e-7, -1.101e-6, -4.450e-7, 6.561e-7
0.248, -8.553e-7, -3.200e-7, 5.352e-7, -9.768e-7, -3.685e-7, 6.083e-7, -8.607e-7, -3.996e-7, 4.611e-7, -9.892e-7, -4.722e-7, 5.170e-7, -8.187e-7, -3.856e-7, 4.330e-7, -9.850e-7, -4.801e-7, 5.049e-7, -9.714e-7, -4.033e-7, 5.681e-7, -1.101e-6, -4.579e-7, 6.429e-7
0.244, -8.515e-7, -3.306e-7, 5.209e-7, -9.720e-7, -3.804e-7, 5.916e-7, -8.590e-7, -4.085e-7, 4.505e-7, -9.882e-7, -4.818e-7, 5.065e-7, -8.176e-7, -3.944e-7, 4.233e-7, -9.829e-7, -4.893e-7, 4.936e-7, -9.709e-7, -4.159e-7, 5.550e-7, -1.099e-6, -4.707e-7, 6.282e-7
0.240, -8.490e-7, -3.424e-7, 5.066e-7, -9.704e-7, -3.938e-7, 5.766e-7, -8.586e-7, -4.183e-7, 4.403e-7, -9.877e-7, -4.921e-7, 4.957e-7, -8.177e-7, -4.036e-7, 4.141e-7, -9.838e-7, -5.003e-7, 4.835e-7, -9.710e-7, -4.287e-7, 5.422e-7, -1.100e-6, -4.853e-7, 6.145e-7
0.236, -8.485e-7, -3.553e-7, 4.932e-7, -9.706e-7, -4.082e-7, 5.624e-7, -8.600e-7, -4.292e-7, 4.308e-7, -9.893e-7, -5.045e-7, 4.849e-7, -8.190e-7, -4.138e-7, 4.052e-7, -9.859e-7, -5.124e-7, 4.735e-7, -9.724e-7, -4.432e-7, 5.292e-7, -1.102e-6, -5.016e-7, 6.009e-7
0.232, -8.476e-7, -3.672e-7, 4.803e-7, -9.702e-7, -4.219e-7, 5.484e-7, -8.623e-7, -4.404e-7, 4.219e-7, -9.922e-7, -5.169e-7, 4.753e-7, -8.212e-7, -4.246e-7, 3.966e-7, -9.892e-7, -5.250e-7, 4.643e-7, -9.751e-7, -4.580e-7, 5.172e-7, -1.107e-6, -5.189e-7, 5.886e-7
0.228, -8.474e-7, -3.802e-7, 4.673e-7, -9.717e-7, -4.377e-7, 5.340e-7, -8.653e-7, -4.523e-7, 4.130e-7, -9.974e-7, -5.313e-7, 4.661e-7, -8.249e-7, -4.361e-7, 3.888e-7, -9.943e-7, -5.384e-7, 4.559e-7, -9.795e-7, -4.741e-7, 5.054e-7, -1.113e-6, -5.372e-7, 5.759e-7
0.224, -8.500e-7, -3.942e-7, 4.558e-7, -9.744e-7, -4.531e-7, 5.214e-7, -8.702e-7, -4.656e-7, 4.046e-7, -1.003e-6, -5.457e-7, 4.572e-7, -8.294e-7, -4.483e-7, 3.811e-7, -1.002e-6, -5.535e-7, 4.480e-7, -9.859e-7, -4.909e-7, 4.950e-7, -1.121e-6, -5.567e-7, 5.646e-7
0.220, -8.519e-7, -4.078e-7, 4.441e-7, -9.797e-7, -4.697e-7, 5.100e-7, -8.755e-7, -4.787e-7, 3.968e-7, -1.010e-6, -5.606e-7, 4.493e-7, -8.357e-7, -4.616e-7, 3.741e-7, -1.009e-6, -5.690e-7, 4.400e-7, -9.929e-7, -5.085e-7, 4.844e-7, -1.131e-6, -5.768e-7, 5.542e-7
0.216, -8.572e-7, -4.224e-7, 4.347e-7, -9.855e-7, -4.863e-7, 4.992e-7, -8.821e-7, -4.924e-7, 3.897e-7, -1.019e-6, -5.768e-7, 4.426e-7, -8.437e-7, -4.754e-7, 3.683e-7, -1.020e-6, -5.854e-7, 4.342e-7, -1.002e-6, -5.271e-7, 4.752e-7, -1.144e-6, -5.987e-7, 5.451e-7
0.212, -8.605e-7, -4.361e-7, 4.243e-7, -9.923e-7, -5.032e-7, 4.892e-7, -8.902e-7, -5.067e-7, 3.835e-7, -1.029e-6, -5.925e-7, 4.360e-7, -8.516e-7, -4.892e-7, 3.624e-7, -1.029e-6, -6.011e-7, 4.282e-7, -1.011e-6, -5.449e-7, 4.661e-7, -1.156e-6, -6.193e-7, 5.368e-7
0.208, -8.658e-7, -4.504e-7, 4.154e-7, -9.993e-7, -5.199e-7, 4.794e-7, -8.991e-7, -5.215e-7, 3.776e-7, -1.040e-6, -6.096e-7, 4.306e-7, -8.612e-7, -5.035e-7, 3.577e-7, -1.041e-6, -6.183e-7, 4.229e-7, -1.022e-6, -5.637e-7, 4.585e-7, -1.170e-6, -6.414e-7, 5.290e-7
0.204, -8.723e-7, -4.641e-7, 4.083e-7, -1.008e-6, -5.361e-7, 4.720e-7, -9.073e-7, -5.346e-7, 3.727e-7, -1.050e-6, -6.244e-7, 4.259e-7, -8.701e-7, -5.164e-7, 3.536e-7, -1.053e-6, -6.340e-7, 4.189e-7, -1.033e-6, -5.814e-7, 4.519e-7, -1.185e-6, -6.621e-7, 5.225e-7
0.200, -8.772e-7, -4.774e-7, 3.998e-7, -1.014e-6, -5.510e-7, 4.634e-7, -9.148e-7, -5.478e-7, 3.670e-7, -1.060e-6, -6.396e-7, 4.208e-7, -8.785e-7, -5.300e-7, 3.485e-7, -1.064e-6, -6.495e-7, 4.146e-7, -1.043e-6, -5.985e-7, 4.443e-7, -1.198e-6, -6.824e-7, 5.154e-7
0.196, -8.822e-7, -4.902e-7, 3.920e-7, -1.020e-6, -5.648e-7, 4.557e-7, -9.230e-7, -5.599e-7, 3.630e-7, -1.069e-6, -6.530e-7, 4.159e-7, -8.872e-7, -5.426e-7, 3.446e-7, -1.074e-6, -6.635e-7, 4.103e-7, -1.053e-6, -6.148e-7, 4.381e-7, -1.210e-6, -7.004e-7, 5.099e-7
0.192, -8.864e-7, -5.003e-7, 3.861e-7, -1.025e-6, -5.759e-7, 4.486e-7, -9.278e-7, -5.703e-7, 3.575e-7, -1.075e-6, -6.637e-7, 4.114e-7, -8.932e-7, -5.526e-7, 3.406e-7, -1.080e-6, -6.746e-7, 4.054e-7, -1.059e-6, -6.281e-7, 4.312e-7, -1.219e-6, -7.149e-7, 5.037e-7
0.188, -8.869e-7, -5.087e-7, 3.782e-7, -1.026e-6, -5.850e-7, 4.406e-7, -9.317e-7, -5.792e-7, 3.525e-7, -1.079e-6, -6.729e-7, 4.061e-7, -8.969e-7, -5.617e-7, 3.352e-7, -1.085e-6, -6.840e-7, 4.006e-7, -1.065e-6, -6.408e-7, 4.239e-7, -1.224e-6, -7.275e-7, 4.961e-7
0.184, -8.864e-7, -5.161e-7, 3.703e-7, -1.023e-6, -5.917e-7, 4.318e-7, -9.314e-7, -5.852e-7, 3.462e-7, -1.078e-6, -6.783e-7, 3.996e-7, -8.986e-7, -5.683e-7, 3.303e-7, -1.084e-6, -6.899e-7, 3.941e-7, -1.066e-6, -6.488e-7, 4.167e-7, -1.223e-6, -7.352e-7, 4.880e-7
0.180, -8.820e-7, -5.203e-7, 3.617e-7, -1.018e-6, -5.955e-7, 4.221e-7, -9.294e-7, -5.890e-7, 3.404e-7, -1.073e-6, -6.805e-7, 3.921e-7, -8.963e-7, -5.721e-7, 3.243e-7, -1.079e-6, -6.928e-7, 3.862e-7, -1.062e-6, -6.545e-7, 4.076e-7, -1.218e-6, -7.394e-7, 4.782e-7
0.176, -8.758e-7, -5.228e-7, 3.530e-7, -1.007e-6, -5.962e-7, 4.111e-7, -9.233e-7, -5.903e-7, 3.330e-7, -1.063e-6, -6.792e-7, 3.834e-7, -8.905e-7, -5.738e-7, 3.167e-7, -1.069e-6, -6.913e-7, 3.775e-7, -1.055e-6, -6.575e-7, 3.977e-7, -1.206e-6, -7.396e-7, 4.665e-7
0.172, -8.667e-7, -5.232e-7, 3.434e-7, -9.932e-7, -5.937e-7, 3.994e-7, -9.126e-7, -5.886e-7, 3.241e-7, -1.047e-6, -6.741e-7, 3.730e-7, -8.812e-7, -5.724e-7, 3.088e-7, -1.055e-6, -6.873e-7, 3.675e-7, -1.044e-6, -6.568e-7, 3.868e-7, -1.188e-6, -7.349e-7, 4.532e-7
0.168, -8.531e-7, -5.207e-7, 3.324e-7, -9.744e-7, -5.884e-7, 3.860e-7, -8.988e-7, -5.847e-7, 3.140e-7, -1.028e-6, -6.672e-7, 3.609e-7, -8.689e-7, -5.694e-7, 2.995e-7, -1.035e-6, -6.798e-7, 3.549e-7, -1.027e-6, -6.530e-7, 3.740e-7, -1.165e-6, -7.269e-7, 4.378e-7
0.164, -8.368e-7, -5.160e-7, 3.207e-7, -9.512e-7, -5.801e-7, 3.712e-7, -8.819e-7, -5.783e-7, 3.036e-7, -1.004e-6, -6.565e-7, 3.475e-7, -8.513e-7, -5.626e-7, 2.888e-7, -1.010e-6, -6.689e-7, 3.414e-7, -1.006e-6, -6.457e-7, 3.599e-7, -1.135e-6, -7.146e-7, 4.203e-7
0.160, -8.178e-7, -5.100e-7, 3.078e-7, -9.253e-7, -5.703e-7, 3.551e-7, -8.617e-7, -5.696e-7, 2.921e-7, -9.759e-7, -6.432e-7, 3.327e-7, -8.326e-7, -5.543e-7, 2.783e-7, -9.825e-7, -6.557e-7, 3.269e-7, -9.818e-7, -6.366e-7, 3.452e-7, -1.101e-6, -7.000e-7, 4.014e-7
0.156, -7.971e-7, -5.027e-7, 2.944e-7, -8.983e-7, -5.603e-7, 3.379e-7, -8.393e-7, -5.602e-7, 2.791e-7, -9.449e-7, -6.285e-7, 3.165e-7, -8.103e-7, -5.447e-7, 2.656e-7, -9.518e-7, -6.412e-7, 3.106e-7, -9.542e-7, -6.255e-7, 3.287e-7, -1.064e-6, -6.838e-7, 3.802e-7
0.152, -7.746e-7, -4.941e-7, 2.805e-7, -8.687e-7, -5.475e-7, 3.211e-7, -8.156e-7, -5.495e-7, 2.662e-7, -9.136e-7, -6.136e-7, 3.000e-7, -7.871e-7, -5.339e-7, 2.533e-7, -9.194e-7, -6.255e-7, 2.939e-7, -9.256e-7, -6.136e-7, 3.120e-7, -1.024e-6, -6.657e-7, 3.585e-7
0.148, -7.488e-7, -4.835e-7, 2.654e-7, -8.352e-7, -5.337e-7, 3.015e-7, -7.913e-7, -5.381e-7, 2.533e-7, -8.797e-7, -5.971e-7, 2.826e-7, -7.623e-7, -5.219e-7, 2.404e-7, -8.854e-7, -6.080e-7, 2.774e-7, -8.932e-7, -5.995e-7, 2.937e-7, -9.820e-7, -6.459e-7, 3.361e-7
0.144, -7.250e-7, -4.738e-7, 2.512e-7, -8.042e-7, -5.207e-7, 2.835e-7, -7.643e-7, -5.257e-7, 2.386e-7, -8.463e-7, -5.812e-7, 2.651e-7, -7.369e-7, -5.094e-7, 2.274e-7, -8.521e-7, -5.917e-7, 2.604e-7, -8.618e-7, -5.855e-7, 2.763e-7, -9.405e-7, -6.270e-7, 3.135e-7
0.140, -7.017e-7, -4.642e-7, 2.376e-7, -7.741e-7, -5.074e-7, 2.667e-7, -7.381e-7, -5.135e-7, 2.246e-7, -8.144e-7, -5.655e-7, 2.489e-7, -7.116e-7, -4.966e-7, 2.150e-7, -8.189e-7, -5.749e-7, 2.440e-7, -8.307e-7, -5.713e-7, 2.594e-7, -8.995e-7, -6.081e-7, 2.914e-7
0.136, -6.775e-7, -4.543e-7, 2.233e-7, -7.438e-7, -4.945e-7, 2.493e-7, -7.138e-7, -5.018e-7, 2.119e-7, -7.819e-7, -5.499e-7, 2.320e-7, -6.872e-7, -4.847e-7, 2.025e-7, -7.871e-7, -5.597e-7, 2.274e-7, -7.991e-7, -5.569e-7, 2.422e-7, -8.599e-7, -5.901e-7, 2.698e-7
0.132, -6.555e-7, -4.441e-7, 2.114e-7, -7.136e-7, -4.812e-7, 2.324e-7, -6.902e-7, -4.903e-7, 1.998e-7, -7.518e-7, -5.355e-7, 2.162e-7, -6.641e-7, -4.728e-7, 1.913e-7, -7.578e-7, -5.447e-7, 2.130e-7, -7.697e-7, -5.434e-7, 2.263e-7, -8.228e-7, -5.732e-7, 2.496e-7
0.128, -6.321e-7, -4.346e-7, 1.976e-7, -6.877e-7, -4.704e-7, 2.174e-7, -6.685e-7, -4.799e-7, 1.886e-7, -7.250e-7, -5.226e-7, 2.023e-7, -6.422e-7, -4.620e-7, 1.803e-7, -7.297e-7, -5.310e-7, 1.988e-7, -7.415e-7, -5.303e-7, 2.112e-7, -7.874e-7, -5.572e-7, 2.302e-7
0.124, -6.120e-7, -4.251e-7, 1.869e-7, -6.620e-7, -4.588e-7, 2.032e-7, -6.480e-7, -4.701e-7, 1.779e-7, -6.999e-7, -5.108e-7, 1.892e-7, -6.229e-7, -4.522e-7, 1.707e-7, -7.055e-7, -5.188e-7, 1.867e-7, -7.162e-7, -5.183e-7, 1.979e-7, -7.559e-7, -5.426e-7, 2.133e-7
0.120, -5.939e-7, -4.173e-7, 1.766e-7, -6.402e-7, -4.496e-7, 1.906e-7, -6.296e-7, -4.615e-7, 1.681e-7, -6.775e-7, -4.999e-7, 1.776e-7, -6.046e-7, -4.428e-7, 1.618e-7, -6.824e-7, -5.074e-7, 1.750e-7, -6.923e-7, -5.073e-7, 1.850e-7, -7.268e-7, -5.293e-7, 1.975e-7
0.116, -5.767e-7, -4.091e-7, 1.675e-7, -6.198e-7, -4.403e-7, 1.795e-7, -6.116e-7, -4.527e-7, 1.589e-7, -6.569e-7, -4.900e-7, 1.669e-7, -5.882e-7, -4.342e-7, 1.540e-7, -6.620e-7, -4.973e-7, 1.647e-7, -6.705e-7, -4.970e-7, 1.735e-7, -7.013e-7, -5.176e-7, 1.837e-7
0.112, -5.618e-7, -4.029e-7, 1.589e-7, -6.011e-7, -4.326e-7, 1.685e-7, -5.959e-7, -4.448e-7, 1.511e-7, -6.378e-7, -4.810e-7, 1.568e-7, -5.731e-7, -4.267e-7, 1.463e-7, -6.438e-7, -4.884e-7, 1.554e-7, -6.508e-7, -4.877e-7, 1.631e-7, -6.775e-7, -5.065e-7, 1.710e-7
0.108, -5.474e-7, -3.960e-7, 1.514e-7, -5.853e-7, -4.254e-7, 1.599e-7, -5.820e-7, -4.375e-7, 1.446e-7, -6.216e-7, -4.730e-7, 1.486e-7, -5.598e-7, -4.194e-7, 1.404e-7, -6.276e-7, -4.800e-7, 1.476e-7, -6.339e-7, -4.794e-7, 1.545e-7, -6.574e-7, -4.968e-7, 1.606e-7
0.104, -5.359e-7, -3.904e-7, 1.455e-7, -5.713e-7, -4.190e-7, 1.523e-7, -5.701e-7, -4.319e-7, 1.381e-7, -6.073e-7, -4.660e-7, 1.414e-7, -5.485e-7, -4.139e-7, 1.347e-7, -6.141e-7, -4.730e-7, 1.411e-7, -6.185e-7, -4.714e-7, 1.471e-7, -6.398e-7, -4.887e-7, 1.510e-7
0.100, -5.241e-7, -3.848e-7, 1.392e-7, -5.581e-7, -4.126e-7, 1.455e-7, -5.594e-7, -4.261e-7, 1.333e-7, -5.948e-7, -4.596e-7, 1.352e-7, -5.387e-7, -4.083e-7, 1.304e-7, -6.011e-7, -4.658e-7, 1.354e-7, -6.047e-7, -4.649e-7, 1.398e-7, -6.235e-7, -4.806e-7, 1.429e-7
0.096, -5.147e-7, -3.812e-7, 1.334e-7, -5.471e-7, -4.082e-7, 1.389e-7, -5.500e-7, -4.214e-7, 1.286e-7, -5.837e-7, -4.541e-7, 1.295e-7, -5.294e-7, -4.036e-7, 1.258e-7, -5.899e-7, -4.603e-7, 1.296e-7, -5.932e-7, -4.593e-7, 1.339e-7, -6.098e-7, -4.740e-7, 1.357e-7
0.092, -5.062e-7, -3.770e-7, 1.292e-7, -5.366e-7, -4.029e-7, 1.338e-7, -5.409e-7, -4.164e-7, 1.245e-7, -5.737e-7, -4.488e-7, 1.250e-7, -5.214e-7, -3.990e-7, 1.225e-7, -5.797e-7, -4.549e-7, 1.248e-7, -5.816e-7, -4.532e-7, 1.284e-7, -5.976e-7, -4.680e-7, 1.296e-7
0.088, -4.987e-7, -3.730e-7, 1.258e-7, -5.286e-7, -3.991e-7, 1.295e-7, -5.333e-7, -4.123e-7, 1.210e-7, -5.645e-7, -4.439e-7, 1.207e-7, -5.141e-7, -3.950e-7, 1.191e-7, -5.719e-7, -4.507e-7, 1.212e-7, -5.735e-7, -4.491e-7, 1.244e-7, -5.878e-7, -4.629e-7, 1.249e-7
0.084, -4.914e-7, -3.695e-7, 1.220e-7, -5.200e-7, -3.952e-7, 1.248e-7, -5.253e-7, -4.080e-7, 1.173e-7, -5.567e-7, -4.397e-7, 1.170e-7, -5.077e-7, -3.917e-7, 1.160e-7, -5.633e-7, -4.461e-7, 1.172e-7, -5.656e-7, -4.444e-7, 1.212e-7, -5.770e-7, -4.574e-7, 1.196e-7
0.080, -4.864e-7, -3.678e-7, 1.186e-7, -5.135e-7, -3.920e-7, 1.216e-7, -5.201e-7, -4.052e-7, 1.149e-7, -5.493e-7, -4.357e-7, 1.136e-7, -5.019e-7, -3.886e-7, 1.133e-7, -5.564e-7, -4.427e-7, 1.137e-7, -5.577e-7, -4.405e-7, 1.173e-7, -5.693e-7, -4.535e-7, 1.158e-7
0.076, -4.804e-7, -3.643e-7, 1.160e-7, -5.077e-7, -3.892e-7, 1.185e-7, -5.143e-7, -4.020e-7, 1.122e-7, -5.428e-7, -4.324e-7, 1.104e-7, -4.976e-7, -3.861e-7, 1.115e-7, -5.496e-7, -4.385e-7, 1.111e-7, -5.515e-7, -4.370e-7, 1.144e-7, -5.623e-7, -4.496e-7, 1.128e-7
0.072, -4.755e-7, -3.617e-7, 1.137e-7, -5.018e-7, -3.861e-7, 1.157e-7, -5.088e-7, -3.995e-7, 1.092e-7, -5.369e-7, -4.293e-7, 1.077e-7, -4.927e-7, -3.832e-7, 1.095e-7, -5.441e-7, -4.357e-7, 1.084e-7, -5.458e-7, -4.337e-7, 1.121e-7, -5.548e-7, -4.454e-7, 1.095e-7
0.068, -4.708e-7, -3.595e-7, 1.113e-7, -4.956e-7, -3.835e-7, 1.121e-7, -5.053e-7, -3.974e-7, 1.079e-7, -5.313e-7, -4.264e-7, 1.049e-7, -4.885e-7, -3.811e-7, 1.073e-7, -5.390e-7, -4.333e-7, 1.058e-7, -5.405e-7, -4.313e-7, 1.091e-7, -5.488e-7, -4.426e-7, 1.062e-7
0.064, -4.669e-7, -3.574e-7, 1.096e-7, -4.907e-7, -3.804e-7, 1.102e-7, -5.004e-7, -3.941e-7, 1.063e-7, -5.268e-7, -4.233e-7, 1.035e-7, -4.849e-7, -3.788e-7, 1.060e-7, -5.343e-7, -4.302e-7, 1.041e-7, -5.360e-7, -4.287e-7, 1.073e-7, -5.429e-7, -4.392e-7, 1.037e-7
0.060, -4.631e-7, -3.558e-7, 1.073e-7, -4.859e-7, -3.784e-7, 1.075e-7, -4.971e-7, -3.930e-7, 1.040e-7, -5.221e-7, -4.215e-7, 1.006e-7, -4.819e-7, -3.775e-7, 1.044e-7, -5.300e-7, -4.281e-7, 1.019e-7, -5.322e-7, -4.268e-7, 1.053e-7, -5.385e-7, -4.371e-7, 1.014e-7
0.056, -4.591e-7, -3.538e-7, 1.053e-7, -4.820e-7, -3.763e-7, 1.056e-7, -4.922e-7, -3.903e-7, 1.019e-7, -5.170e-7, -4.187e-7, 9.831e-8, -4.785e-7, -3.754e-7, 1.031e-7, -5.256e-7, -4.259e-7, 9.962e-8, -5.282e-7, -4.248e-7, 1.034e-7, -5.335e-7, -4.341e-7, 9.941e-8
0.052, -4.553e-7, -3.521e-7, 1.033e-7, -4.785e-7, -3.748e-7, 1.038e-7, -4.889e-7, -3.892e-7, 9.961e-8, -5.131e-7, -4.169e-7, 9.619e-8, -4.750e-7, -3.744e-7, 1.007e-7, -5.213e-7, -4.239e-7, 9.741e-8, -5.248e-7, -4.231e-7, 1.017e-7, -5.296e-7, -4.326e-7, 9.696e-8
0.048, -4.542e-7, -3.516e-7, 1.026e-7, -4.752e-7, -3.734e-7, 1.018e-7, -4.860e-7, -3.878e-7, 9.825e-8, -5.097e-7, -4.151e-7, 9.461e-8, -4.727e-7, -3.730e-7, 9.976e-8, -5.181e-7, -4.223e-7, 9.583e-8, -5.226e-7, -4.226e-7, 1.000e-7, -5.255e-7, -4.305e-7, 9.504e-8
0.044, -4.506e-7, -3.498e-7, 1.009e-7, -4.710e-7, -3.713e-7, 9.977e-8, -4.838e-7, -3.869e-7, 9.691e-8, -5.064e-7, -4.136e-7, 9.286e-8, -4.708e-7, -3.722e-7, 9.858e-8, -5.147e-7, -4.210e-7, 9.376e-8, -5.196e-7, -4.209e-7, 9.872e-8, -5.217e-7, -4.287e-7, 9.303e-8
0.040, -4.475e-7, -3.489e-7, 9.864e-8, -4.675e-7, -3.700e-7, 9.746e-8, -4.819e-7, -3.861e-7, 9.580e-8, -5.029e-7, -4.124e-7, 9.044e-8, -4.682e-7, -3.713e-7, 9.684e-8, -5.110e-7, -4.193e-7, 9.168e-8, -5.168e-7, -4.202e-7, 9.663e-8, -5.190e-7, -4.275e-7, 9.150e-8
0.036, -4.458e-7, -3.486e-7, 9.720e-8, -4.645e-7, -3.692e-7, 9.532e-8, -4.798e-7, -3.855e-7, 9.432e-8, -5.000e-7, -4.112e-7, 8.880e-8, -4.661e-7, -3.709e-7, 9.523e-8, -5.089e-7, -4.187e-7, 9.025e-8, -5.152e-7, -4.199e-7, 9.532e-8, -5.167e-7, -4.271e-7, 8.953e-8
0.032, -4.443e-7, -3.488e-7, 9.553e-8, -4.624e-7, -3.689e-7, 9.355e-8, -4.774e-7, -3.846e-7, 9.277e-8, -4.966e-7, -4.094e-7, 8.716e-8, -4.655e-7, -3.708e-7, 9.473e-8, -5.064e-7, -4.182e-7, 8.821e-8, -5.141e-7, -4.200e-7, 9.407e-8, -5.137e-7, -4.260e-7, 8.765e-8
0.028, -4.409e-7, -3.468e-7, 9.419e-8, -4.596e-7, -3.675e-7, 9.215e-8, -4.763e-7, -3.845e-7, 9.177e-8, -4.944e-7, -4.095e-7, 8.499e-8, -4.639e-7, -3.706e-7, 9.332e-8, -5.041e-7, -4.172e-7, 8.696e-8, -5.119e-7, -4.193e-7, 9.260e-8, -5.123e-7, -4.258e-7, 8.650e-8
0.024, -4.415e-7, -3.480e-7, 9.349e-8, -4.581e-7, -3.676e-7, 9.049e-8, -4.748e-7, -3.844e-7, 9.039e-8, -4.939e-7, -4.095e-7, 8.434e-8, -4.632e-7, -3.708e-7, 9.239e-8, -5.032e-7, -4.177e-7, 8.557e-8, -5.122e-7, -4.200e-7, 9.216e-8, -5.106e-7, -4.257e-7, 8.488e-8
0.020, -4.395e-7, -3.479e-7, 9.167e-8, -4.562e-7, -3.675e-7, 8.864e-8, -4.730e-7, -3.840e-7, 8.897e-8, -4.917e-7, -4.094e-7, 8.227e-8, -4.620e-7, -3.712e-7, 9.078e-8, -5.011e-7, -4.172e-7, 8.388e-8, -5.107e-7, -4.205e-7, 9.021e-8, -5.089e-7, -4.259e-7, 8.306e-8
0.016, -4.379e-7, -3.480e-7, 8.991e-8, -4.535e-7, -3.670e-7, 8.653e-8, -4.729e-7, -3.849e-7, 8.795e-8, -4.905e-7, -4.096e-7, 8.083e-8, -4.623e-7, -3.720e-7, 9.024e-8, -5.000e-7, -4.178e-7, 8.220e-8, -5.106e-7, -4.215e-7, 8.907e-8, -5.085e-7, -4.265e-7, 8.192e-8
0.012, -4.371e-7, -3.481e-7, 8.903e-8, -4.527e-7, -3.674e-7, 8.527e-8, -4.718e-7, -3.850e-7, 8.672e-8, -4.883e-7, -4.091e-7, 7.914e-8, -4.607e-7, -3.723e-7, 8.838e-8, -4.991e-7, -4.181e-7, 8.101e-8, -5.101e-7, -4.219e-7, 8.820e-8, -5.072e-7, -4.271e-7, 8.013e-8
0.008, -4.372e-7, -3.489e-7, 8.827e-8, -4.519e-7, -3.676e-7, 8.434e-8, -4.706e-7, -3.855e-7, 8.512e-8, -4.877e-7, -4.099e-7, 7.777e-8, -4.610e-7, -3.732e-7, 8.781e-8, -4.977e-7, -4.184e-7, 7.931e-8, -5.100e-7, -4.233e-7, 8.675e-8, -5.069e-7, -4.275e-7, 7.934e-8
0.004, -4.358e-7, -3.497e-7, 8.611e-8, -4.501e-7, -3.684e-7, 8.177e-8, -4.716e-7, -3.872e-7, 8.440e-8, -4.860e-7, -4.104e-7, 7.557e-8, -4.606e-7, -3.744e-7, 8.625e-8, -4.966e-7, -4.195e-7, 7.706e-8, -5.096e-7, -4.247e-7, 8.493e-8, -5.063e-7, -4.292e-7, 7.714e-8
-0.000, -4.362e-7, -3.506e-7, 8.563e-8, -4.510e-7, -3.697e-7, 8.126e-8, -4.710e-7, -3.881e-7, 8.295e-8, -4.865e-7, -4.120e-7, 7.448e-8, -4.620e-7, -3.761e-7, 8.593e-8, -4.971e-7, -4.208e-7, 7.624e-8, -5.115e-7, -4.269e-7, 8.458e-8, -5.068e-7, -4.307e-7, 7.616e-8
