0.896, -2.926e-6, 4.072e-6, 6.998e-6, -2.732e-6, 4.357e-6, 7.088e-6, -3.148e-6, 4.517e-6, 7.665e-6, -2.928e-6, 4.785e-6, 7.713e-6, -3.045e-6, 4.345e-6, 7.390e-6, -2.918e-6, 4.826e-6, 7.745e-6, -3.458e-6, 4.985e-6, 8.443e-6, -3.179e-6, 5.119e-6, 8.298e-6
0.892, -2.612e-6, 2.840e-6, 5.452e-6, -2.462e-6, 3.037e-6, 5.499e-6, -2.819e-6, 3.112e-6, 5.931e-6, -2.645e-6, 3.299e-6, 5.945e-6, -2.722e-6, 2.997e-6, 5.719e-6, -2.646e-6, 3.305e-6, 5.951e-6, -3.097e-6, 3.371e-6, 6.468e-6, -2.865e-6, 3.461e-6, 6.326e-6
0.888, -2.279e-6, 2.248e-6, 4.527e-6, -2.154e-6, 2.411e-6, 4.565e-6, -2.459e-6, 2.447e-6, 4.906e-6, -2.313e-6, 2.602e-6, 4.915e-6, -2.372e-6, 2.359e-6, 4.731e-6, -2.317e-6, 2.596e-6, 4.913e-6, -2.697e-6, 2.620e-6, 5.317e-6, -2.496e-6, 2.699e-6, 5.196e-6
0.884, -2.019e-6, 1.870e-6, 3.889e-6, -1.914e-6, 2.014e-6, 3.928e-6, -2.179e-6, 2.025e-6, 4.204e-6, -2.054e-6, 2.163e-6, 4.217e-6, -2.100e-6, 1.954e-6, 4.054e-6, -2.058e-6, 2.153e-6, 4.211e-6, -2.386e-6, 2.151e-6, 4.538e-6, -2.210e-6, 2.227e-6, 4.438e-6
0.880, -1.816e-6, 1.601e-6, 3.418e-6, -1.725e-6, 1.736e-6, 3.461e-6, -1.957e-6, 1.730e-6, 3.687e-6, -1.849e-6, 1.857e-6, 3.706e-6, -1.886e-6, 1.669e-6, 3.556e-6, -1.854e-6, 1.845e-6, 3.698e-6, -2.141e-6, 1.824e-6, 3.966e-6, -1.985e-6, 1.900e-6, 3.885e-6
0.876, -1.654e-6, 1.398e-6, 3.052e-6, -1.574e-6, 1.526e-6, 3.101e-6, -1.781e-6, 1.508e-6, 3.289e-6, -1.686e-6, 1.629e-6, 3.315e-6, -1.716e-6, 1.456e-6, 3.172e-6, -1.692e-6, 1.615e-6, 3.307e-6, -1.945e-6, 1.581e-6, 3.527e-6, -1.806e-6, 1.658e-6, 3.464e-6
0.872, -1.519e-6, 1.240e-6, 2.759e-6, -1.450e-6, 1.362e-6, 2.812e-6, -1.635e-6, 1.335e-6, 2.970e-6, -1.552e-6, 1.451e-6, 3.003e-6, -1.576e-6, 1.288e-6, 2.865e-6, -1.557e-6, 1.437e-6, 2.994e-6, -1.785e-6, 1.391e-6, 3.176e-6, -1.660e-6, 1.469e-6, 3.128e-6
0.868, -1.408e-6, 1.111e-6, 2.519e-6, -1.346e-6, 1.231e-6, 2.577e-6, -1.515e-6, 1.194e-6, 2.709e-6, -1.441e-6, 1.307e-6, 2.748e-6, -1.458e-6, 1.154e-6, 2.613e-6, -1.447e-6, 1.293e-6, 2.739e-6, -1.651e-6, 1.239e-6, 2.890e-6, -1.538e-6, 1.317e-6, 2.855e-6
0.864, -1.314e-6, 1.005e-6, 2.318e-6, -1.260e-6, 1.121e-6, 2.381e-6, -1.413e-6, 1.079e-6, 2.492e-6, -1.347e-6, 1.189e-6, 2.537e-6, -1.361e-6, 1.043e-6, 2.404e-6, -1.353e-6, 1.175e-6, 2.528e-6, -1.539e-6, 1.113e-6, 2.652e-6, -1.436e-6, 1.193e-6, 2.629e-6
0.860, -1.234e-6, 9.152e-7, 2.149e-6, -1.187e-6, 1.029e-6, 2.216e-6, -1.326e-6, 9.819e-7, 2.308e-6, -1.269e-6, 1.090e-6, 2.358e-6, -1.277e-6, 9.495e-7, 2.226e-6, -1.275e-6, 1.075e-6, 2.350e-6, -1.444e-6, 1.008e-6, 2.452e-6, -1.350e-6, 1.088e-6, 2.438e-6
0.856, -1.165e-6, 8.375e-7, 2.003e-6, -1.124e-6, 9.501e-7, 2.074e-6, -1.252e-6, 8.985e-7, 2.150e-6, -1.201e-6, 1.004e-6, 2.206e-6, -1.205e-6, 8.696e-7, 2.074e-6, -1.206e-6, 9.908e-7, 2.197e-6, -1.361e-6, 9.180e-7, 2.279e-6, -1.276e-6, 9.985e-7, 2.274e-6
0.852, -1.106e-6, 7.714e-7, 1.877e-6, -1.070e-6, 8.822e-7, 1.952e-6, -1.188e-6, 8.264e-7, 2.014e-6, -1.142e-6, 9.313e-7, 2.073e-6, -1.143e-6, 8.007e-7, 1.944e-6, -1.147e-6, 9.185e-7, 2.066e-6, -1.289e-6, 8.413e-7, 2.131e-6, -1.212e-6, 9.222e-7, 2.134e-6
0.848, -1.055e-6, 7.128e-7, 1.768e-6, -1.023e-6, 8.225e-7, 1.846e-6, -1.132e-6, 7.634e-7, 1.896e-6, -1.092e-6, 8.673e-7, 1.959e-6, -1.089e-6, 7.397e-7, 1.829e-6, -1.096e-6, 8.549e-7, 1.951e-6, -1.228e-6, 7.731e-7, 2.001e-6, -1.156e-6, 8.544e-7, 2.011e-6
0.844, -1.010e-6, 6.609e-7, 1.671e-6, -9.842e-7, 7.689e-7, 1.753e-6, -1.085e-6, 7.076e-7, 1.792e-6, -1.049e-6, 8.099e-7, 1.859e-6, -1.044e-6, 6.856e-7, 1.730e-6, -1.054e-6, 7.979e-7, 1.852e-6, -1.176e-6, 7.133e-7, 1.889e-6, -1.110e-6, 7.951e-7, 1.905e-6
0.840, -9.705e-7, 6.148e-7, 1.585e-6, -9.483e-7, 7.218e-7, 1.670e-6, -1.042e-6, 6.584e-7, 1.700e-6, -1.011e-6, 7.595e-7, 1.771e-6, -1.002e-6, 6.388e-7, 1.641e-6, -1.016e-6, 7.479e-7, 1.764e-6, -1.128e-6, 6.603e-7, 1.788e-6, -1.069e-6, 7.419e-7, 1.811e-6
0.836, -9.356e-7, 5.736e-7, 1.509e-6, -9.167e-7, 6.797e-7, 1.596e-6, -1.005e-6, 6.136e-7, 1.619e-6, -9.778e-7, 7.139e-7, 1.692e-6, -9.657e-7, 5.962e-7, 1.562e-6, -9.823e-7, 7.030e-7, 1.685e-6, -1.087e-6, 6.132e-7, 1.700e-6, -1.032e-6, 6.949e-7, 1.727e-6
0.832, -9.049e-7, 5.361e-7, 1.441e-6, -8.894e-7, 6.415e-7, 1.531e-6, -9.708e-7, 5.741e-7, 1.545e-6, -9.493e-7, 6.724e-7, 1.622e-6, -9.332e-7, 5.582e-7, 1.491e-6, -9.533e-7, 6.623e-7, 1.616e-6, -1.051e-6, 5.705e-7, 1.621e-6, -1.001e-6, 6.520e-7, 1.653e-6
0.828, -8.781e-7, 5.021e-7, 1.380e-6, -8.667e-7, 6.060e-7, 1.473e-6, -9.432e-7, 5.368e-7, 1.480e-6, -9.242e-7, 6.349e-7, 1.559e-6, -9.059e-7, 5.231e-7, 1.429e-6, -9.279e-7, 6.251e-7, 1.553e-6, -1.020e-6, 5.308e-7, 1.550e-6, -9.740e-7, 6.124e-7, 1.586e-6
0.824, -8.554e-7, 4.705e-7, 1.326e-6, -8.463e-7, 5.739e-7, 1.420e-6, -9.178e-7, 5.036e-7, 1.421e-6, -9.026e-7, 6.001e-7, 1.503e-6, -8.806e-7, 4.910e-7, 1.372e-6, -9.052e-7, 5.914e-7, 1.497e-6, -9.905e-7, 4.960e-7, 1.487e-6, -9.494e-7, 5.768e-7, 1.526e-6
0.820, -8.338e-7, 4.421e-7, 1.276e-6, -8.281e-7, 5.447e-7, 1.373e-6, -8.956e-7, 4.725e-7, 1.368e-6, -8.825e-7, 5.691e-7, 1.452e-6, -8.595e-7, 4.617e-7, 1.321e-6, -8.858e-7, 5.604e-7, 1.446e-6, -9.657e-7, 4.632e-7, 1.429e-6, -9.281e-7, 5.442e-7, 1.472e-6
0.816, -8.155e-7, 4.155e-7, 1.231e-6, -8.129e-7, 5.171e-7, 1.330e-6, -8.767e-7, 4.441e-7, 1.321e-6, -8.666e-7, 5.393e-7, 1.406e-6, -8.404e-7, 4.344e-7, 1.275e-6, -8.688e-7, 5.316e-7, 1.400e-6, -9.442e-7, 4.333e-7, 1.378e-6, -9.107e-7, 5.132e-7, 1.424e-6
0.812, -8.005e-7, 3.904e-7, 1.191e-6, -7.999e-7, 4.912e-7, 1.291e-6, -8.599e-7, 4.173e-7, 1.277e-6, -8.525e-7, 5.122e-7, 1.365e-6, -8.245e-7, 4.092e-7, 1.234e-6, -8.555e-7, 5.045e-7, 1.360e-6, -9.266e-7, 4.046e-7, 1.331e-6, -8.955e-7, 4.848e-7, 1.380e-6
0.808, -7.869e-7, 3.668e-7, 1.154e-6, -7.887e-7, 4.672e-7, 1.256e-6, -8.454e-7, 3.923e-7, 1.238e-6, -8.411e-7, 4.859e-7, 1.327e-6, -8.099e-7, 3.852e-7, 1.195e-6, -8.435e-7, 4.790e-7, 1.323e-6, -9.101e-7, 3.784e-7, 1.288e-6, -8.817e-7, 4.582e-7, 1.340e-6
0.804, -7.753e-7, 3.445e-7, 1.120e-6, -7.797e-7, 4.443e-7, 1.224e-6, -8.340e-7, 3.676e-7, 1.202e-6, -8.321e-7, 4.610e-7, 1.293e-6, -7.979e-7, 3.627e-7, 1.161e-6, -8.334e-7, 4.548e-7, 1.288e-6, -8.968e-7, 3.533e-7, 1.250e-6, -8.710e-7, 4.327e-7, 1.304e-6
0.800, -7.655e-7, 3.236e-7, 1.089e-6, -7.722e-7, 4.224e-7, 1.195e-6, -8.229e-7, 3.462e-7, 1.169e-6, -8.230e-7, 4.385e-7, 1.261e-6, -7.877e-7, 3.416e-7, 1.129e-6, -8.249e-7, 4.323e-7, 1.257e-6, -8.862e-7, 3.292e-7, 1.215e-6, -8.625e-7, 4.089e-7, 1.271e-6
0.796, -7.575e-7, 3.036e-7, 1.061e-6, -7.664e-7, 4.013e-7, 1.168e-6, -8.153e-7, 3.237e-7, 1.139e-6, -8.173e-7, 4.158e-7, 1.233e-6, -7.794e-7, 3.206e-7, 1.100e-6, -8.183e-7, 4.107e-7, 1.229e-6, -8.760e-7, 3.066e-7, 1.183e-6, -8.551e-7, 3.864e-7, 1.241e-6
0.792, -7.511e-7, 2.844e-7, 1.035e-6, -7.608e-7, 3.820e-7, 1.143e-6, -8.077e-7, 3.034e-7, 1.111e-6, -8.121e-7, 3.946e-7, 1.207e-6, -7.723e-7, 3.014e-7, 1.074e-6, -8.137e-7, 3.893e-7, 1.203e-6, -8.676e-7, 2.848e-7, 1.152e-6, -8.494e-7, 3.644e-7, 1.214e-6
0.788, -7.453e-7, 2.661e-7, 1.011e-6, -7.570e-7, 3.631e-7, 1.120e-6, -8.021e-7, 2.838e-7, 1.086e-6, -8.079e-7, 3.746e-7, 1.182e-6, -7.658e-7, 2.831e-7, 1.049e-6, -8.082e-7, 3.703e-7, 1.179e-6, -8.611e-7, 2.642e-7, 1.125e-6, -8.444e-7, 3.437e-7, 1.188e-6
0.784, -7.406e-7, 2.489e-7, 9.895e-7, -7.542e-7, 3.450e-7, 1.099e-6, -7.978e-7, 2.645e-7, 1.062e-6, -8.050e-7, 3.552e-7, 1.160e-6, -7.617e-7, 2.651e-7, 1.027e-6, -8.056e-7, 3.512e-7, 1.157e-6, -8.563e-7, 2.441e-7, 1.100e-6, -8.407e-7, 3.236e-7, 1.164e-6
0.780, -7.382e-7, 2.312e-7, 9.694e-7, -7.529e-7, 3.269e-7, 1.080e-6, -7.952e-7, 2.456e-7, 1.041e-6, -8.033e-7, 3.361e-7, 1.139e-6, -7.592e-7, 2.471e-7, 1.006e-6, -8.037e-7, 3.326e-7, 1.136e-6, -8.526e-7, 2.248e-7, 1.077e-6, -8.393e-7, 3.038e-7, 1.143e-6
0.776, -7.354e-7, 2.150e-7, 9.504e-7, -7.522e-7, 3.101e-7, 1.062e-6, -7.920e-7, 2.282e-7, 1.020e-6, -8.023e-7, 3.180e-7, 1.120e-6, -7.562e-7, 2.306e-7, 9.868e-7, -8.019e-7, 3.153e-7, 1.117e-6, -8.493e-7, 2.064e-7, 1.056e-6, -8.375e-7, 2.856e-7, 1.123e-6
0.772, -7.333e-7, 1.987e-7, 9.321e-7, -7.519e-7, 2.937e-7, 1.046e-6, -7.907e-7, 2.110e-7, 1.002e-6, -8.022e-7, 3.004e-7, 1.103e-6, -7.538e-7, 2.148e-7, 9.686e-7, -8.011e-7, 2.985e-7, 1.100e-6, -8.479e-7, 1.882e-7, 1.036e-6, -8.371e-7, 2.676e-7, 1.105e-6
0.768, -7.325e-7, 1.837e-7, 9.162e-7, -7.530e-7, 2.774e-7, 1.030e-6, -7.896e-7, 1.949e-7, 9.844e-7, -8.033e-7, 2.837e-7, 1.087e-6, -7.529e-7, 1.990e-7, 9.519e-7, -8.025e-7, 2.816e-7, 1.084e-6, -8.468e-7, 1.709e-7, 1.018e-6, -8.380e-7, 2.498e-7, 1.088e-6
0.764, -7.319e-7, 1.688e-7, 9.007e-7, -7.540e-7, 2.622e-7, 1.016e-6, -7.897e-7, 1.783e-7, 9.680e-7, -8.046e-7, 2.671e-7, 1.072e-6, -7.524e-7, 1.841e-7, 9.365e-7, -8.040e-7, 2.650e-7, 1.069e-6, -8.460e-7, 1.545e-7, 1.000e-6, -8.386e-7, 2.328e-7, 1.071e-6
0.760, -7.321e-7, 1.541e-7, 8.861e-7, -7.561e-7, 2.466e-7, 1.003e-6, -7.900e-7, 1.624e-7, 9.524e-7, -8.071e-7, 2.504e-7, 1.057e-6, -7.523e-7, 1.694e-7, 9.217e-7, -8.055e-7, 2.493e-7, 1.055e-6, -8.463e-7, 1.379e-7, 9.843e-7, -8.410e-7, 2.158e-7, 1.057e-6
0.756, -7.325e-7, 1.402e-7, 8.727e-7, -7.580e-7, 2.317e-7, 9.897e-7, -7.903e-7, 1.476e-7, 9.379e-7, -8.091e-7, 2.346e-7, 1.044e-6, -7.518e-7, 1.557e-7, 9.075e-7, -8.075e-7, 2.341e-7, 1.042e-6, -8.467e-7, 1.216e-7, 9.684e-7, -8.427e-7, 2.001e-7, 1.043e-6
0.752, -7.328e-7, 1.267e-7, 8.595e-7, -7.607e-7, 2.171e-7, 9.778e-7, -7.913e-7, 1.331e-7, 9.243e-7, -8.118e-7, 2.195e-7, 1.031e-6, -7.524e-7, 1.417e-7, 8.941e-7, -8.102e-7, 2.190e-7, 1.029e-6, -8.480e-7, 1.063e-7, 9.543e-7, -8.455e-7, 1.840e-7, 1.029e-6
0.748, -7.334e-7, 1.137e-7, 8.471e-7, -7.642e-7, 2.028e-7, 9.669e-7, -7.927e-7, 1.183e-7, 9.110e-7, -8.149e-7, 2.047e-7, 1.020e-6, -7.532e-7, 1.282e-7, 8.815e-7, -8.135e-7, 2.045e-7, 1.018e-6, -8.489e-7, 9.195e-8, 9.408e-7, -8.485e-7, 1.689e-7, 1.017e-6
0.744, -7.346e-7, 1.008e-7, 8.354e-7, -7.674e-7, 1.890e-7, 9.564e-7, -7.938e-7, 1.053e-7, 8.991e-7, -8.195e-7, 1.892e-7, 1.009e-6, -7.550e-7, 1.152e-7, 8.702e-7, -8.166e-7, 1.902e-7, 1.007e-6, -8.507e-7, 7.719e-8, 9.279e-7, -8.519e-7, 1.539e-7, 1.006e-6
0.740, -7.365e-7, 8.848e-8, 8.249e-7, -7.713e-7, 1.755e-7, 9.468e-7, -7.950e-7, 9.201e-8, 8.870e-7, -8.231e-7, 1.755e-7, 9.985e-7, -7.565e-7, 1.030e-7, 8.594e-7, -8.205e-7, 1.763e-7, 9.968e-7, -8.537e-7, 6.314e-8, 9.168e-7, -8.561e-7, 1.392e-7, 9.953e-7
0.736, -7.375e-7, 7.662e-8, 8.142e-7, -7.749e-7, 1.622e-7, 9.371e-7, -7.973e-7, 7.909e-8, 8.764e-7, -8.274e-7, 1.613e-7, 9.887e-7, -7.574e-7, 9.117e-8, 8.486e-7, -8.245e-7, 1.624e-7, 9.869e-7, -8.550e-7, 4.958e-8, 9.046e-7, -8.600e-7, 1.246e-7, 9.846e-7
0.732, -7.388e-7, 6.526e-8, 8.041e-7, -7.786e-7, 1.497e-7, 9.282e-7, -7.997e-7, 6.654e-8, 8.662e-7, -8.318e-7, 1.480e-7, 9.798e-7, -7.595e-7, 7.954e-8, 8.391e-7, -8.294e-7, 1.493e-7, 9.787e-7, -8.578e-7, 3.610e-8, 8.939e-7, -8.648e-7, 1.109e-7, 9.757e-7
0.728, -7.411e-7, 5.333e-8, 7.945e-7, -7.840e-7, 1.363e-7, 9.203e-7, -8.021e-7, 5.374e-8, 8.559e-7, -8.372e-7, 1.337e-7, 9.710e-7, -7.613e-7, 6.750e-8, 8.288e-7, -8.338e-7, 1.357e-7, 9.695e-7, -8.611e-7, 2.272e-8, 8.838e-7, -8.697e-7, 9.682e-8, 9.666e-7
0.724, -7.421e-7, 4.317e-8, 7.853e-7, -7.876e-7, 1.244e-7, 9.120e-7, -8.036e-7, 4.252e-8, 8.462e-7, -8.404e-7, 1.216e-7, 9.621e-7, -7.628e-7, 5.716e-8, 8.199e-7, -8.376e-7, 1.239e-7, 9.614e-7, -8.623e-7, 1.156e-8, 8.738e-7, -8.736e-7, 8.413e-8, 9.577e-7
0.720, -7.437e-7, 3.272e-8, 7.764e-7, -7.926e-7, 1.118e-7, 9.044e-7, -8.054e-7, 3.123e-8, 8.367e-7, -8.456e-7, 1.087e-7, 9.543e-7, -7.644e-7, 4.665e-8, 8.111e-7, -8.423e-7, 1.110e-7, 9.533e-7, -8.650e-7, -9.184e-10, 8.641e-7, -8.790e-7, 7.039e-8, 9.494e-7
0.716, -7.459e-7, 2.254e-8, 7.685e-7, -7.968e-7, 1.004e-7, 8.972e-7, -8.080e-7, 1.987e-8, 8.279e-7, -8.512e-7, 9.598e-8, 9.472e-7, -7.666e-7, 3.606e-8, 8.027e-7, -8.478e-7, 9.886e-8, 9.466e-7, -8.675e-7, -1.200e-8, 8.555e-7, -8.840e-7, 5.806e-8, 9.421e-7
0.712, -7.473e-7, 1.262e-8, 7.599e-7, -8.019e-7, 8.809e-8, 8.900e-7, -8.105e-7, 9.089e-9, 8.196e-7, -8.565e-7, 8.332e-8, 9.398e-7, -7.686e-7, 2.609e-8, 7.947e-7, -8.521e-7, 8.713e-8, 9.392e-7, -8.700e-7, -2.358e-8, 8.464e-7, -8.889e-7, 4.555e-8, 9.344e-7
0.708, -7.489e-7, 2.968e-9, 7.519e-7, -8.064e-7, 7.698e-8, 8.834e-7, -8.127e-7, -1.411e-9, 8.113e-7, -8.615e-7, 7.130e-8, 9.328e-7, -7.708e-7, 1.609e-8, 7.869e-7, -8.573e-7, 7.481e-8, 9.321e-7, -8.724e-7, -3.450e-8, 8.379e-7, -8.948e-7, 3.310e-8, 9.279e-7
0.704, -7.504e-7, -6.254e-9, 7.441e-7, -8.113e-7, 6.555e-8, 8.769e-7, -8.143e-7, -1.144e-8, 8.028e-7, -8.669e-7, 5.917e-8, 9.260e-7, -7.717e-7, 7.093e-9, 7.788e-7, -8.623e-7, 6.353e-8, 9.258e-7, -8.750e-7, -4.505e-8, 8.300e-7, -8.994e-7, 2.130e-8, 9.207e-7
0.700, -7.521e-7, -1.497e-8, 7.371e-7, -8.157e-7, 5.493e-8, 8.707e-7, -8.177e-7, -2.189e-8, 7.958e-7, -8.725e-7, 4.779e-8, 9.203e-7, -7.753e-7, -2.965e-9, 7.723e-7, -8.684e-7, 5.196e-8, 9.203e-7, -8.779e-7, -5.568e-8, 8.222e-7, -9.049e-7, 9.563e-9, 9.145e-7
0.696, -7.543e-7, -2.438e-8, 7.299e-7, -8.214e-7, 4.362e-8, 8.650e-7, -8.202e-7, -3.167e-8, 7.885e-7, -8.783e-7, 3.599e-8, 9.143e-7, -7.767e-7, -1.169e-8, 7.650e-7, -8.740e-7, 4.045e-8, 9.145e-7, -8.800e-7, -6.536e-8, 8.146e-7, -9.105e-7, -1.961e-9, 9.085e-7
0.692, -7.555e-7, -3.257e-8, 7.229e-7, -8.269e-7, 3.297e-8, 8.599e-7, -8.220e-7, -4.100e-8, 7.810e-7, -8.836e-7, 2.453e-8, 9.082e-7, -7.785e-7, -2.050e-8, 7.580e-7, -8.787e-7, 2.961e-8, 9.083e-7, -8.824e-7, -7.489e-8, 8.075e-7, -9.157e-7, -1.331e-8, 9.024e-7
0.688, -7.580e-7, -4.145e-8, 7.165e-7, -8.316e-7, 2.225e-8, 8.538e-7, -8.245e-7, -4.984e-8, 7.746e-7, -8.892e-7, 1.380e-8, 9.030e-7, -7.812e-7, -2.951e-8, 7.516e-7, -8.846e-7, 1.877e-8, 9.034e-7, -8.860e-7, -8.512e-8, 8.009e-7, -9.221e-7, -2.473e-8, 8.974e-7
0.684, -7.597e-7, -4.960e-8, 7.100e-7, -8.368e-7, 1.228e-8, 8.491e-7, -8.272e-7, -5.916e-8, 7.680e-7, -8.951e-7, 2.723e-9, 8.979e-7, -7.830e-7, -3.755e-8, 7.455e-7, -8.901e-7, 8.476e-9, 8.985e-7, -8.880e-7, -9.391e-8, 7.941e-7, -9.278e-7, -3.553e-8, 8.922e-7
0.680, -7.620e-7, -5.765e-8, 7.043e-7, -8.429e-7, 1.502e-9, 8.444e-7, -8.290e-7, -6.792e-8, 7.611e-7, -9.013e-7, -8.142e-9, 8.931e-7, -7.855e-7, -4.602e-8, 7.395e-7, -8.970e-7, -2.910e-9, 8.941e-7, -8.915e-7, -1.036e-7, 7.879e-7, -9.339e-7, -4.671e-8, 8.872e-7
0.676, -7.641e-7, -6.550e-8, 6.986e-7, -8.481e-7, -8.841e-9, 8.393e-7, -8.325e-7, -7.718e-8, 7.553e-7, -9.080e-7, -1.951e-8, 8.885e-7, -7.867e-7, -5.384e-8, 7.329e-7, -9.029e-7, -1.358e-8, 8.893e-7, -8.940e-7, -1.125e-7, 7.815e-7, -9.399e-7, -5.693e-8, 8.830e-7
0.672, -7.650e-7, -7.291e-8, 6.921e-7, -8.537e-7, -1.892e-8, 8.347e-7, -8.346e-7, -8.545e-8, 7.492e-7, -9.135e-7, -2.977e-8, 8.838e-7, -7.899e-7, -6.207e-8, 7.278e-7, -9.086e-7, -2.384e-8, 8.848e-7, -8.964e-7, -1.211e-7, 7.753e-7, -9.458e-7, -6.778e-8, 8.780e-7
0.668, -7.675e-7, -8.138e-8, 6.861e-7, -8.599e-7, -2.906e-8, 8.309e-7, -8.368e-7, -9.359e-8, 7.432e-7, -9.206e-7, -4.063e-8, 8.799e-7, -7.912e-7, -6.963e-8, 7.216e-7, -9.153e-7, -3.440e-8, 8.809e-7, -9.002e-7, -1.304e-7, 7.699e-7, -9.529e-7, -7.858e-8, 8.743e-7
0.664, -7.700e-7, -8.874e-8, 6.813e-7, -8.655e-7, -3.918e-8, 8.263e-7, -8.398e-7, -1.026e-7, 7.371e-7, -9.274e-7, -5.147e-8, 8.759e-7, -7.936e-7, -7.749e-8, 7.161e-7, -9.217e-7, -4.509e-8, 8.767e-7, -9.039e-7, -1.390e-7, 7.649e-7, -9.593e-7, -8.877e-8, 8.705e-7
0.660, -7.709e-7, -9.563e-8, 6.753e-7, -8.713e-7, -4.919e-8, 8.221e-7, -8.419e-7, -1.108e-7, 7.311e-7, -9.333e-7, -6.170e-8, 8.716e-7, -7.960e-7, -8.536e-8, 7.106e-7, -9.277e-7, -5.519e-8, 8.725e-7, -9.059e-7, -1.472e-7, 7.586e-7, -9.653e-7, -9.910e-8, 8.662e-7
0.656, -7.735e-7, -1.035e-7, 6.699e-7, -8.782e-7, -5.991e-8, 8.183e-7, -8.442e-7, -1.187e-7, 7.255e-7, -9.407e-7, -7.280e-8, 8.679e-7, -7.984e-7, -9.294e-8, 7.055e-7, -9.345e-7, -6.569e-8, 8.688e-7, -9.089e-7, -1.559e-7, 7.530e-7, -9.729e-7, -1.101e-7, 8.628e-7
0.652, -7.754e-7, -1.106e-7, 6.647e-7, -8.841e-7, -6.981e-8, 8.143e-7, -8.480e-7, -1.275e-7, 7.205e-7, -9.470e-7, -8.303e-8, 8.639e-7, -8.007e-7, -1.009e-7, 6.999e-7, -9.414e-7, -7.631e-8, 8.650e-7, -9.115e-7, -1.639e-7, 7.476e-7, -9.803e-7, -1.204e-7, 8.599e-7
0.648, -7.778e-7, -1.183e-7, 6.596e-7, -8.901e-7, -8.006e-8, 8.101e-7, -8.505e-7, -1.355e-7, 7.150e-7, -9.543e-7, -9.357e-8, 8.607e-7, -8.030e-7, -1.085e-7, 6.945e-7, -9.483e-7, -8.654e-8, 8.618e-7, -9.155e-7, -1.730e-7, 7.425e-7, -9.866e-7, -1.307e-7, 8.559e-7
0.644, -7.795e-7, -1.256e-7, 6.539e-7, -8.969e-7, -9.012e-8, 8.068e-7, -8.527e-7, -1.434e-7, 7.093e-7, -9.616e-7, -1.045e-7, 8.571e-7, -8.058e-7, -1.161e-7, 6.897e-7, -9.552e-7, -9.693e-8, 8.583e-7, -9.183e-7, -1.811e-7, 7.372e-7, -9.941e-7, -1.412e-7, 8.529e-7
0.640, -7.815e-7, -1.327e-7, 6.489e-7, -9.026e-7, -1.001e-7, 8.025e-7, -8.551e-7, -1.513e-7, 7.038e-7, -9.683e-7, -1.152e-7, 8.531e-7, -8.084e-7, -1.238e-7, 6.846e-7, -9.615e-7, -1.072e-7, 8.543e-7, -9.219e-7, -1.894e-7, 7.325e-7, -1.001e-6, -1.515e-7, 8.496e-7
0.636, -7.825e-7, -1.394e-7, 6.430e-7, -9.101e-7, -1.110e-7, 7.991e-7, -8.579e-7, -1.597e-7, 6.983e-7, -9.762e-7, -1.261e-7, 8.501e-7, -8.110e-7, -1.317e-7, 6.793e-7, -9.692e-7, -1.179e-7, 8.512e-7, -9.254e-7, -1.985e-7, 7.270e-7, -1.009e-6, -1.626e-7, 8.466e-7
0.632, -7.851e-7, -1.470e-7, 6.381e-7, -9.160e-7, -1.207e-7, 7.952e-7, -8.607e-7, -1.673e-7, 6.935e-7, -9.840e-7, -1.373e-7, 8.468e-7, -8.130e-7, -1.390e-7, 6.740e-7, -9.769e-7, -1.290e-7, 8.479e-7, -9.284e-7, -2.061e-7, 7.223e-7, -1.016e-6, -1.724e-7, 8.439e-7
0.628, -7.865e-7, -1.540e-7, 6.325e-7, -9.219e-7, -1.305e-7, 7.914e-7, -8.634e-7, -1.753e-7, 6.881e-7, -9.907e-7, -1.471e-7, 8.436e-7, -8.145e-7, -1.460e-7, 6.686e-7, -9.835e-7, -1.394e-7, 8.441e-7, -9.312e-7, -2.145e-7, 7.167e-7, -1.024e-6, -1.834e-7, 8.408e-7
0.624, -7.880e-7, -1.611e-7, 6.269e-7, -9.280e-7, -1.407e-7, 7.873e-7, -8.648e-7, -1.830e-7, 6.819e-7, -9.971e-7, -1.579e-7, 8.392e-7, -8.170e-7, -1.536e-7, 6.634e-7, -9.903e-7, -1.497e-7, 8.406e-7, -9.342e-7, -2.224e-7, 7.117e-7, -1.032e-6, -1.938e-7, 8.379e-7
0.620, -7.901e-7, -1.684e-7, 6.218e-7, -9.338e-7, -1.508e-7, 7.830e-7, -8.671e-7, -1.910e-7, 6.761e-7, -1.005e-6, -1.689e-7, 8.359e-7, -8.181e-7, -1.606e-7, 6.575e-7, -9.973e-7, -1.602e-7, 8.371e-7, -9.372e-7, -2.308e-7, 7.063e-7, -1.039e-6, -2.044e-7, 8.351e-7
0.616, -7.915e-7, -1.757e-7, 6.157e-7, -9.401e-7, -1.615e-7, 7.786e-7, -8.693e-7, -1.992e-7, 6.701e-7, -1.012e-6, -1.798e-7, 8.320e-7, -8.201e-7, -1.682e-7, 6.520e-7, -1.004e-6, -1.711e-7, 8.326e-7, -9.398e-7, -2.388e-7, 7.009e-7, -1.047e-6, -2.154e-7, 8.318e-7
0.612, -7.919e-7, -1.820e-7, 6.099e-7, -9.456e-7, -1.721e-7, 7.736e-7, -8.707e-7, -2.063e-7, 6.644e-7, -1.018e-6, -1.903e-7, 8.279e-7, -8.213e-7, -1.753e-7, 6.460e-7, -1.010e-6, -1.811e-7, 8.285e-7, -9.418e-7, -2.471e-7, 6.947e-7, -1.054e-6, -2.259e-7, 8.283e-7
0.608, -7.930e-7, -1.887e-7, 6.043e-7, -9.506e-7, -1.815e-7, 7.691e-7, -8.714e-7, -2.139e-7, 6.575e-7, -1.024e-6, -2.008e-7, 8.234e-7, -8.222e-7, -1.823e-7, 6.400e-7, -1.016e-6, -1.920e-7, 8.240e-7, -9.431e-7, -2.546e-7, 6.885e-7, -1.061e-6, -2.364e-7, 8.248e-7
0.604, -7.929e-7, -1.952e-7, 5.977e-7, -9.551e-7, -1.915e-7, 7.636e-7, -8.724e-7, -2.212e-7, 6.512e-7, -1.030e-6, -2.115e-7, 8.187e-7, -8.228e-7, -1.892e-7, 6.336e-7, -1.021e-6, -2.018e-7, 8.189e-7, -9.449e-7, -2.626e-7, 6.823e-7, -1.067e-6, -2.460e-7, 8.209e-7
0.600, -7.937e-7, -2.025e-7, 5.912e-7, -9.592e-7, -2.015e-7, 7.577e-7, -8.733e-7, -2.290e-7, 6.443e-7, -1.036e-6, -2.223e-7, 8.134e-7, -8.236e-7, -1.965e-7, 6.270e-7, -1.027e-6, -2.128e-7, 8.142e-7, -9.464e-7, -2.707e-7, 6.757e-7, -1.074e-6, -2.572e-7, 8.171e-7
0.596, -7.932e-7, -2.085e-7, 5.847e-7, -9.630e-7, -2.109e-7, 7.521e-7, -8.731e-7, -2.358e-7, 6.374e-7, -1.041e-6, -2.323e-7, 8.086e-7, -8.237e-7, -2.031e-7, 6.205e-7, -1.031e-6, -2.224e-7, 8.082e-7, -9.468e-7, -2.777e-7, 6.691e-7, -1.080e-6, -2.672e-7, 8.129e-7
0.592, -7.919e-7, -2.150e-7, 5.769e-7, -9.661e-7, -2.206e-7, 7.455e-7, -8.723e-7, -2.428e-7, 6.295e-7, -1.044e-6, -2.425e-7, 8.020e-7, -8.229e-7, -2.096e-7, 6.133e-7, -1.034e-6, -2.324e-7, 8.021e-7, -9.469e-7, -2.851e-7, 6.617e-7, -1.084e-6, -2.771e-7, 8.074e-7
0.588, -7.918e-7, -2.216e-7, 5.702e-7, -9.684e-7, -2.298e-7, 7.385e-7, -8.722e-7, -2.501e-7, 6.221e-7, -1.050e-6, -2.532e-7, 7.963e-7, -8.222e-7, -2.164e-7, 6.058e-7, -1.039e-6, -2.427e-7, 7.961e-7, -9.467e-7, -2.924e-7, 6.544e-7, -1.090e-6, -2.877e-7, 8.024e-7
0.584, -7.905e-7, -2.272e-7, 5.634e-7, -9.704e-7, -2.390e-7, 7.314e-7, -8.708e-7, -2.564e-7, 6.145e-7, -1.052e-6, -2.628e-7, 7.889e-7, -8.204e-7, -2.225e-7, 5.979e-7, -1.040e-6, -2.515e-7, 7.890e-7, -9.463e-7, -2.997e-7, 6.466e-7, -1.094e-6, -2.977e-7, 7.968e-7
0.580, -7.880e-7, -2.331e-7, 5.549e-7, -9.711e-7, -2.476e-7, 7.236e-7, -8.692e-7, -2.631e-7, 6.061e-7, -1.054e-6, -2.723e-7, 7.813e-7, -8.184e-7, -2.286e-7, 5.899e-7, -1.042e-6, -2.611e-7, 7.809e-7, -9.444e-7, -3.063e-7, 6.381e-7, -1.097e-6, -3.069e-7, 7.904e-7
0.576, -7.861e-7, -2.385e-7, 5.475e-7, -9.715e-7, -2.558e-7, 7.157e-7, -8.672e-7, -2.690e-7, 5.981e-7, -1.055e-6, -2.810e-7, 7.740e-7, -8.169e-7, -2.346e-7, 5.823e-7, -1.043e-6, -2.698e-7, 7.733e-7, -9.434e-7, -3.130e-7, 6.304e-7, -1.100e-6, -3.166e-7, 7.838e-7
0.572, -7.829e-7, -2.435e-7, 5.394e-7, -9.714e-7, -2.645e-7, 7.069e-7, -8.645e-7, -2.750e-7, 5.894e-7, -1.055e-6, -2.903e-7, 7.649e-7, -8.133e-7, -2.398e-7, 5.735e-7, -1.043e-6, -2.786e-7, 7.646e-7, -9.407e-7, -3.194e-7, 6.213e-7, -1.102e-6, -3.254e-7, 7.762e-7
0.568, -7.801e-7, -2.489e-7, 5.312e-7, -9.703e-7, -2.730e-7, 6.973e-7, -8.618e-7, -2.810e-7, 5.808e-7, -1.056e-6, -2.994e-7, 7.564e-7, -8.107e-7, -2.453e-7, 5.655e-7, -1.042e-6, -2.867e-7, 7.556e-7, -9.391e-7, -3.262e-7, 6.129e-7, -1.104e-6, -3.351e-7, 7.685e-7
0.564, -7.762e-7, -2.540e-7, 5.222e-7, -9.676e-7, -2.804e-7, 6.873e-7, -8.573e-7, -2.861e-7, 5.712e-7, -1.054e-6, -3.074e-7, 7.461e-7, -8.065e-7, -2.500e-7, 5.566e-7, -1.041e-6, -2.950e-7, 7.459e-7, -9.344e-7, -3.314e-7, 6.030e-7, -1.103e-6, -3.429e-7, 7.596e-7
0.560, -7.723e-7, -2.585e-7, 5.138e-7, -9.640e-7, -2.874e-7, 6.766e-7, -8.532e-7, -2.913e-7, 5.619e-7, -1.051e-6, -3.148e-7, 7.361e-7, -8.030e-7, -2.551e-7, 5.478e-7, -1.038e-6, -3.024e-7, 7.361e-7, -9.312e-7, -3.370e-7, 5.942e-7, -1.102e-6, -3.515e-7, 7.502e-7
0.556, -7.678e-7, -2.631e-7, 5.048e-7, -9.607e-7, -2.943e-7, 6.664e-7, -8.491e-7, -2.964e-7, 5.527e-7, -1.048e-6, -3.227e-7, 7.253e-7, -7.982e-7, -2.595e-7, 5.387e-7, -1.034e-6, -3.099e-7, 7.245e-7, -9.266e-7, -3.423e-7, 5.842e-7, -1.100e-6, -3.592e-7, 7.405e-7
0.552, -7.627e-7, -2.665e-7, 4.962e-7, -9.555e-7, -3.006e-7, 6.549e-7, -8.437e-7, -3.006e-7, 5.431e-7, -1.044e-6, -3.298e-7, 7.142e-7, -7.931e-7, -2.637e-7, 5.295e-7, -1.030e-6, -3.166e-7, 7.136e-7, -9.217e-7, -3.475e-7, 5.743e-7, -1.097e-6, -3.666e-7, 7.304e-7
0.548, -7.577e-7, -2.703e-7, 4.874e-7, -9.505e-7, -3.068e-7, 6.437e-7, -8.380e-7, -3.046e-7, 5.334e-7, -1.038e-6, -3.366e-7, 7.018e-7, -7.871e-7, -2.670e-7, 5.201e-7, -1.025e-6, -3.227e-7, 7.020e-7, -9.162e-7, -3.515e-7, 5.646e-7, -1.092e-6, -3.731e-7, 7.193e-7
0.544, -7.515e-7, -2.734e-7, 4.780e-7, -9.437e-7, -3.125e-7, 6.312e-7, -8.325e-7, -3.088e-7, 5.238e-7, -1.033e-6, -3.434e-7, 6.896e-7, -7.816e-7, -2.711e-7, 5.105e-7, -1.019e-6, -3.288e-7, 6.900e-7, -9.096e-7, -3.558e-7, 5.538e-7, -1.087e-6, -3.797e-7, 7.072e-7
0.540, -7.460e-7, -2.767e-7, 4.694e-7, -9.370e-7, -3.177e-7, 6.192e-7, -8.269e-7, -3.123e-7, 5.145e-7, -1.026e-6, -3.486e-7, 6.778e-7, -7.754e-7, -2.740e-7, 5.014e-7, -1.013e-6, -3.346e-7, 6.783e-7, -9.031e-7, -3.595e-7, 5.436e-7, -1.082e-6, -3.863e-7, 6.959e-7
0.536, -7.405e-7, -2.799e-7, 4.606e-7, -9.300e-7, -3.226e-7, 6.075e-7, -8.200e-7, -3.154e-7, 5.046e-7, -1.020e-6, -3.548e-7, 6.649e-7, -7.697e-7, -2.768e-7, 4.929e-7, -1.005e-6, -3.397e-7, 6.656e-7, -8.979e-7, -3.638e-7, 5.342e-7, -1.077e-6, -3.925e-7, 6.840e-7
0.532, -7.338e-7, -2.825e-7, 4.513e-7, -9.217e-7, -3.270e-7, 5.946e-7, -8.130e-7, -3.179e-7, 4.951e-7, -1.011e-6, -3.592e-7, 6.515e-7, -7.627e-7, -2.791e-7, 4.836e-7, -9.970e-7, -3.445e-7, 6.525e-7, -8.894e-7, -3.661e-7, 5.233e-7, -1.069e-6, -3.975e-7, 6.710e-7
0.528, -7.270e-7, -2.845e-7, 4.425e-7, -9.137e-7, -3.315e-7, 5.822e-7, -8.062e-7, -3.207e-7, 4.855e-7, -1.003e-6, -3.643e-7, 6.387e-7, -7.557e-7, -2.812e-7, 4.745e-7, -9.889e-7, -3.490e-7, 6.399e-7, -8.827e-7, -3.695e-7, 5.131e-7, -1.060e-6, -4.025e-7, 6.579e-7
0.524, -7.209e-7, -2.864e-7, 4.345e-7, -9.060e-7, -3.354e-7, 5.706e-7, -8.004e-7, -3.234e-7, 4.770e-7, -9.943e-7, -3.685e-7, 6.259e-7, -7.499e-7, -2.834e-7, 4.666e-7, -9.803e-7, -3.529e-7, 6.274e-7, -8.757e-7, -3.724e-7, 5.033e-7, -1.052e-6, -4.072e-7, 6.452e-7
0.520, -7.142e-7, -2.878e-7, 4.264e-7, -8.958e-7, -3.380e-7, 5.578e-7, -7.929e-7, -3.244e-7, 4.684e-7, -9.841e-7, -3.713e-7, 6.127e-7, -7.422e-7, -2.844e-7, 4.579e-7, -9.713e-7, -3.559e-7, 6.154e-7, -8.685e-7, -3.742e-7, 4.943e-7, -1.044e-6, -4.112e-7, 6.324e-7
0.516, -7.071e-7, -2.889e-7, 4.182e-7, -8.864e-7, -3.407e-7, 5.457e-7, -7.856e-7, -3.259e-7, 4.597e-7, -9.748e-7, -3.749e-7, 5.999e-7, -7.356e-7, -2.858e-7, 4.498e-7, -9.621e-7, -3.592e-7, 6.029e-7, -8.600e-7, -3.752e-7, 4.847e-7, -1.034e-6, -4.143e-7, 6.193e-7
0.512, -7.005e-7, -2.899e-7, 4.106e-7, -8.775e-7, -3.430e-7, 5.345e-7, -7.785e-7, -3.269e-7, 4.516e-7, -9.651e-7, -3.777e-7, 5.873e-7, -7.288e-7, -2.867e-7, 4.421e-7, -9.520e-7, -3.612e-7, 5.908e-7, -8.532e-7, -3.774e-7, 4.758e-7, -1.025e-6, -4.180e-7, 6.066e-7
0.508, -6.942e-7, -2.911e-7, 4.032e-7, -8.681e-7, -3.454e-7, 5.227e-7, -7.718e-7, -3.282e-7, 4.436e-7, -9.548e-7, -3.803e-7, 5.745e-7, -7.220e-7, -2.873e-7, 4.347e-7, -9.434e-7, -3.640e-7, 5.794e-7, -8.462e-7, -3.788e-7, 4.674e-7, -1.015e-6, -4.207e-7, 5.938e-7
0.504, -6.879e-7, -2.916e-7, 3.963e-7, -8.591e-7, -3.476e-7, 5.115e-7, -7.653e-7, -3.294e-7, 4.359e-7, -9.452e-7, -3.825e-7, 5.627e-7, -7.153e-7, -2.880e-7, 4.274e-7, -9.335e-7, -3.659e-7, 5.676e-7, -8.387e-7, -3.799e-7, 4.588e-7, -1.004e-6, -4.233e-7, 5.809e-7
0.500, -6.819e-7, -2.916e-7, 3.903e-7, -8.501e-7, -3.489e-7, 5.012e-7, -7.580e-7, -3.292e-7, 4.289e-7, -9.351e-7, -3.840e-7, 5.511e-7, -7.085e-7, -2.879e-7, 4.206e-7, -9.239e-7, -3.672e-7, 5.567e-7, -8.315e-7, -3.802e-7, 4.513e-7, -9.948e-7, -4.254e-7, 5.693e-7
0.496, -6.762e-7, -2.922e-7, 3.840e-7, -8.409e-7, -3.502e-7, 4.906e-7, -7.519e-7, -3.293e-7, 4.226e-7, -9.260e-7, -3.858e-7, 5.402e-7, -7.025e-7, -2.878e-7, 4.147e-7, -9.147e-7, -3.683e-7, 5.464e-7, -8.248e-7, -3.807e-7, 4.441e-7, -9.843e-7, -4.269e-7, 5.575e-7
0.492, -6.705e-7, -2.921e-7, 3.784e-7, -8.328e-7, -3.510e-7, 4.818e-7, -7.470e-7, -3.298e-7, 4.172e-7, -9.167e-7, -3.869e-7, 5.298e-7, -6.974e-7, -2.881e-7, 4.093e-7, -9.062e-7, -3.696e-7, 5.367e-7, -8.184e-7, -3.811e-7, 4.373e-7, -9.754e-7, -4.284e-7, 5.470e-7
0.488, -6.650e-7, -2.924e-7, 3.725e-7, -8.239e-7, -3.518e-7, 4.720e-7, -7.408e-7, -3.295e-7, 4.113e-7, -9.071e-7, -3.873e-7, 5.199e-7, -6.909e-7, -2.873e-7, 4.036e-7, -8.967e-7, -3.697e-7, 5.270e-7, -8.115e-7, -3.809e-7, 4.306e-7, -9.658e-7, -4.302e-7, 5.356e-7
0.484, -6.591e-7, -2.917e-7, 3.675e-7, -8.160e-7, -3.521e-7, 4.639e-7, -7.353e-7, -3.294e-7, 4.059e-7, -8.984e-7, -3.879e-7, 5.105e-7, -6.862e-7, -2.871e-7, 3.991e-7, -8.893e-7, -3.706e-7, 5.186e-7, -8.062e-7, -3.810e-7, 4.253e-7, -9.565e-7, -4.308e-7, 5.257e-7
0.480, -6.539e-7, -2.907e-7, 3.632e-7, -8.077e-7, -3.517e-7, 4.559e-7, -7.296e-7, -3.289e-7, 4.008e-7, -8.899e-7, -3.882e-7, 5.017e-7, -6.799e-7, -2.855e-7, 3.944e-7, -8.804e-7, -3.699e-7, 5.105e-7, -7.996e-7, -3.800e-7, 4.196e-7, -9.471e-7, -4.306e-7, 5.165e-7
0.476, -6.492e-7, -2.901e-7, 3.591e-7, -8.010e-7, -3.527e-7, 4.483e-7, -7.248e-7, -3.278e-7, 3.969e-7, -8.813e-7, -3.885e-7, 4.929e-7, -6.755e-7, -2.851e-7, 3.903e-7, -8.734e-7, -3.704e-7, 5.030e-7, -7.948e-7, -3.799e-7, 4.148e-7, -9.389e-7, -4.316e-7, 5.072e-7
0.472, -6.450e-7, -2.897e-7, 3.553e-7, -7.936e-7, -3.519e-7, 4.417e-7, -7.204e-7, -3.273e-7, 3.931e-7, -8.740e-7, -3.884e-7, 4.856e-7, -6.713e-7, -2.844e-7, 3.869e-7, -8.660e-7, -3.701e-7, 4.960e-7, -7.902e-7, -3.798e-7, 4.104e-7, -9.308e-7, -4.316e-7, 4.992e-7
0.468, -6.405e-7, -2.887e-7, 3.517e-7, -7.871e-7, -3.514e-7, 4.357e-7, -7.155e-7, -3.259e-7, 3.896e-7, -8.664e-7, -3.875e-7, 4.789e-7, -6.661e-7, -2.826e-7, 3.834e-7, -8.588e-7, -3.692e-7, 4.896e-7, -7.842e-7, -3.785e-7, 4.057e-7, -9.227e-7, -4.314e-7, 4.914e-7
0.464, -6.363e-7, -2.879e-7, 3.485e-7, -7.808e-7, -3.511e-7, 4.297e-7, -7.114e-7, -3.252e-7, 3.862e-7, -8.594e-7, -3.872e-7, 4.722e-7, -6.632e-7, -2.823e-7, 3.808e-7, -8.522e-7, -3.687e-7, 4.835e-7, -7.799e-7, -3.779e-7, 4.020e-7, -9.150e-7, -4.311e-7, 4.839e-7
0.460, -6.335e-7, -2.876e-7, 3.459e-7, -7.757e-7, -3.509e-7, 4.248e-7, -7.084e-7, -3.248e-7, 3.837e-7, -8.535e-7, -3.870e-7, 4.666e-7, -6.594e-7, -2.812e-7, 3.782e-7, -8.474e-7, -3.685e-7, 4.788e-7, -7.766e-7, -3.773e-7, 3.993e-7, -9.087e-7, -4.309e-7, 4.779e-7
0.456, -6.302e-7, -2.862e-7, 3.440e-7, -7.693e-7, -3.498e-7, 4.195e-7, -7.043e-7, -3.237e-7, 3.807e-7, -8.469e-7, -3.861e-7, 4.609e-7, -6.554e-7, -2.796e-7, 3.757e-7, -8.410e-7, -3.673e-7, 4.736e-7, -7.725e-7, -3.760e-7, 3.965e-7, -9.013e-7, -4.298e-7, 4.715e-7
0.452, -6.265e-7, -2.852e-7, 3.414e-7, -7.643e-7, -3.489e-7, 4.154e-7, -7.018e-7, -3.221e-7, 3.796e-7, -8.413e-7, -3.852e-7, 4.561e-7, -6.528e-7, -2.787e-7, 3.741e-7, -8.356e-7, -3.664e-7, 4.692e-7, -7.686e-7, -3.749e-7, 3.937e-7, -8.951e-7, -4.289e-7, 4.661e-7
0.448, -6.245e-7, -2.843e-7, 3.402e-7, -7.599e-7, -3.481e-7, 4.118e-7, -6.996e-7, -3.216e-7, 3.780e-7, -8.361e-7, -3.841e-7, 4.520e-7, -6.506e-7, -2.776e-7, 3.730e-7, -8.315e-7, -3.656e-7, 4.659e-7, -7.658e-7, -3.737e-7, 3.920e-7, -8.899e-7, -4.284e-7, 4.615e-7
0.444, -6.214e-7, -2.834e-7, 3.380e-7, -7.551e-7, -3.473e-7, 4.078e-7, -6.959e-7, -3.204e-7, 3.756e-7, -8.313e-7, -3.836e-7, 4.477e-7, -6.478e-7, -2.765e-7, 3.713e-7, -8.272e-7, -3.650e-7, 4.623e-7, -7.629e-7, -3.732e-7, 3.897e-7, -8.842e-7, -4.273e-7, 4.569e-7
0.440, -6.197e-7, -2.825e-7, 3.372e-7, -7.520e-7, -3.468e-7, 4.052e-7, -6.946e-7, -3.198e-7, 3.747e-7, -8.270e-7, -3.823e-7, 4.447e-7, -6.453e-7, -2.757e-7, 3.696e-7, -8.228e-7, -3.638e-7, 4.590e-7, -7.602e-7, -3.717e-7, 3.885e-7, -8.801e-7, -4.269e-7, 4.532e-7
0.436, -6.172e-7, -2.816e-7, 3.356e-7, -7.476e-7, -3.453e-7, 4.022e-7, -6.921e-7, -3.183e-7, 3.738e-7, -8.224e-7, -3.809e-7, 4.415e-7, -6.435e-7, -2.743e-7, 3.692e-7, -8.197e-7, -3.630e-7, 4.567e-7, -7.582e-7, -3.708e-7, 3.874e-7, -8.749e-7, -4.250e-7, 4.499e-7
0.432, -6.162e-7, -2.813e-7, 3.349e-7, -7.457e-7, -3.457e-7, 4.000e-7, -6.917e-7, -3.182e-7, 3.734e-7, -8.199e-7, -3.810e-7, 4.389e-7, -6.426e-7, -2.739e-7, 3.688e-7, -8.177e-7, -3.625e-7, 4.551e-7, -7.575e-7, -3.708e-7, 3.867e-7, -8.722e-7, -4.254e-7, 4.468e-7
0.428, -6.151e-7, -2.807e-7, 3.344e-7, -7.429e-7, -3.448e-7, 3.981e-7, -6.906e-7, -3.172e-7, 3.734e-7, -8.174e-7, -3.803e-7, 4.371e-7, -6.413e-7, -2.730e-7, 3.684e-7, -8.142e-7, -3.615e-7, 4.526e-7, -7.552e-7, -3.697e-7, 3.855e-7, -8.679e-7, -4.240e-7, 4.439e-7
0.424, -6.135e-7, -2.796e-7, 3.339e-7, -7.398e-7, -3.434e-7, 3.964e-7, -6.889e-7, -3.163e-7, 3.725e-7, -8.137e-7, -3.788e-7, 4.349e-7, -6.398e-7, -2.716e-7, 3.681e-7, -8.116e-7, -3.602e-7, 4.513e-7, -7.535e-7, -3.683e-7, 3.852e-7, -8.643e-7, -4.224e-7, 4.419e-7
0.420, -6.118e-7, -2.784e-7, 3.334e-7, -7.373e-7, -3.423e-7, 3.950e-7, -6.874e-7, -3.150e-7, 3.724e-7, -8.107e-7, -3.777e-7, 4.331e-7, -6.389e-7, -2.705e-7, 3.684e-7, -8.092e-7, -3.591e-7, 4.500e-7, -7.520e-7, -3.671e-7, 3.849e-7, -8.613e-7, -4.215e-7, 4.398e-7
0.416, -6.116e-7, -2.780e-7, 3.336e-7, -7.358e-7, -3.416e-7, 3.942e-7, -6.872e-7, -3.144e-7, 3.728e-7, -8.090e-7, -3.770e-7, 4.320e-7, -6.388e-7, -2.702e-7, 3.686e-7, -8.076e-7, -3.584e-7, 4.492e-7, -7.515e-7, -3.664e-7, 3.851e-7, -8.588e-7, -4.207e-7, 4.380e-7
0.412, -6.110e-7, -2.775e-7, 3.335e-7, -7.349e-7, -3.415e-7, 3.934e-7, -6.866e-7, -3.142e-7, 3.724e-7, -8.079e-7, -3.766e-7, 4.313e-7, -6.379e-7, -2.693e-7, 3.686e-7, -8.061e-7, -3.580e-7, 4.481e-7, -7.506e-7, -3.657e-7, 3.849e-7, -8.563e-7, -4.198e-7, 4.365e-7
0.408, -6.103e-7, -2.773e-7, 3.330e-7, -7.330e-7, -3.409e-7, 3.920e-7, -6.860e-7, -3.137e-7, 3.722e-7, -8.060e-7, -3.760e-7, 4.300e-7, -6.370e-7, -2.686e-7, 3.683e-7, -8.048e-7, -3.574e-7, 4.474e-7, -7.505e-7, -3.651e-7, 3.853e-7, -8.542e-7, -4.188e-7, 4.355e-7
0.404, -6.101e-7, -2.769e-7, 3.332e-7, -7.317e-7, -3.404e-7, 3.913e-7, -6.862e-7, -3.132e-7, 3.730e-7, -8.046e-7, -3.755e-7, 4.292e-7, -6.370e-7, -2.679e-7, 3.691e-7, -8.036e-7, -3.569e-7, 4.467e-7, -7.497e-7, -3.643e-7, 3.854e-7, -8.528e-7, -4.185e-7, 4.342e-7
0.400, -6.101e-7, -2.765e-7, 3.336e-7, -7.307e-7, -3.403e-7, 3.905e-7, -6.859e-7, -3.128e-7, 3.731e-7, -8.034e-7, -3.749e-7, 4.284e-7, -6.365e-7, -2.678e-7, 3.688e-7, -8.027e-7, -3.561e-7, 4.466e-7, -7.493e-7, -3.638e-7, 3.855e-7, -8.519e-7, -4.181e-7, 4.338e-7
0.396, -6.098e-7, -2.757e-7, 3.341e-7, -7.306e-7, -3.400e-7, 3.906e-7, -6.872e-7, -3.130e-7, 3.742e-7, -8.032e-7, -3.747e-7, 4.285e-7, -6.382e-7, -2.680e-7, 3.702e-7, -8.030e-7, -3.560e-7, 4.470e-7, -7.502e-7, -3.635e-7, 3.867e-7, -8.510e-7, -4.178e-7, 4.332e-7
0.392, -6.110e-7, -2.766e-7, 3.345e-7, -7.296e-7, -3.398e-7, 3.898e-7, -6.868e-7, -3.124e-7, 3.744e-7, -8.029e-7, -3.752e-7, 4.278e-7, -6.380e-7, -2.676e-7, 3.704e-7, -8.028e-7, -3.564e-7, 4.464e-7, -7.503e-7, -3.635e-7, 3.868e-7, -8.494e-7, -4.170e-7, 4.325e-7
0.388, -6.098e-7, -2.758e-7, 3.340e-7, -7.292e-7, -3.397e-7, 3.895e-7, -6.876e-7, -3.126e-7, 3.750e-7, -8.015e-7, -3.743e-7, 4.272e-7, -6.386e-7, -2.674e-7, 3.712e-7, -8.018e-7, -3.557e-7, 4.461e-7, -7.505e-7, -3.632e-7, 3.873e-7, -8.484e-7, -4.164e-7, 4.319e-7
0.384, -6.108e-7, -2.758e-7, 3.350e-7, -7.297e-7, -3.397e-7, 3.900e-7, -6.883e-7, -3.124e-7, 3.759e-7, -8.020e-7, -3.742e-7, 4.277e-7, -6.386e-7, -2.671e-7, 3.715e-7, -8.018e-7, -3.554e-7, 4.464e-7, -7.510e-7, -3.631e-7, 3.879e-7, -8.484e-7, -4.164e-7, 4.320e-7
0.380, -6.112e-7, -2.758e-7, 3.354e-7, -7.296e-7, -3.396e-7, 3.900e-7, -6.898e-7, -3.132e-7, 3.766e-7, -8.022e-7, -3.746e-7, 4.277e-7, -6.400e-7, -2.675e-7, 3.725e-7, -8.034e-7, -3.565e-7, 4.469e-7, -7.521e-7, -3.630e-7, 3.892e-7, -8.479e-7, -4.160e-7, 4.319e-7
0.376, -6.126e-7, -2.764e-7, 3.362e-7, -7.304e-7, -3.401e-7, 3.903e-7, -6.909e-7, -3.134e-7, 3.775e-7, -8.034e-7, -3.751e-7, 4.282e-7, -6.410e-7, -2.677e-7, 3.733e-7, -8.044e-7, -3.567e-7, 4.477e-7, -7.540e-7, -3.638e-7, 3.902e-7, -8.491e-7, -4.170e-7, 4.320e-7
0.372, -6.136e-7, -2.767e-7, 3.368e-7, -7.309e-7, -3.407e-7, 3.902e-7, -6.922e-7, -3.141e-7, 3.781e-7, -8.039e-7, -3.758e-7, 4.281e-7, -6.425e-7, -2.682e-7, 3.743e-7, -8.050e-7, -3.573e-7, 4.476e-7, -7.539e-7, -3.635e-7, 3.904e-7, -8.484e-7, -4.167e-7, 4.317e-7
0.368, -6.148e-7, -2.772e-7, 3.376e-7, -7.320e-7, -3.415e-7, 3.905e-7, -6.935e-7, -3.142e-7, 3.793e-7, -8.055e-7, -3.764e-7, 4.291e-7, -6.435e-7, -2.686e-7, 3.749e-7, -8.065e-7, -3.581e-7, 4.484e-7, -7.563e-7, -3.644e-7, 3.919e-7, -8.498e-7, -4.175e-7, 4.323e-7
0.364, -6.159e-7, -2.777e-7, 3.382e-7, -7.335e-7, -3.423e-7, 3.912e-7, -6.946e-7, -3.143e-7, 3.803e-7, -8.062e-7, -3.771e-7, 4.291e-7, -6.455e-7, -2.693e-7, 3.762e-7, -8.080e-7, -3.590e-7, 4.490e-7, -7.575e-7, -3.647e-7, 3.928e-7, -8.506e-7, -4.179e-7, 4.328e-7
0.360, -6.178e-7, -2.788e-7, 3.389e-7, -7.351e-7, -3.436e-7, 3.916e-7, -6.979e-7, -3.165e-7, 3.814e-7, -8.082e-7, -3.786e-7, 4.296e-7, -6.465e-7, -2.702e-7, 3.764e-7, -8.100e-7, -3.605e-7, 4.495e-7, -7.600e-7, -3.661e-7, 3.939e-7, -8.523e-7, -4.193e-7, 4.330e-7
0.356, -6.194e-7, -2.797e-7, 3.397e-7, -7.373e-7, -3.451e-7, 3.922e-7, -7.000e-7, -3.174e-7, 3.827e-7, -8.111e-7, -3.804e-7, 4.307e-7, -6.497e-7, -2.719e-7, 3.778e-7, -8.125e-7, -3.622e-7, 4.503e-7, -7.616e-7, -3.668e-7, 3.949e-7, -8.546e-7, -4.205e-7, 4.341e-7
0.352, -6.222e-7, -2.811e-7, 3.411e-7, -7.399e-7, -3.472e-7, 3.926e-7, -7.030e-7, -3.188e-7, 3.842e-7, -8.137e-7, -3.825e-7, 4.313e-7, -6.520e-7, -2.729e-7, 3.791e-7, -8.159e-7, -3.643e-7, 4.517e-7, -7.655e-7, -3.689e-7, 3.966e-7, -8.565e-7, -4.222e-7, 4.343e-7
0.348, -6.248e-7, -2.826e-7, 3.422e-7, -7.434e-7, -3.495e-7, 3.939e-7, -7.058e-7, -3.206e-7, 3.852e-7, -8.172e-7, -3.846e-7, 4.326e-7, -6.558e-7, -2.750e-7, 3.808e-7, -8.199e-7, -3.669e-7, 4.530e-7, -7.679e-7, -3.702e-7, 3.977e-7, -8.599e-7, -4.242e-7, 4.357e-7
0.344, -6.281e-7, -2.845e-7, 3.436e-7, -7.461e-7, -3.515e-7, 3.946e-7, -7.096e-7, -3.226e-7, 3.870e-7, -8.208e-7, -3.869e-7, 4.339e-7, -6.585e-7, -2.764e-7, 3.821e-7, -8.238e-7, -3.697e-7, 4.542e-7, -7.712e-7, -3.717e-7, 3.994e-7, -8.632e-7, -4.266e-7, 4.366e-7
0.340, -6.307e-7, -2.866e-7, 3.441e-7, -7.500e-7, -3.546e-7, 3.953e-7, -7.127e-7, -3.242e-7, 3.884e-7, -8.236e-7, -3.895e-7, 4.341e-7, -6.618e-7, -2.788e-7, 3.830e-7, -8.273e-7, -3.723e-7, 4.551e-7, -7.747e-7, -3.740e-7, 4.007e-7, -8.665e-7, -4.290e-7, 4.375e-7
0.336, -6.341e-7, -2.888e-7, 3.454e-7, -7.540e-7, -3.575e-7, 3.965e-7, -7.168e-7, -3.271e-7, 3.897e-7, -8.283e-7, -3.930e-7, 4.353e-7, -6.648e-7, -2.807e-7, 3.841e-7, -8.317e-7, -3.756e-7, 4.560e-7, -7.781e-7, -3.759e-7, 4.022e-7, -8.705e-7, -4.318e-7, 4.387e-7
0.332, -6.387e-7, -2.912e-7, 3.475e-7, -7.592e-7, -3.611e-7, 3.982e-7, -7.217e-7, -3.301e-7, 3.916e-7, -8.348e-7, -3.971e-7, 4.377e-7, -6.702e-7, -2.839e-7, 3.863e-7, -8.384e-7, -3.799e-7, 4.584e-7, -7.843e-7, -3.796e-7, 4.047e-7, -8.767e-7, -4.363e-7, 4.404e-7
0.328, -6.438e-7, -2.947e-7, 3.491e-7, -7.649e-7, -3.652e-7, 3.997e-7, -7.268e-7, -3.331e-7, 3.937e-7, -8.408e-7, -4.012e-7, 4.396e-7, -6.755e-7, -2.870e-7, 3.884e-7, -8.441e-7, -3.842e-7, 4.599e-7, -7.885e-7, -3.816e-7, 4.070e-7, -8.817e-7, -4.396e-7, 4.421e-7
0.324, -6.494e-7, -2.983e-7, 3.512e-7, -7.715e-7, -3.701e-7, 4.015e-7, -7.328e-7, -3.369e-7, 3.959e-7, -8.477e-7, -4.065e-7, 4.412e-7, -6.813e-7, -2.908e-7, 3.905e-7, -8.517e-7, -3.895e-7, 4.622e-7, -7.958e-7, -3.866e-7, 4.092e-7, -8.887e-7, -4.447e-7, 4.440e-7
0.320, -6.551e-7, -3.020e-7, 3.531e-7, -7.788e-7, -3.753e-7, 4.034e-7, -7.393e-7, -3.411e-7, 3.982e-7, -8.550e-7, -4.114e-7, 4.435e-7, -6.874e-7, -2.947e-7, 3.927e-7, -8.594e-7, -3.948e-7, 4.646e-7, -8.019e-7, -3.901e-7, 4.118e-7, -8.963e-7, -4.501e-7, 4.462e-7
0.316, -6.623e-7, -3.063e-7, 3.560e-7, -7.865e-7, -3.807e-7, 4.059e-7, -7.471e-7, -3.460e-7, 4.011e-7, -8.636e-7, -4.179e-7, 4.457e-7, -6.944e-7, -2.994e-7, 3.949e-7, -8.679e-7, -4.015e-7, 4.664e-7, -8.101e-7, -3.951e-7, 4.150e-7, -9.056e-7, -4.566e-7, 4.490e-7
0.312, -6.707e-7, -3.120e-7, 3.587e-7, -7.959e-7, -3.878e-7, 4.081e-7, -7.558e-7, -3.515e-7, 4.043e-7, -8.747e-7, -4.256e-7, 4.492e-7, -7.033e-7, -3.051e-7, 3.982e-7, -8.786e-7, -4.088e-7, 4.698e-7, -8.194e-7, -4.011e-7, 4.183e-7, -9.158e-7, -4.642e-7, 4.516e-7
0.308, -6.783e-7, -3.169e-7, 3.614e-7, -8.059e-7, -3.948e-7, 4.111e-7, -7.647e-7, -3.571e-7, 4.075e-7, -8.850e-7, -4.328e-7, 4.522e-7, -7.116e-7, -3.104e-7, 4.012e-7, -8.881e-7, -4.158e-7, 4.723e-7, -8.286e-7, -4.067e-7, 4.218e-7, -9.258e-7, -4.707e-7, 4.551e-7
0.304, -6.878e-7, -3.233e-7, 3.645e-7, -8.173e-7, -4.026e-7, 4.147e-7, -7.750e-7, -3.636e-7, 4.115e-7, -8.962e-7, -4.407e-7, 4.556e-7, -7.211e-7, -3.164e-7, 4.047e-7, -9.000e-7, -4.239e-7, 4.760e-7, -8.393e-7, -4.133e-7, 4.260e-7, -9.379e-7, -4.791e-7, 4.587e-7
0.300, -6.991e-7, -3.301e-7, 3.690e-7, -8.293e-7, -4.111e-7, 4.182e-7, -7.864e-7, -3.705e-7, 4.159e-7, -9.103e-7, -4.503e-7, 4.601e-7, -7.324e-7, -3.238e-7, 4.086e-7, -9.133e-7, -4.331e-7, 4.802e-7, -8.512e-7, -4.208e-7, 4.304e-7, -9.514e-7, -4.883e-7, 4.631e-7
0.296, -7.103e-7, -3.373e-7, 3.730e-7, -8.425e-7, -4.199e-7, 4.226e-7, -7.993e-7, -3.789e-7, 4.204e-7, -9.245e-7, -4.603e-7, 4.642e-7, -7.443e-7, -3.314e-7, 4.129e-7, -9.275e-7, -4.430e-7, 4.845e-7, -8.647e-7, -4.287e-7, 4.360e-7, -9.665e-7, -4.986e-7, 4.680e-7
0.292, -7.234e-7, -3.454e-7, 3.780e-7, -8.560e-7, -4.292e-7, 4.268e-7, -8.124e-7, -3.869e-7, 4.254e-7, -9.396e-7, -4.702e-7, 4.694e-7, -7.566e-7, -3.392e-7, 4.174e-7, -9.430e-7, -4.535e-7, 4.895e-7, -8.789e-7, -4.376e-7, 4.413e-7, -9.819e-7, -5.089e-7, 4.730e-7
0.288, -7.369e-7, -3.544e-7, 3.825e-7, -8.716e-7, -4.403e-7, 4.313e-7, -8.268e-7, -3.962e-7, 4.306e-7, -9.562e-7, -4.822e-7, 4.740e-7, -7.704e-7, -3.482e-7, 4.222e-7, -9.590e-7, -4.648e-7, 4.942e-7, -8.943e-7, -4.474e-7, 4.469e-7, -9.993e-7, -5.211e-7, 4.782e-7
0.284, -7.513e-7, -3.635e-7, 3.878e-7, -8.878e-7, -4.514e-7, 4.364e-7, -8.423e-7, -4.060e-7, 4.363e-7, -9.745e-7, -4.944e-7, 4.801e-7, -7.855e-7, -3.580e-7, 4.275e-7, -9.770e-7, -4.772e-7, 4.998e-7, -9.110e-7, -4.581e-7, 4.530e-7, -1.017e-6, -5.329e-7, 4.839e-7
0.280, -7.669e-7, -3.728e-7, 3.941e-7, -9.051e-7, -4.629e-7, 4.422e-7, -8.590e-7, -4.165e-7, 4.425e-7, -9.929e-7, -5.066e-7, 4.863e-7, -8.012e-7, -3.677e-7, 4.335e-7, -9.947e-7, -4.890e-7, 5.058e-7, -9.283e-7, -4.683e-7, 4.600e-7, -1.036e-6, -5.454e-7, 4.905e-7
0.276, -7.835e-7, -3.836e-7, 3.999e-7, -9.224e-7, -4.746e-7, 4.477e-7, -8.768e-7, -4.275e-7, 4.494e-7, -1.012e-6, -5.194e-7, 4.929e-7, -8.178e-7, -3.785e-7, 4.393e-7, -1.013e-6, -5.017e-7, 5.115e-7, -9.474e-7, -4.802e-7, 4.671e-7, -1.057e-6, -5.593e-7, 4.973e-7
0.272, -7.998e-7, -3.938e-7, 4.059e-7, -9.397e-7, -4.855e-7, 4.541e-7, -8.948e-7, -4.387e-7, 4.561e-7, -1.031e-6, -5.316e-7, 4.997e-7, -8.346e-7, -3.891e-7, 4.454e-7, -1.031e-6, -5.140e-7, 5.172e-7, -9.662e-7, -4.919e-7, 4.743e-7, -1.076e-6, -5.715e-7, 5.047e-7
0.268, -8.179e-7, -4.050e-7, 4.129e-7, -9.583e-7, -4.979e-7, 4.605e-7, -9.142e-7, -4.508e-7, 4.634e-7, -1.052e-6, -5.451e-7, 5.068e-7, -8.528e-7, -4.008e-7, 4.520e-7, -1.051e-6, -5.272e-7, 5.243e-7, -9.875e-7, -5.041e-7, 4.834e-7, -1.098e-6, -5.852e-7, 5.125e-7
0.264, -8.360e-7, -4.162e-7, 4.198e-7, -9.759e-7, -5.098e-7, 4.662e-7, -9.331e-7, -4.626e-7, 4.705e-7, -1.071e-6, -5.577e-7, 5.132e-7, -8.706e-7, -4.122e-7, 4.585e-7, -1.070e-6, -5.395e-7, 5.304e-7, -1.008e-6, -5.173e-7, 4.907e-7, -1.118e-6, -5.983e-7, 5.197e-7
0.260, -8.543e-7, -4.280e-7, 4.263e-7, -9.939e-7, -5.215e-7, 4.725e-7, -9.534e-7, -4.752e-7, 4.783e-7, -1.091e-6, -5.708e-7, 5.205e-7, -8.908e-7, -4.246e-7, 4.662e-7, -1.089e-6, -5.523e-7, 5.368e-7, -1.029e-6, -5.300e-7, 4.992e-7, -1.140e-6, -6.118e-7, 5.277e-7
0.256, -8.731e-7, -4.400e-7, 4.332e-7, -1.012e-6, -5.331e-7, 4.785e-7, -9.735e-7, -4.883e-7, 4.851e-7, -1.110e-6, -5.831e-7, 5.268e-7, -9.096e-7, -4.373e-7, 4.723e-7, -1.107e-6, -5.644e-7, 5.425e-7, -1.051e-6, -5.433e-7, 5.076e-7, -1.160e-6, -6.243e-7, 5.354e-7
0.252, -8.925e-7, -4.523e-7, 4.402e-7, -1.028e-6, -5.439e-7, 4.838e-7, -9.945e-7, -5.016e-7, 4.929e-7, -1.129e-6, -5.956e-7, 5.330e-7, -9.287e-7, -4.494e-7, 4.794e-7, -1.125e-6, -5.763e-7, 5.487e-7, -1.073e-6, -5.572e-7, 5.158e-7, -1.179e-6, -6.367e-7, 5.423e-7
0.248, -9.128e-7, -4.655e-7, 4.472e-7, -1.045e-6, -5.556e-7, 4.895e-7, -1.016e-6, -5.155e-7, 5.007e-7, -1.148e-6, -6.081e-7, 5.397e-7, -9.493e-7, -4.632e-7, 4.861e-7, -1.142e-6, -5.886e-7, 5.539e-7, -1.097e-6, -5.720e-7, 5.248e-7, -1.199e-6, -6.498e-7, 5.491e-7
0.244, -9.320e-7, -4.781e-7, 4.539e-7, -1.060e-6, -5.657e-7, 4.939e-7, -1.037e-6, -5.289e-7, 5.077e-7, -1.164e-6, -6.191e-7, 5.446e-7, -9.685e-7, -4.760e-7, 4.924e-7, -1.158e-6, -5.998e-7, 5.585e-7, -1.119e-6, -5.864e-7, 5.325e-7, -1.216e-6, -6.609e-7, 5.552e-7
0.240, -9.521e-7, -4.919e-7, 4.602e-7, -1.074e-6, -5.760e-7, 4.977e-7, -1.059e-6, -5.440e-7, 5.150e-7, -1.180e-6, -6.308e-7, 5.492e-7, -9.891e-7, -4.905e-7, 4.986e-7, -1.174e-6, -6.111e-7, 5.627e-7, -1.143e-6, -6.018e-7, 5.409e-7, -1.233e-6, -6.722e-7, 5.612e-7
0.236, -9.734e-7, -5.063e-7, 4.671e-7, -1.088e-6, -5.861e-7, 5.015e-7, -1.081e-6, -5.592e-7, 5.215e-7, -1.195e-6, -6.418e-7, 5.536e-7, -1.011e-6, -5.055e-7, 5.052e-7, -1.188e-6, -6.220e-7, 5.663e-7, -1.166e-6, -6.172e-7, 5.489e-7, -1.250e-6, -6.837e-7, 5.660e-7
0.232, -9.940e-7, -5.218e-7, 4.722e-7, -1.101e-6, -5.971e-7, 5.039e-7, -1.104e-6, -5.755e-7, 5.284e-7, -1.210e-6, -6.535e-7, 5.564e-7, -1.031e-6, -5.206e-7, 5.107e-7, -1.202e-6, -6.335e-7, 5.683e-7, -1.191e-6, -6.345e-7, 5.562e-7, -1.265e-6, -6.957e-7, 5.696e-7
0.228, -1.017e-6, -5.380e-7, 4.787e-7, -1.114e-6, -6.080e-7, 5.064e-7, -1.128e-6, -5.933e-7, 5.350e-7, -1.225e-6, -6.653e-7, 5.593e-7, -1.055e-6, -5.380e-7, 5.167e-7, -1.216e-6, -6.454e-7, 5.704e-7, -1.217e-6, -6.530e-7, 5.638e-7, -1.282e-6, -7.085e-7, 5.733e-7
0.224, -1.041e-6, -5.561e-7, 4.846e-7, -1.128e-6, -6.199e-7, 5.085e-7, -1.155e-6, -6.127e-7, 5.418e-7, -1.240e-6, -6.786e-7, 5.615e-7, -1.079e-6, -5.566e-7, 5.224e-7, -1.229e-6, -6.576e-7, 5.717e-7, -1.245e-6, -6.737e-7, 5.715e-7, -1.298e-6, -7.214e-7, 5.762e-7
0.220, -1.068e-6, -5.763e-7, 4.915e-7, -1.142e-6, -6.327e-7, 5.098e-7, -1.183e-6, -6.341e-7, 5.491e-7, -1.256e-6, -6.926e-7, 5.633e-7, -1.105e-6, -5.766e-7, 5.288e-7, -1.245e-6, -6.717e-7, 5.730e-7, -1.275e-6, -6.960e-7, 5.794e-7, -1.316e-6, -7.367e-7, 5.791e-7
0.216, -1.097e-6, -5.982e-7, 4.990e-7, -1.160e-6, -6.476e-7, 5.121e-7, -1.215e-6, -6.585e-7, 5.570e-7, -1.275e-6, -7.087e-7, 5.658e-7, -1.136e-6, -6.001e-7, 5.359e-7, -1.262e-6, -6.871e-7, 5.749e-7, -1.311e-6, -7.222e-7, 5.888e-7, -1.335e-6, -7.531e-7, 5.821e-7
0.212, -1.129e-6, -6.229e-7, 5.063e-7, -1.177e-6, -6.639e-7, 5.134e-7, -1.249e-6, -6.843e-7, 5.649e-7, -1.294e-6, -7.265e-7, 5.676e-7, -1.167e-6, -6.247e-7, 5.427e-7, -1.280e-6, -7.042e-7, 5.760e-7, -1.347e-6, -7.496e-7, 5.976e-7, -1.357e-6, -7.717e-7, 5.851e-7
0.208, -1.165e-6, -6.499e-7, 5.147e-7, -1.198e-6, -6.823e-7, 5.161e-7, -1.288e-6, -7.133e-7, 5.747e-7, -1.317e-6, -7.465e-7, 5.700e-7, -1.203e-6, -6.521e-7, 5.507e-7, -1.301e-6, -7.229e-7, 5.781e-7, -1.389e-6, -7.806e-7, 6.083e-7, -1.382e-6, -7.933e-7, 5.885e-7
0.204, -1.205e-6, -6.797e-7, 5.254e-7, -1.223e-6, -7.031e-7, 5.201e-7, -1.331e-6, -7.456e-7, 5.859e-7, -1.343e-6, -7.686e-7, 5.745e-7, -1.244e-6, -6.829e-7, 5.613e-7, -1.326e-6, -7.452e-7, 5.813e-7, -1.437e-6, -8.159e-7, 6.209e-7, -1.412e-6, -8.179e-7, 5.943e-7
0.200, -1.249e-6, -7.121e-7, 5.365e-7, -1.250e-6, -7.260e-7, 5.241e-7, -1.379e-6, -7.807e-7, 5.978e-7, -1.373e-6, -7.939e-7, 5.793e-7, -1.287e-6, -7.156e-7, 5.713e-7, -1.354e-6, -7.690e-7, 5.846e-7, -1.488e-6, -8.530e-7, 6.347e-7, -1.444e-6, -8.448e-7, 5.996e-7
0.196, -1.295e-6, -7.467e-7, 5.483e-7, -1.282e-6, -7.519e-7, 5.297e-7, -1.429e-6, -8.184e-7, 6.108e-7, -1.407e-6, -8.218e-7, 5.849e-7, -1.335e-6, -7.513e-7, 5.833e-7, -1.385e-6, -7.955e-7, 5.894e-7, -1.545e-6, -8.948e-7, 6.499e-7, -1.482e-6, -8.750e-7, 6.074e-7
0.192, -1.349e-6, -7.855e-7, 5.638e-7, -1.318e-6, -7.806e-7, 5.377e-7, -1.486e-6, -8.593e-7, 6.268e-7, -1.446e-6, -8.524e-7, 5.932e-7, -1.387e-6, -7.897e-7, 5.975e-7, -1.421e-6, -8.246e-7, 5.968e-7, -1.607e-6, -9.393e-7, 6.678e-7, -1.526e-6, -9.088e-7, 6.170e-7
0.188, -1.404e-6, -8.256e-7, 5.788e-7, -1.358e-6, -8.116e-7, 5.466e-7, -1.546e-6, -9.025e-7, 6.435e-7, -1.487e-6, -8.851e-7, 6.023e-7, -1.443e-6, -8.306e-7, 6.127e-7, -1.461e-6, -8.562e-7, 6.044e-7, -1.674e-6, -9.869e-7, 6.872e-7, -1.573e-6, -9.452e-7, 6.281e-7
0.184, -1.463e-6, -8.675e-7, 5.957e-7, -1.400e-6, -8.441e-7, 5.563e-7, -1.609e-6, -9.474e-7, 6.613e-7, -1.534e-6, -9.211e-7, 6.126e-7, -1.502e-6, -8.731e-7, 6.288e-7, -1.503e-6, -8.896e-7, 6.136e-7, -1.744e-6, -1.036e-6, 7.078e-7, -1.624e-6, -9.837e-7, 6.408e-7
0.180, -1.522e-6, -9.096e-7, 6.126e-7, -1.444e-6, -8.775e-7, 5.670e-7, -1.671e-6, -9.921e-7, 6.793e-7, -1.579e-6, -9.559e-7, 6.233e-7, -1.561e-6, -9.156e-7, 6.454e-7, -1.547e-6, -9.231e-7, 6.236e-7, -1.814e-6, -1.085e-6, 7.285e-7, -1.677e-6, -1.023e-6, 6.541e-7
0.176, -1.583e-6, -9.519e-7, 6.313e-7, -1.491e-6, -9.111e-7, 5.799e-7, -1.737e-6, -1.038e-6, 6.989e-7, -1.629e-6, -9.925e-7, 6.365e-7, -1.621e-6, -9.580e-7, 6.628e-7, -1.592e-6, -9.574e-7, 6.348e-7, -1.885e-6, -1.134e-6, 7.510e-7, -1.732e-6, -1.063e-6, 6.696e-7
0.172, -1.641e-6, -9.922e-7, 6.489e-7, -1.535e-6, -9.435e-7, 5.918e-7, -1.799e-6, -1.080e-6, 7.181e-7, -1.676e-6, -1.027e-6, 6.493e-7, -1.678e-6, -9.982e-7, 6.800e-7, -1.636e-6, -9.900e-7, 6.463e-7, -1.954e-6, -1.181e-6, 7.728e-7, -1.784e-6, -1.099e-6, 6.850e-7
0.168, -1.695e-6, -1.029e-6, 6.656e-7, -1.578e-6, -9.740e-7, 6.042e-7, -1.856e-6, -1.120e-6, 7.356e-7, -1.722e-6, -1.060e-6, 6.620e-7, -1.732e-6, -1.035e-6, 6.962e-7, -1.678e-6, -1.020e-6, 6.574e-7, -2.017e-6, -1.224e-6, 7.928e-7, -1.835e-6, -1.135e-6, 6.998e-7
0.164, -1.744e-6, -1.063e-6, 6.804e-7, -1.616e-6, -1.001e-6, 6.147e-7, -1.908e-6, -1.156e-6, 7.512e-7, -1.762e-6, -1.089e-6, 6.734e-7, -1.779e-6, -1.069e-6, 7.101e-7, -1.716e-6, -1.048e-6, 6.677e-7, -2.075e-6, -1.263e-6, 8.114e-7, -1.880e-6, -1.167e-6, 7.131e-7
0.160, -1.783e-6, -1.090e-6, 6.931e-7, -1.648e-6, -1.023e-6, 6.248e-7, -1.949e-6, -1.185e-6, 7.642e-7, -1.794e-6, -1.112e-6, 6.827e-7, -1.818e-6, -1.097e-6, 7.216e-7, -1.746e-6, -1.071e-6, 6.757e-7, -2.121e-6, -1.295e-6, 8.261e-7, -1.917e-6, -1.192e-6, 7.250e-7
0.156, -1.814e-6, -1.112e-6, 7.019e-7, -1.672e-6, -1.041e-6, 6.317e-7, -1.982e-6, -1.208e-6, 7.739e-7, -1.820e-6, -1.131e-6, 6.896e-7, -1.849e-6, -1.119e-6, 7.304e-7, -1.770e-6, -1.088e-6, 6.818e-7, -2.156e-6, -1.319e-6, 8.373e-7, -1.945e-6, -1.211e-6, 7.337e-7
0.152, -1.832e-6, -1.125e-6, 7.071e-7, -1.686e-6, -1.051e-6, 6.359e-7, -2.001e-6, -1.223e-6, 7.785e-7, -1.834e-6, -1.141e-6, 6.931e-7, -1.866e-6, -1.133e-6, 7.340e-7, -1.783e-6, -1.099e-6, 6.839e-7, -2.177e-6, -1.333e-6, 8.439e-7, -1.962e-6, -1.223e-6, 7.391e-7
0.148, -1.837e-6, -1.130e-6, 7.069e-7, -1.689e-6, -1.053e-6, 6.355e-7, -2.005e-6, -1.227e-6, 7.783e-7, -1.837e-6, -1.144e-6, 6.929e-7, -1.870e-6, -1.137e-6, 7.330e-7, -1.784e-6, -1.101e-6, 6.827e-7, -2.181e-6, -1.337e-6, 8.442e-7, -1.962e-6, -1.223e-6, 7.389e-7
0.144, -1.828e-6, -1.127e-6, 7.016e-7, -1.679e-6, -1.048e-6, 6.307e-7, -1.995e-6, -1.224e-6, 7.716e-7, -1.826e-6, -1.139e-6, 6.866e-7, -1.862e-6, -1.135e-6, 7.268e-7, -1.774e-6, -1.098e-6, 6.763e-7, -2.168e-6, -1.331e-6, 8.373e-7, -1.950e-6, -1.217e-6, 7.335e-7
0.140, -1.806e-6, -1.115e-6, 6.906e-7, -1.658e-6, -1.037e-6, 6.217e-7, -1.971e-6, -1.211e-6, 7.599e-7, -1.803e-6, -1.126e-6, 6.770e-7, -1.840e-6, -1.125e-6, 7.150e-7, -1.752e-6, -1.086e-6, 6.655e-7, -2.140e-6, -1.315e-6, 8.247e-7, -1.924e-6, -1.201e-6, 7.232e-7
0.136, -1.770e-6, -1.096e-6, 6.745e-7, -1.626e-6, -1.019e-6, 6.073e-7, -1.932e-6, -1.190e-6, 7.416e-7, -1.768e-6, -1.107e-6, 6.611e-7, -1.803e-6, -1.106e-6, 6.972e-7, -1.719e-6, -1.069e-6, 6.502e-7, -2.095e-6, -1.291e-6, 8.049e-7, -1.884e-6, -1.178e-6, 7.067e-7
0.132, -1.721e-6, -1.068e-6, 6.528e-7, -1.581e-6, -9.931e-7, 5.884e-7, -1.879e-6, -1.161e-6, 7.184e-7, -1.719e-6, -1.079e-6, 6.401e-7, -1.753e-6, -1.079e-6, 6.743e-7, -1.674e-6, -1.044e-6, 6.299e-7, -2.036e-6, -1.257e-6, 7.787e-7, -1.831e-6, -1.147e-6, 6.843e-7
0.128, -1.661e-6, -1.035e-6, 6.260e-7, -1.530e-6, -9.638e-7, 5.658e-7, -1.815e-6, -1.126e-6, 6.892e-7, -1.663e-6, -1.047e-6, 6.152e-7, -1.694e-6, -1.047e-6, 6.468e-7, -1.621e-6, -1.015e-6, 6.054e-7, -1.964e-6, -1.217e-6, 7.472e-7, -1.768e-6, -1.110e-6, 6.578e-7
0.124, -1.594e-6, -9.981e-7, 5.960e-7, -1.471e-6, -9.310e-7, 5.397e-7, -1.742e-6, -1.086e-6, 6.560e-7, -1.599e-6, -1.012e-6, 5.867e-7, -1.627e-6, -1.011e-6, 6.155e-7, -1.559e-6, -9.824e-7, 5.768e-7, -1.882e-6, -1.172e-6, 7.106e-7, -1.696e-6, -1.070e-6, 6.260e-7
0.120, -1.518e-6, -9.566e-7, 5.617e-7, -1.404e-6, -8.940e-7, 5.102e-7, -1.660e-6, -1.042e-6, 6.189e-7, -1.527e-6, -9.724e-7, 5.543e-7, -1.551e-6, -9.704e-7, 5.804e-7, -1.492e-6, -9.464e-7, 5.459e-7, -1.793e-6, -1.122e-6, 6.706e-7, -1.618e-6, -1.027e-6, 5.912e-7
0.116, -1.439e-6, -9.135e-7, 5.254e-7, -1.335e-6, -8.559e-7, 4.789e-7, -1.575e-6, -9.949e-7, 5.798e-7, -1.452e-6, -9.318e-7, 5.201e-7, -1.470e-6, -9.272e-7, 5.427e-7, -1.420e-6, -9.082e-7, 5.121e-7, -1.698e-6, -1.070e-6, 6.274e-7, -1.536e-6, -9.813e-7, 5.544e-7
0.112, -1.358e-6, -8.702e-7, 4.874e-7, -1.264e-6, -8.185e-7, 4.459e-7, -1.487e-6, -9.484e-7, 5.383e-7, -1.374e-6, -8.908e-7, 4.836e-7, -1.388e-6, -8.841e-7, 5.040e-7, -1.348e-6, -8.703e-7, 4.777e-7, -1.601e-6, -1.019e-6, 5.822e-7, -1.452e-6, -9.362e-7, 5.154e-7
0.108, -1.276e-6, -8.260e-7, 4.499e-7, -1.194e-6, -7.806e-7, 4.134e-7, -1.398e-6, -9.004e-7, 4.975e-7, -1.298e-6, -8.495e-7, 4.483e-7, -1.306e-6, -8.404e-7, 4.660e-7, -1.275e-6, -8.317e-7, 4.436e-7, -1.504e-6, -9.661e-7, 5.379e-7, -1.368e-6, -8.913e-7, 4.765e-7
0.104, -1.196e-6, -7.835e-7, 4.124e-7, -1.125e-6, -7.444e-7, 3.810e-7, -1.311e-6, -8.540e-7, 4.571e-7, -1.222e-6, -8.101e-7, 4.123e-7, -1.226e-6, -7.982e-7, 4.276e-7, -1.204e-6, -7.947e-7, 4.091e-7, -1.410e-6, -9.159e-7, 4.940e-7, -1.288e-6, -8.486e-7, 4.389e-7
0.100, -1.120e-6, -7.431e-7, 3.771e-7, -1.059e-6, -7.092e-7, 3.496e-7, -1.229e-6, -8.107e-7, 4.182e-7, -1.151e-6, -7.724e-7, 3.790e-7, -1.148e-6, -7.573e-7, 3.905e-7, -1.136e-6, -7.592e-7, 3.766e-7, -1.320e-6, -8.682e-7, 4.520e-7, -1.210e-6, -8.077e-7, 4.020e-7
0.096, -1.048e-6, -7.048e-7, 3.431e-7, -9.978e-7, -6.773e-7, 3.205e-7, -1.151e-6, -7.698e-7, 3.809e-7, -1.085e-6, -7.382e-7, 3.463e-7, -1.076e-6, -7.197e-7, 3.559e-7, -1.073e-6, -7.269e-7, 3.456e-7, -1.235e-6, -8.234e-7, 4.120e-7, -1.137e-6, -7.701e-7, 3.673e-7
0.092, -9.830e-7, -6.706e-7, 3.124e-7, -9.416e-7, -6.481e-7, 2.934e-7, -1.080e-6, -7.320e-7, 3.477e-7, -1.022e-6, -7.054e-7, 3.171e-7, -1.010e-6, -6.848e-7, 3.247e-7, -1.014e-6, -6.966e-7, 3.177e-7, -1.157e-6, -7.822e-7, 3.753e-7, -1.073e-6, -7.361e-7, 3.365e-7
0.088, -9.227e-7, -6.385e-7, 2.841e-7, -8.899e-7, -6.209e-7, 2.690e-7, -1.014e-6, -6.974e-7, 3.165e-7, -9.660e-7, -6.764e-7, 2.896e-7, -9.476e-7, -6.525e-7, 2.951e-7, -9.604e-7, -6.692e-7, 2.912e-7, -1.086e-6, -7.445e-7, 3.419e-7, -1.011e-6, -7.047e-7, 3.068e-7
0.084, -8.686e-7, -6.100e-7, 2.586e-7, -8.431e-7, -5.966e-7, 2.465e-7, -9.545e-7, -6.661e-7, 2.884e-7, -9.152e-7, -6.497e-7, 2.654e-7, -8.930e-7, -6.239e-7, 2.692e-7, -9.118e-7, -6.440e-7, 2.677e-7, -1.023e-6, -7.106e-7, 3.119e-7, -9.583e-7, -6.771e-7, 2.812e-7
0.080, -8.208e-7, -5.844e-7, 2.365e-7, -8.025e-7, -5.755e-7, 2.269e-7, -9.019e-7, -6.384e-7, 2.634e-7, -8.708e-7, -6.269e-7, 2.439e-7, -8.442e-7, -5.982e-7, 2.459e-7, -8.682e-7, -6.215e-7, 2.467e-7, -9.673e-7, -6.818e-7, 2.855e-7, -9.108e-7, -6.525e-7, 2.584e-7
0.076, -7.798e-7, -5.626e-7, 2.173e-7, -7.675e-7, -5.568e-7, 2.107e-7, -8.569e-7, -6.141e-7, 2.428e-7, -8.316e-7, -6.060e-7, 2.256e-7, -8.028e-7, -5.758e-7, 2.270e-7, -8.319e-7, -6.023e-7, 2.296e-7, -9.181e-7, -6.550e-7, 2.631e-7, -8.698e-7, -6.308e-7, 2.391e-7
0.072, -7.427e-7, -5.423e-7, 2.004e-7, -7.366e-7, -5.404e-7, 1.962e-7, -8.169e-7, -5.925e-7, 2.244e-7, -7.973e-7, -5.876e-7, 2.097e-7, -7.662e-7, -5.563e-7, 2.099e-7, -7.985e-7, -5.844e-7, 2.141e-7, -8.754e-7, -6.318e-7, 2.436e-7, -8.340e-7, -6.118e-7, 2.222e-7
0.068, -7.113e-7, -5.253e-7, 1.860e-7, -7.084e-7, -5.251e-7, 1.834e-7, -7.820e-7, -5.735e-7, 2.085e-7, -7.671e-7, -5.716e-7, 1.955e-7, -7.343e-7, -5.389e-7, 1.954e-7, -7.694e-7, -5.688e-7, 2.006e-7, -8.380e-7, -6.116e-7, 2.264e-7, -8.026e-7, -5.950e-7, 2.076e-7
0.064, -6.838e-7, -5.100e-7, 1.738e-7, -6.857e-7, -5.126e-7, 1.731e-7, -7.522e-7, -5.572e-7, 1.951e-7, -7.409e-7, -5.575e-7, 1.834e-7, -7.068e-7, -5.237e-7, 1.831e-7, -7.444e-7, -5.556e-7, 1.888e-7, -8.064e-7, -5.942e-7, 2.122e-7, -7.761e-7, -5.806e-7, 1.955e-7
0.060, -6.612e-7, -4.973e-7, 1.639e-7, -6.656e-7, -5.015e-7, 1.640e-7, -7.266e-7, -5.432e-7, 1.834e-7, -7.190e-7, -5.454e-7, 1.737e-7, -6.836e-7, -5.109e-7, 1.727e-7, -7.231e-7, -5.440e-7, 1.790e-7, -7.794e-7, -5.790e-7, 2.004e-7, -7.525e-7, -5.675e-7, 1.850e-7
0.056, -6.424e-7, -4.870e-7, 1.554e-7, -6.482e-7, -4.919e-7, 1.564e-7, -7.055e-7, -5.315e-7, 1.741e-7, -7.002e-7, -5.355e-7, 1.647e-7, -6.640e-7, -5.002e-7, 1.637e-7, -7.049e-7, -5.340e-7, 1.709e-7, -7.567e-7, -5.670e-7, 1.897e-7, -7.331e-7, -5.573e-7, 1.757e-7
0.052, -6.256e-7, -4.774e-7, 1.482e-7, -6.330e-7, -4.833e-7, 1.497e-7, -6.867e-7, -5.209e-7, 1.658e-7, -6.829e-7, -5.254e-7, 1.575e-7, -6.467e-7, -4.904e-7, 1.562e-7, -6.885e-7, -5.250e-7, 1.635e-7, -7.362e-7, -5.553e-7, 1.809e-7, -7.159e-7, -5.474e-7, 1.685e-7
0.048, -6.117e-7, -4.694e-7, 1.422e-7, -6.209e-7, -4.763e-7, 1.446e-7, -6.714e-7, -5.125e-7, 1.589e-7, -6.696e-7, -5.184e-7, 1.512e-7, -6.337e-7, -4.832e-7, 1.505e-7, -6.751e-7, -5.177e-7, 1.575e-7, -7.199e-7, -5.463e-7, 1.736e-7, -7.018e-7, -5.399e-7, 1.619e-7
0.044, -5.998e-7, -4.626e-7, 1.372e-7, -6.098e-7, -4.699e-7, 1.398e-7, -6.585e-7, -5.049e-7, 1.537e-7, -6.572e-7, -5.111e-7, 1.462e-7, -6.209e-7, -4.757e-7, 1.452e-7, -6.629e-7, -5.107e-7, 1.522e-7, -7.064e-7, -5.385e-7, 1.679e-7, -6.892e-7, -5.323e-7, 1.569e-7
0.040, -5.907e-7, -4.571e-7, 1.336e-7, -6.012e-7, -4.649e-7, 1.364e-7, -6.481e-7, -4.990e-7, 1.491e-7, -6.468e-7, -5.052e-7, 1.416e-7, -6.111e-7, -4.699e-7, 1.413e-7, -6.528e-7, -5.049e-7, 1.479e-7, -6.949e-7, -5.316e-7, 1.633e-7, -6.783e-7, -5.262e-7, 1.521e-7
0.036, -5.817e-7, -4.521e-7, 1.296e-7, -5.919e-7, -4.599e-7, 1.321e-7, -6.380e-7, -4.930e-7, 1.450e-7, -6.373e-7, -5.000e-7, 1.374e-7, -6.025e-7, -4.653e-7, 1.372e-7, -6.430e-7, -4.994e-7, 1.436e-7, -6.843e-7, -5.256e-7, 1.587e-7, -6.684e-7, -5.207e-7, 1.477e-7
0.032, -5.746e-7, -4.478e-7, 1.268e-7, -5.843e-7, -4.556e-7, 1.288e-7, -6.303e-7, -4.891e-7, 1.411e-7, -6.291e-7, -4.952e-7, 1.338e-7, -5.952e-7, -4.613e-7, 1.340e-7, -6.358e-7, -4.953e-7, 1.405e-7, -6.762e-7, -5.211e-7, 1.551e-7, -6.604e-7, -5.164e-7, 1.441e-7
0.028, -5.695e-7, -4.452e-7, 1.242e-7, -5.784e-7, -4.524e-7, 1.261e-7, -6.234e-7, -4.857e-7, 1.377e-7, -6.231e-7, -4.922e-7, 1.309e-7, -5.895e-7, -4.582e-7, 1.313e-7, -6.291e-7, -4.921e-7, 1.370e-7, -6.695e-7, -5.179e-7, 1.516e-7, -6.543e-7, -5.131e-7, 1.412e-7
0.024, -5.641e-7, -4.425e-7, 1.216e-7, -5.729e-7, -4.498e-7, 1.232e-7, -6.186e-7, -4.831e-7, 1.355e-7, -6.168e-7, -4.890e-7, 1.278e-7, -5.852e-7, -4.557e-7, 1.295e-7, -6.226e-7, -4.887e-7, 1.340e-7, -6.635e-7, -5.150e-7, 1.485e-7, -6.479e-7, -5.100e-7, 1.379e-7
0.020, -5.597e-7, -4.405e-7, 1.192e-7, -5.686e-7, -4.473e-7, 1.213e-7, -6.138e-7, -4.808e-7, 1.330e-7, -6.125e-7, -4.865e-7, 1.260e-7, -5.814e-7, -4.540e-7, 1.274e-7, -6.175e-7, -4.861e-7, 1.314e-7, -6.584e-7, -5.124e-7, 1.460e-7, -6.429e-7, -5.072e-7, 1.357e-7
0.016, -5.566e-7, -4.392e-7, 1.174e-7, -5.639e-7, -4.452e-7, 1.187e-7, -6.109e-7, -4.797e-7, 1.312e-7, -6.077e-7, -4.843e-7, 1.234e-7, -5.777e-7, -4.528e-7, 1.249e-7, -6.136e-7, -4.843e-7, 1.293e-7, -6.546e-7, -5.110e-7, 1.437e-7, -6.386e-7, -5.054e-7, 1.332e-7
0.012, -5.543e-7, -4.383e-7, 1.160e-7, -5.601e-7, -4.435e-7, 1.167e-7, -6.068e-7, -4.785e-7, 1.283e-7, -6.039e-7, -4.834e-7, 1.205e-7, -5.748e-7, -4.518e-7, 1.230e-7, -6.089e-7, -4.827e-7, 1.262e-7, -6.515e-7, -5.104e-7, 1.412e-7, -6.337e-7, -5.035e-7, 1.301e-7
0.008, -5.522e-7, -4.381e-7, 1.141e-7, -5.579e-7, -4.427e-7, 1.153e-7, -6.051e-7, -4.780e-7, 1.272e-7, -6.007e-7, -4.820e-7, 1.187e-7, -5.729e-7, -4.512e-7, 1.217e-7, -6.054e-7, -4.814e-7, 1.240e-7, -6.488e-7, -5.099e-7, 1.389e-7, -6.307e-7, -5.025e-7, 1.282e-7
0.004, -5.506e-7, -4.381e-7, 1.124e-7, -5.551e-7, -4.420e-7, 1.130e-7, -6.028e-7, -4.782e-7, 1.247e-7, -5.978e-7, -4.816e-7, 1.163e-7, -5.708e-7, -4.513e-7, 1.196e-7, -6.028e-7, -4.809e-7, 1.219e-7, -6.469e-7, -5.100e-7, 1.369e-7, -6.280e-7, -5.022e-7, 1.258e-7
-0.000, -5.501e-7, -4.389e-7, 1.112e-7, -5.534e-7, -4.419e-7, 1.115e-7, -6.019e-7, -4.791e-7, 1.228e-7, -5.967e-7, -4.818e-7, 1.150e-7, -5.702e-7, -4.520e-7, 1.182e-7, -6.013e-7, -4.805e-7, 1.209e-7, -6.463e-7, -5.107e-7, 1.356e-7, -6.271e-7, -5.028e-7, 1.243e-7
