0.004, 6.005e-7, -8.866e-7, -1.487e-6, -1.038e-7, -1.168e-7, -9.084e-8, 6.697e-7, -8.981e-7, -1.568e-6, -1.713e-7, -1.865e-7, -1.562e-7, 6.226e-7, -9.020e-7, -1.525e-6, -1.919e-7, -2.049e-7, -1.789e-7, 7.180e-7, -9.699e-7, -1.688e-6, -2.267e-7, -2.408e-7, -2.126e-7
0.008, 7.037e-7, -3.981e-7, -1.102e-6, -8.827e-8, -9.669e-8, -7.985e-8, 7.813e-7, -3.651e-7, -1.146e-6, -1.370e-7, -1.428e-7, -1.312e-7, 7.379e-7, -3.737e-7, -1.112e-6, -1.533e-7, -1.623e-7, -1.443e-7, 8.464e-7, -3.677e-7, -1.214e-6, -1.865e-7, -1.937e-7, -1.794e-7
0.012, 6.681e-7, -2.297e-7, -8.977e-7, -7.631e-8, -8.780e-8, -6.483e-8, 7.425e-7, -1.971e-7, -9.396e-7, -1.181e-7, -1.224e-7, -1.138e-7, 7.047e-7, -2.057e-7, -9.104e-7, -1.341e-7, -1.367e-7, -1.314e-7, 8.092e-7, -1.713e-7, -9.805e-7, -1.569e-7, -1.645e-7, -1.493e-7
0.016, 6.420e-7, -1.313e-7, -7.733e-7, -6.879e-8, -7.759e-8, -6.000e-8, 7.068e-7, -9.848e-8, -8.053e-7, -1.024e-7, -1.074e-7, -9.745e-8, 6.631e-7, -1.071e-7, -7.702e-7, -1.173e-7, -1.240e-7, -1.107e-7, 7.711e-7, -6.563e-8, -8.368e-7, -1.401e-7, -1.421e-7, -1.381e-7
0.020, 6.171e-7, -6.238e-8, -6.795e-7, -6.128e-8, -7.205e-8, -5.052e-8, 6.761e-7, -3.339e-8, -7.095e-7, -9.200e-8, -9.740e-8, -8.661e-8, 6.346e-7, -4.648e-8, -6.811e-7, -1.056e-7, -1.091e-7, -1.021e-7, 7.391e-7, 4.072e-9, -7.350e-7, -1.239e-7, -1.254e-7, -1.225e-7
0.024, 5.987e-7, -1.369e-8, -6.124e-7, -5.498e-8, -6.414e-8, -4.582e-8, 6.608e-7, 1.660e-8, -6.442e-7, -8.407e-8, -8.800e-8, -8.014e-8, 6.171e-7, 5.332e-9, -6.117e-7, -9.540e-8, -9.772e-8, -9.308e-8, 7.144e-7, 5.402e-8, -6.604e-7, -1.097e-7, -1.130e-7, -1.065e-7
0.028, 5.837e-7, 2.697e-8, -5.567e-7, -5.278e-8, -6.199e-8, -4.357e-8, 6.342e-7, 4.860e-8, -5.856e-7, -7.704e-8, -8.230e-8, -7.178e-8, 5.973e-7, 3.785e-8, -5.594e-7, -8.834e-8, -9.147e-8, -8.522e-8, 6.943e-7, 9.443e-8, -5.999e-7, -9.812e-8, -9.937e-8, -9.686e-8
0.032, 5.688e-7, 5.588e-8, -5.129e-7, -5.033e-8, -5.976e-8, -4.090e-8, 6.267e-7, 8.395e-8, -5.427e-7, -7.144e-8, -7.821e-8, -6.467e-8, 5.857e-7, 7.214e-8, -5.136e-7, -7.818e-8, -8.148e-8, -7.489e-8, 6.753e-7, 1.236e-7, -5.516e-7, -9.068e-8, -9.405e-8, -8.731e-8
0.036, 5.618e-7, 8.441e-8, -4.774e-7, -4.705e-8, -5.485e-8, -3.926e-8, 6.140e-7, 1.073e-7, -5.067e-7, -6.584e-8, -6.915e-8, -6.252e-8, 5.758e-7, 9.740e-8, -4.784e-7, -7.144e-8, -7.287e-8, -7.002e-8, 6.684e-7, 1.538e-7, -5.146e-7, -8.307e-8, -8.454e-8, -8.161e-8
0.040, 5.559e-7, 1.065e-7, -4.494e-7, -4.474e-8, -5.179e-8, -3.770e-8, 6.132e-7, 1.332e-7, -4.800e-7, -6.150e-8, -6.382e-8, -5.918e-8, 5.665e-7, 1.196e-7, -4.469e-7, -6.655e-8, -6.975e-8, -6.336e-8, 6.531e-7, 1.714e-7, -4.817e-7, -7.767e-8, -8.006e-8, -7.527e-8
0.044, 5.526e-7, 1.276e-7, -4.249e-7, -4.156e-8, -4.761e-8, -3.552e-8, 6.066e-7, 1.550e-7, -4.516e-7, -5.587e-8, -5.914e-8, -5.260e-8, 5.593e-7, 1.392e-7, -4.201e-7, -6.278e-8, -6.660e-8, -5.897e-8, 6.470e-7, 1.909e-7, -4.561e-7, -7.156e-8, -7.370e-8, -6.942e-8
0.048, 5.476e-7, 1.465e-7, -4.011e-7, -3.731e-8, -4.559e-8, -2.903e-8, 5.935e-7, 1.695e-7, -4.239e-7, -5.313e-8, -5.863e-8, -4.762e-8, 5.545e-7, 1.552e-7, -3.993e-7, -6.030e-8, -6.114e-8, -5.945e-8, 6.484e-7, 2.114e-7, -4.370e-7, -6.744e-8, -6.733e-8, -6.756e-8
0.052, 5.498e-7, 1.648e-7, -3.850e-7, -3.577e-8, -4.528e-8, -2.625e-8, 5.936e-7, 1.865e-7, -4.071e-7, -4.986e-8, -5.362e-8, -4.610e-8, 5.575e-7, 1.752e-7, -3.823e-7, -5.476e-8, -5.693e-8, -5.259e-8, 6.449e-7, 2.285e-7, -4.164e-7, -6.236e-8, -6.160e-8, -6.312e-8
0.056, 5.476e-7, 1.787e-7, -3.689e-7, -3.673e-8, -4.368e-8, -2.977e-8, 5.978e-7, 2.048e-7, -3.930e-7, -4.781e-8, -5.006e-8, -4.556e-8, 5.563e-7, 1.895e-7, -3.668e-7, -5.113e-8, -5.271e-8, -4.954e-8, 6.426e-7, 2.441e-7, -3.985e-7, -5.998e-8, -6.073e-8, -5.922e-8
0.060, 5.476e-7, 1.958e-7, -3.518e-7, -3.001e-8, -3.877e-8, -2.126e-8, 5.976e-7, 2.229e-7, -3.747e-7, -4.437e-8, -4.619e-8, -4.255e-8, 5.561e-7, 2.044e-7, -3.517e-7, -5.045e-8, -5.020e-8, -5.069e-8, 6.488e-7, 2.609e-7, -3.879e-7, -5.435e-8, -5.607e-8, -5.262e-8
0.064, 5.537e-7, 2.102e-7, -3.435e-7, -3.100e-8, -4.020e-8, -2.179e-8, 6.041e-7, 2.391e-7, -3.649e-7, -4.218e-8, -4.392e-8, -4.044e-8, 5.598e-7, 2.205e-7, -3.393e-7, -4.580e-8, -4.698e-8, -4.461e-8, 6.504e-7, 2.762e-7, -3.742e-7, -5.423e-8, -5.532e-8, -5.314e-8
0.068, 5.602e-7, 2.273e-7, -3.329e-7, -2.921e-8, -3.744e-8, -2.098e-8, 6.067e-7, 2.545e-7, -3.522e-7, -4.089e-8, -4.325e-8, -3.854e-8, 5.640e-7, 2.339e-7, -3.302e-7, -4.368e-8, -4.579e-8, -4.156e-8, 6.564e-7, 2.928e-7, -3.636e-7, -5.079e-8, -5.215e-8, -4.944e-8
0.072, 5.669e-7, 2.421e-7, -3.248e-7, -3.229e-8, -4.124e-8, -2.335e-8, 6.205e-7, 2.722e-7, -3.484e-7, -3.949e-8, -4.184e-8, -3.714e-8, 5.778e-7, 2.563e-7, -3.215e-7, -3.935e-8, -3.867e-8, -4.003e-8, 6.677e-7, 3.123e-7, -3.554e-7, -4.681e-8, -4.875e-8, -4.487e-8
0.076, 5.786e-7, 2.594e-7, -3.192e-7, -2.977e-8, -3.453e-8, -2.501e-8, 6.385e-7, 2.944e-7, -3.442e-7, -3.781e-8, -3.822e-8, -3.740e-8, 5.831e-7, 2.723e-7, -3.108e-7, -3.669e-8, -3.610e-8, -3.728e-8, 6.817e-7, 3.307e-7, -3.510e-7, -4.522e-8, -4.677e-8, -4.368e-8
0.080, 5.916e-7, 2.804e-7, -3.113e-7, -2.930e-8, -3.287e-8, -2.572e-8, 6.503e-7, 3.087e-7, -3.416e-7, -3.851e-8, -3.795e-8, -3.907e-8, 5.963e-7, 2.842e-7, -3.121e-7, -3.721e-8, -4.177e-8, -3.265e-8, 6.924e-7, 3.490e-7, -3.434e-7, -4.132e-8, -4.174e-8, -4.090e-8
0.084, 6.146e-7, 3.062e-7, -3.084e-7, -2.351e-8, -2.871e-8, -1.831e-8, 6.675e-7, 3.313e-7, -3.362e-7, -3.799e-8, -3.960e-8, -3.639e-8, 6.169e-7, 3.046e-7, -3.123e-7, -3.774e-8, -3.692e-8, -3.856e-8, 7.165e-7, 3.740e-7, -3.426e-7, -3.935e-8, -3.979e-8, -3.891e-8
0.088, 6.298e-7, 3.210e-7, -3.088e-7, -2.750e-8, -3.566e-8, -1.934e-8, 6.894e-7, 3.584e-7, -3.310e-7, -3.439e-8, -3.436e-8, -3.442e-8, 6.383e-7, 3.335e-7, -3.048e-7, -3.479e-8, -3.609e-8, -3.349e-8, 7.435e-7, 3.983e-7, -3.452e-7, -3.977e-8, -3.871e-8, -4.083e-8
0.092, 6.606e-7, 3.504e-7, -3.102e-7, -2.597e-8, -2.939e-8, -2.256e-8, 7.179e-7, 3.840e-7, -3.338e-7, -3.259e-8, -3.631e-8, -2.887e-8, 6.606e-7, 3.553e-7, -3.053e-7, -3.317e-8, -3.487e-8, -3.146e-8, 7.741e-7, 4.287e-7, -3.454e-7, -3.688e-8, -3.602e-8, -3.774e-8
0.096, 6.861e-7, 3.776e-7, -3.084e-7, -2.314e-8, -3.052e-8, -1.577e-8, 7.441e-7, 4.122e-7, -3.319e-7, -3.326e-8, -3.563e-8, -3.088e-8, 6.933e-7, 3.831e-7, -3.102e-7, -3.297e-8, -3.280e-8, -3.315e-8, 8.146e-7, 4.618e-7, -3.527e-7, -3.462e-8, -3.351e-8, -3.574e-8
0.100, 7.222e-7, 4.082e-7, -3.140e-7, -2.792e-8, -3.485e-8, -2.099e-8, 7.816e-7, 4.418e-7, -3.397e-7, -3.319e-8, -3.419e-8, -3.219e-8, 7.248e-7, 4.112e-7, -3.135e-7, -3.184e-8, -3.022e-8, -3.346e-8, 8.553e-7, 4.989e-7, -3.564e-7, -3.387e-8, -3.265e-8, -3.509e-8
0.104, 7.659e-7, 4.445e-7, -3.215e-7, -2.513e-8, -3.035e-8, -1.991e-8, 8.265e-7, 4.812e-7, -3.453e-7, -3.270e-8, -3.552e-8, -2.987e-8, 7.640e-7, 4.443e-7, -3.197e-7, -3.013e-8, -3.129e-8, -2.898e-8, 9.038e-7, 5.379e-7, -3.658e-7, -3.315e-8, -3.098e-8, -3.531e-8
0.108, 8.066e-7, 4.772e-7, -3.293e-7, -2.366e-8, -2.815e-8, -1.916e-8, 8.794e-7, 5.217e-7, -3.577e-7, -3.339e-8, -3.489e-8, -3.189e-8, 8.088e-7, 4.825e-7, -3.262e-7, -2.974e-8, -3.064e-8, -2.884e-8, 9.499e-7, 5.773e-7, -3.726e-7, -3.239e-8, -3.160e-8, -3.318e-8
0.112, 8.556e-7, 5.174e-7, -3.382e-7, -2.588e-8, -3.054e-8, -2.121e-8, 9.384e-7, 5.651e-7, -3.733e-7, -3.124e-8, -3.000e-8, -3.248e-8, 8.655e-7, 5.251e-7, -3.403e-7, -2.633e-8, -2.635e-8, -2.632e-8, 1.014e-6, 6.283e-7, -3.861e-7, -3.278e-8, -3.107e-8, -3.449e-8
0.116, 9.149e-7, 5.636e-7, -3.513e-7, -2.297e-8, -2.874e-8, -1.721e-8, 9.897e-7, 6.076e-7, -3.821e-7, -3.313e-8, -3.543e-8, -3.083e-8, 9.132e-7, 5.639e-7, -3.494e-7, -2.712e-8, -2.637e-8, -2.787e-8, 1.086e-6, 6.830e-7, -4.033e-7, -2.854e-8, -2.462e-8, -3.245e-8
0.120, 9.677e-7, 6.063e-7, -3.614e-7, -2.399e-8, -3.118e-8, -1.679e-8, 1.058e-6, 6.616e-7, -3.969e-7, -2.955e-8, -2.903e-8, -3.007e-8, 9.797e-7, 6.117e-7, -3.681e-7, -2.580e-8, -2.387e-8, -2.773e-8, 1.159e-6, 7.365e-7, -4.225e-7, -3.108e-8, -3.052e-8, -3.163e-8
0.124, 1.036e-6, 6.577e-7, -3.779e-7, -2.112e-8, -2.803e-8, -1.421e-8, 1.120e-6, 7.093e-7, -4.110e-7, -3.252e-8, -3.483e-8, -3.022e-8, 1.038e-6, 6.564e-7, -3.813e-7, -2.762e-8, -2.658e-8, -2.866e-8, 1.233e-6, 7.934e-7, -4.397e-7, -2.727e-8, -2.429e-8, -3.025e-8
0.128, 1.100e-6, 7.047e-7, -3.957e-7, -2.375e-8, -2.765e-8, -1.985e-8, 1.196e-6, 7.651e-7, -4.313e-7, -3.007e-8, -3.012e-8, -3.003e-8, 1.106e-6, 7.099e-7, -3.959e-7, -2.703e-8, -2.629e-8, -2.777e-8, 1.310e-6, 8.493e-7, -4.611e-7, -3.101e-8, -2.982e-8, -3.220e-8
0.132, 1.167e-6, 7.567e-7, -4.099e-7, -2.271e-8, -2.911e-8, -1.631e-8, 1.267e-6, 8.179e-7, -4.488e-7, -2.893e-8, -2.795e-8, -2.990e-8, 1.173e-6, 7.594e-7, -4.141e-7, -2.599e-8, -2.498e-8, -2.700e-8, 1.394e-6, 9.134e-7, -4.803e-7, -2.866e-8, -2.537e-8, -3.194e-8
0.136, 1.238e-6, 8.096e-7, -4.287e-7, -2.344e-8, -2.914e-8, -1.774e-8, 1.343e-6, 8.734e-7, -4.692e-7, -3.219e-8, -3.103e-8, -3.334e-8, 1.243e-6, 8.097e-7, -4.329e-7, -2.764e-8, -2.550e-8, -2.979e-8, 1.474e-6, 9.737e-7, -5.000e-7, -2.702e-8, -2.283e-8, -3.121e-8
0.140, 1.298e-6, 8.554e-7, -4.422e-7, -2.420e-8, -2.885e-8, -1.955e-8, 1.417e-6, 9.300e-7, -4.869e-7, -3.016e-8, -2.625e-8, -3.406e-8, 1.312e-6, 8.606e-7, -4.509e-7, -2.805e-8, -2.735e-8, -2.876e-8, 1.548e-6, 1.029e-6, -5.190e-7, -2.731e-8, -2.589e-8, -2.873e-8
0.144, 1.360e-6, 9.021e-7, -4.579e-7, -2.357e-8, -2.684e-8, -2.030e-8, 1.474e-6, 9.795e-7, -4.946e-7, -2.918e-8, -2.977e-8, -2.859e-8, 1.368e-6, 9.071e-7, -4.612e-7, -2.614e-8, -2.453e-8, -2.774e-8, 1.628e-6, 1.088e-6, -5.408e-7, -2.913e-8, -2.546e-8, -3.280e-8
0.148, 1.424e-6, 9.509e-7, -4.728e-7, -2.581e-8, -2.741e-8, -2.420e-8, 1.543e-6, 1.029e-6, -5.142e-7, -3.072e-8, -2.978e-8, -3.165e-8, 1.425e-6, 9.508e-7, -4.739e-7, -2.545e-8, -2.655e-8, -2.435e-8, 1.692e-6, 1.141e-6, -5.501e-7, -2.542e-8, -2.008e-8, -3.076e-8
0.152, 1.472e-6, 9.935e-7, -4.780e-7, -2.452e-8, -2.866e-8, -2.037e-8, 1.590e-6, 1.074e-6, -5.166e-7, -2.974e-8, -3.015e-8, -2.933e-8, 1.476e-6, 9.961e-7, -4.797e-7, -2.387e-8, -2.363e-8, -2.412e-8, 1.756e-6, 1.194e-6, -5.619e-7, -2.704e-8, -2.108e-8, -3.300e-8
0.156, 1.512e-6, 1.030e-6, -4.829e-7, -2.248e-8, -2.640e-8, -1.856e-8, 1.637e-6, 1.114e-6, -5.226e-7, -2.895e-8, -2.676e-8, -3.113e-8, 1.520e-6, 1.033e-6, -4.875e-7, -2.555e-8, -2.301e-8, -2.810e-8, 1.806e-6, 1.239e-6, -5.672e-7, -2.853e-8, -2.547e-8, -3.158e-8
0.160, 1.547e-6, 1.064e-6, -4.826e-7, -2.491e-8, -2.976e-8, -2.006e-8, 1.673e-6, 1.148e-6, -5.248e-7, -3.065e-8, -2.962e-8, -3.168e-8, 1.550e-6, 1.064e-6, -4.862e-7, -2.464e-8, -2.378e-8, -2.551e-8, 1.848e-6, 1.280e-6, -5.682e-7, -2.737e-8, -2.341e-8, -3.132e-8
0.164, 1.569e-6, 1.093e-6, -4.760e-7, -2.342e-8, -2.700e-8, -1.984e-8, 1.701e-6, 1.182e-6, -5.196e-7, -2.999e-8, -2.869e-8, -3.129e-8, 1.578e-6, 1.094e-6, -4.848e-7, -2.658e-8, -2.476e-8, -2.840e-8, 1.880e-6, 1.314e-6, -5.666e-7, -2.509e-8, -2.155e-8, -2.862e-8
0.168, 1.585e-6, 1.115e-6, -4.707e-7, -2.400e-8, -2.838e-8, -1.963e-8, 1.719e-6, 1.207e-6, -5.125e-7, -3.101e-8, -2.777e-8, -3.425e-8, 1.596e-6, 1.119e-6, -4.770e-7, -2.691e-8, -2.533e-8, -2.848e-8, 1.893e-6, 1.340e-6, -5.529e-7, -2.739e-8, -2.505e-8, -2.972e-8
0.172, 1.597e-6, 1.139e-6, -4.585e-7, -2.441e-8, -2.826e-8, -2.056e-8, 1.729e-6, 1.225e-6, -5.037e-7, -2.983e-8, -3.069e-8, -2.898e-8, 1.596e-6, 1.136e-6, -4.605e-7, -2.434e-8, -2.381e-8, -2.488e-8, 1.904e-6, 1.364e-6, -5.400e-7, -2.860e-8, -2.226e-8, -3.494e-8
0.176, 1.591e-6, 1.148e-6, -4.430e-7, -2.514e-8, -2.956e-8, -2.073e-8, 1.729e-6, 1.243e-6, -4.860e-7, -2.977e-8, -2.666e-8, -3.288e-8, 1.606e-6, 1.154e-6, -4.516e-7, -2.812e-8, -2.592e-8, -3.032e-8, 1.899e-6, 1.379e-6, -5.199e-7, -2.843e-8, -2.507e-8, -3.180e-8
0.180, 1.587e-6, 1.162e-6, -4.255e-7, -2.543e-8, -3.000e-8, -2.086e-8, 1.722e-6, 1.254e-6, -4.679e-7, -3.506e-8, -3.203e-8, -3.810e-8, 1.597e-6, 1.162e-6, -4.347e-7, -2.820e-8, -2.612e-8, -3.027e-8, 1.891e-6, 1.391e-6, -4.996e-7, -2.551e-8, -2.138e-8, -2.963e-8
0.184, 1.572e-6, 1.171e-6, -4.018e-7, -2.399e-8, -2.747e-8, -2.050e-8, 1.705e-6, 1.263e-6, -4.420e-7, -3.173e-8, -3.176e-8, -3.169e-8, 1.579e-6, 1.165e-6, -4.141e-7, -2.833e-8, -2.741e-8, -2.926e-8, 1.875e-6, 1.399e-6, -4.754e-7, -2.705e-8, -2.359e-8, -3.050e-8
0.188, 1.552e-6, 1.174e-6, -3.779e-7, -2.592e-8, -3.179e-8, -2.004e-8, 1.687e-6, 1.266e-6, -4.208e-7, -3.267e-8, -3.090e-8, -3.443e-8, 1.561e-6, 1.170e-6, -3.908e-7, -2.807e-8, -2.598e-8, -3.016e-8, 1.852e-6, 1.404e-6, -4.477e-7, -2.705e-8, -2.576e-8, -2.835e-8
0.192, 1.531e-6, 1.174e-6, -3.561e-7, -2.511e-8, -2.810e-8, -2.213e-8, 1.665e-6, 1.269e-6, -3.957e-7, -3.288e-8, -3.207e-8, -3.370e-8, 1.535e-6, 1.169e-6, -3.657e-7, -2.867e-8, -2.785e-8, -2.949e-8, 1.821e-6, 1.402e-6, -4.199e-7, -2.653e-8, -2.273e-8, -3.033e-8
0.196, 1.506e-6, 1.169e-6, -3.365e-7, -2.903e-8, -3.426e-8, -2.381e-8, 1.636e-6, 1.265e-6, -3.710e-7, -3.153e-8, -3.172e-8, -3.135e-8, 1.510e-6, 1.170e-6, -3.401e-7, -2.819e-8, -2.660e-8, -2.977e-8, 1.791e-6, 1.400e-6, -3.909e-7, -3.047e-8, -2.723e-8, -3.370e-8
0.200, 1.481e-6, 1.172e-6, -3.086e-7, -2.391e-8, -2.711e-8, -2.071e-8, 1.607e-6, 1.262e-6, -3.447e-7, -3.295e-8, -3.121e-8, -3.469e-8, 1.484e-6, 1.164e-6, -3.197e-7, -2.969e-8, -2.784e-8, -3.153e-8, 1.759e-6, 1.397e-6, -3.623e-7, -2.492e-8, -2.086e-8, -2.898e-8
0.204, 1.453e-6, 1.165e-6, -2.881e-7, -2.866e-8, -3.313e-8, -2.419e-8, 1.574e-6, 1.256e-6, -3.180e-7, -3.299e-8, -3.371e-8, -3.226e-8, 1.450e-6, 1.157e-6, -2.925e-7, -2.765e-8, -2.628e-8, -2.903e-8, 1.724e-6, 1.388e-6, -3.360e-7, -2.683e-8, -2.193e-8, -3.173e-8
0.208, 1.424e-6, 1.160e-6, -2.630e-7, -2.643e-8, -3.181e-8, -2.104e-8, 1.543e-6, 1.250e-6, -2.936e-7, -3.429e-8, -3.354e-8, -3.504e-8, 1.425e-6, 1.151e-6, -2.746e-7, -3.107e-8, -2.776e-8, -3.439e-8, 1.697e-6, 1.386e-6, -3.102e-7, -2.775e-8, -2.202e-8, -3.349e-8
0.212, 1.402e-6, 1.155e-6, -2.470e-7, -3.044e-8, -3.243e-8, -2.844e-8, 1.520e-6, 1.245e-6, -2.749e-7, -3.434e-8, -3.514e-8, -3.355e-8, 1.395e-6, 1.145e-6, -2.497e-7, -2.945e-8, -2.897e-8, -2.993e-8, 1.657e-6, 1.374e-6, -2.830e-7, -2.940e-8, -2.357e-8, -3.523e-8
0.216, 1.368e-6, 1.145e-6, -2.228e-7, -3.049e-8, -3.508e-8, -2.590e-8, 1.490e-6, 1.237e-6, -2.531e-7, -3.806e-8, -3.651e-8, -3.961e-8, 1.368e-6, 1.136e-6, -2.318e-7, -3.043e-8, -2.973e-8, -3.114e-8, 1.620e-6, 1.364e-6, -2.564e-7, -3.037e-8, -2.730e-8, -3.344e-8
0.220, 1.342e-6, 1.139e-6, -2.025e-7, -3.172e-8, -3.648e-8, -2.696e-8, 1.458e-6, 1.229e-6, -2.288e-7, -3.607e-8, -3.372e-8, -3.842e-8, 1.345e-6, 1.131e-6, -2.136e-7, -3.168e-8, -2.907e-8, -3.430e-8, 1.591e-6, 1.355e-6, -2.364e-7, -3.032e-8, -2.780e-8, -3.284e-8
0.224, 1.313e-6, 1.132e-6, -1.812e-7, -2.953e-8, -3.439e-8, -2.467e-8, 1.435e-6, 1.221e-6, -2.137e-7, -3.785e-8, -3.459e-8, -4.111e-8, 1.320e-6, 1.124e-6, -1.961e-7, -3.174e-8, -3.018e-8, -3.329e-8, 1.556e-6, 1.342e-6, -2.133e-7, -2.908e-8, -2.807e-8, -3.010e-8
0.228, 1.295e-6, 1.130e-6, -1.652e-7, -2.922e-8, -3.335e-8, -2.510e-8, 1.405e-6, 1.212e-6, -1.923e-7, -3.840e-8, -3.858e-8, -3.823e-8, 1.292e-6, 1.111e-6, -1.803e-7, -3.326e-8, -3.163e-8, -3.490e-8, 1.532e-6, 1.338e-6, -1.943e-7, -2.815e-8, -2.322e-8, -3.308e-8
0.232, 1.268e-6, 1.120e-6, -1.485e-7, -3.147e-8, -3.384e-8, -2.910e-8, 1.389e-6, 1.208e-6, -1.812e-7, -3.744e-8, -3.512e-8, -3.976e-8, 1.276e-6, 1.112e-6, -1.643e-7, -3.253e-8, -3.443e-8, -3.063e-8, 1.497e-6, 1.325e-6, -1.717e-7, -2.914e-8, -2.832e-8, -2.997e-8
0.236, 1.247e-6, 1.112e-6, -1.353e-7, -3.238e-8, -3.714e-8, -2.762e-8, 1.359e-6, 1.196e-6, -1.633e-7, -3.925e-8, -3.819e-8, -4.031e-8, 1.249e-6, 1.101e-6, -1.482e-7, -3.210e-8, -3.103e-8, -3.317e-8, 1.476e-6, 1.319e-6, -1.568e-7, -2.997e-8, -2.728e-8, -3.266e-8
0.240, 1.227e-6, 1.105e-6, -1.213e-7, -3.124e-8, -3.543e-8, -2.706e-8, 1.337e-6, 1.190e-6, -1.469e-7, -3.654e-8, -3.502e-8, -3.807e-8, 1.225e-6, 1.090e-6, -1.350e-7, -3.400e-8, -3.165e-8, -3.634e-8, 1.451e-6, 1.306e-6, -1.448e-7, -3.363e-8, -3.125e-8, -3.602e-8
0.244, 1.204e-6, 1.098e-6, -1.069e-7, -3.270e-8, -3.858e-8, -2.681e-8, 1.309e-6, 1.179e-6, -1.309e-7, -3.750e-8, -3.942e-8, -3.558e-8, 1.202e-6, 1.080e-6, -1.215e-7, -3.546e-8, -3.376e-8, -3.716e-8, 1.429e-6, 1.299e-6, -1.300e-7, -3.231e-8, -2.758e-8, -3.704e-8
0.248, 1.186e-6, 1.091e-6, -9.544e-8, -3.423e-8, -3.703e-8, -3.144e-8, 1.294e-6, 1.173e-6, -1.208e-7, -3.851e-8, -3.564e-8, -4.138e-8, 1.185e-6, 1.074e-6, -1.116e-7, -3.602e-8, -3.612e-8, -3.592e-8, 1.396e-6, 1.283e-6, -1.127e-7, -3.127e-8, -3.044e-8, -3.210e-8
0.252, 1.168e-6, 1.083e-6, -8.538e-8, -3.608e-8, -3.982e-8, -3.234e-8, 1.265e-6, 1.158e-6, -1.070e-7, -4.031e-8, -4.187e-8, -3.875e-8, 1.159e-6, 1.061e-6, -9.719e-8, -3.388e-8, -3.467e-8, -3.310e-8, 1.374e-6, 1.275e-6, -9.896e-8, -3.025e-8, -2.510e-8, -3.541e-8
0.256, 1.144e-6, 1.074e-6, -7.001e-8, -3.446e-8, -4.003e-8, -2.889e-8, 1.241e-6, 1.148e-6, -9.265e-8, -4.139e-8, -4.180e-8, -4.097e-8, 1.136e-6, 1.052e-6, -8.379e-8, -3.425e-8, -3.376e-8, -3.475e-8, 1.348e-6, 1.263e-6, -8.522e-8, -3.186e-8, -2.891e-8, -3.481e-8
0.260, 1.119e-6, 1.059e-6, -6.054e-8, -3.546e-8, -4.028e-8, -3.063e-8, 1.220e-6, 1.139e-6, -8.025e-8, -4.388e-8, -4.265e-8, -4.512e-8, 1.118e-6, 1.043e-6, -7.578e-8, -3.680e-8, -3.573e-8, -3.787e-8, 1.326e-6, 1.251e-6, -7.470e-8, -3.208e-8, -3.048e-8, -3.367e-8
0.264, 1.101e-6, 1.052e-6, -4.867e-8, -3.595e-8, -4.021e-8, -3.168e-8, 1.197e-6, 1.126e-6, -7.075e-8, -4.280e-8, -4.344e-8, -4.215e-8, 1.090e-6, 1.026e-6, -6.404e-8, -3.639e-8, -3.763e-8, -3.514e-8, 1.295e-6, 1.238e-6, -5.756e-8, -3.311e-8, -2.974e-8, -3.648e-8
0.268, 1.073e-6, 1.040e-6, -3.320e-8, -3.370e-8, -3.933e-8, -2.807e-8, 1.170e-6, 1.117e-6, -5.277e-8, -3.940e-8, -3.988e-8, -3.892e-8, 1.076e-6, 1.023e-6, -5.258e-8, -3.807e-8, -3.585e-8, -4.028e-8, 1.273e-6, 1.224e-6, -4.832e-8, -3.644e-8, -3.301e-8, -3.988e-8
0.272, 1.055e-6, 1.028e-6, -2.698e-8, -3.687e-8, -3.875e-8, -3.500e-8, 1.153e-6, 1.107e-6, -4.548e-8, -3.932e-8, -3.955e-8, -3.909e-8, 1.050e-6, 1.011e-6, -3.922e-8, -3.663e-8, -3.779e-8, -3.548e-8, 1.242e-6, 1.211e-6, -3.067e-8, -3.520e-8, -3.275e-8, -3.765e-8
0.276, 1.032e-6, 1.019e-6, -1.252e-8, -3.605e-8, -4.108e-8, -3.102e-8, 1.122e-6, 1.091e-6, -3.060e-8, -4.233e-8, -4.383e-8, -4.083e-8, 1.027e-6, 9.969e-7, -2.997e-8, -3.917e-8, -3.916e-8, -3.919e-8, 1.222e-6, 1.201e-6, -2.093e-8, -3.485e-8, -3.151e-8, -3.819e-8
0.280, 1.004e-6, 1.007e-6, 3.588e-9, -3.596e-8, -4.154e-8, -3.038e-8, 1.102e-6, 1.082e-6, -1.976e-8, -4.492e-8, -4.321e-8, -4.663e-8, 1.006e-6, 9.859e-7, -1.999e-8, -3.974e-8, -3.875e-8, -4.072e-8, 1.196e-6, 1.187e-6, -8.476e-9, -3.434e-8, -3.286e-8, -3.583e-8
0.284, 9.870e-7, 9.981e-7, 1.113e-8, -3.675e-8, -4.173e-8, -3.177e-8, 1.083e-6, 1.072e-6, -1.073e-8, -4.282e-8, -4.357e-8, -4.207e-8, 9.865e-7, 9.760e-7, -1.046e-8, -3.824e-8, -3.802e-8, -3.846e-8, 1.165e-6, 1.174e-6, 8.264e-9, -3.416e-8, -3.169e-8, -3.662e-8
0.288, 9.692e-7, 9.897e-7, 2.050e-8, -3.694e-8, -3.994e-8, -3.395e-8, 1.061e-6, 1.063e-6, 2.181e-9, -4.208e-8, -4.239e-8, -4.177e-8, 9.592e-7, 9.635e-7, 4.210e-9, -3.866e-8, -3.876e-8, -3.856e-8, 1.145e-6, 1.163e-6, 1.766e-8, -3.437e-8, -3.077e-8, -3.798e-8
0.292, 9.472e-7, 9.794e-7, 3.218e-8, -3.903e-8, -4.224e-8, -3.583e-8, 1.036e-6, 1.047e-6, 1.158e-8, -4.391e-8, -4.508e-8, -4.274e-8, 9.404e-7, 9.538e-7, 1.342e-8, -3.875e-8, -3.884e-8, -3.866e-8, 1.121e-6, 1.151e-6, 3.064e-8, -3.497e-8, -3.251e-8, -3.744e-8
0.296, 9.302e-7, 9.701e-7, 3.987e-8, -3.806e-8, -4.236e-8, -3.377e-8, 1.016e-6, 1.041e-6, 2.525e-8, -4.117e-8, -4.141e-8, -4.092e-8, 9.222e-7, 9.453e-7, 2.308e-8, -4.017e-8, -3.922e-8, -4.112e-8, 1.099e-6, 1.139e-6, 3.990e-8, -3.686e-8, -3.416e-8, -3.956e-8
0.300, 9.089e-7, 9.618e-7, 5.293e-8, -3.669e-8, -4.074e-8, -3.265e-8, 9.951e-7, 1.031e-6, 3.620e-8, -4.381e-8, -4.367e-8, -4.395e-8, 9.023e-7, 9.347e-7, 3.239e-8, -4.305e-8, -4.337e-8, -4.272e-8, 1.078e-6, 1.128e-6, 5.016e-8, -3.581e-8, -3.431e-8, -3.732e-8
0.304, 8.935e-7, 9.554e-7, 6.183e-8, -3.803e-8, -4.170e-8, -3.437e-8, 9.733e-7, 1.019e-6, 4.619e-8, -4.615e-8, -4.590e-8, -4.639e-8, 8.856e-7, 9.249e-7, 3.935e-8, -4.111e-8, -3.962e-8, -4.259e-8, 1.057e-6, 1.121e-6, 6.436e-8, -3.417e-8, -3.094e-8, -3.740e-8
0.308, 8.741e-7, 9.455e-7, 7.143e-8, -3.928e-8, -4.444e-8, -3.413e-8, 9.587e-7, 1.013e-6, 5.449e-8, -4.661e-8, -4.779e-8, -4.543e-8, 8.698e-7, 9.178e-7, 4.798e-8, -4.255e-8, -4.087e-8, -4.424e-8, 1.039e-6, 1.111e-6, 7.170e-8, -3.719e-8, -3.478e-8, -3.959e-8
0.312, 8.595e-7, 9.389e-7, 7.937e-8, -4.071e-8, -4.669e-8, -3.472e-8, 9.370e-7, 1.003e-6, 6.584e-8, -4.509e-8, -4.674e-8, -4.344e-8, 8.546e-7, 9.135e-7, 5.891e-8, -4.120e-8, -3.895e-8, -4.344e-8, 1.023e-6, 1.104e-6, 8.120e-8, -3.741e-8, -3.451e-8, -4.031e-8
0.316, 8.452e-7, 9.314e-7, 8.620e-8, -3.895e-8, -4.281e-8, -3.510e-8, 9.272e-7, 9.990e-7, 7.178e-8, -4.485e-8, -4.341e-8, -4.630e-8, 8.399e-7, 9.059e-7, 6.594e-8, -4.195e-8, -4.257e-8, -4.133e-8, 1.003e-6, 1.095e-6, 9.176e-8, -3.779e-8, -3.637e-8, -3.922e-8
0.320, 8.320e-7, 9.247e-7, 9.272e-8, -4.085e-8, -4.395e-8, -3.774e-8, 9.142e-7, 9.933e-7, 7.916e-8, -4.526e-8, -4.504e-8, -4.549e-8, 8.275e-7, 9.023e-7, 7.483e-8, -4.243e-8, -4.288e-8, -4.197e-8, 9.882e-7, 1.086e-6, 9.806e-8, -3.903e-8, -3.660e-8, -4.146e-8
0.324, 8.224e-7, 9.235e-7, 1.011e-7, -4.029e-8, -4.369e-8, -3.689e-8, 8.965e-7, 9.841e-7, 8.762e-8, -4.779e-8, -4.919e-8, -4.639e-8, 8.133e-7, 8.923e-7, 7.893e-8, -4.342e-8, -4.381e-8, -4.303e-8, 9.795e-7, 1.084e-6, 1.048e-7, -3.679e-8, -3.316e-8, -4.043e-8
0.328, 8.092e-7, 9.192e-7, 1.100e-7, -4.099e-8, -4.368e-8, -3.830e-8, 8.871e-7, 9.788e-7, 9.162e-8, -4.929e-8, -4.837e-8, -5.021e-8, 8.008e-7, 8.866e-7, 8.580e-8, -4.396e-8, -4.572e-8, -4.219e-8, 9.630e-7, 1.079e-6, 1.158e-7, -3.642e-8, -3.520e-8, -3.764e-8
0.332, 8.005e-7, 9.178e-7, 1.173e-7, -3.943e-8, -4.253e-8, -3.634e-8, 8.760e-7, 9.775e-7, 1.015e-7, -4.869e-8, -4.887e-8, -4.851e-8, 7.903e-7, 8.792e-7, 8.885e-8, -4.536e-8, -4.603e-8, -4.470e-8, 9.553e-7, 1.075e-6, 1.200e-7, -3.794e-8, -3.421e-8, -4.167e-8
0.336, 7.945e-7, 9.126e-7, 1.181e-7, -4.207e-8, -4.521e-8, -3.893e-8, 8.632e-7, 9.717e-7, 1.085e-7, -4.902e-8, -5.313e-8, -4.491e-8, 7.760e-7, 8.772e-7, 1.011e-7, -4.157e-8, -4.470e-8, -3.844e-8, 9.394e-7, 1.069e-6, 1.301e-7, -3.802e-8, -3.353e-8, -4.252e-8
0.340, 7.807e-7, 9.097e-7, 1.290e-7, -4.089e-8, -4.639e-8, -3.539e-8, 8.554e-7, 9.686e-7, 1.132e-7, -4.714e-8, -4.759e-8, -4.669e-8, 7.746e-7, 8.769e-7, 1.023e-7, -4.430e-8, -4.537e-8, -4.322e-8, 9.309e-7, 1.066e-6, 1.350e-7, -3.851e-8, -3.695e-8, -4.008e-8
0.344, 7.689e-7, 9.043e-7, 1.353e-7, -4.108e-8, -4.556e-8, -3.660e-8, 8.481e-7, 9.698e-7, 1.217e-7, -4.748e-8, -4.716e-8, -4.779e-8, 7.681e-7, 8.736e-7, 1.054e-7, -4.641e-8, -4.847e-8, -4.435e-8, 9.198e-7, 1.058e-6, 1.384e-7, -4.063e-8, -3.981e-8, -4.145e-8
0.348, 7.618e-7, 9.003e-7, 1.385e-7, -4.229e-8, -4.879e-8, -3.579e-8, 8.409e-7, 9.640e-7, 1.230e-7, -4.781e-8, -4.722e-8, -4.840e-8, 7.602e-7, 8.717e-7, 1.115e-7, -4.636e-8, -4.631e-8, -4.640e-8, 9.102e-7, 1.057e-6, 1.473e-7, -4.180e-8, -4.185e-8, -4.175e-8
0.352, 7.540e-7, 8.973e-7, 1.433e-7, -4.434e-8, -5.127e-8, -3.741e-8, 8.322e-7, 9.637e-7, 1.314e-7, -4.605e-8, -4.548e-8, -4.663e-8, 7.575e-7, 8.724e-7, 1.148e-7, -4.634e-8, -4.740e-8, -4.528e-8, 9.036e-7, 1.053e-6, 1.496e-7, -4.089e-8, -3.977e-8, -4.202e-8
0.356, 7.521e-7, 8.981e-7, 1.460e-7, -4.554e-8, -5.167e-8, -3.941e-8, 8.191e-7, 9.555e-7, 1.364e-7, -4.881e-8, -5.079e-8, -4.683e-8, 7.463e-7, 8.679e-7, 1.216e-7, -4.802e-8, -4.706e-8, -4.898e-8, 9.002e-7, 1.054e-6, 1.541e-7, -4.255e-8, -3.977e-8, -4.532e-8
0.360, 7.463e-7, 8.975e-7, 1.512e-7, -4.390e-8, -5.080e-8, -3.700e-8, 8.125e-7, 9.553e-7, 1.428e-7, -4.699e-8, -4.907e-8, -4.492e-8, 7.406e-7, 8.671e-7, 1.266e-7, -4.589e-8, -4.333e-8, -4.845e-8, 8.970e-7, 1.054e-6, 1.567e-7, -4.262e-8, -3.741e-8, -4.782e-8
0.364, 7.392e-7, 8.978e-7, 1.586e-7, -4.379e-8, -4.885e-8, -3.873e-8, 8.079e-7, 9.545e-7, 1.466e-7, -5.068e-8, -5.194e-8, -4.942e-8, 7.318e-7, 8.609e-7, 1.291e-7, -4.723e-8, -4.941e-8, -4.504e-8, 8.854e-7, 1.050e-6, 1.642e-7, -3.933e-8, -3.823e-8, -4.043e-8
0.368, 7.341e-7, 8.958e-7, 1.617e-7, -4.463e-8, -5.115e-8, -3.812e-8, 8.057e-7, 9.551e-7, 1.494e-7, -4.886e-8, -4.856e-8, -4.916e-8, 7.305e-7, 8.626e-7, 1.321e-7, -4.929e-8, -4.912e-8, -4.945e-8, 8.801e-7, 1.048e-6, 1.683e-7, -4.077e-8, -4.199e-8, -3.955e-8
0.372, 7.346e-7, 8.964e-7, 1.618e-7, -4.796e-8, -5.208e-8, -4.384e-8, 7.987e-7, 9.502e-7, 1.515e-7, -5.105e-8, -5.338e-8, -4.872e-8, 7.216e-7, 8.594e-7, 1.378e-7, -4.900e-8, -5.078e-8, -4.722e-8, 8.785e-7, 1.051e-6, 1.725e-7, -4.244e-8, -4.015e-8, -4.472e-8
0.376, 7.308e-7, 8.971e-7, 1.664e-7, -4.649e-8, -5.160e-8, -4.138e-8, 7.987e-7, 9.541e-7, 1.555e-7, -5.204e-8, -5.129e-8, -5.279e-8, 7.189e-7, 8.608e-7, 1.419e-7, -4.918e-8, -5.054e-8, -4.781e-8, 8.715e-7, 1.048e-6, 1.766e-7, -4.098e-8, -3.791e-8, -4.404e-8
0.380, 7.249e-7, 8.958e-7, 1.709e-7, -4.622e-8, -5.083e-8, -4.160e-8, 7.957e-7, 9.556e-7, 1.598e-7, -5.095e-8, -5.170e-8, -5.019e-8, 7.154e-7, 8.595e-7, 1.441e-7, -5.244e-8, -5.342e-8, -5.146e-8, 8.620e-7, 1.042e-6, 1.801e-7, -4.400e-8, -4.253e-8, -4.547e-8
0.384, 7.193e-7, 8.938e-7, 1.745e-7, -4.653e-8, -5.311e-8, -3.995e-8, 7.852e-7, 9.521e-7, 1.669e-7, -5.004e-8, -5.167e-8, -4.840e-8, 7.170e-7, 8.642e-7, 1.471e-7, -4.902e-8, -4.708e-8, -5.096e-8, 8.679e-7, 1.050e-6, 1.820e-7, -4.456e-8, -4.065e-8, -4.847e-8
0.388, 7.137e-7, 8.945e-7, 1.808e-7, -4.754e-8, -5.282e-8, -4.225e-8, 7.860e-7, 9.541e-7, 1.681e-7, -5.073e-8, -5.087e-8, -5.060e-8, 7.161e-7, 8.633e-7, 1.472e-7, -5.085e-8, -5.057e-8, -5.114e-8, 8.587e-7, 1.046e-6, 1.869e-7, -4.494e-8, -4.500e-8, -4.489e-8
0.392, 7.133e-7, 8.979e-7, 1.846e-7, -4.863e-8, -5.238e-8, -4.489e-8, 7.873e-7, 9.564e-7, 1.691e-7, -5.243e-8, -5.255e-8, -5.231e-8, 7.073e-7, 8.602e-7, 1.529e-7, -5.221e-8, -5.423e-8, -5.020e-8, 8.546e-7, 1.047e-6, 1.928e-7, -4.278e-8, -4.199e-8, -4.357e-8
0.396, 7.128e-7, 8.967e-7, 1.839e-7, -4.849e-8, -5.444e-8, -4.254e-8, 7.786e-7, 9.523e-7, 1.737e-7, -5.345e-8, -5.477e-8, -5.212e-8, 7.020e-7, 8.619e-7, 1.599e-7, -5.221e-8, -5.113e-8, -5.330e-8, 8.555e-7, 1.049e-6, 1.935e-7, -4.547e-8, -4.267e-8, -4.827e-8
0.400, 7.102e-7, 8.999e-7, 1.897e-7, -4.900e-8, -5.369e-8, -4.432e-8, 7.776e-7, 9.547e-7, 1.771e-7, -5.290e-8, -5.375e-8, -5.205e-8, 7.048e-7, 8.620e-7, 1.572e-7, -5.315e-8, -5.312e-8, -5.317e-8, 8.532e-7, 1.050e-6, 1.968e-7, -4.573e-8, -4.421e-8, -4.725e-8
0.404, 7.085e-7, 9.021e-7, 1.936e-7, -4.782e-8, -5.452e-8, -4.112e-8, 7.768e-7, 9.565e-7, 1.797e-7, -5.492e-8, -5.601e-8, -5.382e-8, 7.032e-7, 8.616e-7, 1.584e-7, -5.499e-8, -5.415e-8, -5.583e-8, 8.520e-7, 1.052e-6, 2.004e-7, -4.362e-8, -4.213e-8, -4.511e-8
0.408, 7.036e-7, 8.998e-7, 1.962e-7, -4.959e-8, -5.653e-8, -4.265e-8, 7.718e-7, 9.533e-7, 1.815e-7, -5.492e-8, -5.632e-8, -5.351e-8, 7.027e-7, 8.667e-7, 1.641e-7, -5.387e-8, -5.367e-8, -5.406e-8, 8.490e-7, 1.055e-6, 2.064e-7, -4.494e-8, -4.391e-8, -4.596e-8
0.412, 7.071e-7, 9.072e-7, 2.001e-7, -4.925e-8, -5.286e-8, -4.565e-8, 7.769e-7, 9.617e-7, 1.848e-7, -5.536e-8, -5.725e-8, -5.348e-8, 6.963e-7, 8.641e-7, 1.678e-7, -5.266e-8, -5.343e-8, -5.189e-8, 8.458e-7, 1.056e-6, 2.103e-7, -4.558e-8, -4.480e-8, -4.636e-8
0.416, 7.088e-7, 9.088e-7, 2.000e-7, -5.093e-8, -5.528e-8, -4.657e-8, 7.747e-7, 9.613e-7, 1.866e-7, -5.424e-8, -5.523e-8, -5.325e-8, 7.000e-7, 8.700e-7, 1.700e-7, -5.436e-8, -5.354e-8, -5.519e-8, 8.471e-7, 1.060e-6, 2.130e-7, -4.514e-8, -4.331e-8, -4.697e-8
0.420, 7.054e-7, 9.103e-7, 2.049e-7, -4.991e-8, -5.446e-8, -4.536e-8, 7.744e-7, 9.661e-7, 1.918e-7, -5.690e-8, -5.739e-8, -5.640e-8, 7.022e-7, 8.700e-7, 1.678e-7, -5.479e-8, -5.377e-8, -5.581e-8, 8.453e-7, 1.064e-6, 2.183e-7, -4.525e-8, -4.466e-8, -4.584e-8
0.424, 7.055e-7, 9.140e-7, 2.084e-7, -5.084e-8, -5.438e-8, -4.730e-8, 7.751e-7, 9.707e-7, 1.955e-7, -5.657e-8, -5.845e-8, -5.469e-8, 7.018e-7, 8.742e-7, 1.725e-7, -5.725e-8, -5.721e-8, -5.729e-8, 8.476e-7, 1.064e-6, 2.169e-7, -4.722e-8, -4.609e-8, -4.835e-8
0.428, 7.069e-7, 9.155e-7, 2.086e-7, -5.237e-8, -5.859e-8, -4.615e-8, 7.745e-7, 9.739e-7, 1.993e-7, -5.392e-8, -5.349e-8, -5.436e-8, 7.033e-7, 8.790e-7, 1.757e-7, -5.783e-8, -5.684e-8, -5.881e-8, 8.489e-7, 1.069e-6, 2.201e-7, -5.029e-8, -5.080e-8, -4.977e-8
0.432, 7.045e-7, 9.187e-7, 2.142e-7, -5.012e-8, -5.724e-8, -4.301e-8, 7.747e-7, 9.779e-7, 2.032e-7, -5.572e-8, -5.584e-8, -5.560e-8, 7.039e-7, 8.827e-7, 1.788e-7, -5.826e-8, -5.718e-8, -5.934e-8, 8.550e-7, 1.077e-6, 2.220e-7, -4.886e-8, -4.859e-8, -4.914e-8
0.436, 7.133e-7, 9.281e-7, 2.148e-7, -5.225e-8, -5.946e-8, -4.503e-8, 7.710e-7, 9.787e-7, 2.077e-7, -5.601e-8, -5.777e-8, -5.425e-8, 7.055e-7, 8.881e-7, 1.826e-7, -5.853e-8, -5.863e-8, -5.843e-8, 8.560e-7, 1.082e-6, 2.256e-7, -4.947e-8, -4.603e-8, -5.291e-8
0.440, 7.118e-7, 9.319e-7, 2.202e-7, -5.238e-8, -5.569e-8, -4.907e-8, 7.804e-7, 9.895e-7, 2.091e-7, -5.861e-8, -5.883e-8, -5.838e-8, 7.077e-7, 8.918e-7, 1.842e-7, -5.940e-8, -6.047e-8, -5.832e-8, 8.606e-7, 1.088e-6, 2.271e-7, -5.102e-8, -4.923e-8, -5.282e-8
0.444, 7.173e-7, 9.397e-7, 2.225e-7, -5.181e-8, -5.723e-8, -4.639e-8, 7.815e-7, 9.945e-7, 2.130e-7, -6.072e-8, -5.977e-8, -6.167e-8, 7.108e-7, 8.972e-7, 1.864e-7, -6.104e-8, -6.164e-8, -6.044e-8, 8.656e-7, 1.096e-6, 2.300e-7, -4.866e-8, -4.738e-8, -4.994e-8
0.448, 7.114e-7, 9.399e-7, 2.286e-7, -5.610e-8, -6.272e-8, -4.948e-8, 7.863e-7, 9.997e-7, 2.135e-7, -5.885e-8, -5.939e-8, -5.832e-8, 7.193e-7, 9.083e-7, 1.890e-7, -5.755e-8, -5.857e-8, -5.654e-8, 8.676e-7, 1.104e-6, 2.362e-7, -5.055e-8, -5.114e-8, -4.997e-8
0.452, 7.189e-7, 9.522e-7, 2.334e-7, -5.016e-8, -5.701e-8, -4.330e-8, 7.929e-7, 1.012e-6, 2.186e-7, -6.040e-8, -5.901e-8, -6.179e-8, 7.263e-7, 9.148e-7, 1.885e-7, -6.293e-8, -6.190e-8, -6.396e-8, 8.772e-7, 1.115e-6, 2.374e-7, -4.883e-8, -4.788e-8, -4.979e-8
0.456, 7.311e-7, 9.607e-7, 2.296e-7, -5.515e-8, -6.150e-8, -4.881e-8, 7.921e-7, 1.015e-6, 2.225e-7, -5.870e-8, -6.071e-8, -5.668e-8, 7.244e-7, 9.218e-7, 1.975e-7, -5.962e-8, -5.879e-8, -6.045e-8, 8.879e-7, 1.126e-6, 2.383e-7, -5.164e-8, -4.934e-8, -5.394e-8
0.460, 7.398e-7, 9.730e-7, 2.331e-7, -5.718e-8, -6.349e-8, -5.087e-8, 8.057e-7, 1.027e-6, 2.214e-7, -6.169e-8, -6.301e-8, -6.038e-8, 7.279e-7, 9.279e-7, 2.000e-7, -5.979e-8, -6.175e-8, -5.782e-8, 8.906e-7, 1.139e-6, 2.479e-7, -4.904e-8, -4.614e-8, -5.194e-8
0.464, 7.384e-7, 9.769e-7, 2.385e-7, -5.617e-8, -6.174e-8, -5.060e-8, 8.107e-7, 1.039e-6, 2.287e-7, -6.028e-8, -5.998e-8, -6.059e-8, 7.433e-7, 9.439e-7, 2.006e-7, -6.051e-8, -6.126e-8, -5.976e-8, 9.014e-7, 1.152e-6, 2.509e-7, -5.393e-8, -5.217e-8, -5.569e-8
0.468, 7.478e-7, 9.892e-7, 2.414e-7, -5.525e-8, -6.033e-8, -5.017e-8, 8.229e-7, 1.053e-6, 2.297e-7, -6.253e-8, -6.148e-8, -6.359e-8, 7.483e-7, 9.527e-7, 2.044e-7, -6.410e-8, -6.488e-8, -6.332e-8, 9.099e-7, 1.164e-6, 2.537e-7, -5.369e-8, -5.382e-8, -5.356e-8
0.472, 7.593e-7, 1.002e-6, 2.430e-7, -5.783e-8, -6.222e-8, -5.343e-8, 8.273e-7, 1.063e-6, 2.355e-7, -6.149e-8, -6.521e-8, -5.777e-8, 7.525e-7, 9.657e-7, 2.132e-7, -6.391e-8, -6.571e-8, -6.212e-8, 9.201e-7, 1.177e-6, 2.564e-7, -5.567e-8, -5.237e-8, -5.898e-8
0.476, 7.721e-7, 1.016e-6, 2.442e-7, -5.804e-8, -6.188e-8, -5.421e-8, 8.399e-7, 1.078e-6, 2.384e-7, -6.118e-8, -6.225e-8, -6.011e-8, 7.566e-7, 9.746e-7, 2.180e-7, -6.534e-8, -6.742e-8, -6.326e-8, 9.359e-7, 1.198e-6, 2.623e-7, -5.482e-8, -5.240e-8, -5.724e-8
0.480, 7.756e-7, 1.028e-6, 2.522e-7, -5.524e-8, -5.880e-8, -5.168e-8, 8.530e-7, 1.097e-6, 2.442e-7, -6.237e-8, -6.366e-8, -6.108e-8, 7.737e-7, 9.896e-7, 2.159e-7, -6.490e-8, -6.605e-8, -6.376e-8, 9.478e-7, 1.214e-6, 2.660e-7, -5.711e-8, -5.686e-8, -5.735e-8
0.484, 7.824e-7, 1.042e-6, 2.599e-7, -5.828e-8, -6.304e-8, -5.352e-8, 8.629e-7, 1.108e-6, 2.452e-7, -6.293e-8, -6.062e-8, -6.525e-8, 7.901e-7, 1.009e-6, 2.192e-7, -6.628e-8, -6.581e-8, -6.675e-8, 9.594e-7, 1.230e-6, 2.711e-7, -5.751e-8, -5.913e-8, -5.588e-8
0.488, 7.991e-7, 1.060e-6, 2.607e-7, -6.041e-8, -6.469e-8, -5.613e-8, 8.753e-7, 1.126e-6, 2.506e-7, -6.475e-8, -6.465e-8, -6.485e-8, 7.987e-7, 1.027e-6, 2.279e-7, -6.515e-8, -6.620e-8, -6.411e-8, 9.774e-7, 1.255e-6, 2.775e-7, -5.709e-8, -5.603e-8, -5.816e-8
0.492, 8.118e-7, 1.077e-6, 2.649e-7, -6.083e-8, -6.701e-8, -5.464e-8, 8.843e-7, 1.139e-6, 2.551e-7, -6.668e-8, -6.877e-8, -6.459e-8, 8.104e-7, 1.041e-6, 2.303e-7, -6.761e-8, -6.648e-8, -6.875e-8, 9.974e-7, 1.279e-6, 2.812e-7, -5.582e-8, -5.375e-8, -5.788e-8
0.496, 8.208e-7, 1.094e-6, 2.728e-7, -5.972e-8, -6.675e-8, -5.270e-8, 8.966e-7, 1.160e-6, 2.633e-7, -6.453e-8, -6.759e-8, -6.147e-8, 8.251e-7, 1.060e-6, 2.349e-7, -6.802e-8, -6.711e-8, -6.893e-8, 1.016e-6, 1.301e-6, 2.849e-7, -5.780e-8, -5.656e-8, -5.903e-8
0.500, 8.435e-7, 1.116e-6, 2.721e-7, -5.983e-8, -6.424e-8, -5.542e-8, 9.133e-7, 1.182e-6, 2.687e-7, -6.770e-8, -6.962e-8, -6.577e-8, 8.326e-7, 1.076e-6, 2.433e-7, -7.056e-8, -7.373e-8, -6.738e-8, 1.031e-6, 1.325e-6, 2.933e-7, -5.971e-8, -5.820e-8, -6.122e-8
0.504, 8.549e-7, 1.137e-6, 2.816e-7, -6.239e-8, -6.828e-8, -5.650e-8, 9.239e-7, 1.201e-6, 2.769e-7, -6.453e-8, -6.736e-8, -6.170e-8, 8.504e-7, 1.100e-6, 2.492e-7, -7.027e-8, -7.042e-8, -7.011e-8, 1.052e-6, 1.353e-6, 3.007e-7, -6.061e-8, -5.828e-8, -6.293e-8
0.508, 8.693e-7, 1.158e-6, 2.882e-7, -6.435e-8, -6.743e-8, -6.127e-8, 9.499e-7, 1.229e-6, 2.793e-7, -6.946e-8, -6.897e-8, -6.995e-8, 8.670e-7, 1.121e-6, 2.542e-7, -7.144e-8, -7.270e-8, -7.019e-8, 1.066e-6, 1.377e-6, 3.111e-7, -5.824e-8, -5.910e-8, -5.738e-8
0.512, 8.780e-7, 1.174e-6, 2.965e-7, -6.482e-8, -6.992e-8, -5.973e-8, 9.651e-7, 1.250e-6, 2.851e-7, -6.798e-8, -6.953e-8, -6.643e-8, 8.831e-7, 1.142e-6, 2.593e-7, -7.060e-8, -7.024e-8, -7.096e-8, 1.090e-6, 1.407e-6, 3.170e-7, -6.180e-8, -6.077e-8, -6.283e-8
0.516, 8.907e-7, 1.195e-6, 3.044e-7, -6.511e-8, -7.066e-8, -5.956e-8, 9.796e-7, 1.273e-6, 2.936e-7, -6.856e-8, -6.912e-8, -6.800e-8, 9.046e-7, 1.172e-6, 2.672e-7, -7.278e-8, -7.125e-8, -7.430e-8, 1.108e-6, 1.435e-6, 3.270e-7, -6.309e-8, -6.220e-8, -6.399e-8
0.520, 9.176e-7, 1.224e-6, 3.066e-7, -6.513e-8, -7.037e-8, -5.989e-8, 9.954e-7, 1.299e-6, 3.040e-7, -7.192e-8, -7.152e-8, -7.232e-8, 9.124e-7, 1.189e-6, 2.768e-7, -7.465e-8, -7.629e-8, -7.300e-8, 1.132e-6, 1.465e-6, 3.327e-7, -6.461e-8, -6.379e-8, -6.543e-8
0.524, 9.276e-7, 1.245e-6, 3.178e-7, -6.668e-8, -7.211e-8, -6.126e-8, 1.010e-6, 1.323e-6, 3.132e-7, -6.981e-8, -7.232e-8, -6.730e-8, 9.316e-7, 1.217e-6, 2.850e-7, -7.504e-8, -7.194e-8, -7.815e-8, 1.151e-6, 1.493e-6, 3.427e-7, -6.877e-8, -6.633e-8, -7.121e-8
0.528, 9.485e-7, 1.274e-6, 3.258e-7, -6.469e-8, -6.908e-8, -6.031e-8, 1.028e-6, 1.352e-6, 3.242e-7, -7.036e-8, -7.246e-8, -6.825e-8, 9.408e-7, 1.238e-6, 2.972e-7, -7.588e-8, -7.794e-8, -7.381e-8, 1.170e-6, 1.524e-6, 3.539e-7, -6.590e-8, -6.259e-8, -6.921e-8
0.532, 9.582e-7, 1.295e-6, 3.364e-7, -6.699e-8, -7.131e-8, -6.266e-8, 1.042e-6, 1.376e-6, 3.333e-7, -7.143e-8, -7.190e-8, -7.095e-8, 9.623e-7, 1.265e-6, 3.027e-7, -7.842e-8, -7.814e-8, -7.869e-8, 1.188e-6, 1.555e-6, 3.665e-7, -6.882e-8, -6.682e-8, -7.082e-8
0.536, 9.694e-7, 1.320e-6, 3.502e-7, -6.929e-8, -7.500e-8, -6.357e-8, 1.057e-6, 1.400e-6, 3.432e-7, -7.411e-8, -7.600e-8, -7.222e-8, 9.754e-7, 1.288e-6, 3.126e-7, -8.014e-8, -8.093e-8, -7.936e-8, 1.203e-6, 1.586e-6, 3.825e-7, -6.911e-8, -6.784e-8, -7.038e-8
0.540, 9.810e-7, 1.342e-6, 3.612e-7, -6.893e-8, -7.743e-8, -6.043e-8, 1.066e-6, 1.423e-6, 3.565e-7, -7.596e-8, -7.719e-8, -7.474e-8, 9.890e-7, 1.312e-6, 3.227e-7, -8.187e-8, -7.992e-8, -8.382e-8, 1.222e-6, 1.613e-6, 3.911e-7, -7.050e-8, -7.035e-8, -7.065e-8
0.544, 9.975e-7, 1.365e-6, 3.679e-7, -7.194e-8, -7.615e-8, -6.773e-8, 1.084e-6, 1.453e-6, 3.685e-7, -7.439e-8, -7.673e-8, -7.205e-8, 9.932e-7, 1.335e-6, 3.417e-7, -8.155e-8, -8.299e-8, -8.011e-8, 1.235e-6, 1.642e-6, 4.072e-7, -7.222e-8, -6.919e-8, -7.525e-8
0.548, 1.010e-6, 1.390e-6, 3.796e-7, -7.336e-8, -7.868e-8, -6.804e-8, 1.089e-6, 1.473e-6, 3.836e-7, -7.754e-8, -8.130e-8, -7.378e-8, 1.007e-6, 1.358e-6, 3.509e-7, -8.116e-8, -8.016e-8, -8.216e-8, 1.251e-6, 1.671e-6, 4.194e-7, -7.458e-8, -6.999e-8, -7.917e-8
0.552, 1.018e-6, 1.410e-6, 3.916e-7, -7.487e-8, -8.042e-8, -6.932e-8, 1.104e-6, 1.498e-6, 3.938e-7, -7.741e-8, -8.011e-8, -7.472e-8, 1.016e-6, 1.383e-6, 3.668e-7, -8.139e-8, -8.093e-8, -8.186e-8, 1.257e-6, 1.695e-6, 4.380e-7, -7.734e-8, -7.429e-8, -8.038e-8
0.556, 1.018e-6, 1.431e-6, 4.127e-7, -7.386e-8, -8.197e-8, -6.575e-8, 1.114e-6, 1.521e-6, 4.067e-7, -8.190e-8, -8.174e-8, -8.205e-8, 1.033e-6, 1.406e-6, 3.727e-7, -8.602e-8, -8.485e-8, -8.719e-8, 1.263e-6, 1.719e-6, 4.556e-7, -7.538e-8, -7.440e-8, -7.636e-8
0.560, 1.033e-6, 1.454e-6, 4.216e-7, -7.660e-8, -8.237e-8, -7.083e-8, 1.124e-6, 1.543e-6, 4.195e-7, -8.128e-8, -8.068e-8, -8.188e-8, 1.035e-6, 1.425e-6, 3.901e-7, -8.718e-8, -8.652e-8, -8.784e-8, 1.266e-6, 1.742e-6, 4.755e-7, -7.751e-8, -7.671e-8, -7.830e-8
0.564, 1.033e-6, 1.472e-6, 4.389e-7, -7.666e-8, -8.212e-8, -7.120e-8, 1.121e-6, 1.564e-6, 4.428e-7, -8.141e-8, -8.273e-8, -8.010e-8, 1.038e-6, 1.445e-6, 4.071e-7, -8.812e-8, -8.908e-8, -8.715e-8, 1.281e-6, 1.768e-6, 4.871e-7, -7.903e-8, -7.819e-8, -7.987e-8
0.568, 1.043e-6, 1.492e-6, 4.490e-7, -7.845e-8, -8.410e-8, -7.281e-8, 1.124e-6, 1.581e-6, 4.575e-7, -8.282e-8, -8.568e-8, -7.995e-8, 1.040e-6, 1.463e-6, 4.236e-7, -9.023e-8, -8.937e-8, -9.109e-8, 1.278e-6, 1.785e-6, 5.065e-7, -8.178e-8, -8.015e-8, -8.342e-8
0.572, 1.043e-6, 1.507e-6, 4.646e-7, -8.146e-8, -8.721e-8, -7.571e-8, 1.129e-6, 1.598e-6, 4.689e-7, -8.593e-8, -8.832e-8, -8.354e-8, 1.043e-6, 1.482e-6, 4.386e-7, -9.232e-8, -9.358e-8, -9.106e-8, 1.273e-6, 1.804e-6, 5.319e-7, -8.276e-8, -8.168e-8, -8.384e-8
0.576, 1.040e-6, 1.522e-6, 4.811e-7, -8.155e-8, -8.838e-8, -7.473e-8, 1.127e-6, 1.615e-6, 4.888e-7, -8.561e-8, -8.812e-8, -8.310e-8, 1.042e-6, 1.495e-6, 4.532e-7, -9.187e-8, -9.181e-8, -9.193e-8, 1.272e-6, 1.820e-6, 5.482e-7, -8.679e-8, -8.406e-8, -8.952e-8
0.580, 1.044e-6, 1.539e-6, 4.953e-7, -8.382e-8, -8.861e-8, -7.902e-8, 1.128e-6, 1.631e-6, 5.032e-7, -8.797e-8, -8.761e-8, -8.833e-8, 1.037e-6, 1.510e-6, 4.723e-7, -9.569e-8, -9.653e-8, -9.485e-8, 1.269e-6, 1.835e-6, 5.659e-7, -8.877e-8, -8.813e-8, -8.941e-8
0.584, 1.039e-6, 1.554e-6, 5.149e-7, -8.539e-8, -9.145e-8, -7.933e-8, 1.118e-6, 1.641e-6, 5.226e-7, -9.215e-8, -9.564e-8, -8.865e-8, 1.030e-6, 1.516e-6, 4.859e-7, -9.848e-8, -1.001e-7, -9.681e-8, 1.261e-6, 1.851e-6, 5.893e-7, -8.734e-8, -8.349e-8, -9.120e-8
0.588, 1.032e-6, 1.561e-6, 5.294e-7, -8.978e-8, -9.638e-8, -8.318e-8, 1.112e-6, 1.652e-6, 5.403e-7, -9.373e-8, -9.490e-8, -9.255e-8, 1.030e-6, 1.533e-6, 5.034e-7, -9.582e-8, -9.636e-8, -9.527e-8, 1.251e-6, 1.857e-6, 6.067e-7, -9.223e-8, -8.966e-8, -9.479e-8
0.592, 1.026e-6, 1.574e-6, 5.486e-7, -8.827e-8, -9.394e-8, -8.260e-8, 1.108e-6, 1.665e-6, 5.571e-7, -9.249e-8, -9.546e-8, -8.952e-8, 1.024e-6, 1.544e-6, 5.202e-7, -1.009e-7, -1.024e-7, -9.940e-8, 1.238e-6, 1.865e-6, 6.271e-7, -9.414e-8, -9.192e-8, -9.637e-8
0.596, 1.017e-6, 1.583e-6, 5.661e-7, -9.056e-8, -9.556e-8, -8.556e-8, 1.098e-6, 1.675e-6, 5.771e-7, -9.549e-8, -9.781e-8, -9.318e-8, 1.019e-6, 1.553e-6, 5.341e-7, -1.032e-7, -1.044e-7, -1.020e-7, 1.231e-6, 1.874e-6, 6.426e-7, -9.607e-8, -9.418e-8, -9.796e-8
0.600, 1.008e-6, 1.591e-6, 5.835e-7, -8.961e-8, -9.410e-8, -8.513e-8, 1.095e-6, 1.684e-6, 5.890e-7, -9.801e-8, -9.888e-8, -9.714e-8, 1.007e-6, 1.559e-6, 5.520e-7, -1.065e-7, -1.089e-7, -1.041e-7, 1.211e-6, 1.879e-6, 6.683e-7, -9.771e-8, -9.815e-8, -9.727e-8
0.604, 1.003e-6, 1.599e-6, 5.968e-7, -9.409e-8, -1.008e-7, -8.741e-8, 1.076e-6, 1.686e-6, 6.094e-7, -9.865e-8, -9.967e-8, -9.763e-8, 1.001e-6, 1.566e-6, 5.654e-7, -1.063e-7, -1.056e-7, -1.070e-7, 1.198e-6, 1.885e-6, 6.867e-7, -9.907e-8, -9.643e-8, -1.017e-7
0.608, 9.903e-7, 1.604e-6, 6.133e-7, -9.264e-8, -9.675e-8, -8.853e-8, 1.072e-6, 1.697e-6, 6.256e-7, -9.987e-8, -9.871e-8, -1.010e-7, 9.844e-7, 1.567e-6, 5.826e-7, -1.111e-7, -1.131e-7, -1.090e-7, 1.176e-6, 1.882e-6, 7.064e-7, -1.023e-7, -1.022e-7, -1.023e-7
0.612, 9.803e-7, 1.610e-6, 6.301e-7, -9.466e-8, -9.904e-8, -9.029e-8, 1.055e-6, 1.697e-6, 6.425e-7, -1.050e-7, -1.060e-7, -1.040e-7, 9.719e-7, 1.567e-6, 5.950e-7, -1.139e-7, -1.122e-7, -1.157e-7, 1.167e-6, 1.890e-6, 7.233e-7, -1.045e-7, -1.054e-7, -1.036e-7
0.616, 9.692e-7, 1.613e-6, 6.435e-7, -1.011e-7, -1.088e-7, -9.340e-8, 1.041e-6, 1.699e-6, 6.577e-7, -1.051e-7, -1.066e-7, -1.037e-7, 9.649e-7, 1.578e-6, 6.132e-7, -1.111e-7, -1.117e-7, -1.106e-7, 1.150e-6, 1.891e-6, 7.413e-7, -1.058e-7, -1.037e-7, -1.079e-7
0.620, 9.560e-7, 1.613e-6, 6.572e-7, -1.024e-7, -1.074e-7, -9.743e-8, 1.031e-6, 1.703e-6, 6.721e-7, -1.064e-7, -1.070e-7, -1.058e-7, 9.502e-7, 1.579e-6, 6.291e-7, -1.132e-7, -1.125e-7, -1.138e-7, 1.131e-6, 1.891e-6, 7.596e-7, -1.097e-7, -1.089e-7, -1.106e-7
0.624, 9.387e-7, 1.613e-6, 6.739e-7, -1.039e-7, -1.096e-7, -9.817e-8, 1.015e-6, 1.701e-6, 6.861e-7, -1.087e-7, -1.104e-7, -1.070e-7, 9.379e-7, 1.581e-6, 6.435e-7, -1.138e-7, -1.149e-7, -1.127e-7, 1.113e-6, 1.891e-6, 7.781e-7, -1.131e-7, -1.126e-7, -1.136e-7
0.628, 9.316e-7, 1.619e-6, 6.871e-7, -1.056e-7, -1.120e-7, -9.925e-8, 9.998e-7, 1.704e-6, 7.044e-7, -1.110e-7, -1.128e-7, -1.092e-7, 9.235e-7, 1.580e-6, 6.564e-7, -1.176e-7, -1.183e-7, -1.170e-7, 1.096e-6, 1.890e-6, 7.943e-7, -1.138e-7, -1.119e-7, -1.157e-7
0.632, 9.177e-7, 1.616e-6, 6.986e-7, -1.084e-7, -1.119e-7, -1.048e-7, 9.888e-7, 1.704e-6, 7.155e-7, -1.138e-7, -1.146e-7, -1.131e-7, 9.117e-7, 1.581e-6, 6.690e-7, -1.180e-7, -1.202e-7, -1.159e-7, 1.072e-6, 1.884e-6, 8.114e-7, -1.184e-7, -1.172e-7, -1.197e-7
0.636, 9.039e-7, 1.621e-6, 7.170e-7, -1.087e-7, -1.153e-7, -1.021e-7, 9.728e-7, 1.705e-6, 7.318e-7, -1.147e-7, -1.151e-7, -1.143e-7, 8.972e-7, 1.579e-6, 6.819e-7, -1.219e-7, -1.205e-7, -1.233e-7, 1.063e-6, 1.884e-6, 8.218e-7, -1.187e-7, -1.162e-7, -1.212e-7
0.640, 8.933e-7, 1.618e-6, 7.249e-7, -1.120e-7, -1.148e-7, -1.093e-7, 9.578e-7, 1.705e-6, 7.469e-7, -1.147e-7, -1.160e-7, -1.135e-7, 8.821e-7, 1.579e-6, 6.965e-7, -1.235e-7, -1.266e-7, -1.205e-7, 1.039e-6, 1.876e-6, 8.370e-7, -1.225e-7, -1.183e-7, -1.266e-7
0.644, 8.747e-7, 1.615e-6, 7.404e-7, -1.133e-7, -1.190e-7, -1.076e-7, 9.495e-7, 1.705e-6, 7.559e-7, -1.160e-7, -1.152e-7, -1.168e-7, 8.769e-7, 1.580e-6, 7.028e-7, -1.265e-7, -1.266e-7, -1.264e-7, 1.025e-6, 1.876e-6, 8.504e-7, -1.257e-7, -1.255e-7, -1.259e-7
0.648, 8.661e-7, 1.618e-6, 7.515e-7, -1.135e-7, -1.198e-7, -1.071e-7, 9.323e-7, 1.699e-6, 7.670e-7, -1.217e-7, -1.199e-7, -1.235e-7, 8.637e-7, 1.577e-6, 7.128e-7, -1.295e-7, -1.304e-7, -1.287e-7, 1.006e-6, 1.870e-6, 8.639e-7, -1.251e-7, -1.268e-7, -1.233e-7
0.652, 8.559e-7, 1.617e-6, 7.614e-7, -1.160e-7, -1.197e-7, -1.124e-7, 9.237e-7, 1.701e-6, 7.773e-7, -1.242e-7, -1.235e-7, -1.250e-7, 8.512e-7, 1.576e-6, 7.249e-7, -1.298e-7, -1.305e-7, -1.292e-7, 9.903e-7, 1.870e-6, 8.792e-7, -1.270e-7, -1.276e-7, -1.263e-7
0.656, 8.481e-7, 1.618e-6, 7.695e-7, -1.178e-7, -1.213e-7, -1.143e-7, 9.092e-7, 1.700e-6, 7.907e-7, -1.214e-7, -1.233e-7, -1.194e-7, 8.356e-7, 1.573e-6, 7.377e-7, -1.323e-7, -1.325e-7, -1.321e-7, 9.799e-7, 1.866e-6, 8.862e-7, -1.323e-7, -1.299e-7, -1.348e-7
0.660, 8.294e-7, 1.613e-6, 7.832e-7, -1.193e-7, -1.260e-7, -1.126e-7, 8.957e-7, 1.695e-6, 7.990e-7, -1.260e-7, -1.270e-7, -1.250e-7, 8.319e-7, 1.573e-6, 7.410e-7, -1.349e-7, -1.329e-7, -1.370e-7, 9.588e-7, 1.858e-6, 8.990e-7, -1.338e-7, -1.368e-7, -1.308e-7
0.664, 8.258e-7, 1.613e-6, 7.875e-7, -1.211e-7, -1.263e-7, -1.158e-7, 8.790e-7, 1.692e-6, 8.128e-7, -1.268e-7, -1.301e-7, -1.235e-7, 8.125e-7, 1.569e-6, 7.568e-7, -1.374e-7, -1.384e-7, -1.364e-7, 9.526e-7, 1.857e-6, 9.041e-7, -1.369e-7, -1.345e-7, -1.393e-7
0.668, 8.129e-7, 1.613e-6, 8.003e-7, -1.241e-7, -1.314e-7, -1.168e-7, 8.690e-7, 1.689e-6, 8.204e-7, -1.309e-7, -1.321e-7, -1.297e-7, 8.084e-7, 1.570e-6, 7.611e-7, -1.360e-7, -1.356e-7, -1.363e-7, 9.416e-7, 1.857e-6, 9.159e-7, -1.356e-7, -1.363e-7, -1.349e-7
0.672, 8.046e-7, 1.613e-6, 8.085e-7, -1.251e-7, -1.303e-7, -1.198e-7, 8.609e-7, 1.689e-6, 8.285e-7, -1.319e-7, -1.345e-7, -1.294e-7, 7.934e-7, 1.564e-6, 7.710e-7, -1.386e-7, -1.399e-7, -1.373e-7, 9.261e-7, 1.852e-6, 9.261e-7, -1.394e-7, -1.374e-7, -1.414e-7
0.676, 7.945e-7, 1.608e-6, 8.134e-7, -1.294e-7, -1.357e-7, -1.231e-7, 8.518e-7, 1.689e-6, 8.376e-7, -1.311e-7, -1.313e-7, -1.308e-7, 7.918e-7, 1.569e-6, 7.776e-7, -1.387e-7, -1.394e-7, -1.381e-7, 9.182e-7, 1.849e-6, 9.309e-7, -1.445e-7, -1.427e-7, -1.462e-7
0.680, 7.853e-7, 1.609e-6, 8.236e-7, -1.283e-7, -1.349e-7, -1.216e-7, 8.478e-7, 1.691e-6, 8.436e-7, -1.331e-7, -1.333e-7, -1.330e-7, 7.816e-7, 1.564e-6, 7.828e-7, -1.428e-7, -1.428e-7, -1.428e-7, 9.074e-7, 1.845e-6, 9.372e-7, -1.452e-7, -1.455e-7, -1.449e-7
0.684, 7.799e-7, 1.611e-6, 8.314e-7, -1.277e-7, -1.328e-7, -1.227e-7, 8.357e-7, 1.686e-6, 8.507e-7, -1.378e-7, -1.391e-7, -1.365e-7, 7.758e-7, 1.564e-6, 7.880e-7, -1.444e-7, -1.447e-7, -1.442e-7, 8.974e-7, 1.844e-6, 9.464e-7, -1.444e-7, -1.426e-7, -1.463e-7
0.688, 7.753e-7, 1.609e-6, 8.335e-7, -1.330e-7, -1.375e-7, -1.286e-7, 8.323e-7, 1.685e-6, 8.528e-7, -1.368e-7, -1.386e-7, -1.351e-7, 7.650e-7, 1.564e-6, 7.988e-7, -1.433e-7, -1.441e-7, -1.426e-7, 8.891e-7, 1.843e-6, 9.538e-7, -1.473e-7, -1.453e-7, -1.493e-7
0.692, 7.672e-7, 1.609e-6, 8.415e-7, -1.344e-7, -1.379e-7, -1.309e-7, 8.241e-7, 1.689e-6, 8.645e-7, -1.403e-7, -1.419e-7, -1.387e-7, 7.625e-7, 1.562e-6, 7.991e-7, -1.469e-7, -1.474e-7, -1.464e-7, 8.765e-7, 1.837e-6, 9.601e-7, -1.483e-7, -1.479e-7, -1.488e-7
0.696, 7.671e-7, 1.612e-6, 8.451e-7, -1.348e-7, -1.394e-7, -1.302e-7, 8.152e-7, 1.685e-6, 8.701e-7, -1.412e-7, -1.458e-7, -1.366e-7, 7.537e-7, 1.560e-6, 8.060e-7, -1.495e-7, -1.498e-7, -1.493e-7, 8.761e-7, 1.839e-6, 9.632e-7, -1.500e-7, -1.453e-7, -1.546e-7
0.700, 7.563e-7, 1.608e-6, 8.515e-7, -1.358e-7, -1.392e-7, -1.324e-7, 8.131e-7, 1.687e-6, 8.739e-7, -1.427e-7, -1.441e-7, -1.413e-7, 7.490e-7, 1.563e-6, 8.136e-7, -1.491e-7, -1.501e-7, -1.482e-7, 8.623e-7, 1.838e-6, 9.760e-7, -1.501e-7, -1.499e-7, -1.504e-7
0.704, 7.525e-7, 1.609e-6, 8.570e-7, -1.374e-7, -1.431e-7, -1.317e-7, 8.046e-7, 1.688e-6, 8.829e-7, -1.442e-7, -1.462e-7, -1.422e-7, 7.476e-7, 1.563e-6, 8.152e-7, -1.526e-7, -1.536e-7, -1.515e-7, 8.586e-7, 1.834e-6, 9.758e-7, -1.539e-7, -1.535e-7, -1.543e-7
0.708, 7.498e-7, 1.614e-6, 8.639e-7, -1.391e-7, -1.443e-7, -1.338e-7, 8.026e-7, 1.688e-6, 8.852e-7, -1.444e-7, -1.462e-7, -1.425e-7, 7.430e-7, 1.564e-6, 8.206e-7, -1.531e-7, -1.541e-7, -1.521e-7, 8.544e-7, 1.836e-6, 9.818e-7, -1.556e-7, -1.553e-7, -1.560e-7
0.712, 7.443e-7, 1.613e-6, 8.687e-7, -1.412e-7, -1.472e-7, -1.352e-7, 7.942e-7, 1.686e-6, 8.921e-7, -1.447e-7, -1.457e-7, -1.436e-7, 7.456e-7, 1.567e-6, 8.214e-7, -1.558e-7, -1.537e-7, -1.579e-7, 8.552e-7, 1.837e-6, 9.822e-7, -1.593e-7, -1.576e-7, -1.609e-7
0.716, 7.421e-7, 1.615e-6, 8.726e-7, -1.420e-7, -1.485e-7, -1.355e-7, 7.894e-7, 1.687e-6, 8.980e-7, -1.485e-7, -1.492e-7, -1.478e-7, 7.407e-7, 1.569e-6, 8.282e-7, -1.560e-7, -1.546e-7, -1.574e-7, 8.538e-7, 1.840e-6, 9.864e-7, -1.604e-7, -1.594e-7, -1.615e-7
0.720, 7.465e-7, 1.620e-6, 8.737e-7, -1.434e-7, -1.471e-7, -1.396e-7, 7.920e-7, 1.693e-6, 9.009e-7, -1.498e-7, -1.508e-7, -1.488e-7, 7.338e-7, 1.566e-6, 8.327e-7, -1.579e-7, -1.616e-7, -1.541e-7, 8.474e-7, 1.841e-6, 9.935e-7, -1.618e-7, -1.593e-7, -1.642e-7
0.724, 7.428e-7, 1.620e-6, 8.774e-7, -1.459e-7, -1.518e-7, -1.400e-7, 7.888e-7, 1.696e-6, 9.073e-7, -1.495e-7, -1.506e-7, -1.484e-7, 7.402e-7, 1.575e-6, 8.351e-7, -1.591e-7, -1.590e-7, -1.593e-7, 8.462e-7, 1.843e-6, 9.971e-7, -1.652e-7, -1.645e-7, -1.659e-7
0.728, 7.397e-7, 1.625e-6, 8.857e-7, -1.463e-7, -1.525e-7, -1.402e-7, 7.856e-7, 1.696e-6, 9.105e-7, -1.528e-7, -1.544e-7, -1.511e-7, 7.408e-7, 1.579e-6, 8.378e-7, -1.605e-7, -1.591e-7, -1.619e-7, 8.469e-7, 1.847e-6, 1.000e-6, -1.629e-7, -1.641e-7, -1.617e-7
0.732, 7.467e-7, 1.630e-6, 8.837e-7, -1.481e-7, -1.522e-7, -1.441e-7, 7.911e-7, 1.703e-6, 9.123e-7, -1.540e-7, -1.566e-7, -1.514e-7, 7.360e-7, 1.580e-6, 8.437e-7, -1.628e-7, -1.657e-7, -1.599e-7, 8.464e-7, 1.852e-6, 1.006e-6, -1.674e-7, -1.664e-7, -1.684e-7
0.736, 7.443e-7, 1.636e-6, 8.916e-7, -1.505e-7, -1.579e-7, -1.431e-7, 7.892e-7, 1.706e-6, 9.173e-7, -1.571e-7, -1.597e-7, -1.546e-7, 7.399e-7, 1.586e-6, 8.460e-7, -1.624e-7, -1.609e-7, -1.640e-7, 8.491e-7, 1.858e-6, 1.008e-6, -1.673e-7, -1.642e-7, -1.703e-7
0.740, 7.480e-7, 1.642e-6, 8.935e-7, -1.521e-7, -1.575e-7, -1.466e-7, 7.928e-7, 1.712e-6, 9.197e-7, -1.552e-7, -1.566e-7, -1.539e-7, 7.431e-7, 1.592e-6, 8.491e-7, -1.639e-7, -1.649e-7, -1.628e-7, 8.501e-7, 1.862e-6, 1.011e-6, -1.689e-7, -1.689e-7, -1.690e-7
0.744, 7.567e-7, 1.651e-6, 8.943e-7, -1.512e-7, -1.532e-7, -1.492e-7, 8.026e-7, 1.723e-6, 9.203e-7, -1.575e-7, -1.587e-7, -1.563e-7, 7.446e-7, 1.599e-6, 8.547e-7, -1.646e-7, -1.692e-7, -1.601e-7, 8.535e-7, 1.869e-6, 1.016e-6, -1.710e-7, -1.694e-7, -1.726e-7
0.748, 7.544e-7, 1.656e-6, 9.019e-7, -1.532e-7, -1.596e-7, -1.468e-7, 7.985e-7, 1.727e-6, 9.289e-7, -1.578e-7, -1.607e-7, -1.549e-7, 7.500e-7, 1.607e-6, 8.566e-7, -1.659e-7, -1.665e-7, -1.654e-7, 8.643e-7, 1.881e-6, 1.017e-6, -1.743e-7, -1.717e-7, -1.769e-7
0.752, 7.594e-7, 1.666e-6, 9.064e-7, -1.560e-7, -1.597e-7, -1.523e-7, 8.107e-7, 1.741e-6, 9.307e-7, -1.584e-7, -1.590e-7, -1.577e-7, 7.556e-7, 1.615e-6, 8.592e-7, -1.677e-7, -1.701e-7, -1.653e-7, 8.648e-7, 1.888e-6, 1.023e-6, -1.740e-7, -1.741e-7, -1.739e-7
0.756, 7.633e-7, 1.672e-6, 9.090e-7, -1.572e-7, -1.632e-7, -1.513e-7, 8.131e-7, 1.750e-6, 9.366e-7, -1.609e-7, -1.627e-7, -1.590e-7, 7.692e-7, 1.629e-6, 8.602e-7, -1.701e-7, -1.690e-7, -1.712e-7, 8.777e-7, 1.900e-6, 1.022e-6, -1.770e-7, -1.742e-7, -1.798e-7
0.760, 7.685e-7, 1.686e-6, 9.173e-7, -1.559e-7, -1.638e-7, -1.481e-7, 8.254e-7, 1.763e-6, 9.371e-7, -1.632e-7, -1.628e-7, -1.637e-7, 7.755e-7, 1.638e-6, 8.629e-7, -1.724e-7, -1.735e-7, -1.713e-7, 8.802e-7, 1.910e-6, 1.029e-6, -1.762e-7, -1.774e-7, -1.751e-7
0.764, 7.840e-7, 1.699e-6, 9.152e-7, -1.613e-7, -1.662e-7, -1.564e-7, 8.305e-7, 1.774e-6, 9.435e-7, -1.641e-7, -1.667e-7, -1.615e-7, 7.816e-7, 1.653e-6, 8.717e-7, -1.700e-7, -1.715e-7, -1.686e-7, 8.928e-7, 1.926e-6, 1.033e-6, -1.770e-7, -1.764e-7, -1.776e-7
0.768, 7.892e-7, 1.711e-6, 9.214e-7, -1.603e-7, -1.671e-7, -1.535e-7, 8.419e-7, 1.788e-6, 9.458e-7, -1.658e-7, -1.667e-7, -1.648e-7, 7.994e-7, 1.669e-6, 8.698e-7, -1.735e-7, -1.738e-7, -1.732e-7, 9.083e-7, 1.941e-6, 1.033e-6, -1.819e-7, -1.812e-7, -1.826e-7
0.772, 8.020e-7, 1.727e-6, 9.253e-7, -1.639e-7, -1.705e-7, -1.574e-7, 8.599e-7, 1.808e-6, 9.479e-7, -1.663e-7, -1.659e-7, -1.666e-7, 8.054e-7, 1.683e-6, 8.780e-7, -1.732e-7, -1.747e-7, -1.716e-7, 9.163e-7, 1.959e-6, 1.042e-6, -1.811e-7, -1.806e-7, -1.816e-7
0.776, 8.133e-7, 1.743e-6, 9.299e-7, -1.655e-7, -1.708e-7, -1.603e-7, 8.678e-7, 1.820e-6, 9.522e-7, -1.689e-7, -1.702e-7, -1.677e-7, 8.218e-7, 1.703e-6, 8.810e-7, -1.744e-7, -1.753e-7, -1.736e-7, 9.348e-7, 1.981e-6, 1.046e-6, -1.821e-7, -1.835e-7, -1.807e-7
0.780, 8.290e-7, 1.765e-6, 9.361e-7, -1.662e-7, -1.733e-7, -1.590e-7, 8.773e-7, 1.839e-6, 9.619e-7, -1.703e-7, -1.739e-7, -1.667e-7, 8.362e-7, 1.720e-6, 8.834e-7, -1.774e-7, -1.779e-7, -1.768e-7, 9.522e-7, 2.001e-6, 1.048e-6, -1.843e-7, -1.827e-7, -1.859e-7
0.784, 8.452e-7, 1.783e-6, 9.377e-7, -1.689e-7, -1.745e-7, -1.634e-7, 8.981e-7, 1.863e-6, 9.653e-7, -1.710e-7, -1.737e-7, -1.683e-7, 8.447e-7, 1.738e-6, 8.938e-7, -1.785e-7, -1.816e-7, -1.754e-7, 9.687e-7, 2.024e-6, 1.055e-6, -1.877e-7, -1.859e-7, -1.895e-7
0.788, 8.647e-7, 1.807e-6, 9.420e-7, -1.704e-7, -1.750e-7, -1.657e-7, 9.210e-7, 1.886e-6, 9.655e-7, -1.750e-7, -1.756e-7, -1.744e-7, 8.654e-7, 1.762e-6, 8.967e-7, -1.801e-7, -1.840e-7, -1.761e-7, 9.857e-7, 2.049e-6, 1.063e-6, -1.873e-7, -1.862e-7, -1.884e-7
0.792, 8.799e-7, 1.830e-6, 9.500e-7, -1.720e-7, -1.773e-7, -1.668e-7, 9.368e-7, 1.912e-6, 9.755e-7, -1.749e-7, -1.775e-7, -1.723e-7, 8.858e-7, 1.787e-6, 9.016e-7, -1.815e-7, -1.812e-7, -1.818e-7, 1.012e-6, 2.078e-6, 1.065e-6, -1.893e-7, -1.878e-7, -1.909e-7
0.796, 9.011e-7, 1.858e-6, 9.573e-7, -1.713e-7, -1.751e-7, -1.674e-7, 9.633e-7, 1.941e-6, 9.776e-7, -1.774e-7, -1.775e-7, -1.772e-7, 9.068e-7, 1.813e-6, 9.061e-7, -1.818e-7, -1.836e-7, -1.801e-7, 1.033e-6, 2.109e-6, 1.077e-6, -1.905e-7, -1.901e-7, -1.909e-7
0.800, 9.219e-7, 1.885e-6, 9.629e-7, -1.729e-7, -1.811e-7, -1.648e-7, 9.805e-7, 1.971e-6, 9.904e-7, -1.772e-7, -1.792e-7, -1.752e-7, 9.231e-7, 1.840e-6, 9.168e-7, -1.844e-7, -1.850e-7, -1.838e-7, 1.061e-6, 2.142e-6, 1.081e-6, -1.951e-7, -1.931e-7, -1.971e-7
0.804, 9.458e-7, 1.914e-6, 9.680e-7, -1.752e-7, -1.808e-7, -1.697e-7, 1.007e-6, 2.004e-6, 9.974e-7, -1.782e-7, -1.790e-7, -1.774e-7, 9.486e-7, 1.873e-6, 9.248e-7, -1.854e-7, -1.863e-7, -1.845e-7, 1.089e-6, 2.177e-6, 1.088e-6, -1.986e-7, -1.974e-7, -1.999e-7
0.808, 9.703e-7, 1.949e-6, 9.782e-7, -1.774e-7, -1.821e-7, -1.726e-7, 1.034e-6, 2.039e-6, 1.004e-6, -1.810e-7, -1.826e-7, -1.794e-7, 9.740e-7, 1.905e-6, 9.313e-7, -1.881e-7, -1.906e-7, -1.856e-7, 1.110e-6, 2.211e-6, 1.101e-6, -1.990e-7, -1.979e-7, -2.000e-7
0.812, 9.934e-7, 1.981e-6, 9.875e-7, -1.788e-7, -1.841e-7, -1.736e-7, 1.060e-6, 2.074e-6, 1.014e-6, -1.847e-7, -1.854e-7, -1.839e-7, 9.989e-7, 1.939e-6, 9.396e-7, -1.904e-7, -1.950e-7, -1.858e-7, 1.141e-6, 2.254e-6, 1.113e-6, -2.009e-7, -2.001e-7, -2.017e-7
0.816, 1.026e-6, 2.021e-6, 9.953e-7, -1.826e-7, -1.868e-7, -1.784e-7, 1.092e-6, 2.115e-6, 1.024e-6, -1.865e-7, -1.870e-7, -1.860e-7, 1.028e-6, 1.979e-6, 9.507e-7, -1.910e-7, -1.936e-7, -1.884e-7, 1.176e-6, 2.298e-6, 1.122e-6, -2.033e-7, -2.047e-7, -2.020e-7
0.820, 1.044e-6, 2.055e-6, 1.011e-6, -1.852e-7, -1.916e-7, -1.789e-7, 1.125e-6, 2.160e-6, 1.035e-6, -1.882e-7, -1.880e-7, -1.884e-7, 1.069e-6, 2.025e-6, 9.556e-7, -1.940e-7, -1.946e-7, -1.935e-7, 1.214e-6, 2.345e-6, 1.131e-6, -2.066e-7, -2.073e-7, -2.060e-7
0.824, 1.084e-6, 2.103e-6, 1.018e-6, -1.858e-7, -1.934e-7, -1.782e-7, 1.154e-6, 2.201e-6, 1.047e-6, -1.939e-7, -1.955e-7, -1.923e-7, 1.101e-6, 2.066e-6, 9.654e-7, -1.984e-7, -1.959e-7, -2.009e-7, 1.254e-6, 2.396e-6, 1.142e-6, -2.071e-7, -2.051e-7, -2.092e-7
0.828, 1.114e-6, 2.145e-6, 1.031e-6, -1.901e-7, -1.976e-7, -1.826e-7, 1.187e-6, 2.248e-6, 1.061e-6, -1.942e-7, -1.955e-7, -1.930e-7, 1.132e-6, 2.113e-6, 9.813e-7, -1.972e-7, -1.963e-7, -1.981e-7, 1.290e-6, 2.450e-6, 1.160e-6, -2.117e-7, -2.128e-7, -2.106e-7
0.832, 1.151e-6, 2.192e-6, 1.041e-6, -1.928e-7, -2.000e-7, -1.856e-7, 1.228e-6, 2.304e-6, 1.075e-6, -1.963e-7, -1.969e-7, -1.956e-7, 1.166e-6, 2.159e-6, 9.928e-7, -2.022e-7, -2.021e-7, -2.024e-7, 1.333e-6, 2.504e-6, 1.171e-6, -2.164e-7, -2.154e-7, -2.173e-7
0.836, 1.189e-6, 2.245e-6, 1.057e-6, -1.937e-7, -2.003e-7, -1.870e-7, 1.266e-6, 2.357e-6, 1.091e-6, -1.995e-7, -2.020e-7, -1.970e-7, 1.200e-6, 2.209e-6, 1.010e-6, -2.039e-7, -2.037e-7, -2.041e-7, 1.376e-6, 2.565e-6, 1.189e-6, -2.184e-7, -2.162e-7, -2.206e-7
0.840, 1.228e-6, 2.299e-6, 1.071e-6, -1.990e-7, -2.050e-7, -1.930e-7, 1.308e-6, 2.413e-6, 1.105e-6, -2.029e-7, -2.055e-7, -2.003e-7, 1.242e-6, 2.263e-6, 1.021e-6, -2.075e-7, -2.068e-7, -2.082e-7, 1.419e-6, 2.627e-6, 1.208e-6, -2.209e-7, -2.178e-7, -2.240e-7
0.844, 1.267e-6, 2.354e-6, 1.087e-6, -2.008e-7, -2.048e-7, -1.969e-7, 1.352e-6, 2.474e-6, 1.122e-6, -2.059e-7, -2.064e-7, -2.055e-7, 1.284e-6, 2.325e-6, 1.041e-6, -2.095e-7, -2.109e-7, -2.080e-7, 1.463e-6, 2.691e-6, 1.228e-6, -2.262e-7, -2.268e-7, -2.256e-7
0.848, 1.313e-6, 2.417e-6, 1.104e-6, -2.013e-7, -2.072e-7, -1.955e-7, 1.394e-6, 2.537e-6, 1.143e-6, -2.074e-7, -2.105e-7, -2.043e-7, 1.324e-6, 2.383e-6, 1.058e-6, -2.160e-7, -2.174e-7, -2.145e-7, 1.514e-6, 2.759e-6, 1.245e-6, -2.312e-7, -2.290e-7, -2.335e-7
0.852, 1.347e-6, 2.474e-6, 1.127e-6, -2.070e-7, -2.124e-7, -2.016e-7, 1.444e-6, 2.605e-6, 1.161e-6, -2.131e-7, -2.138e-7, -2.124e-7, 1.372e-6, 2.450e-6, 1.078e-6, -2.159e-7, -2.169e-7, -2.148e-7, 1.562e-6, 2.833e-6, 1.272e-6, -2.322e-7, -2.321e-7, -2.323e-7
0.856, 1.394e-6, 2.539e-6, 1.144e-6, -2.131e-7, -2.191e-7, -2.071e-7, 1.486e-6, 2.669e-6, 1.183e-6, -2.172e-7, -2.192e-7, -2.153e-7, 1.413e-6, 2.513e-6, 1.101e-6, -2.178e-7, -2.193e-7, -2.162e-7, 1.623e-6, 2.915e-6, 1.293e-6, -2.370e-7, -2.353e-7, -2.387e-7
0.860, 1.444e-6, 2.611e-6, 1.167e-6, -2.146e-7, -2.189e-7, -2.102e-7, 1.541e-6, 2.748e-6, 1.208e-6, -2.190e-7, -2.207e-7, -2.174e-7, 1.461e-6, 2.581e-6, 1.120e-6, -2.251e-7, -2.285e-7, -2.217e-7, 1.669e-6, 2.987e-6, 1.318e-6, -2.426e-7, -2.425e-7, -2.428e-7
0.864, 1.482e-6, 2.675e-6, 1.193e-6, -2.192e-7, -2.270e-7, -2.114e-7, 1.583e-6, 2.818e-6, 1.234e-6, -2.237e-7, -2.266e-7, -2.207e-7, 1.517e-6, 2.658e-6, 1.141e-6, -2.282e-7, -2.275e-7, -2.289e-7, 1.732e-6, 3.075e-6, 1.344e-6, -2.475e-7, -2.452e-7, -2.498e-7
0.868, 1.535e-6, 2.750e-6, 1.216e-6, -2.223e-7, -2.284e-7, -2.163e-7, 1.642e-6, 2.902e-6, 1.261e-6, -2.280e-7, -2.286e-7, -2.274e-7, 1.566e-6, 2.733e-6, 1.167e-6, -2.326e-7, -2.318e-7, -2.333e-7, 1.788e-6, 3.159e-6, 1.372e-6, -2.545e-7, -2.537e-7, -2.554e-7
0.872, 1.591e-6, 2.831e-6, 1.240e-6, -2.274e-7, -2.318e-7, -2.229e-7, 1.698e-6, 2.982e-6, 1.284e-6, -2.318e-7, -2.322e-7, -2.315e-7, 1.614e-6, 2.811e-6, 1.197e-6, -2.383e-7, -2.418e-7, -2.348e-7, 1.845e-6, 3.248e-6, 1.403e-6, -2.574e-7, -2.564e-7, -2.585e-7
0.876, 1.646e-6, 2.914e-6, 1.268e-6, -2.301e-7, -2.365e-7, -2.236e-7, 1.752e-6, 3.070e-6, 1.318e-6, -2.358e-7, -2.389e-7, -2.326e-7, 1.669e-6, 2.894e-6, 1.225e-6, -2.397e-7, -2.405e-7, -2.389e-7, 1.915e-6, 3.346e-6, 1.431e-6, -2.636e-7, -2.614e-7, -2.657e-7
0.880, 1.701e-6, 2.997e-6, 1.297e-6, -2.359e-7, -2.393e-7, -2.326e-7, 1.819e-6, 3.162e-6, 1.343e-6, -2.455e-7, -2.465e-7, -2.445e-7, 1.728e-6, 2.978e-6, 1.249e-6, -2.463e-7, -2.469e-7, -2.456e-7, 1.973e-6, 3.444e-6, 1.471e-6, -2.671e-7, -2.676e-7, -2.667e-7
0.884, 1.761e-6, 3.088e-6, 1.327e-6, -2.404e-7, -2.463e-7, -2.345e-7, 1.873e-6, 3.253e-6, 1.380e-6, -2.486e-7, -2.512e-7, -2.460e-7, 1.785e-6, 3.065e-6, 1.280e-6, -2.518e-7, -2.526e-7, -2.509e-7, 2.046e-6, 3.547e-6, 1.501e-6, -2.757e-7, -2.712e-7, -2.801e-7
0.888, 1.814e-6, 3.174e-6, 1.360e-6, -2.465e-7, -2.531e-7, -2.400e-7, 1.937e-6, 3.351e-6, 1.414e-6, -2.549e-7, -2.577e-7, -2.521e-7, 1.851e-6, 3.164e-6, 1.314e-6, -2.563e-7, -2.556e-7, -2.571e-7, 2.115e-6, 3.655e-6, 1.540e-6, -2.815e-7, -2.799e-7, -2.830e-7
0.892, 1.880e-6, 3.273e-6, 1.393e-6, -2.511e-7, -2.577e-7, -2.446e-7, 2.001e-6, 3.450e-6, 1.449e-6, -2.606e-7, -2.647e-7, -2.565e-7, 1.911e-6, 3.260e-6, 1.349e-6, -2.605e-7, -2.617e-7, -2.593e-7, 2.184e-6, 3.767e-6, 1.583e-6, -2.860e-7, -2.820e-7, -2.899e-7
0.896, 1.942e-6, 3.369e-6, 1.427e-6, -2.587e-7, -2.651e-7, -2.523e-7, 2.074e-6, 3.559e-6, 1.485e-6, -2.668e-7, -2.667e-7, -2.668e-7, 1.975e-6, 3.363e-6, 1.387e-6, -2.663e-7, -2.660e-7, -2.666e-7, 2.255e-6, 3.881e-6, 1.626e-6, -2.944e-7, -2.954e-7, -2.935e-7
0.900, 2.004e-6, 3.473e-6, 1.468e-6, -2.635e-7, -2.692e-7, -2.578e-7, 2.143e-6, 3.669e-6, 1.527e-6, -2.714e-7, -2.722e-7, -2.705e-7, 2.051e-6, 3.474e-6, 1.423e-6, -2.734e-7, -2.741e-7, -2.727e-7, 2.341e-6, 4.006e-6, 1.665e-6, -3.021e-7, -3.016e-7, -3.026e-7
