0.896, -1.457e-5, 9.847e-6, 2.442e-5, -2.068e-5, 1.435e-5, 3.503e-5, -1.339e-5, 9.167e-6, 2.256e-5, -1.856e-5, 1.307e-5, 3.162e-5, -1.325e-5, 9.061e-6, 2.231e-5, -1.839e-5, 1.313e-5, 3.152e-5, -1.356e-5, 9.151e-6, 2.271e-5, -2.051e-5, 1.427e-5, 3.477e-5
0.892, -1.288e-5, 7.571e-6, 2.046e-5, -1.802e-5, 1.063e-5, 2.865e-5, -1.181e-5, 7.096e-6, 1.891e-5, -1.611e-5, 9.733e-6, 2.584e-5, -1.170e-5, 6.971e-6, 1.867e-5, -1.599e-5, 9.711e-6, 2.570e-5, -1.193e-5, 7.002e-6, 1.893e-5, -1.777e-5, 1.041e-5, 2.817e-5
0.888, -1.149e-5, 6.064e-6, 1.755e-5, -1.592e-5, 8.329e-6, 2.425e-5, -1.051e-5, 5.725e-6, 1.623e-5, -1.419e-5, 7.677e-6, 2.187e-5, -1.042e-5, 5.595e-6, 1.602e-5, -1.411e-5, 7.610e-6, 2.172e-5, -1.060e-5, 5.583e-6, 1.618e-5, -1.564e-5, 8.070e-6, 2.371e-5
0.884, -1.036e-5, 4.922e-6, 1.528e-5, -1.428e-5, 6.682e-6, 2.096e-5, -9.456e-6, 4.687e-6, 1.414e-5, -1.270e-5, 6.205e-6, 1.891e-5, -9.392e-6, 4.551e-6, 1.394e-5, -1.265e-5, 6.107e-6, 1.876e-5, -9.538e-6, 4.506e-6, 1.404e-5, -1.399e-5, 6.413e-6, 2.040e-5
0.880, -9.436e-6, 4.004e-6, 1.344e-5, -1.296e-5, 5.404e-6, 1.836e-5, -8.598e-6, 3.853e-6, 1.245e-5, -1.151e-5, 5.065e-6, 1.657e-5, -8.553e-6, 3.712e-6, 1.227e-5, -1.147e-5, 4.947e-6, 1.642e-5, -8.678e-6, 3.644e-6, 1.232e-5, -1.268e-5, 5.142e-6, 1.782e-5
0.876, -8.669e-6, 3.245e-6, 1.191e-5, -1.188e-5, 4.369e-6, 1.625e-5, -7.885e-6, 3.162e-6, 1.105e-5, -1.053e-5, 4.142e-6, 1.467e-5, -7.855e-6, 3.019e-6, 1.087e-5, -1.051e-5, 4.008e-6, 1.452e-5, -7.968e-6, 2.934e-6, 1.090e-5, -1.161e-5, 4.122e-6, 1.574e-5
0.872, -8.022e-6, 2.600e-6, 1.062e-5, -1.097e-5, 3.503e-6, 1.447e-5, -7.280e-6, 2.576e-6, 9.857e-6, -9.711e-6, 3.370e-6, 1.308e-5, -7.264e-6, 2.432e-6, 9.696e-6, -9.708e-6, 3.228e-6, 1.294e-5, -7.367e-6, 2.337e-6, 9.704e-6, -1.072e-5, 3.277e-6, 1.400e-5
0.868, -7.468e-6, 2.045e-6, 9.514e-6, -1.020e-5, 2.763e-6, 1.296e-5, -6.764e-6, 2.072e-6, 8.837e-6, -9.017e-6, 2.711e-6, 1.173e-5, -6.759e-6, 1.928e-6, 8.687e-6, -9.024e-6, 2.563e-6, 1.159e-5, -6.854e-6, 1.828e-6, 8.681e-6, -9.970e-6, 2.559e-6, 1.253e-5
0.864, -6.988e-6, 1.563e-6, 8.551e-6, -9.530e-6, 2.121e-6, 1.165e-5, -6.317e-6, 1.634e-6, 7.952e-6, -8.417e-6, 2.139e-6, 1.056e-5, -6.322e-6, 1.490e-6, 7.812e-6, -8.434e-6, 1.988e-6, 1.042e-5, -6.412e-6, 1.385e-6, 7.797e-6, -9.319e-6, 1.940e-6, 1.126e-5
0.860, -6.569e-6, 1.138e-6, 7.708e-6, -8.946e-6, 1.560e-6, 1.051e-5, -5.924e-6, 1.250e-6, 7.174e-6, -7.890e-6, 1.641e-6, 9.531e-6, -5.938e-6, 1.106e-6, 7.044e-6, -7.916e-6, 1.488e-6, 9.404e-6, -6.025e-6, 9.982e-7, 7.023e-6, -8.751e-6, 1.400e-6, 1.015e-5
0.856, -6.197e-6, 7.627e-7, 6.960e-6, -8.428e-6, 1.065e-6, 9.493e-6, -5.576e-6, 9.108e-7, 6.487e-6, -7.420e-6, 1.202e-6, 8.622e-6, -5.600e-6, 7.667e-7, 6.367e-6, -7.456e-6, 1.046e-6, 8.503e-6, -5.683e-6, 6.578e-7, 6.341e-6, -8.247e-6, 9.246e-7, 9.172e-6
0.852, -5.863e-6, 4.327e-7, 6.295e-6, -7.957e-6, 6.307e-7, 8.588e-6, -5.258e-6, 6.135e-7, 5.872e-6, -6.991e-6, 8.178e-7, 7.809e-6, -5.292e-6, 4.694e-7, 5.761e-6, -7.038e-6, 6.596e-7, 7.698e-6, -5.372e-6, 3.597e-7, 5.732e-6, -7.790e-6, 5.085e-7, 8.298e-6
0.848, -5.554e-6, 1.412e-7, 5.695e-6, -7.522e-6, 2.497e-7, 7.772e-6, -4.966e-6, 3.521e-7, 5.318e-6, -6.597e-6, 4.787e-7, 7.076e-6, -5.009e-6, 2.068e-7, 5.216e-6, -6.653e-6, 3.198e-7, 6.973e-6, -5.089e-6, 9.659e-8, 5.185e-6, -7.368e-6, 1.435e-7, 7.512e-6
0.844, -5.275e-6, -1.183e-7, 5.157e-6, -7.125e-6, -8.678e-8, 7.038e-6, -4.702e-6, 1.203e-7, 4.822e-6, -6.235e-6, 1.813e-7, 6.416e-6, -4.754e-6, -2.644e-8, 4.728e-6, -6.302e-6, 2.083e-8, 6.323e-6, -4.833e-6, -1.368e-7, 4.696e-6, -6.983e-6, -1.775e-7, 6.805e-6
0.840, -5.009e-6, -3.433e-7, 4.666e-6, -6.745e-6, -3.769e-7, 6.368e-6, -4.450e-6, -8.140e-8, 4.368e-6, -5.888e-6, -7.605e-8, 5.812e-6, -4.510e-6, -2.290e-7, 4.281e-6, -5.965e-6, -2.386e-7, 5.726e-6, -4.587e-6, -3.379e-7, 4.249e-6, -6.615e-6, -4.541e-7, 6.161e-6
0.836, -4.756e-6, -5.400e-7, 4.216e-6, -6.380e-6, -6.268e-7, 5.753e-6, -4.209e-6, -2.561e-7, 3.953e-6, -5.557e-6, -2.986e-7, 5.259e-6, -4.279e-6, -4.058e-7, 3.874e-6, -5.645e-6, -4.634e-7, 5.181e-6, -4.355e-6, -5.134e-7, 3.841e-6, -6.261e-6, -6.924e-7, 5.569e-6
0.832, -4.516e-6, -7.104e-7, 3.806e-6, -6.036e-6, -8.426e-7, 5.193e-6, -3.984e-6, -4.082e-7, 3.576e-6, -5.246e-6, -4.910e-7, 4.755e-6, -4.062e-6, -5.591e-7, 3.503e-6, -5.341e-6, -6.565e-7, 4.685e-6, -4.136e-6, -6.647e-7, 3.472e-6, -5.926e-6, -8.957e-7, 5.031e-6
0.828, -4.287e-6, -8.551e-7, 3.432e-6, -5.705e-6, -1.025e-6, 4.680e-6, -3.770e-6, -5.395e-7, 3.231e-6, -4.946e-6, -6.551e-7, 4.291e-6, -3.854e-6, -6.906e-7, 3.163e-6, -5.050e-6, -8.214e-7, 4.229e-6, -3.927e-6, -7.947e-7, 3.133e-6, -5.604e-6, -1.067e-6, 4.537e-6
0.824, -4.063e-6, -9.782e-7, 3.085e-6, -5.382e-6, -1.177e-6, 4.206e-6, -3.564e-6, -6.517e-7, 2.912e-6, -4.658e-6, -7.940e-7, 3.864e-6, -3.654e-6, -8.037e-7, 2.850e-6, -4.769e-6, -9.612e-7, 3.808e-6, -3.725e-6, -9.052e-7, 2.820e-6, -5.292e-6, -1.212e-6, 4.081e-6
0.820, -3.847e-6, -1.080e-6, 2.767e-6, -5.073e-6, -1.301e-6, 3.771e-6, -3.366e-6, -7.464e-7, 2.620e-6, -4.383e-6, -9.105e-7, 3.473e-6, -3.461e-6, -8.985e-7, 2.562e-6, -4.501e-6, -1.077e-6, 3.423e-6, -3.531e-6, -9.983e-7, 2.533e-6, -4.992e-6, -1.329e-6, 3.663e-6
0.816, -3.638e-6, -1.163e-6, 2.475e-6, -4.777e-6, -1.403e-6, 3.374e-6, -3.180e-6, -8.276e-7, 2.352e-6, -4.123e-6, -1.008e-6, 3.115e-6, -3.278e-6, -9.788e-7, 2.299e-6, -4.245e-6, -1.175e-6, 3.070e-6, -3.346e-6, -1.076e-6, 2.270e-6, -4.707e-6, -1.427e-6, 3.280e-6
0.812, -3.439e-6, -1.230e-6, 2.209e-6, -4.496e-6, -1.485e-6, 3.010e-6, -3.003e-6, -8.953e-7, 2.107e-6, -3.876e-6, -1.089e-6, 2.787e-6, -3.103e-6, -1.045e-6, 2.058e-6, -4.002e-6, -1.255e-6, 2.747e-6, -3.170e-6, -1.140e-6, 2.030e-6, -4.436e-6, -1.506e-6, 2.930e-6
0.808, -3.247e-6, -1.282e-6, 1.965e-6, -4.226e-6, -1.550e-6, 2.677e-6, -2.835e-6, -9.510e-7, 1.884e-6, -3.643e-6, -1.156e-6, 2.487e-6, -2.936e-6, -1.099e-6, 1.837e-6, -3.770e-6, -1.319e-6, 2.450e-6, -3.001e-6, -1.192e-6, 1.809e-6, -4.176e-6, -1.568e-6, 2.607e-6
0.804, -3.063e-6, -1.320e-6, 1.743e-6, -3.971e-6, -1.598e-6, 2.374e-6, -2.676e-6, -9.964e-7, 1.680e-6, -3.423e-6, -1.210e-6, 2.213e-6, -2.777e-6, -1.142e-6, 1.636e-6, -3.550e-6, -1.371e-6, 2.180e-6, -2.840e-6, -1.234e-6, 1.607e-6, -3.929e-6, -1.616e-6, 2.313e-6
0.800, -2.889e-6, -1.349e-6, 1.541e-6, -3.731e-6, -1.631e-6, 2.099e-6, -2.527e-6, -1.034e-6, 1.493e-6, -3.218e-6, -1.253e-6, 1.965e-6, -2.627e-6, -1.176e-6, 1.451e-6, -3.347e-6, -1.412e-6, 1.935e-6, -2.688e-6, -1.267e-6, 1.421e-6, -3.699e-6, -1.652e-6, 2.046e-6
0.796, -2.725e-6, -1.368e-6, 1.356e-6, -3.506e-6, -1.656e-6, 1.851e-6, -2.386e-6, -1.064e-6, 1.323e-6, -3.029e-6, -1.288e-6, 1.742e-6, -2.487e-6, -1.204e-6, 1.283e-6, -3.156e-6, -1.443e-6, 1.712e-6, -2.545e-6, -1.293e-6, 1.252e-6, -3.483e-6, -1.680e-6, 1.804e-6
0.792, -2.573e-6, -1.382e-6, 1.191e-6, -3.298e-6, -1.670e-6, 1.628e-6, -2.256e-6, -1.088e-6, 1.168e-6, -2.853e-6, -1.314e-6, 1.539e-6, -2.355e-6, -1.224e-6, 1.131e-6, -2.977e-6, -1.466e-6, 1.511e-6, -2.412e-6, -1.312e-6, 1.099e-6, -3.281e-6, -1.697e-6, 1.584e-6
0.788, -2.429e-6, -1.387e-6, 1.042e-6, -3.103e-6, -1.675e-6, 1.428e-6, -2.136e-6, -1.106e-6, 1.030e-6, -2.689e-6, -1.333e-6, 1.356e-6, -2.232e-6, -1.239e-6, 9.932e-7, -2.811e-6, -1.481e-6, 1.330e-6, -2.285e-6, -1.326e-6, 9.598e-7, -3.093e-6, -1.706e-6, 1.386e-6
0.784, -2.296e-6, -1.387e-6, 9.087e-7, -2.922e-6, -1.674e-6, 1.248e-6, -2.023e-6, -1.120e-6, 9.033e-7, -2.538e-6, -1.346e-6, 1.192e-6, -2.116e-6, -1.248e-6, 8.680e-7, -2.657e-6, -1.490e-6, 1.167e-6, -2.167e-6, -1.334e-6, 8.333e-7, -2.915e-6, -1.709e-6, 1.207e-6
0.780, -2.173e-6, -1.384e-6, 7.897e-7, -2.756e-6, -1.667e-6, 1.089e-6, -1.920e-6, -1.129e-6, 7.907e-7, -2.400e-6, -1.354e-6, 1.046e-6, -2.010e-6, -1.253e-6, 7.566e-7, -2.513e-6, -1.492e-6, 1.021e-6, -2.058e-6, -1.338e-6, 7.201e-7, -2.753e-6, -1.706e-6, 1.047e-6
0.776, -2.059e-6, -1.375e-6, 6.834e-7, -2.601e-6, -1.654e-6, 9.474e-7, -1.823e-6, -1.134e-6, 6.891e-7, -2.271e-6, -1.356e-6, 9.149e-7, -1.910e-6, -1.255e-6, 6.558e-7, -2.382e-6, -1.491e-6, 8.909e-7, -1.955e-6, -1.337e-6, 6.179e-7, -2.600e-6, -1.696e-6, 9.038e-7
0.772, -1.951e-6, -1.363e-6, 5.879e-7, -2.458e-6, -1.636e-6, 8.214e-7, -1.733e-6, -1.135e-6, 5.976e-7, -2.151e-6, -1.354e-6, 7.973e-7, -1.816e-6, -1.250e-6, 5.658e-7, -2.257e-6, -1.483e-6, 7.736e-7, -1.858e-6, -1.332e-6, 5.255e-7, -2.457e-6, -1.681e-6, 7.756e-7
0.768, -1.853e-6, -1.348e-6, 5.048e-7, -2.325e-6, -1.615e-6, 7.098e-7, -1.650e-6, -1.133e-6, 5.169e-7, -2.041e-6, -1.348e-6, 6.939e-7, -1.729e-6, -1.243e-6, 4.855e-7, -2.143e-6, -1.473e-6, 6.704e-7, -1.767e-6, -1.323e-6, 4.438e-7, -2.325e-6, -1.663e-6, 6.619e-7
0.764, -1.761e-6, -1.330e-6, 4.312e-7, -2.204e-6, -1.591e-6, 6.132e-7, -1.571e-6, -1.126e-6, 4.451e-7, -1.940e-6, -1.338e-6, 6.026e-7, -1.647e-6, -1.233e-6, 4.142e-7, -2.038e-6, -1.458e-6, 5.795e-7, -1.682e-6, -1.311e-6, 3.713e-7, -2.203e-6, -1.641e-6, 5.621e-7
0.760, -1.676e-6, -1.310e-6, 3.663e-7, -2.090e-6, -1.564e-6, 5.268e-7, -1.498e-6, -1.117e-6, 3.811e-7, -1.846e-6, -1.324e-6, 5.217e-7, -1.571e-6, -1.219e-6, 3.513e-7, -1.939e-6, -1.440e-6, 4.988e-7, -1.601e-6, -1.295e-6, 3.064e-7, -2.089e-6, -1.615e-6, 4.735e-7
0.756, -1.595e-6, -1.286e-6, 3.093e-7, -1.987e-6, -1.534e-6, 4.524e-7, -1.429e-6, -1.105e-6, 3.244e-7, -1.759e-6, -1.308e-6, 4.504e-7, -1.498e-6, -1.203e-6, 2.950e-7, -1.848e-6, -1.420e-6, 4.284e-7, -1.526e-6, -1.276e-6, 2.501e-7, -1.983e-6, -1.586e-6, 3.968e-7
0.752, -1.521e-6, -1.262e-6, 2.593e-7, -1.891e-6, -1.503e-6, 3.875e-7, -1.365e-6, -1.090e-6, 2.749e-7, -1.677e-6, -1.289e-6, 3.880e-7, -1.430e-6, -1.184e-6, 2.462e-7, -1.763e-6, -1.397e-6, 3.659e-7, -1.454e-6, -1.254e-6, 1.993e-7, -1.883e-6, -1.555e-6, 3.285e-7
0.748, -1.452e-6, -1.235e-6, 2.163e-7, -1.802e-6, -1.470e-6, 3.315e-7, -1.304e-6, -1.073e-6, 2.312e-7, -1.602e-6, -1.268e-6, 3.345e-7, -1.365e-6, -1.162e-6, 2.031e-7, -1.684e-6, -1.372e-6, 3.121e-7, -1.386e-6, -1.231e-6, 1.557e-7, -1.791e-6, -1.521e-6, 2.703e-7
0.744, -1.387e-6, -1.207e-6, 1.793e-7, -1.720e-6, -1.437e-6, 2.827e-7, -1.247e-6, -1.054e-6, 1.931e-7, -1.531e-6, -1.245e-6, 2.865e-7, -1.305e-6, -1.139e-6, 1.655e-7, -1.610e-6, -1.345e-6, 2.649e-7, -1.322e-6, -1.205e-6, 1.174e-7, -1.706e-6, -1.487e-6, 2.187e-7
0.740, -1.326e-6, -1.178e-6, 1.473e-7, -1.643e-6, -1.402e-6, 2.412e-7, -1.193e-6, -1.033e-6, 1.606e-7, -1.467e-6, -1.220e-6, 2.467e-7, -1.249e-6, -1.115e-6, 1.338e-7, -1.543e-6, -1.317e-6, 2.256e-7, -1.262e-6, -1.177e-6, 8.513e-8, -1.627e-6, -1.451e-6, 1.761e-7
0.736, -1.269e-6, -1.148e-6, 1.202e-7, -1.572e-6, -1.367e-6, 2.057e-7, -1.143e-6, -1.010e-6, 1.325e-7, -1.405e-6, -1.193e-6, 2.121e-7, -1.195e-6, -1.089e-6, 1.059e-7, -1.479e-6, -1.289e-6, 1.907e-7, -1.206e-6, -1.148e-6, 5.759e-8, -1.554e-6, -1.415e-6, 1.389e-7
0.732, -1.216e-6, -1.119e-6, 9.770e-8, -1.508e-6, -1.332e-6, 1.760e-7, -1.096e-6, -9.866e-7, 1.094e-7, -1.349e-6, -1.167e-6, 1.823e-7, -1.145e-6, -1.063e-6, 8.233e-8, -1.420e-6, -1.259e-6, 1.614e-7, -1.152e-6, -1.119e-6, 3.355e-8, -1.485e-6, -1.378e-6, 1.074e-7
0.728, -1.167e-6, -1.088e-6, 7.856e-8, -1.448e-6, -1.297e-6, 1.511e-7, -1.050e-6, -9.618e-7, 8.846e-8, -1.297e-6, -1.140e-6, 1.574e-7, -1.099e-6, -1.036e-6, 6.295e-8, -1.367e-6, -1.230e-6, 1.369e-7, -1.103e-6, -1.089e-6, 1.410e-8, -1.423e-6, -1.342e-6, 8.137e-8
0.724, -1.120e-6, -1.057e-6, 6.265e-8, -1.392e-6, -1.262e-6, 1.305e-7, -1.008e-6, -9.358e-7, 7.199e-8, -1.249e-6, -1.112e-6, 1.367e-7, -1.054e-6, -1.008e-6, 4.639e-8, -1.316e-6, -1.200e-6, 1.160e-7, -1.056e-6, -1.058e-6, -2.158e-9, -1.365e-6, -1.305e-6, 6.028e-8
0.720, -1.078e-6, -1.028e-6, 5.013e-8, -1.343e-6, -1.230e-6, 1.129e-7, -9.685e-7, -9.108e-7, 5.766e-8, -1.204e-6, -1.085e-6, 1.191e-7, -1.014e-6, -9.809e-7, 3.279e-8, -1.270e-6, -1.171e-6, 9.911e-8, -1.013e-6, -1.028e-6, -1.515e-8, -1.313e-6, -1.270e-6, 4.275e-8
0.716, -1.038e-6, -9.979e-7, 4.060e-8, -1.296e-6, -1.197e-6, 9.933e-8, -9.324e-7, -8.851e-7, 4.725e-8, -1.163e-6, -1.057e-6, 1.055e-7, -9.752e-7, -9.531e-7, 2.204e-8, -1.227e-6, -1.142e-6, 8.564e-8, -9.732e-7, -9.982e-7, -2.506e-8, -1.265e-6, -1.235e-6, 2.956e-8
0.712, -1.002e-6, -9.692e-7, 3.296e-8, -1.255e-6, -1.165e-6, 8.961e-8, -8.982e-7, -8.595e-7, 3.869e-8, -1.126e-6, -1.031e-6, 9.508e-8, -9.406e-7, -9.267e-7, 1.387e-8, -1.189e-6, -1.114e-6, 7.532e-8, -9.356e-7, -9.679e-7, -3.229e-8, -1.220e-6, -1.201e-6, 1.921e-8
0.708, -9.683e-7, -9.413e-7, 2.706e-8, -1.215e-6, -1.134e-6, 8.170e-8, -8.662e-7, -8.341e-7, 3.209e-8, -1.090e-6, -1.004e-6, 8.617e-8, -9.077e-7, -8.998e-7, 7.831e-9, -1.152e-6, -1.085e-6, 6.718e-8, -9.009e-7, -9.385e-7, -3.767e-8, -1.179e-6, -1.167e-6, 1.186e-8
0.704, -9.371e-7, -9.141e-7, 2.297e-8, -1.179e-6, -1.104e-6, 7.469e-8, -8.368e-7, -8.094e-7, 2.739e-8, -1.057e-6, -9.776e-7, 7.932e-8, -8.767e-7, -8.739e-7, 2.822e-9, -1.119e-6, -1.058e-6, 6.018e-8, -8.678e-7, -9.098e-7, -4.204e-8, -1.141e-6, -1.135e-6, 5.695e-9
0.700, -9.087e-7, -8.877e-7, 2.092e-8, -1.147e-6, -1.075e-6, 7.103e-8, -8.095e-7, -7.849e-7, 2.453e-8, -1.028e-6, -9.524e-7, 7.548e-8, -8.497e-7, -8.487e-7, 1.070e-9, -1.089e-6, -1.032e-6, 5.658e-8, -8.392e-7, -8.826e-7, -4.339e-8, -1.106e-6, -1.104e-6, 2.821e-9
0.696, -8.828e-7, -8.633e-7, 1.947e-8, -1.116e-6, -1.048e-6, 6.770e-8, -7.855e-7, -7.626e-7, 2.285e-8, -9.999e-7, -9.283e-7, 7.155e-8, -8.236e-7, -8.245e-7, -8.985e-10, -1.061e-6, -1.007e-6, 5.353e-8, -8.106e-7, -8.548e-7, -4.423e-8, -1.074e-6, -1.074e-6, 8.725e-10
0.692, -8.583e-7, -8.392e-7, 1.905e-8, -1.088e-6, -1.022e-6, 6.630e-8, -7.605e-7, -7.389e-7, 2.169e-8, -9.739e-7, -9.039e-7, 6.996e-8, -7.987e-7, -8.002e-7, -1.440e-9, -1.033e-6, -9.814e-7, 5.197e-8, -7.842e-7, -8.282e-7, -4.398e-8, -1.044e-6, -1.043e-6, 3.804e-10
0.688, -8.378e-7, -8.176e-7, 2.020e-8, -1.064e-6, -9.979e-7, 6.575e-8, -7.396e-7, -7.171e-7, 2.245e-8, -9.514e-7, -8.818e-7, 6.959e-8, -7.767e-7, -7.775e-7, -7.902e-10, -1.010e-6, -9.581e-7, 5.168e-8, -7.615e-7, -8.039e-7, -4.244e-8, -1.016e-6, -1.016e-6, 5.871e-10
0.684, -8.178e-7, -7.955e-7, 2.231e-8, -1.040e-6, -9.739e-7, 6.651e-8, -7.196e-7, -6.958e-7, 2.380e-8, -9.288e-7, -8.587e-7, 7.008e-8, -7.559e-7, -7.552e-7, 7.253e-10, -9.877e-7, -9.346e-7, 5.312e-8, -7.395e-7, -7.788e-7, -3.936e-8, -9.912e-7, -9.878e-7, 3.412e-9
0.680, -7.989e-7, -7.755e-7, 2.342e-8, -1.018e-6, -9.510e-7, 6.733e-8, -7.017e-7, -6.760e-7, 2.573e-8, -9.078e-7, -8.372e-7, 7.062e-8, -7.364e-7, -7.339e-7, 2.566e-9, -9.661e-7, -9.121e-7, 5.402e-8, -7.185e-7, -7.557e-7, -3.722e-8, -9.668e-7, -9.617e-7, 5.104e-9
0.676, -7.823e-7, -7.569e-7, 2.543e-8, -9.988e-7, -9.302e-7, 6.864e-8, -6.849e-7, -6.564e-7, 2.847e-8, -8.894e-7, -8.170e-7, 7.247e-8, -7.193e-7, -7.140e-7, 5.321e-9, -9.461e-7, -8.906e-7, 5.553e-8, -7.007e-7, -7.338e-7, -3.307e-8, -9.454e-7, -9.370e-7, 8.480e-9
0.672, -7.667e-7, -7.383e-7, 2.844e-8, -9.811e-7, -9.103e-7, 7.086e-8, -6.689e-7, -6.383e-7, 3.060e-8, -8.720e-7, -7.975e-7, 7.456e-8, -7.035e-7, -6.953e-7, 8.156e-9, -9.287e-7, -8.706e-7, 5.809e-8, -6.827e-7, -7.127e-7, -2.994e-8, -9.253e-7, -9.130e-7, 1.230e-8
0.668, -7.524e-7, -7.218e-7, 3.063e-8, -9.644e-7, -8.913e-7, 7.316e-8, -6.542e-7, -6.208e-7, 3.339e-8, -8.548e-7, -7.782e-7, 7.666e-8, -6.884e-7, -6.771e-7, 1.126e-8, -9.118e-7, -8.509e-7, 6.088e-8, -6.671e-7, -6.925e-7, -2.542e-8, -9.063e-7, -8.906e-7, 1.567e-8
0.664, -7.414e-7, -7.068e-7, 3.453e-8, -9.503e-7, -8.742e-7, 7.612e-8, -6.420e-7, -6.051e-7, 3.694e-8, -8.408e-7, -7.612e-7, 7.965e-8, -6.762e-7, -6.612e-7, 1.503e-8, -8.972e-7, -8.331e-7, 6.410e-8, -6.540e-7, -6.746e-7, -2.058e-8, -8.906e-7, -8.696e-7, 2.093e-8
0.660, -7.290e-7, -6.921e-7, 3.693e-8, -9.367e-7, -8.578e-7, 7.887e-8, -6.301e-7, -5.891e-7, 4.093e-8, -8.265e-7, -7.440e-7, 8.244e-8, -6.630e-7, -6.444e-7, 1.859e-8, -8.818e-7, -8.150e-7, 6.677e-8, -6.401e-7, -6.567e-7, -1.660e-8, -8.744e-7, -8.498e-7, 2.462e-8
0.656, -7.189e-7, -6.785e-7, 4.040e-8, -9.234e-7, -8.417e-7, 8.176e-8, -6.188e-7, -5.747e-7, 4.407e-8, -8.132e-7, -7.276e-7, 8.558e-8, -6.520e-7, -6.298e-7, 2.216e-8, -8.692e-7, -7.986e-7, 7.061e-8, -6.283e-7, -6.402e-7, -1.182e-8, -8.602e-7, -8.309e-7, 2.936e-8
0.652, -7.098e-7, -6.659e-7, 4.390e-8, -9.121e-7, -8.274e-7, 8.463e-8, -6.082e-7, -5.612e-7, 4.700e-8, -8.014e-7, -7.128e-7, 8.867e-8, -6.421e-7, -6.160e-7, 2.609e-8, -8.583e-7, -7.837e-7, 7.454e-8, -6.186e-7, -6.251e-7, -6.508e-9, -8.478e-7, -8.135e-7, 3.435e-8
0.648, -7.014e-7, -6.540e-7, 4.742e-8, -9.014e-7, -8.131e-7, 8.831e-8, -6.007e-7, -5.490e-7, 5.166e-8, -7.916e-7, -6.988e-7, 9.287e-8, -6.336e-7, -6.034e-7, 3.023e-8, -8.478e-7, -7.693e-7, 7.854e-8, -6.085e-7, -6.103e-7, -1.794e-9, -8.357e-7, -7.971e-7, 3.868e-8
0.644, -6.919e-7, -6.423e-7, 4.963e-8, -8.900e-7, -8.001e-7, 8.994e-8, -5.909e-7, -5.365e-7, 5.433e-8, -7.803e-7, -6.851e-7, 9.518e-8, -6.250e-7, -5.912e-7, 3.383e-8, -8.363e-7, -7.552e-7, 8.116e-8, -5.987e-7, -5.965e-7, 2.221e-9, -8.240e-7, -7.814e-7, 4.261e-8
0.640, -6.859e-7, -6.322e-7, 5.369e-8, -8.817e-7, -7.882e-7, 9.348e-8, -5.846e-7, -5.255e-7, 5.904e-8, -7.721e-7, -6.730e-7, 9.911e-8, -6.176e-7, -5.799e-7, 3.762e-8, -8.275e-7, -7.423e-7, 8.518e-8, -5.920e-7, -5.845e-7, 7.476e-9, -8.152e-7, -7.672e-7, 4.802e-8
0.636, -6.796e-7, -6.232e-7, 5.644e-8, -8.743e-7, -7.774e-7, 9.696e-8, -5.780e-7, -5.157e-7, 6.227e-8, -7.637e-7, -6.620e-7, 1.017e-7, -6.117e-7, -5.703e-7, 4.143e-8, -8.199e-7, -7.315e-7, 8.839e-8, -5.856e-7, -5.737e-7, 1.188e-8, -8.066e-7, -7.544e-7, 5.215e-8
0.632, -6.743e-7, -6.146e-7, 5.968e-8, -8.668e-7, -7.671e-7, 9.970e-8, -5.725e-7, -5.069e-7, 6.555e-8, -7.563e-7, -6.512e-7, 1.051e-7, -6.065e-7, -5.613e-7, 4.519e-8, -8.128e-7, -7.208e-7, 9.207e-8, -5.799e-7, -5.633e-7, 1.659e-8, -7.989e-7, -7.423e-7, 5.662e-8
0.628, -6.690e-7, -6.066e-7, 6.245e-8, -8.592e-7, -7.570e-7, 1.022e-7, -5.673e-7, -4.981e-7, 6.923e-8, -7.492e-7, -6.408e-7, 1.084e-7, -6.006e-7, -5.520e-7, 4.860e-8, -8.059e-7, -7.102e-7, 9.570e-8, -5.741e-7, -5.533e-7, 2.075e-8, -7.912e-7, -7.307e-7, 6.057e-8
0.624, -6.635e-7, -5.989e-7, 6.456e-8, -8.526e-7, -7.476e-7, 1.051e-7, -5.623e-7, -4.901e-7, 7.218e-8, -7.427e-7, -6.313e-7, 1.114e-7, -5.968e-7, -5.443e-7, 5.243e-8, -8.002e-7, -7.013e-7, 9.894e-8, -5.688e-7, -5.442e-7, 2.465e-8, -7.851e-7, -7.203e-7, 6.476e-8
0.620, -6.611e-7, -5.930e-7, 6.811e-8, -8.479e-7, -7.400e-7, 1.079e-7, -5.590e-7, -4.830e-7, 7.600e-8, -7.386e-7, -6.237e-7, 1.149e-7, -5.934e-7, -5.378e-7, 5.560e-8, -7.964e-7, -6.934e-7, 1.029e-7, -5.654e-7, -5.370e-7, 2.846e-8, -7.812e-7, -7.117e-7, 6.941e-8
0.616, -6.571e-7, -5.870e-7, 7.005e-8, -8.425e-7, -7.318e-7, 1.107e-7, -5.563e-7, -4.770e-7, 7.931e-8, -7.329e-7, -6.155e-7, 1.174e-7, -5.904e-7, -5.314e-7, 5.904e-8, -7.912e-7, -6.854e-7, 1.058e-7, -5.621e-7, -5.295e-7, 3.262e-8, -7.757e-7, -7.025e-7, 7.326e-8
0.612, -6.540e-7, -5.812e-7, 7.281e-8, -8.386e-7, -7.249e-7, 1.137e-7, -5.520e-7, -4.704e-7, 8.167e-8, -7.289e-7, -6.088e-7, 1.201e-7, -5.872e-7, -5.255e-7, 6.170e-8, -7.873e-7, -6.786e-7, 1.088e-7, -5.597e-7, -5.229e-7, 3.676e-8, -7.708e-7, -6.940e-7, 7.681e-8
0.608, -6.516e-7, -5.761e-7, 7.546e-8, -8.343e-7, -7.186e-7, 1.157e-7, -5.507e-7, -4.658e-7, 8.484e-8, -7.252e-7, -6.022e-7, 1.229e-7, -5.858e-7, -5.210e-7, 6.484e-8, -7.842e-7, -6.725e-7, 1.117e-7, -5.570e-7, -5.170e-7, 3.997e-8, -7.668e-7, -6.866e-7, 8.013e-8
0.604, -6.498e-7, -5.725e-7, 7.732e-8, -8.306e-7, -7.128e-7, 1.178e-7, -5.484e-7, -4.611e-7, 8.733e-8, -7.225e-7, -5.967e-7, 1.257e-7, -5.848e-7, -5.167e-7, 6.803e-8, -7.812e-7, -6.665e-7, 1.147e-7, -5.558e-7, -5.123e-7, 4.344e-8, -7.641e-7, -6.806e-7, 8.343e-8
0.600, -6.482e-7, -5.685e-7, 7.977e-8, -8.275e-7, -7.075e-7, 1.201e-7, -5.477e-7, -4.576e-7, 9.010e-8, -7.200e-7, -5.916e-7, 1.284e-7, -5.835e-7, -5.130e-7, 7.045e-8, -7.795e-7, -6.614e-7, 1.181e-7, -5.547e-7, -5.074e-7, 4.725e-8, -7.619e-7, -6.746e-7, 8.728e-8
0.596, -6.467e-7, -5.642e-7, 8.252e-8, -8.253e-7, -7.024e-7, 1.229e-7, -5.459e-7, -4.536e-7, 9.230e-8, -7.167e-7, -5.860e-7, 1.307e-7, -5.830e-7, -5.094e-7, 7.356e-8, -7.766e-7, -6.565e-7, 1.201e-7, -5.532e-7, -5.028e-7, 5.037e-8, -7.590e-7, -6.687e-7, 9.037e-8
0.592, -6.447e-7, -5.609e-7, 8.381e-8, -8.216e-7, -6.971e-7, 1.245e-7, -5.447e-7, -4.505e-7, 9.419e-8, -7.142e-7, -5.815e-7, 1.326e-7, -5.824e-7, -5.063e-7, 7.610e-8, -7.741e-7, -6.518e-7, 1.223e-7, -5.521e-7, -4.991e-7, 5.303e-8, -7.558e-7, -6.631e-7, 9.278e-8
0.588, -6.446e-7, -5.581e-7, 8.648e-8, -8.193e-7, -6.927e-7, 1.266e-7, -5.453e-7, -4.483e-7, 9.696e-8, -7.128e-7, -5.779e-7, 1.349e-7, -5.826e-7, -5.042e-7, 7.842e-8, -7.731e-7, -6.479e-7, 1.252e-7, -5.523e-7, -4.960e-7, 5.632e-8, -7.541e-7, -6.581e-7, 9.603e-8
0.584, -6.435e-7, -5.551e-7, 8.840e-8, -8.175e-7, -6.888e-7, 1.287e-7, -5.448e-7, -4.455e-7, 9.931e-8, -7.112e-7, -5.736e-7, 1.377e-7, -5.821e-7, -5.011e-7, 8.101e-8, -7.719e-7, -6.440e-7, 1.280e-7, -5.513e-7, -4.921e-7, 5.922e-8, -7.524e-7, -6.531e-7, 9.927e-8
0.580, -6.426e-7, -5.517e-7, 9.090e-8, -8.149e-7, -6.836e-7, 1.312e-7, -5.445e-7, -4.428e-7, 1.017e-7, -7.085e-7, -5.693e-7, 1.392e-7, -5.821e-7, -4.990e-7, 8.315e-8, -7.699e-7, -6.395e-7, 1.304e-7, -5.509e-7, -4.891e-7, 6.176e-8, -7.496e-7, -6.477e-7, 1.019e-7
0.576, -6.410e-7, -5.486e-7, 9.245e-8, -8.125e-7, -6.793e-7, 1.332e-7, -5.432e-7, -4.401e-7, 1.032e-7, -7.065e-7, -5.655e-7, 1.410e-7, -5.823e-7, -4.966e-7, 8.568e-8, -7.686e-7, -6.360e-7, 1.327e-7, -5.512e-7, -4.864e-7, 6.478e-8, -7.481e-7, -6.434e-7, 1.047e-7
0.572, -6.408e-7, -5.456e-7, 9.513e-8, -8.113e-7, -6.753e-7, 1.360e-7, -5.444e-7, -4.385e-7, 1.060e-7, -7.056e-7, -5.618e-7, 1.438e-7, -5.821e-7, -4.944e-7, 8.762e-8, -7.678e-7, -6.325e-7, 1.353e-7, -5.513e-7, -4.841e-7, 6.720e-8, -7.468e-7, -6.392e-7, 1.076e-7
0.568, -6.394e-7, -5.426e-7, 9.673e-8, -8.096e-7, -6.716e-7, 1.380e-7, -5.430e-7, -4.359e-7, 1.070e-7, -7.041e-7, -5.587e-7, 1.454e-7, -5.819e-7, -4.921e-7, 8.978e-8, -7.665e-7, -6.289e-7, 1.376e-7, -5.506e-7, -4.811e-7, 6.956e-8, -7.449e-7, -6.353e-7, 1.097e-7
0.564, -6.364e-7, -5.383e-7, 9.811e-8, -8.055e-7, -6.658e-7, 1.397e-7, -5.429e-7, -4.339e-7, 1.090e-7, -7.018e-7, -5.545e-7, 1.473e-7, -5.812e-7, -4.895e-7, 9.169e-8, -7.647e-7, -6.253e-7, 1.393e-7, -5.501e-7, -4.782e-7, 7.198e-8, -7.426e-7, -6.302e-7, 1.124e-7
0.560, -6.346e-7, -5.347e-7, 9.993e-8, -8.038e-7, -6.620e-7, 1.418e-7, -5.419e-7, -4.311e-7, 1.108e-7, -6.996e-7, -5.508e-7, 1.489e-7, -5.806e-7, -4.871e-7, 9.345e-8, -7.632e-7, -6.216e-7, 1.417e-7, -5.500e-7, -4.760e-7, 7.403e-8, -7.406e-7, -6.267e-7, 1.139e-7
0.556, -6.325e-7, -5.305e-7, 1.020e-7, -8.002e-7, -6.569e-7, 1.433e-7, -5.414e-7, -4.290e-7, 1.124e-7, -6.975e-7, -5.472e-7, 1.503e-7, -5.805e-7, -4.856e-7, 9.490e-8, -7.613e-7, -6.182e-7, 1.431e-7, -5.492e-7, -4.735e-7, 7.574e-8, -7.393e-7, -6.227e-7, 1.166e-7
0.552, -6.302e-7, -5.264e-7, 1.038e-7, -7.972e-7, -6.517e-7, 1.455e-7, -5.397e-7, -4.263e-7, 1.134e-7, -6.959e-7, -5.436e-7, 1.523e-7, -5.796e-7, -4.828e-7, 9.687e-8, -7.607e-7, -6.150e-7, 1.458e-7, -5.499e-7, -4.712e-7, 7.869e-8, -7.373e-7, -6.188e-7, 1.184e-7
0.548, -6.262e-7, -5.214e-7, 1.048e-7, -7.931e-7, -6.464e-7, 1.467e-7, -5.385e-7, -4.240e-7, 1.145e-7, -6.921e-7, -5.394e-7, 1.527e-7, -5.784e-7, -4.803e-7, 9.809e-8, -7.579e-7, -6.110e-7, 1.469e-7, -5.474e-7, -4.678e-7, 7.959e-8, -7.352e-7, -6.147e-7, 1.205e-7
0.544, -6.225e-7, -5.165e-7, 1.060e-7, -7.884e-7, -6.408e-7, 1.475e-7, -5.361e-7, -4.208e-7, 1.153e-7, -6.901e-7, -5.359e-7, 1.542e-7, -5.760e-7, -4.768e-7, 9.916e-8, -7.560e-7, -6.073e-7, 1.487e-7, -5.465e-7, -4.651e-7, 8.131e-8, -7.317e-7, -6.101e-7, 1.216e-7
0.540, -6.193e-7, -5.116e-7, 1.077e-7, -7.848e-7, -6.357e-7, 1.491e-7, -5.337e-7, -4.178e-7, 1.159e-7, -6.881e-7, -5.323e-7, 1.558e-7, -5.743e-7, -4.744e-7, 9.995e-8, -7.535e-7, -6.040e-7, 1.495e-7, -5.458e-7, -4.628e-7, 8.302e-8, -7.303e-7, -6.067e-7, 1.237e-7
0.536, -6.154e-7, -5.070e-7, 1.084e-7, -7.807e-7, -6.303e-7, 1.505e-7, -5.320e-7, -4.153e-7, 1.167e-7, -6.846e-7, -5.284e-7, 1.561e-7, -5.722e-7, -4.716e-7, 1.006e-7, -7.518e-7, -6.008e-7, 1.510e-7, -5.436e-7, -4.600e-7, 8.363e-8, -7.283e-7, -6.034e-7, 1.249e-7
0.532, -6.105e-7, -5.014e-7, 1.092e-7, -7.756e-7, -6.244e-7, 1.512e-7, -5.292e-7, -4.116e-7, 1.177e-7, -6.820e-7, -5.248e-7, 1.571e-7, -5.702e-7, -4.682e-7, 1.020e-7, -7.487e-7, -5.964e-7, 1.523e-7, -5.421e-7, -4.573e-7, 8.479e-8, -7.245e-7, -5.982e-7, 1.263e-7
0.528, -6.056e-7, -4.952e-7, 1.103e-7, -7.709e-7, -6.181e-7, 1.528e-7, -5.275e-7, -4.089e-7, 1.186e-7, -6.776e-7, -5.200e-7, 1.577e-7, -5.679e-7, -4.648e-7, 1.031e-7, -7.462e-7, -5.926e-7, 1.536e-7, -5.396e-7, -4.539e-7, 8.568e-8, -7.216e-7, -5.944e-7, 1.272e-7
0.524, -6.009e-7, -4.898e-7, 1.111e-7, -7.656e-7, -6.124e-7, 1.533e-7, -5.233e-7, -4.048e-7, 1.185e-7, -6.747e-7, -5.161e-7, 1.587e-7, -5.644e-7, -4.613e-7, 1.032e-7, -7.432e-7, -5.888e-7, 1.545e-7, -5.367e-7, -4.504e-7, 8.631e-8, -7.183e-7, -5.904e-7, 1.279e-7
0.520, -5.953e-7, -4.841e-7, 1.112e-7, -7.589e-7, -6.053e-7, 1.536e-7, -5.198e-7, -4.014e-7, 1.185e-7, -6.701e-7, -5.118e-7, 1.583e-7, -5.608e-7, -4.575e-7, 1.034e-7, -7.399e-7, -5.851e-7, 1.548e-7, -5.337e-7, -4.468e-7, 8.683e-8, -7.149e-7, -5.862e-7, 1.288e-7
0.516, -5.891e-7, -4.774e-7, 1.117e-7, -7.533e-7, -5.996e-7, 1.538e-7, -5.170e-7, -3.980e-7, 1.190e-7, -6.646e-7, -5.064e-7, 1.582e-7, -5.564e-7, -4.531e-7, 1.033e-7, -7.356e-7, -5.805e-7, 1.551e-7, -5.300e-7, -4.429e-7, 8.710e-8, -7.104e-7, -5.817e-7, 1.288e-7
0.512, -5.832e-7, -4.717e-7, 1.115e-7, -7.463e-7, -5.927e-7, 1.536e-7, -5.121e-7, -3.941e-7, 1.180e-7, -6.608e-7, -5.031e-7, 1.578e-7, -5.529e-7, -4.492e-7, 1.038e-7, -7.315e-7, -5.762e-7, 1.553e-7, -5.257e-7, -4.388e-7, 8.688e-8, -7.054e-7, -5.770e-7, 1.285e-7
0.508, -5.771e-7, -4.655e-7, 1.116e-7, -7.400e-7, -5.861e-7, 1.538e-7, -5.082e-7, -3.900e-7, 1.181e-7, -6.567e-7, -4.984e-7, 1.583e-7, -5.481e-7, -4.447e-7, 1.034e-7, -7.274e-7, -5.718e-7, 1.556e-7, -5.213e-7, -4.346e-7, 8.674e-8, -7.003e-7, -5.714e-7, 1.289e-7
0.504, -5.704e-7, -4.584e-7, 1.121e-7, -7.343e-7, -5.801e-7, 1.542e-7, -5.046e-7, -3.862e-7, 1.184e-7, -6.516e-7, -4.938e-7, 1.578e-7, -5.440e-7, -4.408e-7, 1.032e-7, -7.231e-7, -5.673e-7, 1.557e-7, -5.174e-7, -4.302e-7, 8.719e-8, -6.965e-7, -5.675e-7, 1.290e-7
0.500, -5.640e-7, -4.522e-7, 1.118e-7, -7.267e-7, -5.725e-7, 1.542e-7, -4.986e-7, -3.812e-7, 1.174e-7, -6.467e-7, -4.892e-7, 1.575e-7, -5.384e-7, -4.351e-7, 1.033e-7, -7.183e-7, -5.621e-7, 1.562e-7, -5.129e-7, -4.257e-7, 8.713e-8, -6.903e-7, -5.615e-7, 1.288e-7
0.496, -5.571e-7, -4.455e-7, 1.116e-7, -7.195e-7, -5.659e-7, 1.536e-7, -4.942e-7, -3.774e-7, 1.168e-7, -6.417e-7, -4.842e-7, 1.574e-7, -5.327e-7, -4.305e-7, 1.022e-7, -7.135e-7, -5.580e-7, 1.556e-7, -5.071e-7, -4.203e-7, 8.687e-8, -6.839e-7, -5.561e-7, 1.278e-7
0.492, -5.505e-7, -4.392e-7, 1.113e-7, -7.114e-7, -5.589e-7, 1.525e-7, -4.895e-7, -3.729e-7, 1.166e-7, -6.365e-7, -4.799e-7, 1.566e-7, -5.277e-7, -4.256e-7, 1.021e-7, -7.087e-7, -5.532e-7, 1.555e-7, -5.011e-7, -4.154e-7, 8.564e-8, -6.783e-7, -5.508e-7, 1.275e-7
0.488, -5.450e-7, -4.337e-7, 1.113e-7, -7.055e-7, -5.523e-7, 1.532e-7, -4.841e-7, -3.682e-7, 1.158e-7, -6.314e-7, -4.755e-7, 1.560e-7, -5.216e-7, -4.201e-7, 1.015e-7, -7.037e-7, -5.486e-7, 1.551e-7, -4.956e-7, -4.101e-7, 8.553e-8, -6.727e-7, -5.450e-7, 1.276e-7
0.484, -5.387e-7, -4.272e-7, 1.115e-7, -6.987e-7, -5.461e-7, 1.526e-7, -4.798e-7, -3.644e-7, 1.154e-7, -6.258e-7, -4.704e-7, 1.554e-7, -5.159e-7, -4.149e-7, 1.010e-7, -6.989e-7, -5.435e-7, 1.554e-7, -4.898e-7, -4.050e-7, 8.479e-8, -6.663e-7, -5.395e-7, 1.268e-7
0.480, -5.322e-7, -4.210e-7, 1.112e-7, -6.919e-7, -5.394e-7, 1.525e-7, -4.752e-7, -3.603e-7, 1.149e-7, -6.217e-7, -4.664e-7, 1.553e-7, -5.107e-7, -4.100e-7, 1.007e-7, -6.935e-7, -5.383e-7, 1.552e-7, -4.856e-7, -4.005e-7, 8.512e-8, -6.602e-7, -5.335e-7, 1.267e-7
0.476, -5.257e-7, -4.151e-7, 1.106e-7, -6.844e-7, -5.329e-7, 1.516e-7, -4.691e-7, -3.552e-7, 1.139e-7, -6.153e-7, -4.610e-7, 1.544e-7, -5.045e-7, -4.048e-7, 9.966e-8, -6.879e-7, -5.333e-7, 1.546e-7, -4.793e-7, -3.948e-7, 8.451e-8, -6.541e-7, -5.284e-7, 1.257e-7
0.472, -5.194e-7, -4.093e-7, 1.101e-7, -6.784e-7, -5.272e-7, 1.512e-7, -4.653e-7, -3.517e-7, 1.136e-7, -6.117e-7, -4.571e-7, 1.546e-7, -5.001e-7, -4.004e-7, 9.967e-8, -6.831e-7, -5.287e-7, 1.544e-7, -4.740e-7, -3.901e-7, 8.386e-8, -6.474e-7, -5.224e-7, 1.250e-7
0.468, -5.137e-7, -4.033e-7, 1.105e-7, -6.716e-7, -5.204e-7, 1.512e-7, -4.603e-7, -3.470e-7, 1.133e-7, -6.054e-7, -4.515e-7, 1.538e-7, -4.938e-7, -3.946e-7, 9.920e-8, -6.785e-7, -5.236e-7, 1.549e-7, -4.674e-7, -3.841e-7, 8.336e-8, -6.412e-7, -5.160e-7, 1.251e-7
0.464, -5.083e-7, -3.982e-7, 1.101e-7, -6.652e-7, -5.148e-7, 1.504e-7, -4.561e-7, -3.435e-7, 1.126e-7, -6.013e-7, -4.478e-7, 1.535e-7, -4.887e-7, -3.901e-7, 9.859e-8, -6.733e-7, -5.190e-7, 1.542e-7, -4.626e-7, -3.795e-7, 8.308e-8, -6.349e-7, -5.107e-7, 1.242e-7
0.460, -5.036e-7, -3.935e-7, 1.101e-7, -6.593e-7, -5.090e-7, 1.503e-7, -4.521e-7, -3.400e-7, 1.121e-7, -5.965e-7, -4.433e-7, 1.532e-7, -4.839e-7, -3.854e-7, 9.847e-8, -6.678e-7, -5.137e-7, 1.541e-7, -4.569e-7, -3.746e-7, 8.233e-8, -6.285e-7, -5.047e-7, 1.238e-7
0.456, -4.979e-7, -3.878e-7, 1.101e-7, -6.531e-7, -5.029e-7, 1.502e-7, -4.476e-7, -3.356e-7, 1.120e-7, -5.911e-7, -4.383e-7, 1.529e-7, -4.783e-7, -3.804e-7, 9.797e-8, -6.626e-7, -5.090e-7, 1.537e-7, -4.518e-7, -3.698e-7, 8.200e-8, -6.223e-7, -4.990e-7, 1.233e-7
0.452, -4.929e-7, -3.831e-7, 1.098e-7, -6.474e-7, -4.974e-7, 1.500e-7, -4.435e-7, -3.317e-7, 1.118e-7, -5.862e-7, -4.340e-7, 1.521e-7, -4.740e-7, -3.763e-7, 9.768e-8, -6.577e-7, -5.043e-7, 1.534e-7, -4.465e-7, -3.650e-7, 8.146e-8, -6.159e-7, -4.936e-7, 1.223e-7
0.448, -4.886e-7, -3.787e-7, 1.099e-7, -6.418e-7, -4.924e-7, 1.494e-7, -4.391e-7, -3.281e-7, 1.109e-7, -5.831e-7, -4.308e-7, 1.523e-7, -4.687e-7, -3.716e-7, 9.705e-8, -6.528e-7, -4.999e-7, 1.528e-7, -4.422e-7, -3.610e-7, 8.121e-8, -6.106e-7, -4.888e-7, 1.218e-7
0.444, -4.830e-7, -3.734e-7, 1.097e-7, -6.351e-7, -4.865e-7, 1.486e-7, -4.349e-7, -3.240e-7, 1.109e-7, -5.768e-7, -4.256e-7, 1.511e-7, -4.640e-7, -3.673e-7, 9.673e-8, -6.466e-7, -4.941e-7, 1.525e-7, -4.368e-7, -3.558e-7, 8.098e-8, -6.045e-7, -4.826e-7, 1.219e-7
0.440, -4.785e-7, -3.690e-7, 1.095e-7, -6.304e-7, -4.815e-7, 1.489e-7, -4.303e-7, -3.199e-7, 1.104e-7, -5.729e-7, -4.219e-7, 1.511e-7, -4.595e-7, -3.630e-7, 9.651e-8, -6.425e-7, -4.906e-7, 1.519e-7, -4.325e-7, -3.520e-7, 8.055e-8, -5.988e-7, -4.778e-7, 1.210e-7
0.436, -4.743e-7, -3.650e-7, 1.092e-7, -6.250e-7, -4.763e-7, 1.487e-7, -4.276e-7, -3.175e-7, 1.101e-7, -5.680e-7, -4.183e-7, 1.497e-7, -4.556e-7, -3.595e-7, 9.612e-8, -6.385e-7, -4.864e-7, 1.521e-7, -4.277e-7, -3.477e-7, 7.995e-8, -5.948e-7, -4.735e-7, 1.213e-7
0.432, -4.710e-7, -3.618e-7, 1.092e-7, -6.213e-7, -4.724e-7, 1.490e-7, -4.241e-7, -3.141e-7, 1.100e-7, -5.653e-7, -4.151e-7, 1.502e-7, -4.526e-7, -3.562e-7, 9.637e-8, -6.350e-7, -4.830e-7, 1.520e-7, -4.248e-7, -3.447e-7, 8.010e-8, -5.900e-7, -4.694e-7, 1.206e-7
0.428, -4.680e-7, -3.579e-7, 1.101e-7, -6.169e-7, -4.681e-7, 1.488e-7, -4.218e-7, -3.113e-7, 1.105e-7, -5.622e-7, -4.115e-7, 1.507e-7, -4.488e-7, -3.525e-7, 9.636e-8, -6.317e-7, -4.794e-7, 1.523e-7, -4.215e-7, -3.412e-7, 8.026e-8, -5.849e-7, -4.644e-7, 1.205e-7
0.424, -4.638e-7, -3.538e-7, 1.100e-7, -6.125e-7, -4.637e-7, 1.488e-7, -4.184e-7, -3.084e-7, 1.100e-7, -5.583e-7, -4.080e-7, 1.504e-7, -4.456e-7, -3.491e-7, 9.646e-8, -6.269e-7, -4.748e-7, 1.520e-7, -4.177e-7, -3.374e-7, 8.032e-8, -5.809e-7, -4.603e-7, 1.206e-7
0.420, -4.606e-7, -3.505e-7, 1.100e-7, -6.080e-7, -4.594e-7, 1.486e-7, -4.150e-7, -3.052e-7, 1.098e-7, -5.552e-7, -4.050e-7, 1.502e-7, -4.426e-7, -3.460e-7, 9.660e-8, -6.226e-7, -4.711e-7, 1.515e-7, -4.147e-7, -3.342e-7, 8.044e-8, -5.765e-7, -4.561e-7, 1.204e-7
0.416, -4.572e-7, -3.470e-7, 1.103e-7, -6.032e-7, -4.549e-7, 1.484e-7, -4.120e-7, -3.022e-7, 1.098e-7, -5.510e-7, -4.011e-7, 1.499e-7, -4.390e-7, -3.425e-7, 9.645e-8, -6.194e-7, -4.677e-7, 1.516e-7, -4.117e-7, -3.315e-7, 8.026e-8, -5.731e-7, -4.528e-7, 1.203e-7
0.412, -4.550e-7, -3.446e-7, 1.105e-7, -6.006e-7, -4.515e-7, 1.491e-7, -4.099e-7, -3.004e-7, 1.096e-7, -5.489e-7, -3.990e-7, 1.499e-7, -4.363e-7, -3.404e-7, 9.590e-8, -6.159e-7, -4.647e-7, 1.513e-7, -4.091e-7, -3.287e-7, 8.046e-8, -5.694e-7, -4.491e-7, 1.203e-7
0.408, -4.536e-7, -3.419e-7, 1.117e-7, -5.983e-7, -4.485e-7, 1.497e-7, -4.085e-7, -2.981e-7, 1.104e-7, -5.474e-7, -3.967e-7, 1.507e-7, -4.356e-7, -3.382e-7, 9.741e-8, -6.141e-7, -4.622e-7, 1.520e-7, -4.080e-7, -3.267e-7, 8.135e-8, -5.675e-7, -4.465e-7, 1.210e-7
0.404, -4.503e-7, -3.387e-7, 1.116e-7, -5.946e-7, -4.448e-7, 1.498e-7, -4.058e-7, -2.958e-7, 1.100e-7, -5.437e-7, -3.933e-7, 1.504e-7, -4.327e-7, -3.357e-7, 9.699e-8, -6.108e-7, -4.593e-7, 1.515e-7, -4.051e-7, -3.238e-7, 8.125e-8, -5.636e-7, -4.431e-7, 1.204e-7
0.400, -4.481e-7, -3.363e-7, 1.118e-7, -5.925e-7, -4.424e-7, 1.501e-7, -4.040e-7, -2.940e-7, 1.100e-7, -5.420e-7, -3.915e-7, 1.505e-7, -4.314e-7, -3.341e-7, 9.731e-8, -6.086e-7, -4.569e-7, 1.517e-7, -4.040e-7, -3.227e-7, 8.131e-8, -5.619e-7, -4.409e-7, 1.210e-7
0.396, -4.475e-7, -3.349e-7, 1.127e-7, -5.903e-7, -4.398e-7, 1.505e-7, -4.026e-7, -2.922e-7, 1.104e-7, -5.410e-7, -3.892e-7, 1.518e-7, -4.296e-7, -3.320e-7, 9.757e-8, -6.070e-7, -4.548e-7, 1.522e-7, -4.022e-7, -3.199e-7, 8.236e-8, -5.598e-7, -4.386e-7, 1.212e-7
0.392, -4.459e-7, -3.324e-7, 1.135e-7, -5.885e-7, -4.373e-7, 1.512e-7, -4.016e-7, -2.902e-7, 1.114e-7, -5.383e-7, -3.865e-7, 1.517e-7, -4.292e-7, -3.307e-7, 9.851e-8, -6.044e-7, -4.519e-7, 1.525e-7, -4.013e-7, -3.186e-7, 8.268e-8, -5.590e-7, -4.366e-7, 1.224e-7
0.388, -4.445e-7, -3.309e-7, 1.137e-7, -5.869e-7, -4.359e-7, 1.511e-7, -4.007e-7, -2.896e-7, 1.111e-7, -5.378e-7, -3.860e-7, 1.518e-7, -4.279e-7, -3.293e-7, 9.855e-8, -6.031e-7, -4.511e-7, 1.520e-7, -4.000e-7, -3.175e-7, 8.259e-8, -5.568e-7, -4.349e-7, 1.219e-7
0.384, -4.444e-7, -3.298e-7, 1.146e-7, -5.867e-7, -4.343e-7, 1.524e-7, -4.007e-7, -2.882e-7, 1.125e-7, -5.375e-7, -3.850e-7, 1.525e-7, -4.277e-7, -3.282e-7, 9.942e-8, -6.019e-7, -4.493e-7, 1.526e-7, -3.999e-7, -3.164e-7, 8.357e-8, -5.568e-7, -4.338e-7, 1.230e-7
0.380, -4.440e-7, -3.287e-7, 1.152e-7, -5.854e-7, -4.326e-7, 1.528e-7, -4.001e-7, -2.875e-7, 1.126e-7, -5.362e-7, -3.834e-7, 1.528e-7, -4.279e-7, -3.277e-7, 1.002e-7, -6.014e-7, -4.485e-7, 1.529e-7, -3.997e-7, -3.154e-7, 8.431e-8, -5.555e-7, -4.323e-7, 1.233e-7
0.376, -4.444e-7, -3.277e-7, 1.167e-7, -5.865e-7, -4.323e-7, 1.542e-7, -4.012e-7, -2.876e-7, 1.136e-7, -5.373e-7, -3.832e-7, 1.541e-7, -4.285e-7, -3.274e-7, 1.011e-7, -6.018e-7, -4.476e-7, 1.542e-7, -4.009e-7, -3.155e-7, 8.539e-8, -5.568e-7, -4.322e-7, 1.246e-7
0.372, -4.450e-7, -3.277e-7, 1.173e-7, -5.869e-7, -4.314e-7, 1.555e-7, -4.021e-7, -2.872e-7, 1.148e-7, -5.384e-7, -3.835e-7, 1.549e-7, -4.292e-7, -3.273e-7, 1.019e-7, -6.024e-7, -4.477e-7, 1.547e-7, -4.019e-7, -3.153e-7, 8.660e-8, -5.576e-7, -4.320e-7, 1.257e-7
0.368, -4.465e-7, -3.277e-7, 1.188e-7, -5.887e-7, -4.317e-7, 1.570e-7, -4.032e-7, -2.876e-7, 1.156e-7, -5.391e-7, -3.834e-7, 1.557e-7, -4.308e-7, -3.278e-7, 1.030e-7, -6.036e-7, -4.479e-7, 1.557e-7, -4.034e-7, -3.159e-7, 8.746e-8, -5.591e-7, -4.324e-7, 1.267e-7
0.364, -4.487e-7, -3.284e-7, 1.203e-7, -5.909e-7, -4.326e-7, 1.583e-7, -4.052e-7, -2.881e-7, 1.171e-7, -5.418e-7, -3.845e-7, 1.574e-7, -4.330e-7, -3.285e-7, 1.045e-7, -6.051e-7, -4.483e-7, 1.568e-7, -4.046e-7, -3.161e-7, 8.857e-8, -5.613e-7, -4.332e-7, 1.280e-7
0.360, -4.500e-7, -3.287e-7, 1.213e-7, -5.925e-7, -4.333e-7, 1.592e-7, -4.067e-7, -2.884e-7, 1.182e-7, -5.433e-7, -3.848e-7, 1.585e-7, -4.342e-7, -3.287e-7, 1.055e-7, -6.063e-7, -4.489e-7, 1.574e-7, -4.070e-7, -3.171e-7, 8.995e-8, -5.639e-7, -4.344e-7, 1.295e-7
0.356, -4.524e-7, -3.295e-7, 1.229e-7, -5.953e-7, -4.343e-7, 1.610e-7, -4.088e-7, -2.895e-7, 1.192e-7, -5.463e-7, -3.863e-7, 1.600e-7, -4.379e-7, -3.307e-7, 1.072e-7, -6.096e-7, -4.507e-7, 1.589e-7, -4.099e-7, -3.183e-7, 9.161e-8, -5.671e-7, -4.359e-7, 1.311e-7
0.352, -4.560e-7, -3.315e-7, 1.245e-7, -6.003e-7, -4.371e-7, 1.632e-7, -4.125e-7, -2.915e-7, 1.210e-7, -5.499e-7, -3.884e-7, 1.614e-7, -4.413e-7, -3.325e-7, 1.088e-7, -6.136e-7, -4.528e-7, 1.608e-7, -4.133e-7, -3.205e-7, 9.280e-8, -5.716e-7, -4.385e-7, 1.330e-7
0.348, -4.597e-7, -3.331e-7, 1.266e-7, -6.043e-7, -4.388e-7, 1.655e-7, -4.155e-7, -2.931e-7, 1.224e-7, -5.539e-7, -3.904e-7, 1.635e-7, -4.453e-7, -3.349e-7, 1.105e-7, -6.161e-7, -4.543e-7, 1.618e-7, -4.173e-7, -3.222e-7, 9.505e-8, -5.751e-7, -4.400e-7, 1.351e-7
0.344, -4.636e-7, -3.352e-7, 1.284e-7, -6.092e-7, -4.424e-7, 1.668e-7, -4.197e-7, -2.952e-7, 1.245e-7, -5.586e-7, -3.934e-7, 1.653e-7, -4.491e-7, -3.370e-7, 1.120e-7, -6.215e-7, -4.578e-7, 1.638e-7, -4.209e-7, -3.247e-7, 9.616e-8, -5.802e-7, -4.436e-7, 1.367e-7
0.340, -4.675e-7, -3.374e-7, 1.301e-7, -6.152e-7, -4.452e-7, 1.699e-7, -4.238e-7, -2.974e-7, 1.264e-7, -5.631e-7, -3.957e-7, 1.674e-7, -4.530e-7, -3.387e-7, 1.143e-7, -6.258e-7, -4.599e-7, 1.659e-7, -4.253e-7, -3.268e-7, 9.859e-8, -5.853e-7, -4.461e-7, 1.393e-7
0.336, -4.727e-7, -3.408e-7, 1.319e-7, -6.209e-7, -4.491e-7, 1.718e-7, -4.274e-7, -2.999e-7, 1.276e-7, -5.688e-7, -3.997e-7, 1.691e-7, -4.580e-7, -3.423e-7, 1.157e-7, -6.309e-7, -4.636e-7, 1.673e-7, -4.301e-7, -3.299e-7, 1.001e-7, -5.910e-7, -4.501e-7, 1.409e-7
0.332, -4.790e-7, -3.446e-7, 1.344e-7, -6.284e-7, -4.538e-7, 1.746e-7, -4.326e-7, -3.031e-7, 1.295e-7, -5.756e-7, -4.036e-7, 1.720e-7, -4.632e-7, -3.458e-7, 1.173e-7, -6.381e-7, -4.682e-7, 1.699e-7, -4.358e-7, -3.334e-7, 1.024e-7, -5.978e-7, -4.541e-7, 1.437e-7
0.328, -4.841e-7, -3.476e-7, 1.366e-7, -6.354e-7, -4.579e-7, 1.775e-7, -4.395e-7, -3.073e-7, 1.322e-7, -5.814e-7, -4.077e-7, 1.736e-7, -4.704e-7, -3.498e-7, 1.206e-7, -6.440e-7, -4.721e-7, 1.720e-7, -4.419e-7, -3.370e-7, 1.048e-7, -6.051e-7, -4.583e-7, 1.468e-7
0.324, -4.897e-7, -3.507e-7, 1.390e-7, -6.425e-7, -4.625e-7, 1.800e-7, -4.437e-7, -3.097e-7, 1.340e-7, -5.878e-7, -4.116e-7, 1.762e-7, -4.758e-7, -3.532e-7, 1.227e-7, -6.505e-7, -4.762e-7, 1.743e-7, -4.478e-7, -3.406e-7, 1.072e-7, -6.110e-7, -4.620e-7, 1.490e-7
0.320, -4.973e-7, -3.555e-7, 1.418e-7, -6.522e-7, -4.681e-7, 1.841e-7, -4.503e-7, -3.141e-7, 1.362e-7, -5.962e-7, -4.173e-7, 1.789e-7, -4.825e-7, -3.574e-7, 1.251e-7, -6.580e-7, -4.809e-7, 1.771e-7, -4.538e-7, -3.442e-7, 1.096e-7, -6.183e-7, -4.667e-7, 1.516e-7
0.316, -5.046e-7, -3.598e-7, 1.448e-7, -6.608e-7, -4.736e-7, 1.872e-7, -4.571e-7, -3.184e-7, 1.387e-7, -6.039e-7, -4.216e-7, 1.822e-7, -4.896e-7, -3.614e-7, 1.282e-7, -6.654e-7, -4.856e-7, 1.797e-7, -4.611e-7, -3.484e-7, 1.126e-7, -6.262e-7, -4.715e-7, 1.547e-7
0.312, -5.127e-7, -3.650e-7, 1.477e-7, -6.701e-7, -4.794e-7, 1.908e-7, -4.640e-7, -3.229e-7, 1.412e-7, -6.127e-7, -4.274e-7, 1.853e-7, -4.971e-7, -3.663e-7, 1.308e-7, -6.736e-7, -4.905e-7, 1.830e-7, -4.681e-7, -3.528e-7, 1.153e-7, -6.345e-7, -4.766e-7, 1.579e-7
0.308, -5.204e-7, -3.703e-7, 1.501e-7, -6.789e-7, -4.851e-7, 1.939e-7, -4.711e-7, -3.275e-7, 1.436e-7, -6.210e-7, -4.327e-7, 1.883e-7, -5.045e-7, -3.713e-7, 1.332e-7, -6.813e-7, -4.958e-7, 1.855e-7, -4.751e-7, -3.573e-7, 1.178e-7, -6.423e-7, -4.813e-7, 1.610e-7
0.304, -5.290e-7, -3.754e-7, 1.536e-7, -6.900e-7, -4.924e-7, 1.976e-7, -4.798e-7, -3.327e-7, 1.472e-7, -6.308e-7, -4.395e-7, 1.913e-7, -5.126e-7, -3.765e-7, 1.362e-7, -6.900e-7, -5.015e-7, 1.885e-7, -4.826e-7, -3.621e-7, 1.205e-7, -6.503e-7, -4.865e-7, 1.638e-7
0.300, -5.385e-7, -3.813e-7, 1.573e-7, -7.009e-7, -4.994e-7, 2.015e-7, -4.882e-7, -3.377e-7, 1.504e-7, -6.396e-7, -4.449e-7, 1.946e-7, -5.203e-7, -3.811e-7, 1.392e-7, -6.984e-7, -5.068e-7, 1.915e-7, -4.910e-7, -3.671e-7, 1.239e-7, -6.587e-7, -4.915e-7, 1.671e-7
0.296, -5.462e-7, -3.865e-7, 1.597e-7, -7.102e-7, -5.055e-7, 2.047e-7, -4.954e-7, -3.430e-7, 1.524e-7, -6.490e-7, -4.513e-7, 1.977e-7, -5.279e-7, -3.863e-7, 1.416e-7, -7.058e-7, -5.119e-7, 1.939e-7, -4.979e-7, -3.715e-7, 1.264e-7, -6.663e-7, -4.968e-7, 1.695e-7
0.292, -5.569e-7, -3.936e-7, 1.632e-7, -7.222e-7, -5.137e-7, 2.085e-7, -5.044e-7, -3.490e-7, 1.554e-7, -6.596e-7, -4.585e-7, 2.010e-7, -5.361e-7, -3.920e-7, 1.441e-7, -7.152e-7, -5.183e-7, 1.969e-7, -5.058e-7, -3.768e-7, 1.290e-7, -6.750e-7, -5.027e-7, 1.723e-7
0.288, -5.668e-7, -4.005e-7, 1.663e-7, -7.336e-7, -5.214e-7, 2.122e-7, -5.140e-7, -3.551e-7, 1.589e-7, -6.701e-7, -4.664e-7, 2.038e-7, -5.453e-7, -3.982e-7, 1.471e-7, -7.238e-7, -5.248e-7, 1.990e-7, -5.141e-7, -3.823e-7, 1.317e-7, -6.836e-7, -5.087e-7, 1.749e-7
0.284, -5.776e-7, -4.076e-7, 1.700e-7, -7.463e-7, -5.301e-7, 2.161e-7, -5.232e-7, -3.619e-7, 1.614e-7, -6.817e-7, -4.738e-7, 2.078e-7, -5.548e-7, -4.045e-7, 1.503e-7, -7.336e-7, -5.315e-7, 2.021e-7, -5.225e-7, -3.880e-7, 1.345e-7, -6.929e-7, -5.150e-7, 1.779e-7
0.280, -5.890e-7, -4.158e-7, 1.732e-7, -7.581e-7, -5.386e-7, 2.196e-7, -5.338e-7, -3.689e-7, 1.649e-7, -6.931e-7, -4.822e-7, 2.109e-7, -5.640e-7, -4.108e-7, 1.532e-7, -7.437e-7, -5.384e-7, 2.053e-7, -5.309e-7, -3.940e-7, 1.370e-7, -7.016e-7, -5.214e-7, 1.802e-7
0.276, -6.008e-7, -4.238e-7, 1.770e-7, -7.725e-7, -5.486e-7, 2.239e-7, -5.444e-7, -3.764e-7, 1.680e-7, -7.056e-7, -4.911e-7, 2.145e-7, -5.741e-7, -4.179e-7, 1.562e-7, -7.539e-7, -5.457e-7, 2.081e-7, -5.399e-7, -4.003e-7, 1.396e-7, -7.124e-7, -5.286e-7, 1.838e-7
0.272, -6.139e-7, -4.331e-7, 1.808e-7, -7.865e-7, -5.586e-7, 2.278e-7, -5.559e-7, -3.842e-7, 1.717e-7, -7.189e-7, -5.002e-7, 2.187e-7, -5.837e-7, -4.248e-7, 1.590e-7, -7.649e-7, -5.534e-7, 2.115e-7, -5.497e-7, -4.069e-7, 1.428e-7, -7.237e-7, -5.364e-7, 1.873e-7
0.268, -6.279e-7, -4.431e-7, 1.847e-7, -8.039e-7, -5.706e-7, 2.333e-7, -5.692e-7, -3.935e-7, 1.757e-7, -7.342e-7, -5.110e-7, 2.232e-7, -5.962e-7, -4.337e-7, 1.624e-7, -7.778e-7, -5.631e-7, 2.147e-7, -5.608e-7, -4.147e-7, 1.461e-7, -7.370e-7, -5.457e-7, 1.912e-7
0.264, -6.429e-7, -4.542e-7, 1.887e-7, -8.216e-7, -5.837e-7, 2.379e-7, -5.824e-7, -4.037e-7, 1.787e-7, -7.502e-7, -5.230e-7, 2.273e-7, -6.086e-7, -4.427e-7, 1.659e-7, -7.912e-7, -5.733e-7, 2.179e-7, -5.729e-7, -4.235e-7, 1.494e-7, -7.506e-7, -5.558e-7, 1.949e-7
0.260, -6.610e-7, -4.674e-7, 1.936e-7, -8.436e-7, -5.994e-7, 2.442e-7, -5.999e-7, -4.157e-7, 1.843e-7, -7.700e-7, -5.370e-7, 2.330e-7, -6.236e-7, -4.538e-7, 1.698e-7, -8.085e-7, -5.859e-7, 2.226e-7, -5.862e-7, -4.333e-7, 1.529e-7, -7.679e-7, -5.689e-7, 1.990e-7
0.256, -6.810e-7, -4.818e-7, 1.992e-7, -8.667e-7, -6.163e-7, 2.504e-7, -6.183e-7, -4.285e-7, 1.897e-7, -7.908e-7, -5.522e-7, 2.385e-7, -6.403e-7, -4.657e-7, 1.746e-7, -8.272e-7, -5.996e-7, 2.276e-7, -6.021e-7, -4.449e-7, 1.572e-7, -7.876e-7, -5.824e-7, 2.052e-7
0.252, -7.044e-7, -4.991e-7, 2.053e-7, -8.953e-7, -6.375e-7, 2.578e-7, -6.390e-7, -4.444e-7, 1.946e-7, -8.165e-7, -5.709e-7, 2.456e-7, -6.608e-7, -4.810e-7, 1.797e-7, -8.498e-7, -6.160e-7, 2.338e-7, -6.202e-7, -4.584e-7, 1.618e-7, -8.112e-7, -5.999e-7, 2.113e-7
0.248, -7.320e-7, -5.189e-7, 2.131e-7, -9.279e-7, -6.606e-7, 2.673e-7, -6.650e-7, -4.626e-7, 2.024e-7, -8.468e-7, -5.929e-7, 2.540e-7, -6.843e-7, -4.983e-7, 1.861e-7, -8.767e-7, -6.354e-7, 2.413e-7, -6.427e-7, -4.748e-7, 1.679e-7, -8.386e-7, -6.196e-7, 2.190e-7
0.244, -7.639e-7, -5.418e-7, 2.221e-7, -9.678e-7, -6.894e-7, 2.784e-7, -6.950e-7, -4.844e-7, 2.106e-7, -8.826e-7, -6.184e-7, 2.641e-7, -7.120e-7, -5.184e-7, 1.937e-7, -9.096e-7, -6.592e-7, 2.505e-7, -6.696e-7, -4.936e-7, 1.760e-7, -8.730e-7, -6.440e-7, 2.290e-7
0.240, -8.027e-7, -5.701e-7, 2.327e-7, -1.015e-6, -7.234e-7, 2.916e-7, -7.311e-7, -5.105e-7, 2.205e-7, -9.256e-7, -6.497e-7, 2.759e-7, -7.454e-7, -5.428e-7, 2.026e-7, -9.488e-7, -6.877e-7, 2.611e-7, -7.015e-7, -5.169e-7, 1.846e-7, -9.143e-7, -6.738e-7, 2.405e-7
0.236, -8.483e-7, -6.031e-7, 2.452e-7, -1.072e-6, -7.637e-7, 3.082e-7, -7.753e-7, -5.424e-7, 2.328e-7, -9.776e-7, -6.871e-7, 2.905e-7, -7.862e-7, -5.717e-7, 2.145e-7, -9.967e-7, -7.223e-7, 2.745e-7, -7.401e-7, -5.450e-7, 1.951e-7, -9.647e-7, -7.096e-7, 2.552e-7
0.232, -9.040e-7, -6.419e-7, 2.622e-7, -1.139e-6, -8.113e-7, 3.277e-7, -8.271e-7, -5.791e-7, 2.480e-7, -1.041e-6, -7.315e-7, 3.092e-7, -8.350e-7, -6.066e-7, 2.284e-7, -1.054e-6, -7.629e-7, 2.914e-7, -7.875e-7, -5.785e-7, 2.090e-7, -1.025e-6, -7.521e-7, 2.727e-7
0.228, -9.708e-7, -6.896e-7, 2.812e-7, -1.221e-6, -8.691e-7, 3.520e-7, -8.906e-7, -6.239e-7, 2.667e-7, -1.116e-6, -7.851e-7, 3.307e-7, -8.949e-7, -6.486e-7, 2.463e-7, -1.124e-6, -8.128e-7, 3.116e-7, -8.444e-7, -6.189e-7, 2.255e-7, -1.099e-6, -8.046e-7, 2.944e-7
0.224, -1.050e-6, -7.449e-7, 3.052e-7, -1.319e-6, -9.371e-7, 3.816e-7, -9.665e-7, -6.771e-7, 2.894e-7, -1.209e-6, -8.497e-7, 3.589e-7, -9.659e-7, -6.985e-7, 2.674e-7, -1.209e-6, -8.718e-7, 3.372e-7, -9.131e-7, -6.668e-7, 2.463e-7, -1.188e-6, -8.661e-7, 3.218e-7
0.220, -1.144e-6, -8.103e-7, 3.342e-7, -1.435e-6, -1.018e-6, 4.174e-7, -1.057e-6, -7.403e-7, 3.170e-7, -1.316e-6, -9.246e-7, 3.915e-7, -1.050e-6, -7.575e-7, 2.929e-7, -1.310e-6, -9.418e-7, 3.680e-7, -9.946e-7, -7.235e-7, 2.710e-7, -1.294e-6, -9.403e-7, 3.540e-7
0.216, -1.256e-6, -8.874e-7, 3.685e-7, -1.572e-6, -1.112e-6, 4.602e-7, -1.164e-6, -8.141e-7, 3.502e-7, -1.446e-6, -1.014e-6, 4.312e-7, -1.150e-6, -8.263e-7, 3.241e-7, -1.430e-6, -1.025e-6, 4.055e-7, -1.092e-6, -7.908e-7, 3.015e-7, -1.421e-6, -1.028e-6, 3.937e-7
0.212, -1.384e-6, -9.750e-7, 4.095e-7, -1.732e-6, -1.221e-6, 5.111e-7, -1.289e-6, -8.996e-7, 3.893e-7, -1.597e-6, -1.117e-6, 4.793e-7, -1.267e-6, -9.054e-7, 3.614e-7, -1.569e-6, -1.120e-6, 4.498e-7, -1.206e-6, -8.683e-7, 3.373e-7, -1.570e-6, -1.129e-6, 4.406e-7
0.208, -1.535e-6, -1.077e-6, 4.580e-7, -1.920e-6, -1.348e-6, 5.715e-7, -1.434e-6, -9.984e-7, 4.357e-7, -1.774e-6, -1.238e-6, 5.359e-7, -1.402e-6, -9.977e-7, 4.047e-7, -1.734e-6, -1.231e-6, 5.028e-7, -1.338e-6, -9.582e-7, 3.802e-7, -1.744e-6, -1.247e-6, 4.975e-7
0.204, -1.708e-6, -1.193e-6, 5.156e-7, -2.136e-6, -1.493e-6, 6.433e-7, -1.604e-6, -1.112e-6, 4.920e-7, -1.981e-6, -1.377e-6, 6.038e-7, -1.559e-6, -1.102e-6, 4.567e-7, -1.926e-6, -1.359e-6, 5.664e-7, -1.492e-6, -1.061e-6, 4.309e-7, -1.948e-6, -1.383e-6, 5.653e-7
0.200, -1.902e-6, -1.322e-6, 5.801e-7, -2.381e-6, -1.656e-6, 7.244e-7, -1.795e-6, -1.240e-6, 5.546e-7, -2.216e-6, -1.535e-6, 6.816e-7, -1.735e-6, -1.220e-6, 5.154e-7, -2.141e-6, -1.503e-6, 6.381e-7, -1.665e-6, -1.176e-6, 4.892e-7, -2.179e-6, -1.536e-6, 6.426e-7
0.196, -2.119e-6, -1.466e-6, 6.532e-7, -2.655e-6, -1.838e-6, 8.169e-7, -2.006e-6, -1.381e-6, 6.252e-7, -2.480e-6, -1.710e-6, 7.696e-7, -1.932e-6, -1.350e-6, 5.823e-7, -2.383e-6, -1.662e-6, 7.203e-7, -1.859e-6, -1.304e-6, 5.551e-7, -2.438e-6, -1.707e-6, 7.309e-7
0.192, -2.357e-6, -1.623e-6, 7.345e-7, -2.957e-6, -2.037e-6, 9.204e-7, -2.242e-6, -1.537e-6, 7.047e-7, -2.771e-6, -1.903e-6, 8.684e-7, -2.147e-6, -1.491e-6, 6.559e-7, -2.650e-6, -1.838e-6, 8.117e-7, -2.072e-6, -1.443e-6, 6.283e-7, -2.724e-6, -1.893e-6, 8.301e-7
0.188, -2.616e-6, -1.793e-6, 8.225e-7, -3.285e-6, -2.252e-6, 1.033e-6, -2.495e-6, -1.704e-6, 7.907e-7, -3.091e-6, -2.114e-6, 9.773e-7, -2.381e-6, -1.644e-6, 7.369e-7, -2.940e-6, -2.027e-6, 9.125e-7, -2.302e-6, -1.594e-6, 7.086e-7, -3.035e-6, -2.096e-6, 9.391e-7
0.184, -2.888e-6, -1.971e-6, 9.163e-7, -3.633e-6, -2.479e-6, 1.153e-6, -2.766e-6, -1.883e-6, 8.831e-7, -3.431e-6, -2.337e-6, 1.094e-6, -2.627e-6, -1.804e-6, 8.225e-7, -3.247e-6, -2.227e-6, 1.020e-6, -2.546e-6, -1.751e-6, 7.947e-7, -3.365e-6, -2.309e-6, 1.056e-6
0.180, -3.169e-6, -2.157e-6, 1.012e-6, -3.992e-6, -2.715e-6, 1.277e-6, -3.044e-6, -2.067e-6, 9.774e-7, -3.784e-6, -2.570e-6, 1.214e-6, -2.880e-6, -1.969e-6, 9.103e-7, -3.565e-6, -2.434e-6, 1.131e-6, -2.798e-6, -1.915e-6, 8.830e-7, -3.706e-6, -2.529e-6, 1.178e-6
0.176, -3.452e-6, -2.344e-6, 1.108e-6, -4.358e-6, -2.954e-6, 1.404e-6, -3.327e-6, -2.254e-6, 1.073e-6, -4.146e-6, -2.808e-6, 1.338e-6, -3.135e-6, -2.135e-6, 9.995e-7, -3.886e-6, -2.642e-6, 1.244e-6, -3.052e-6, -2.079e-6, 9.732e-7, -4.054e-6, -2.751e-6, 1.302e-6
0.172, -3.731e-6, -2.528e-6, 1.203e-6, -4.718e-6, -3.191e-6, 1.527e-6, -3.605e-6, -2.439e-6, 1.166e-6, -4.504e-6, -3.045e-6, 1.459e-6, -3.383e-6, -2.297e-6, 1.086e-6, -4.202e-6, -2.847e-6, 1.355e-6, -3.299e-6, -2.238e-6, 1.061e-6, -4.393e-6, -2.968e-6, 1.425e-6
0.168, -3.995e-6, -2.704e-6, 1.291e-6, -5.063e-6, -3.419e-6, 1.644e-6, -3.870e-6, -2.616e-6, 1.254e-6, -4.850e-6, -3.275e-6, 1.575e-6, -3.618e-6, -2.450e-6, 1.167e-6, -4.502e-6, -3.042e-6, 1.460e-6, -3.532e-6, -2.389e-6, 1.143e-6, -4.715e-6, -3.174e-6, 1.540e-6
0.164, -4.236e-6, -2.865e-6, 1.371e-6, -5.378e-6, -3.628e-6, 1.750e-6, -4.112e-6, -2.779e-6, 1.334e-6, -5.170e-6, -3.489e-6, 1.681e-6, -3.828e-6, -2.589e-6, 1.240e-6, -4.774e-6, -3.221e-6, 1.554e-6, -3.742e-6, -2.525e-6, 1.217e-6, -5.005e-6, -3.361e-6, 1.644e-6
0.160, -4.444e-6, -3.006e-6, 1.438e-6, -5.653e-6, -3.812e-6, 1.841e-6, -4.323e-6, -2.922e-6, 1.401e-6, -5.452e-6, -3.679e-6, 1.773e-6, -4.008e-6, -2.708e-6, 1.300e-6, -5.009e-6, -3.375e-6, 1.634e-6, -3.921e-6, -2.641e-6, 1.280e-6, -5.256e-6, -3.522e-6, 1.734e-6
0.156, -4.612e-6, -3.122e-6, 1.490e-6, -5.876e-6, -3.963e-6, 1.912e-6, -4.494e-6, -3.039e-6, 1.455e-6, -5.687e-6, -3.839e-6, 1.847e-6, -4.149e-6, -2.802e-6, 1.347e-6, -5.196e-6, -3.499e-6, 1.696e-6, -4.061e-6, -2.732e-6, 1.329e-6, -5.454e-6, -3.650e-6, 1.805e-6
0.152, -4.730e-6, -3.206e-6, 1.524e-6, -6.036e-6, -4.076e-6, 1.960e-6, -4.616e-6, -3.126e-6, 1.490e-6, -5.862e-6, -3.963e-6, 1.899e-6, -4.243e-6, -2.867e-6, 1.376e-6, -5.325e-6, -3.588e-6, 1.737e-6, -4.154e-6, -2.794e-6, 1.360e-6, -5.589e-6, -3.737e-6, 1.851e-6
0.148, -4.789e-6, -3.252e-6, 1.537e-6, -6.119e-6, -4.139e-6, 1.980e-6, -4.678e-6, -3.173e-6, 1.505e-6, -5.962e-6, -4.037e-6, 1.925e-6, -4.282e-6, -2.896e-6, 1.386e-6, -5.387e-6, -3.633e-6, 1.754e-6, -4.193e-6, -2.821e-6, 1.373e-6, -5.650e-6, -3.778e-6, 1.871e-6
0.144, -4.787e-6, -3.259e-6, 1.528e-6, -6.126e-6, -4.153e-6, 1.972e-6, -4.681e-6, -3.182e-6, 1.500e-6, -5.985e-6, -4.062e-6, 1.924e-6, -4.266e-6, -2.890e-6, 1.376e-6, -5.377e-6, -3.634e-6, 1.744e-6, -4.177e-6, -2.812e-6, 1.364e-6, -5.636e-6, -3.772e-6, 1.863e-6
0.140, -4.724e-6, -3.225e-6, 1.499e-6, -6.053e-6, -4.115e-6, 1.938e-6, -4.623e-6, -3.149e-6, 1.473e-6, -5.930e-6, -4.035e-6, 1.896e-6, -4.195e-6, -2.848e-6, 1.347e-6, -5.298e-6, -3.589e-6, 1.709e-6, -4.105e-6, -2.768e-6, 1.337e-6, -5.546e-6, -3.717e-6, 1.829e-6
0.136, -4.597e-6, -3.151e-6, 1.446e-6, -5.896e-6, -4.024e-6, 1.872e-6, -4.499e-6, -3.075e-6, 1.424e-6, -5.792e-6, -3.954e-6, 1.837e-6, -4.067e-6, -2.770e-6, 1.297e-6, -5.147e-6, -3.499e-6, 1.647e-6, -3.976e-6, -2.688e-6, 1.288e-6, -5.379e-6, -3.615e-6, 1.764e-6
0.132, -4.408e-6, -3.037e-6, 1.371e-6, -5.661e-6, -3.883e-6, 1.778e-6, -4.312e-6, -2.960e-6, 1.353e-6, -5.573e-6, -3.821e-6, 1.751e-6, -3.884e-6, -2.658e-6, 1.226e-6, -4.926e-6, -3.366e-6, 1.560e-6, -3.794e-6, -2.574e-6, 1.220e-6, -5.140e-6, -3.468e-6, 1.672e-6
0.128, -4.168e-6, -2.889e-6, 1.279e-6, -5.359e-6, -3.700e-6, 1.659e-6, -4.074e-6, -2.810e-6, 1.264e-6, -5.283e-6, -3.643e-6, 1.641e-6, -3.658e-6, -2.518e-6, 1.140e-6, -4.649e-6, -3.198e-6, 1.451e-6, -3.568e-6, -2.433e-6, 1.135e-6, -4.840e-6, -3.283e-6, 1.558e-6
0.124, -3.885e-6, -2.715e-6, 1.170e-6, -5.001e-6, -3.482e-6, 1.520e-6, -3.792e-6, -2.633e-6, 1.158e-6, -4.937e-6, -3.429e-6, 1.508e-6, -3.396e-6, -2.356e-6, 1.040e-6, -4.327e-6, -3.002e-6, 1.325e-6, -3.306e-6, -2.271e-6, 1.036e-6, -4.494e-6, -3.071e-6, 1.423e-6
0.120, -3.568e-6, -2.521e-6, 1.047e-6, -4.599e-6, -3.238e-6, 1.361e-6, -3.475e-6, -2.437e-6, 1.038e-6, -4.543e-6, -3.187e-6, 1.356e-6, -3.106e-6, -2.179e-6, 9.261e-7, -3.969e-6, -2.787e-6, 1.182e-6, -3.018e-6, -2.095e-6, 9.237e-7, -4.111e-6, -2.839e-6, 1.272e-6
0.116, -3.230e-6, -2.317e-6, 9.132e-7, -4.170e-6, -2.981e-6, 1.189e-6, -3.135e-6, -2.228e-6, 9.073e-7, -4.120e-6, -2.930e-6, 1.190e-6, -2.801e-6, -1.996e-6, 8.057e-7, -3.591e-6, -2.562e-6, 1.029e-6, -2.718e-6, -1.913e-6, 8.052e-7, -3.707e-6, -2.598e-6, 1.109e-6
0.112, -2.889e-6, -2.113e-6, 7.765e-7, -3.736e-6, -2.723e-6, 1.013e-6, -2.792e-6, -2.020e-6, 7.721e-7, -3.686e-6, -2.669e-6, 1.018e-6, -2.496e-6, -1.814e-6, 6.819e-7, -3.211e-6, -2.338e-6, 8.723e-7, -2.417e-6, -1.734e-6, 6.831e-7, -3.306e-6, -2.362e-6, 9.445e-7
0.108, -2.554e-6, -1.915e-6, 6.392e-7, -3.310e-6, -2.473e-6, 8.374e-7, -2.458e-6, -1.821e-6, 6.371e-7, -3.260e-6, -2.415e-6, 8.446e-7, -2.200e-6, -1.641e-6, 5.594e-7, -2.841e-6, -2.124e-6, 7.167e-7, -2.126e-6, -1.564e-6, 5.620e-7, -2.915e-6, -2.135e-6, 7.795e-7
0.104, -2.237e-6, -1.731e-6, 5.056e-7, -2.904e-6, -2.239e-6, 6.652e-7, -2.141e-6, -1.636e-6, 5.052e-7, -2.851e-6, -2.178e-6, 6.739e-7, -1.922e-6, -1.482e-6, 4.404e-7, -2.491e-6, -1.926e-6, 5.658e-7, -1.854e-6, -1.408e-6, 4.456e-7, -2.548e-6, -1.928e-6, 6.206e-7
0.100, -1.947e-6, -1.567e-6, 3.806e-7, -2.532e-6, -2.028e-6, 5.040e-7, -1.852e-6, -1.471e-6, 3.814e-7, -2.476e-6, -1.962e-6, 5.140e-7, -1.671e-6, -1.341e-6, 3.306e-7, -2.173e-6, -1.747e-6, 4.256e-7, -1.609e-6, -1.271e-6, 3.374e-7, -2.215e-6, -1.742e-6, 4.737e-7
0.096, -1.689e-6, -1.423e-6, 2.667e-7, -2.200e-6, -1.843e-6, 3.571e-7, -1.597e-6, -1.328e-6, 2.688e-7, -2.141e-6, -1.774e-6, 3.677e-7, -1.450e-6, -1.219e-6, 2.311e-7, -1.891e-6, -1.593e-6, 2.987e-7, -1.393e-6, -1.153e-6, 2.400e-7, -1.921e-6, -1.581e-6, 3.402e-7
0.092, -1.465e-6, -1.299e-6, 1.656e-7, -1.911e-6, -1.684e-6, 2.276e-7, -1.377e-6, -1.207e-6, 1.698e-7, -1.849e-6, -1.611e-6, 2.380e-7, -1.259e-6, -1.116e-6, 1.430e-7, -1.647e-6, -1.460e-6, 1.873e-7, -1.207e-6, -1.053e-6, 1.539e-7, -1.668e-6, -1.445e-6, 2.235e-7
0.088, -1.275e-6, -1.197e-6, 7.802e-8, -1.663e-6, -1.548e-6, 1.151e-7, -1.190e-6, -1.106e-6, 8.380e-8, -1.599e-6, -1.474e-6, 1.247e-7, -1.099e-6, -1.030e-6, 6.806e-8, -1.439e-6, -1.349e-6, 9.057e-8, -1.051e-6, -9.703e-7, 8.074e-8, -1.454e-6, -1.330e-6, 1.235e-7
0.084, -1.117e-6, -1.113e-6, 4.090e-9, -1.456e-6, -1.437e-6, 1.983e-8, -1.034e-6, -1.022e-6, 1.123e-8, -1.389e-6, -1.361e-6, 2.878e-8, -9.641e-7, -9.594e-7, 4.692e-9, -1.266e-6, -1.257e-6, 8.896e-9, -9.213e-7, -9.025e-7, 1.878e-8, -1.276e-6, -1.237e-6, 3.915e-8
0.080, -9.859e-7, -1.043e-6, -5.694e-8, -1.286e-6, -1.345e-6, -5.872e-8, -9.066e-7, -9.547e-7, -4.818e-8, -1.218e-6, -1.267e-6, -4.974e-8, -8.547e-7, -9.025e-7, -4.776e-8, -1.124e-6, -1.181e-6, -5.740e-8, -8.156e-7, -8.473e-7, -3.172e-8, -1.130e-6, -1.160e-6, -2.996e-8
0.076, -8.818e-7, -9.858e-7, -1.040e-7, -1.149e-6, -1.269e-6, -1.191e-7, -8.053e-7, -8.990e-7, -9.377e-8, -1.079e-6, -1.190e-6, -1.109e-7, -7.672e-7, -8.550e-7, -8.783e-8, -1.010e-6, -1.119e-6, -1.089e-7, -7.316e-7, -8.018e-7, -7.020e-8, -1.014e-6, -1.097e-6, -8.323e-8
0.072, -7.974e-7, -9.387e-7, -1.414e-7, -1.039e-6, -1.207e-6, -1.677e-7, -7.235e-7, -8.533e-7, -1.298e-7, -9.674e-7, -1.127e-6, -1.595e-7, -6.977e-7, -8.167e-7, -1.190e-7, -9.192e-7, -1.069e-6, -1.496e-7, -6.646e-7, -7.656e-7, -1.010e-7, -9.219e-7, -1.047e-6, -1.247e-7
0.068, -7.308e-7, -9.004e-7, -1.697e-7, -9.531e-7, -1.156e-6, -2.033e-7, -6.590e-7, -8.164e-7, -1.575e-7, -8.802e-7, -1.075e-6, -1.951e-7, -6.434e-7, -7.861e-7, -1.427e-7, -8.464e-7, -1.027e-6, -1.806e-7, -6.122e-7, -7.356e-7, -1.234e-7, -8.485e-7, -1.005e-6, -1.562e-7
0.064, -6.800e-7, -8.696e-7, -1.896e-7, -8.835e-7, -1.114e-6, -2.303e-7, -6.089e-7, -7.862e-7, -1.773e-7, -8.109e-7, -1.033e-6, -2.217e-7, -6.000e-7, -7.603e-7, -1.603e-7, -7.893e-7, -9.926e-7, -2.033e-7, -5.714e-7, -7.114e-7, -1.400e-7, -7.914e-7, -9.704e-7, -1.790e-7
0.060, -6.383e-7, -8.421e-7, -2.038e-7, -8.309e-7, -1.079e-6, -2.478e-7, -5.701e-7, -7.602e-7, -1.901e-7, -7.564e-7, -9.963e-7, -2.399e-7, -5.667e-7, -7.388e-7, -1.721e-7, -7.458e-7, -9.639e-7, -2.181e-7, -5.402e-7, -6.912e-7, -1.510e-7, -7.474e-7, -9.419e-7, -1.945e-7
0.056, -6.074e-7, -8.202e-7, -2.128e-7, -7.884e-7, -1.048e-6, -2.598e-7, -5.406e-7, -7.393e-7, -1.987e-7, -7.147e-7, -9.658e-7, -2.511e-7, -5.411e-7, -7.214e-7, -1.802e-7, -7.117e-7, -9.399e-7, -2.283e-7, -5.159e-7, -6.742e-7, -1.583e-7, -7.134e-7, -9.177e-7, -2.042e-7
0.052, -5.835e-7, -8.013e-7, -2.179e-7, -7.573e-7, -1.023e-6, -2.660e-7, -5.178e-7, -7.206e-7, -2.028e-7, -6.824e-7, -9.402e-7, -2.578e-7, -5.220e-7, -7.066e-7, -1.846e-7, -6.851e-7, -9.196e-7, -2.345e-7, -4.977e-7, -6.601e-7, -1.625e-7, -6.881e-7, -8.973e-7, -2.092e-7
0.048, -5.654e-7, -7.857e-7, -2.202e-7, -7.325e-7, -1.002e-6, -2.698e-7, -4.999e-7, -7.052e-7, -2.053e-7, -6.579e-7, -9.180e-7, -2.601e-7, -5.072e-7, -6.941e-7, -1.870e-7, -6.650e-7, -9.023e-7, -2.373e-7, -4.840e-7, -6.485e-7, -1.644e-7, -6.681e-7, -8.806e-7, -2.125e-7
0.044, -5.503e-7, -7.710e-7, -2.207e-7, -7.133e-7, -9.832e-7, -2.699e-7, -4.869e-7, -6.911e-7, -2.042e-7, -6.387e-7, -8.983e-7, -2.596e-7, -4.960e-7, -6.831e-7, -1.872e-7, -6.498e-7, -8.870e-7, -2.372e-7, -4.735e-7, -6.383e-7, -1.649e-7, -6.533e-7, -8.654e-7, -2.121e-7
0.040, -5.392e-7, -7.586e-7, -2.194e-7, -7.006e-7, -9.679e-7, -2.673e-7, -4.768e-7, -6.792e-7, -2.024e-7, -6.245e-7, -8.820e-7, -2.575e-7, -4.884e-7, -6.744e-7, -1.860e-7, -6.384e-7, -8.743e-7, -2.359e-7, -4.657e-7, -6.294e-7, -1.637e-7, -6.429e-7, -8.534e-7, -2.104e-7
0.036, -5.324e-7, -7.488e-7, -2.164e-7, -6.904e-7, -9.535e-7, -2.631e-7, -4.691e-7, -6.689e-7, -1.998e-7, -6.143e-7, -8.672e-7, -2.529e-7, -4.817e-7, -6.656e-7, -1.839e-7, -6.302e-7, -8.629e-7, -2.327e-7, -4.607e-7, -6.217e-7, -1.610e-7, -6.346e-7, -8.414e-7, -2.068e-7
0.032, -5.272e-7, -7.392e-7, -2.120e-7, -6.831e-7, -9.414e-7, -2.583e-7, -4.647e-7, -6.602e-7, -1.955e-7, -6.068e-7, -8.537e-7, -2.469e-7, -4.778e-7, -6.589e-7, -1.811e-7, -6.237e-7, -8.527e-7, -2.290e-7, -4.568e-7, -6.147e-7, -1.579e-7, -6.294e-7, -8.315e-7, -2.021e-7
0.028, -5.233e-7, -7.312e-7, -2.080e-7, -6.767e-7, -9.299e-7, -2.532e-7, -4.602e-7, -6.516e-7, -1.914e-7, -6.011e-7, -8.422e-7, -2.411e-7, -4.747e-7, -6.528e-7, -1.780e-7, -6.195e-7, -8.441e-7, -2.246e-7, -4.540e-7, -6.095e-7, -1.555e-7, -6.265e-7, -8.235e-7, -1.971e-7
0.024, -5.209e-7, -7.246e-7, -2.036e-7, -6.748e-7, -9.206e-7, -2.458e-7, -4.583e-7, -6.451e-7, -1.869e-7, -5.975e-7, -8.321e-7, -2.346e-7, -4.735e-7, -6.479e-7, -1.744e-7, -6.178e-7, -8.369e-7, -2.191e-7, -4.539e-7, -6.049e-7, -1.511e-7, -6.253e-7, -8.165e-7, -1.912e-7
0.020, -5.194e-7, -7.177e-7, -1.983e-7, -6.718e-7, -9.119e-7, -2.401e-7, -4.569e-7, -6.387e-7, -1.818e-7, -5.956e-7, -8.226e-7, -2.269e-7, -4.717e-7, -6.426e-7, -1.709e-7, -6.157e-7, -8.295e-7, -2.138e-7, -4.530e-7, -6.003e-7, -1.473e-7, -6.233e-7, -8.095e-7, -1.862e-7
0.016, -5.185e-7, -7.119e-7, -1.934e-7, -6.718e-7, -9.044e-7, -2.326e-7, -4.565e-7, -6.327e-7, -1.762e-7, -5.937e-7, -8.138e-7, -2.201e-7, -4.721e-7, -6.388e-7, -1.667e-7, -6.153e-7, -8.236e-7, -2.083e-7, -4.531e-7, -5.967e-7, -1.436e-7, -6.245e-7, -8.042e-7, -1.797e-7
0.012, -5.190e-7, -7.068e-7, -1.878e-7, -6.725e-7, -8.985e-7, -2.260e-7, -4.573e-7, -6.280e-7, -1.707e-7, -5.950e-7, -8.075e-7, -2.125e-7, -4.729e-7, -6.357e-7, -1.627e-7, -6.166e-7, -8.188e-7, -2.022e-7, -4.543e-7, -5.939e-7, -1.396e-7, -6.259e-7, -8.000e-7, -1.741e-7
0.008, -5.204e-7, -7.033e-7, -1.829e-7, -6.745e-7, -8.933e-7, -2.188e-7, -4.577e-7, -6.236e-7, -1.659e-7, -5.957e-7, -8.015e-7, -2.058e-7, -4.751e-7, -6.335e-7, -1.583e-7, -6.186e-7, -8.148e-7, -1.962e-7, -4.558e-7, -5.916e-7, -1.358e-7, -6.289e-7, -7.964e-7, -1.676e-7
0.004, -5.220e-7, -6.999e-7, -1.779e-7, -6.768e-7, -8.890e-7, -2.122e-7, -4.589e-7, -6.200e-7, -1.611e-7, -5.976e-7, -7.959e-7, -1.983e-7, -4.757e-7, -6.304e-7, -1.547e-7, -6.201e-7, -8.109e-7, -1.908e-7, -4.579e-7, -5.899e-7, -1.320e-7, -6.319e-7, -7.940e-7, -1.621e-7
0.000, -5.243e-7, -6.976e-7, -1.733e-7, -6.806e-7, -8.859e-7, -2.054e-7, -4.612e-7, -6.174e-7, -1.562e-7, -6.001e-7, -7.920e-7, -1.919e-7, -4.789e-7, -6.298e-7, -1.509e-7, -6.238e-7, -8.089e-7, -1.851e-7, -4.606e-7, -5.886e-7, -1.280e-7, -6.357e-7, -7.921e-7, -1.564e-7
