0.896, -3.146e-6, 8.816e-6, 1.196e-5, -4.241e-6, 9.638e-6, 1.388e-5, -2.928e-6, 7.881e-6, 1.081e-5, -3.871e-6, 8.544e-6, 1.241e-5, -2.891e-6, 8.534e-6, 1.142e-5, -3.682e-6, 9.092e-6, 1.277e-5, -2.288e-6, 8.365e-6, 1.065e-5, -3.109e-6, 9.063e-6, 1.217e-5
0.892, -2.905e-6, 6.810e-6, 9.715e-6, -3.953e-6, 7.095e-6, 1.105e-5, -2.682e-6, 6.051e-6, 8.733e-6, -3.591e-6, 6.247e-6, 9.837e-6, -2.666e-6, 6.569e-6, 9.235e-6, -3.438e-6, 6.728e-6, 1.017e-5, -2.150e-6, 6.480e-6, 8.629e-6, -2.925e-6, 6.753e-6, 9.678e-6
0.888, -2.589e-6, 5.719e-6, 8.307e-6, -3.478e-6, 5.860e-6, 9.338e-6, -2.375e-6, 5.066e-6, 7.441e-6, -3.148e-6, 5.142e-6, 8.290e-6, -2.369e-6, 5.505e-6, 7.874e-6, -3.022e-6, 5.573e-6, 8.595e-6, -1.922e-6, 5.458e-6, 7.380e-6, -2.574e-6, 5.614e-6, 8.188e-6
0.884, -2.329e-6, 4.984e-6, 7.313e-6, -3.093e-6, 5.055e-6, 8.147e-6, -2.125e-6, 4.405e-6, 6.530e-6, -2.788e-6, 4.428e-6, 7.216e-6, -2.124e-6, 4.792e-6, 6.916e-6, -2.683e-6, 4.823e-6, 7.506e-6, -1.730e-6, 4.775e-6, 6.504e-6, -2.286e-6, 4.872e-6, 7.159e-6
0.880, -2.116e-6, 4.445e-6, 6.560e-6, -2.781e-6, 4.477e-6, 7.257e-6, -1.923e-6, 3.922e-6, 5.845e-6, -2.503e-6, 3.915e-6, 6.418e-6, -1.926e-6, 4.271e-6, 6.197e-6, -2.409e-6, 4.284e-6, 6.692e-6, -1.572e-6, 4.274e-6, 5.846e-6, -2.055e-6, 4.339e-6, 6.395e-6
0.876, -1.941e-6, 4.030e-6, 5.971e-6, -2.528e-6, 4.038e-6, 6.566e-6, -1.754e-6, 3.552e-6, 5.307e-6, -2.268e-6, 3.528e-6, 5.796e-6, -1.762e-6, 3.871e-6, 5.633e-6, -2.185e-6, 3.874e-6, 6.059e-6, -1.442e-6, 3.890e-6, 5.331e-6, -1.865e-6, 3.935e-6, 5.800e-6
0.872, -1.792e-6, 3.698e-6, 5.490e-6, -2.317e-6, 3.691e-6, 6.009e-6, -1.614e-6, 3.258e-6, 4.871e-6, -2.072e-6, 3.224e-6, 5.296e-6, -1.622e-6, 3.553e-6, 5.175e-6, -1.996e-6, 3.550e-6, 5.546e-6, -1.331e-6, 3.584e-6, 4.916e-6, -1.706e-6, 3.616e-6, 5.322e-6
0.868, -1.664e-6, 3.429e-6, 5.093e-6, -2.138e-6, 3.411e-6, 5.549e-6, -1.493e-6, 3.017e-6, 4.510e-6, -1.910e-6, 2.975e-6, 4.885e-6, -1.503e-6, 3.294e-6, 4.797e-6, -1.836e-6, 3.287e-6, 5.123e-6, -1.235e-6, 3.336e-6, 4.571e-6, -1.572e-6, 3.356e-6, 4.928e-6
0.864, -1.555e-6, 3.203e-6, 4.758e-6, -1.988e-6, 3.177e-6, 5.165e-6, -1.389e-6, 2.816e-6, 4.205e-6, -1.771e-6, 2.768e-6, 4.539e-6, -1.401e-6, 3.077e-6, 4.478e-6, -1.700e-6, 3.068e-6, 4.767e-6, -1.154e-6, 3.127e-6, 4.281e-6, -1.457e-6, 3.140e-6, 4.597e-6
0.860, -1.460e-6, 3.011e-6, 4.471e-6, -1.860e-6, 2.978e-6, 4.838e-6, -1.299e-6, 2.646e-6, 3.944e-6, -1.652e-6, 2.593e-6, 4.245e-6, -1.312e-6, 2.892e-6, 4.204e-6, -1.580e-6, 2.882e-6, 4.462e-6, -1.083e-6, 2.949e-6, 4.032e-6, -1.358e-6, 2.956e-6, 4.314e-6
0.856, -1.377e-6, 2.846e-6, 4.223e-6, -1.747e-6, 2.806e-6, 4.554e-6, -1.220e-6, 2.499e-6, 3.719e-6, -1.548e-6, 2.442e-6, 3.990e-6, -1.234e-6, 2.734e-6, 3.967e-6, -1.478e-6, 2.722e-6, 4.199e-6, -1.021e-6, 2.797e-6, 3.818e-6, -1.272e-6, 2.798e-6, 4.070e-6
0.852, -1.303e-6, 2.702e-6, 4.006e-6, -1.648e-6, 2.658e-6, 4.306e-6, -1.150e-6, 2.371e-6, 3.522e-6, -1.457e-6, 2.311e-6, 3.767e-6, -1.164e-6, 2.595e-6, 3.759e-6, -1.386e-6, 2.582e-6, 3.968e-6, -9.654e-7, 2.664e-6, 3.629e-6, -1.195e-6, 2.660e-6, 3.856e-6
0.848, -1.238e-6, 2.576e-6, 3.814e-6, -1.560e-6, 2.528e-6, 4.088e-6, -1.089e-6, 2.259e-6, 3.348e-6, -1.376e-6, 2.196e-6, 3.572e-6, -1.102e-6, 2.474e-6, 3.577e-6, -1.304e-6, 2.460e-6, 3.764e-6, -9.183e-7, 2.546e-6, 3.465e-6, -1.128e-6, 2.540e-6, 3.668e-6
0.844, -1.180e-6, 2.464e-6, 3.644e-6, -1.484e-6, 2.412e-6, 3.896e-6, -1.036e-6, 2.160e-6, 3.195e-6, -1.306e-6, 2.094e-6, 3.400e-6, -1.050e-6, 2.366e-6, 3.416e-6, -1.235e-6, 2.351e-6, 3.586e-6, -8.753e-7, 2.443e-6, 3.318e-6, -1.070e-6, 2.433e-6, 3.503e-6
0.840, -1.128e-6, 2.365e-6, 3.493e-6, -1.414e-6, 2.309e-6, 3.723e-6, -9.856e-7, 2.071e-6, 3.057e-6, -1.242e-6, 2.004e-6, 3.246e-6, -1.002e-6, 2.269e-6, 3.271e-6, -1.171e-6, 2.254e-6, 3.425e-6, -8.375e-7, 2.349e-6, 3.187e-6, -1.018e-6, 2.336e-6, 3.354e-6
0.836, -1.082e-6, 2.275e-6, 3.357e-6, -1.352e-6, 2.217e-6, 3.569e-6, -9.415e-7, 1.991e-6, 2.933e-6, -1.184e-6, 1.923e-6, 3.107e-6, -9.584e-7, 2.182e-6, 3.140e-6, -1.113e-6, 2.168e-6, 3.280e-6, -8.019e-7, 2.266e-6, 3.068e-6, -9.694e-7, 2.251e-6, 3.220e-6
0.832, -1.040e-6, 2.194e-6, 3.235e-6, -1.296e-6, 2.135e-6, 3.431e-6, -9.029e-7, 1.919e-6, 2.822e-6, -1.131e-6, 1.850e-6, 2.982e-6, -9.199e-7, 2.103e-6, 3.023e-6, -1.061e-6, 2.090e-6, 3.151e-6, -7.722e-7, 2.190e-6, 2.962e-6, -9.274e-7, 2.173e-6, 3.100e-6
0.828, -1.002e-6, 2.122e-6, 3.123e-6, -1.246e-6, 2.060e-6, 3.306e-6, -8.667e-7, 1.854e-6, 2.721e-6, -1.085e-6, 1.784e-6, 2.869e-6, -8.851e-7, 2.031e-6, 2.916e-6, -1.015e-6, 2.018e-6, 3.033e-6, -7.437e-7, 2.121e-6, 2.864e-6, -8.896e-7, 2.102e-6, 2.991e-6
0.824, -9.670e-7, 2.055e-6, 3.022e-6, -1.200e-6, 1.992e-6, 3.192e-6, -8.347e-7, 1.794e-6, 2.629e-6, -1.043e-6, 1.723e-6, 2.767e-6, -8.541e-7, 1.965e-6, 2.819e-6, -9.729e-7, 1.953e-6, 2.926e-6, -7.199e-7, 2.057e-6, 2.777e-6, -8.552e-7, 2.037e-6, 2.892e-6
0.820, -9.349e-7, 1.995e-6, 2.930e-6, -1.157e-6, 1.931e-6, 3.088e-6, -8.084e-7, 1.737e-6, 2.545e-6, -1.005e-6, 1.668e-6, 2.673e-6, -8.255e-7, 1.905e-6, 2.730e-6, -9.353e-7, 1.893e-6, 2.828e-6, -6.979e-7, 1.997e-6, 2.695e-6, -8.239e-7, 1.977e-6, 2.801e-6
0.816, -9.059e-7, 1.939e-6, 2.845e-6, -1.117e-6, 1.875e-6, 2.992e-6, -7.826e-7, 1.686e-6, 2.469e-6, -9.707e-7, 1.616e-6, 2.587e-6, -8.000e-7, 1.848e-6, 2.648e-6, -9.015e-7, 1.837e-6, 2.739e-6, -6.776e-7, 1.944e-6, 2.621e-6, -7.956e-7, 1.923e-6, 2.718e-6
0.812, -8.787e-7, 1.889e-6, 2.767e-6, -1.081e-6, 1.824e-6, 2.906e-6, -7.597e-7, 1.638e-6, 2.398e-6, -9.388e-7, 1.569e-6, 2.508e-6, -7.778e-7, 1.796e-6, 2.574e-6, -8.705e-7, 1.786e-6, 2.656e-6, -6.596e-7, 1.893e-6, 2.553e-6, -7.702e-7, 1.872e-6, 2.642e-6
0.808, -8.554e-7, 1.841e-6, 2.697e-6, -1.049e-6, 1.776e-6, 2.826e-6, -7.398e-7, 1.593e-6, 2.333e-6, -9.116e-7, 1.525e-6, 2.436e-6, -7.583e-7, 1.746e-6, 2.505e-6, -8.433e-7, 1.738e-6, 2.581e-6, -6.451e-7, 1.845e-6, 2.490e-6, -7.476e-7, 1.824e-6, 2.572e-6
0.804, -8.331e-7, 1.797e-6, 2.630e-6, -1.018e-6, 1.733e-6, 2.751e-6, -7.221e-7, 1.551e-6, 2.273e-6, -8.854e-7, 1.484e-6, 2.369e-6, -7.413e-7, 1.700e-6, 2.441e-6, -8.186e-7, 1.693e-6, 2.512e-6, -6.311e-7, 1.801e-6, 2.432e-6, -7.269e-7, 1.780e-6, 2.507e-6
0.800, -8.145e-7, 1.756e-6, 2.571e-6, -9.908e-7, 1.692e-6, 2.683e-6, -7.058e-7, 1.512e-6, 2.218e-6, -8.619e-7, 1.446e-6, 2.307e-6, -7.254e-7, 1.657e-6, 2.382e-6, -7.966e-7, 1.651e-6, 2.447e-6, -6.190e-7, 1.759e-6, 2.378e-6, -7.081e-7, 1.738e-6, 2.447e-6
0.796, -7.961e-7, 1.718e-6, 2.514e-6, -9.647e-7, 1.654e-6, 2.619e-6, -6.925e-7, 1.474e-6, 2.166e-6, -8.398e-7, 1.410e-6, 2.250e-6, -7.116e-7, 1.616e-6, 2.327e-6, -7.766e-7, 1.611e-6, 2.388e-6, -6.079e-7, 1.719e-6, 2.327e-6, -6.909e-7, 1.700e-6, 2.391e-6
0.792, -7.813e-7, 1.681e-6, 2.462e-6, -9.426e-7, 1.618e-6, 2.561e-6, -6.810e-7, 1.438e-6, 2.119e-6, -8.208e-7, 1.376e-6, 2.197e-6, -7.003e-7, 1.576e-6, 2.276e-6, -7.587e-7, 1.574e-6, 2.332e-6, -5.990e-7, 1.681e-6, 2.280e-6, -6.763e-7, 1.662e-6, 2.339e-6
0.788, -7.669e-7, 1.647e-6, 2.414e-6, -9.205e-7, 1.585e-6, 2.506e-6, -6.705e-7, 1.404e-6, 2.075e-6, -8.027e-7, 1.345e-6, 2.147e-6, -6.908e-7, 1.538e-6, 2.229e-6, -7.437e-7, 1.538e-6, 2.281e-6, -5.905e-7, 1.646e-6, 2.236e-6, -6.624e-7, 1.628e-6, 2.290e-6
0.784, -7.548e-7, 1.614e-6, 2.368e-6, -9.007e-7, 1.554e-6, 2.455e-6, -6.610e-7, 1.372e-6, 2.033e-6, -7.859e-7, 1.315e-6, 2.101e-6, -6.820e-7, 1.503e-6, 2.185e-6, -7.299e-7, 1.503e-6, 2.233e-6, -5.841e-7, 1.611e-6, 2.196e-6, -6.505e-7, 1.594e-6, 2.245e-6
0.780, -7.442e-7, 1.582e-6, 2.327e-6, -8.832e-7, 1.525e-6, 2.408e-6, -6.533e-7, 1.341e-6, 1.994e-6, -7.719e-7, 1.286e-6, 2.058e-6, -6.754e-7, 1.468e-6, 2.144e-6, -7.185e-7, 1.471e-6, 2.189e-6, -5.789e-7, 1.578e-6, 2.157e-6, -6.400e-7, 1.562e-6, 2.203e-6
0.776, -7.355e-7, 1.552e-6, 2.287e-6, -8.663e-7, 1.497e-6, 2.364e-6, -6.474e-7, 1.311e-6, 1.958e-6, -7.578e-7, 1.260e-6, 2.017e-6, -6.694e-7, 1.435e-6, 2.105e-6, -7.076e-7, 1.440e-6, 2.147e-6, -5.743e-7, 1.547e-6, 2.121e-6, -6.297e-7, 1.532e-6, 2.162e-6
0.772, -7.268e-7, 1.523e-6, 2.250e-6, -8.504e-7, 1.471e-6, 2.322e-6, -6.418e-7, 1.282e-6, 1.924e-6, -7.452e-7, 1.234e-6, 1.979e-6, -6.642e-7, 1.404e-6, 2.068e-6, -6.977e-7, 1.410e-6, 2.108e-6, -5.703e-7, 1.517e-6, 2.087e-6, -6.210e-7, 1.504e-6, 2.125e-6
0.768, -7.203e-7, 1.495e-6, 2.215e-6, -8.364e-7, 1.446e-6, 2.282e-6, -6.380e-7, 1.254e-6, 1.893e-6, -7.343e-7, 1.210e-6, 1.944e-6, -6.612e-7, 1.373e-6, 2.034e-6, -6.900e-7, 1.382e-6, 2.072e-6, -5.678e-7, 1.487e-6, 2.055e-6, -6.131e-7, 1.477e-6, 2.090e-6
0.764, -7.149e-7, 1.467e-6, 2.182e-6, -8.229e-7, 1.422e-6, 2.245e-6, -6.342e-7, 1.228e-6, 1.862e-6, -7.235e-7, 1.187e-6, 1.910e-6, -6.584e-7, 1.343e-6, 2.001e-6, -6.832e-7, 1.354e-6, 2.037e-6, -5.652e-7, 1.459e-6, 2.025e-6, -6.069e-7, 1.450e-6, 2.057e-6
0.760, -7.110e-7, 1.441e-6, 2.152e-6, -8.115e-7, 1.398e-6, 2.210e-6, -6.314e-7, 1.202e-6, 1.833e-6, -7.142e-7, 1.164e-6, 1.879e-6, -6.572e-7, 1.314e-6, 1.971e-6, -6.781e-7, 1.327e-6, 2.005e-6, -5.640e-7, 1.432e-6, 1.996e-6, -6.011e-7, 1.425e-6, 2.026e-6
0.756, -7.080e-7, 1.415e-6, 2.123e-6, -8.007e-7, 1.377e-6, 2.178e-6, -6.309e-7, 1.176e-6, 1.807e-6, -7.049e-7, 1.144e-6, 1.849e-6, -6.562e-7, 1.286e-6, 1.942e-6, -6.739e-7, 1.301e-6, 1.975e-6, -5.633e-7, 1.406e-6, 1.969e-6, -5.950e-7, 1.401e-6, 1.996e-6
0.752, -7.051e-7, 1.390e-6, 2.095e-6, -7.901e-7, 1.356e-6, 2.146e-6, -6.295e-7, 1.152e-6, 1.782e-6, -6.963e-7, 1.124e-6, 1.821e-6, -6.561e-7, 1.259e-6, 1.915e-6, -6.699e-7, 1.277e-6, 1.947e-6, -5.631e-7, 1.380e-6, 1.943e-6, -5.904e-7, 1.377e-6, 1.968e-6
0.748, -7.034e-7, 1.366e-6, 2.069e-6, -7.813e-7, 1.336e-6, 2.117e-6, -6.292e-7, 1.128e-6, 1.757e-6, -6.891e-7, 1.104e-6, 1.793e-6, -6.576e-7, 1.232e-6, 1.889e-6, -6.679e-7, 1.251e-6, 1.919e-6, -5.629e-7, 1.355e-6, 1.918e-6, -5.868e-7, 1.355e-6, 1.942e-6
0.744, -7.036e-7, 1.341e-6, 2.044e-6, -7.736e-7, 1.315e-6, 2.089e-6, -6.300e-7, 1.104e-6, 1.734e-6, -6.822e-7, 1.086e-6, 1.768e-6, -6.586e-7, 1.206e-6, 1.864e-6, -6.656e-7, 1.228e-6, 1.893e-6, -5.648e-7, 1.331e-6, 1.895e-6, -5.843e-7, 1.333e-6, 1.917e-6
0.740, -7.031e-7, 1.318e-6, 2.021e-6, -7.652e-7, 1.297e-6, 2.062e-6, -6.302e-7, 1.083e-6, 1.713e-6, -6.762e-7, 1.068e-6, 1.744e-6, -6.598e-7, 1.181e-6, 1.841e-6, -6.645e-7, 1.205e-6, 1.869e-6, -5.663e-7, 1.307e-6, 1.874e-6, -5.821e-7, 1.312e-6, 1.894e-6
0.736, -7.042e-7, 1.294e-6, 1.998e-6, -7.582e-7, 1.279e-6, 2.037e-6, -6.314e-7, 1.060e-6, 1.692e-6, -6.699e-7, 1.052e-6, 1.721e-6, -6.626e-7, 1.156e-6, 1.819e-6, -6.640e-7, 1.182e-6, 1.846e-6, -5.677e-7, 1.284e-6, 1.852e-6, -5.790e-7, 1.291e-6, 1.870e-6
0.732, -7.058e-7, 1.272e-6, 1.977e-6, -7.520e-7, 1.261e-6, 2.013e-6, -6.331e-7, 1.039e-6, 1.672e-6, -6.645e-7, 1.036e-6, 1.700e-6, -6.663e-7, 1.132e-6, 1.798e-6, -6.651e-7, 1.159e-6, 1.824e-6, -5.705e-7, 1.261e-6, 1.832e-6, -5.790e-7, 1.271e-6, 1.850e-6
0.728, -7.082e-7, 1.249e-6, 1.957e-6, -7.472e-7, 1.244e-6, 1.991e-6, -6.362e-7, 1.018e-6, 1.654e-6, -6.602e-7, 1.020e-6, 1.680e-6, -6.697e-7, 1.108e-6, 1.778e-6, -6.670e-7, 1.137e-6, 1.804e-6, -5.737e-7, 1.239e-6, 1.812e-6, -5.783e-7, 1.251e-6, 1.829e-6
0.724, -7.108e-7, 1.227e-6, 1.938e-6, -7.422e-7, 1.228e-6, 1.970e-6, -6.398e-7, 9.971e-7, 1.637e-6, -6.565e-7, 1.005e-6, 1.661e-6, -6.735e-7, 1.085e-6, 1.759e-6, -6.687e-7, 1.116e-6, 1.784e-6, -5.766e-7, 1.217e-6, 1.794e-6, -5.786e-7, 1.232e-6, 1.810e-6
0.720, -7.142e-7, 1.205e-6, 1.919e-6, -7.375e-7, 1.212e-6, 1.949e-6, -6.418e-7, 9.779e-7, 1.620e-6, -6.532e-7, 9.900e-7, 1.643e-6, -6.778e-7, 1.063e-6, 1.741e-6, -6.708e-7, 1.095e-6, 1.765e-6, -5.803e-7, 1.196e-6, 1.777e-6, -5.788e-7, 1.213e-6, 1.791e-6
0.716, -7.191e-7, 1.183e-6, 1.902e-6, -7.353e-7, 1.195e-6, 1.931e-6, -6.455e-7, 9.579e-7, 1.603e-6, -6.511e-7, 9.758e-7, 1.627e-6, -6.826e-7, 1.041e-6, 1.723e-6, -6.744e-7, 1.073e-6, 1.748e-6, -5.851e-7, 1.175e-6, 1.760e-6, -5.806e-7, 1.194e-6, 1.774e-6
0.712, -7.231e-7, 1.162e-6, 1.885e-6, -7.322e-7, 1.180e-6, 1.912e-6, -6.498e-7, 9.384e-7, 1.588e-6, -6.483e-7, 9.620e-7, 1.610e-6, -6.882e-7, 1.019e-6, 1.707e-6, -6.780e-7, 1.053e-6, 1.731e-6, -5.893e-7, 1.155e-6, 1.744e-6, -5.828e-7, 1.175e-6, 1.758e-6
0.708, -7.274e-7, 1.141e-6, 1.869e-6, -7.310e-7, 1.165e-6, 1.896e-6, -6.536e-7, 9.197e-7, 1.573e-6, -6.470e-7, 9.480e-7, 1.595e-6, -6.935e-7, 9.976e-7, 1.691e-6, -6.813e-7, 1.032e-6, 1.714e-6, -5.940e-7, 1.134e-6, 1.728e-6, -5.853e-7, 1.156e-6, 1.742e-6
0.704, -7.335e-7, 1.120e-6, 1.854e-6, -7.298e-7, 1.150e-6, 1.879e-6, -6.589e-7, 9.011e-7, 1.560e-6, -6.479e-7, 9.337e-7, 1.582e-6, -6.988e-7, 9.771e-7, 1.676e-6, -6.871e-7, 1.012e-6, 1.699e-6, -6.000e-7, 1.114e-6, 1.714e-6, -5.889e-7, 1.137e-6, 1.726e-6
0.700, -7.397e-7, 1.100e-6, 1.839e-6, -7.308e-7, 1.133e-6, 1.864e-6, -6.647e-7, 8.827e-7, 1.547e-6, -6.482e-7, 9.199e-7, 1.568e-6, -7.061e-7, 9.560e-7, 1.662e-6, -6.929e-7, 9.916e-7, 1.685e-6, -6.059e-7, 1.094e-6, 1.700e-6, -5.936e-7, 1.119e-6, 1.712e-6
0.696, -7.468e-7, 1.079e-6, 1.826e-6, -7.323e-7, 1.118e-6, 1.850e-6, -6.707e-7, 8.638e-7, 1.535e-6, -6.499e-7, 9.056e-7, 1.555e-6, -7.136e-7, 9.347e-7, 1.648e-6, -6.994e-7, 9.707e-7, 1.670e-6, -6.130e-7, 1.074e-6, 1.687e-6, -5.982e-7, 1.100e-6, 1.698e-6
0.692, -7.541e-7, 1.058e-6, 1.812e-6, -7.347e-7, 1.102e-6, 1.836e-6, -6.771e-7, 8.458e-7, 1.523e-6, -6.516e-7, 8.915e-7, 1.543e-6, -7.203e-7, 9.153e-7, 1.636e-6, -7.058e-7, 9.506e-7, 1.656e-6, -6.197e-7, 1.054e-6, 1.674e-6, -6.034e-7, 1.081e-6, 1.685e-6
0.688, -7.622e-7, 1.038e-6, 1.800e-6, -7.391e-7, 1.085e-6, 1.824e-6, -6.842e-7, 8.274e-7, 1.512e-6, -6.553e-7, 8.768e-7, 1.532e-6, -7.291e-7, 8.943e-7, 1.623e-6, -7.136e-7, 9.302e-7, 1.644e-6, -6.273e-7, 1.034e-6, 1.662e-6, -6.106e-7, 1.062e-6, 1.673e-6
0.684, -7.717e-7, 1.016e-6, 1.788e-6, -7.444e-7, 1.068e-6, 1.812e-6, -6.918e-7, 8.093e-7, 1.501e-6, -6.608e-7, 8.614e-7, 1.522e-6, -7.383e-7, 8.736e-7, 1.612e-6, -7.226e-7, 9.094e-7, 1.632e-6, -6.364e-7, 1.014e-6, 1.651e-6, -6.183e-7, 1.043e-6, 1.661e-6
0.680, -7.817e-7, 9.954e-7, 1.777e-6, -7.504e-7, 1.051e-6, 1.801e-6, -7.003e-7, 7.908e-7, 1.491e-6, -6.663e-7, 8.458e-7, 1.512e-6, -7.482e-7, 8.529e-7, 1.601e-6, -7.318e-7, 8.886e-7, 1.620e-6, -6.453e-7, 9.948e-7, 1.640e-6, -6.268e-7, 1.023e-6, 1.650e-6
0.676, -7.921e-7, 9.746e-7, 1.767e-6, -7.576e-7, 1.032e-6, 1.790e-6, -7.093e-7, 7.725e-7, 1.482e-6, -6.729e-7, 8.297e-7, 1.503e-6, -7.573e-7, 8.329e-7, 1.590e-6, -7.415e-7, 8.678e-7, 1.609e-6, -6.549e-7, 9.747e-7, 1.630e-6, -6.350e-7, 1.004e-6, 1.639e-6
0.672, -8.032e-7, 9.530e-7, 1.756e-6, -7.666e-7, 1.013e-6, 1.780e-6, -7.195e-7, 7.534e-7, 1.473e-6, -6.804e-7, 8.128e-7, 1.493e-6, -7.681e-7, 8.122e-7, 1.580e-6, -7.518e-7, 8.467e-7, 1.598e-6, -6.659e-7, 9.541e-7, 1.620e-6, -6.450e-7, 9.835e-7, 1.629e-6
0.668, -8.159e-7, 9.308e-7, 1.747e-6, -7.761e-7, 9.937e-7, 1.770e-6, -7.296e-7, 7.345e-7, 1.464e-6, -6.895e-7, 7.953e-7, 1.485e-6, -7.803e-7, 7.907e-7, 1.571e-6, -7.637e-7, 8.251e-7, 1.589e-6, -6.774e-7, 9.335e-7, 1.611e-6, -6.558e-7, 9.626e-7, 1.618e-6
0.664, -8.285e-7, 9.093e-7, 1.738e-6, -7.878e-7, 9.734e-7, 1.761e-6, -7.407e-7, 7.160e-7, 1.457e-6, -6.995e-7, 7.772e-7, 1.477e-6, -7.931e-7, 7.693e-7, 1.562e-6, -7.757e-7, 8.031e-7, 1.579e-6, -6.897e-7, 9.123e-7, 1.602e-6, -6.669e-7, 9.422e-7, 1.609e-6
0.660, -8.426e-7, 8.866e-7, 1.729e-6, -7.991e-7, 9.526e-7, 1.752e-6, -7.520e-7, 6.964e-7, 1.448e-6, -7.095e-7, 7.585e-7, 1.468e-6, -8.053e-7, 7.479e-7, 1.553e-6, -7.883e-7, 7.808e-7, 1.569e-6, -7.021e-7, 8.916e-7, 1.594e-6, -6.795e-7, 9.207e-7, 1.600e-6
0.656, -8.573e-7, 8.636e-7, 1.721e-6, -8.126e-7, 9.305e-7, 1.743e-6, -7.654e-7, 6.762e-7, 1.442e-6, -7.218e-7, 7.390e-7, 1.461e-6, -8.189e-7, 7.265e-7, 1.545e-6, -8.023e-7, 7.577e-7, 1.560e-6, -7.163e-7, 8.698e-7, 1.586e-6, -6.933e-7, 8.988e-7, 1.592e-6
0.652, -8.738e-7, 8.395e-7, 1.713e-6, -8.269e-7, 9.079e-7, 1.735e-6, -7.789e-7, 6.559e-7, 1.435e-6, -7.347e-7, 7.187e-7, 1.453e-6, -8.344e-7, 7.034e-7, 1.538e-6, -8.172e-7, 7.347e-7, 1.552e-6, -7.316e-7, 8.475e-7, 1.579e-6, -7.085e-7, 8.758e-7, 1.584e-6
0.648, -8.908e-7, 8.154e-7, 1.706e-6, -8.429e-7, 8.840e-7, 1.727e-6, -7.925e-7, 6.349e-7, 1.427e-6, -7.481e-7, 6.983e-7, 1.446e-6, -8.490e-7, 6.808e-7, 1.530e-6, -8.311e-7, 7.113e-7, 1.542e-6, -7.463e-7, 8.254e-7, 1.572e-6, -7.223e-7, 8.536e-7, 1.576e-6
0.644, -9.068e-7, 7.918e-7, 1.699e-6, -8.590e-7, 8.606e-7, 1.720e-6, -8.068e-7, 6.147e-7, 1.421e-6, -7.616e-7, 6.774e-7, 1.439e-6, -8.647e-7, 6.582e-7, 1.523e-6, -8.464e-7, 6.874e-7, 1.534e-6, -7.638e-7, 8.015e-7, 1.565e-6, -7.393e-7, 8.296e-7, 1.569e-6
0.640, -9.249e-7, 7.664e-7, 1.691e-6, -8.760e-7, 8.356e-7, 1.712e-6, -8.217e-7, 5.931e-7, 1.415e-6, -7.765e-7, 6.560e-7, 1.432e-6, -8.807e-7, 6.347e-7, 1.515e-6, -8.624e-7, 6.633e-7, 1.526e-6, -7.806e-7, 7.783e-7, 1.559e-6, -7.562e-7, 8.051e-7, 1.561e-6
0.636, -9.447e-7, 7.405e-7, 1.685e-6, -8.934e-7, 8.103e-7, 1.704e-6, -8.377e-7, 5.719e-7, 1.410e-6, -7.906e-7, 6.343e-7, 1.425e-6, -8.974e-7, 6.112e-7, 1.509e-6, -8.778e-7, 6.392e-7, 1.517e-6, -7.996e-7, 7.535e-7, 1.553e-6, -7.736e-7, 7.810e-7, 1.555e-6
0.632, -9.629e-7, 7.153e-7, 1.678e-6, -9.127e-7, 7.835e-7, 1.696e-6, -8.538e-7, 5.493e-7, 1.403e-6, -8.069e-7, 6.114e-7, 1.418e-6, -9.143e-7, 5.869e-7, 1.501e-6, -8.944e-7, 6.140e-7, 1.508e-6, -8.181e-7, 7.290e-7, 1.547e-6, -7.924e-7, 7.555e-7, 1.548e-6
0.628, -9.818e-7, 6.892e-7, 1.671e-6, -9.310e-7, 7.577e-7, 1.689e-6, -8.693e-7, 5.274e-7, 1.397e-6, -8.237e-7, 5.879e-7, 1.412e-6, -9.300e-7, 5.636e-7, 1.494e-6, -9.096e-7, 5.896e-7, 1.499e-6, -8.374e-7, 7.038e-7, 1.541e-6, -8.109e-7, 7.300e-7, 1.541e-6
0.624, -9.997e-7, 6.639e-7, 1.664e-6, -9.493e-7, 7.311e-7, 1.680e-6, -8.847e-7, 5.058e-7, 1.391e-6, -8.389e-7, 5.655e-7, 1.404e-6, -9.464e-7, 5.394e-7, 1.486e-6, -9.252e-7, 5.651e-7, 1.490e-6, -8.560e-7, 6.787e-7, 1.535e-6, -8.293e-7, 7.047e-7, 1.534e-6
0.620, -1.020e-6, 6.368e-7, 1.657e-6, -9.682e-7, 7.037e-7, 1.672e-6, -9.007e-7, 4.832e-7, 1.384e-6, -8.539e-7, 5.426e-7, 1.397e-6, -9.624e-7, 5.156e-7, 1.478e-6, -9.411e-7, 5.399e-7, 1.481e-6, -8.760e-7, 6.527e-7, 1.529e-6, -8.483e-7, 6.786e-7, 1.527e-6
0.616, -1.038e-6, 6.111e-7, 1.649e-6, -9.868e-7, 6.772e-7, 1.664e-6, -9.163e-7, 4.611e-7, 1.377e-6, -8.694e-7, 5.193e-7, 1.389e-6, -9.782e-7, 4.914e-7, 1.470e-6, -9.541e-7, 5.162e-7, 1.470e-6, -8.946e-7, 6.279e-7, 1.522e-6, -8.670e-7, 6.528e-7, 1.520e-6
0.612, -1.055e-6, 5.848e-7, 1.640e-6, -1.004e-6, 6.503e-7, 1.654e-6, -9.309e-7, 4.390e-7, 1.370e-6, -8.839e-7, 4.964e-7, 1.380e-6, -9.928e-7, 4.680e-7, 1.461e-6, -9.683e-7, 4.917e-7, 1.460e-6, -9.135e-7, 6.023e-7, 1.516e-6, -8.853e-7, 6.270e-7, 1.512e-6
0.608, -1.072e-6, 5.589e-7, 1.631e-6, -1.020e-6, 6.239e-7, 1.644e-6, -9.447e-7, 4.175e-7, 1.362e-6, -8.980e-7, 4.734e-7, 1.371e-6, -1.006e-6, 4.448e-7, 1.451e-6, -9.806e-7, 4.686e-7, 1.449e-6, -9.316e-7, 5.771e-7, 1.509e-6, -9.027e-7, 6.011e-7, 1.504e-6
0.604, -1.087e-6, 5.348e-7, 1.622e-6, -1.036e-6, 5.981e-7, 1.634e-6, -9.573e-7, 3.962e-7, 1.354e-6, -9.104e-7, 4.513e-7, 1.362e-6, -1.018e-6, 4.224e-7, 1.440e-6, -9.915e-7, 4.452e-7, 1.437e-6, -9.486e-7, 5.519e-7, 1.501e-6, -9.183e-7, 5.763e-7, 1.495e-6
0.600, -1.101e-6, 5.103e-7, 1.611e-6, -1.049e-6, 5.732e-7, 1.622e-6, -9.685e-7, 3.752e-7, 1.344e-6, -9.218e-7, 4.296e-7, 1.351e-6, -1.029e-6, 4.004e-7, 1.429e-6, -1.001e-6, 4.227e-7, 1.423e-6, -9.645e-7, 5.275e-7, 1.492e-6, -9.338e-7, 5.512e-7, 1.485e-6
0.596, -1.113e-6, 4.865e-7, 1.600e-6, -1.061e-6, 5.486e-7, 1.610e-6, -9.788e-7, 3.549e-7, 1.334e-6, -9.317e-7, 4.083e-7, 1.340e-6, -1.037e-6, 3.792e-7, 1.416e-6, -1.008e-6, 4.010e-7, 1.409e-6, -9.784e-7, 5.037e-7, 1.482e-6, -9.481e-7, 5.269e-7, 1.475e-6
0.592, -1.122e-6, 4.644e-7, 1.586e-6, -1.071e-6, 5.245e-7, 1.596e-6, -9.860e-7, 3.359e-7, 1.322e-6, -9.391e-7, 3.881e-7, 1.327e-6, -1.043e-6, 3.590e-7, 1.402e-6, -1.013e-6, 3.803e-7, 1.394e-6, -9.910e-7, 4.805e-7, 1.472e-6, -9.590e-7, 5.037e-7, 1.463e-6
0.588, -1.130e-6, 4.426e-7, 1.573e-6, -1.079e-6, 5.020e-7, 1.581e-6, -9.931e-7, 3.173e-7, 1.310e-6, -9.459e-7, 3.689e-7, 1.315e-6, -1.049e-6, 3.392e-7, 1.388e-6, -1.017e-6, 3.612e-7, 1.378e-6, -1.002e-6, 4.583e-7, 1.460e-6, -9.693e-7, 4.811e-7, 1.450e-6
0.584, -1.135e-6, 4.226e-7, 1.558e-6, -1.084e-6, 4.809e-7, 1.565e-6, -9.967e-7, 3.003e-7, 1.297e-6, -9.493e-7, 3.508e-7, 1.300e-6, -1.051e-6, 3.212e-7, 1.372e-6, -1.019e-6, 3.425e-7, 1.361e-6, -1.010e-6, 4.374e-7, 1.447e-6, -9.775e-7, 4.596e-7, 1.437e-6
0.580, -1.138e-6, 4.036e-7, 1.542e-6, -1.087e-6, 4.612e-7, 1.548e-6, -9.982e-7, 2.839e-7, 1.282e-6, -9.516e-7, 3.334e-7, 1.285e-6, -1.050e-6, 3.047e-7, 1.355e-6, -1.017e-6, 3.259e-7, 1.343e-6, -1.016e-6, 4.178e-7, 1.433e-6, -9.826e-7, 4.394e-7, 1.422e-6
0.576, -1.138e-6, 3.867e-7, 1.525e-6, -1.087e-6, 4.429e-7, 1.530e-6, -9.985e-7, 2.687e-7, 1.267e-6, -9.517e-7, 3.172e-7, 1.269e-6, -1.048e-6, 2.891e-7, 1.337e-6, -1.014e-6, 3.094e-7, 1.324e-6, -1.019e-6, 3.991e-7, 1.418e-6, -9.855e-7, 4.207e-7, 1.406e-6
0.572, -1.135e-6, 3.706e-7, 1.506e-6, -1.086e-6, 4.253e-7, 1.511e-6, -9.954e-7, 2.549e-7, 1.250e-6, -9.493e-7, 3.023e-7, 1.252e-6, -1.045e-6, 2.744e-7, 1.319e-6, -1.009e-6, 2.945e-7, 1.304e-6, -1.020e-6, 3.817e-7, 1.402e-6, -9.856e-7, 4.034e-7, 1.389e-6
0.568, -1.130e-6, 3.563e-7, 1.486e-6, -1.081e-6, 4.095e-7, 1.491e-6, -9.908e-7, 2.419e-7, 1.233e-6, -9.451e-7, 2.886e-7, 1.234e-6, -1.037e-6, 2.616e-7, 1.298e-6, -1.002e-6, 2.810e-7, 1.283e-6, -1.017e-6, 3.666e-7, 1.384e-6, -9.836e-7, 3.875e-7, 1.371e-6
0.564, -1.122e-6, 3.434e-7, 1.465e-6, -1.073e-6, 3.959e-7, 1.469e-6, -9.840e-7, 2.308e-7, 1.215e-6, -9.386e-7, 2.762e-7, 1.215e-6, -1.027e-6, 2.503e-7, 1.278e-6, -9.927e-7, 2.691e-7, 1.262e-6, -1.013e-6, 3.524e-7, 1.365e-6, -9.792e-7, 3.723e-7, 1.352e-6
0.560, -1.112e-6, 3.322e-7, 1.444e-6, -1.063e-6, 3.834e-7, 1.447e-6, -9.740e-7, 2.208e-7, 1.195e-6, -9.303e-7, 2.650e-7, 1.195e-6, -1.016e-6, 2.404e-7, 1.256e-6, -9.818e-7, 2.579e-7, 1.240e-6, -1.006e-6, 3.398e-7, 1.346e-6, -9.722e-7, 3.587e-7, 1.331e-6
0.556, -1.099e-6, 3.231e-7, 1.422e-6, -1.052e-6, 3.725e-7, 1.424e-6, -9.629e-7, 2.121e-7, 1.175e-6, -9.195e-7, 2.554e-7, 1.175e-6, -1.003e-6, 2.316e-7, 1.234e-6, -9.683e-7, 2.488e-7, 1.217e-6, -9.950e-7, 3.297e-7, 1.325e-6, -9.631e-7, 3.475e-7, 1.311e-6
0.552, -1.085e-6, 3.148e-7, 1.399e-6, -1.039e-6, 3.627e-7, 1.401e-6, -9.501e-7, 2.043e-7, 1.154e-6, -9.073e-7, 2.466e-7, 1.154e-6, -9.884e-7, 2.234e-7, 1.212e-6, -9.543e-7, 2.402e-7, 1.194e-6, -9.836e-7, 3.197e-7, 1.303e-6, -9.515e-7, 3.373e-7, 1.289e-6
0.548, -1.067e-6, 3.090e-7, 1.376e-6, -1.023e-6, 3.547e-7, 1.378e-6, -9.356e-7, 1.990e-7, 1.135e-6, -8.942e-7, 2.393e-7, 1.134e-6, -9.716e-7, 2.178e-7, 1.189e-6, -9.389e-7, 2.332e-7, 1.172e-6, -9.699e-7, 3.121e-7, 1.282e-6, -9.381e-7, 3.287e-7, 1.267e-6
0.544, -1.050e-6, 3.030e-7, 1.353e-6, -1.007e-6, 3.475e-7, 1.355e-6, -9.203e-7, 1.937e-7, 1.114e-6, -8.801e-7, 2.328e-7, 1.113e-6, -9.541e-7, 2.132e-7, 1.167e-6, -9.221e-7, 2.276e-7, 1.150e-6, -9.536e-7, 3.060e-7, 1.260e-6, -9.237e-7, 3.213e-7, 1.245e-6
0.540, -1.031e-6, 2.987e-7, 1.330e-6, -9.896e-7, 3.421e-7, 1.332e-6, -9.029e-7, 1.898e-7, 1.093e-6, -8.640e-7, 2.278e-7, 1.092e-6, -9.359e-7, 2.091e-7, 1.145e-6, -9.056e-7, 2.222e-7, 1.128e-6, -9.369e-7, 3.003e-7, 1.237e-6, -9.072e-7, 3.152e-7, 1.222e-6
0.536, -1.012e-6, 2.957e-7, 1.308e-6, -9.712e-7, 3.375e-7, 1.309e-6, -8.877e-7, 1.860e-7, 1.074e-6, -8.493e-7, 2.227e-7, 1.072e-6, -9.184e-7, 2.058e-7, 1.124e-6, -8.888e-7, 2.179e-7, 1.107e-6, -9.190e-7, 2.965e-7, 1.216e-6, -8.912e-7, 3.101e-7, 1.201e-6
0.532, -9.914e-7, 2.944e-7, 1.286e-6, -9.516e-7, 3.351e-7, 1.287e-6, -8.683e-7, 1.853e-7, 1.054e-6, -8.320e-7, 2.204e-7, 1.052e-6, -8.980e-7, 2.048e-7, 1.103e-6, -8.698e-7, 2.158e-7, 1.086e-6, -8.994e-7, 2.945e-7, 1.194e-6, -8.720e-7, 3.071e-7, 1.179e-6
0.528, -9.710e-7, 2.930e-7, 1.264e-6, -9.330e-7, 3.317e-7, 1.265e-6, -8.499e-7, 1.846e-7, 1.035e-6, -8.151e-7, 2.178e-7, 1.033e-6, -8.787e-7, 2.037e-7, 1.082e-6, -8.516e-7, 2.136e-7, 1.065e-6, -8.801e-7, 2.926e-7, 1.173e-6, -8.540e-7, 3.040e-7, 1.158e-6
0.524, -9.501e-7, 2.937e-7, 1.244e-6, -9.136e-7, 3.307e-7, 1.244e-6, -8.319e-7, 1.838e-7, 1.016e-6, -7.984e-7, 2.163e-7, 1.015e-6, -8.598e-7, 2.032e-7, 1.063e-6, -8.344e-7, 2.121e-7, 1.047e-6, -8.594e-7, 2.925e-7, 1.152e-6, -8.348e-7, 3.027e-7, 1.137e-6
0.520, -9.295e-7, 2.943e-7, 1.224e-6, -8.948e-7, 3.294e-7, 1.224e-6, -8.146e-7, 1.843e-7, 9.989e-7, -7.819e-7, 2.151e-7, 9.970e-7, -8.407e-7, 2.037e-7, 1.044e-6, -8.156e-7, 2.116e-7, 1.027e-6, -8.386e-7, 2.929e-7, 1.131e-6, -8.160e-7, 3.020e-7, 1.118e-6
0.516, -9.087e-7, 2.962e-7, 1.205e-6, -8.757e-7, 3.296e-7, 1.205e-6, -7.960e-7, 1.860e-7, 9.820e-7, -7.651e-7, 2.152e-7, 9.804e-7, -8.225e-7, 2.049e-7, 1.027e-6, -7.989e-7, 2.112e-7, 1.010e-6, -8.190e-7, 2.946e-7, 1.114e-6, -7.968e-7, 3.026e-7, 1.099e-6
0.512, -8.903e-7, 2.973e-7, 1.188e-6, -8.581e-7, 3.290e-7, 1.187e-6, -7.791e-7, 1.869e-7, 9.659e-7, -7.498e-7, 2.150e-7, 9.648e-7, -8.044e-7, 2.064e-7, 1.011e-6, -7.829e-7, 2.107e-7, 9.937e-7, -7.998e-7, 2.964e-7, 1.096e-6, -7.788e-7, 3.028e-7, 1.082e-6
0.508, -8.717e-7, 2.991e-7, 1.171e-6, -8.409e-7, 3.295e-7, 1.170e-6, -7.628e-7, 1.889e-7, 9.517e-7, -7.348e-7, 2.151e-7, 9.499e-7, -7.876e-7, 2.078e-7, 9.954e-7, -7.675e-7, 2.109e-7, 9.784e-7, -7.809e-7, 2.987e-7, 1.080e-6, -7.611e-7, 3.045e-7, 1.066e-6
0.504, -8.528e-7, 3.021e-7, 1.155e-6, -8.241e-7, 3.305e-7, 1.155e-6, -7.471e-7, 1.909e-7, 9.380e-7, -7.201e-7, 2.159e-7, 9.360e-7, -7.719e-7, 2.094e-7, 9.813e-7, -7.521e-7, 2.119e-7, 9.640e-7, -7.625e-7, 3.014e-7, 1.064e-6, -7.448e-7, 3.055e-7, 1.050e-6
0.500, -8.364e-7, 3.043e-7, 1.141e-6, -8.081e-7, 3.316e-7, 1.140e-6, -7.315e-7, 1.937e-7, 9.252e-7, -7.060e-7, 2.168e-7, 9.227e-7, -7.556e-7, 2.120e-7, 9.675e-7, -7.383e-7, 2.124e-7, 9.508e-7, -7.448e-7, 3.053e-7, 1.050e-6, -7.281e-7, 3.077e-7, 1.036e-6
0.496, -8.201e-7, 3.069e-7, 1.127e-6, -7.930e-7, 3.323e-7, 1.125e-6, -7.175e-7, 1.960e-7, 9.135e-7, -6.926e-7, 2.177e-7, 9.103e-7, -7.413e-7, 2.136e-7, 9.549e-7, -7.247e-7, 2.130e-7, 9.378e-7, -7.287e-7, 3.079e-7, 1.037e-6, -7.127e-7, 3.095e-7, 1.022e-6
0.492, -8.050e-7, 3.095e-7, 1.114e-6, -7.797e-7, 3.333e-7, 1.113e-6, -7.039e-7, 1.985e-7, 9.023e-7, -6.807e-7, 2.190e-7, 8.997e-7, -7.281e-7, 2.158e-7, 9.439e-7, -7.124e-7, 2.139e-7, 9.263e-7, -7.133e-7, 3.111e-7, 1.024e-6, -6.980e-7, 3.120e-7, 1.010e-6
0.488, -7.905e-7, 3.128e-7, 1.103e-6, -7.658e-7, 3.348e-7, 1.101e-6, -6.914e-7, 2.012e-7, 8.925e-7, -6.684e-7, 2.206e-7, 8.890e-7, -7.142e-7, 2.184e-7, 9.326e-7, -7.007e-7, 2.145e-7, 9.153e-7, -6.975e-7, 3.155e-7, 1.013e-6, -6.840e-7, 3.140e-7, 9.979e-7
0.484, -7.780e-7, 3.147e-7, 1.093e-6, -7.539e-7, 3.357e-7, 1.090e-6, -6.798e-7, 2.035e-7, 8.832e-7, -6.583e-7, 2.210e-7, 8.794e-7, -7.031e-7, 2.198e-7, 9.229e-7, -6.900e-7, 2.149e-7, 9.049e-7, -6.847e-7, 3.181e-7, 1.003e-6, -6.714e-7, 3.160e-7, 9.874e-7
0.480, -7.663e-7, 3.167e-7, 1.083e-6, -7.428e-7, 3.362e-7, 1.079e-6, -6.684e-7, 2.057e-7, 8.741e-7, -6.480e-7, 2.223e-7, 8.703e-7, -6.919e-7, 2.219e-7, 9.138e-7, -6.804e-7, 2.153e-7, 8.957e-7, -6.712e-7, 3.222e-7, 9.934e-7, -6.596e-7, 3.183e-7, 9.780e-7
0.476, -7.554e-7, 3.184e-7, 1.074e-6, -7.336e-7, 3.363e-7, 1.070e-6, -6.594e-7, 2.075e-7, 8.669e-7, -6.398e-7, 2.229e-7, 8.626e-7, -6.824e-7, 2.229e-7, 9.053e-7, -6.711e-7, 2.154e-7, 8.865e-7, -6.599e-7, 3.248e-7, 9.847e-7, -6.490e-7, 3.199e-7, 9.689e-7
0.472, -7.445e-7, 3.206e-7, 1.065e-6, -7.243e-7, 3.364e-7, 1.061e-6, -6.497e-7, 2.095e-7, 8.593e-7, -6.315e-7, 2.237e-7, 8.552e-7, -6.737e-7, 2.241e-7, 8.978e-7, -6.630e-7, 2.159e-7, 8.790e-7, -6.485e-7, 3.280e-7, 9.765e-7, -6.391e-7, 3.218e-7, 9.609e-7
0.468, -7.357e-7, 3.215e-7, 1.057e-6, -7.160e-7, 3.362e-7, 1.052e-6, -6.407e-7, 2.113e-7, 8.520e-7, -6.229e-7, 2.245e-7, 8.474e-7, -6.645e-7, 2.258e-7, 8.903e-7, -6.545e-7, 2.161e-7, 8.705e-7, -6.382e-7, 3.309e-7, 9.691e-7, -6.301e-7, 3.229e-7, 9.530e-7
0.464, -7.263e-7, 3.232e-7, 1.049e-6, -7.078e-7, 3.363e-7, 1.044e-6, -6.325e-7, 2.129e-7, 8.455e-7, -6.157e-7, 2.245e-7, 8.402e-7, -6.561e-7, 2.266e-7, 8.827e-7, -6.469e-7, 2.155e-7, 8.624e-7, -6.287e-7, 3.339e-7, 9.626e-7, -6.205e-7, 3.249e-7, 9.455e-7
0.460, -7.192e-7, 3.232e-7, 1.042e-6, -7.012e-7, 3.356e-7, 1.037e-6, -6.251e-7, 2.143e-7, 8.394e-7, -6.094e-7, 2.245e-7, 8.339e-7, -6.497e-7, 2.264e-7, 8.761e-7, -6.412e-7, 2.143e-7, 8.555e-7, -6.208e-7, 3.357e-7, 9.564e-7, -6.135e-7, 3.258e-7, 9.393e-7
0.456, -7.126e-7, 3.236e-7, 1.036e-6, -6.948e-7, 3.348e-7, 1.030e-6, -6.184e-7, 2.152e-7, 8.336e-7, -6.031e-7, 2.247e-7, 8.278e-7, -6.419e-7, 2.278e-7, 8.697e-7, -6.348e-7, 2.139e-7, 8.487e-7, -6.131e-7, 3.372e-7, 9.503e-7, -6.059e-7, 3.268e-7, 9.327e-7
0.452, -7.047e-7, 3.244e-7, 1.029e-6, -6.886e-7, 3.337e-7, 1.022e-6, -6.121e-7, 2.160e-7, 8.281e-7, -5.970e-7, 2.246e-7, 8.216e-7, -6.359e-7, 2.273e-7, 8.632e-7, -6.293e-7, 2.129e-7, 8.421e-7, -6.049e-7, 3.395e-7, 9.444e-7, -5.987e-7, 3.276e-7, 9.263e-7
0.448, -6.985e-7, 3.239e-7, 1.022e-6, -6.829e-7, 3.325e-7, 1.015e-6, -6.063e-7, 2.166e-7, 8.229e-7, -5.929e-7, 2.232e-7, 8.161e-7, -6.300e-7, 2.274e-7, 8.573e-7, -6.239e-7, 2.114e-7, 8.353e-7, -5.984e-7, 3.408e-7, 9.393e-7, -5.934e-7, 3.271e-7, 9.205e-7
0.444, -6.945e-7, 3.230e-7, 1.018e-6, -6.785e-7, 3.306e-7, 1.009e-6, -6.017e-7, 2.166e-7, 8.183e-7, -5.878e-7, 2.227e-7, 8.105e-7, -6.254e-7, 2.265e-7, 8.519e-7, -6.194e-7, 2.097e-7, 8.292e-7, -5.925e-7, 3.418e-7, 9.343e-7, -5.878e-7, 3.274e-7, 9.152e-7
0.440, -6.886e-7, 3.226e-7, 1.011e-6, -6.740e-7, 3.283e-7, 1.002e-6, -5.961e-7, 2.167e-7, 8.128e-7, -5.834e-7, 2.218e-7, 8.051e-7, -6.197e-7, 2.260e-7, 8.457e-7, -6.150e-7, 2.079e-7, 8.229e-7, -5.866e-7, 3.426e-7, 9.292e-7, -5.827e-7, 3.273e-7, 9.100e-7
0.436, -6.841e-7, 3.208e-7, 1.005e-6, -6.693e-7, 3.262e-7, 9.955e-7, -5.910e-7, 2.168e-7, 8.078e-7, -5.798e-7, 2.197e-7, 7.995e-7, -6.149e-7, 2.249e-7, 8.399e-7, -6.106e-7, 2.062e-7, 8.168e-7, -5.819e-7, 3.426e-7, 9.245e-7, -5.774e-7, 3.267e-7, 9.041e-7
0.432, -6.807e-7, 3.188e-7, 9.995e-7, -6.671e-7, 3.224e-7, 9.894e-7, -5.884e-7, 2.149e-7, 8.033e-7, -5.776e-7, 2.173e-7, 7.948e-7, -6.117e-7, 2.227e-7, 8.344e-7, -6.085e-7, 2.029e-7, 8.113e-7, -5.773e-7, 3.421e-7, 9.194e-7, -5.754e-7, 3.245e-7, 8.999e-7
0.428, -6.765e-7, 3.167e-7, 9.932e-7, -6.637e-7, 3.192e-7, 9.829e-7, -5.841e-7, 2.140e-7, 7.980e-7, -5.739e-7, 2.157e-7, 7.896e-7, -6.073e-7, 2.214e-7, 8.287e-7, -6.049e-7, 2.004e-7, 8.054e-7, -5.732e-7, 3.418e-7, 9.149e-7, -5.714e-7, 3.234e-7, 8.948e-7
0.424, -6.722e-7, 3.147e-7, 9.869e-7, -6.606e-7, 3.159e-7, 9.765e-7, -5.807e-7, 2.129e-7, 7.937e-7, -5.710e-7, 2.132e-7, 7.843e-7, -6.039e-7, 2.194e-7, 8.233e-7, -6.010e-7, 1.978e-7, 7.988e-7, -5.686e-7, 3.415e-7, 9.101e-7, -5.674e-7, 3.218e-7, 8.893e-7
0.420, -6.688e-7, 3.123e-7, 9.811e-7, -6.579e-7, 3.124e-7, 9.703e-7, -5.768e-7, 2.119e-7, 7.888e-7, -5.680e-7, 2.106e-7, 7.786e-7, -6.002e-7, 2.172e-7, 8.174e-7, -5.986e-7, 1.944e-7, 7.930e-7, -5.651e-7, 3.406e-7, 9.057e-7, -5.642e-7, 3.202e-7, 8.844e-7
0.416, -6.650e-7, 3.098e-7, 9.748e-7, -6.552e-7, 3.084e-7, 9.636e-7, -5.739e-7, 2.096e-7, 7.835e-7, -5.657e-7, 2.083e-7, 7.740e-7, -5.970e-7, 2.147e-7, 8.117e-7, -5.955e-7, 1.913e-7, 7.867e-7, -5.613e-7, 3.392e-7, 9.005e-7, -5.613e-7, 3.177e-7, 8.790e-7
0.412, -6.628e-7, 3.055e-7, 9.683e-7, -6.531e-7, 3.037e-7, 9.568e-7, -5.707e-7, 2.077e-7, 7.784e-7, -5.638e-7, 2.047e-7, 7.684e-7, -5.931e-7, 2.124e-7, 8.054e-7, -5.926e-7, 1.878e-7, 7.804e-7, -5.584e-7, 3.374e-7, 8.958e-7, -5.586e-7, 3.153e-7, 8.739e-7
0.408, -6.600e-7, 3.023e-7, 9.623e-7, -6.514e-7, 2.986e-7, 9.500e-7, -5.687e-7, 2.049e-7, 7.735e-7, -5.609e-7, 2.020e-7, 7.628e-7, -5.907e-7, 2.092e-7, 7.999e-7, -5.906e-7, 1.837e-7, 7.743e-7, -5.556e-7, 3.356e-7, 8.912e-7, -5.567e-7, 3.123e-7, 8.690e-7
0.404, -6.575e-7, 2.987e-7, 9.561e-7, -6.499e-7, 2.938e-7, 9.437e-7, -5.657e-7, 2.029e-7, 7.686e-7, -5.595e-7, 1.984e-7, 7.578e-7, -5.879e-7, 2.062e-7, 7.941e-7, -5.881e-7, 1.799e-7, 7.680e-7, -5.530e-7, 3.334e-7, 8.864e-7, -5.544e-7, 3.093e-7, 8.637e-7
0.400, -6.560e-7, 2.934e-7, 9.495e-7, -6.476e-7, 2.884e-7, 9.360e-7, -5.637e-7, 1.995e-7, 7.632e-7, -5.579e-7, 1.942e-7, 7.522e-7, -5.853e-7, 2.027e-7, 7.880e-7, -5.866e-7, 1.753e-7, 7.619e-7, -5.508e-7, 3.304e-7, 8.811e-7, -5.525e-7, 3.058e-7, 8.584e-7
0.396, -6.538e-7, 2.892e-7, 9.430e-7, -6.467e-7, 2.831e-7, 9.299e-7, -5.613e-7, 1.967e-7, 7.580e-7, -5.564e-7, 1.901e-7, 7.465e-7, -5.830e-7, 1.991e-7, 7.821e-7, -5.845e-7, 1.710e-7, 7.555e-7, -5.485e-7, 3.278e-7, 8.764e-7, -5.511e-7, 3.022e-7, 8.533e-7
0.392, -6.528e-7, 2.838e-7, 9.365e-7, -6.454e-7, 2.764e-7, 9.218e-7, -5.593e-7, 1.931e-7, 7.524e-7, -5.548e-7, 1.860e-7, 7.408e-7, -5.805e-7, 1.954e-7, 7.760e-7, -5.829e-7, 1.663e-7, 7.492e-7, -5.470e-7, 3.244e-7, 8.714e-7, -5.490e-7, 2.985e-7, 8.475e-7
0.388, -6.507e-7, 2.781e-7, 9.287e-7, -6.438e-7, 2.700e-7, 9.138e-7, -5.571e-7, 1.894e-7, 7.466e-7, -5.528e-7, 1.812e-7, 7.340e-7, -5.782e-7, 1.907e-7, 7.689e-7, -5.802e-7, 1.616e-7, 7.418e-7, -5.446e-7, 3.208e-7, 8.655e-7, -5.468e-7, 2.943e-7, 8.411e-7
0.384, -6.498e-7, 2.722e-7, 9.220e-7, -6.444e-7, 2.630e-7, 9.073e-7, -5.559e-7, 1.851e-7, 7.410e-7, -5.522e-7, 1.763e-7, 7.285e-7, -5.766e-7, 1.865e-7, 7.631e-7, -5.788e-7, 1.565e-7, 7.353e-7, -5.432e-7, 3.173e-7, 8.605e-7, -5.460e-7, 2.898e-7, 8.358e-7
0.380, -6.506e-7, 2.652e-7, 9.158e-7, -6.440e-7, 2.559e-7, 8.999e-7, -5.555e-7, 1.805e-7, 7.360e-7, -5.521e-7, 1.706e-7, 7.227e-7, -5.748e-7, 1.816e-7, 7.563e-7, -5.785e-7, 1.508e-7, 7.293e-7, -5.429e-7, 3.121e-7, 8.550e-7, -5.456e-7, 2.846e-7, 8.301e-7
0.376, -6.494e-7, 2.587e-7, 9.081e-7, -6.427e-7, 2.488e-7, 8.915e-7, -5.545e-7, 1.760e-7, 7.305e-7, -5.511e-7, 1.654e-7, 7.166e-7, -5.732e-7, 1.768e-7, 7.501e-7, -5.774e-7, 1.448e-7, 7.222e-7, -5.413e-7, 3.078e-7, 8.491e-7, -5.449e-7, 2.792e-7, 8.241e-7
0.372, -6.496e-7, 2.516e-7, 9.012e-7, -6.434e-7, 2.408e-7, 8.841e-7, -5.538e-7, 1.706e-7, 7.244e-7, -5.500e-7, 1.601e-7, 7.102e-7, -5.726e-7, 1.713e-7, 7.439e-7, -5.758e-7, 1.395e-7, 7.153e-7, -5.413e-7, 3.027e-7, 8.440e-7, -5.437e-7, 2.743e-7, 8.180e-7
0.368, -6.501e-7, 2.442e-7, 8.942e-7, -6.436e-7, 2.328e-7, 8.764e-7, -5.529e-7, 1.657e-7, 7.186e-7, -5.496e-7, 1.544e-7, 7.040e-7, -5.716e-7, 1.659e-7, 7.375e-7, -5.746e-7, 1.338e-7, 7.084e-7, -5.413e-7, 2.972e-7, 8.384e-7, -5.436e-7, 2.684e-7, 8.119e-7
0.364, -6.501e-7, 2.364e-7, 8.865e-7, -6.447e-7, 2.238e-7, 8.685e-7, -5.532e-7, 1.597e-7, 7.129e-7, -5.500e-7, 1.477e-7, 6.977e-7, -5.707e-7, 1.598e-7, 7.305e-7, -5.738e-7, 1.274e-7, 7.012e-7, -5.411e-7, 2.913e-7, 8.324e-7, -5.438e-7, 2.621e-7, 8.059e-7
0.360, -6.515e-7, 2.281e-7, 8.796e-7, -6.452e-7, 2.154e-7, 8.605e-7, -5.532e-7, 1.539e-7, 7.071e-7, -5.507e-7, 1.410e-7, 6.916e-7, -5.703e-7, 1.534e-7, 7.237e-7, -5.726e-7, 1.216e-7, 6.942e-7, -5.423e-7, 2.848e-7, 8.271e-7, -5.441e-7, 2.552e-7, 7.994e-7
0.356, -6.528e-7, 2.190e-7, 8.718e-7, -6.463e-7, 2.056e-7, 8.519e-7, -5.534e-7, 1.475e-7, 7.008e-7, -5.501e-7, 1.343e-7, 6.844e-7, -5.699e-7, 1.471e-7, 7.170e-7, -5.723e-7, 1.145e-7, 6.869e-7, -5.429e-7, 2.777e-7, 8.206e-7, -5.442e-7, 2.487e-7, 7.929e-7
0.352, -6.541e-7, 2.101e-7, 8.642e-7, -6.476e-7, 1.965e-7, 8.441e-7, -5.549e-7, 1.400e-7, 6.949e-7, -5.508e-7, 1.272e-7, 6.780e-7, -5.709e-7, 1.399e-7, 7.109e-7, -5.722e-7, 1.074e-7, 6.796e-7, -5.444e-7, 2.706e-7, 8.150e-7, -5.453e-7, 2.414e-7, 7.867e-7
0.348, -6.577e-7, 1.998e-7, 8.575e-7, -6.497e-7, 1.861e-7, 8.358e-7, -5.558e-7, 1.332e-7, 6.889e-7, -5.522e-7, 1.196e-7, 6.718e-7, -5.713e-7, 1.330e-7, 7.043e-7, -5.721e-7, 1.007e-7, 6.727e-7, -5.465e-7, 2.632e-7, 8.096e-7, -5.460e-7, 2.343e-7, 7.803e-7
0.344, -6.591e-7, 1.899e-7, 8.490e-7, -6.517e-7, 1.753e-7, 8.270e-7, -5.578e-7, 1.249e-7, 6.827e-7, -5.525e-7, 1.118e-7, 6.643e-7, -5.705e-7, 1.258e-7, 6.963e-7, -5.723e-7, 9.272e-8, 6.650e-7, -5.486e-7, 2.542e-7, 8.028e-7, -5.478e-7, 2.257e-7, 7.735e-7
0.340, -6.612e-7, 1.795e-7, 8.408e-7, -6.530e-7, 1.654e-7, 8.184e-7, -5.584e-7, 1.171e-7, 6.755e-7, -5.527e-7, 1.040e-7, 6.567e-7, -5.708e-7, 1.183e-7, 6.891e-7, -5.714e-7, 8.546e-8, 6.568e-7, -5.506e-7, 2.455e-7, 7.961e-7, -5.485e-7, 2.176e-7, 7.661e-7
0.336, -6.641e-7, 1.690e-7, 8.331e-7, -6.544e-7, 1.548e-7, 8.091e-7, -5.601e-7, 1.092e-7, 6.694e-7, -5.541e-7, 9.561e-8, 6.497e-7, -5.727e-7, 1.100e-7, 6.827e-7, -5.711e-7, 7.865e-8, 6.498e-7, -5.538e-7, 2.365e-7, 7.903e-7, -5.497e-7, 2.096e-7, 7.593e-7
0.332, -6.677e-7, 1.568e-7, 8.245e-7, -6.570e-7, 1.428e-7, 7.998e-7, -5.627e-7, 9.998e-8, 6.627e-7, -5.550e-7, 8.719e-8, 6.422e-7, -5.742e-7, 1.012e-7, 6.755e-7, -5.720e-7, 7.020e-8, 6.422e-7, -5.582e-7, 2.256e-7, 7.838e-7, -5.523e-7, 1.998e-7, 7.521e-7
0.328, -6.715e-7, 1.448e-7, 8.162e-7, -6.595e-7, 1.315e-7, 7.911e-7, -5.649e-7, 9.111e-8, 6.560e-7, -5.571e-7, 7.819e-8, 6.353e-7, -5.761e-7, 9.217e-8, 6.683e-7, -5.726e-7, 6.212e-8, 6.347e-7, -5.618e-7, 2.155e-7, 7.773e-7, -5.552e-7, 1.901e-7, 7.453e-7
0.324, -6.743e-7, 1.327e-7, 8.070e-7, -6.612e-7, 1.201e-7, 7.814e-7, -5.678e-7, 8.120e-8, 6.490e-7, -5.581e-7, 6.934e-8, 6.274e-7, -5.780e-7, 8.321e-8, 6.612e-7, -5.727e-7, 5.385e-8, 6.266e-7, -5.665e-7, 2.040e-7, 7.705e-7, -5.578e-7, 1.800e-7, 7.378e-7
0.320, -6.784e-7, 1.196e-7, 7.981e-7, -6.635e-7, 1.075e-7, 7.710e-7, -5.709e-7, 7.107e-8, 6.420e-7, -5.605e-7, 5.948e-8, 6.199e-7, -5.801e-7, 7.360e-8, 6.537e-7, -5.745e-7, 4.426e-8, 6.188e-7, -5.716e-7, 1.917e-7, 7.634e-7, -5.613e-7, 1.693e-7, 7.306e-7
0.316, -6.827e-7, 1.064e-7, 7.891e-7, -6.672e-7, 9.487e-8, 7.621e-7, -5.746e-7, 6.051e-8, 6.351e-7, -5.633e-7, 4.887e-8, 6.122e-7, -5.835e-7, 6.355e-8, 6.471e-7, -5.754e-7, 3.577e-8, 6.112e-7, -5.775e-7, 1.792e-7, 7.567e-7, -5.655e-7, 1.578e-7, 7.233e-7
0.312, -6.872e-7, 9.254e-8, 7.798e-7, -6.697e-7, 8.163e-8, 7.513e-7, -5.783e-7, 4.952e-8, 6.279e-7, -5.653e-7, 3.911e-8, 6.044e-7, -5.858e-7, 5.290e-8, 6.387e-7, -5.771e-7, 2.625e-8, 6.034e-7, -5.840e-7, 1.660e-7, 7.499e-7, -5.697e-7, 1.459e-7, 7.156e-7
0.308, -6.909e-7, 7.850e-8, 7.694e-7, -6.717e-7, 6.915e-8, 7.409e-7, -5.822e-7, 3.804e-8, 6.203e-7, -5.677e-7, 2.813e-8, 5.959e-7, -5.887e-7, 4.229e-8, 6.310e-7, -5.788e-7, 1.678e-8, 5.955e-7, -5.893e-7, 1.525e-7, 7.418e-7, -5.733e-7, 1.345e-7, 7.078e-7
0.304, -6.950e-7, 6.430e-8, 7.593e-7, -6.747e-7, 5.553e-8, 7.302e-7, -5.856e-7, 2.676e-8, 6.124e-7, -5.699e-7, 1.802e-8, 5.879e-7, -5.922e-7, 3.127e-8, 6.234e-7, -5.801e-7, 7.142e-9, 5.872e-7, -5.957e-7, 1.384e-7, 7.341e-7, -5.780e-7, 1.216e-7, 6.996e-7
0.300, -6.990e-7, 4.961e-8, 7.486e-7, -6.776e-7, 4.225e-8, 7.199e-7, -5.904e-7, 1.409e-8, 6.045e-7, -5.729e-7, 6.453e-9, 5.794e-7, -5.962e-7, 1.966e-8, 6.159e-7, -5.829e-7, -3.290e-9, 5.796e-7, -6.022e-7, 1.237e-7, 7.259e-7, -5.834e-7, 1.086e-7, 6.920e-7
0.296, -7.027e-7, 3.525e-8, 7.380e-7, -6.808e-7, 2.793e-8, 7.087e-7, -5.942e-7, 2.486e-9, 5.967e-7, -5.747e-7, -3.959e-9, 5.707e-7, -6.002e-7, 7.713e-9, 6.079e-7, -5.841e-7, -1.294e-8, 5.712e-7, -6.084e-7, 1.087e-7, 7.171e-7, -5.889e-7, 9.530e-8, 6.842e-7
0.292, -7.061e-7, 2.048e-8, 7.266e-7, -6.825e-7, 1.453e-8, 6.970e-7, -5.976e-7, -9.540e-9, 5.881e-7, -5.770e-7, -1.523e-8, 5.618e-7, -6.038e-7, -3.772e-9, 6.000e-7, -5.864e-7, -2.332e-8, 5.631e-7, -6.151e-7, 9.354e-8, 7.087e-7, -5.938e-7, 8.185e-8, 6.757e-7
0.288, -7.094e-7, 5.645e-9, 7.151e-7, -6.843e-7, 1.020e-9, 6.853e-7, -6.003e-7, -2.161e-8, 5.787e-7, -5.797e-7, -2.641e-8, 5.533e-7, -6.067e-7, -1.544e-8, 5.913e-7, -5.887e-7, -3.383e-8, 5.548e-7, -6.212e-7, 7.830e-8, 6.995e-7, -5.979e-7, 6.854e-8, 6.665e-7
0.284, -7.112e-7, -9.068e-9, 7.022e-7, -6.866e-7, -1.323e-8, 6.733e-7, -6.030e-7, -3.376e-8, 5.692e-7, -5.812e-7, -3.753e-8, 5.437e-7, -6.098e-7, -2.757e-8, 5.823e-7, -5.894e-7, -4.374e-8, 5.457e-7, -6.260e-7, 6.322e-8, 6.893e-7, -6.029e-7, 5.478e-8, 6.577e-7
0.280, -7.132e-7, -2.398e-8, 6.892e-7, -6.872e-7, -2.659e-8, 6.606e-7, -6.053e-7, -4.580e-8, 5.595e-7, -5.830e-7, -4.887e-8, 5.342e-7, -6.118e-7, -3.906e-8, 5.727e-7, -5.915e-7, -5.399e-8, 5.375e-7, -6.296e-7, 4.890e-8, 6.785e-7, -6.069e-7, 4.069e-8, 6.476e-7
0.276, -7.136e-7, -3.778e-8, 6.758e-7, -6.875e-7, -3.968e-8, 6.478e-7, -6.058e-7, -5.697e-8, 5.489e-7, -5.842e-7, -5.962e-8, 5.245e-7, -6.138e-7, -5.024e-8, 5.636e-7, -5.930e-7, -6.452e-8, 5.285e-7, -6.336e-7, 3.410e-8, 6.677e-7, -6.110e-7, 2.760e-8, 6.386e-7
0.272, -7.132e-7, -5.135e-8, 6.619e-7, -6.873e-7, -5.216e-8, 6.351e-7, -6.067e-7, -6.813e-8, 5.385e-7, -5.841e-7, -6.998e-8, 5.142e-7, -6.139e-7, -6.128e-8, 5.526e-7, -5.937e-7, -7.453e-8, 5.192e-7, -6.347e-7, 2.020e-8, 6.549e-7, -6.128e-7, 1.465e-8, 6.274e-7
0.268, -7.119e-7, -6.509e-8, 6.468e-7, -6.868e-7, -6.561e-8, 6.212e-7, -6.061e-7, -7.957e-8, 5.266e-7, -5.836e-7, -8.027e-8, 5.033e-7, -6.155e-7, -7.315e-8, 5.423e-7, -5.938e-7, -8.424e-8, 5.095e-7, -6.363e-7, 5.863e-9, 6.421e-7, -6.151e-7, 1.238e-9, 6.163e-7
0.264, -7.085e-7, -7.718e-8, 6.313e-7, -6.844e-7, -7.690e-8, 6.075e-7, -6.040e-7, -8.911e-8, 5.149e-7, -5.823e-7, -8.997e-8, 4.923e-7, -6.146e-7, -8.346e-8, 5.311e-7, -5.935e-7, -9.393e-8, 4.996e-7, -6.352e-7, -6.941e-9, 6.282e-7, -6.155e-7, -1.053e-8, 6.050e-7
0.260, -7.050e-7, -8.959e-8, 6.154e-7, -6.816e-7, -8.897e-8, 5.926e-7, -6.012e-7, -9.913e-8, 5.021e-7, -5.806e-7, -9.987e-8, 4.808e-7, -6.128e-7, -9.374e-8, 5.191e-7, -5.930e-7, -1.035e-7, 4.896e-7, -6.333e-7, -2.015e-8, 6.132e-7, -6.145e-7, -2.285e-8, 5.917e-7
0.256, -6.991e-7, -1.011e-7, 5.981e-7, -6.774e-7, -1.004e-7, 5.770e-7, -5.976e-7, -1.090e-7, 4.886e-7, -5.765e-7, -1.081e-7, 4.684e-7, -6.106e-7, -1.038e-7, 5.068e-7, -5.907e-7, -1.122e-7, 4.785e-7, -6.294e-7, -3.165e-8, 5.978e-7, -6.126e-7, -3.421e-8, 5.784e-7
0.252, -6.938e-7, -1.129e-7, 5.809e-7, -6.720e-7, -1.110e-7, 5.610e-7, -5.928e-7, -1.185e-7, 4.743e-7, -5.741e-7, -1.177e-7, 4.563e-7, -6.088e-7, -1.147e-7, 4.941e-7, -5.906e-7, -1.222e-7, 4.684e-7, -6.247e-7, -4.378e-8, 5.809e-7, -6.109e-7, -4.614e-8, 5.648e-7
0.248, -6.862e-7, -1.230e-7, 5.632e-7, -6.669e-7, -1.214e-7, 5.455e-7, -5.881e-7, -1.272e-7, 4.609e-7, -5.695e-7, -1.256e-7, 4.439e-7, -6.055e-7, -1.239e-7, 4.816e-7, -5.885e-7, -1.312e-7, 4.573e-7, -6.189e-7, -5.496e-8, 5.639e-7, -6.069e-7, -5.647e-8, 5.504e-7
0.244, -6.791e-7, -1.339e-7, 5.452e-7, -6.606e-7, -1.312e-7, 5.295e-7, -5.819e-7, -1.359e-7, 4.460e-7, -5.647e-7, -1.336e-7, 4.311e-7, -6.029e-7, -1.343e-7, 4.686e-7, -5.866e-7, -1.400e-7, 4.466e-7, -6.118e-7, -6.554e-8, 5.463e-7, -6.031e-7, -6.743e-8, 5.357e-7
0.240, -6.716e-7, -1.451e-7, 5.265e-7, -6.538e-7, -1.415e-7, 5.123e-7, -5.763e-7, -1.451e-7, 4.313e-7, -5.598e-7, -1.421e-7, 4.177e-7, -6.000e-7, -1.449e-7, 4.551e-7, -5.846e-7, -1.499e-7, 4.347e-7, -6.045e-7, -7.680e-8, 5.277e-7, -5.979e-7, -7.799e-8, 5.199e-7
0.236, -6.635e-7, -1.549e-7, 5.086e-7, -6.483e-7, -1.514e-7, 4.969e-7, -5.717e-7, -1.538e-7, 4.178e-7, -5.549e-7, -1.499e-7, 4.050e-7, -5.976e-7, -1.552e-7, 4.424e-7, -5.828e-7, -1.586e-7, 4.242e-7, -5.972e-7, -8.694e-8, 5.102e-7, -5.923e-7, -8.763e-8, 5.047e-7
0.232, -6.566e-7, -1.654e-7, 4.911e-7, -6.412e-7, -1.606e-7, 4.806e-7, -5.668e-7, -1.627e-7, 4.041e-7, -5.506e-7, -1.579e-7, 3.926e-7, -5.963e-7, -1.659e-7, 4.304e-7, -5.818e-7, -1.682e-7, 4.136e-7, -5.893e-7, -9.710e-8, 4.922e-7, -5.874e-7, -9.805e-8, 4.894e-7
0.228, -6.505e-7, -1.764e-7, 4.741e-7, -6.354e-7, -1.705e-7, 4.649e-7, -5.632e-7, -1.721e-7, 3.911e-7, -5.457e-7, -1.655e-7, 3.802e-7, -5.959e-7, -1.775e-7, 4.184e-7, -5.810e-7, -1.782e-7, 4.028e-7, -5.824e-7, -1.079e-7, 4.745e-7, -5.825e-7, -1.083e-7, 4.742e-7
0.224, -6.457e-7, -1.881e-7, 4.577e-7, -6.296e-7, -1.801e-7, 4.495e-7, -5.605e-7, -1.822e-7, 3.783e-7, -5.424e-7, -1.742e-7, 3.682e-7, -5.973e-7, -1.897e-7, 4.075e-7, -5.822e-7, -1.888e-7, 3.934e-7, -5.767e-7, -1.189e-7, 4.577e-7, -5.784e-7, -1.192e-7, 4.592e-7
0.220, -6.419e-7, -1.992e-7, 4.427e-7, -6.237e-7, -1.893e-7, 4.344e-7, -5.582e-7, -1.918e-7, 3.664e-7, -5.383e-7, -1.817e-7, 3.566e-7, -5.988e-7, -2.021e-7, 3.967e-7, -5.835e-7, -1.994e-7, 3.841e-7, -5.719e-7, -1.301e-7, 4.418e-7, -5.741e-7, -1.293e-7, 4.448e-7
0.216, -6.395e-7, -2.113e-7, 4.283e-7, -6.200e-7, -1.993e-7, 4.206e-7, -5.582e-7, -2.026e-7, 3.556e-7, -5.361e-7, -1.904e-7, 3.457e-7, -6.028e-7, -2.154e-7, 3.875e-7, -5.859e-7, -2.107e-7, 3.752e-7, -5.682e-7, -1.412e-7, 4.269e-7, -5.712e-7, -1.403e-7, 4.309e-7
0.212, -6.403e-7, -2.249e-7, 4.154e-7, -6.172e-7, -2.102e-7, 4.070e-7, -5.604e-7, -2.147e-7, 3.458e-7, -5.350e-7, -1.996e-7, 3.353e-7, -6.090e-7, -2.301e-7, 3.789e-7, -5.895e-7, -2.230e-7, 3.665e-7, -5.661e-7, -1.534e-7, 4.127e-7, -5.689e-7, -1.515e-7, 4.174e-7
0.208, -6.411e-7, -2.379e-7, 4.032e-7, -6.147e-7, -2.206e-7, 3.941e-7, -5.628e-7, -2.265e-7, 3.363e-7, -5.342e-7, -2.088e-7, 3.254e-7, -6.163e-7, -2.448e-7, 3.714e-7, -5.947e-7, -2.358e-7, 3.589e-7, -5.650e-7, -1.663e-7, 3.987e-7, -5.678e-7, -1.630e-7, 4.048e-7
0.204, -6.440e-7, -2.517e-7, 3.923e-7, -6.137e-7, -2.309e-7, 3.828e-7, -5.678e-7, -2.392e-7, 3.286e-7, -5.348e-7, -2.180e-7, 3.168e-7, -6.258e-7, -2.602e-7, 3.656e-7, -6.007e-7, -2.483e-7, 3.524e-7, -5.656e-7, -1.784e-7, 3.873e-7, -5.672e-7, -1.741e-7, 3.931e-7
0.200, -6.495e-7, -2.664e-7, 3.831e-7, -6.144e-7, -2.419e-7, 3.725e-7, -5.744e-7, -2.517e-7, 3.227e-7, -5.366e-7, -2.278e-7, 3.088e-7, -6.363e-7, -2.759e-7, 3.603e-7, -6.083e-7, -2.620e-7, 3.463e-7, -5.685e-7, -1.920e-7, 3.766e-7, -5.691e-7, -1.866e-7, 3.825e-7
0.196, -6.540e-7, -2.797e-7, 3.743e-7, -6.144e-7, -2.529e-7, 3.615e-7, -5.820e-7, -2.654e-7, 3.167e-7, -5.385e-7, -2.370e-7, 3.015e-7, -6.473e-7, -2.920e-7, 3.553e-7, -6.157e-7, -2.749e-7, 3.408e-7, -5.718e-7, -2.052e-7, 3.665e-7, -5.700e-7, -1.985e-7, 3.716e-7
0.192, -6.608e-7, -2.939e-7, 3.669e-7, -6.157e-7, -2.633e-7, 3.525e-7, -5.895e-7, -2.778e-7, 3.117e-7, -5.416e-7, -2.467e-7, 2.950e-7, -6.586e-7, -3.070e-7, 3.516e-7, -6.225e-7, -2.871e-7, 3.354e-7, -5.754e-7, -2.178e-7, 3.576e-7, -5.718e-7, -2.098e-7, 3.620e-7
0.188, -6.672e-7, -3.073e-7, 3.599e-7, -6.178e-7, -2.744e-7, 3.435e-7, -5.976e-7, -2.903e-7, 3.073e-7, -5.446e-7, -2.563e-7, 2.883e-7, -6.698e-7, -3.219e-7, 3.479e-7, -6.313e-7, -3.004e-7, 3.309e-7, -5.798e-7, -2.304e-7, 3.494e-7, -5.743e-7, -2.214e-7, 3.529e-7
0.184, -6.737e-7, -3.201e-7, 3.536e-7, -6.195e-7, -2.844e-7, 3.351e-7, -6.047e-7, -3.016e-7, 3.031e-7, -5.479e-7, -2.656e-7, 2.823e-7, -6.791e-7, -3.351e-7, 3.440e-7, -6.378e-7, -3.117e-7, 3.261e-7, -5.839e-7, -2.427e-7, 3.412e-7, -5.762e-7, -2.322e-7, 3.440e-7
0.180, -6.791e-7, -3.317e-7, 3.474e-7, -6.205e-7, -2.936e-7, 3.269e-7, -6.107e-7, -3.119e-7, 2.988e-7, -5.501e-7, -2.737e-7, 2.764e-7, -6.869e-7, -3.466e-7, 3.403e-7, -6.440e-7, -3.223e-7, 3.217e-7, -5.879e-7, -2.535e-7, 3.344e-7, -5.779e-7, -2.423e-7, 3.355e-7
0.176, -6.820e-7, -3.412e-7, 3.408e-7, -6.199e-7, -3.013e-7, 3.186e-7, -6.148e-7, -3.202e-7, 2.946e-7, -5.515e-7, -2.805e-7, 2.710e-7, -6.924e-7, -3.568e-7, 3.357e-7, -6.469e-7, -3.310e-7, 3.158e-7, -5.889e-7, -2.623e-7, 3.266e-7, -5.776e-7, -2.509e-7, 3.267e-7
0.172, -6.826e-7, -3.490e-7, 3.335e-7, -6.185e-7, -3.082e-7, 3.103e-7, -6.175e-7, -3.273e-7, 2.901e-7, -5.505e-7, -2.862e-7, 2.643e-7, -6.943e-7, -3.641e-7, 3.302e-7, -6.479e-7, -3.377e-7, 3.102e-7, -5.883e-7, -2.697e-7, 3.186e-7, -5.757e-7, -2.577e-7, 3.180e-7
0.168, -6.807e-7, -3.549e-7, 3.259e-7, -6.153e-7, -3.137e-7, 3.016e-7, -6.158e-7, -3.321e-7, 2.838e-7, -5.488e-7, -2.905e-7, 2.583e-7, -6.921e-7, -3.686e-7, 3.235e-7, -6.460e-7, -3.428e-7, 3.032e-7, -5.849e-7, -2.752e-7, 3.097e-7, -5.718e-7, -2.635e-7, 3.084e-7
0.164, -6.744e-7, -3.579e-7, 3.165e-7, -6.094e-7, -3.172e-7, 2.921e-7, -6.105e-7, -3.342e-7, 2.763e-7, -5.443e-7, -2.933e-7, 2.510e-7, -6.856e-7, -3.706e-7, 3.150e-7, -6.406e-7, -3.456e-7, 2.950e-7, -5.795e-7, -2.791e-7, 3.004e-7, -5.648e-7, -2.671e-7, 2.977e-7
0.160, -6.656e-7, -3.590e-7, 3.066e-7, -6.023e-7, -3.194e-7, 2.829e-7, -6.030e-7, -3.345e-7, 2.685e-7, -5.379e-7, -2.948e-7, 2.431e-7, -6.749e-7, -3.698e-7, 3.051e-7, -6.331e-7, -3.467e-7, 2.864e-7, -5.711e-7, -2.806e-7, 2.905e-7, -5.572e-7, -2.699e-7, 2.874e-7
0.156, -6.533e-7, -3.584e-7, 2.949e-7, -5.926e-7, -3.205e-7, 2.721e-7, -5.919e-7, -3.332e-7, 2.587e-7, -5.301e-7, -2.952e-7, 2.349e-7, -6.609e-7, -3.675e-7, 2.934e-7, -6.210e-7, -3.450e-7, 2.760e-7, -5.606e-7, -2.815e-7, 2.791e-7, -5.469e-7, -2.709e-7, 2.759e-7
0.152, -6.370e-7, -3.551e-7, 2.819e-7, -5.795e-7, -3.193e-7, 2.602e-7, -5.773e-7, -3.293e-7, 2.479e-7, -5.184e-7, -2.931e-7, 2.252e-7, -6.430e-7, -3.620e-7, 2.809e-7, -6.067e-7, -3.424e-7, 2.643e-7, -5.459e-7, -2.794e-7, 2.665e-7, -5.333e-7, -2.698e-7, 2.635e-7
0.148, -6.197e-7, -3.514e-7, 2.684e-7, -5.670e-7, -3.181e-7, 2.488e-7, -5.598e-7, -3.243e-7, 2.355e-7, -5.066e-7, -2.915e-7, 2.151e-7, -6.221e-7, -3.557e-7, 2.664e-7, -5.892e-7, -3.376e-7, 2.516e-7, -5.304e-7, -2.768e-7, 2.536e-7, -5.181e-7, -2.675e-7, 2.506e-7
0.144, -5.987e-7, -3.455e-7, 2.532e-7, -5.504e-7, -3.150e-7, 2.354e-7, -5.404e-7, -3.185e-7, 2.219e-7, -4.915e-7, -2.879e-7, 2.036e-7, -5.982e-7, -3.478e-7, 2.503e-7, -5.700e-7, -3.323e-7, 2.376e-7, -5.118e-7, -2.726e-7, 2.391e-7, -5.014e-7, -2.645e-7, 2.369e-7
0.140, -5.766e-7, -3.391e-7, 2.374e-7, -5.339e-7, -3.113e-7, 2.226e-7, -5.192e-7, -3.111e-7, 2.081e-7, -4.763e-7, -2.840e-7, 1.923e-7, -5.733e-7, -3.392e-7, 2.342e-7, -5.485e-7, -3.245e-7, 2.240e-7, -4.918e-7, -2.674e-7, 2.244e-7, -4.830e-7, -2.605e-7, 2.225e-7
0.136, -5.539e-7, -3.323e-7, 2.216e-7, -5.163e-7, -3.073e-7, 2.090e-7, -4.983e-7, -3.046e-7, 1.937e-7, -4.596e-7, -2.790e-7, 1.806e-7, -5.476e-7, -3.298e-7, 2.178e-7, -5.275e-7, -3.181e-7, 2.094e-7, -4.709e-7, -2.618e-7, 2.091e-7, -4.650e-7, -2.569e-7, 2.081e-7
0.132, -5.316e-7, -3.260e-7, 2.056e-7, -4.991e-7, -3.037e-7, 1.953e-7, -4.770e-7, -2.974e-7, 1.796e-7, -4.441e-7, -2.752e-7, 1.689e-7, -5.225e-7, -3.210e-7, 2.015e-7, -5.061e-7, -3.111e-7, 1.950e-7, -4.514e-7, -2.572e-7, 1.942e-7, -4.464e-7, -2.522e-7, 1.942e-7
0.128, -5.094e-7, -3.192e-7, 1.902e-7, -4.816e-7, -2.991e-7, 1.825e-7, -4.566e-7, -2.910e-7, 1.656e-7, -4.283e-7, -2.704e-7, 1.579e-7, -4.980e-7, -3.121e-7, 1.859e-7, -4.847e-7, -3.040e-7, 1.807e-7, -4.316e-7, -2.515e-7, 1.801e-7, -4.280e-7, -2.476e-7, 1.804e-7
0.124, -4.894e-7, -3.140e-7, 1.754e-7, -4.659e-7, -2.957e-7, 1.702e-7, -4.371e-7, -2.847e-7, 1.524e-7, -4.141e-7, -2.669e-7, 1.472e-7, -4.754e-7, -3.046e-7, 1.708e-7, -4.653e-7, -2.979e-7, 1.675e-7, -4.129e-7, -2.467e-7, 1.662e-7, -4.117e-7, -2.443e-7, 1.674e-7
0.120, -4.703e-7, -3.083e-7, 1.620e-7, -4.505e-7, -2.917e-7, 1.588e-7, -4.196e-7, -2.784e-7, 1.411e-7, -3.998e-7, -2.628e-7, 1.370e-7, -4.539e-7, -2.969e-7, 1.570e-7, -4.467e-7, -2.916e-7, 1.551e-7, -3.954e-7, -2.425e-7, 1.529e-7, -3.950e-7, -2.401e-7, 1.549e-7
0.116, -4.521e-7, -3.037e-7, 1.484e-7, -4.361e-7, -2.891e-7, 1.470e-7, -4.027e-7, -2.737e-7, 1.290e-7, -3.869e-7, -2.595e-7, 1.274e-7, -4.341e-7, -2.900e-7, 1.441e-7, -4.292e-7, -2.861e-7, 1.431e-7, -3.795e-7, -2.382e-7, 1.413e-7, -3.798e-7, -2.367e-7, 1.431e-7
0.112, -4.361e-7, -2.987e-7, 1.374e-7, -4.235e-7, -2.863e-7, 1.372e-7, -3.878e-7, -2.689e-7, 1.189e-7, -3.750e-7, -2.562e-7, 1.188e-7, -4.166e-7, -2.843e-7, 1.324e-7, -4.144e-7, -2.814e-7, 1.330e-7, -3.653e-7, -2.347e-7, 1.305e-7, -3.664e-7, -2.335e-7, 1.329e-7
0.108, -4.222e-7, -2.951e-7, 1.271e-7, -4.129e-7, -2.841e-7, 1.287e-7, -3.754e-7, -2.651e-7, 1.104e-7, -3.653e-7, -2.538e-7, 1.114e-7, -4.021e-7, -2.789e-7, 1.232e-7, -4.008e-7, -2.768e-7, 1.240e-7, -3.528e-7, -2.316e-7, 1.212e-7, -3.556e-7, -2.316e-7, 1.240e-7
0.104, -4.108e-7, -2.927e-7, 1.181e-7, -4.029e-7, -2.820e-7, 1.208e-7, -3.641e-7, -2.622e-7, 1.020e-7, -3.563e-7, -2.519e-7, 1.044e-7, -3.892e-7, -2.750e-7, 1.141e-7, -3.892e-7, -2.734e-7, 1.159e-7, -3.417e-7, -2.296e-7, 1.121e-7, -3.450e-7, -2.294e-7, 1.156e-7
0.100, -4.002e-7, -2.898e-7, 1.104e-7, -3.940e-7, -2.802e-7, 1.138e-7, -3.553e-7, -2.595e-7, 9.588e-8, -3.490e-7, -2.501e-7, 9.890e-8, -3.778e-7, -2.710e-7, 1.068e-7, -3.797e-7, -2.702e-7, 1.094e-7, -3.324e-7, -2.271e-7, 1.053e-7, -3.363e-7, -2.277e-7, 1.086e-7
0.096, -3.911e-7, -2.875e-7, 1.036e-7, -3.865e-7, -2.792e-7, 1.073e-7, -3.468e-7, -2.565e-7, 9.024e-8, -3.420e-7, -2.485e-7, 9.353e-8, -3.676e-7, -2.677e-7, 9.994e-8, -3.705e-7, -2.678e-7, 1.028e-7, -3.231e-7, -2.249e-7, 9.819e-8, -3.277e-7, -2.258e-7, 1.019e-7
0.092, -3.839e-7, -2.858e-7, 9.807e-8, -3.809e-7, -2.782e-7, 1.027e-7, -3.400e-7, -2.548e-7, 8.515e-8, -3.368e-7, -2.472e-7, 8.965e-8, -3.597e-7, -2.652e-7, 9.448e-8, -3.637e-7, -2.656e-7, 9.814e-8, -3.170e-7, -2.236e-7, 9.347e-8, -3.217e-7, -2.248e-7, 9.687e-8
0.088, -3.788e-7, -2.856e-7, 9.316e-8, -3.761e-7, -2.781e-7, 9.799e-8, -3.348e-7, -2.541e-7, 8.063e-8, -3.326e-7, -2.468e-7, 8.582e-8, -3.529e-7, -2.630e-7, 8.986e-8, -3.572e-7, -2.633e-7, 9.392e-8, -3.111e-7, -2.227e-7, 8.839e-8, -3.162e-7, -2.241e-7, 9.205e-8
0.084, -3.725e-7, -2.835e-7, 8.900e-8, -3.707e-7, -2.768e-7, 9.394e-8, -3.296e-7, -2.524e-7, 7.720e-8, -3.281e-7, -2.456e-7, 8.251e-8, -3.477e-7, -2.612e-7, 8.651e-8, -3.526e-7, -2.619e-7, 9.073e-8, -3.062e-7, -2.218e-7, 8.434e-8, -3.120e-7, -2.236e-7, 8.846e-8
0.080, -3.678e-7, -2.831e-7, 8.476e-8, -3.672e-7, -2.767e-7, 9.042e-8, -3.255e-7, -2.514e-7, 7.409e-8, -3.248e-7, -2.452e-7, 7.955e-8, -3.418e-7, -2.596e-7, 8.225e-8, -3.472e-7, -2.606e-7, 8.663e-8, -3.019e-7, -2.215e-7, 8.046e-8, -3.071e-7, -2.226e-7, 8.453e-8
0.076, -3.637e-7, -2.825e-7, 8.123e-8, -3.640e-7, -2.767e-7, 8.730e-8, -3.215e-7, -2.504e-7, 7.108e-8, -3.212e-7, -2.442e-7, 7.700e-8, -3.375e-7, -2.583e-7, 7.917e-8, -3.433e-7, -2.596e-7, 8.374e-8, -2.991e-7, -2.214e-7, 7.768e-8, -3.042e-7, -2.229e-7, 8.126e-8
0.072, -3.602e-7, -2.821e-7, 7.818e-8, -3.605e-7, -2.761e-7, 8.438e-8, -3.188e-7, -2.500e-7, 6.883e-8, -3.185e-7, -2.440e-7, 7.451e-8, -3.341e-7, -2.573e-7, 7.687e-8, -3.394e-7, -2.584e-7, 8.106e-8, -2.953e-7, -2.208e-7, 7.452e-8, -3.003e-7, -2.219e-7, 7.833e-8
0.068, -3.573e-7, -2.817e-7, 7.564e-8, -3.581e-7, -2.761e-7, 8.204e-8, -3.165e-7, -2.502e-7, 6.633e-8, -3.168e-7, -2.440e-7, 7.280e-8, -3.312e-7, -2.569e-7, 7.427e-8, -3.363e-7, -2.576e-7, 7.876e-8, -2.932e-7, -2.210e-7, 7.223e-8, -2.988e-7, -2.226e-7, 7.623e-8
0.064, -3.545e-7, -2.813e-7, 7.325e-8, -3.555e-7, -2.760e-7, 7.956e-8, -3.143e-7, -2.496e-7, 6.471e-8, -3.147e-7, -2.439e-7, 7.083e-8, -3.281e-7, -2.562e-7, 7.196e-8, -3.342e-7, -2.571e-7, 7.706e-8, -2.915e-7, -2.212e-7, 7.031e-8, -2.961e-7, -2.220e-7, 7.416e-8
0.060, -3.523e-7, -2.813e-7, 7.105e-8, -3.536e-7, -2.760e-7, 7.767e-8, -3.124e-7, -2.491e-7, 6.334e-8, -3.129e-7, -2.436e-7, 6.929e-8, -3.259e-7, -2.552e-7, 7.075e-8, -3.319e-7, -2.567e-7, 7.520e-8, -2.891e-7, -2.211e-7, 6.797e-8, -2.941e-7, -2.223e-7, 7.183e-8
0.056, -3.506e-7, -2.811e-7, 6.949e-8, -3.522e-7, -2.763e-7, 7.588e-8, -3.103e-7, -2.489e-7, 6.140e-8, -3.111e-7, -2.434e-7, 6.774e-8, -3.232e-7, -2.548e-7, 6.837e-8, -3.297e-7, -2.561e-7, 7.361e-8, -2.872e-7, -2.210e-7, 6.616e-8, -2.921e-7, -2.222e-7, 6.988e-8
0.052, -3.486e-7, -2.816e-7, 6.706e-8, -3.504e-7, -2.767e-7, 7.364e-8, -3.087e-7, -2.490e-7, 5.976e-8, -3.098e-7, -2.435e-7, 6.634e-8, -3.215e-7, -2.546e-7, 6.694e-8, -3.273e-7, -2.554e-7, 7.187e-8, -2.857e-7, -2.217e-7, 6.402e-8, -2.900e-7, -2.222e-7, 6.780e-8
0.048, -3.475e-7, -2.820e-7, 6.547e-8, -3.489e-7, -2.769e-7, 7.200e-8, -3.069e-7, -2.488e-7, 5.813e-8, -3.082e-7, -2.438e-7, 6.438e-8, -3.200e-7, -2.545e-7, 6.545e-8, -3.260e-7, -2.557e-7, 7.032e-8, -2.843e-7, -2.220e-7, 6.231e-8, -2.885e-7, -2.227e-7, 6.586e-8
0.044, -3.453e-7, -2.820e-7, 6.334e-8, -3.467e-7, -2.767e-7, 6.995e-8, -3.058e-7, -2.487e-7, 5.709e-8, -3.072e-7, -2.440e-7, 6.327e-8, -3.176e-7, -2.541e-7, 6.351e-8, -3.241e-7, -2.550e-7, 6.908e-8, -2.827e-7, -2.222e-7, 6.048e-8, -2.867e-7, -2.224e-7, 6.424e-8
0.040, -3.449e-7, -2.829e-7, 6.198e-8, -3.461e-7, -2.773e-7, 6.878e-8, -3.051e-7, -2.493e-7, 5.585e-8, -3.063e-7, -2.439e-7, 6.245e-8, -3.164e-7, -2.541e-7, 6.235e-8, -3.230e-7, -2.553e-7, 6.771e-8, -2.830e-7, -2.234e-7, 5.958e-8, -2.858e-7, -2.230e-7, 6.278e-8
0.036, -3.430e-7, -2.831e-7, 5.993e-8, -3.445e-7, -2.777e-7, 6.682e-8, -3.039e-7, -2.495e-7, 5.443e-8, -3.048e-7, -2.441e-7, 6.062e-8, -3.157e-7, -2.546e-7, 6.109e-8, -3.211e-7, -2.549e-7, 6.620e-8, -2.821e-7, -2.243e-7, 5.776e-8, -2.847e-7, -2.235e-7, 6.124e-8
0.032, -3.419e-7, -2.834e-7, 5.853e-8, -3.432e-7, -2.778e-7, 6.547e-8, -3.034e-7, -2.500e-7, 5.341e-8, -3.050e-7, -2.446e-7, 6.035e-8, -3.147e-7, -2.546e-7, 6.006e-8, -3.195e-7, -2.544e-7, 6.501e-8, -2.811e-7, -2.246e-7, 5.647e-8, -2.838e-7, -2.235e-7, 6.026e-8
0.028, -3.413e-7, -2.848e-7, 5.658e-8, -3.428e-7, -2.788e-7, 6.401e-8, -3.025e-7, -2.508e-7, 5.170e-8, -3.039e-7, -2.453e-7, 5.854e-8, -3.134e-7, -2.550e-7, 5.837e-8, -3.188e-7, -2.552e-7, 6.353e-8, -2.809e-7, -2.261e-7, 5.474e-8, -2.827e-7, -2.246e-7, 5.811e-8
0.024, -3.414e-7, -2.860e-7, 5.548e-8, -3.420e-7, -2.797e-7, 6.236e-8, -3.021e-7, -2.513e-7, 5.083e-8, -3.037e-7, -2.460e-7, 5.771e-8, -3.128e-7, -2.555e-7, 5.730e-8, -3.181e-7, -2.558e-7, 6.230e-8, -2.806e-7, -2.272e-7, 5.332e-8, -2.821e-7, -2.256e-7, 5.658e-8
0.020, -3.412e-7, -2.872e-7, 5.403e-8, -3.423e-7, -2.810e-7, 6.122e-8, -3.018e-7, -2.519e-7, 4.987e-8, -3.032e-7, -2.465e-7, 5.674e-8, -3.125e-7, -2.564e-7, 5.605e-8, -3.168e-7, -2.556e-7, 6.125e-8, -2.809e-7, -2.284e-7, 5.246e-8, -2.837e-7, -2.286e-7, 5.516e-8
0.016, -3.399e-7, -2.877e-7, 5.221e-8, -3.425e-7, -2.832e-7, 5.932e-8, -3.011e-7, -2.529e-7, 4.821e-8, -3.028e-7, -2.473e-7, 5.544e-8, -3.122e-7, -2.575e-7, 5.470e-8, -3.169e-7, -2.570e-7, 5.991e-8, -2.813e-7, -2.307e-7, 5.062e-8, -2.843e-7, -2.303e-7, 5.404e-8
0.012, -3.409e-7, -2.897e-7, 5.123e-8, -3.424e-7, -2.841e-7, 5.824e-8, -3.025e-7, -2.546e-7, 4.794e-8, -3.030e-7, -2.483e-7, 5.473e-8, -3.123e-7, -2.587e-7, 5.363e-8, -3.167e-7, -2.574e-7, 5.928e-8, -2.820e-7, -2.320e-7, 5.007e-8, -2.829e-7, -2.298e-7, 5.306e-8
0.008, -3.412e-7, -2.911e-7, 5.007e-8, -3.423e-7, -2.857e-7, 5.663e-8, -3.018e-7, -2.554e-7, 4.639e-8, -3.029e-7, -2.498e-7, 5.308e-8, -3.117e-7, -2.597e-7, 5.199e-8, -3.166e-7, -2.588e-7, 5.774e-8, -2.829e-7, -2.344e-7, 4.853e-8, -2.830e-7, -2.315e-7, 5.154e-8
0.004, -3.417e-7, -2.932e-7, 4.854e-8, -3.428e-7, -2.874e-7, 5.532e-8, -3.027e-7, -2.569e-7, 4.583e-8, -3.029e-7, -2.505e-7, 5.242e-8, -3.119e-7, -2.609e-7, 5.103e-8, -3.160e-7, -2.594e-7, 5.657e-8, -2.834e-7, -2.359e-7, 4.744e-8, -2.828e-7, -2.321e-7, 5.063e-8
-0.000, -3.422e-7, -2.950e-7, 4.726e-8, -3.434e-7, -2.894e-7, 5.402e-8, -3.037e-7, -2.589e-7, 4.482e-8, -3.033e-7, -2.519e-7, 5.141e-8, -3.126e-7, -2.629e-7, 4.972e-8, -3.159e-7, -2.604e-7, 5.546e-8, -2.841e-7, -2.378e-7, 4.627e-8, -2.829e-7, -2.336e-7, 4.932e-8
