0.896, -1.758e-5, 1.015e-5, 2.773e-5, -1.277e-6, -1.166e-6, -1.387e-6, -1.647e-5, 9.559e-6, 2.603e-5, -1.083e-6, -9.874e-7, -1.178e-6, -1.603e-5, 9.332e-6, 2.536e-5, -1.150e-6, -1.056e-6, -1.244e-6, -1.681e-5, 9.521e-6, 2.633e-5, -1.207e-6, -1.107e-6, -1.307e-6
0.892, -1.504e-5, 7.669e-6, 2.270e-5, -1.746e-6, -1.629e-6, -1.862e-6, -1.405e-5, 7.242e-6, 2.129e-5, -1.497e-6, -1.396e-6, -1.598e-6, -1.369e-5, 6.991e-6, 2.068e-5, -1.552e-6, -1.449e-6, -1.655e-6, -1.428e-5, 7.072e-6, 2.136e-5, -1.665e-6, -1.552e-6, -1.779e-6
0.888, -1.306e-5, 6.117e-6, 1.918e-5, -2.178e-6, -2.088e-6, -2.268e-6, -1.219e-5, 5.785e-6, 1.797e-5, -1.878e-6, -1.796e-6, -1.959e-6, -1.186e-5, 5.557e-6, 1.741e-5, -1.931e-6, -1.842e-6, -2.021e-6, -1.232e-5, 5.588e-6, 1.791e-5, -2.106e-6, -2.009e-6, -2.203e-6
0.884, -1.152e-5, 5.006e-6, 1.653e-5, -2.516e-6, -2.447e-6, -2.584e-6, -1.073e-5, 4.749e-6, 1.548e-5, -2.179e-6, -2.117e-6, -2.241e-6, -1.043e-5, 4.540e-6, 1.497e-5, -2.235e-6, -2.170e-6, -2.299e-6, -1.082e-5, 4.544e-6, 1.536e-5, -2.451e-6, -2.381e-6, -2.521e-6
0.880, -1.031e-5, 4.154e-6, 1.446e-5, -2.755e-6, -2.713e-6, -2.797e-6, -9.582e-6, 3.947e-6, 1.353e-5, -2.402e-6, -2.360e-6, -2.444e-6, -9.315e-6, 3.756e-6, 1.307e-5, -2.455e-6, -2.408e-6, -2.502e-6, -9.628e-6, 3.751e-6, 1.338e-5, -2.695e-6, -2.649e-6, -2.742e-6
0.876, -9.320e-6, 3.475e-6, 1.279e-5, -2.911e-6, -2.886e-6, -2.937e-6, -8.658e-6, 3.313e-6, 1.197e-5, -2.550e-6, -2.525e-6, -2.574e-6, -8.406e-6, 3.134e-6, 1.154e-5, -2.601e-6, -2.574e-6, -2.628e-6, -8.675e-6, 3.117e-6, 1.179e-5, -2.849e-6, -2.825e-6, -2.873e-6
0.872, -8.500e-6, 2.915e-6, 1.141e-5, -3.001e-6, -2.989e-6, -3.012e-6, -7.889e-6, 2.790e-6, 1.068e-5, -2.639e-6, -2.625e-6, -2.652e-6, -7.653e-6, 2.624e-6, 1.028e-5, -2.687e-6, -2.674e-6, -2.700e-6, -7.891e-6, 2.596e-6, 1.049e-5, -2.932e-6, -2.925e-6, -2.939e-6
0.868, -7.810e-6, 2.440e-6, 1.025e-5, -3.033e-6, -3.034e-6, -3.033e-6, -7.252e-6, 2.347e-6, 9.599e-6, -2.679e-6, -2.676e-6, -2.682e-6, -7.029e-6, 2.194e-6, 9.223e-6, -2.722e-6, -2.721e-6, -2.722e-6, -7.235e-6, 2.159e-6, 9.394e-6, -2.962e-6, -2.966e-6, -2.957e-6
0.864, -7.225e-6, 2.035e-6, 9.260e-6, -3.035e-6, -3.045e-6, -3.025e-6, -6.712e-6, 1.964e-6, 8.675e-6, -2.684e-6, -2.690e-6, -2.679e-6, -6.495e-6, 1.822e-6, 8.317e-6, -2.720e-6, -2.724e-6, -2.716e-6, -6.675e-6, 1.787e-6, 8.462e-6, -2.947e-6, -2.959e-6, -2.934e-6
0.860, -6.723e-6, 1.682e-6, 8.404e-6, -3.002e-6, -3.019e-6, -2.986e-6, -6.240e-6, 1.634e-6, 7.873e-6, -2.664e-6, -2.675e-6, -2.654e-6, -6.036e-6, 1.502e-6, 7.538e-6, -2.689e-6, -2.699e-6, -2.679e-6, -6.201e-6, 1.464e-6, 7.665e-6, -2.899e-6, -2.919e-6, -2.878e-6
0.856, -6.278e-6, 1.370e-6, 7.649e-6, -2.948e-6, -2.968e-6, -2.928e-6, -5.831e-6, 1.341e-6, 7.171e-6, -2.623e-6, -2.640e-6, -2.605e-6, -5.644e-6, 1.219e-6, 6.863e-6, -2.637e-6, -2.653e-6, -2.622e-6, -5.790e-6, 1.177e-6, 6.967e-6, -2.833e-6, -2.853e-6, -2.812e-6
0.852, -5.880e-6, 1.100e-6, 6.980e-6, -2.876e-6, -2.900e-6, -2.853e-6, -5.466e-6, 1.086e-6, 6.552e-6, -2.564e-6, -2.585e-6, -2.542e-6, -5.286e-6, 9.738e-7, 6.260e-6, -2.571e-6, -2.591e-6, -2.551e-6, -5.428e-6, 9.258e-7, 6.354e-6, -2.754e-6, -2.780e-6, -2.727e-6
0.848, -5.517e-6, 8.654e-7, 6.382e-6, -2.796e-6, -2.824e-6, -2.768e-6, -5.134e-6, 8.627e-7, 5.997e-6, -2.498e-6, -2.520e-6, -2.476e-6, -4.965e-6, 7.568e-7, 5.722e-6, -2.495e-6, -2.517e-6, -2.474e-6, -5.091e-6, 7.076e-7, 5.799e-6, -2.663e-6, -2.690e-6, -2.636e-6
0.844, -5.191e-6, 6.559e-7, 5.847e-6, -2.704e-6, -2.735e-6, -2.673e-6, -4.826e-6, 6.684e-7, 5.494e-6, -2.422e-6, -2.446e-6, -2.398e-6, -4.678e-6, 5.618e-7, 5.240e-6, -2.413e-6, -2.434e-6, -2.392e-6, -4.799e-6, 5.137e-7, 5.313e-6, -2.566e-6, -2.595e-6, -2.538e-6
0.840, -4.874e-6, 4.785e-7, 5.353e-6, -2.610e-6, -2.641e-6, -2.578e-6, -4.540e-6, 4.985e-7, 5.038e-6, -2.339e-6, -2.365e-6, -2.313e-6, -4.410e-6, 3.981e-7, 4.808e-6, -2.323e-6, -2.345e-6, -2.301e-6, -4.520e-6, 3.503e-7, 4.871e-6, -2.465e-6, -2.492e-6, -2.438e-6
0.836, -4.575e-6, 3.249e-7, 4.900e-6, -2.512e-6, -2.539e-6, -2.485e-6, -4.257e-6, 3.550e-7, 4.612e-6, -2.254e-6, -2.280e-6, -2.229e-6, -4.156e-6, 2.556e-7, 4.411e-6, -2.232e-6, -2.258e-6, -2.205e-6, -4.262e-6, 2.045e-7, 4.467e-6, -2.365e-6, -2.392e-6, -2.338e-6
0.832, -4.302e-6, 1.936e-7, 4.496e-6, -2.410e-6, -2.440e-6, -2.380e-6, -4.002e-6, 2.325e-7, 4.235e-6, -2.168e-6, -2.193e-6, -2.143e-6, -3.905e-6, 1.327e-7, 4.038e-6, -2.146e-6, -2.170e-6, -2.122e-6, -4.015e-6, 7.873e-8, 4.093e-6, -2.263e-6, -2.293e-6, -2.234e-6
0.828, -4.037e-6, 8.166e-8, 4.118e-6, -2.307e-6, -2.335e-6, -2.280e-6, -3.753e-6, 1.297e-7, 3.883e-6, -2.080e-6, -2.105e-6, -2.055e-6, -3.672e-6, 3.175e-8, 3.704e-6, -2.055e-6, -2.079e-6, -2.032e-6, -3.778e-6, -2.735e-8, 3.751e-6, -2.162e-6, -2.190e-6, -2.133e-6
0.824, -3.783e-6, -1.113e-8, 3.771e-6, -2.210e-6, -2.240e-6, -2.180e-6, -3.513e-6, 3.656e-8, 3.549e-6, -1.995e-6, -2.019e-6, -1.971e-6, -3.448e-6, -5.463e-8, 3.394e-6, -1.965e-6, -1.989e-6, -1.941e-6, -3.555e-6, -1.148e-7, 3.441e-6, -2.062e-6, -2.090e-6, -2.033e-6
0.820, -3.532e-6, -8.409e-8, 3.448e-6, -2.111e-6, -2.140e-6, -2.083e-6, -3.286e-6, -3.616e-8, 3.250e-6, -1.912e-6, -1.935e-6, -1.888e-6, -3.235e-6, -1.277e-7, 3.108e-6, -1.875e-6, -1.897e-6, -1.853e-6, -3.331e-6, -1.817e-7, 3.150e-6, -1.964e-6, -1.991e-6, -1.936e-6
0.816, -3.301e-6, -1.492e-7, 3.151e-6, -2.017e-6, -2.041e-6, -1.993e-6, -3.064e-6, -9.446e-8, 2.970e-6, -1.827e-6, -1.849e-6, -1.806e-6, -3.035e-6, -1.894e-7, 2.845e-6, -1.790e-6, -1.814e-6, -1.767e-6, -3.129e-6, -2.465e-7, 2.882e-6, -1.872e-6, -1.897e-6, -1.847e-6
0.812, -3.084e-6, -2.005e-7, 2.884e-6, -1.922e-6, -1.949e-6, -1.896e-6, -2.868e-6, -1.480e-7, 2.720e-6, -1.748e-6, -1.771e-6, -1.725e-6, -2.843e-6, -2.404e-7, 2.603e-6, -1.708e-6, -1.729e-6, -1.688e-6, -2.927e-6, -2.907e-7, 2.636e-6, -1.779e-6, -1.805e-6, -1.754e-6
0.808, -2.864e-6, -2.356e-7, 2.629e-6, -1.837e-6, -1.861e-6, -1.813e-6, -2.668e-6, -1.863e-7, 2.482e-6, -1.669e-6, -1.694e-6, -1.644e-6, -2.663e-6, -2.801e-7, 2.383e-6, -1.626e-6, -1.648e-6, -1.604e-6, -2.744e-6, -3.319e-7, 2.412e-6, -1.693e-6, -1.717e-6, -1.670e-6
0.804, -2.671e-6, -2.680e-7, 2.403e-6, -1.749e-6, -1.773e-6, -1.726e-6, -2.483e-6, -2.164e-7, 2.267e-6, -1.594e-6, -1.615e-6, -1.573e-6, -2.492e-6, -3.143e-7, 2.177e-6, -1.551e-6, -1.572e-6, -1.529e-6, -2.564e-6, -3.630e-7, 2.201e-6, -1.609e-6, -1.632e-6, -1.585e-6
0.800, -2.488e-6, -2.931e-7, 2.195e-6, -1.669e-6, -1.693e-6, -1.646e-6, -2.318e-6, -2.451e-7, 2.073e-6, -1.521e-6, -1.543e-6, -1.499e-6, -2.325e-6, -3.362e-7, 1.989e-6, -1.475e-6, -1.493e-6, -1.456e-6, -2.392e-6, -3.819e-7, 2.010e-6, -1.528e-6, -1.549e-6, -1.508e-6
0.796, -2.317e-6, -3.118e-7, 2.005e-6, -1.588e-6, -1.609e-6, -1.567e-6, -2.155e-6, -2.614e-7, 1.894e-6, -1.451e-6, -1.468e-6, -1.434e-6, -2.172e-6, -3.532e-7, 1.819e-6, -1.405e-6, -1.424e-6, -1.386e-6, -2.243e-6, -4.048e-7, 1.838e-6, -1.453e-6, -1.474e-6, -1.432e-6
0.792, -2.159e-6, -3.263e-7, 1.833e-6, -1.518e-6, -1.539e-6, -1.498e-6, -2.011e-6, -2.781e-7, 1.732e-6, -1.388e-6, -1.408e-6, -1.368e-6, -2.037e-6, -3.715e-7, 1.666e-6, -1.336e-6, -1.355e-6, -1.318e-6, -2.095e-6, -4.141e-7, 1.681e-6, -1.378e-6, -1.397e-6, -1.359e-6
0.788, -2.008e-6, -3.321e-7, 1.676e-6, -1.440e-6, -1.458e-6, -1.422e-6, -1.873e-6, -2.845e-7, 1.588e-6, -1.320e-6, -1.338e-6, -1.302e-6, -1.913e-6, -3.840e-7, 1.529e-6, -1.274e-6, -1.292e-6, -1.256e-6, -1.960e-6, -4.276e-7, 1.533e-6, -1.312e-6, -1.330e-6, -1.295e-6
0.784, -1.887e-6, -3.452e-7, 1.541e-6, -1.374e-6, -1.395e-6, -1.354e-6, -1.748e-6, -2.940e-7, 1.454e-6, -1.262e-6, -1.277e-6, -1.247e-6, -1.787e-6, -3.903e-7, 1.397e-6, -1.213e-6, -1.229e-6, -1.198e-6, -1.840e-6, -4.363e-7, 1.404e-6, -1.247e-6, -1.267e-6, -1.228e-6
0.780, -1.768e-6, -3.502e-7, 1.418e-6, -1.311e-6, -1.331e-6, -1.292e-6, -1.640e-6, -3.035e-7, 1.337e-6, -1.205e-6, -1.220e-6, -1.190e-6, -1.674e-6, -3.957e-7, 1.279e-6, -1.157e-6, -1.169e-6, -1.144e-6, -1.724e-6, -4.419e-7, 1.282e-6, -1.187e-6, -1.205e-6, -1.168e-6
0.776, -1.655e-6, -3.507e-7, 1.304e-6, -1.249e-6, -1.267e-6, -1.231e-6, -1.540e-6, -3.088e-7, 1.231e-6, -1.152e-6, -1.169e-6, -1.135e-6, -1.582e-6, -4.091e-7, 1.173e-6, -1.105e-6, -1.117e-6, -1.094e-6, -1.620e-6, -4.466e-7, 1.174e-6, -1.132e-6, -1.146e-6, -1.117e-6
0.772, -1.558e-6, -3.576e-7, 1.200e-6, -1.194e-6, -1.211e-6, -1.178e-6, -1.444e-6, -3.094e-7, 1.134e-6, -1.100e-6, -1.114e-6, -1.086e-6, -1.488e-6, -4.069e-7, 1.081e-6, -1.051e-6, -1.064e-6, -1.039e-6, -1.526e-6, -4.509e-7, 1.075e-6, -1.078e-6, -1.092e-6, -1.063e-6
0.768, -1.469e-6, -3.566e-7, 1.112e-6, -1.140e-6, -1.158e-6, -1.122e-6, -1.358e-6, -3.110e-7, 1.047e-6, -1.056e-6, -1.068e-6, -1.044e-6, -1.403e-6, -4.102e-7, 9.926e-7, -1.006e-6, -1.017e-6, -9.952e-7, -1.434e-6, -4.488e-7, 9.855e-7, -1.023e-6, -1.038e-6, -1.008e-6
0.764, -1.387e-6, -3.564e-7, 1.031e-6, -1.091e-6, -1.106e-6, -1.077e-6, -1.282e-6, -3.105e-7, 9.715e-7, -1.008e-6, -1.019e-6, -9.963e-7, -1.328e-6, -4.113e-7, 9.171e-7, -9.610e-7, -9.719e-7, -9.500e-7, -1.357e-6, -4.490e-7, 9.085e-7, -9.779e-7, -9.911e-7, -9.647e-7
0.760, -1.313e-6, -3.567e-7, 9.558e-7, -1.045e-6, -1.061e-6, -1.030e-6, -1.212e-6, -3.118e-7, 9.003e-7, -9.660e-7, -9.771e-7, -9.549e-7, -1.259e-6, -4.086e-7, 8.503e-7, -9.168e-7, -9.248e-7, -9.089e-7, -1.287e-6, -4.486e-7, 8.382e-7, -9.318e-7, -9.460e-7, -9.176e-7
0.756, -1.249e-6, -3.561e-7, 8.925e-7, -1.002e-6, -1.017e-6, -9.872e-7, -1.146e-6, -3.118e-7, 8.344e-7, -9.288e-7, -9.389e-7, -9.188e-7, -1.194e-6, -4.065e-7, 7.871e-7, -8.756e-7, -8.838e-7, -8.674e-7, -1.218e-6, -4.437e-7, 7.739e-7, -8.906e-7, -9.050e-7, -8.762e-7
0.752, -1.181e-6, -3.493e-7, 8.317e-7, -9.606e-7, -9.749e-7, -9.462e-7, -1.092e-6, -3.091e-7, 7.829e-7, -8.911e-7, -9.025e-7, -8.797e-7, -1.140e-6, -4.068e-7, 7.336e-7, -8.400e-7, -8.478e-7, -8.322e-7, -1.155e-6, -4.420e-7, 7.125e-7, -8.501e-7, -8.604e-7, -8.398e-7
0.748, -1.125e-6, -3.449e-7, 7.803e-7, -9.215e-7, -9.343e-7, -9.087e-7, -1.037e-6, -3.046e-7, 7.322e-7, -8.563e-7, -8.646e-7, -8.480e-7, -1.086e-6, -4.032e-7, 6.826e-7, -8.080e-7, -8.156e-7, -8.004e-7, -1.099e-6, -4.390e-7, 6.602e-7, -8.137e-7, -8.271e-7, -8.003e-7
0.744, -1.072e-6, -3.414e-7, 7.310e-7, -8.857e-7, -8.978e-7, -8.737e-7, -9.853e-7, -2.986e-7, 6.867e-7, -8.230e-7, -8.315e-7, -8.145e-7, -1.036e-6, -3.994e-7, 6.366e-7, -7.717e-7, -7.785e-7, -7.650e-7, -1.047e-6, -4.334e-7, 6.134e-7, -7.777e-7, -7.892e-7, -7.662e-7
0.740, -1.022e-6, -3.340e-7, 6.884e-7, -8.546e-7, -8.647e-7, -8.444e-7, -9.424e-7, -2.968e-7, 6.456e-7, -7.917e-7, -8.019e-7, -7.816e-7, -9.912e-7, -3.934e-7, 5.978e-7, -7.411e-7, -7.472e-7, -7.350e-7, -1.002e-6, -4.295e-7, 5.727e-7, -7.470e-7, -7.568e-7, -7.372e-7
0.736, -9.763e-7, -3.229e-7, 6.534e-7, -8.209e-7, -8.278e-7, -8.139e-7, -9.044e-7, -2.919e-7, 6.124e-7, -7.650e-7, -7.749e-7, -7.551e-7, -9.588e-7, -3.962e-7, 5.626e-7, -7.143e-7, -7.243e-7, -7.043e-7, -9.565e-7, -4.215e-7, 5.350e-7, -7.161e-7, -7.235e-7, -7.088e-7
0.732, -9.428e-7, -3.240e-7, 6.188e-7, -7.921e-7, -8.003e-7, -7.838e-7, -8.655e-7, -2.874e-7, 5.781e-7, -7.366e-7, -7.447e-7, -7.286e-7, -9.133e-7, -3.864e-7, 5.268e-7, -6.877e-7, -6.922e-7, -6.832e-7, -9.122e-7, -4.160e-7, 4.962e-7, -6.914e-7, -6.992e-7, -6.837e-7
0.728, -9.085e-7, -3.184e-7, 5.901e-7, -7.673e-7, -7.790e-7, -7.557e-7, -8.347e-7, -2.850e-7, 5.496e-7, -7.120e-7, -7.186e-7, -7.053e-7, -8.819e-7, -3.825e-7, 4.994e-7, -6.599e-7, -6.645e-7, -6.554e-7, -8.808e-7, -4.087e-7, 4.721e-7, -6.595e-7, -6.684e-7, -6.507e-7
0.724, -8.756e-7, -3.119e-7, 5.637e-7, -7.408e-7, -7.494e-7, -7.323e-7, -8.029e-7, -2.787e-7, 5.242e-7, -6.905e-7, -6.981e-7, -6.829e-7, -8.493e-7, -3.775e-7, 4.718e-7, -6.380e-7, -6.417e-7, -6.344e-7, -8.446e-7, -4.035e-7, 4.411e-7, -6.387e-7, -6.464e-7, -6.310e-7
0.720, -8.429e-7, -3.011e-7, 5.418e-7, -7.121e-7, -7.217e-7, -7.026e-7, -7.754e-7, -2.730e-7, 5.024e-7, -6.673e-7, -6.756e-7, -6.591e-7, -8.232e-7, -3.744e-7, 4.489e-7, -6.183e-7, -6.229e-7, -6.138e-7, -8.155e-7, -3.990e-7, 4.165e-7, -6.147e-7, -6.222e-7, -6.073e-7
0.716, -8.162e-7, -2.991e-7, 5.170e-7, -6.910e-7, -6.990e-7, -6.831e-7, -7.513e-7, -2.679e-7, 4.834e-7, -6.448e-7, -6.507e-7, -6.389e-7, -7.963e-7, -3.677e-7, 4.286e-7, -5.985e-7, -6.016e-7, -5.955e-7, -7.922e-7, -3.941e-7, 3.980e-7, -5.953e-7, -6.026e-7, -5.881e-7
0.712, -7.940e-7, -2.905e-7, 5.036e-7, -6.696e-7, -6.767e-7, -6.625e-7, -7.238e-7, -2.603e-7, 4.635e-7, -6.275e-7, -6.336e-7, -6.214e-7, -7.722e-7, -3.622e-7, 4.099e-7, -5.773e-7, -5.800e-7, -5.746e-7, -7.671e-7, -3.880e-7, 3.791e-7, -5.715e-7, -5.792e-7, -5.639e-7
0.708, -7.669e-7, -2.810e-7, 4.859e-7, -6.494e-7, -6.571e-7, -6.418e-7, -7.087e-7, -2.598e-7, 4.489e-7, -6.108e-7, -6.188e-7, -6.028e-7, -7.528e-7, -3.580e-7, 3.948e-7, -5.590e-7, -5.622e-7, -5.559e-7, -7.371e-7, -3.734e-7, 3.637e-7, -5.534e-7, -5.543e-7, -5.526e-7
0.704, -7.482e-7, -2.758e-7, 4.724e-7, -6.309e-7, -6.367e-7, -6.252e-7, -6.810e-7, -2.460e-7, 4.350e-7, -5.884e-7, -5.950e-7, -5.818e-7, -7.327e-7, -3.532e-7, 3.795e-7, -5.445e-7, -5.489e-7, -5.401e-7, -7.235e-7, -3.771e-7, 3.464e-7, -5.390e-7, -5.455e-7, -5.325e-7
0.700, -7.301e-7, -2.678e-7, 4.623e-7, -6.142e-7, -6.217e-7, -6.066e-7, -6.661e-7, -2.453e-7, 4.209e-7, -5.769e-7, -5.832e-7, -5.706e-7, -7.077e-7, -3.433e-7, 3.644e-7, -5.257e-7, -5.249e-7, -5.265e-7, -6.951e-7, -3.632e-7, 3.319e-7, -5.180e-7, -5.224e-7, -5.136e-7
0.696, -7.150e-7, -2.627e-7, 4.523e-7, -5.977e-7, -6.038e-7, -5.916e-7, -6.473e-7, -2.389e-7, 4.084e-7, -5.603e-7, -5.648e-7, -5.557e-7, -6.955e-7, -3.382e-7, 3.573e-7, -5.105e-7, -5.139e-7, -5.071e-7, -6.808e-7, -3.549e-7, 3.259e-7, -5.043e-7, -5.114e-7, -4.973e-7
0.692, -6.922e-7, -2.547e-7, 4.375e-7, -5.802e-7, -5.850e-7, -5.753e-7, -6.345e-7, -2.316e-7, 4.029e-7, -5.422e-7, -5.478e-7, -5.366e-7, -6.780e-7, -3.315e-7, 3.465e-7, -4.988e-7, -5.018e-7, -4.957e-7, -6.605e-7, -3.495e-7, 3.110e-7, -4.898e-7, -4.938e-7, -4.859e-7
0.688, -6.799e-7, -2.456e-7, 4.343e-7, -5.638e-7, -5.702e-7, -5.574e-7, -6.234e-7, -2.260e-7, 3.974e-7, -5.283e-7, -5.337e-7, -5.228e-7, -6.640e-7, -3.258e-7, 3.383e-7, -4.834e-7, -4.880e-7, -4.787e-7, -6.446e-7, -3.414e-7, 3.032e-7, -4.770e-7, -4.811e-7, -4.729e-7
0.684, -6.670e-7, -2.396e-7, 4.274e-7, -5.477e-7, -5.554e-7, -5.399e-7, -6.088e-7, -2.178e-7, 3.909e-7, -5.144e-7, -5.191e-7, -5.097e-7, -6.460e-7, -3.201e-7, 3.259e-7, -4.714e-7, -4.724e-7, -4.704e-7, -6.275e-7, -3.351e-7, 2.924e-7, -4.629e-7, -4.660e-7, -4.598e-7
0.680, -6.504e-7, -2.294e-7, 4.210e-7, -5.365e-7, -5.426e-7, -5.303e-7, -5.934e-7, -2.123e-7, 3.811e-7, -5.051e-7, -5.085e-7, -5.016e-7, -6.353e-7, -3.136e-7, 3.217e-7, -4.591e-7, -4.599e-7, -4.583e-7, -6.119e-7, -3.238e-7, 2.881e-7, -4.479e-7, -4.530e-7, -4.427e-7
0.676, -6.326e-7, -2.182e-7, 4.144e-7, -5.242e-7, -5.296e-7, -5.188e-7, -5.818e-7, -2.039e-7, 3.779e-7, -4.902e-7, -4.964e-7, -4.839e-7, -6.256e-7, -3.079e-7, 3.176e-7, -4.460e-7, -4.479e-7, -4.441e-7, -5.997e-7, -3.189e-7, 2.808e-7, -4.379e-7, -4.412e-7, -4.346e-7
0.672, -6.251e-7, -2.153e-7, 4.098e-7, -5.135e-7, -5.159e-7, -5.110e-7, -5.629e-7, -1.955e-7, 3.674e-7, -4.801e-7, -4.831e-7, -4.771e-7, -6.119e-7, -2.989e-7, 3.130e-7, -4.340e-7, -4.390e-7, -4.290e-7, -5.940e-7, -3.124e-7, 2.816e-7, -4.251e-7, -4.299e-7, -4.203e-7
0.668, -6.121e-7, -2.054e-7, 4.066e-7, -4.981e-7, -5.024e-7, -4.937e-7, -5.588e-7, -1.893e-7, 3.696e-7, -4.663e-7, -4.715e-7, -4.611e-7, -5.976e-7, -2.906e-7, 3.070e-7, -4.256e-7, -4.292e-7, -4.219e-7, -5.781e-7, -3.068e-7, 2.712e-7, -4.163e-7, -4.216e-7, -4.109e-7
0.664, -6.025e-7, -1.986e-7, 4.039e-7, -4.881e-7, -4.906e-7, -4.855e-7, -5.521e-7, -1.863e-7, 3.658e-7, -4.579e-7, -4.622e-7, -4.536e-7, -5.895e-7, -2.858e-7, 3.037e-7, -4.132e-7, -4.150e-7, -4.114e-7, -5.591e-7, -2.947e-7, 2.643e-7, -4.042e-7, -4.066e-7, -4.018e-7
0.660, -5.914e-7, -1.878e-7, 4.036e-7, -4.764e-7, -4.804e-7, -4.724e-7, -5.402e-7, -1.769e-7, 3.632e-7, -4.457e-7, -4.481e-7, -4.434e-7, -5.783e-7, -2.793e-7, 2.990e-7, -4.050e-7, -4.075e-7, -4.025e-7, -5.541e-7, -2.914e-7, 2.628e-7, -3.941e-7, -3.964e-7, -3.917e-7
0.656, -5.877e-7, -1.831e-7, 4.046e-7, -4.645e-7, -4.671e-7, -4.620e-7, -5.327e-7, -1.736e-7, 3.591e-7, -4.413e-7, -4.434e-7, -4.393e-7, -5.708e-7, -2.769e-7, 2.939e-7, -3.960e-7, -3.977e-7, -3.943e-7, -5.451e-7, -2.826e-7, 2.625e-7, -3.838e-7, -3.908e-7, -3.769e-7
0.652, -5.748e-7, -1.736e-7, 4.012e-7, -4.547e-7, -4.593e-7, -4.501e-7, -5.327e-7, -1.688e-7, 3.639e-7, -4.303e-7, -4.355e-7, -4.251e-7, -5.639e-7, -2.716e-7, 2.923e-7, -3.875e-7, -3.892e-7, -3.859e-7, -5.293e-7, -2.729e-7, 2.563e-7, -3.742e-7, -3.762e-7, -3.723e-7
0.648, -5.696e-7, -1.672e-7, 4.024e-7, -4.448e-7, -4.495e-7, -4.401e-7, -5.177e-7, -1.587e-7, 3.589e-7, -4.200e-7, -4.229e-7, -4.172e-7, -5.514e-7, -2.611e-7, 2.902e-7, -3.776e-7, -3.792e-7, -3.761e-7, -5.250e-7, -2.701e-7, 2.549e-7, -3.668e-7, -3.710e-7, -3.626e-7
0.644, -5.608e-7, -1.595e-7, 4.013e-7, -4.362e-7, -4.409e-7, -4.315e-7, -5.206e-7, -1.591e-7, 3.615e-7, -4.121e-7, -4.176e-7, -4.067e-7, -5.472e-7, -2.575e-7, 2.897e-7, -3.702e-7, -3.716e-7, -3.688e-7, -5.125e-7, -2.606e-7, 2.519e-7, -3.579e-7, -3.595e-7, -3.563e-7
0.640, -5.541e-7, -1.543e-7, 3.998e-7, -4.283e-7, -4.326e-7, -4.240e-7, -5.066e-7, -1.474e-7, 3.592e-7, -4.025e-7, -4.066e-7, -3.984e-7, -5.387e-7, -2.495e-7, 2.892e-7, -3.607e-7, -3.602e-7, -3.612e-7, -5.096e-7, -2.576e-7, 2.521e-7, -3.499e-7, -3.532e-7, -3.466e-7
0.636, -5.487e-7, -1.488e-7, 3.999e-7, -4.176e-7, -4.220e-7, -4.132e-7, -5.015e-7, -1.401e-7, 3.614e-7, -3.943e-7, -3.966e-7, -3.919e-7, -5.303e-7, -2.422e-7, 2.880e-7, -3.555e-7, -3.568e-7, -3.542e-7, -5.032e-7, -2.529e-7, 2.504e-7, -3.419e-7, -3.456e-7, -3.381e-7
0.632, -5.473e-7, -1.438e-7, 4.035e-7, -4.102e-7, -4.156e-7, -4.048e-7, -4.977e-7, -1.370e-7, 3.607e-7, -3.867e-7, -3.888e-7, -3.846e-7, -5.248e-7, -2.372e-7, 2.876e-7, -3.470e-7, -3.480e-7, -3.460e-7, -4.955e-7, -2.469e-7, 2.486e-7, -3.355e-7, -3.413e-7, -3.296e-7
0.628, -5.355e-7, -1.375e-7, 3.980e-7, -4.067e-7, -4.094e-7, -4.039e-7, -4.879e-7, -1.299e-7, 3.580e-7, -3.780e-7, -3.802e-7, -3.758e-7, -5.198e-7, -2.310e-7, 2.888e-7, -3.382e-7, -3.399e-7, -3.365e-7, -4.882e-7, -2.409e-7, 2.473e-7, -3.311e-7, -3.338e-7, -3.284e-7
0.624, -5.304e-7, -1.317e-7, 3.987e-7, -3.957e-7, -3.985e-7, -3.928e-7, -4.908e-7, -1.274e-7, 3.634e-7, -3.706e-7, -3.748e-7, -3.664e-7, -5.168e-7, -2.301e-7, 2.868e-7, -3.340e-7, -3.354e-7, -3.325e-7, -4.826e-7, -2.371e-7, 2.456e-7, -3.227e-7, -3.237e-7, -3.218e-7
0.620, -5.262e-7, -1.246e-7, 4.016e-7, -3.897e-7, -3.919e-7, -3.876e-7, -4.814e-7, -1.228e-7, 3.587e-7, -3.653e-7, -3.666e-7, -3.641e-7, -5.088e-7, -2.252e-7, 2.836e-7, -3.269e-7, -3.278e-7, -3.259e-7, -4.766e-7, -2.316e-7, 2.450e-7, -3.122e-7, -3.136e-7, -3.107e-7
0.616, -5.215e-7, -1.202e-7, 4.013e-7, -3.843e-7, -3.871e-7, -3.816e-7, -4.789e-7, -1.216e-7, 3.573e-7, -3.587e-7, -3.618e-7, -3.557e-7, -5.072e-7, -2.188e-7, 2.885e-7, -3.184e-7, -3.207e-7, -3.162e-7, -4.728e-7, -2.257e-7, 2.471e-7, -3.075e-7, -3.109e-7, -3.041e-7
0.612, -5.236e-7, -1.215e-7, 4.021e-7, -3.773e-7, -3.833e-7, -3.713e-7, -4.778e-7, -1.144e-7, 3.633e-7, -3.510e-7, -3.531e-7, -3.489e-7, -4.979e-7, -2.118e-7, 2.861e-7, -3.129e-7, -3.125e-7, -3.132e-7, -4.663e-7, -2.247e-7, 2.417e-7, -3.050e-7, -3.081e-7, -3.019e-7
0.608, -5.182e-7, -1.138e-7, 4.044e-7, -3.683e-7, -3.702e-7, -3.663e-7, -4.722e-7, -1.088e-7, 3.634e-7, -3.455e-7, -3.473e-7, -3.437e-7, -4.974e-7, -2.118e-7, 2.856e-7, -3.097e-7, -3.103e-7, -3.092e-7, -4.624e-7, -2.206e-7, 2.417e-7, -2.982e-7, -3.014e-7, -2.950e-7
0.604, -5.075e-7, -1.050e-7, 4.026e-7, -3.621e-7, -3.666e-7, -3.577e-7, -4.711e-7, -1.062e-7, 3.649e-7, -3.396e-7, -3.448e-7, -3.343e-7, -5.006e-7, -2.102e-7, 2.904e-7, -3.022e-7, -3.053e-7, -2.991e-7, -4.589e-7, -2.152e-7, 2.437e-7, -2.912e-7, -2.913e-7, -2.910e-7
0.600, -5.081e-7, -1.026e-7, 4.055e-7, -3.568e-7, -3.600e-7, -3.535e-7, -4.689e-7, -1.043e-7, 3.646e-7, -3.327e-7, -3.357e-7, -3.298e-7, -4.908e-7, -2.050e-7, 2.857e-7, -2.984e-7, -2.995e-7, -2.973e-7, -4.547e-7, -2.129e-7, 2.418e-7, -2.877e-7, -2.914e-7, -2.840e-7
0.596, -5.066e-7, -1.014e-7, 4.052e-7, -3.523e-7, -3.555e-7, -3.491e-7, -4.649e-7, -9.811e-8, 3.667e-7, -3.284e-7, -3.311e-7, -3.257e-7, -4.895e-7, -2.019e-7, 2.876e-7, -2.932e-7, -2.955e-7, -2.908e-7, -4.499e-7, -2.079e-7, 2.420e-7, -2.824e-7, -2.830e-7, -2.818e-7
0.592, -5.055e-7, -9.717e-8, 4.084e-7, -3.463e-7, -3.519e-7, -3.407e-7, -4.649e-7, -9.574e-8, 3.692e-7, -3.213e-7, -3.227e-7, -3.198e-7, -4.826e-7, -1.953e-7, 2.873e-7, -2.863e-7, -2.833e-7, -2.894e-7, -4.459e-7, -2.059e-7, 2.399e-7, -2.771e-7, -2.793e-7, -2.749e-7
0.588, -4.985e-7, -9.226e-8, 4.062e-7, -3.416e-7, -3.447e-7, -3.385e-7, -4.639e-7, -9.597e-8, 3.679e-7, -3.200e-7, -3.249e-7, -3.150e-7, -4.837e-7, -1.957e-7, 2.880e-7, -2.798e-7, -2.799e-7, -2.797e-7, -4.441e-7, -2.003e-7, 2.439e-7, -2.700e-7, -2.706e-7, -2.695e-7
0.584, -4.955e-7, -8.638e-8, 4.091e-7, -3.340e-7, -3.361e-7, -3.319e-7, -4.578e-7, -8.997e-8, 3.678e-7, -3.149e-7, -3.190e-7, -3.107e-7, -4.843e-7, -1.965e-7, 2.878e-7, -2.792e-7, -2.797e-7, -2.787e-7, -4.426e-7, -2.001e-7, 2.425e-7, -2.667e-7, -2.683e-7, -2.650e-7
0.580, -5.013e-7, -8.844e-8, 4.129e-7, -3.318e-7, -3.367e-7, -3.269e-7, -4.590e-7, -8.836e-8, 3.707e-7, -3.097e-7, -3.118e-7, -3.077e-7, -4.773e-7, -1.901e-7, 2.872e-7, -2.733e-7, -2.723e-7, -2.743e-7, -4.409e-7, -1.975e-7, 2.434e-7, -2.621e-7, -2.652e-7, -2.591e-7
0.576, -4.983e-7, -8.342e-8, 4.149e-7, -3.242e-7, -3.278e-7, -3.205e-7, -4.563e-7, -8.454e-8, 3.718e-7, -3.049e-7, -3.074e-7, -3.024e-7, -4.779e-7, -1.889e-7, 2.890e-7, -2.689e-7, -2.698e-7, -2.679e-7, -4.396e-7, -1.945e-7, 2.451e-7, -2.572e-7, -2.606e-7, -2.539e-7
0.572, -4.944e-7, -7.942e-8, 4.149e-7, -3.207e-7, -3.257e-7, -3.157e-7, -4.611e-7, -8.275e-8, 3.783e-7, -2.987e-7, -3.027e-7, -2.947e-7, -4.726e-7, -1.848e-7, 2.879e-7, -2.668e-7, -2.652e-7, -2.683e-7, -4.351e-7, -1.940e-7, 2.411e-7, -2.528e-7, -2.553e-7, -2.502e-7
0.568, -4.963e-7, -7.809e-8, 4.182e-7, -3.165e-7, -3.196e-7, -3.135e-7, -4.520e-7, -7.749e-8, 3.745e-7, -2.923e-7, -2.938e-7, -2.908e-7, -4.699e-7, -1.793e-7, 2.906e-7, -2.577e-7, -2.568e-7, -2.586e-7, -4.390e-7, -1.916e-7, 2.474e-7, -2.491e-7, -2.536e-7, -2.446e-7
0.564, -4.888e-7, -7.036e-8, 4.184e-7, -3.132e-7, -3.155e-7, -3.109e-7, -4.504e-7, -7.912e-8, 3.713e-7, -2.928e-7, -2.962e-7, -2.894e-7, -4.782e-7, -1.882e-7, 2.900e-7, -2.558e-7, -2.565e-7, -2.552e-7, -4.325e-7, -1.860e-7, 2.466e-7, -2.423e-7, -2.431e-7, -2.415e-7
0.560, -4.916e-7, -7.447e-8, 4.171e-7, -3.091e-7, -3.150e-7, -3.031e-7, -4.488e-7, -7.629e-8, 3.725e-7, -2.890e-7, -2.897e-7, -2.883e-7, -4.684e-7, -1.777e-7, 2.908e-7, -2.510e-7, -2.497e-7, -2.523e-7, -4.354e-7, -1.870e-7, 2.484e-7, -2.392e-7, -2.422e-7, -2.361e-7
0.556, -4.833e-7, -6.844e-8, 4.149e-7, -3.042e-7, -3.065e-7, -3.020e-7, -4.528e-7, -7.204e-8, 3.807e-7, -2.824e-7, -2.871e-7, -2.777e-7, -4.806e-7, -1.813e-7, 2.993e-7, -2.478e-7, -2.503e-7, -2.454e-7, -4.326e-7, -1.846e-7, 2.479e-7, -2.343e-7, -2.339e-7, -2.347e-7
0.552, -4.847e-7, -6.484e-8, 4.198e-7, -3.017e-7, -3.045e-7, -2.990e-7, -4.535e-7, -7.504e-8, 3.785e-7, -2.806e-7, -2.829e-7, -2.783e-7, -4.757e-7, -1.814e-7, 2.942e-7, -2.447e-7, -2.444e-7, -2.450e-7, -4.316e-7, -1.812e-7, 2.504e-7, -2.334e-7, -2.338e-7, -2.329e-7
0.548, -4.864e-7, -6.428e-8, 4.221e-7, -2.969e-7, -2.980e-7, -2.959e-7, -4.475e-7, -6.940e-8, 3.781e-7, -2.763e-7, -2.776e-7, -2.750e-7, -4.738e-7, -1.786e-7, 2.951e-7, -2.419e-7, -2.441e-7, -2.398e-7, -4.345e-7, -1.843e-7, 2.502e-7, -2.271e-7, -2.304e-7, -2.239e-7
0.544, -4.878e-7, -6.461e-8, 4.232e-7, -2.915e-7, -2.954e-7, -2.875e-7, -4.479e-7, -6.632e-8, 3.816e-7, -2.728e-7, -2.743e-7, -2.712e-7, -4.668e-7, -1.715e-7, 2.953e-7, -2.383e-7, -2.384e-7, -2.382e-7, -4.290e-7, -1.794e-7, 2.496e-7, -2.254e-7, -2.276e-7, -2.232e-7
0.540, -4.874e-7, -6.037e-8, 4.270e-7, -2.874e-7, -2.912e-7, -2.836e-7, -4.455e-7, -6.431e-8, 3.812e-7, -2.698e-7, -2.723e-7, -2.674e-7, -4.681e-7, -1.745e-7, 2.936e-7, -2.344e-7, -2.334e-7, -2.355e-7, -4.323e-7, -1.799e-7, 2.524e-7, -2.214e-7, -2.248e-7, -2.181e-7
0.536, -4.868e-7, -6.057e-8, 4.263e-7, -2.868e-7, -2.902e-7, -2.835e-7, -4.445e-7, -6.282e-8, 3.817e-7, -2.666e-7, -2.687e-7, -2.644e-7, -4.701e-7, -1.715e-7, 2.986e-7, -2.306e-7, -2.289e-7, -2.322e-7, -4.318e-7, -1.773e-7, 2.545e-7, -2.164e-7, -2.188e-7, -2.140e-7
0.532, -4.863e-7, -5.875e-8, 4.276e-7, -2.834e-7, -2.850e-7, -2.818e-7, -4.443e-7, -6.279e-8, 3.815e-7, -2.636e-7, -2.666e-7, -2.606e-7, -4.691e-7, -1.697e-7, 2.993e-7, -2.268e-7, -2.248e-7, -2.287e-7, -4.316e-7, -1.763e-7, 2.553e-7, -2.146e-7, -2.172e-7, -2.121e-7
0.528, -4.753e-7, -5.242e-8, 4.229e-7, -2.796e-7, -2.812e-7, -2.780e-7, -4.421e-7, -5.803e-8, 3.841e-7, -2.575e-7, -2.607e-7, -2.543e-7, -4.713e-7, -1.682e-7, 3.031e-7, -2.265e-7, -2.283e-7, -2.246e-7, -4.287e-7, -1.767e-7, 2.521e-7, -2.138e-7, -2.141e-7, -2.135e-7
0.524, -4.764e-7, -4.980e-8, 4.266e-7, -2.759e-7, -2.802e-7, -2.716e-7, -4.408e-7, -5.643e-8, 3.843e-7, -2.572e-7, -2.598e-7, -2.545e-7, -4.684e-7, -1.670e-7, 3.014e-7, -2.228e-7, -2.235e-7, -2.220e-7, -4.274e-7, -1.734e-7, 2.540e-7, -2.078e-7, -2.078e-7, -2.079e-7
0.520, -4.747e-7, -4.606e-8, 4.286e-7, -2.728e-7, -2.751e-7, -2.706e-7, -4.412e-7, -5.448e-8, 3.867e-7, -2.533e-7, -2.567e-7, -2.499e-7, -4.733e-7, -1.688e-7, 3.045e-7, -2.190e-7, -2.188e-7, -2.191e-7, -4.294e-7, -1.737e-7, 2.556e-7, -2.051e-7, -2.074e-7, -2.028e-7
0.516, -4.691e-7, -4.337e-8, 4.257e-7, -2.699e-7, -2.719e-7, -2.678e-7, -4.421e-7, -5.600e-8, 3.861e-7, -2.515e-7, -2.583e-7, -2.448e-7, -4.698e-7, -1.646e-7, 3.053e-7, -2.159e-7, -2.154e-7, -2.164e-7, -4.284e-7, -1.705e-7, 2.579e-7, -2.013e-7, -1.996e-7, -2.031e-7
0.512, -4.698e-7, -4.109e-8, 4.287e-7, -2.669e-7, -2.697e-7, -2.641e-7, -4.372e-7, -5.160e-8, 3.856e-7, -2.484e-7, -2.514e-7, -2.454e-7, -4.655e-7, -1.635e-7, 3.020e-7, -2.131e-7, -2.136e-7, -2.125e-7, -4.298e-7, -1.716e-7, 2.581e-7, -1.986e-7, -1.997e-7, -1.974e-7
0.508, -4.715e-7, -4.075e-8, 4.307e-7, -2.644e-7, -2.655e-7, -2.632e-7, -4.281e-7, -4.392e-8, 3.842e-7, -2.467e-7, -2.462e-7, -2.472e-7, -4.648e-7, -1.617e-7, 3.031e-7, -2.124e-7, -2.138e-7, -2.110e-7, -4.333e-7, -1.722e-7, 2.611e-7, -1.959e-7, -1.990e-7, -1.928e-7
0.504, -4.696e-7, -3.637e-8, 4.333e-7, -2.577e-7, -2.623e-7, -2.530e-7, -4.335e-7, -4.326e-8, 3.902e-7, -2.430e-7, -2.453e-7, -2.407e-7, -4.610e-7, -1.567e-7, 3.043e-7, -2.085e-7, -2.064e-7, -2.107e-7, -4.217e-7, -1.668e-7, 2.549e-7, -1.945e-7, -1.960e-7, -1.930e-7
0.500, -4.650e-7, -3.255e-8, 4.325e-7, -2.571e-7, -2.599e-7, -2.542e-7, -4.287e-7, -3.925e-8, 3.895e-7, -2.374e-7, -2.378e-7, -2.369e-7, -4.634e-7, -1.579e-7, 3.054e-7, -2.069e-7, -2.061e-7, -2.078e-7, -4.277e-7, -1.671e-7, 2.606e-7, -1.932e-7, -1.962e-7, -1.901e-7
0.496, -4.607e-7, -2.991e-8, 4.308e-7, -2.561e-7, -2.587e-7, -2.535e-7, -4.249e-7, -3.983e-8, 3.850e-7, -2.396e-7, -2.418e-7, -2.374e-7, -4.575e-7, -1.536e-7, 3.039e-7, -2.033e-7, -2.025e-7, -2.041e-7, -4.270e-7, -1.653e-7, 2.616e-7, -1.898e-7, -1.912e-7, -1.884e-7
0.492, -4.571e-7, -2.581e-8, 4.313e-7, -2.554e-7, -2.608e-7, -2.500e-7, -4.264e-7, -3.880e-8, 3.876e-7, -2.355e-7, -2.384e-7, -2.326e-7, -4.587e-7, -1.515e-7, 3.071e-7, -1.983e-7, -1.954e-7, -2.011e-7, -4.222e-7, -1.595e-7, 2.627e-7, -1.844e-7, -1.864e-7, -1.825e-7
0.488, -4.519e-7, -2.354e-8, 4.283e-7, -2.524e-7, -2.560e-7, -2.489e-7, -4.218e-7, -3.149e-8, 3.903e-7, -2.318e-7, -2.338e-7, -2.297e-7, -4.597e-7, -1.513e-7, 3.084e-7, -1.981e-7, -1.974e-7, -1.988e-7, -4.212e-7, -1.613e-7, 2.598e-7, -1.857e-7, -1.876e-7, -1.838e-7
0.484, -4.447e-7, -1.716e-8, 4.275e-7, -2.498e-7, -2.515e-7, -2.480e-7, -4.150e-7, -2.663e-8, 3.883e-7, -2.284e-7, -2.319e-7, -2.249e-7, -4.547e-7, -1.477e-7, 3.069e-7, -1.972e-7, -1.974e-7, -1.969e-7, -4.230e-7, -1.604e-7, 2.626e-7, -1.825e-7, -1.832e-7, -1.818e-7
0.480, -4.482e-7, -1.649e-8, 4.317e-7, -2.467e-7, -2.496e-7, -2.439e-7, -4.135e-7, -2.590e-8, 3.876e-7, -2.301e-7, -2.326e-7, -2.276e-7, -4.546e-7, -1.461e-7, 3.085e-7, -1.931e-7, -1.929e-7, -1.933e-7, -4.202e-7, -1.552e-7, 2.650e-7, -1.791e-7, -1.808e-7, -1.773e-7
0.476, -4.470e-7, -1.246e-8, 4.346e-7, -2.441e-7, -2.473e-7, -2.410e-7, -4.065e-7, -1.883e-8, 3.877e-7, -2.260e-7, -2.267e-7, -2.252e-7, -4.507e-7, -1.433e-7, 3.074e-7, -1.915e-7, -1.905e-7, -1.924e-7, -4.192e-7, -1.579e-7, 2.612e-7, -1.781e-7, -1.795e-7, -1.766e-7
0.472, -4.416e-7, -1.039e-8, 4.312e-7, -2.426e-7, -2.448e-7, -2.404e-7, -4.033e-7, -1.834e-8, 3.850e-7, -2.252e-7, -2.253e-7, -2.251e-7, -4.481e-7, -1.395e-7, 3.087e-7, -1.889e-7, -1.894e-7, -1.884e-7, -4.220e-7, -1.552e-7, 2.668e-7, -1.744e-7, -1.773e-7, -1.714e-7
0.468, -4.357e-7, -4.039e-9, 4.317e-7, -2.401e-7, -2.427e-7, -2.375e-7, -4.039e-7, -1.489e-8, 3.890e-7, -2.227e-7, -2.239e-7, -2.215e-7, -4.444e-7, -1.376e-7, 3.068e-7, -1.889e-7, -1.876e-7, -1.902e-7, -4.110e-7, -1.513e-7, 2.596e-7, -1.742e-7, -1.745e-7, -1.738e-7
0.464, -4.322e-7, -4.568e-10, 4.317e-7, -2.400e-7, -2.431e-7, -2.370e-7, -4.025e-7, -1.692e-8, 3.856e-7, -2.234e-7, -2.269e-7, -2.199e-7, -4.438e-7, -1.386e-7, 3.052e-7, -1.868e-7, -1.857e-7, -1.878e-7, -4.091e-7, -1.471e-7, 2.620e-7, -1.697e-7, -1.699e-7, -1.694e-7
0.460, -4.295e-7, 1.561e-9, 4.310e-7, -2.379e-7, -2.408e-7, -2.350e-7, -4.005e-7, -1.299e-8, 3.875e-7, -2.195e-7, -2.213e-7, -2.177e-7, -4.425e-7, -1.364e-7, 3.062e-7, -1.838e-7, -1.815e-7, -1.862e-7, -4.069e-7, -1.445e-7, 2.624e-7, -1.691e-7, -1.713e-7, -1.669e-7
0.456, -4.263e-7, 3.696e-9, 4.300e-7, -2.350e-7, -2.374e-7, -2.325e-7, -3.960e-7, -5.554e-9, 3.905e-7, -2.156e-7, -2.170e-7, -2.141e-7, -4.371e-7, -1.304e-7, 3.067e-7, -1.828e-7, -1.815e-7, -1.841e-7, -4.073e-7, -1.460e-7, 2.614e-7, -1.693e-7, -1.701e-7, -1.685e-7
0.452, -4.196e-7, 1.041e-8, 4.300e-7, -2.346e-7, -2.360e-7, -2.331e-7, -3.915e-7, -7.276e-9, 3.842e-7, -2.173e-7, -2.195e-7, -2.151e-7, -4.406e-7, -1.310e-7, 3.096e-7, -1.798e-7, -1.803e-7, -1.793e-7, -4.078e-7, -1.416e-7, 2.662e-7, -1.645e-7, -1.670e-7, -1.620e-7
0.448, -4.214e-7, 8.706e-9, 4.301e-7, -2.332e-7, -2.352e-7, -2.313e-7, -3.926e-7, -1.017e-9, 3.915e-7, -2.125e-7, -2.147e-7, -2.104e-7, -4.350e-7, -1.267e-7, 3.083e-7, -1.777e-7, -1.765e-7, -1.789e-7, -4.010e-7, -1.380e-7, 2.629e-7, -1.655e-7, -1.666e-7, -1.644e-7
0.444, -4.163e-7, 1.243e-8, 4.287e-7, -2.307e-7, -2.305e-7, -2.310e-7, -3.854e-7, 1.709e-9, 3.871e-7, -2.122e-7, -2.133e-7, -2.112e-7, -4.335e-7, -1.250e-7, 3.085e-7, -1.773e-7, -1.791e-7, -1.756e-7, -4.051e-7, -1.398e-7, 2.653e-7, -1.632e-7, -1.654e-7, -1.610e-7
0.440, -4.177e-7, 1.496e-8, 4.326e-7, -2.265e-7, -2.282e-7, -2.247e-7, -3.868e-7, 2.063e-9, 3.888e-7, -2.140e-7, -2.161e-7, -2.119e-7, -4.315e-7, -1.241e-7, 3.074e-7, -1.764e-7, -1.758e-7, -1.769e-7, -4.012e-7, -1.387e-7, 2.625e-7, -1.587e-7, -1.625e-7, -1.550e-7
0.436, -4.161e-7, 1.616e-8, 4.322e-7, -2.265e-7, -2.301e-7, -2.228e-7, -3.879e-7, 4.533e-9, 3.924e-7, -2.087e-7, -2.123e-7, -2.052e-7, -4.299e-7, -1.229e-7, 3.070e-7, -1.759e-7, -1.727e-7, -1.790e-7, -3.933e-7, -1.332e-7, 2.601e-7, -1.616e-7, -1.607e-7, -1.626e-7
0.432, -4.128e-7, 1.540e-8, 4.282e-7, -2.285e-7, -2.299e-7, -2.271e-7, -3.833e-7, 5.980e-9, 3.892e-7, -2.068e-7, -2.081e-7, -2.054e-7, -4.280e-7, -1.171e-7, 3.110e-7, -1.715e-7, -1.717e-7, -1.713e-7, -3.960e-7, -1.330e-7, 2.630e-7, -1.602e-7, -1.612e-7, -1.592e-7
0.428, -4.162e-7, 1.673e-8, 4.329e-7, -2.258e-7, -2.284e-7, -2.232e-7, -3.803e-7, 5.606e-9, 3.859e-7, -2.075e-7, -2.087e-7, -2.062e-7, -4.259e-7, -1.168e-7, 3.092e-7, -1.697e-7, -1.679e-7, -1.715e-7, -3.917e-7, -1.287e-7, 2.630e-7, -1.563e-7, -1.576e-7, -1.550e-7
0.424, -4.100e-7, 2.032e-8, 4.304e-7, -2.244e-7, -2.269e-7, -2.219e-7, -3.773e-7, 8.972e-9, 3.863e-7, -2.065e-7, -2.066e-7, -2.063e-7, -4.244e-7, -1.147e-7, 3.098e-7, -1.694e-7, -1.663e-7, -1.725e-7, -3.888e-7, -1.282e-7, 2.606e-7, -1.559e-7, -1.581e-7, -1.537e-7
0.420, -4.080e-7, 2.243e-8, 4.304e-7, -2.245e-7, -2.278e-7, -2.212e-7, -3.825e-7, 7.466e-9, 3.899e-7, -2.055e-7, -2.087e-7, -2.023e-7, -4.282e-7, -1.158e-7, 3.123e-7, -1.672e-7, -1.673e-7, -1.672e-7, -3.866e-7, -1.249e-7, 2.617e-7, -1.517e-7, -1.518e-7, -1.515e-7
0.416, -4.101e-7, 2.375e-8, 4.339e-7, -2.221e-7, -2.257e-7, -2.185e-7, -3.793e-7, 9.100e-9, 3.884e-7, -2.052e-7, -2.046e-7, -2.058e-7, -4.221e-7, -1.142e-7, 3.078e-7, -1.664e-7, -1.661e-7, -1.667e-7, -3.876e-7, -1.233e-7, 2.643e-7, -1.506e-7, -1.521e-7, -1.491e-7
0.412, -4.081e-7, 2.550e-8, 4.336e-7, -2.210e-7, -2.232e-7, -2.189e-7, -3.796e-7, 1.151e-8, 3.911e-7, -2.038e-7, -2.043e-7, -2.034e-7, -4.200e-7, -1.143e-7, 3.056e-7, -1.663e-7, -1.654e-7, -1.672e-7, -3.851e-7, -1.249e-7, 2.602e-7, -1.495e-7, -1.515e-7, -1.475e-7
0.408, -4.116e-7, 2.274e-8, 4.343e-7, -2.212e-7, -2.258e-7, -2.167e-7, -3.825e-7, 1.030e-8, 3.928e-7, -2.040e-7, -2.069e-7, -2.011e-7, -4.208e-7, -1.112e-7, 3.096e-7, -1.639e-7, -1.626e-7, -1.653e-7, -3.844e-7, -1.225e-7, 2.619e-7, -1.482e-7, -1.501e-7, -1.464e-7
0.404, -4.071e-7, 2.351e-8, 4.306e-7, -2.196e-7, -2.228e-7, -2.163e-7, -3.817e-7, 1.028e-8, 3.920e-7, -2.017e-7, -2.031e-7, -2.004e-7, -4.199e-7, -1.093e-7, 3.106e-7, -1.624e-7, -1.604e-7, -1.643e-7, -3.828e-7, -1.210e-7, 2.618e-7, -1.468e-7, -1.484e-7, -1.451e-7
0.400, -4.072e-7, 2.656e-8, 4.337e-7, -2.193e-7, -2.238e-7, -2.148e-7, -3.799e-7, 1.233e-8, 3.922e-7, -2.004e-7, -2.026e-7, -1.982e-7, -4.225e-7, -1.125e-7, 3.100e-7, -1.614e-7, -1.611e-7, -1.616e-7, -3.832e-7, -1.222e-7, 2.610e-7, -1.467e-7, -1.474e-7, -1.461e-7
0.396, -4.041e-7, 2.538e-8, 4.295e-7, -2.210e-7, -2.232e-7, -2.189e-7, -3.801e-7, 1.241e-8, 3.925e-7, -1.990e-7, -2.010e-7, -1.971e-7, -4.225e-7, -1.083e-7, 3.142e-7, -1.580e-7, -1.571e-7, -1.590e-7, -3.803e-7, -1.198e-7, 2.605e-7, -1.469e-7, -1.456e-7, -1.482e-7
0.392, -4.073e-7, 2.672e-8, 4.340e-7, -2.180e-7, -2.195e-7, -2.164e-7, -3.834e-7, 1.206e-8, 3.954e-7, -2.000e-7, -2.031e-7, -1.970e-7, -4.187e-7, -1.100e-7, 3.088e-7, -1.590e-7, -1.588e-7, -1.592e-7, -3.870e-7, -1.225e-7, 2.646e-7, -1.422e-7, -1.436e-7, -1.407e-7
0.388, -4.062e-7, 2.704e-8, 4.333e-7, -2.185e-7, -2.216e-7, -2.154e-7, -3.818e-7, 9.464e-9, 3.912e-7, -1.996e-7, -2.017e-7, -1.974e-7, -4.177e-7, -1.089e-7, 3.088e-7, -1.571e-7, -1.559e-7, -1.582e-7, -3.805e-7, -1.181e-7, 2.624e-7, -1.419e-7, -1.440e-7, -1.397e-7
0.384, -4.080e-7, 2.587e-8, 4.339e-7, -2.151e-7, -2.157e-7, -2.145e-7, -3.797e-7, 1.256e-8, 3.923e-7, -1.969e-7, -2.002e-7, -1.936e-7, -4.246e-7, -1.130e-7, 3.116e-7, -1.581e-7, -1.575e-7, -1.588e-7, -3.847e-7, -1.217e-7, 2.631e-7, -1.418e-7, -1.424e-7, -1.412e-7
0.380, -4.079e-7, 2.662e-8, 4.345e-7, -2.134e-7, -2.154e-7, -2.114e-7, -3.873e-7, 9.631e-9, 3.969e-7, -1.983e-7, -2.013e-7, -1.954e-7, -4.206e-7, -1.125e-7, 3.081e-7, -1.571e-7, -1.548e-7, -1.594e-7, -3.793e-7, -1.181e-7, 2.612e-7, -1.401e-7, -1.403e-7, -1.399e-7
0.376, -4.185e-7, 2.096e-8, 4.395e-7, -2.132e-7, -2.175e-7, -2.090e-7, -3.826e-7, 1.129e-8, 3.939e-7, -1.958e-7, -1.968e-7, -1.949e-7, -4.182e-7, -1.100e-7, 3.082e-7, -1.565e-7, -1.559e-7, -1.571e-7, -3.875e-7, -1.241e-7, 2.634e-7, -1.405e-7, -1.450e-7, -1.361e-7
0.372, -4.106e-7, 2.594e-8, 4.366e-7, -2.144e-7, -2.151e-7, -2.137e-7, -3.826e-7, 9.483e-9, 3.921e-7, -1.972e-7, -1.974e-7, -1.971e-7, -4.273e-7, -1.160e-7, 3.113e-7, -1.559e-7, -1.588e-7, -1.530e-7, -3.875e-7, -1.236e-7, 2.639e-7, -1.377e-7, -1.382e-7, -1.373e-7
0.368, -4.125e-7, 2.234e-8, 4.349e-7, -2.133e-7, -2.143e-7, -2.123e-7, -3.888e-7, 6.383e-9, 3.952e-7, -1.961e-7, -1.989e-7, -1.933e-7, -4.326e-7, -1.189e-7, 3.137e-7, -1.554e-7, -1.559e-7, -1.550e-7, -3.853e-7, -1.238e-7, 2.614e-7, -1.377e-7, -1.372e-7, -1.383e-7
0.364, -4.231e-7, 1.743e-8, 4.405e-7, -2.102e-7, -2.128e-7, -2.077e-7, -3.920e-7, 6.177e-9, 3.982e-7, -1.944e-7, -1.969e-7, -1.918e-7, -4.270e-7, -1.153e-7, 3.117e-7, -1.550e-7, -1.524e-7, -1.575e-7, -3.887e-7, -1.252e-7, 2.635e-7, -1.366e-7, -1.376e-7, -1.356e-7
0.360, -4.205e-7, 1.732e-8, 4.378e-7, -2.120e-7, -2.133e-7, -2.106e-7, -3.958e-7, 2.486e-9, 3.983e-7, -1.945e-7, -1.988e-7, -1.901e-7, -4.335e-7, -1.204e-7, 3.131e-7, -1.531e-7, -1.537e-7, -1.525e-7, -3.896e-7, -1.269e-7, 2.627e-7, -1.363e-7, -1.357e-7, -1.369e-7
0.356, -4.236e-7, 1.507e-8, 4.386e-7, -2.128e-7, -2.149e-7, -2.107e-7, -3.998e-7, -5.350e-10, 3.992e-7, -1.938e-7, -1.951e-7, -1.925e-7, -4.299e-7, -1.163e-7, 3.137e-7, -1.519e-7, -1.497e-7, -1.541e-7, -3.882e-7, -1.248e-7, 2.634e-7, -1.367e-7, -1.369e-7, -1.364e-7
0.352, -4.272e-7, 1.346e-8, 4.407e-7, -2.081e-7, -2.102e-7, -2.060e-7, -4.020e-7, -2.496e-10, 4.017e-7, -1.924e-7, -1.952e-7, -1.896e-7, -4.380e-7, -1.219e-7, 3.161e-7, -1.517e-7, -1.512e-7, -1.522e-7, -3.946e-7, -1.307e-7, 2.639e-7, -1.354e-7, -1.359e-7, -1.349e-7
0.348, -4.300e-7, 1.097e-8, 4.410e-7, -2.094e-7, -2.111e-7, -2.076e-7, -4.057e-7, -3.979e-9, 4.017e-7, -1.945e-7, -1.967e-7, -1.924e-7, -4.429e-7, -1.256e-7, 3.173e-7, -1.519e-7, -1.521e-7, -1.517e-7, -3.962e-7, -1.303e-7, 2.659e-7, -1.336e-7, -1.336e-7, -1.337e-7
0.344, -4.405e-7, 2.801e-9, 4.433e-7, -2.117e-7, -2.120e-7, -2.115e-7, -4.116e-7, -9.796e-9, 4.018e-7, -1.934e-7, -1.953e-7, -1.915e-7, -4.428e-7, -1.230e-7, 3.198e-7, -1.483e-7, -1.487e-7, -1.480e-7, -4.024e-7, -1.317e-7, 2.707e-7, -1.323e-7, -1.343e-7, -1.303e-7
0.340, -4.434e-7, 1.728e-9, 4.451e-7, -2.102e-7, -2.110e-7, -2.093e-7, -4.102e-7, -1.223e-8, 3.980e-7, -1.952e-7, -1.972e-7, -1.931e-7, -4.429e-7, -1.286e-7, 3.143e-7, -1.496e-7, -1.483e-7, -1.510e-7, -4.009e-7, -1.311e-7, 2.699e-7, -1.319e-7, -1.332e-7, -1.306e-7
0.336, -4.476e-7, -5.200e-9, 4.424e-7, -2.074e-7, -2.096e-7, -2.052e-7, -4.159e-7, -1.129e-8, 4.046e-7, -1.898e-7, -1.900e-7, -1.896e-7, -4.431e-7, -1.256e-7, 3.175e-7, -1.492e-7, -1.494e-7, -1.489e-7, -4.073e-7, -1.400e-7, 2.673e-7, -1.362e-7, -1.378e-7, -1.345e-7
0.332, -4.472e-7, -4.009e-9, 4.432e-7, -2.091e-7, -2.113e-7, -2.069e-7, -4.218e-7, -1.544e-8, 4.063e-7, -1.908e-7, -1.947e-7, -1.870e-7, -4.568e-7, -1.342e-7, 3.226e-7, -1.497e-7, -1.491e-7, -1.503e-7, -4.084e-7, -1.413e-7, 2.672e-7, -1.331e-7, -1.350e-7, -1.313e-7
0.328, -4.597e-7, -1.213e-8, 4.476e-7, -2.078e-7, -2.114e-7, -2.042e-7, -4.254e-7, -1.844e-8, 4.070e-7, -1.899e-7, -1.908e-7, -1.889e-7, -4.556e-7, -1.362e-7, 3.194e-7, -1.480e-7, -1.484e-7, -1.477e-7, -4.119e-7, -1.423e-7, 2.696e-7, -1.338e-7, -1.363e-7, -1.312e-7
0.324, -4.624e-7, -1.442e-8, 4.479e-7, -2.092e-7, -2.124e-7, -2.059e-7, -4.298e-7, -2.297e-8, 4.069e-7, -1.894e-7, -1.928e-7, -1.860e-7, -4.608e-7, -1.393e-7, 3.215e-7, -1.479e-7, -1.471e-7, -1.487e-7, -4.203e-7, -1.473e-7, 2.729e-7, -1.305e-7, -1.308e-7, -1.302e-7
0.320, -4.673e-7, -1.521e-8, 4.520e-7, -2.048e-7, -2.080e-7, -2.017e-7, -4.363e-7, -2.575e-8, 4.105e-7, -1.911e-7, -1.941e-7, -1.880e-7, -4.640e-7, -1.445e-7, 3.195e-7, -1.502e-7, -1.480e-7, -1.523e-7, -4.215e-7, -1.515e-7, 2.700e-7, -1.306e-7, -1.313e-7, -1.300e-7
0.316, -4.753e-7, -2.595e-8, 4.493e-7, -2.076e-7, -2.084e-7, -2.067e-7, -4.427e-7, -3.313e-8, 4.096e-7, -1.900e-7, -1.931e-7, -1.869e-7, -4.702e-7, -1.451e-7, 3.251e-7, -1.465e-7, -1.452e-7, -1.478e-7, -4.220e-7, -1.486e-7, 2.734e-7, -1.315e-7, -1.322e-7, -1.307e-7
0.312, -4.770e-7, -2.664e-8, 4.503e-7, -2.058e-7, -2.070e-7, -2.046e-7, -4.418e-7, -3.352e-8, 4.083e-7, -1.898e-7, -1.910e-7, -1.887e-7, -4.787e-7, -1.520e-7, 3.268e-7, -1.466e-7, -1.473e-7, -1.459e-7, -4.313e-7, -1.563e-7, 2.750e-7, -1.305e-7, -1.321e-7, -1.290e-7
0.308, -4.855e-7, -3.217e-8, 4.533e-7, -2.078e-7, -2.109e-7, -2.047e-7, -4.507e-7, -4.014e-8, 4.106e-7, -1.895e-7, -1.906e-7, -1.885e-7, -4.768e-7, -1.536e-7, 3.232e-7, -1.461e-7, -1.455e-7, -1.467e-7, -4.349e-7, -1.579e-7, 2.771e-7, -1.296e-7, -1.290e-7, -1.301e-7
0.304, -4.915e-7, -3.829e-8, 4.532e-7, -2.072e-7, -2.110e-7, -2.033e-7, -4.605e-7, -4.626e-8, 4.142e-7, -1.888e-7, -1.887e-7, -1.890e-7, -4.802e-7, -1.545e-7, 3.257e-7, -1.456e-7, -1.430e-7, -1.482e-7, -4.406e-7, -1.636e-7, 2.770e-7, -1.292e-7, -1.298e-7, -1.285e-7
0.300, -4.961e-7, -4.110e-8, 4.550e-7, -2.054e-7, -2.066e-7, -2.041e-7, -4.616e-7, -4.715e-8, 4.144e-7, -1.891e-7, -1.901e-7, -1.881e-7, -4.919e-7, -1.623e-7, 3.297e-7, -1.464e-7, -1.472e-7, -1.456e-7, -4.500e-7, -1.695e-7, 2.806e-7, -1.288e-7, -1.309e-7, -1.266e-7
0.296, -5.010e-7, -4.720e-8, 4.538e-7, -2.063e-7, -2.091e-7, -2.036e-7, -4.716e-7, -5.486e-8, 4.167e-7, -1.886e-7, -1.913e-7, -1.859e-7, -4.969e-7, -1.644e-7, 3.325e-7, -1.450e-7, -1.438e-7, -1.462e-7, -4.502e-7, -1.696e-7, 2.807e-7, -1.291e-7, -1.275e-7, -1.307e-7
0.292, -5.112e-7, -5.406e-8, 4.572e-7, -2.073e-7, -2.092e-7, -2.054e-7, -4.770e-7, -6.101e-8, 4.160e-7, -1.884e-7, -1.900e-7, -1.867e-7, -5.012e-7, -1.693e-7, 3.319e-7, -1.454e-7, -1.441e-7, -1.466e-7, -4.556e-7, -1.720e-7, 2.836e-7, -1.272e-7, -1.280e-7, -1.265e-7
0.288, -5.191e-7, -6.023e-8, 4.588e-7, -2.075e-7, -2.127e-7, -2.024e-7, -4.890e-7, -6.931e-8, 4.197e-7, -1.903e-7, -1.932e-7, -1.875e-7, -5.061e-7, -1.739e-7, 3.322e-7, -1.435e-7, -1.404e-7, -1.467e-7, -4.572e-7, -1.759e-7, 2.814e-7, -1.270e-7, -1.261e-7, -1.279e-7
0.284, -5.248e-7, -6.393e-8, 4.608e-7, -2.056e-7, -2.092e-7, -2.020e-7, -4.953e-7, -7.341e-8, 4.218e-7, -1.891e-7, -1.919e-7, -1.863e-7, -5.188e-7, -1.825e-7, 3.363e-7, -1.456e-7, -1.440e-7, -1.472e-7, -4.634e-7, -1.801e-7, 2.833e-7, -1.253e-7, -1.253e-7, -1.253e-7
0.280, -5.390e-7, -7.707e-8, 4.619e-7, -2.061e-7, -2.113e-7, -2.010e-7, -4.999e-7, -8.011e-8, 4.197e-7, -1.878e-7, -1.893e-7, -1.864e-7, -5.216e-7, -1.826e-7, 3.390e-7, -1.418e-7, -1.385e-7, -1.451e-7, -4.719e-7, -1.864e-7, 2.855e-7, -1.284e-7, -1.295e-7, -1.272e-7
0.276, -5.478e-7, -8.042e-8, 4.674e-7, -2.051e-7, -2.086e-7, -2.016e-7, -5.155e-7, -8.669e-8, 4.288e-7, -1.888e-7, -1.925e-7, -1.852e-7, -5.346e-7, -1.934e-7, 3.412e-7, -1.441e-7, -1.417e-7, -1.465e-7, -4.748e-7, -1.897e-7, 2.851e-7, -1.267e-7, -1.275e-7, -1.260e-7
0.272, -5.607e-7, -9.045e-8, 4.703e-7, -2.048e-7, -2.076e-7, -2.021e-7, -5.218e-7, -9.349e-8, 4.284e-7, -1.890e-7, -1.922e-7, -1.858e-7, -5.391e-7, -1.989e-7, 3.402e-7, -1.469e-7, -1.461e-7, -1.477e-7, -4.879e-7, -1.997e-7, 2.882e-7, -1.260e-7, -1.253e-7, -1.267e-7
0.268, -5.755e-7, -1.036e-7, 4.719e-7, -2.064e-7, -2.103e-7, -2.026e-7, -5.336e-7, -1.055e-7, 4.281e-7, -1.888e-7, -1.926e-7, -1.850e-7, -5.523e-7, -2.075e-7, 3.448e-7, -1.420e-7, -1.396e-7, -1.443e-7, -4.959e-7, -2.038e-7, 2.921e-7, -1.249e-7, -1.251e-7, -1.247e-7
0.264, -5.863e-7, -1.121e-7, 4.742e-7, -2.049e-7, -2.064e-7, -2.035e-7, -5.481e-7, -1.110e-7, 4.371e-7, -1.889e-7, -1.932e-7, -1.845e-7, -5.681e-7, -2.202e-7, 3.480e-7, -1.452e-7, -1.453e-7, -1.451e-7, -5.076e-7, -2.143e-7, 2.933e-7, -1.277e-7, -1.271e-7, -1.283e-7
0.260, -6.044e-7, -1.253e-7, 4.790e-7, -2.051e-7, -2.085e-7, -2.016e-7, -5.675e-7, -1.280e-7, 4.395e-7, -1.891e-7, -1.936e-7, -1.846e-7, -5.758e-7, -2.257e-7, 3.501e-7, -1.428e-7, -1.425e-7, -1.432e-7, -5.194e-7, -2.218e-7, 2.977e-7, -1.258e-7, -1.252e-7, -1.264e-7
0.256, -6.301e-7, -1.443e-7, 4.858e-7, -2.055e-7, -2.078e-7, -2.032e-7, -5.803e-7, -1.388e-7, 4.415e-7, -1.879e-7, -1.883e-7, -1.876e-7, -5.879e-7, -2.340e-7, 3.539e-7, -1.425e-7, -1.410e-7, -1.441e-7, -5.392e-7, -2.349e-7, 3.043e-7, -1.269e-7, -1.299e-7, -1.238e-7
0.252, -6.494e-7, -1.584e-7, 4.910e-7, -2.040e-7, -2.056e-7, -2.024e-7, -6.053e-7, -1.556e-7, 4.497e-7, -1.856e-7, -1.893e-7, -1.819e-7, -6.169e-7, -2.544e-7, 3.625e-7, -1.424e-7, -1.417e-7, -1.432e-7, -5.575e-7, -2.493e-7, 3.082e-7, -1.260e-7, -1.264e-7, -1.256e-7
0.248, -6.847e-7, -1.825e-7, 5.022e-7, -2.040e-7, -2.069e-7, -2.011e-7, -6.384e-7, -1.775e-7, 4.609e-7, -1.887e-7, -1.911e-7, -1.863e-7, -6.359e-7, -2.709e-7, 3.651e-7, -1.417e-7, -1.413e-7, -1.422e-7, -5.809e-7, -2.663e-7, 3.146e-7, -1.254e-7, -1.284e-7, -1.225e-7
0.244, -7.176e-7, -2.085e-7, 5.092e-7, -2.061e-7, -2.087e-7, -2.034e-7, -6.697e-7, -2.046e-7, 4.650e-7, -1.905e-7, -1.928e-7, -1.883e-7, -6.606e-7, -2.904e-7, 3.701e-7, -1.418e-7, -1.398e-7, -1.437e-7, -6.029e-7, -2.811e-7, 3.219e-7, -1.239e-7, -1.242e-7, -1.235e-7
0.240, -7.638e-7, -2.414e-7, 5.224e-7, -2.042e-7, -2.088e-7, -1.996e-7, -7.104e-7, -2.326e-7, 4.779e-7, -1.893e-7, -1.910e-7, -1.876e-7, -6.932e-7, -3.131e-7, 3.801e-7, -1.416e-7, -1.403e-7, -1.428e-7, -6.391e-7, -3.080e-7, 3.310e-7, -1.253e-7, -1.276e-7, -1.229e-7
0.236, -8.130e-7, -2.771e-7, 5.359e-7, -2.050e-7, -2.072e-7, -2.029e-7, -7.599e-7, -2.679e-7, 4.920e-7, -1.885e-7, -1.928e-7, -1.841e-7, -7.420e-7, -3.477e-7, 3.943e-7, -1.437e-7, -1.434e-7, -1.441e-7, -6.798e-7, -3.377e-7, 3.421e-7, -1.240e-7, -1.244e-7, -1.236e-7
0.232, -8.812e-7, -3.254e-7, 5.558e-7, -2.022e-7, -2.093e-7, -1.951e-7, -8.222e-7, -3.098e-7, 5.124e-7, -1.849e-7, -1.891e-7, -1.807e-7, -7.874e-7, -3.788e-7, 4.085e-7, -1.423e-7, -1.396e-7, -1.450e-7, -7.236e-7, -3.691e-7, 3.545e-7, -1.254e-7, -1.258e-7, -1.250e-7
0.228, -9.553e-7, -3.783e-7, 5.770e-7, -2.032e-7, -2.085e-7, -1.978e-7, -8.884e-7, -3.578e-7, 5.306e-7, -1.874e-7, -1.919e-7, -1.829e-7, -8.476e-7, -4.210e-7, 4.266e-7, -1.409e-7, -1.393e-7, -1.425e-7, -7.833e-7, -4.104e-7, 3.729e-7, -1.242e-7, -1.270e-7, -1.214e-7
0.224, -1.048e-6, -4.426e-7, 6.050e-7, -2.019e-7, -2.076e-7, -1.963e-7, -9.744e-7, -4.192e-7, 5.552e-7, -1.869e-7, -1.896e-7, -1.842e-7, -9.228e-7, -4.735e-7, 4.493e-7, -1.406e-7, -1.406e-7, -1.406e-7, -8.509e-7, -4.580e-7, 3.928e-7, -1.248e-7, -1.287e-7, -1.208e-7
0.220, -1.154e-6, -5.164e-7, 6.380e-7, -1.996e-7, -2.045e-7, -1.947e-7, -1.082e-6, -4.925e-7, 5.898e-7, -1.857e-7, -1.885e-7, -1.830e-7, -1.008e-6, -5.350e-7, 4.729e-7, -1.426e-7, -1.439e-7, -1.413e-7, -9.341e-7, -5.149e-7, 4.192e-7, -1.263e-7, -1.276e-7, -1.249e-7
0.216, -1.284e-6, -6.070e-7, 6.775e-7, -2.013e-7, -2.052e-7, -1.974e-7, -1.203e-6, -5.750e-7, 6.280e-7, -1.854e-7, -1.885e-7, -1.824e-7, -1.117e-6, -6.058e-7, 5.116e-7, -1.416e-7, -1.439e-7, -1.394e-7, -1.039e-6, -5.878e-7, 4.510e-7, -1.245e-7, -1.277e-7, -1.214e-7
0.212, -1.432e-6, -7.061e-7, 7.261e-7, -2.008e-7, -2.057e-7, -1.958e-7, -1.353e-6, -6.745e-7, 6.783e-7, -1.828e-7, -1.881e-7, -1.774e-7, -1.242e-6, -6.901e-7, 5.515e-7, -1.402e-7, -1.424e-7, -1.380e-7, -1.152e-6, -6.638e-7, 4.879e-7, -1.246e-7, -1.282e-7, -1.210e-7
0.208, -1.608e-6, -8.233e-7, 7.846e-7, -1.985e-7, -2.035e-7, -1.935e-7, -1.526e-6, -7.923e-7, 7.341e-7, -1.871e-7, -1.924e-7, -1.819e-7, -1.385e-6, -7.888e-7, 5.964e-7, -1.399e-7, -1.428e-7, -1.371e-7, -1.287e-6, -7.541e-7, 5.333e-7, -1.224e-7, -1.243e-7, -1.204e-7
0.204, -1.817e-6, -9.622e-7, 8.552e-7, -1.984e-7, -2.041e-7, -1.927e-7, -1.727e-6, -9.246e-7, 8.023e-7, -1.826e-7, -1.903e-7, -1.749e-7, -1.552e-6, -8.965e-7, 6.558e-7, -1.399e-7, -1.412e-7, -1.385e-7, -1.448e-6, -8.602e-7, 5.881e-7, -1.233e-7, -1.254e-7, -1.212e-7
0.200, -2.060e-6, -1.120e-6, 9.401e-7, -1.987e-7, -2.068e-7, -1.906e-7, -1.960e-6, -1.080e-6, 8.800e-7, -1.856e-7, -1.919e-7, -1.793e-7, -1.738e-6, -1.021e-6, 7.169e-7, -1.387e-7, -1.407e-7, -1.366e-7, -1.624e-6, -9.745e-7, 6.497e-7, -1.218e-7, -1.266e-7, -1.170e-7
0.196, -2.318e-6, -1.288e-6, 1.030e-6, -1.963e-7, -2.027e-7, -1.900e-7, -2.211e-6, -1.241e-6, 9.698e-7, -1.834e-7, -1.896e-7, -1.771e-7, -1.959e-6, -1.165e-6, 7.933e-7, -1.408e-7, -1.444e-7, -1.372e-7, -1.831e-6, -1.108e-6, 7.231e-7, -1.220e-7, -1.269e-7, -1.170e-7
0.192, -2.617e-6, -1.483e-6, 1.134e-6, -1.955e-7, -2.044e-7, -1.865e-7, -2.499e-6, -1.429e-6, 1.070e-6, -1.825e-7, -1.911e-7, -1.739e-7, -2.196e-6, -1.314e-6, 8.815e-7, -1.386e-7, -1.420e-7, -1.352e-7, -2.056e-6, -1.249e-6, 8.065e-7, -1.208e-7, -1.266e-7, -1.150e-7
0.188, -2.939e-6, -1.688e-6, 1.252e-6, -1.917e-7, -2.017e-7, -1.817e-7, -2.811e-6, -1.630e-6, 1.181e-6, -1.815e-7, -1.910e-7, -1.720e-7, -2.452e-6, -1.480e-6, 9.722e-7, -1.396e-7, -1.435e-7, -1.357e-7, -2.302e-6, -1.405e-6, 8.965e-7, -1.179e-7, -1.243e-7, -1.116e-7
0.184, -3.279e-6, -1.907e-6, 1.372e-6, -1.904e-7, -2.015e-7, -1.793e-7, -3.148e-6, -1.845e-6, 1.303e-6, -1.774e-7, -1.882e-7, -1.666e-7, -2.731e-6, -1.653e-6, 1.079e-6, -1.364e-7, -1.389e-7, -1.339e-7, -2.561e-6, -1.568e-6, 9.933e-7, -1.199e-7, -1.247e-7, -1.151e-7
0.180, -3.635e-6, -2.136e-6, 1.499e-6, -1.884e-7, -1.979e-7, -1.788e-7, -3.493e-6, -2.064e-6, 1.429e-6, -1.759e-7, -1.867e-7, -1.652e-7, -3.021e-6, -1.834e-6, 1.186e-6, -1.334e-7, -1.389e-7, -1.278e-7, -2.833e-6, -1.736e-6, 1.098e-6, -1.189e-7, -1.251e-7, -1.127e-7
0.176, -4.005e-6, -2.373e-6, 1.632e-6, -1.893e-7, -2.033e-7, -1.753e-7, -3.854e-6, -2.295e-6, 1.559e-6, -1.729e-7, -1.847e-7, -1.611e-7, -3.314e-6, -2.016e-6, 1.297e-6, -1.312e-7, -1.370e-7, -1.253e-7, -3.111e-6, -1.905e-6, 1.206e-6, -1.182e-7, -1.266e-7, -1.098e-7
0.172, -4.369e-6, -2.604e-6, 1.765e-6, -1.853e-7, -1.973e-7, -1.733e-7, -4.203e-6, -2.520e-6, 1.683e-6, -1.730e-7, -1.833e-7, -1.626e-7, -3.600e-6, -2.194e-6, 1.406e-6, -1.285e-7, -1.375e-7, -1.195e-7, -3.388e-6, -2.071e-6, 1.317e-6, -1.159e-7, -1.267e-7, -1.052e-7
0.168, -4.721e-6, -2.828e-6, 1.893e-6, -1.812e-7, -1.961e-7, -1.662e-7, -4.542e-6, -2.731e-6, 1.811e-6, -1.672e-7, -1.779e-7, -1.566e-7, -3.871e-6, -2.360e-6, 1.511e-6, -1.309e-7, -1.381e-7, -1.237e-7, -3.645e-6, -2.229e-6, 1.415e-6, -1.148e-7, -1.240e-7, -1.057e-7
0.164, -5.044e-6, -3.034e-6, 2.010e-6, -1.770e-7, -1.923e-7, -1.618e-7, -4.858e-6, -2.932e-6, 1.926e-6, -1.662e-7, -1.796e-7, -1.529e-7, -4.128e-6, -2.515e-6, 1.613e-6, -1.247e-7, -1.332e-7, -1.162e-7, -3.876e-6, -2.360e-6, 1.515e-6, -1.091e-7, -1.198e-7, -9.847e-8
0.160, -5.333e-6, -3.218e-6, 2.115e-6, -1.751e-7, -1.913e-7, -1.589e-7, -5.136e-6, -3.108e-6, 2.028e-6, -1.628e-7, -1.763e-7, -1.493e-7, -4.344e-6, -2.646e-6, 1.698e-6, -1.231e-7, -1.329e-7, -1.133e-7, -4.071e-6, -2.473e-6, 1.598e-6, -1.092e-7, -1.195e-7, -9.881e-8
0.156, -5.572e-6, -3.367e-6, 2.205e-6, -1.682e-7, -1.804e-7, -1.560e-7, -5.356e-6, -3.246e-6, 2.110e-6, -1.594e-7, -1.737e-7, -1.452e-7, -4.518e-6, -2.749e-6, 1.769e-6, -1.202e-7, -1.334e-7, -1.069e-7, -4.233e-6, -2.562e-6, 1.671e-6, -1.041e-7, -1.151e-7, -9.310e-8
0.152, -5.757e-6, -3.485e-6, 2.271e-6, -1.655e-7, -1.855e-7, -1.455e-7, -5.533e-6, -3.355e-6, 2.179e-6, -1.542e-7, -1.704e-7, -1.380e-7, -4.634e-6, -2.813e-6, 1.820e-6, -1.179e-7, -1.280e-7, -1.078e-7, -4.334e-6, -2.617e-6, 1.716e-6, -1.062e-7, -1.171e-7, -9.534e-8
0.148, -5.859e-6, -3.548e-6, 2.311e-6, -1.578e-7, -1.753e-7, -1.402e-7, -5.620e-6, -3.402e-6, 2.218e-6, -1.466e-7, -1.631e-7, -1.302e-7, -4.688e-6, -2.838e-6, 1.850e-6, -1.151e-7, -1.260e-7, -1.042e-7, -4.374e-6, -2.632e-6, 1.742e-6, -1.053e-7, -1.164e-7, -9.416e-8
0.144, -5.884e-6, -3.557e-6, 2.327e-6, -1.521e-7, -1.702e-7, -1.340e-7, -5.639e-6, -3.406e-6, 2.233e-6, -1.447e-7, -1.631e-7, -1.263e-7, -4.680e-6, -2.827e-6, 1.853e-6, -1.139e-7, -1.246e-7, -1.031e-7, -4.354e-6, -2.610e-6, 1.744e-6, -1.021e-7, -1.137e-7, -9.041e-8
0.140, -5.822e-6, -3.513e-6, 2.309e-6, -1.487e-7, -1.654e-7, -1.320e-7, -5.570e-6, -3.354e-6, 2.216e-6, -1.370e-7, -1.563e-7, -1.177e-7, -4.611e-6, -2.770e-6, 1.841e-6, -1.093e-7, -1.235e-7, -9.515e-8, -4.275e-6, -2.548e-6, 1.727e-6, -1.015e-7, -1.131e-7, -8.985e-8
0.136, -5.681e-6, -3.414e-6, 2.267e-6, -1.424e-7, -1.594e-7, -1.254e-7, -5.412e-6, -3.245e-6, 2.166e-6, -1.350e-7, -1.518e-7, -1.182e-7, -4.458e-6, -2.668e-6, 1.791e-6, -1.043e-7, -1.176e-7, -9.108e-8, -4.128e-6, -2.442e-6, 1.686e-6, -9.526e-8, -1.073e-7, -8.327e-8
0.132, -5.447e-6, -3.256e-6, 2.192e-6, -1.394e-7, -1.537e-7, -1.251e-7, -5.167e-6, -3.080e-6, 2.087e-6, -1.293e-7, -1.451e-7, -1.136e-7, -4.247e-6, -2.528e-6, 1.719e-6, -1.014e-7, -1.156e-7, -8.714e-8, -3.921e-6, -2.304e-6, 1.617e-6, -9.402e-8, -1.054e-7, -8.265e-8
0.128, -5.143e-6, -3.052e-6, 2.091e-6, -1.322e-7, -1.491e-7, -1.153e-7, -4.862e-6, -2.872e-6, 1.990e-6, -1.237e-7, -1.387e-7, -1.086e-7, -3.977e-6, -2.347e-6, 1.631e-6, -9.755e-8, -1.079e-7, -8.721e-8, -3.663e-6, -2.134e-6, 1.530e-6, -9.027e-8, -1.021e-7, -7.844e-8
0.124, -4.767e-6, -2.804e-6, 1.963e-6, -1.252e-7, -1.408e-7, -1.095e-7, -4.486e-6, -2.623e-6, 1.862e-6, -1.205e-7, -1.358e-7, -1.053e-7, -3.666e-6, -2.146e-6, 1.520e-6, -9.542e-8, -1.053e-7, -8.558e-8, -3.364e-6, -1.944e-6, 1.420e-6, -8.577e-8, -9.620e-8, -7.534e-8
0.120, -4.337e-6, -2.524e-6, 1.813e-6, -1.198e-7, -1.347e-7, -1.049e-7, -4.066e-6, -2.348e-6, 1.718e-6, -1.124e-7, -1.287e-7, -9.605e-8, -3.324e-6, -1.929e-6, 1.395e-6, -9.285e-8, -1.024e-7, -8.333e-8, -3.040e-6, -1.743e-6, 1.298e-6, -8.538e-8, -9.697e-8, -7.379e-8
0.116, -3.884e-6, -2.236e-6, 1.648e-6, -1.178e-7, -1.347e-7, -1.009e-7, -3.615e-6, -2.063e-6, 1.552e-6, -1.102e-7, -1.214e-7, -9.904e-8, -2.953e-6, -1.697e-6, 1.256e-6, -8.679e-8, -9.491e-8, -7.867e-8, -2.706e-6, -1.536e-6, 1.169e-6, -8.230e-8, -9.314e-8, -7.146e-8
0.112, -3.414e-6, -1.943e-6, 1.471e-6, -1.106e-7, -1.267e-7, -9.453e-8, -3.162e-6, -1.779e-6, 1.383e-6, -1.053e-7, -1.165e-7, -9.401e-8, -2.593e-6, -1.482e-6, 1.110e-6, -8.612e-8, -9.259e-8, -7.965e-8, -2.370e-6, -1.337e-6, 1.033e-6, -8.127e-8, -9.120e-8, -7.133e-8
0.108, -2.958e-6, -1.666e-6, 1.292e-6, -1.066e-7, -1.192e-7, -9.413e-8, -2.722e-6, -1.516e-6, 1.206e-6, -1.017e-7, -1.136e-7, -8.979e-8, -2.250e-6, -1.280e-6, 9.701e-7, -8.119e-8, -8.769e-8, -7.469e-8, -2.057e-6, -1.156e-6, 9.017e-7, -7.722e-8, -8.532e-8, -6.912e-8
0.104, -2.526e-6, -1.418e-6, 1.108e-6, -1.030e-7, -1.129e-7, -9.322e-8, -2.312e-6, -1.274e-6, 1.037e-6, -9.331e-8, -1.024e-7, -8.419e-8, -1.927e-6, -1.095e-6, 8.319e-7, -7.835e-8, -8.431e-8, -7.238e-8, -1.769e-6, -9.966e-7, 7.724e-7, -7.690e-8, -8.285e-8, -7.096e-8
0.100, -2.148e-6, -1.200e-6, 9.476e-7, -9.900e-8, -1.124e-7, -8.565e-8, -1.952e-6, -1.077e-6, 8.750e-7, -9.185e-8, -1.002e-7, -8.352e-8, -1.635e-6, -9.373e-7, 6.980e-7, -7.623e-8, -7.598e-8, -7.648e-8, -1.500e-6, -8.517e-7, 6.480e-7, -7.408e-8, -7.949e-8, -6.868e-8
0.096, -1.806e-6, -1.016e-6, 7.901e-7, -9.246e-8, -1.013e-7, -8.363e-8, -1.632e-6, -9.024e-7, 7.297e-7, -9.010e-8, -9.663e-8, -8.357e-8, -1.394e-6, -8.113e-7, 5.825e-7, -7.550e-8, -7.925e-8, -7.175e-8, -1.283e-6, -7.412e-7, 5.414e-7, -7.097e-8, -7.686e-8, -6.508e-8
0.092, -1.514e-6, -8.628e-7, 6.508e-7, -8.973e-8, -9.654e-8, -8.292e-8, -1.369e-6, -7.704e-7, 5.988e-7, -8.869e-8, -9.570e-8, -8.168e-8, -1.184e-6, -7.074e-7, 4.769e-7, -7.275e-8, -7.557e-8, -6.993e-8, -1.092e-6, -6.440e-7, 4.482e-7, -6.754e-8, -7.190e-8, -6.317e-8
0.088, -1.278e-6, -7.484e-7, 5.294e-7, -9.000e-8, -9.547e-8, -8.452e-8, -1.148e-6, -6.639e-7, 4.843e-7, -8.218e-8, -8.831e-8, -7.605e-8, -1.013e-6, -6.211e-7, 3.916e-7, -6.835e-8, -6.933e-8, -6.737e-8, -9.333e-7, -5.670e-7, 3.663e-7, -6.902e-8, -7.169e-8, -6.635e-8
0.084, -1.079e-6, -6.488e-7, 4.297e-7, -8.321e-8, -8.855e-8, -7.788e-8, -9.670e-7, -5.757e-7, 3.913e-7, -8.179e-8, -8.644e-8, -7.714e-8, -8.750e-7, -5.582e-7, 3.168e-7, -6.782e-8, -6.758e-8, -6.805e-8, -8.066e-7, -5.094e-7, 2.972e-7, -6.458e-8, -6.499e-8, -6.416e-8
0.080, -9.189e-7, -5.780e-7, 3.409e-7, -8.391e-8, -8.625e-8, -8.156e-8, -8.187e-7, -5.120e-7, 3.066e-7, -7.877e-8, -8.258e-8, -7.495e-8, -7.606e-7, -5.048e-7, 2.558e-7, -6.619e-8, -6.775e-8, -6.464e-8, -7.107e-7, -4.653e-7, 2.454e-7, -6.570e-8, -6.730e-8, -6.411e-8
0.076, -8.003e-7, -5.225e-7, 2.778e-7, -8.004e-8, -8.611e-8, -7.396e-8, -7.149e-7, -4.644e-7, 2.505e-7, -7.557e-8, -7.716e-8, -7.398e-8, -6.637e-7, -4.627e-7, 2.009e-7, -6.535e-8, -6.044e-8, -7.026e-8, -6.236e-7, -4.288e-7, 1.948e-7, -6.381e-8, -6.527e-8, -6.236e-8
0.072, -7.049e-7, -4.829e-7, 2.220e-7, -7.674e-8, -8.214e-8, -7.134e-8, -6.253e-7, -4.236e-7, 2.016e-7, -7.358e-8, -7.560e-8, -7.155e-8, -5.953e-7, -4.322e-7, 1.631e-7, -6.358e-8, -6.029e-8, -6.687e-8, -5.625e-7, -4.030e-7, 1.594e-7, -6.397e-8, -6.525e-8, -6.268e-8
0.068, -6.241e-7, -4.443e-7, 1.798e-7, -7.562e-8, -7.791e-8, -7.334e-8, -5.559e-7, -3.952e-7, 1.607e-7, -7.273e-8, -7.626e-8, -6.919e-8, -5.519e-7, -4.146e-7, 1.373e-7, -6.167e-8, -6.231e-8, -6.104e-8, -5.246e-7, -3.867e-7, 1.379e-7, -6.032e-8, -6.267e-8, -5.797e-8
0.064, -5.721e-7, -4.214e-7, 1.507e-7, -7.347e-8, -7.706e-8, -6.989e-8, -5.099e-7, -3.765e-7, 1.334e-7, -7.134e-8, -7.242e-8, -7.026e-8, -5.105e-7, -3.978e-7, 1.127e-7, -6.158e-8, -5.873e-8, -6.443e-8, -4.810e-7, -3.668e-7, 1.141e-7, -6.009e-8, -6.084e-8, -5.934e-8
0.060, -5.287e-7, -4.050e-7, 1.237e-7, -7.225e-8, -7.774e-8, -6.676e-8, -4.763e-7, -3.634e-7, 1.129e-7, -6.800e-8, -7.033e-8, -6.566e-8, -4.784e-7, -3.804e-7, 9.800e-8, -5.967e-8, -5.668e-8, -6.266e-8, -4.552e-7, -3.572e-7, 9.796e-8, -6.022e-8, -5.941e-8, -6.103e-8
0.056, -4.905e-7, -3.888e-7, 1.017e-7, -7.356e-8, -7.732e-8, -6.981e-8, -4.433e-7, -3.481e-7, 9.522e-8, -6.505e-8, -6.878e-8, -6.132e-8, -4.594e-7, -3.724e-7, 8.695e-8, -5.654e-8, -5.404e-8, -5.904e-8, -4.375e-7, -3.502e-7, 8.736e-8, -6.056e-8, -5.943e-8, -6.168e-8
0.052, -4.691e-7, -3.778e-7, 9.126e-8, -6.691e-8, -6.971e-8, -6.411e-8, -4.217e-7, -3.364e-7, 8.523e-8, -6.536e-8, -6.818e-8, -6.253e-8, -4.413e-7, -3.654e-7, 7.591e-8, -5.740e-8, -5.685e-8, -5.795e-8, -4.236e-7, -3.451e-7, 7.849e-8, -5.888e-8, -5.832e-8, -5.944e-8
0.048, -4.545e-7, -3.680e-7, 8.651e-8, -6.655e-8, -6.906e-8, -6.405e-8, -4.011e-7, -3.282e-7, 7.299e-8, -6.630e-8, -6.669e-8, -6.592e-8, -4.255e-7, -3.636e-7, 6.190e-8, -5.778e-8, -5.460e-8, -6.096e-8, -4.097e-7, -3.377e-7, 7.203e-8, -5.442e-8, -5.328e-8, -5.557e-8
0.044, -4.378e-7, -3.590e-7, 7.874e-8, -6.527e-8, -6.689e-8, -6.364e-8, -3.924e-7, -3.231e-7, 6.930e-8, -6.476e-8, -6.598e-8, -6.355e-8, -4.190e-7, -3.586e-7, 6.043e-8, -5.439e-8, -5.379e-8, -5.499e-8, -4.021e-7, -3.336e-7, 6.853e-8, -5.384e-8, -5.527e-8, -5.241e-8
0.040, -4.296e-7, -3.623e-7, 6.734e-8, -6.730e-8, -6.996e-8, -6.463e-8, -3.834e-7, -3.199e-7, 6.347e-8, -6.065e-8, -6.100e-8, -6.030e-8, -4.121e-7, -3.508e-7, 6.131e-8, -5.275e-8, -5.161e-8, -5.389e-8, -4.015e-7, -3.365e-7, 6.508e-8, -5.763e-8, -5.722e-8, -5.805e-8
0.036, -4.241e-7, -3.524e-7, 7.169e-8, -6.220e-8, -6.615e-8, -5.825e-8, -3.846e-7, -3.193e-7, 6.532e-8, -6.115e-8, -6.535e-8, -5.694e-8, -4.076e-7, -3.536e-7, 5.402e-8, -5.460e-8, -5.021e-8, -5.900e-8, -3.893e-7, -3.308e-7, 5.841e-8, -5.462e-8, -5.412e-8, -5.511e-8
0.032, -4.146e-7, -3.514e-7, 6.321e-8, -6.526e-8, -6.778e-8, -6.273e-8, -3.745e-7, -3.149e-7, 5.953e-8, -5.799e-8, -6.132e-8, -5.466e-8, -4.078e-7, -3.515e-7, 5.625e-8, -5.127e-8, -4.877e-8, -5.377e-8, -3.905e-7, -3.328e-7, 5.773e-8, -5.329e-8, -5.162e-8, -5.496e-8
0.028, -4.161e-7, -3.539e-7, 6.222e-8, -6.214e-8, -6.248e-8, -6.180e-8, -3.685e-7, -3.124e-7, 5.610e-8, -5.567e-8, -5.691e-8, -5.444e-8, -4.024e-7, -3.491e-7, 5.324e-8, -5.086e-8, -4.997e-8, -5.175e-8, -3.961e-7, -3.355e-7, 6.063e-8, -5.572e-8, -5.770e-8, -5.374e-8
0.024, -4.128e-7, -3.502e-7, 6.266e-8, -5.876e-8, -5.961e-8, -5.791e-8, -3.718e-7, -3.148e-7, 5.704e-8, -5.663e-8, -5.877e-8, -5.449e-8, -4.045e-7, -3.544e-7, 5.009e-8, -5.184e-8, -4.884e-8, -5.484e-8, -3.905e-7, -3.343e-7, 5.622e-8, -5.199e-8, -5.149e-8, -5.250e-8
0.020, -4.155e-7, -3.518e-7, 6.367e-8, -5.734e-8, -5.899e-8, -5.569e-8, -3.663e-7, -3.134e-7, 5.290e-8, -5.714e-8, -5.787e-8, -5.641e-8, -4.013e-7, -3.525e-7, 4.881e-8, -5.010e-8, -4.894e-8, -5.125e-8, -3.900e-7, -3.341e-7, 5.583e-8, -5.007e-8, -4.987e-8, -5.027e-8
0.016, -4.119e-7, -3.537e-7, 5.820e-8, -5.875e-8, -5.988e-8, -5.761e-8, -3.700e-7, -3.153e-7, 5.465e-8, -5.609e-8, -5.730e-8, -5.488e-8, -4.083e-7, -3.561e-7, 5.222e-8, -4.805e-8, -4.620e-8, -4.991e-8, -3.910e-7, -3.348e-7, 5.620e-8, -5.075e-8, -4.958e-8, -5.192e-8
0.012, -4.184e-7, -3.581e-7, 6.026e-8, -5.772e-8, -5.841e-8, -5.703e-8, -3.673e-7, -3.169e-7, 5.043e-8, -5.655e-8, -5.769e-8, -5.541e-8, -4.067e-7, -3.572e-7, 4.954e-8, -4.934e-8, -4.891e-8, -4.977e-8, -3.972e-7, -3.402e-7, 5.705e-8, -4.998e-8, -5.042e-8, -4.953e-8
0.008, -4.190e-7, -3.580e-7, 6.099e-8, -5.573e-8, -6.003e-8, -5.143e-8, -3.739e-7, -3.204e-7, 5.349e-8, -5.413e-8, -5.695e-8, -5.131e-8, -4.071e-7, -3.605e-7, 4.661e-8, -4.858e-8, -4.628e-8, -5.088e-8, -4.020e-7, -3.463e-7, 5.580e-8, -4.875e-8, -4.861e-8, -4.889e-8
0.004, -4.247e-7, -3.646e-7, 6.017e-8, -5.341e-8, -5.479e-8, -5.203e-8, -3.714e-7, -3.201e-7, 5.129e-8, -5.381e-8, -5.601e-8, -5.162e-8, -4.070e-7, -3.619e-7, 4.510e-8, -4.822e-8, -4.622e-8, -5.021e-8, -3.988e-7, -3.451e-7, 5.373e-8, -4.823e-8, -4.916e-8, -4.731e-8
0.000, -4.222e-7, -3.672e-7, 5.500e-8, -5.593e-8, -5.887e-8, -5.298e-8, -3.767e-7, -3.276e-7, 4.910e-8, -5.290e-8, -5.281e-8, -5.300e-8, -4.101e-7, -3.661e-7, 4.407e-8, -4.616e-8, -4.139e-8, -5.093e-8, -4.037e-7, -3.501e-7, 5.354e-8, -4.903e-8, -4.909e-8, -4.897e-8
