0.896, -4.996e-6, 4.573e-6, 9.568e-6, -3.616e-7, -3.283e-7, -3.949e-7, -4.638e-6, 4.468e-6, 9.106e-6, -2.645e-7, -2.364e-7, -2.926e-7, -4.444e-6, 4.367e-6, 8.812e-6, -2.236e-7, -1.964e-7, -2.508e-7, -4.687e-6, 4.167e-6, 8.854e-6, -2.227e-7, -1.946e-7, -2.508e-7
0.892, -4.270e-6, 3.339e-6, 7.609e-6, -4.777e-7, -4.458e-7, -5.096e-7, -3.952e-6, 3.289e-6, 7.240e-6, -3.709e-7, -3.435e-7, -3.984e-7, -3.786e-6, 3.203e-6, 6.989e-6, -3.343e-7, -3.093e-7, -3.592e-7, -3.982e-6, 3.010e-6, 6.992e-6, -3.461e-7, -3.201e-7, -3.722e-7
0.888, -3.689e-6, 2.708e-6, 6.397e-6, -5.702e-7, -5.464e-7, -5.940e-7, -3.406e-6, 2.684e-6, 6.090e-6, -4.608e-7, -4.396e-7, -4.821e-7, -3.257e-6, 2.616e-6, 5.873e-6, -4.296e-7, -4.081e-7, -4.510e-7, -3.421e-6, 2.431e-6, 5.851e-6, -4.436e-7, -4.265e-7, -4.607e-7
0.884, -3.238e-6, 2.296e-6, 5.534e-6, -6.368e-7, -6.185e-7, -6.552e-7, -2.981e-6, 2.294e-6, 5.275e-6, -5.286e-7, -5.087e-7, -5.485e-7, -2.856e-6, 2.234e-6, 5.090e-6, -4.968e-7, -4.799e-7, -5.137e-7, -2.997e-6, 2.051e-6, 5.048e-6, -5.165e-7, -5.060e-7, -5.269e-7
0.880, -2.886e-6, 1.993e-6, 4.879e-6, -6.842e-7, -6.728e-7, -6.956e-7, -2.656e-6, 2.003e-6, 4.659e-6, -5.750e-7, -5.639e-7, -5.861e-7, -2.535e-6, 1.966e-6, 4.501e-6, -5.444e-7, -5.307e-7, -5.582e-7, -2.658e-6, 1.781e-6, 4.440e-6, -5.668e-7, -5.578e-7, -5.759e-7
0.876, -2.591e-6, 1.767e-6, 4.358e-6, -7.134e-7, -7.048e-7, -7.220e-7, -2.383e-6, 1.785e-6, 4.168e-6, -6.100e-7, -6.015e-7, -6.185e-7, -2.279e-6, 1.756e-6, 4.035e-6, -5.780e-7, -5.689e-7, -5.870e-7, -2.391e-6, 1.574e-6, 3.965e-6, -5.981e-7, -5.917e-7, -6.045e-7
0.872, -2.351e-6, 1.586e-6, 3.937e-6, -7.263e-7, -7.189e-7, -7.338e-7, -2.150e-6, 1.616e-6, 3.766e-6, -6.349e-7, -6.291e-7, -6.407e-7, -2.062e-6, 1.590e-6, 3.652e-6, -6.011e-7, -5.983e-7, -6.039e-7, -2.169e-6, 1.405e-6, 3.575e-6, -6.155e-7, -6.146e-7, -6.163e-7
0.868, -2.144e-6, 1.439e-6, 3.583e-6, -7.335e-7, -7.284e-7, -7.386e-7, -1.960e-6, 1.474e-6, 3.434e-6, -6.470e-7, -6.428e-7, -6.512e-7, -1.876e-6, 1.459e-6, 3.335e-6, -6.166e-7, -6.145e-7, -6.187e-7, -1.969e-6, 1.275e-6, 3.245e-6, -6.235e-7, -6.222e-7, -6.249e-7
0.864, -1.963e-6, 1.319e-6, 3.281e-6, -7.336e-7, -7.313e-7, -7.359e-7, -1.790e-6, 1.362e-6, 3.152e-6, -6.539e-7, -6.494e-7, -6.584e-7, -1.717e-6, 1.349e-6, 3.065e-6, -6.232e-7, -6.230e-7, -6.235e-7, -1.807e-6, 1.159e-6, 2.966e-6, -6.288e-7, -6.313e-7, -6.262e-7
0.860, -1.812e-6, 1.211e-6, 3.024e-6, -7.282e-7, -7.276e-7, -7.289e-7, -1.648e-6, 1.265e-6, 2.913e-6, -6.527e-7, -6.516e-7, -6.539e-7, -1.579e-6, 1.257e-6, 2.836e-6, -6.255e-7, -6.267e-7, -6.243e-7, -1.654e-6, 1.072e-6, 2.726e-6, -6.275e-7, -6.309e-7, -6.242e-7
0.856, -1.672e-6, 1.128e-6, 2.800e-6, -7.187e-7, -7.163e-7, -7.212e-7, -1.518e-6, 1.184e-6, 2.702e-6, -6.520e-7, -6.513e-7, -6.527e-7, -1.459e-6, 1.178e-6, 2.637e-6, -6.233e-7, -6.244e-7, -6.222e-7, -1.527e-6, 9.916e-7, 2.519e-6, -6.210e-7, -6.238e-7, -6.182e-7
0.852, -1.547e-6, 1.055e-6, 2.603e-6, -7.078e-7, -7.075e-7, -7.081e-7, -1.408e-6, 1.115e-6, 2.523e-6, -6.444e-7, -6.456e-7, -6.431e-7, -1.349e-6, 1.114e-6, 2.463e-6, -6.174e-7, -6.180e-7, -6.169e-7, -1.406e-6, 9.280e-7, 2.334e-6, -6.148e-7, -6.155e-7, -6.141e-7
0.848, -1.442e-6, 9.880e-7, 2.430e-6, -6.962e-7, -6.949e-7, -6.974e-7, -1.304e-6, 1.056e-6, 2.360e-6, -6.367e-7, -6.362e-7, -6.371e-7, -1.254e-6, 1.058e-6, 2.313e-6, -6.096e-7, -6.111e-7, -6.081e-7, -1.308e-6, 8.718e-7, 2.179e-6, -6.028e-7, -6.083e-7, -5.974e-7
0.844, -1.342e-6, 9.376e-7, 2.280e-6, -6.817e-7, -6.808e-7, -6.825e-7, -1.218e-6, 1.003e-6, 2.221e-6, -6.293e-7, -6.321e-7, -6.265e-7, -1.171e-6, 1.006e-6, 2.177e-6, -6.037e-7, -6.065e-7, -6.009e-7, -1.217e-6, 8.211e-7, 2.038e-6, -5.929e-7, -5.966e-7, -5.893e-7
0.840, -1.257e-6, 8.892e-7, 2.147e-6, -6.653e-7, -6.650e-7, -6.657e-7, -1.136e-6, 9.626e-7, 2.098e-6, -6.195e-7, -6.234e-7, -6.156e-7, -1.095e-6, 9.642e-7, 2.060e-6, -5.928e-7, -5.959e-7, -5.896e-7, -1.136e-6, 7.808e-7, 1.917e-6, -5.813e-7, -5.841e-7, -5.784e-7
0.836, -1.178e-6, 8.469e-7, 2.025e-6, -6.522e-7, -6.534e-7, -6.510e-7, -1.064e-6, 9.268e-7, 1.990e-6, -6.048e-7, -6.083e-7, -6.012e-7, -1.027e-6, 9.301e-7, 1.957e-6, -5.835e-7, -5.863e-7, -5.807e-7, -1.064e-6, 7.430e-7, 1.807e-6, -5.714e-7, -5.748e-7, -5.681e-7
0.832, -1.111e-6, 8.105e-7, 1.922e-6, -6.380e-7, -6.381e-7, -6.379e-7, -1.003e-6, 8.931e-7, 1.896e-6, -5.956e-7, -5.957e-7, -5.954e-7, -9.644e-7, 9.000e-7, 1.864e-6, -5.722e-7, -5.756e-7, -5.688e-7, -9.974e-7, 7.115e-7, 1.709e-6, -5.579e-7, -5.628e-7, -5.530e-7
0.828, -1.045e-6, 7.827e-7, 1.827e-6, -6.244e-7, -6.245e-7, -6.244e-7, -9.407e-7, 8.658e-7, 1.807e-6, -5.852e-7, -5.866e-7, -5.838e-7, -9.141e-7, 8.681e-7, 1.782e-6, -5.650e-7, -5.685e-7, -5.615e-7, -9.451e-7, 6.779e-7, 1.623e-6, -5.463e-7, -5.514e-7, -5.411e-7
0.824, -9.921e-7, 7.522e-7, 1.744e-6, -6.084e-7, -6.104e-7, -6.064e-7, -8.977e-7, 8.375e-7, 1.735e-6, -5.755e-7, -5.756e-7, -5.754e-7, -8.650e-7, 8.425e-7, 1.707e-6, -5.544e-7, -5.561e-7, -5.527e-7, -8.825e-7, 6.588e-7, 1.541e-6, -5.348e-7, -5.403e-7, -5.293e-7
0.820, -9.414e-7, 7.263e-7, 1.668e-6, -5.959e-7, -5.955e-7, -5.963e-7, -8.463e-7, 8.185e-7, 1.665e-6, -5.621e-7, -5.616e-7, -5.625e-7, -8.244e-7, 8.235e-7, 1.648e-6, -5.429e-7, -5.483e-7, -5.374e-7, -8.483e-7, 6.325e-7, 1.481e-6, -5.232e-7, -5.307e-7, -5.157e-7
0.816, -8.984e-7, 7.006e-7, 1.599e-6, -5.854e-7, -5.834e-7, -5.874e-7, -8.081e-7, 7.991e-7, 1.607e-6, -5.521e-7, -5.519e-7, -5.522e-7, -7.875e-7, 8.045e-7, 1.592e-6, -5.341e-7, -5.364e-7, -5.318e-7, -7.985e-7, 6.171e-7, 1.416e-6, -5.136e-7, -5.184e-7, -5.088e-7
0.812, -8.604e-7, 6.829e-7, 1.543e-6, -5.725e-7, -5.729e-7, -5.722e-7, -7.755e-7, 7.782e-7, 1.554e-6, -5.403e-7, -5.402e-7, -5.403e-7, -7.495e-7, 7.877e-7, 1.537e-6, -5.247e-7, -5.247e-7, -5.247e-7, -7.601e-7, 6.012e-7, 1.361e-6, -5.018e-7, -5.053e-7, -4.983e-7
0.808, -8.207e-7, 6.649e-7, 1.486e-6, -5.604e-7, -5.594e-7, -5.615e-7, -7.433e-7, 7.605e-7, 1.504e-6, -5.344e-7, -5.352e-7, -5.336e-7, -7.259e-7, 7.682e-7, 1.494e-6, -5.135e-7, -5.179e-7, -5.092e-7, -7.295e-7, 5.856e-7, 1.315e-6, -4.899e-7, -4.928e-7, -4.870e-7
0.804, -7.943e-7, 6.494e-7, 1.444e-6, -5.480e-7, -5.483e-7, -5.477e-7, -7.168e-7, 7.466e-7, 1.463e-6, -5.236e-7, -5.246e-7, -5.227e-7, -6.983e-7, 7.550e-7, 1.453e-6, -5.075e-7, -5.104e-7, -5.047e-7, -7.006e-7, 5.715e-7, 1.272e-6, -4.798e-7, -4.830e-7, -4.765e-7
0.800, -7.661e-7, 6.343e-7, 1.400e-6, -5.362e-7, -5.352e-7, -5.371e-7, -6.935e-7, 7.334e-7, 1.427e-6, -5.150e-7, -5.162e-7, -5.139e-7, -6.770e-7, 7.371e-7, 1.414e-6, -5.015e-7, -5.043e-7, -4.988e-7, -6.725e-7, 5.557e-7, 1.228e-6, -4.737e-7, -4.762e-7, -4.712e-7
0.796, -7.440e-7, 6.153e-7, 1.359e-6, -5.266e-7, -5.264e-7, -5.268e-7, -6.757e-7, 7.189e-7, 1.395e-6, -5.032e-7, -5.036e-7, -5.027e-7, -6.558e-7, 7.280e-7, 1.384e-6, -4.917e-7, -4.937e-7, -4.898e-7, -6.510e-7, 5.452e-7, 1.196e-6, -4.658e-7, -4.698e-7, -4.618e-7
0.792, -7.235e-7, 6.009e-7, 1.324e-6, -5.171e-7, -5.143e-7, -5.199e-7, -6.560e-7, 7.070e-7, 1.363e-6, -4.972e-7, -5.000e-7, -4.944e-7, -6.427e-7, 7.139e-7, 1.357e-6, -4.838e-7, -4.863e-7, -4.814e-7, -6.340e-7, 5.319e-7, 1.166e-6, -4.568e-7, -4.580e-7, -4.555e-7
0.788, -7.100e-7, 5.882e-7, 1.298e-6, -5.092e-7, -5.096e-7, -5.089e-7, -6.390e-7, 6.975e-7, 1.336e-6, -4.898e-7, -4.911e-7, -4.885e-7, -6.237e-7, 7.035e-7, 1.327e-6, -4.767e-7, -4.782e-7, -4.752e-7, -6.170e-7, 5.214e-7, 1.138e-6, -4.470e-7, -4.507e-7, -4.432e-7
0.784, -6.943e-7, 5.762e-7, 1.271e-6, -4.986e-7, -4.974e-7, -4.997e-7, -6.272e-7, 6.858e-7, 1.313e-6, -4.819e-7, -4.829e-7, -4.809e-7, -6.105e-7, 6.928e-7, 1.303e-6, -4.711e-7, -4.729e-7, -4.693e-7, -6.039e-7, 5.087e-7, 1.113e-6, -4.406e-7, -4.430e-7, -4.381e-7
0.780, -6.753e-7, 5.683e-7, 1.244e-6, -4.908e-7, -4.911e-7, -4.905e-7, -6.152e-7, 6.727e-7, 1.288e-6, -4.771e-7, -4.786e-7, -4.755e-7, -6.080e-7, 6.776e-7, 1.286e-6, -4.638e-7, -4.666e-7, -4.611e-7, -5.899e-7, 5.008e-7, 1.091e-6, -4.309e-7, -4.321e-7, -4.296e-7
0.776, -6.667e-7, 5.510e-7, 1.218e-6, -4.821e-7, -4.812e-7, -4.829e-7, -6.108e-7, 6.620e-7, 1.273e-6, -4.672e-7, -4.677e-7, -4.668e-7, -5.978e-7, 6.684e-7, 1.266e-6, -4.564e-7, -4.582e-7, -4.546e-7, -5.827e-7, 4.900e-7, 1.073e-6, -4.293e-7, -4.308e-7, -4.277e-7
0.772, -6.663e-7, 5.362e-7, 1.202e-6, -4.765e-7, -4.752e-7, -4.777e-7, -5.960e-7, 6.546e-7, 1.251e-6, -4.620e-7, -4.616e-7, -4.625e-7, -5.849e-7, 6.604e-7, 1.245e-6, -4.518e-7, -4.536e-7, -4.499e-7, -5.750e-7, 4.795e-7, 1.055e-6, -4.194e-7, -4.248e-7, -4.140e-7
0.768, -6.555e-7, 5.259e-7, 1.181e-6, -4.687e-7, -4.676e-7, -4.698e-7, -5.928e-7, 6.431e-7, 1.236e-6, -4.565e-7, -4.572e-7, -4.558e-7, -5.776e-7, 6.501e-7, 1.228e-6, -4.476e-7, -4.478e-7, -4.473e-7, -5.652e-7, 4.722e-7, 1.037e-6, -4.143e-7, -4.177e-7, -4.110e-7
0.764, -6.483e-7, 5.197e-7, 1.168e-6, -4.598e-7, -4.602e-7, -4.594e-7, -5.859e-7, 6.337e-7, 1.220e-6, -4.537e-7, -4.533e-7, -4.541e-7, -5.731e-7, 6.388e-7, 1.212e-6, -4.429e-7, -4.436e-7, -4.421e-7, -5.585e-7, 4.610e-7, 1.020e-6, -4.073e-7, -4.088e-7, -4.058e-7
0.760, -6.444e-7, 5.068e-7, 1.151e-6, -4.528e-7, -4.499e-7, -4.557e-7, -5.794e-7, 6.282e-7, 1.208e-6, -4.456e-7, -4.431e-7, -4.480e-7, -5.676e-7, 6.329e-7, 1.201e-6, -4.383e-7, -4.403e-7, -4.364e-7, -5.551e-7, 4.506e-7, 1.006e-6, -4.029e-7, -4.075e-7, -3.984e-7
0.756, -6.380e-7, 4.952e-7, 1.133e-6, -4.514e-7, -4.493e-7, -4.535e-7, -5.763e-7, 6.134e-7, 1.190e-6, -4.434e-7, -4.439e-7, -4.430e-7, -5.679e-7, 6.223e-7, 1.190e-6, -4.314e-7, -4.335e-7, -4.294e-7, -5.505e-7, 4.487e-7, 9.992e-7, -3.972e-7, -4.012e-7, -3.932e-7
0.752, -6.329e-7, 4.863e-7, 1.119e-6, -4.430e-7, -4.421e-7, -4.439e-7, -5.756e-7, 6.049e-7, 1.180e-6, -4.369e-7, -4.375e-7, -4.363e-7, -5.623e-7, 6.125e-7, 1.175e-6, -4.274e-7, -4.288e-7, -4.261e-7, -5.444e-7, 4.391e-7, 9.835e-7, -3.927e-7, -3.939e-7, -3.915e-7
0.748, -6.352e-7, 4.783e-7, 1.113e-6, -4.370e-7, -4.345e-7, -4.396e-7, -5.656e-7, 6.003e-7, 1.166e-6, -4.337e-7, -4.289e-7, -4.385e-7, -5.580e-7, 6.049e-7, 1.163e-6, -4.243e-7, -4.259e-7, -4.227e-7, -5.499e-7, 4.272e-7, 9.771e-7, -3.853e-7, -3.921e-7, -3.785e-7
0.744, -6.200e-7, 4.725e-7, 1.093e-6, -4.319e-7, -4.278e-7, -4.360e-7, -5.704e-7, 5.889e-7, 1.159e-6, -4.283e-7, -4.302e-7, -4.265e-7, -5.679e-7, 5.917e-7, 1.160e-6, -4.198e-7, -4.226e-7, -4.171e-7, -5.404e-7, 4.210e-7, 9.615e-7, -3.852e-7, -3.860e-7, -3.845e-7
0.740, -6.255e-7, 4.600e-7, 1.086e-6, -4.296e-7, -4.264e-7, -4.327e-7, -5.657e-7, 5.817e-7, 1.147e-6, -4.239e-7, -4.215e-7, -4.263e-7, -5.592e-7, 5.869e-7, 1.146e-6, -4.160e-7, -4.170e-7, -4.149e-7, -5.379e-7, 4.183e-7, 9.562e-7, -3.783e-7, -3.811e-7, -3.756e-7
0.736, -6.282e-7, 4.486e-7, 1.077e-6, -4.245e-7, -4.217e-7, -4.273e-7, -5.671e-7, 5.732e-7, 1.140e-6, -4.208e-7, -4.191e-7, -4.226e-7, -5.547e-7, 5.821e-7, 1.137e-6, -4.102e-7, -4.115e-7, -4.088e-7, -5.316e-7, 4.128e-7, 9.444e-7, -3.752e-7, -3.803e-7, -3.700e-7
0.732, -6.253e-7, 4.416e-7, 1.067e-6, -4.177e-7, -4.138e-7, -4.215e-7, -5.662e-7, 5.673e-7, 1.134e-6, -4.177e-7, -4.171e-7, -4.184e-7, -5.568e-7, 5.722e-7, 1.129e-6, -4.082e-7, -4.104e-7, -4.060e-7, -5.355e-7, 4.008e-7, 9.364e-7, -3.714e-7, -3.755e-7, -3.672e-7
0.728, -6.191e-7, 4.380e-7, 1.057e-6, -4.139e-7, -4.099e-7, -4.180e-7, -5.642e-7, 5.618e-7, 1.126e-6, -4.123e-7, -4.104e-7, -4.142e-7, -5.595e-7, 5.623e-7, 1.122e-6, -4.082e-7, -4.103e-7, -4.060e-7, -5.344e-7, 3.957e-7, 9.301e-7, -3.684e-7, -3.707e-7, -3.662e-7
0.724, -6.181e-7, 4.288e-7, 1.047e-6, -4.112e-7, -4.093e-7, -4.131e-7, -5.648e-7, 5.526e-7, 1.117e-6, -4.093e-7, -4.103e-7, -4.083e-7, -5.608e-7, 5.562e-7, 1.117e-6, -4.033e-7, -4.040e-7, -4.025e-7, -5.286e-7, 3.938e-7, 9.223e-7, -3.632e-7, -3.649e-7, -3.616e-7
0.720, -6.191e-7, 4.212e-7, 1.040e-6, -4.063e-7, -4.038e-7, -4.089e-7, -5.665e-7, 5.436e-7, 1.110e-6, -4.088e-7, -4.077e-7, -4.099e-7, -5.556e-7, 5.482e-7, 1.104e-6, -4.007e-7, -4.010e-7, -4.004e-7, -5.289e-7, 3.862e-7, 9.152e-7, -3.620e-7, -3.638e-7, -3.603e-7
0.716, -6.219e-7, 4.136e-7, 1.035e-6, -4.034e-7, -4.012e-7, -4.057e-7, -5.622e-7, 5.395e-7, 1.102e-6, -4.050e-7, -4.023e-7, -4.078e-7, -5.536e-7, 5.445e-7, 1.098e-6, -3.964e-7, -3.978e-7, -3.950e-7, -5.301e-7, 3.810e-7, 9.111e-7, -3.577e-7, -3.612e-7, -3.542e-7
0.712, -6.187e-7, 4.066e-7, 1.025e-6, -4.002e-7, -3.968e-7, -4.035e-7, -5.663e-7, 5.308e-7, 1.097e-6, -4.007e-7, -4.007e-7, -4.008e-7, -5.590e-7, 5.371e-7, 1.096e-6, -3.938e-7, -3.957e-7, -3.919e-7, -5.264e-7, 3.774e-7, 9.038e-7, -3.561e-7, -3.581e-7, -3.540e-7
0.708, -6.225e-7, 3.984e-7, 1.021e-6, -3.970e-7, -3.958e-7, -3.982e-7, -5.625e-7, 5.290e-7, 1.091e-6, -3.968e-7, -3.951e-7, -3.984e-7, -5.578e-7, 5.310e-7, 1.089e-6, -3.917e-7, -3.942e-7, -3.893e-7, -5.346e-7, 3.683e-7, 9.030e-7, -3.535e-7, -3.572e-7, -3.498e-7
0.704, -6.145e-7, 3.994e-7, 1.014e-6, -3.920e-7, -3.889e-7, -3.950e-7, -5.672e-7, 5.190e-7, 1.086e-6, -3.965e-7, -3.974e-7, -3.957e-7, -5.627e-7, 5.202e-7, 1.083e-6, -3.904e-7, -3.940e-7, -3.868e-7, -5.289e-7, 3.650e-7, 8.939e-7, -3.513e-7, -3.528e-7, -3.498e-7
0.700, -6.169e-7, 3.891e-7, 1.006e-6, -3.910e-7, -3.881e-7, -3.938e-7, -5.693e-7, 5.118e-7, 1.081e-6, -3.942e-7, -3.928e-7, -3.955e-7, -5.593e-7, 5.192e-7, 1.079e-6, -3.864e-7, -3.875e-7, -3.853e-7, -5.277e-7, 3.622e-7, 8.900e-7, -3.475e-7, -3.516e-7, -3.435e-7
0.696, -6.200e-7, 3.842e-7, 1.004e-6, -3.887e-7, -3.865e-7, -3.909e-7, -5.708e-7, 5.076e-7, 1.078e-6, -3.899e-7, -3.891e-7, -3.907e-7, -5.631e-7, 5.109e-7, 1.074e-6, -3.848e-7, -3.874e-7, -3.821e-7, -5.289e-7, 3.545e-7, 8.835e-7, -3.449e-7, -3.475e-7, -3.424e-7
0.692, -6.169e-7, 3.805e-7, 9.974e-7, -3.813e-7, -3.784e-7, -3.842e-7, -5.714e-7, 5.036e-7, 1.075e-6, -3.895e-7, -3.900e-7, -3.890e-7, -5.617e-7, 5.052e-7, 1.067e-6, -3.805e-7, -3.806e-7, -3.805e-7, -5.248e-7, 3.536e-7, 8.784e-7, -3.418e-7, -3.426e-7, -3.410e-7
0.688, -6.174e-7, 3.752e-7, 9.926e-7, -3.806e-7, -3.762e-7, -3.850e-7, -5.674e-7, 4.995e-7, 1.067e-6, -3.856e-7, -3.851e-7, -3.860e-7, -5.614e-7, 5.003e-7, 1.062e-6, -3.811e-7, -3.834e-7, -3.788e-7, -5.281e-7, 3.462e-7, 8.742e-7, -3.404e-7, -3.434e-7, -3.374e-7
0.684, -6.214e-7, 3.660e-7, 9.874e-7, -3.776e-7, -3.762e-7, -3.790e-7, -5.687e-7, 4.938e-7, 1.063e-6, -3.849e-7, -3.833e-7, -3.865e-7, -5.634e-7, 4.966e-7, 1.060e-6, -3.787e-7, -3.809e-7, -3.765e-7, -5.283e-7, 3.423e-7, 8.706e-7, -3.377e-7, -3.413e-7, -3.340e-7
0.680, -6.134e-7, 3.681e-7, 9.815e-7, -3.755e-7, -3.706e-7, -3.805e-7, -5.694e-7, 4.859e-7, 1.055e-6, -3.844e-7, -3.838e-7, -3.851e-7, -5.678e-7, 4.890e-7, 1.057e-6, -3.743e-7, -3.773e-7, -3.713e-7, -5.294e-7, 3.422e-7, 8.716e-7, -3.330e-7, -3.347e-7, -3.313e-7
0.676, -6.106e-7, 3.650e-7, 9.756e-7, -3.710e-7, -3.683e-7, -3.737e-7, -5.732e-7, 4.828e-7, 1.056e-6, -3.798e-7, -3.802e-7, -3.793e-7, -5.718e-7, 4.802e-7, 1.052e-6, -3.747e-7, -3.755e-7, -3.740e-7, -5.248e-7, 3.383e-7, 8.631e-7, -3.323e-7, -3.330e-7, -3.315e-7
0.672, -6.199e-7, 3.557e-7, 9.756e-7, -3.709e-7, -3.689e-7, -3.730e-7, -5.729e-7, 4.760e-7, 1.049e-6, -3.800e-7, -3.797e-7, -3.803e-7, -5.701e-7, 4.769e-7, 1.047e-6, -3.712e-7, -3.726e-7, -3.698e-7, -5.278e-7, 3.335e-7, 8.614e-7, -3.297e-7, -3.326e-7, -3.267e-7
0.668, -6.199e-7, 3.520e-7, 9.720e-7, -3.673e-7, -3.678e-7, -3.667e-7, -5.750e-7, 4.736e-7, 1.049e-6, -3.765e-7, -3.746e-7, -3.785e-7, -5.684e-7, 4.747e-7, 1.043e-6, -3.721e-7, -3.724e-7, -3.718e-7, -5.276e-7, 3.299e-7, 8.575e-7, -3.297e-7, -3.310e-7, -3.284e-7
0.664, -6.207e-7, 3.436e-7, 9.643e-7, -3.658e-7, -3.607e-7, -3.708e-7, -5.731e-7, 4.701e-7, 1.043e-6, -3.737e-7, -3.728e-7, -3.746e-7, -5.701e-7, 4.714e-7, 1.042e-6, -3.679e-7, -3.686e-7, -3.673e-7, -5.310e-7, 3.231e-7, 8.541e-7, -3.292e-7, -3.321e-7, -3.262e-7
0.660, -6.119e-7, 3.462e-7, 9.582e-7, -3.623e-7, -3.579e-7, -3.666e-7, -5.797e-7, 4.629e-7, 1.043e-6, -3.720e-7, -3.727e-7, -3.714e-7, -5.766e-7, 4.622e-7, 1.039e-6, -3.685e-7, -3.704e-7, -3.666e-7, -5.272e-7, 3.226e-7, 8.498e-7, -3.238e-7, -3.243e-7, -3.234e-7
0.656, -6.160e-7, 3.409e-7, 9.568e-7, -3.591e-7, -3.543e-7, -3.639e-7, -5.769e-7, 4.615e-7, 1.038e-6, -3.717e-7, -3.738e-7, -3.697e-7, -5.805e-7, 4.562e-7, 1.037e-6, -3.645e-7, -3.670e-7, -3.621e-7, -5.327e-7, 3.157e-7, 8.484e-7, -3.238e-7, -3.255e-7, -3.221e-7
0.652, -6.208e-7, 3.359e-7, 9.567e-7, -3.585e-7, -3.560e-7, -3.610e-7, -5.796e-7, 4.547e-7, 1.034e-6, -3.705e-7, -3.680e-7, -3.730e-7, -5.759e-7, 4.530e-7, 1.029e-6, -3.628e-7, -3.665e-7, -3.592e-7, -5.342e-7, 3.126e-7, 8.468e-7, -3.207e-7, -3.230e-7, -3.184e-7
0.648, -6.190e-7, 3.300e-7, 9.490e-7, -3.564e-7, -3.535e-7, -3.593e-7, -5.775e-7, 4.521e-7, 1.030e-6, -3.645e-7, -3.636e-7, -3.654e-7, -5.766e-7, 4.519e-7, 1.028e-6, -3.601e-7, -3.616e-7, -3.587e-7, -5.333e-7, 3.094e-7, 8.427e-7, -3.209e-7, -3.223e-7, -3.196e-7
0.644, -6.244e-7, 3.247e-7, 9.491e-7, -3.564e-7, -3.558e-7, -3.569e-7, -5.840e-7, 4.433e-7, 1.027e-6, -3.680e-7, -3.658e-7, -3.701e-7, -5.738e-7, 4.475e-7, 1.021e-6, -3.579e-7, -3.579e-7, -3.579e-7, -5.298e-7, 3.115e-7, 8.414e-7, -3.159e-7, -3.188e-7, -3.130e-7
0.640, -6.225e-7, 3.217e-7, 9.442e-7, -3.538e-7, -3.529e-7, -3.546e-7, -5.862e-7, 4.381e-7, 1.024e-6, -3.634e-7, -3.638e-7, -3.630e-7, -5.788e-7, 4.407e-7, 1.020e-6, -3.575e-7, -3.567e-7, -3.583e-7, -5.340e-7, 3.051e-7, 8.392e-7, -3.175e-7, -3.206e-7, -3.144e-7
0.636, -6.224e-7, 3.210e-7, 9.434e-7, -3.499e-7, -3.438e-7, -3.559e-7, -5.828e-7, 4.392e-7, 1.022e-6, -3.615e-7, -3.606e-7, -3.624e-7, -5.802e-7, 4.336e-7, 1.014e-6, -3.591e-7, -3.604e-7, -3.579e-7, -5.334e-7, 3.013e-7, 8.347e-7, -3.129e-7, -3.152e-7, -3.107e-7
0.632, -6.226e-7, 3.160e-7, 9.386e-7, -3.497e-7, -3.477e-7, -3.518e-7, -5.922e-7, 4.279e-7, 1.020e-6, -3.602e-7, -3.596e-7, -3.607e-7, -5.836e-7, 4.298e-7, 1.013e-6, -3.556e-7, -3.551e-7, -3.560e-7, -5.312e-7, 2.995e-7, 8.307e-7, -3.130e-7, -3.158e-7, -3.101e-7
0.628, -6.210e-7, 3.142e-7, 9.352e-7, -3.484e-7, -3.463e-7, -3.505e-7, -5.882e-7, 4.269e-7, 1.015e-6, -3.609e-7, -3.601e-7, -3.616e-7, -5.880e-7, 4.254e-7, 1.013e-6, -3.510e-7, -3.534e-7, -3.485e-7, -5.315e-7, 2.980e-7, 8.295e-7, -3.102e-7, -3.129e-7, -3.076e-7
0.624, -6.220e-7, 3.078e-7, 9.298e-7, -3.472e-7, -3.439e-7, -3.506e-7, -5.864e-7, 4.229e-7, 1.009e-6, -3.583e-7, -3.577e-7, -3.588e-7, -5.816e-7, 4.224e-7, 1.004e-6, -3.516e-7, -3.530e-7, -3.501e-7, -5.353e-7, 2.923e-7, 8.276e-7, -3.116e-7, -3.137e-7, -3.095e-7
0.620, -6.290e-7, 3.005e-7, 9.294e-7, -3.429e-7, -3.423e-7, -3.435e-7, -5.900e-7, 4.221e-7, 1.012e-6, -3.536e-7, -3.522e-7, -3.550e-7, -5.811e-7, 4.207e-7, 1.002e-6, -3.505e-7, -3.501e-7, -3.508e-7, -5.322e-7, 2.886e-7, 8.208e-7, -3.109e-7, -3.135e-7, -3.083e-7
0.616, -6.229e-7, 3.011e-7, 9.240e-7, -3.432e-7, -3.406e-7, -3.457e-7, -5.892e-7, 4.151e-7, 1.004e-6, -3.536e-7, -3.540e-7, -3.532e-7, -5.839e-7, 4.133e-7, 9.972e-7, -3.500e-7, -3.497e-7, -3.503e-7, -5.339e-7, 2.865e-7, 8.204e-7, -3.091e-7, -3.104e-7, -3.077e-7
0.612, -6.226e-7, 2.958e-7, 9.184e-7, -3.432e-7, -3.407e-7, -3.457e-7, -5.877e-7, 4.102e-7, 9.979e-7, -3.544e-7, -3.553e-7, -3.536e-7, -5.834e-7, 4.125e-7, 9.959e-7, -3.463e-7, -3.474e-7, -3.453e-7, -5.319e-7, 2.873e-7, 8.192e-7, -3.065e-7, -3.084e-7, -3.046e-7
0.608, -6.216e-7, 2.942e-7, 9.158e-7, -3.397e-7, -3.373e-7, -3.421e-7, -5.889e-7, 4.071e-7, 9.960e-7, -3.518e-7, -3.506e-7, -3.530e-7, -5.848e-7, 4.075e-7, 9.923e-7, -3.444e-7, -3.465e-7, -3.423e-7, -5.342e-7, 2.833e-7, 8.175e-7, -3.048e-7, -3.077e-7, -3.019e-7
0.604, -6.202e-7, 2.921e-7, 9.123e-7, -3.369e-7, -3.352e-7, -3.385e-7, -5.886e-7, 4.047e-7, 9.933e-7, -3.481e-7, -3.483e-7, -3.480e-7, -5.854e-7, 4.034e-7, 9.889e-7, -3.447e-7, -3.465e-7, -3.430e-7, -5.299e-7, 2.810e-7, 8.109e-7, -3.059e-7, -3.082e-7, -3.035e-7
0.600, -6.187e-7, 2.896e-7, 9.083e-7, -3.381e-7, -3.357e-7, -3.405e-7, -5.860e-7, 4.006e-7, 9.866e-7, -3.479e-7, -3.462e-7, -3.496e-7, -5.798e-7, 4.035e-7, 9.833e-7, -3.399e-7, -3.398e-7, -3.401e-7, -5.294e-7, 2.794e-7, 8.088e-7, -3.027e-7, -3.045e-7, -3.008e-7
0.596, -6.188e-7, 2.862e-7, 9.050e-7, -3.348e-7, -3.329e-7, -3.366e-7, -5.874e-7, 3.981e-7, 9.855e-7, -3.470e-7, -3.438e-7, -3.502e-7, -5.760e-7, 4.013e-7, 9.773e-7, -3.416e-7, -3.412e-7, -3.420e-7, -5.288e-7, 2.767e-7, 8.055e-7, -3.025e-7, -3.058e-7, -2.992e-7
0.592, -6.091e-7, 2.880e-7, 8.971e-7, -3.320e-7, -3.279e-7, -3.362e-7, -5.831e-7, 3.982e-7, 9.813e-7, -3.448e-7, -3.454e-7, -3.443e-7, -5.812e-7, 3.921e-7, 9.732e-7, -3.415e-7, -3.436e-7, -3.393e-7, -5.271e-7, 2.748e-7, 8.019e-7, -3.005e-7, -3.019e-7, -2.990e-7
0.588, -6.122e-7, 2.843e-7, 8.965e-7, -3.306e-7, -3.294e-7, -3.319e-7, -5.829e-7, 3.930e-7, 9.760e-7, -3.436e-7, -3.445e-7, -3.426e-7, -5.789e-7, 3.901e-7, 9.690e-7, -3.403e-7, -3.415e-7, -3.391e-7, -5.253e-7, 2.721e-7, 7.974e-7, -2.980e-7, -3.007e-7, -2.953e-7
0.584, -6.071e-7, 2.809e-7, 8.880e-7, -3.319e-7, -3.286e-7, -3.351e-7, -5.747e-7, 3.941e-7, 9.688e-7, -3.422e-7, -3.407e-7, -3.437e-7, -5.759e-7, 3.896e-7, 9.655e-7, -3.366e-7, -3.383e-7, -3.350e-7, -5.243e-7, 2.705e-7, 7.949e-7, -2.984e-7, -3.008e-7, -2.960e-7
0.580, -6.074e-7, 2.789e-7, 8.863e-7, -3.283e-7, -3.241e-7, -3.325e-7, -5.757e-7, 3.873e-7, 9.630e-7, -3.412e-7, -3.386e-7, -3.438e-7, -5.660e-7, 3.897e-7, 9.557e-7, -3.368e-7, -3.371e-7, -3.364e-7, -5.197e-7, 2.705e-7, 7.902e-7, -2.958e-7, -2.983e-7, -2.932e-7
0.576, -6.029e-7, 2.778e-7, 8.806e-7, -3.257e-7, -3.216e-7, -3.297e-7, -5.747e-7, 3.855e-7, 9.602e-7, -3.401e-7, -3.400e-7, -3.403e-7, -5.690e-7, 3.854e-7, 9.544e-7, -3.350e-7, -3.375e-7, -3.325e-7, -5.198e-7, 2.652e-7, 7.850e-7, -2.960e-7, -2.977e-7, -2.944e-7
0.572, -5.957e-7, 2.778e-7, 8.735e-7, -3.262e-7, -3.219e-7, -3.306e-7, -5.700e-7, 3.811e-7, 9.510e-7, -3.397e-7, -3.382e-7, -3.413e-7, -5.686e-7, 3.813e-7, 9.499e-7, -3.313e-7, -3.340e-7, -3.286e-7, -5.153e-7, 2.693e-7, 7.846e-7, -2.920e-7, -2.937e-7, -2.903e-7
0.568, -5.964e-7, 2.733e-7, 8.697e-7, -3.244e-7, -3.222e-7, -3.266e-7, -5.678e-7, 3.810e-7, 9.488e-7, -3.389e-7, -3.381e-7, -3.397e-7, -5.595e-7, 3.813e-7, 9.408e-7, -3.326e-7, -3.327e-7, -3.325e-7, -5.061e-7, 2.691e-7, 7.752e-7, -2.915e-7, -2.936e-7, -2.894e-7
0.564, -5.952e-7, 2.734e-7, 8.685e-7, -3.218e-7, -3.191e-7, -3.245e-7, -5.555e-7, 3.818e-7, 9.372e-7, -3.386e-7, -3.345e-7, -3.426e-7, -5.545e-7, 3.772e-7, 9.317e-7, -3.317e-7, -3.340e-7, -3.294e-7, -5.132e-7, 2.642e-7, 7.773e-7, -2.889e-7, -2.932e-7, -2.847e-7
0.560, -5.847e-7, 2.743e-7, 8.590e-7, -3.197e-7, -3.147e-7, -3.248e-7, -5.558e-7, 3.802e-7, 9.360e-7, -3.332e-7, -3.315e-7, -3.348e-7, -5.572e-7, 3.770e-7, 9.342e-7, -3.303e-7, -3.326e-7, -3.280e-7, -5.066e-7, 2.640e-7, 7.707e-7, -2.892e-7, -2.912e-7, -2.871e-7
0.556, -5.841e-7, 2.722e-7, 8.563e-7, -3.182e-7, -3.148e-7, -3.217e-7, -5.537e-7, 3.774e-7, 9.310e-7, -3.331e-7, -3.312e-7, -3.350e-7, -5.472e-7, 3.762e-7, 9.234e-7, -3.287e-7, -3.282e-7, -3.291e-7, -5.005e-7, 2.633e-7, 7.638e-7, -2.882e-7, -2.912e-7, -2.852e-7
0.552, -5.791e-7, 2.703e-7, 8.493e-7, -3.171e-7, -3.176e-7, -3.165e-7, -5.516e-7, 3.746e-7, 9.261e-7, -3.342e-7, -3.339e-7, -3.345e-7, -5.406e-7, 3.749e-7, 9.155e-7, -3.269e-7, -3.247e-7, -3.291e-7, -4.939e-7, 2.666e-7, 7.605e-7, -2.849e-7, -2.857e-7, -2.842e-7
0.548, -5.738e-7, 2.687e-7, 8.425e-7, -3.150e-7, -3.128e-7, -3.173e-7, -5.427e-7, 3.770e-7, 9.197e-7, -3.314e-7, -3.307e-7, -3.322e-7, -5.404e-7, 3.734e-7, 9.138e-7, -3.277e-7, -3.287e-7, -3.267e-7, -4.925e-7, 2.627e-7, 7.552e-7, -2.861e-7, -2.868e-7, -2.854e-7
0.544, -5.696e-7, 2.669e-7, 8.364e-7, -3.173e-7, -3.155e-7, -3.191e-7, -5.393e-7, 3.736e-7, 9.129e-7, -3.282e-7, -3.286e-7, -3.278e-7, -5.366e-7, 3.753e-7, 9.119e-7, -3.229e-7, -3.227e-7, -3.230e-7, -4.847e-7, 2.634e-7, 7.481e-7, -2.853e-7, -2.858e-7, -2.849e-7
0.540, -5.665e-7, 2.683e-7, 8.348e-7, -3.128e-7, -3.116e-7, -3.140e-7, -5.347e-7, 3.742e-7, 9.089e-7, -3.282e-7, -3.269e-7, -3.294e-7, -5.286e-7, 3.736e-7, 9.023e-7, -3.216e-7, -3.209e-7, -3.224e-7, -4.823e-7, 2.631e-7, 7.454e-7, -2.822e-7, -2.834e-7, -2.811e-7
0.536, -5.598e-7, 2.706e-7, 8.304e-7, -3.101e-7, -3.077e-7, -3.124e-7, -5.328e-7, 3.724e-7, 9.052e-7, -3.274e-7, -3.268e-7, -3.279e-7, -5.255e-7, 3.721e-7, 8.976e-7, -3.239e-7, -3.237e-7, -3.241e-7, -4.775e-7, 2.613e-7, 7.388e-7, -2.828e-7, -2.849e-7, -2.806e-7
0.532, -5.543e-7, 2.696e-7, 8.239e-7, -3.084e-7, -3.048e-7, -3.121e-7, -5.292e-7, 3.711e-7, 9.003e-7, -3.261e-7, -3.279e-7, -3.243e-7, -5.230e-7, 3.697e-7, 8.927e-7, -3.229e-7, -3.238e-7, -3.219e-7, -4.729e-7, 2.626e-7, 7.355e-7, -2.815e-7, -2.829e-7, -2.801e-7
0.528, -5.521e-7, 2.649e-7, 8.170e-7, -3.074e-7, -3.053e-7, -3.095e-7, -5.195e-7, 3.738e-7, 8.933e-7, -3.234e-7, -3.216e-7, -3.251e-7, -5.138e-7, 3.747e-7, 8.884e-7, -3.203e-7, -3.193e-7, -3.213e-7, -4.704e-7, 2.608e-7, 7.312e-7, -2.822e-7, -2.832e-7, -2.811e-7
0.524, -5.455e-7, 2.657e-7, 8.111e-7, -3.094e-7, -3.037e-7, -3.152e-7, -5.129e-7, 3.724e-7, 8.853e-7, -3.212e-7, -3.204e-7, -3.220e-7, -5.172e-7, 3.687e-7, 8.859e-7, -3.167e-7, -3.196e-7, -3.137e-7, -4.716e-7, 2.607e-7, 7.323e-7, -2.801e-7, -2.828e-7, -2.773e-7
0.520, -5.473e-7, 2.623e-7, 8.095e-7, -3.060e-7, -3.032e-7, -3.089e-7, -5.132e-7, 3.713e-7, 8.844e-7, -3.191e-7, -3.171e-7, -3.211e-7, -5.079e-7, 3.728e-7, 8.807e-7, -3.154e-7, -3.163e-7, -3.144e-7, -4.690e-7, 2.572e-7, 7.261e-7, -2.794e-7, -2.837e-7, -2.752e-7
0.516, -5.422e-7, 2.631e-7, 8.052e-7, -3.051e-7, -3.024e-7, -3.078e-7, -5.096e-7, 3.691e-7, 8.787e-7, -3.183e-7, -3.154e-7, -3.212e-7, -5.031e-7, 3.712e-7, 8.743e-7, -3.151e-7, -3.147e-7, -3.155e-7, -4.560e-7, 2.638e-7, 7.198e-7, -2.756e-7, -2.778e-7, -2.735e-7
0.512, -5.367e-7, 2.662e-7, 8.029e-7, -3.022e-7, -3.010e-7, -3.034e-7, -5.037e-7, 3.678e-7, 8.716e-7, -3.208e-7, -3.212e-7, -3.203e-7, -5.036e-7, 3.657e-7, 8.694e-7, -3.148e-7, -3.145e-7, -3.150e-7, -4.534e-7, 2.635e-7, 7.169e-7, -2.735e-7, -2.736e-7, -2.734e-7
0.508, -5.377e-7, 2.622e-7, 7.999e-7, -3.003e-7, -2.986e-7, -3.021e-7, -5.036e-7, 3.662e-7, 8.698e-7, -3.157e-7, -3.152e-7, -3.162e-7, -4.958e-7, 3.693e-7, 8.651e-7, -3.127e-7, -3.130e-7, -3.124e-7, -4.522e-7, 2.609e-7, 7.131e-7, -2.732e-7, -2.751e-7, -2.712e-7
0.504, -5.303e-7, 2.635e-7, 7.938e-7, -2.992e-7, -2.953e-7, -3.031e-7, -4.970e-7, 3.681e-7, 8.651e-7, -3.143e-7, -3.128e-7, -3.158e-7, -4.970e-7, 3.660e-7, 8.630e-7, -3.109e-7, -3.128e-7, -3.089e-7, -4.477e-7, 2.605e-7, 7.082e-7, -2.733e-7, -2.752e-7, -2.714e-7
0.500, -5.275e-7, 2.616e-7, 7.891e-7, -3.006e-7, -2.969e-7, -3.043e-7, -4.947e-7, 3.659e-7, 8.606e-7, -3.144e-7, -3.140e-7, -3.149e-7, -4.957e-7, 3.638e-7, 8.595e-7, -3.106e-7, -3.126e-7, -3.087e-7, -4.446e-7, 2.619e-7, 7.065e-7, -2.725e-7, -2.747e-7, -2.703e-7
0.496, -5.250e-7, 2.618e-7, 7.869e-7, -2.986e-7, -2.967e-7, -3.005e-7, -4.908e-7, 3.667e-7, 8.575e-7, -3.137e-7, -3.129e-7, -3.145e-7, -4.916e-7, 3.643e-7, 8.560e-7, -3.081e-7, -3.093e-7, -3.069e-7, -4.445e-7, 2.602e-7, 7.048e-7, -2.702e-7, -2.735e-7, -2.669e-7
0.492, -5.234e-7, 2.609e-7, 7.843e-7, -2.957e-7, -2.956e-7, -2.958e-7, -4.971e-7, 3.602e-7, 8.573e-7, -3.137e-7, -3.130e-7, -3.143e-7, -4.865e-7, 3.637e-7, 8.502e-7, -3.064e-7, -3.069e-7, -3.059e-7, -4.392e-7, 2.616e-7, 7.008e-7, -2.690e-7, -2.707e-7, -2.673e-7
0.488, -5.221e-7, 2.600e-7, 7.821e-7, -2.944e-7, -2.926e-7, -2.962e-7, -4.876e-7, 3.630e-7, 8.506e-7, -3.103e-7, -3.098e-7, -3.109e-7, -4.858e-7, 3.627e-7, 8.485e-7, -3.062e-7, -3.082e-7, -3.041e-7, -4.368e-7, 2.598e-7, 6.966e-7, -2.681e-7, -2.714e-7, -2.649e-7
0.484, -5.180e-7, 2.608e-7, 7.789e-7, -2.939e-7, -2.926e-7, -2.951e-7, -4.850e-7, 3.639e-7, 8.488e-7, -3.089e-7, -3.072e-7, -3.106e-7, -4.844e-7, 3.615e-7, 8.459e-7, -3.039e-7, -3.044e-7, -3.035e-7, -4.355e-7, 2.620e-7, 6.974e-7, -2.656e-7, -2.677e-7, -2.636e-7
0.480, -5.164e-7, 2.597e-7, 7.760e-7, -2.904e-7, -2.879e-7, -2.928e-7, -4.801e-7, 3.651e-7, 8.452e-7, -3.058e-7, -3.047e-7, -3.068e-7, -4.833e-7, 3.585e-7, 8.417e-7, -3.053e-7, -3.058e-7, -3.049e-7, -4.334e-7, 2.571e-7, 6.904e-7, -2.676e-7, -2.699e-7, -2.652e-7
0.476, -5.177e-7, 2.557e-7, 7.734e-7, -2.903e-7, -2.896e-7, -2.911e-7, -4.864e-7, 3.599e-7, 8.463e-7, -3.040e-7, -3.040e-7, -3.040e-7, -4.819e-7, 3.582e-7, 8.400e-7, -3.016e-7, -3.025e-7, -3.007e-7, -4.307e-7, 2.582e-7, 6.888e-7, -2.655e-7, -2.669e-7, -2.641e-7
0.472, -5.165e-7, 2.558e-7, 7.723e-7, -2.890e-7, -2.872e-7, -2.907e-7, -4.817e-7, 3.559e-7, 8.377e-7, -3.062e-7, -3.051e-7, -3.073e-7, -4.806e-7, 3.558e-7, 8.364e-7, -3.014e-7, -3.008e-7, -3.019e-7, -4.298e-7, 2.572e-7, 6.870e-7, -2.612e-7, -2.626e-7, -2.597e-7
0.468, -5.206e-7, 2.519e-7, 7.726e-7, -2.876e-7, -2.874e-7, -2.878e-7, -4.854e-7, 3.557e-7, 8.410e-7, -3.032e-7, -3.026e-7, -3.038e-7, -4.765e-7, 3.575e-7, 8.340e-7, -3.002e-7, -3.002e-7, -3.001e-7, -4.282e-7, 2.573e-7, 6.856e-7, -2.620e-7, -2.650e-7, -2.590e-7
0.464, -5.117e-7, 2.532e-7, 7.648e-7, -2.862e-7, -2.856e-7, -2.868e-7, -4.867e-7, 3.524e-7, 8.391e-7, -3.009e-7, -3.010e-7, -3.009e-7, -4.789e-7, 3.534e-7, 8.324e-7, -2.976e-7, -2.978e-7, -2.973e-7, -4.250e-7, 2.565e-7, 6.815e-7, -2.632e-7, -2.648e-7, -2.616e-7
0.460, -5.118e-7, 2.508e-7, 7.626e-7, -2.845e-7, -2.824e-7, -2.867e-7, -4.803e-7, 3.517e-7, 8.321e-7, -3.008e-7, -2.997e-7, -3.018e-7, -4.806e-7, 3.488e-7, 8.294e-7, -2.993e-7, -3.010e-7, -2.976e-7, -4.280e-7, 2.538e-7, 6.818e-7, -2.600e-7, -2.620e-7, -2.579e-7
0.456, -5.156e-7, 2.473e-7, 7.629e-7, -2.853e-7, -2.836e-7, -2.871e-7, -4.775e-7, 3.489e-7, 8.265e-7, -3.004e-7, -2.984e-7, -3.025e-7, -4.801e-7, 3.491e-7, 8.291e-7, -2.949e-7, -2.958e-7, -2.939e-7, -4.269e-7, 2.534e-7, 6.804e-7, -2.592e-7, -2.608e-7, -2.575e-7
0.452, -5.107e-7, 2.484e-7, 7.590e-7, -2.798e-7, -2.768e-7, -2.829e-7, -4.799e-7, 3.477e-7, 8.276e-7, -2.998e-7, -2.994e-7, -3.002e-7, -4.788e-7, 3.466e-7, 8.254e-7, -2.934e-7, -2.938e-7, -2.929e-7, -4.251e-7, 2.548e-7, 6.799e-7, -2.575e-7, -2.599e-7, -2.551e-7
0.448, -5.133e-7, 2.455e-7, 7.588e-7, -2.777e-7, -2.751e-7, -2.804e-7, -4.797e-7, 3.479e-7, 8.276e-7, -2.959e-7, -2.957e-7, -2.961e-7, -4.813e-7, 3.403e-7, 8.216e-7, -2.953e-7, -2.966e-7, -2.941e-7, -4.289e-7, 2.473e-7, 6.761e-7, -2.585e-7, -2.591e-7, -2.579e-7
0.444, -5.175e-7, 2.407e-7, 7.582e-7, -2.787e-7, -2.769e-7, -2.806e-7, -4.800e-7, 3.442e-7, 8.241e-7, -2.937e-7, -2.912e-7, -2.962e-7, -4.773e-7, 3.435e-7, 8.208e-7, -2.922e-7, -2.928e-7, -2.915e-7, -4.294e-7, 2.484e-7, 6.779e-7, -2.532e-7, -2.561e-7, -2.503e-7
0.440, -5.091e-7, 2.429e-7, 7.520e-7, -2.767e-7, -2.733e-7, -2.801e-7, -4.837e-7, 3.399e-7, 8.235e-7, -2.931e-7, -2.913e-7, -2.949e-7, -4.869e-7, 3.352e-7, 8.220e-7, -2.907e-7, -2.931e-7, -2.882e-7, -4.260e-7, 2.478e-7, 6.738e-7, -2.560e-7, -2.571e-7, -2.549e-7
0.436, -5.132e-7, 2.366e-7, 7.498e-7, -2.781e-7, -2.742e-7, -2.820e-7, -4.788e-7, 3.395e-7, 8.183e-7, -2.914e-7, -2.883e-7, -2.945e-7, -4.816e-7, 3.371e-7, 8.187e-7, -2.876e-7, -2.906e-7, -2.847e-7, -4.298e-7, 2.461e-7, 6.759e-7, -2.538e-7, -2.573e-7, -2.504e-7
0.432, -5.154e-7, 2.335e-7, 7.489e-7, -2.755e-7, -2.728e-7, -2.782e-7, -4.855e-7, 3.331e-7, 8.186e-7, -2.903e-7, -2.890e-7, -2.916e-7, -4.837e-7, 3.335e-7, 8.172e-7, -2.859e-7, -2.874e-7, -2.844e-7, -4.298e-7, 2.436e-7, 6.734e-7, -2.531e-7, -2.557e-7, -2.506e-7
0.428, -5.170e-7, 2.302e-7, 7.472e-7, -2.762e-7, -2.735e-7, -2.789e-7, -4.857e-7, 3.304e-7, 8.161e-7, -2.891e-7, -2.872e-7, -2.911e-7, -4.886e-7, 3.298e-7, 8.184e-7, -2.839e-7, -2.864e-7, -2.815e-7, -4.347e-7, 2.398e-7, 6.745e-7, -2.517e-7, -2.561e-7, -2.473e-7
0.424, -5.189e-7, 2.280e-7, 7.469e-7, -2.742e-7, -2.721e-7, -2.763e-7, -4.907e-7, 3.251e-7, 8.158e-7, -2.876e-7, -2.876e-7, -2.877e-7, -4.912e-7, 3.228e-7, 8.140e-7, -2.854e-7, -2.856e-7, -2.852e-7, -4.265e-7, 2.402e-7, 6.667e-7, -2.505e-7, -2.502e-7, -2.509e-7
0.420, -5.165e-7, 2.277e-7, 7.442e-7, -2.696e-7, -2.657e-7, -2.734e-7, -4.900e-7, 3.243e-7, 8.143e-7, -2.892e-7, -2.889e-7, -2.894e-7, -4.921e-7, 3.200e-7, 8.121e-7, -2.826e-7, -2.847e-7, -2.805e-7, -4.299e-7, 2.369e-7, 6.669e-7, -2.492e-7, -2.497e-7, -2.486e-7
0.416, -5.186e-7, 2.240e-7, 7.426e-7, -2.709e-7, -2.668e-7, -2.750e-7, -4.869e-7, 3.211e-7, 8.080e-7, -2.861e-7, -2.849e-7, -2.872e-7, -4.925e-7, 3.187e-7, 8.112e-7, -2.814e-7, -2.836e-7, -2.792e-7, -4.302e-7, 2.381e-7, 6.683e-7, -2.478e-7, -2.500e-7, -2.456e-7
0.412, -5.173e-7, 2.228e-7, 7.402e-7, -2.676e-7, -2.641e-7, -2.710e-7, -4.955e-7, 3.164e-7, 8.120e-7, -2.844e-7, -2.862e-7, -2.826e-7, -4.952e-7, 3.121e-7, 8.072e-7, -2.817e-7, -2.831e-7, -2.803e-7, -4.285e-7, 2.347e-7, 6.632e-7, -2.472e-7, -2.470e-7, -2.475e-7
0.408, -5.263e-7, 2.125e-7, 7.387e-7, -2.687e-7, -2.663e-7, -2.712e-7, -4.924e-7, 3.135e-7, 8.059e-7, -2.853e-7, -2.825e-7, -2.881e-7, -4.914e-7, 3.121e-7, 8.035e-7, -2.785e-7, -2.786e-7, -2.783e-7, -4.370e-7, 2.289e-7, 6.659e-7, -2.462e-7, -2.501e-7, -2.422e-7
0.404, -5.283e-7, 2.128e-7, 7.410e-7, -2.644e-7, -2.618e-7, -2.671e-7, -5.012e-7, 3.083e-7, 8.096e-7, -2.816e-7, -2.809e-7, -2.824e-7, -5.000e-7, 3.053e-7, 8.053e-7, -2.787e-7, -2.803e-7, -2.771e-7, -4.346e-7, 2.269e-7, 6.615e-7, -2.440e-7, -2.482e-7, -2.398e-7
0.400, -5.316e-7, 2.042e-7, 7.358e-7, -2.661e-7, -2.627e-7, -2.694e-7, -4.994e-7, 3.025e-7, 8.019e-7, -2.814e-7, -2.785e-7, -2.842e-7, -4.985e-7, 3.030e-7, 8.015e-7, -2.753e-7, -2.775e-7, -2.730e-7, -4.410e-7, 2.231e-7, 6.641e-7, -2.458e-7, -2.488e-7, -2.428e-7
0.396, -5.308e-7, 2.011e-7, 7.319e-7, -2.636e-7, -2.591e-7, -2.681e-7, -5.019e-7, 3.007e-7, 8.026e-7, -2.788e-7, -2.753e-7, -2.823e-7, -5.016e-7, 3.003e-7, 8.019e-7, -2.744e-7, -2.755e-7, -2.734e-7, -4.394e-7, 2.212e-7, 6.606e-7, -2.435e-7, -2.467e-7, -2.403e-7
0.392, -5.346e-7, 1.981e-7, 7.328e-7, -2.614e-7, -2.569e-7, -2.659e-7, -5.035e-7, 2.971e-7, 8.006e-7, -2.762e-7, -2.741e-7, -2.784e-7, -5.053e-7, 2.936e-7, 7.989e-7, -2.746e-7, -2.779e-7, -2.712e-7, -4.493e-7, 2.113e-7, 6.605e-7, -2.439e-7, -2.469e-7, -2.409e-7
0.388, -5.349e-7, 1.938e-7, 7.286e-7, -2.607e-7, -2.577e-7, -2.637e-7, -5.046e-7, 2.943e-7, 7.989e-7, -2.760e-7, -2.734e-7, -2.787e-7, -5.080e-7, 2.879e-7, 7.959e-7, -2.735e-7, -2.744e-7, -2.726e-7, -4.450e-7, 2.134e-7, 6.585e-7, -2.417e-7, -2.457e-7, -2.378e-7
0.384, -5.358e-7, 1.935e-7, 7.293e-7, -2.584e-7, -2.563e-7, -2.604e-7, -5.139e-7, 2.833e-7, 7.972e-7, -2.740e-7, -2.745e-7, -2.734e-7, -5.125e-7, 2.829e-7, 7.954e-7, -2.717e-7, -2.727e-7, -2.706e-7, -4.488e-7, 2.092e-7, 6.579e-7, -2.394e-7, -2.417e-7, -2.371e-7
0.380, -5.415e-7, 1.877e-7, 7.292e-7, -2.586e-7, -2.550e-7, -2.621e-7, -5.134e-7, 2.795e-7, 7.929e-7, -2.752e-7, -2.743e-7, -2.762e-7, -5.140e-7, 2.757e-7, 7.896e-7, -2.707e-7, -2.724e-7, -2.691e-7, -4.495e-7, 2.067e-7, 6.562e-7, -2.400e-7, -2.430e-7, -2.370e-7
0.376, -5.485e-7, 1.791e-7, 7.276e-7, -2.580e-7, -2.554e-7, -2.606e-7, -5.157e-7, 2.750e-7, 7.907e-7, -2.732e-7, -2.706e-7, -2.757e-7, -5.161e-7, 2.740e-7, 7.901e-7, -2.707e-7, -2.722e-7, -2.693e-7, -4.541e-7, 2.013e-7, 6.554e-7, -2.375e-7, -2.403e-7, -2.348e-7
0.372, -5.430e-7, 1.765e-7, 7.195e-7, -2.566e-7, -2.538e-7, -2.594e-7, -5.281e-7, 2.662e-7, 7.943e-7, -2.719e-7, -2.726e-7, -2.713e-7, -5.241e-7, 2.665e-7, 7.906e-7, -2.665e-7, -2.695e-7, -2.634e-7, -4.530e-7, 2.023e-7, 6.552e-7, -2.361e-7, -2.368e-7, -2.355e-7
0.368, -5.523e-7, 1.659e-7, 7.182e-7, -2.566e-7, -2.528e-7, -2.603e-7, -5.274e-7, 2.607e-7, 7.881e-7, -2.673e-7, -2.676e-7, -2.669e-7, -5.251e-7, 2.645e-7, 7.896e-7, -2.641e-7, -2.658e-7, -2.624e-7, -4.560e-7, 1.951e-7, 6.511e-7, -2.381e-7, -2.391e-7, -2.371e-7
0.364, -5.530e-7, 1.679e-7, 7.209e-7, -2.523e-7, -2.490e-7, -2.556e-7, -5.321e-7, 2.547e-7, 7.868e-7, -2.700e-7, -2.709e-7, -2.690e-7, -5.338e-7, 2.534e-7, 7.872e-7, -2.638e-7, -2.665e-7, -2.612e-7, -4.619e-7, 1.903e-7, 6.522e-7, -2.331e-7, -2.345e-7, -2.317e-7
0.360, -5.589e-7, 1.594e-7, 7.183e-7, -2.496e-7, -2.464e-7, -2.528e-7, -5.355e-7, 2.507e-7, 7.862e-7, -2.644e-7, -2.634e-7, -2.654e-7, -5.340e-7, 2.493e-7, 7.833e-7, -2.622e-7, -2.641e-7, -2.604e-7, -4.654e-7, 1.842e-7, 6.495e-7, -2.352e-7, -2.359e-7, -2.345e-7
0.356, -5.715e-7, 1.495e-7, 7.210e-7, -2.470e-7, -2.429e-7, -2.511e-7, -5.462e-7, 2.421e-7, 7.883e-7, -2.630e-7, -2.601e-7, -2.659e-7, -5.394e-7, 2.439e-7, 7.833e-7, -2.613e-7, -2.624e-7, -2.602e-7, -4.696e-7, 1.791e-7, 6.487e-7, -2.339e-7, -2.361e-7, -2.317e-7
0.352, -5.751e-7, 1.420e-7, 7.171e-7, -2.473e-7, -2.448e-7, -2.497e-7, -5.495e-7, 2.332e-7, 7.827e-7, -2.620e-7, -2.617e-7, -2.622e-7, -5.453e-7, 2.347e-7, 7.800e-7, -2.606e-7, -2.621e-7, -2.590e-7, -4.746e-7, 1.739e-7, 6.485e-7, -2.338e-7, -2.366e-7, -2.310e-7
0.348, -5.735e-7, 1.377e-7, 7.112e-7, -2.494e-7, -2.457e-7, -2.531e-7, -5.574e-7, 2.243e-7, 7.817e-7, -2.618e-7, -2.634e-7, -2.603e-7, -5.558e-7, 2.264e-7, 7.822e-7, -2.544e-7, -2.560e-7, -2.529e-7, -4.764e-7, 1.708e-7, 6.472e-7, -2.303e-7, -2.296e-7, -2.310e-7
0.344, -5.819e-7, 1.304e-7, 7.123e-7, -2.479e-7, -2.443e-7, -2.515e-7, -5.576e-7, 2.189e-7, 7.765e-7, -2.596e-7, -2.582e-7, -2.610e-7, -5.559e-7, 2.217e-7, 7.776e-7, -2.547e-7, -2.573e-7, -2.520e-7, -4.883e-7, 1.600e-7, 6.484e-7, -2.306e-7, -2.346e-7, -2.266e-7
0.340, -5.940e-7, 1.186e-7, 7.126e-7, -2.458e-7, -2.446e-7, -2.471e-7, -5.715e-7, 2.050e-7, 7.765e-7, -2.598e-7, -2.596e-7, -2.601e-7, -5.601e-7, 2.133e-7, 7.734e-7, -2.523e-7, -2.520e-7, -2.527e-7, -4.918e-7, 1.572e-7, 6.490e-7, -2.275e-7, -2.300e-7, -2.249e-7
0.336, -5.966e-7, 1.125e-7, 7.091e-7, -2.422e-7, -2.391e-7, -2.453e-7, -5.742e-7, 2.020e-7, 7.763e-7, -2.561e-7, -2.562e-7, -2.561e-7, -5.744e-7, 2.013e-7, 7.757e-7, -2.540e-7, -2.572e-7, -2.509e-7, -4.991e-7, 1.456e-7, 6.447e-7, -2.303e-7, -2.320e-7, -2.287e-7
0.332, -6.060e-7, 1.019e-7, 7.080e-7, -2.406e-7, -2.358e-7, -2.455e-7, -5.806e-7, 1.960e-7, 7.766e-7, -2.523e-7, -2.520e-7, -2.526e-7, -5.801e-7, 1.948e-7, 7.748e-7, -2.501e-7, -2.529e-7, -2.473e-7, -5.068e-7, 1.363e-7, 6.431e-7, -2.299e-7, -2.326e-7, -2.272e-7
0.328, -6.146e-7, 9.509e-8, 7.097e-7, -2.390e-7, -2.346e-7, -2.434e-7, -5.902e-7, 1.812e-7, 7.714e-7, -2.514e-7, -2.494e-7, -2.534e-7, -5.879e-7, 1.846e-7, 7.725e-7, -2.491e-7, -2.506e-7, -2.476e-7, -5.102e-7, 1.356e-7, 6.458e-7, -2.247e-7, -2.265e-7, -2.229e-7
0.324, -6.272e-7, 8.094e-8, 7.081e-7, -2.378e-7, -2.322e-7, -2.433e-7, -6.008e-7, 1.715e-7, 7.723e-7, -2.502e-7, -2.485e-7, -2.518e-7, -5.960e-7, 1.751e-7, 7.711e-7, -2.483e-7, -2.512e-7, -2.454e-7, -5.263e-7, 1.199e-7, 6.463e-7, -2.247e-7, -2.285e-7, -2.208e-7
0.320, -6.342e-7, 7.430e-8, 7.085e-7, -2.359e-7, -2.331e-7, -2.388e-7, -6.158e-7, 1.558e-7, 7.716e-7, -2.490e-7, -2.486e-7, -2.495e-7, -6.064e-7, 1.619e-7, 7.683e-7, -2.477e-7, -2.508e-7, -2.447e-7, -5.376e-7, 1.102e-7, 6.478e-7, -2.227e-7, -2.259e-7, -2.195e-7
0.316, -6.501e-7, 5.961e-8, 7.097e-7, -2.348e-7, -2.350e-7, -2.345e-7, -6.274e-7, 1.435e-7, 7.709e-7, -2.477e-7, -2.470e-7, -2.484e-7, -6.172e-7, 1.504e-7, 7.676e-7, -2.453e-7, -2.460e-7, -2.445e-7, -5.437e-7, 1.034e-7, 6.472e-7, -2.210e-7, -2.241e-7, -2.179e-7
0.312, -6.608e-7, 4.831e-8, 7.091e-7, -2.332e-7, -2.300e-7, -2.364e-7, -6.388e-7, 1.323e-7, 7.712e-7, -2.457e-7, -2.448e-7, -2.465e-7, -6.279e-7, 1.381e-7, 7.659e-7, -2.435e-7, -2.447e-7, -2.423e-7, -5.542e-7, 9.132e-8, 6.455e-7, -2.202e-7, -2.241e-7, -2.162e-7
0.308, -6.706e-7, 3.497e-8, 7.055e-7, -2.307e-7, -2.270e-7, -2.345e-7, -6.527e-7, 1.177e-7, 7.704e-7, -2.422e-7, -2.428e-7, -2.416e-7, -6.449e-7, 1.262e-7, 7.711e-7, -2.400e-7, -2.421e-7, -2.378e-7, -5.667e-7, 8.144e-8, 6.481e-7, -2.186e-7, -2.201e-7, -2.171e-7
0.304, -6.854e-7, 1.955e-8, 7.050e-7, -2.310e-7, -2.270e-7, -2.350e-7, -6.636e-7, 1.040e-7, 7.676e-7, -2.419e-7, -2.407e-7, -2.430e-7, -6.586e-7, 1.121e-7, 7.707e-7, -2.368e-7, -2.398e-7, -2.338e-7, -5.856e-7, 6.696e-8, 6.525e-7, -2.173e-7, -2.205e-7, -2.142e-7
0.300, -7.036e-7, 4.897e-9, 7.085e-7, -2.265e-7, -2.260e-7, -2.270e-7, -6.866e-7, 8.798e-8, 7.745e-7, -2.384e-7, -2.384e-7, -2.385e-7, -6.744e-7, 9.755e-8, 7.720e-7, -2.356e-7, -2.368e-7, -2.345e-7, -5.957e-7, 5.538e-8, 6.511e-7, -2.176e-7, -2.207e-7, -2.146e-7
0.296, -7.216e-7, -9.737e-9, 7.118e-7, -2.254e-7, -2.225e-7, -2.284e-7, -6.973e-7, 7.441e-8, 7.717e-7, -2.370e-7, -2.357e-7, -2.382e-7, -6.886e-7, 8.132e-8, 7.699e-7, -2.360e-7, -2.393e-7, -2.328e-7, -6.144e-7, 3.845e-8, 6.529e-7, -2.151e-7, -2.186e-7, -2.116e-7
0.292, -7.365e-7, -2.337e-8, 7.132e-7, -2.246e-7, -2.228e-7, -2.263e-7, -7.177e-7, 5.390e-8, 7.716e-7, -2.343e-7, -2.329e-7, -2.356e-7, -7.058e-7, 6.545e-8, 7.712e-7, -2.332e-7, -2.353e-7, -2.310e-7, -6.317e-7, 2.440e-8, 6.561e-7, -2.150e-7, -2.179e-7, -2.122e-7
0.288, -7.531e-7, -4.281e-8, 7.103e-7, -2.221e-7, -2.195e-7, -2.246e-7, -7.391e-7, 3.704e-8, 7.761e-7, -2.331e-7, -2.342e-7, -2.320e-7, -7.281e-7, 4.530e-8, 7.734e-7, -2.326e-7, -2.346e-7, -2.307e-7, -6.484e-7, 8.569e-9, 6.570e-7, -2.130e-7, -2.139e-7, -2.122e-7
0.284, -7.778e-7, -6.181e-8, 7.160e-7, -2.182e-7, -2.154e-7, -2.210e-7, -7.506e-7, 2.115e-8, 7.717e-7, -2.299e-7, -2.276e-7, -2.321e-7, -7.448e-7, 2.998e-8, 7.747e-7, -2.294e-7, -2.312e-7, -2.275e-7, -6.711e-7, -8.722e-9, 6.623e-7, -2.115e-7, -2.156e-7, -2.075e-7
0.280, -8.001e-7, -8.206e-8, 7.180e-7, -2.192e-7, -2.168e-7, -2.216e-7, -7.757e-7, 1.146e-10, 7.758e-7, -2.292e-7, -2.294e-7, -2.289e-7, -7.672e-7, 1.111e-8, 7.783e-7, -2.253e-7, -2.284e-7, -2.221e-7, -6.917e-7, -2.357e-8, 6.681e-7, -2.097e-7, -2.129e-7, -2.066e-7
0.276, -8.218e-7, -1.019e-7, 7.198e-7, -2.162e-7, -2.132e-7, -2.192e-7, -7.995e-7, -2.183e-8, 7.776e-7, -2.256e-7, -2.255e-7, -2.256e-7, -7.884e-7, -8.535e-9, 7.799e-7, -2.229e-7, -2.248e-7, -2.210e-7, -7.133e-7, -4.194e-8, 6.714e-7, -2.084e-7, -2.102e-7, -2.067e-7
0.272, -8.421e-7, -1.173e-7, 7.248e-7, -2.124e-7, -2.121e-7, -2.126e-7, -8.294e-7, -4.565e-8, 7.837e-7, -2.239e-7, -2.250e-7, -2.228e-7, -8.103e-7, -3.028e-8, 7.800e-7, -2.227e-7, -2.242e-7, -2.211e-7, -7.338e-7, -5.984e-8, 6.740e-7, -2.061e-7, -2.090e-7, -2.031e-7
0.268, -8.696e-7, -1.412e-7, 7.284e-7, -2.107e-7, -2.089e-7, -2.125e-7, -8.489e-7, -6.350e-8, 7.854e-7, -2.219e-7, -2.236e-7, -2.202e-7, -8.315e-7, -5.027e-8, 7.812e-7, -2.214e-7, -2.236e-7, -2.193e-7, -7.560e-7, -7.864e-8, 6.773e-7, -2.032e-7, -2.043e-7, -2.022e-7
0.264, -8.935e-7, -1.623e-7, 7.313e-7, -2.067e-7, -2.052e-7, -2.082e-7, -8.749e-7, -8.713e-8, 7.878e-7, -2.207e-7, -2.220e-7, -2.194e-7, -8.593e-7, -7.439e-8, 7.849e-7, -2.190e-7, -2.207e-7, -2.174e-7, -7.824e-7, -1.007e-7, 6.818e-7, -2.008e-7, -2.026e-7, -1.990e-7
0.260, -9.145e-7, -1.794e-7, 7.352e-7, -2.064e-7, -2.027e-7, -2.100e-7, -8.991e-7, -1.111e-7, 7.880e-7, -2.165e-7, -2.169e-7, -2.160e-7, -8.895e-7, -1.014e-7, 7.881e-7, -2.175e-7, -2.206e-7, -2.144e-7, -8.116e-7, -1.220e-7, 6.896e-7, -1.983e-7, -2.003e-7, -1.964e-7
0.256, -9.529e-7, -2.132e-7, 7.397e-7, -2.059e-7, -2.044e-7, -2.074e-7, -9.248e-7, -1.363e-7, 7.885e-7, -2.141e-7, -2.127e-7, -2.154e-7, -9.105e-7, -1.215e-7, 7.890e-7, -2.134e-7, -2.150e-7, -2.117e-7, -8.410e-7, -1.449e-7, 6.960e-7, -1.978e-7, -2.038e-7, -1.918e-7
0.252, -9.757e-7, -2.351e-7, 7.407e-7, -2.018e-7, -1.990e-7, -2.046e-7, -9.532e-7, -1.646e-7, 7.886e-7, -2.131e-7, -2.135e-7, -2.127e-7, -9.442e-7, -1.498e-7, 7.944e-7, -2.109e-7, -2.125e-7, -2.092e-7, -8.691e-7, -1.694e-7, 6.997e-7, -1.968e-7, -1.983e-7, -1.952e-7
0.248, -1.015e-6, -2.663e-7, 7.483e-7, -1.998e-7, -1.960e-7, -2.036e-7, -9.798e-7, -1.859e-7, 7.939e-7, -2.076e-7, -2.046e-7, -2.107e-7, -9.706e-7, -1.750e-7, 7.956e-7, -2.074e-7, -2.109e-7, -2.039e-7, -9.110e-7, -2.027e-7, 7.082e-7, -1.956e-7, -2.016e-7, -1.897e-7
0.244, -1.044e-6, -2.926e-7, 7.519e-7, -1.967e-7, -1.946e-7, -1.988e-7, -1.020e-6, -2.200e-7, 8.000e-7, -2.057e-7, -2.077e-7, -2.037e-7, -1.008e-6, -2.080e-7, 8.001e-7, -2.044e-7, -2.062e-7, -2.027e-7, -9.366e-7, -2.246e-7, 7.120e-7, -1.934e-7, -1.970e-7, -1.899e-7
0.240, -1.083e-6, -3.244e-7, 7.584e-7, -1.942e-7, -1.920e-7, -1.964e-7, -1.054e-6, -2.543e-7, 7.996e-7, -2.045e-7, -2.036e-7, -2.054e-7, -1.048e-6, -2.413e-7, 8.064e-7, -2.016e-7, -2.043e-7, -1.988e-7, -9.773e-7, -2.565e-7, 7.208e-7, -1.870e-7, -1.914e-7, -1.826e-7
0.236, -1.127e-6, -3.640e-7, 7.630e-7, -1.918e-7, -1.896e-7, -1.941e-7, -1.095e-6, -2.898e-7, 8.057e-7, -1.995e-7, -1.987e-7, -2.002e-7, -1.082e-6, -2.745e-7, 8.076e-7, -1.977e-7, -2.003e-7, -1.952e-7, -1.018e-6, -2.913e-7, 7.267e-7, -1.889e-7, -1.914e-7, -1.864e-7
0.232, -1.172e-6, -4.002e-7, 7.715e-7, -1.867e-7, -1.838e-7, -1.895e-7, -1.142e-6, -3.277e-7, 8.139e-7, -1.952e-7, -1.955e-7, -1.948e-7, -1.130e-6, -3.141e-7, 8.159e-7, -1.974e-7, -2.008e-7, -1.940e-7, -1.064e-6, -3.290e-7, 7.350e-7, -1.860e-7, -1.878e-7, -1.841e-7
0.228, -1.230e-6, -4.451e-7, 7.846e-7, -1.855e-7, -1.830e-7, -1.880e-7, -1.194e-6, -3.734e-7, 8.204e-7, -1.949e-7, -1.966e-7, -1.933e-7, -1.181e-6, -3.587e-7, 8.228e-7, -1.916e-7, -1.947e-7, -1.884e-7, -1.120e-6, -3.711e-7, 7.490e-7, -1.812e-7, -1.855e-7, -1.769e-7
0.224, -1.288e-6, -4.948e-7, 7.930e-7, -1.835e-7, -1.826e-7, -1.844e-7, -1.253e-6, -4.230e-7, 8.300e-7, -1.893e-7, -1.886e-7, -1.900e-7, -1.234e-6, -4.048e-7, 8.296e-7, -1.880e-7, -1.887e-7, -1.872e-7, -1.174e-6, -4.174e-7, 7.561e-7, -1.797e-7, -1.841e-7, -1.753e-7
0.220, -1.359e-6, -5.531e-7, 8.064e-7, -1.795e-7, -1.782e-7, -1.808e-7, -1.318e-6, -4.783e-7, 8.395e-7, -1.862e-7, -1.859e-7, -1.865e-7, -1.302e-6, -4.595e-7, 8.421e-7, -1.868e-7, -1.889e-7, -1.848e-7, -1.246e-6, -4.745e-7, 7.712e-7, -1.778e-7, -1.826e-7, -1.730e-7
0.216, -1.436e-6, -6.128e-7, 8.228e-7, -1.749e-7, -1.725e-7, -1.773e-7, -1.394e-6, -5.377e-7, 8.567e-7, -1.809e-7, -1.816e-7, -1.801e-7, -1.375e-6, -5.197e-7, 8.556e-7, -1.830e-7, -1.860e-7, -1.800e-7, -1.318e-6, -5.314e-7, 7.866e-7, -1.764e-7, -1.803e-7, -1.726e-7
0.212, -1.522e-6, -6.844e-7, 8.380e-7, -1.740e-7, -1.731e-7, -1.750e-7, -1.481e-6, -6.079e-7, 8.726e-7, -1.781e-7, -1.788e-7, -1.773e-7, -1.456e-6, -5.811e-7, 8.749e-7, -1.763e-7, -1.802e-7, -1.723e-7, -1.405e-6, -5.942e-7, 8.103e-7, -1.726e-7, -1.749e-7, -1.702e-7
0.208, -1.622e-6, -7.562e-7, 8.658e-7, -1.692e-7, -1.704e-7, -1.679e-7, -1.579e-6, -6.828e-7, 8.958e-7, -1.740e-7, -1.766e-7, -1.715e-7, -1.547e-6, -6.581e-7, 8.892e-7, -1.732e-7, -1.760e-7, -1.703e-7, -1.498e-6, -6.679e-7, 8.301e-7, -1.675e-7, -1.710e-7, -1.641e-7
0.204, -1.733e-6, -8.389e-7, 8.938e-7, -1.647e-7, -1.663e-7, -1.631e-7, -1.686e-6, -7.653e-7, 9.204e-7, -1.706e-7, -1.712e-7, -1.700e-7, -1.650e-6, -7.366e-7, 9.129e-7, -1.692e-7, -1.716e-7, -1.668e-7, -1.608e-6, -7.493e-7, 8.584e-7, -1.639e-7, -1.690e-7, -1.588e-7
0.200, -1.853e-6, -9.296e-7, 9.230e-7, -1.609e-7, -1.611e-7, -1.607e-7, -1.794e-6, -8.490e-7, 9.450e-7, -1.652e-7, -1.667e-7, -1.638e-7, -1.766e-6, -8.235e-7, 9.423e-7, -1.652e-7, -1.689e-7, -1.616e-7, -1.722e-6, -8.367e-7, 8.856e-7, -1.619e-7, -1.667e-7, -1.572e-7
0.196, -1.980e-6, -1.023e-6, 9.570e-7, -1.575e-7, -1.560e-7, -1.590e-7, -1.922e-6, -9.454e-7, 9.769e-7, -1.617e-7, -1.635e-7, -1.599e-7, -1.885e-6, -9.147e-7, 9.701e-7, -1.593e-7, -1.640e-7, -1.547e-7, -1.844e-6, -9.240e-7, 9.204e-7, -1.577e-7, -1.617e-7, -1.537e-7
0.192, -2.123e-6, -1.129e-6, 9.940e-7, -1.538e-7, -1.551e-7, -1.525e-7, -2.057e-6, -1.043e-6, 1.014e-6, -1.565e-7, -1.580e-7, -1.551e-7, -2.011e-6, -1.008e-6, 1.002e-6, -1.556e-7, -1.612e-7, -1.501e-7, -1.979e-6, -1.024e-6, 9.552e-7, -1.537e-7, -1.609e-7, -1.464e-7
0.188, -2.263e-6, -1.231e-6, 1.032e-6, -1.484e-7, -1.507e-7, -1.461e-7, -2.203e-6, -1.150e-6, 1.053e-6, -1.497e-7, -1.518e-7, -1.476e-7, -2.143e-6, -1.105e-6, 1.038e-6, -1.504e-7, -1.551e-7, -1.458e-7, -2.113e-6, -1.122e-6, 9.911e-7, -1.506e-7, -1.552e-7, -1.459e-7
0.184, -2.409e-6, -1.331e-6, 1.077e-6, -1.414e-7, -1.406e-7, -1.421e-7, -2.340e-6, -1.250e-6, 1.090e-6, -1.455e-7, -1.479e-7, -1.430e-7, -2.283e-6, -1.214e-6, 1.069e-6, -1.486e-7, -1.526e-7, -1.447e-7, -2.254e-6, -1.226e-6, 1.028e-6, -1.450e-7, -1.502e-7, -1.399e-7
0.180, -2.550e-6, -1.440e-6, 1.110e-6, -1.393e-7, -1.393e-7, -1.393e-7, -2.481e-6, -1.358e-6, 1.124e-6, -1.412e-7, -1.440e-7, -1.385e-7, -2.415e-6, -1.310e-6, 1.105e-6, -1.401e-7, -1.455e-7, -1.346e-7, -2.395e-6, -1.324e-6, 1.071e-6, -1.384e-7, -1.440e-7, -1.329e-7
0.176, -2.702e-6, -1.545e-6, 1.157e-6, -1.300e-7, -1.314e-7, -1.286e-7, -2.628e-6, -1.464e-6, 1.164e-6, -1.356e-7, -1.385e-7, -1.328e-7, -2.546e-6, -1.408e-6, 1.138e-6, -1.349e-7, -1.394e-7, -1.305e-7, -2.523e-6, -1.421e-6, 1.102e-6, -1.342e-7, -1.398e-7, -1.287e-7
0.172, -2.834e-6, -1.641e-6, 1.192e-6, -1.260e-7, -1.285e-7, -1.234e-7, -2.764e-6, -1.564e-6, 1.200e-6, -1.296e-7, -1.345e-7, -1.247e-7, -2.673e-6, -1.503e-6, 1.170e-6, -1.282e-7, -1.350e-7, -1.214e-7, -2.652e-6, -1.513e-6, 1.139e-6, -1.307e-7, -1.394e-7, -1.221e-7
0.168, -2.949e-6, -1.726e-6, 1.224e-6, -1.207e-7, -1.228e-7, -1.187e-7, -2.883e-6, -1.655e-6, 1.228e-6, -1.214e-7, -1.258e-7, -1.170e-7, -2.786e-6, -1.591e-6, 1.195e-6, -1.211e-7, -1.268e-7, -1.153e-7, -2.765e-6, -1.596e-6, 1.168e-6, -1.245e-7, -1.314e-7, -1.175e-7
0.164, -3.053e-6, -1.803e-6, 1.250e-6, -1.116e-7, -1.135e-7, -1.096e-7, -2.992e-6, -1.737e-6, 1.255e-6, -1.158e-7, -1.191e-7, -1.126e-7, -2.884e-6, -1.667e-6, 1.217e-6, -1.162e-7, -1.221e-7, -1.104e-7, -2.859e-6, -1.667e-6, 1.192e-6, -1.159e-7, -1.237e-7, -1.080e-7
0.160, -3.130e-6, -1.863e-6, 1.267e-6, -1.070e-7, -1.099e-7, -1.041e-7, -3.077e-6, -1.802e-6, 1.274e-6, -1.077e-7, -1.124e-7, -1.029e-7, -2.964e-6, -1.730e-6, 1.234e-6, -1.082e-7, -1.174e-7, -9.891e-8, -2.934e-6, -1.723e-6, 1.210e-6, -1.095e-7, -1.162e-7, -1.029e-7
0.156, -3.185e-6, -1.908e-6, 1.277e-6, -9.857e-8, -1.022e-7, -9.498e-8, -3.139e-6, -1.855e-6, 1.284e-6, -1.021e-7, -1.068e-7, -9.736e-8, -3.015e-6, -1.777e-6, 1.238e-6, -1.040e-7, -1.099e-7, -9.816e-8, -2.981e-6, -1.767e-6, 1.214e-6, -1.043e-7, -1.142e-7, -9.436e-8
0.152, -3.212e-6, -1.940e-6, 1.273e-6, -9.519e-8, -9.886e-8, -9.152e-8, -3.174e-6, -1.891e-6, 1.283e-6, -9.629e-8, -1.003e-7, -9.232e-8, -3.042e-6, -1.808e-6, 1.234e-6, -9.599e-8, -1.018e-7, -9.016e-8, -2.997e-6, -1.787e-6, 1.209e-6, -9.967e-8, -1.094e-7, -8.996e-8
0.148, -3.199e-6, -1.939e-6, 1.259e-6, -8.703e-8, -8.950e-8, -8.456e-8, -3.175e-6, -1.904e-6, 1.271e-6, -8.951e-8, -9.592e-8, -8.311e-8, -3.044e-6, -1.818e-6, 1.226e-6, -8.707e-8, -9.447e-8, -7.968e-8, -2.985e-6, -1.784e-6, 1.201e-6, -9.017e-8, -9.703e-8, -8.331e-8
0.144, -3.160e-6, -1.924e-6, 1.236e-6, -8.160e-8, -8.433e-8, -7.886e-8, -3.149e-6, -1.898e-6, 1.251e-6, -8.193e-8, -8.822e-8, -7.563e-8, -3.010e-6, -1.809e-6, 1.201e-6, -8.334e-8, -9.050e-8, -7.618e-8, -2.940e-6, -1.769e-6, 1.170e-6, -8.462e-8, -9.084e-8, -7.841e-8
0.140, -3.093e-6, -1.890e-6, 1.203e-6, -7.338e-8, -7.751e-8, -6.925e-8, -3.084e-6, -1.865e-6, 1.220e-6, -7.313e-8, -7.569e-8, -7.057e-8, -2.946e-6, -1.780e-6, 1.166e-6, -7.504e-8, -8.257e-8, -6.752e-8, -2.874e-6, -1.735e-6, 1.139e-6, -8.031e-8, -9.111e-8, -6.950e-8
0.136, -2.979e-6, -1.829e-6, 1.150e-6, -6.893e-8, -7.049e-8, -6.737e-8, -2.993e-6, -1.819e-6, 1.174e-6, -6.908e-8, -7.528e-8, -6.288e-8, -2.862e-6, -1.733e-6, 1.129e-6, -6.533e-8, -7.284e-8, -5.783e-8, -2.772e-6, -1.674e-6, 1.098e-6, -7.135e-8, -7.872e-8, -6.397e-8
0.132, -2.851e-6, -1.756e-6, 1.095e-6, -6.033e-8, -6.259e-8, -5.806e-8, -2.875e-6, -1.750e-6, 1.126e-6, -6.101e-8, -6.670e-8, -5.533e-8, -2.746e-6, -1.671e-6, 1.075e-6, -6.288e-8, -6.982e-8, -5.593e-8, -2.645e-6, -1.608e-6, 1.037e-6, -6.837e-8, -7.281e-8, -6.394e-8
0.128, -2.701e-6, -1.670e-6, 1.031e-6, -5.605e-8, -5.685e-8, -5.526e-8, -2.729e-6, -1.670e-6, 1.059e-6, -5.811e-8, -6.104e-8, -5.517e-8, -2.605e-6, -1.592e-6, 1.013e-6, -5.482e-8, -6.134e-8, -4.829e-8, -2.503e-6, -1.522e-6, 9.804e-7, -5.914e-8, -6.603e-8, -5.226e-8
0.124, -2.540e-6, -1.575e-6, 9.654e-7, -4.891e-8, -5.277e-8, -4.505e-8, -2.568e-6, -1.576e-6, 9.922e-7, -5.194e-8, -5.468e-8, -4.920e-8, -2.451e-6, -1.504e-6, 9.473e-7, -5.010e-8, -5.733e-8, -4.288e-8, -2.342e-6, -1.431e-6, 9.119e-7, -5.466e-8, -6.185e-8, -4.747e-8
0.120, -2.358e-6, -1.476e-6, 8.827e-7, -4.701e-8, -4.736e-8, -4.666e-8, -2.395e-6, -1.479e-6, 9.156e-7, -4.605e-8, -4.926e-8, -4.283e-8, -2.285e-6, -1.408e-6, 8.765e-7, -4.464e-8, -4.995e-8, -3.932e-8, -2.168e-6, -1.329e-6, 8.395e-7, -5.129e-8, -5.717e-8, -4.541e-8
0.116, -2.171e-6, -1.367e-6, 8.041e-7, -3.991e-8, -4.025e-8, -3.956e-8, -2.206e-6, -1.366e-6, 8.398e-7, -3.955e-8, -4.236e-8, -3.675e-8, -2.110e-6, -1.308e-6, 8.012e-7, -4.197e-8, -4.550e-8, -3.845e-8, -1.992e-6, -1.230e-6, 7.622e-7, -4.971e-8, -5.601e-8, -4.340e-8
0.112, -1.989e-6, -1.264e-6, 7.251e-7, -3.792e-8, -3.664e-8, -3.920e-8, -2.018e-6, -1.260e-6, 7.581e-7, -3.493e-8, -3.693e-8, -3.293e-8, -1.932e-6, -1.205e-6, 7.268e-7, -3.821e-8, -4.454e-8, -3.188e-8, -1.822e-6, -1.134e-6, 6.880e-7, -4.491e-8, -5.053e-8, -3.930e-8
0.108, -1.806e-6, -1.161e-6, 6.454e-7, -3.476e-8, -3.193e-8, -3.760e-8, -1.833e-6, -1.154e-6, 6.785e-7, -3.140e-8, -3.314e-8, -2.965e-8, -1.762e-6, -1.108e-6, 6.541e-7, -3.332e-8, -3.867e-8, -2.797e-8, -1.653e-6, -1.035e-6, 6.182e-7, -4.149e-8, -4.737e-8, -3.562e-8
0.104, -1.640e-6, -1.064e-6, 5.767e-7, -2.634e-8, -2.969e-8, -2.299e-8, -1.665e-6, -1.054e-6, 6.108e-7, -2.707e-8, -2.921e-8, -2.493e-8, -1.588e-6, -1.011e-6, 5.768e-7, -3.452e-8, -3.612e-8, -3.293e-8, -1.484e-6, -9.434e-7, 5.407e-7, -3.950e-8, -4.450e-8, -3.450e-8
0.100, -1.476e-6, -9.718e-7, 5.041e-7, -2.681e-8, -2.641e-8, -2.721e-8, -1.495e-6, -9.609e-7, 5.339e-7, -2.466e-8, -2.486e-8, -2.447e-8, -1.433e-6, -9.213e-7, 5.120e-7, -2.613e-8, -3.037e-8, -2.190e-8, -1.338e-6, -8.548e-7, 4.836e-7, -3.490e-8, -4.009e-8, -2.972e-8
0.096, -1.330e-6, -8.860e-7, 4.443e-7, -2.087e-8, -2.159e-8, -2.014e-8, -1.345e-6, -8.735e-7, 4.717e-7, -2.403e-8, -2.374e-8, -2.432e-8, -1.287e-6, -8.405e-7, 4.465e-7, -2.705e-8, -2.757e-8, -2.653e-8, -1.198e-6, -7.793e-7, 4.187e-7, -3.213e-8, -3.691e-8, -2.736e-8
0.092, -1.198e-6, -8.152e-7, 3.830e-7, -2.158e-8, -1.813e-8, -2.504e-8, -1.206e-6, -7.965e-7, 4.090e-7, -2.271e-8, -2.522e-8, -2.020e-8, -1.157e-6, -7.641e-7, 3.930e-7, -2.224e-8, -2.388e-8, -2.059e-8, -1.073e-6, -7.072e-7, 3.656e-7, -2.887e-8, -3.138e-8, -2.637e-8
0.088, -1.076e-6, -7.462e-7, 3.296e-7, -2.032e-8, -1.692e-8, -2.372e-8, -1.078e-6, -7.218e-7, 3.561e-7, -1.748e-8, -1.773e-8, -1.722e-8, -1.045e-6, -6.993e-7, 3.454e-7, -2.229e-8, -2.614e-8, -1.844e-8, -9.637e-7, -6.456e-7, 3.181e-7, -2.881e-8, -2.992e-8, -2.771e-8
0.084, -9.798e-7, -6.895e-7, 2.904e-7, -1.775e-8, -1.637e-8, -1.912e-8, -9.679e-7, -6.621e-7, 3.058e-7, -1.854e-8, -1.410e-8, -2.299e-8, -9.341e-7, -6.376e-7, 2.965e-7, -1.913e-8, -1.977e-8, -1.848e-8, -8.711e-7, -5.904e-7, 2.807e-7, -2.468e-8, -2.822e-8, -2.114e-8
0.080, -8.960e-7, -6.402e-7, 2.559e-7, -1.611e-8, -1.564e-8, -1.659e-8, -8.803e-7, -6.110e-7, 2.693e-7, -1.825e-8, -1.783e-8, -1.866e-8, -8.495e-7, -5.897e-7, 2.598e-7, -1.919e-8, -1.966e-8, -1.871e-8, -7.877e-7, -5.433e-7, 2.444e-7, -2.323e-8, -2.591e-8, -2.054e-8
0.076, -8.159e-7, -5.935e-7, 2.224e-7, -1.481e-8, -1.211e-8, -1.752e-8, -7.982e-7, -5.640e-7, 2.342e-7, -1.823e-8, -1.732e-8, -1.913e-8, -7.797e-7, -5.485e-7, 2.311e-7, -1.639e-8, -1.928e-8, -1.349e-8, -7.214e-7, -5.067e-7, 2.147e-7, -2.123e-8, -2.468e-8, -1.778e-8
0.072, -7.560e-7, -5.614e-7, 1.947e-7, -1.378e-8, -1.153e-8, -1.603e-8, -7.353e-7, -5.269e-7, 2.083e-7, -1.768e-8, -1.685e-8, -1.850e-8, -7.183e-7, -5.114e-7, 2.070e-7, -1.732e-8, -1.962e-8, -1.502e-8, -6.605e-7, -4.717e-7, 1.888e-7, -2.088e-8, -2.221e-8, -1.955e-8
0.068, -7.091e-7, -5.334e-7, 1.757e-7, -1.140e-8, -6.282e-9, -1.652e-8, -6.770e-7, -4.907e-7, 1.863e-7, -1.232e-8, -1.036e-8, -1.429e-8, -6.599e-7, -4.779e-7, 1.820e-7, -1.817e-8, -1.962e-8, -1.672e-8, -6.161e-7, -4.464e-7, 1.696e-7, -2.390e-8, -2.666e-8, -2.114e-8
0.064, -6.596e-7, -5.037e-7, 1.559e-7, -1.355e-8, -9.490e-9, -1.761e-8, -6.300e-7, -4.652e-7, 1.648e-7, -1.436e-8, -1.296e-8, -1.576e-8, -6.176e-7, -4.511e-7, 1.665e-7, -1.523e-8, -1.640e-8, -1.407e-8, -5.755e-7, -4.203e-7, 1.552e-7, -1.982e-8, -2.196e-8, -1.768e-8
0.060, -6.278e-7, -4.845e-7, 1.432e-7, -1.212e-8, -8.466e-9, -1.578e-8, -5.937e-7, -4.428e-7, 1.508e-7, -1.405e-8, -1.223e-8, -1.587e-8, -5.819e-7, -4.311e-7, 1.509e-7, -1.487e-8, -1.518e-8, -1.457e-8, -5.437e-7, -4.017e-7, 1.420e-7, -1.869e-8, -2.012e-8, -1.726e-8
0.056, -5.975e-7, -4.673e-7, 1.302e-7, -1.013e-8, -5.799e-9, -1.447e-8, -5.638e-7, -4.233e-7, 1.405e-7, -1.253e-8, -1.136e-8, -1.369e-8, -5.552e-7, -4.125e-7, 1.426e-7, -1.563e-8, -1.621e-8, -1.506e-8, -5.165e-7, -3.853e-7, 1.312e-7, -1.971e-8, -2.057e-8, -1.885e-8
0.052, -5.771e-7, -4.545e-7, 1.226e-7, -1.211e-8, -5.455e-9, -1.876e-8, -5.324e-7, -4.067e-7, 1.257e-7, -1.228e-8, -8.653e-9, -1.592e-8, -5.291e-7, -3.977e-7, 1.314e-7, -1.363e-8, -1.752e-8, -9.753e-9, -5.006e-7, -3.731e-7, 1.276e-7, -1.891e-8, -2.234e-8, -1.548e-8
0.048, -5.574e-7, -4.415e-7, 1.159e-7, -1.171e-8, -7.364e-9, -1.605e-8, -5.173e-7, -3.960e-7, 1.213e-7, -1.074e-8, -8.023e-9, -1.346e-8, -5.072e-7, -3.822e-7, 1.250e-7, -1.397e-8, -1.527e-8, -1.267e-8, -4.825e-7, -3.631e-7, 1.194e-7, -1.740e-8, -1.919e-8, -1.560e-8
0.044, -5.448e-7, -4.334e-7, 1.113e-7, -1.044e-8, -8.181e-9, -1.270e-8, -5.034e-7, -3.859e-7, 1.174e-7, -9.824e-9, -8.909e-9, -1.074e-8, -4.948e-7, -3.722e-7, 1.227e-7, -1.335e-8, -1.337e-8, -1.332e-8, -4.672e-7, -3.531e-7, 1.141e-7, -1.735e-8, -1.930e-8, -1.540e-8
0.040, -5.337e-7, -4.257e-7, 1.080e-7, -9.013e-9, -6.547e-9, -1.148e-8, -4.876e-7, -3.759e-7, 1.117e-7, -1.004e-8, -8.171e-9, -1.191e-8, -4.762e-7, -3.630e-7, 1.133e-7, -1.362e-8, -1.121e-8, -1.603e-8, -4.500e-7, -3.447e-7, 1.053e-7, -2.018e-8, -2.247e-8, -1.788e-8
0.036, -5.188e-7, -4.181e-7, 1.008e-7, -9.190e-9, -7.856e-9, -1.052e-8, -4.789e-7, -3.717e-7, 1.072e-7, -1.223e-8, -1.186e-8, -1.259e-8, -4.634e-7, -3.540e-7, 1.093e-7, -1.230e-8, -8.739e-9, -1.586e-8, -4.385e-7, -3.346e-7, 1.039e-7, -1.719e-8, -1.710e-8, -1.728e-8
0.032, -5.081e-7, -4.105e-7, 9.758e-8, -9.569e-9, -4.077e-9, -1.506e-8, -4.619e-7, -3.615e-7, 1.004e-7, -1.101e-8, -1.052e-8, -1.149e-8, -4.584e-7, -3.513e-7, 1.072e-7, -1.436e-8, -1.548e-8, -1.324e-8, -4.366e-7, -3.346e-7, 1.020e-7, -1.775e-8, -1.790e-8, -1.760e-8
0.028, -5.050e-7, -4.068e-7, 9.817e-8, -6.660e-9, -3.280e-9, -1.004e-8, -4.590e-7, -3.570e-7, 1.021e-7, -1.200e-8, -1.143e-8, -1.258e-8, -4.495e-7, -3.468e-7, 1.027e-7, -1.233e-8, -1.247e-8, -1.218e-8, -4.291e-7, -3.301e-7, 9.902e-8, -1.498e-8, -1.568e-8, -1.428e-8
0.024, -5.072e-7, -4.107e-7, 9.654e-8, -1.092e-8, -6.272e-9, -1.556e-8, -4.478e-7, -3.515e-7, 9.628e-8, -1.010e-8, -6.015e-9, -1.418e-8, -4.437e-7, -3.392e-7, 1.044e-7, -9.418e-9, -8.926e-9, -9.910e-9, -4.314e-7, -3.287e-7, 1.027e-7, -1.737e-8, -2.164e-8, -1.309e-8
0.020, -4.941e-7, -4.048e-7, 8.932e-8, -7.989e-9, -3.536e-9, -1.244e-8, -4.451e-7, -3.486e-7, 9.652e-8, -1.017e-8, -7.078e-9, -1.326e-8, -4.398e-7, -3.384e-7, 1.014e-7, -1.280e-8, -1.155e-8, -1.405e-8, -4.237e-7, -3.277e-7, 9.599e-8, -1.920e-8, -2.088e-8, -1.751e-8
0.016, -4.994e-7, -4.054e-7, 9.406e-8, -7.271e-9, -6.941e-9, -7.600e-9, -4.426e-7, -3.500e-7, 9.263e-8, -1.018e-8, -6.252e-9, -1.411e-8, -4.323e-7, -3.380e-7, 9.430e-8, -1.552e-8, -1.208e-8, -1.895e-8, -4.207e-7, -3.242e-7, 9.642e-8, -1.558e-8, -1.845e-8, -1.270e-8
0.012, -4.920e-7, -4.014e-7, 9.065e-8, -6.498e-9, -4.358e-10, -1.256e-8, -4.419e-7, -3.494e-7, 9.252e-8, -1.124e-8, -1.064e-8, -1.183e-8, -4.357e-7, -3.382e-7, 9.748e-8, -1.362e-8, -1.408e-8, -1.316e-8, -4.209e-7, -3.251e-7, 9.582e-8, -1.474e-8, -1.600e-8, -1.349e-8
0.008, -4.914e-7, -4.040e-7, 8.736e-8, -5.962e-9, -2.857e-9, -9.067e-9, -4.434e-7, -3.491e-7, 9.431e-8, -1.048e-8, -9.795e-9, -1.117e-8, -4.361e-7, -3.374e-7, 9.877e-8, -1.186e-8, -1.218e-8, -1.154e-8, -4.209e-7, -3.295e-7, 9.137e-8, -1.678e-8, -1.533e-8, -1.822e-8
0.004, -4.951e-7, -4.058e-7, 8.934e-8, -6.301e-9, -3.477e-9, -9.126e-9, -4.438e-7, -3.485e-7, 9.529e-8, -7.192e-9, -5.130e-9, -9.253e-9, -4.340e-7, -3.375e-7, 9.642e-8, -1.519e-8, -1.365e-8, -1.673e-8, -4.174e-7, -3.275e-7, 8.988e-8, -1.657e-8, -1.635e-8, -1.679e-8
-0.000, -4.928e-7, -4.051e-7, 8.772e-8, -5.986e-9, -3.811e-9, -8.161e-9, -4.441e-7, -3.518e-7, 9.230e-8, -9.785e-9, -9.224e-9, -1.035e-8, -4.347e-7, -3.389e-7, 9.579e-8, -1.219e-8, -1.161e-8, -1.276e-8, -4.172e-7, -3.269e-7, 9.022e-8, -1.440e-8, -1.498e-8, -1.383e-8
