0.004, 1.574e-7, 3.941e-6, 3.784e-6, 1.299e-7, 4.282e-6, 4.152e-6, 1.740e-7, 3.822e-6, 3.648e-6, 1.515e-7, 4.100e-6, 3.949e-6, 6.941e-8, 3.370e-6, 3.300e-6, 3.258e-8, 3.603e-6, 3.570e-6, 8.119e-8, 3.327e-6, 3.246e-6, 4.646e-8, 3.517e-6, 3.470e-6
0.008, -7.197e-8, 2.951e-6, 3.023e-6, -1.328e-7, 3.175e-6, 3.308e-6, -5.620e-8, 2.842e-6, 2.898e-6, -1.059e-7, 3.027e-6, 3.133e-6, -1.706e-7, 2.416e-6, 2.586e-6, -2.392e-7, 2.554e-6, 2.793e-6, -1.613e-7, 2.379e-6, 2.540e-6, -2.215e-7, 2.489e-6, 2.710e-6
0.012, -1.508e-7, 2.366e-6, 2.517e-6, -2.161e-7, 2.538e-6, 2.754e-6, -1.366e-7, 2.266e-6, 2.403e-6, -1.883e-7, 2.409e-6, 2.597e-6, -2.424e-7, 1.885e-6, 2.127e-6, -3.137e-7, 1.986e-6, 2.299e-6, -2.323e-7, 1.856e-6, 2.088e-6, -2.972e-7, 1.933e-6, 2.230e-6
0.016, -1.914e-7, 1.952e-6, 2.144e-6, -2.577e-7, 2.091e-6, 2.349e-6, -1.783e-7, 1.861e-6, 2.039e-6, -2.307e-7, 1.975e-6, 2.206e-6, -2.765e-7, 1.520e-6, 1.797e-6, -3.487e-7, 1.597e-6, 1.946e-6, -2.677e-7, 1.496e-6, 1.764e-6, -3.311e-7, 1.554e-6, 1.885e-6
0.020, -2.151e-7, 1.640e-6, 1.856e-6, -2.811e-7, 1.755e-6, 2.036e-6, -2.035e-7, 1.556e-6, 1.759e-6, -2.552e-7, 1.651e-6, 1.906e-6, -2.970e-7, 1.250e-6, 1.547e-6, -3.668e-7, 1.311e-6, 1.678e-6, -2.867e-7, 1.232e-6, 1.518e-6, -3.495e-7, 1.275e-6, 1.625e-6
0.024, -2.319e-7, 1.394e-6, 1.626e-6, -2.953e-7, 1.490e-6, 1.785e-6, -2.193e-7, 1.317e-6, 1.536e-6, -2.708e-7, 1.397e-6, 1.668e-6, -3.086e-7, 1.041e-6, 1.349e-6, -3.764e-7, 1.090e-6, 1.466e-6, -2.987e-7, 1.026e-6, 1.324e-6, -3.592e-7, 1.060e-6, 1.419e-6
0.028, -2.419e-7, 1.194e-6, 1.436e-6, -3.036e-7, 1.276e-6, 1.579e-6, -2.300e-7, 1.124e-6, 1.354e-6, -2.798e-7, 1.192e-6, 1.472e-6, -3.176e-7, 8.729e-7, 1.191e-6, -3.826e-7, 9.122e-7, 1.295e-6, -3.078e-7, 8.600e-7, 1.168e-6, -3.660e-7, 8.863e-7, 1.252e-6
0.032, -2.490e-7, 1.029e-6, 1.278e-6, -3.076e-7, 1.099e-6, 1.407e-6, -2.378e-7, 9.651e-7, 1.203e-6, -2.845e-7, 1.024e-6, 1.309e-6, -3.240e-7, 7.354e-7, 1.059e-6, -3.869e-7, 7.668e-7, 1.154e-6, -3.139e-7, 7.243e-7, 1.038e-6, -3.716e-7, 7.442e-7, 1.116e-6
0.036, -2.548e-7, 8.895e-7, 1.144e-6, -3.126e-7, 9.500e-7, 1.263e-6, -2.444e-7, 8.319e-7, 1.076e-6, -2.896e-7, 8.834e-7, 1.173e-6, -3.284e-7, 6.220e-7, 9.503e-7, -3.898e-7, 6.471e-7, 1.037e-6, -3.187e-7, 6.119e-7, 9.306e-7, -3.740e-7, 6.279e-7, 1.002e-6
0.040, -2.605e-7, 7.703e-7, 1.031e-6, -3.157e-7, 8.232e-7, 1.139e-6, -2.494e-7, 7.178e-7, 9.672e-7, -2.937e-7, 7.622e-7, 1.056e-6, -3.320e-7, 5.262e-7, 8.582e-7, -3.917e-7, 5.460e-7, 9.377e-7, -3.222e-7, 5.170e-7, 8.392e-7, -3.756e-7, 5.291e-7, 9.048e-7
0.044, -2.644e-7, 6.677e-7, 9.321e-7, -3.186e-7, 7.134e-7, 1.032e-6, -2.533e-7, 6.205e-7, 8.738e-7, -2.967e-7, 6.589e-7, 9.556e-7, -3.348e-7, 4.445e-7, 7.793e-7, -3.928e-7, 4.597e-7, 8.525e-7, -3.247e-7, 4.363e-7, 7.610e-7, -3.773e-7, 4.448e-7, 8.221e-7
0.048, -2.672e-7, 5.788e-7, 8.460e-7, -3.201e-7, 6.187e-7, 9.387e-7, -2.562e-7, 5.366e-7, 7.928e-7, -2.974e-7, 5.704e-7, 8.678e-7, -3.374e-7, 3.746e-7, 7.121e-7, -3.939e-7, 3.862e-7, 7.800e-7, -3.276e-7, 3.671e-7, 6.947e-7, -3.782e-7, 3.729e-7, 7.511e-7
0.052, -2.691e-7, 5.014e-7, 7.706e-7, -3.206e-7, 5.356e-7, 8.562e-7, -2.588e-7, 4.630e-7, 7.218e-7, -2.991e-7, 4.922e-7, 7.914e-7, -3.395e-7, 3.141e-7, 6.536e-7, -3.943e-7, 3.228e-7, 7.171e-7, -3.298e-7, 3.069e-7, 6.367e-7, -3.785e-7, 3.114e-7, 6.898e-7
0.056, -2.721e-7, 4.331e-7, 7.052e-7, -3.215e-7, 4.635e-7, 7.850e-7, -2.620e-7, 3.982e-7, 6.602e-7, -3.007e-7, 4.244e-7, 7.251e-7, -3.426e-7, 2.615e-7, 6.040e-7, -3.944e-7, 2.682e-7, 6.626e-7, -3.321e-7, 2.552e-7, 5.873e-7, -3.794e-7, 2.572e-7, 6.366e-7
0.060, -2.748e-7, 3.727e-7, 6.475e-7, -3.227e-7, 3.985e-7, 7.212e-7, -2.644e-7, 3.418e-7, 6.062e-7, -3.017e-7, 3.640e-7, 6.656e-7, -3.443e-7, 2.153e-7, 5.596e-7, -3.952e-7, 2.199e-7, 6.151e-7, -3.344e-7, 2.098e-7, 5.441e-7, -3.802e-7, 2.102e-7, 5.903e-7
0.064, -2.770e-7, 3.197e-7, 5.968e-7, -3.236e-7, 3.417e-7, 6.653e-7, -2.667e-7, 2.919e-7, 5.586e-7, -3.028e-7, 3.107e-7, 6.135e-7, -3.463e-7, 1.748e-7, 5.211e-7, -3.951e-7, 1.778e-7, 5.729e-7, -3.360e-7, 1.697e-7, 5.057e-7, -3.803e-7, 1.688e-7, 5.491e-7
0.068, -2.793e-7, 2.724e-7, 5.517e-7, -3.242e-7, 2.909e-7, 6.151e-7, -2.685e-7, 2.477e-7, 5.163e-7, -3.037e-7, 2.642e-7, 5.679e-7, -3.487e-7, 1.387e-7, 4.875e-7, -3.955e-7, 1.402e-7, 5.356e-7, -3.388e-7, 1.338e-7, 4.725e-7, -3.817e-7, 1.315e-7, 5.131e-7
0.072, -2.812e-7, 2.308e-7, 5.120e-7, -3.249e-7, 2.459e-7, 5.708e-7, -2.709e-7, 2.083e-7, 4.792e-7, -3.051e-7, 2.222e-7, 5.273e-7, -3.514e-7, 1.067e-7, 4.582e-7, -3.972e-7, 1.063e-7, 5.035e-7, -3.412e-7, 1.020e-7, 4.432e-7, -3.831e-7, 9.889e-8, 4.820e-7
0.076, -2.831e-7, 1.929e-7, 4.760e-7, -3.264e-7, 2.055e-7, 5.319e-7, -2.729e-7, 1.731e-7, 4.459e-7, -3.056e-7, 1.853e-7, 4.908e-7, -3.541e-7, 7.787e-8, 4.320e-7, -3.965e-7, 7.731e-8, 4.739e-7, -3.437e-7, 7.343e-8, 4.171e-7, -3.837e-7, 7.007e-8, 4.537e-7
0.080, -2.852e-7, 1.593e-7, 4.445e-7, -3.273e-7, 1.696e-7, 4.970e-7, -2.756e-7, 1.414e-7, 4.171e-7, -3.065e-7, 1.520e-7, 4.585e-7, -3.568e-7, 5.148e-8, 4.083e-7, -3.983e-7, 4.997e-8, 4.483e-7, -3.463e-7, 4.798e-8, 3.943e-7, -3.855e-7, 4.335e-8, 4.289e-7
0.084, -2.885e-7, 1.288e-7, 4.173e-7, -3.291e-7, 1.364e-7, 4.655e-7, -2.773e-7, 1.133e-7, 3.906e-7, -3.080e-7, 1.218e-7, 4.298e-7, -3.603e-7, 2.739e-8, 3.877e-7, -4.006e-7, 2.524e-8, 4.258e-7, -3.494e-7, 2.447e-8, 3.739e-7, -3.864e-7, 1.943e-8, 4.058e-7
0.088, -2.904e-7, 1.015e-7, 3.919e-7, -3.283e-7, 1.078e-7, 4.361e-7, -2.796e-7, 8.741e-8, 3.670e-7, -3.077e-7, 9.528e-8, 4.030e-7, -3.627e-7, 6.291e-9, 3.690e-7, -4.011e-7, 3.652e-9, 4.047e-7, -3.525e-7, 2.768e-9, 3.553e-7, -3.870e-7, -1.888e-9, 3.851e-7
0.092, -2.928e-7, 7.600e-8, 3.688e-7, -3.310e-7, 8.028e-8, 4.113e-7, -2.822e-7, 6.370e-8, 3.459e-7, -3.099e-7, 6.981e-8, 3.797e-7, -3.667e-7, -1.421e-8, 3.525e-7, -4.033e-7, -1.740e-8, 3.859e-7, -3.562e-7, -1.668e-8, 3.395e-7, -3.898e-7, -2.271e-8, 3.670e-7
0.096, -2.951e-7, 5.402e-8, 3.491e-7, -3.318e-7, 5.715e-8, 3.889e-7, -2.848e-7, 4.288e-8, 3.277e-7, -3.107e-7, 4.842e-8, 3.591e-7, -3.702e-7, -3.166e-8, 3.386e-7, -4.045e-7, -3.546e-8, 3.690e-7, -3.598e-7, -3.483e-8, 3.250e-7, -3.913e-7, -3.973e-8, 3.516e-7
0.100, -2.985e-7, 3.266e-8, 3.312e-7, -3.339e-7, 3.443e-8, 3.683e-7, -2.881e-7, 2.303e-8, 3.112e-7, -3.130e-7, 2.754e-8, 3.406e-7, -3.752e-7, -4.939e-8, 3.258e-7, -4.082e-7, -5.317e-8, 3.551e-7, -3.636e-7, -5.170e-8, 3.119e-7, -3.942e-7, -5.702e-8, 3.372e-7
0.104, -3.012e-7, 1.354e-8, 3.147e-7, -3.352e-7, 1.447e-8, 3.497e-7, -2.908e-7, 4.963e-9, 2.957e-7, -3.139e-7, 9.273e-9, 3.231e-7, -3.788e-7, -6.502e-8, 3.137e-7, -4.092e-7, -6.870e-8, 3.405e-7, -3.676e-7, -6.723e-8, 3.004e-7, -3.955e-7, -7.252e-8, 3.230e-7
0.108, -3.051e-7, -4.819e-9, 3.002e-7, -3.372e-7, -4.839e-9, 3.324e-7, -2.937e-7, -1.111e-8, 2.825e-7, -3.167e-7, -8.805e-9, 3.079e-7, -3.831e-7, -8.032e-8, 3.028e-7, -4.128e-7, -8.459e-8, 3.282e-7, -3.720e-7, -8.218e-8, 2.898e-7, -3.986e-7, -8.738e-8, 3.112e-7
0.112, -3.084e-7, -2.111e-8, 2.873e-7, -3.397e-7, -2.237e-8, 3.173e-7, -2.976e-7, -2.709e-8, 2.705e-7, -3.184e-7, -2.474e-8, 2.937e-7, -3.886e-7, -9.473e-8, 2.939e-7, -4.161e-7, -9.844e-8, 3.176e-7, -3.771e-7, -9.640e-8, 2.807e-7, -4.017e-7, -1.011e-7, 3.006e-7
0.116, -3.125e-7, -3.662e-8, 2.759e-7, -3.418e-7, -3.814e-8, 3.037e-7, -3.018e-7, -4.122e-8, 2.606e-7, -3.211e-7, -3.935e-8, 2.818e-7, -3.937e-7, -1.081e-7, 2.856e-7, -4.191e-7, -1.113e-7, 3.078e-7, -3.818e-7, -1.093e-7, 2.725e-7, -4.051e-7, -1.140e-7, 2.911e-7
0.120, -3.167e-7, -5.155e-8, 2.652e-7, -3.457e-7, -5.422e-8, 2.914e-7, -3.055e-7, -5.537e-8, 2.501e-7, -3.240e-7, -5.387e-8, 2.701e-7, -3.994e-7, -1.212e-7, 2.783e-7, -4.236e-7, -1.252e-7, 2.983e-7, -3.876e-7, -1.224e-7, 2.653e-7, -4.095e-7, -1.272e-7, 2.824e-7
0.124, -3.204e-7, -6.506e-8, 2.553e-7, -3.482e-7, -6.846e-8, 2.797e-7, -3.092e-7, -6.775e-8, 2.415e-7, -3.261e-7, -6.671e-8, 2.594e-7, -4.057e-7, -1.336e-7, 2.721e-7, -4.271e-7, -1.368e-7, 2.903e-7, -3.936e-7, -1.346e-7, 2.590e-7, -4.126e-7, -1.382e-7, 2.743e-7
0.128, -3.250e-7, -7.828e-8, 2.467e-7, -3.516e-7, -8.242e-8, 2.692e-7, -3.145e-7, -8.047e-8, 2.341e-7, -3.291e-7, -7.895e-8, 2.501e-7, -4.123e-7, -1.458e-7, 2.664e-7, -4.315e-7, -1.485e-7, 2.830e-7, -3.996e-7, -1.465e-7, 2.532e-7, -4.171e-7, -1.500e-7, 2.672e-7
0.132, -3.304e-7, -9.117e-8, 2.393e-7, -3.560e-7, -9.518e-8, 2.608e-7, -3.199e-7, -9.267e-8, 2.273e-7, -3.335e-7, -9.101e-8, 2.425e-7, -4.199e-7, -1.583e-7, 2.616e-7, -4.366e-7, -1.604e-7, 2.762e-7, -4.077e-7, -1.590e-7, 2.487e-7, -4.222e-7, -1.611e-7, 2.611e-7
0.136, -3.361e-7, -1.032e-7, 2.329e-7, -3.601e-7, -1.078e-7, 2.523e-7, -3.255e-7, -1.041e-7, 2.214e-7, -3.375e-7, -1.026e-7, 2.350e-7, -4.272e-7, -1.701e-7, 2.571e-7, -4.423e-7, -1.716e-7, 2.708e-7, -4.155e-7, -1.708e-7, 2.447e-7, -4.274e-7, -1.716e-7, 2.558e-7
0.140, -3.417e-7, -1.146e-7, 2.271e-7, -3.649e-7, -1.195e-7, 2.454e-7, -3.310e-7, -1.148e-7, 2.162e-7, -3.422e-7, -1.135e-7, 2.287e-7, -4.362e-7, -1.824e-7, 2.538e-7, -4.487e-7, -1.825e-7, 2.662e-7, -4.236e-7, -1.823e-7, 2.412e-7, -4.335e-7, -1.822e-7, 2.513e-7
0.144, -3.493e-7, -1.269e-7, 2.224e-7, -3.702e-7, -1.317e-7, 2.384e-7, -3.378e-7, -1.261e-7, 2.117e-7, -3.469e-7, -1.245e-7, 2.224e-7, -4.449e-7, -1.941e-7, 2.508e-7, -4.555e-7, -1.941e-7, 2.614e-7, -4.330e-7, -1.945e-7, 2.385e-7, -4.403e-7, -1.931e-7, 2.472e-7
0.148, -3.569e-7, -1.388e-7, 2.180e-7, -3.759e-7, -1.430e-7, 2.329e-7, -3.451e-7, -1.374e-7, 2.078e-7, -3.525e-7, -1.349e-7, 2.176e-7, -4.554e-7, -2.069e-7, 2.485e-7, -4.639e-7, -2.055e-7, 2.584e-7, -4.433e-7, -2.066e-7, 2.367e-7, -4.482e-7, -2.043e-7, 2.439e-7
0.152, -3.643e-7, -1.505e-7, 2.138e-7, -3.826e-7, -1.554e-7, 2.272e-7, -3.525e-7, -1.483e-7, 2.042e-7, -3.581e-7, -1.458e-7, 2.123e-7, -4.661e-7, -2.195e-7, 2.466e-7, -4.709e-7, -2.166e-7, 2.543e-7, -4.530e-7, -2.186e-7, 2.344e-7, -4.554e-7, -2.152e-7, 2.402e-7
0.156, -3.729e-7, -1.621e-7, 2.107e-7, -3.895e-7, -1.664e-7, 2.231e-7, -3.607e-7, -1.594e-7, 2.013e-7, -3.649e-7, -1.566e-7, 2.084e-7, -4.781e-7, -2.328e-7, 2.453e-7, -4.797e-7, -2.281e-7, 2.516e-7, -4.646e-7, -2.314e-7, 2.332e-7, -4.629e-7, -2.256e-7, 2.372e-7
0.160, -3.828e-7, -1.739e-7, 2.089e-7, -3.975e-7, -1.778e-7, 2.196e-7, -3.707e-7, -1.710e-7, 1.996e-7, -3.727e-7, -1.675e-7, 2.052e-7, -4.909e-7, -2.461e-7, 2.448e-7, -4.904e-7, -2.407e-7, 2.497e-7, -4.773e-7, -2.447e-7, 2.327e-7, -4.730e-7, -2.373e-7, 2.357e-7
0.164, -3.936e-7, -1.867e-7, 2.069e-7, -4.063e-7, -1.897e-7, 2.166e-7, -3.807e-7, -1.829e-7, 1.979e-7, -3.801e-7, -1.779e-7, 2.021e-7, -5.045e-7, -2.604e-7, 2.441e-7, -5.018e-7, -2.539e-7, 2.479e-7, -4.915e-7, -2.587e-7, 2.328e-7, -4.831e-7, -2.493e-7, 2.338e-7
0.168, -4.052e-7, -1.996e-7, 2.056e-7, -4.158e-7, -2.021e-7, 2.136e-7, -3.912e-7, -1.950e-7, 1.962e-7, -3.890e-7, -1.893e-7, 1.997e-7, -5.198e-7, -2.756e-7, 2.442e-7, -5.129e-7, -2.670e-7, 2.459e-7, -5.061e-7, -2.735e-7, 2.326e-7, -4.940e-7, -2.615e-7, 2.326e-7
0.172, -4.171e-7, -2.121e-7, 2.050e-7, -4.255e-7, -2.138e-7, 2.118e-7, -4.039e-7, -2.075e-7, 1.964e-7, -3.984e-7, -2.006e-7, 1.978e-7, -5.361e-7, -2.912e-7, 2.449e-7, -5.265e-7, -2.807e-7, 2.458e-7, -5.219e-7, -2.885e-7, 2.334e-7, -5.065e-7, -2.743e-7, 2.322e-7
0.176, -4.315e-7, -2.271e-7, 2.043e-7, -4.374e-7, -2.274e-7, 2.100e-7, -4.163e-7, -2.214e-7, 1.949e-7, -4.094e-7, -2.135e-7, 1.959e-7, -5.539e-7, -3.088e-7, 2.451e-7, -5.409e-7, -2.967e-7, 2.442e-7, -5.406e-7, -3.062e-7, 2.345e-7, -5.191e-7, -2.886e-7, 2.306e-7
0.180, -4.471e-7, -2.422e-7, 2.049e-7, -4.500e-7, -2.412e-7, 2.088e-7, -4.312e-7, -2.357e-7, 1.954e-7, -4.216e-7, -2.267e-7, 1.950e-7, -5.745e-7, -3.280e-7, 2.465e-7, -5.566e-7, -3.125e-7, 2.441e-7, -5.603e-7, -3.243e-7, 2.360e-7, -5.346e-7, -3.036e-7, 2.310e-7
0.184, -4.635e-7, -2.583e-7, 2.052e-7, -4.633e-7, -2.552e-7, 2.081e-7, -4.481e-7, -2.520e-7, 1.961e-7, -4.338e-7, -2.399e-7, 1.939e-7, -5.963e-7, -3.482e-7, 2.481e-7, -5.744e-7, -3.303e-7, 2.441e-7, -5.817e-7, -3.435e-7, 2.382e-7, -5.508e-7, -3.199e-7, 2.309e-7
0.188, -4.811e-7, -2.752e-7, 2.058e-7, -4.786e-7, -2.708e-7, 2.078e-7, -4.657e-7, -2.686e-7, 1.971e-7, -4.487e-7, -2.549e-7, 1.938e-7, -6.200e-7, -3.699e-7, 2.501e-7, -5.927e-7, -3.487e-7, 2.439e-7, -6.056e-7, -3.652e-7, 2.404e-7, -5.686e-7, -3.370e-7, 2.316e-7
0.192, -5.010e-7, -2.938e-7, 2.072e-7, -4.944e-7, -2.870e-7, 2.074e-7, -4.846e-7, -2.864e-7, 1.982e-7, -4.633e-7, -2.703e-7, 1.930e-7, -6.461e-7, -3.940e-7, 2.522e-7, -6.141e-7, -3.694e-7, 2.446e-7, -6.309e-7, -3.881e-7, 2.428e-7, -5.879e-7, -3.563e-7, 2.316e-7
0.196, -5.237e-7, -3.142e-7, 2.096e-7, -5.131e-7, -3.050e-7, 2.081e-7, -5.049e-7, -3.053e-7, 1.997e-7, -4.813e-7, -2.878e-7, 1.936e-7, -6.755e-7, -4.206e-7, 2.549e-7, -6.379e-7, -3.919e-7, 2.460e-7, -6.602e-7, -4.140e-7, 2.462e-7, -6.096e-7, -3.768e-7, 2.328e-7
0.200, -5.471e-7, -3.357e-7, 2.114e-7, -5.328e-7, -3.241e-7, 2.087e-7, -5.279e-7, -3.265e-7, 2.014e-7, -4.988e-7, -3.053e-7, 1.935e-7, -7.064e-7, -4.487e-7, 2.577e-7, -6.628e-7, -4.161e-7, 2.467e-7, -6.910e-7, -4.413e-7, 2.497e-7, -6.328e-7, -3.992e-7, 2.336e-7
0.204, -5.727e-7, -3.589e-7, 2.138e-7, -5.527e-7, -3.434e-7, 2.092e-7, -5.530e-7, -3.495e-7, 2.035e-7, -5.182e-7, -3.246e-7, 1.936e-7, -7.402e-7, -4.797e-7, 2.605e-7, -6.898e-7, -4.426e-7, 2.472e-7, -7.253e-7, -4.724e-7, 2.529e-7, -6.578e-7, -4.234e-7, 2.344e-7
0.208, -6.008e-7, -3.848e-7, 2.160e-7, -5.748e-7, -3.652e-7, 2.096e-7, -5.798e-7, -3.749e-7, 2.049e-7, -5.397e-7, -3.460e-7, 1.937e-7, -7.772e-7, -5.139e-7, 2.633e-7, -7.186e-7, -4.708e-7, 2.478e-7, -7.617e-7, -5.052e-7, 2.565e-7, -6.842e-7, -4.494e-7, 2.349e-7
0.212, -6.327e-7, -4.131e-7, 2.195e-7, -5.997e-7, -3.892e-7, 2.105e-7, -6.101e-7, -4.021e-7, 2.080e-7, -5.626e-7, -3.686e-7, 1.940e-7, -8.190e-7, -5.523e-7, 2.667e-7, -7.519e-7, -5.030e-7, 2.489e-7, -8.028e-7, -5.419e-7, 2.609e-7, -7.159e-7, -4.795e-7, 2.364e-7
0.216, -6.662e-7, -4.435e-7, 2.227e-7, -6.256e-7, -4.142e-7, 2.113e-7, -6.413e-7, -4.312e-7, 2.101e-7, -5.875e-7, -3.928e-7, 1.947e-7, -8.624e-7, -5.926e-7, 2.698e-7, -7.865e-7, -5.370e-7, 2.495e-7, -8.468e-7, -5.815e-7, 2.653e-7, -7.489e-7, -5.116e-7, 2.373e-7
0.220, -7.014e-7, -4.761e-7, 2.253e-7, -6.524e-7, -4.410e-7, 2.114e-7, -6.757e-7, -4.633e-7, 2.124e-7, -6.138e-7, -4.194e-7, 1.944e-7, -9.094e-7, -6.363e-7, 2.731e-7, -8.237e-7, -5.739e-7, 2.498e-7, -8.939e-7, -6.245e-7, 2.694e-7, -7.854e-7, -5.469e-7, 2.385e-7
0.224, -7.401e-7, -5.114e-7, 2.287e-7, -6.826e-7, -4.708e-7, 2.118e-7, -7.126e-7, -4.981e-7, 2.145e-7, -6.416e-7, -4.474e-7, 1.942e-7, -9.597e-7, -6.840e-7, 2.756e-7, -8.649e-7, -6.145e-7, 2.505e-7, -9.437e-7, -6.703e-7, 2.734e-7, -8.253e-7, -5.857e-7, 2.396e-7
0.228, -7.825e-7, -5.498e-7, 2.327e-7, -7.139e-7, -5.017e-7, 2.122e-7, -7.524e-7, -5.353e-7, 2.171e-7, -6.726e-7, -4.787e-7, 1.939e-7, -1.013e-6, -7.354e-7, 2.779e-7, -9.092e-7, -6.589e-7, 2.503e-7, -9.969e-7, -7.199e-7, 2.770e-7, -8.678e-7, -6.276e-7, 2.402e-7
0.232, -8.260e-7, -5.904e-7, 2.356e-7, -7.486e-7, -5.365e-7, 2.121e-7, -7.940e-7, -5.749e-7, 2.192e-7, -7.050e-7, -5.124e-7, 1.927e-7, -1.070e-6, -7.892e-7, 2.808e-7, -9.581e-7, -7.075e-7, 2.506e-7, -1.052e-6, -7.714e-7, 2.809e-7, -9.137e-7, -6.731e-7, 2.406e-7
0.236, -8.728e-7, -6.340e-7, 2.388e-7, -7.862e-7, -5.741e-7, 2.121e-7, -8.389e-7, -6.180e-7, 2.209e-7, -7.412e-7, -5.490e-7, 1.922e-7, -1.129e-6, -8.467e-7, 2.822e-7, -1.011e-6, -7.608e-7, 2.499e-7, -1.111e-6, -8.266e-7, 2.840e-7, -9.655e-7, -7.241e-7, 2.415e-7
0.240, -9.209e-7, -6.798e-7, 2.411e-7, -8.265e-7, -6.151e-7, 2.115e-7, -8.852e-7, -6.629e-7, 2.223e-7, -7.800e-7, -5.895e-7, 1.905e-7, -1.189e-6, -9.067e-7, 2.827e-7, -1.067e-6, -8.191e-7, 2.481e-7, -1.170e-6, -8.839e-7, 2.859e-7, -1.019e-6, -7.784e-7, 2.411e-7
0.244, -9.718e-7, -7.278e-7, 2.441e-7, -8.720e-7, -6.604e-7, 2.116e-7, -9.340e-7, -7.106e-7, 2.234e-7, -8.233e-7, -6.340e-7, 1.894e-7, -1.251e-6, -9.687e-7, 2.825e-7, -1.130e-6, -8.823e-7, 2.474e-7, -1.230e-6, -9.422e-7, 2.882e-7, -1.079e-6, -8.379e-7, 2.411e-7
0.248, -1.022e-6, -7.768e-7, 2.454e-7, -9.194e-7, -7.091e-7, 2.103e-7, -9.834e-7, -7.596e-7, 2.237e-7, -8.691e-7, -6.820e-7, 1.871e-7, -1.313e-6, -1.032e-6, 2.807e-7, -1.195e-6, -9.497e-7, 2.454e-7, -1.290e-6, -1.002e-6, 2.879e-7, -1.141e-6, -9.006e-7, 2.404e-7
0.252, -1.073e-6, -8.265e-7, 2.466e-7, -9.708e-7, -7.622e-7, 2.086e-7, -1.033e-6, -8.094e-7, 2.236e-7, -9.189e-7, -7.345e-7, 1.844e-7, -1.374e-6, -1.096e-6, 2.781e-7, -1.264e-6, -1.022e-6, 2.423e-7, -1.349e-6, -1.062e-6, 2.869e-7, -1.207e-6, -9.677e-7, 2.390e-7
0.256, -1.123e-6, -8.762e-7, 2.464e-7, -1.026e-6, -8.189e-7, 2.074e-7, -1.083e-6, -8.604e-7, 2.224e-7, -9.731e-7, -7.910e-7, 1.822e-7, -1.434e-6, -1.160e-6, 2.747e-7, -1.337e-6, -1.098e-6, 2.389e-7, -1.405e-6, -1.120e-6, 2.849e-7, -1.274e-6, -1.038e-6, 2.365e-7
0.260, -1.173e-6, -9.268e-7, 2.466e-7, -1.086e-6, -8.802e-7, 2.058e-7, -1.133e-6, -9.119e-7, 2.209e-7, -1.031e-6, -8.518e-7, 1.791e-7, -1.493e-6, -1.223e-6, 2.697e-7, -1.415e-6, -1.179e-6, 2.354e-7, -1.461e-6, -1.179e-6, 2.819e-7, -1.347e-6, -1.112e-6, 2.342e-7
0.264, -1.220e-6, -9.752e-7, 2.451e-7, -1.147e-6, -9.432e-7, 2.038e-7, -1.181e-6, -9.624e-7, 2.191e-7, -1.092e-6, -9.156e-7, 1.761e-7, -1.549e-6, -1.285e-6, 2.644e-7, -1.493e-6, -1.261e-6, 2.311e-7, -1.511e-6, -1.233e-6, 2.780e-7, -1.418e-6, -1.187e-6, 2.316e-7
0.268, -1.264e-6, -1.021e-6, 2.432e-7, -1.211e-6, -1.009e-6, 2.024e-7, -1.227e-6, -1.011e-6, 2.164e-7, -1.156e-6, -9.819e-7, 1.739e-7, -1.599e-6, -1.341e-6, 2.572e-7, -1.570e-6, -1.344e-6, 2.265e-7, -1.557e-6, -1.285e-6, 2.722e-7, -1.490e-6, -1.262e-6, 2.280e-7
0.272, -1.306e-6, -1.065e-6, 2.415e-7, -1.277e-6, -1.075e-6, 2.023e-7, -1.270e-6, -1.056e-6, 2.141e-7, -1.222e-6, -1.049e-6, 1.728e-7, -1.644e-6, -1.394e-6, 2.505e-7, -1.648e-6, -1.426e-6, 2.226e-7, -1.598e-6, -1.331e-6, 2.667e-7, -1.560e-6, -1.335e-6, 2.255e-7
0.276, -1.342e-6, -1.103e-6, 2.385e-7, -1.343e-6, -1.140e-6, 2.026e-7, -1.309e-6, -1.097e-6, 2.114e-7, -1.288e-6, -1.116e-6, 1.718e-7, -1.682e-6, -1.439e-6, 2.429e-7, -1.722e-6, -1.503e-6, 2.187e-7, -1.631e-6, -1.371e-6, 2.604e-7, -1.627e-6, -1.404e-6, 2.225e-7
0.280, -1.372e-6, -1.137e-6, 2.351e-7, -1.406e-6, -1.203e-6, 2.030e-7, -1.342e-6, -1.134e-6, 2.082e-7, -1.353e-6, -1.181e-6, 1.723e-7, -1.712e-6, -1.477e-6, 2.346e-7, -1.789e-6, -1.575e-6, 2.142e-7, -1.657e-6, -1.403e-6, 2.536e-7, -1.687e-6, -1.467e-6, 2.193e-7
0.284, -1.395e-6, -1.163e-6, 2.319e-7, -1.466e-6, -1.260e-6, 2.056e-7, -1.369e-6, -1.163e-6, 2.058e-7, -1.416e-6, -1.242e-6, 1.748e-7, -1.734e-6, -1.507e-6, 2.266e-7, -1.851e-6, -1.638e-6, 2.123e-7, -1.674e-6, -1.428e-6, 2.463e-7, -1.740e-6, -1.522e-6, 2.180e-7
0.288, -1.409e-6, -1.181e-6, 2.278e-7, -1.518e-6, -1.310e-6, 2.082e-7, -1.385e-6, -1.184e-6, 2.016e-7, -1.470e-6, -1.293e-6, 1.774e-7, -1.744e-6, -1.526e-6, 2.177e-7, -1.898e-6, -1.690e-6, 2.086e-7, -1.681e-6, -1.443e-6, 2.384e-7, -1.781e-6, -1.565e-6, 2.160e-7
0.292, -1.413e-6, -1.191e-6, 2.227e-7, -1.561e-6, -1.349e-6, 2.116e-7, -1.394e-6, -1.195e-6, 1.984e-7, -1.515e-6, -1.334e-6, 1.808e-7, -1.743e-6, -1.535e-6, 2.086e-7, -1.934e-6, -1.728e-6, 2.062e-7, -1.677e-6, -1.447e-6, 2.296e-7, -1.810e-6, -1.595e-6, 2.145e-7
0.296, -1.406e-6, -1.190e-6, 2.165e-7, -1.589e-6, -1.375e-6, 2.142e-7, -1.389e-6, -1.196e-6, 1.933e-7, -1.547e-6, -1.362e-6, 1.847e-7, -1.730e-6, -1.531e-6, 1.989e-7, -1.954e-6, -1.750e-6, 2.041e-7, -1.662e-6, -1.442e-6, 2.206e-7, -1.822e-6, -1.611e-6, 2.117e-7
0.300, -1.388e-6, -1.178e-6, 2.098e-7, -1.603e-6, -1.386e-6, 2.166e-7, -1.374e-6, -1.186e-6, 1.878e-7, -1.563e-6, -1.375e-6, 1.876e-7, -1.704e-6, -1.516e-6, 1.881e-7, -1.955e-6, -1.755e-6, 1.999e-7, -1.634e-6, -1.425e-6, 2.097e-7, -1.820e-6, -1.611e-6, 2.091e-7
0.304, -1.357e-6, -1.156e-6, 2.007e-7, -1.599e-6, -1.382e-6, 2.171e-7, -1.345e-6, -1.165e-6, 1.801e-7, -1.561e-6, -1.372e-6, 1.892e-7, -1.666e-6, -1.490e-6, 1.756e-7, -1.938e-6, -1.743e-6, 1.951e-7, -1.596e-6, -1.399e-6, 1.973e-7, -1.799e-6, -1.595e-6, 2.038e-7
0.308, -1.315e-6, -1.125e-6, 1.899e-7, -1.577e-6, -1.362e-6, 2.151e-7, -1.305e-6, -1.135e-6, 1.704e-7, -1.542e-6, -1.353e-6, 1.889e-7, -1.616e-6, -1.455e-6, 1.617e-7, -1.902e-6, -1.715e-6, 1.876e-7, -1.546e-6, -1.363e-6, 1.833e-7, -1.761e-6, -1.565e-6, 1.960e-7
0.312, -1.260e-6, -1.084e-6, 1.760e-7, -1.534e-6, -1.325e-6, 2.090e-7, -1.253e-6, -1.095e-6, 1.583e-7, -1.500e-6, -1.317e-6, 1.836e-7, -1.555e-6, -1.410e-6, 1.449e-7, -1.844e-6, -1.669e-6, 1.758e-7, -1.487e-6, -1.320e-6, 1.670e-7, -1.705e-6, -1.520e-6, 1.847e-7
0.316, -1.198e-6, -1.038e-6, 1.602e-7, -1.474e-6, -1.275e-6, 1.992e-7, -1.192e-6, -1.048e-6, 1.438e-7, -1.442e-6, -1.267e-6, 1.753e-7, -1.486e-6, -1.360e-6, 1.266e-7, -1.771e-6, -1.610e-6, 1.614e-7, -1.421e-6, -1.272e-6, 1.491e-7, -1.635e-6, -1.464e-6, 1.709e-7
0.320, -1.130e-6, -9.882e-7, 1.419e-7, -1.399e-6, -1.214e-6, 1.849e-7, -1.125e-6, -9.981e-7, 1.268e-7, -1.368e-6, -1.205e-6, 1.629e-7, -1.411e-6, -1.305e-6, 1.063e-7, -1.682e-6, -1.540e-6, 1.425e-7, -1.350e-6, -1.221e-6, 1.285e-7, -1.552e-6, -1.399e-6, 1.529e-7
0.324, -1.059e-6, -9.383e-7, 1.209e-7, -1.312e-6, -1.147e-6, 1.655e-7, -1.055e-6, -9.473e-7, 1.076e-7, -1.281e-6, -1.136e-6, 1.446e-7, -1.335e-6, -1.251e-6, 8.336e-8, -1.584e-6, -1.465e-6, 1.195e-7, -1.276e-6, -1.169e-6, 1.061e-7, -1.462e-6, -1.331e-6, 1.310e-7
0.328, -9.905e-7, -8.915e-7, 9.902e-8, -1.221e-6, -1.078e-6, 1.432e-7, -9.854e-7, -8.985e-7, 8.698e-8, -1.190e-6, -1.066e-6, 1.238e-7, -1.258e-6, -1.199e-6, 5.966e-8, -1.482e-6, -1.388e-6, 9.360e-8, -1.203e-6, -1.120e-6, 8.308e-8, -1.369e-6, -1.262e-6, 1.068e-7
0.332, -9.240e-7, -8.489e-7, 7.505e-8, -1.128e-6, -1.012e-6, 1.164e-7, -9.196e-7, -8.550e-7, 6.458e-8, -1.097e-6, -9.984e-7, 9.844e-8, -1.187e-6, -1.152e-6, 3.494e-8, -1.379e-6, -1.315e-6, 6.389e-8, -1.134e-6, -1.076e-6, 5.829e-8, -1.276e-6, -1.197e-6, 7.896e-8
0.336, -8.652e-7, -8.133e-7, 5.188e-8, -1.042e-6, -9.525e-7, 8.915e-8, -8.606e-7, -8.177e-7, 4.296e-8, -1.010e-6, -9.372e-7, 7.235e-8, -1.121e-6, -1.110e-6, 1.024e-8, -1.283e-6, -1.250e-6, 3.340e-8, -1.071e-6, -1.037e-6, 3.369e-8, -1.190e-6, -1.139e-6, 5.119e-8
0.340, -8.144e-7, -7.850e-7, 2.943e-8, -9.634e-7, -9.029e-7, 6.051e-8, -8.080e-7, -7.878e-7, 2.017e-8, -9.315e-7, -8.867e-7, 4.483e-8, -1.062e-6, -1.076e-6, -1.435e-8, -1.196e-6, -1.194e-6, 1.785e-9, -1.014e-6, -1.005e-6, 9.815e-9, -1.113e-6, -1.090e-6, 2.278e-8
0.344, -7.690e-7, -7.628e-7, 6.273e-9, -8.946e-7, -8.632e-7, 3.140e-8, -7.635e-7, -7.647e-7, -1.197e-9, -8.622e-7, -8.455e-7, 1.667e-8, -1.011e-6, -1.049e-6, -3.885e-8, -1.119e-6, -1.148e-6, -2.933e-8, -9.643e-7, -9.778e-7, -1.350e-8, -1.043e-6, -1.049e-6, -5.872e-9
0.348, -7.335e-7, -7.473e-7, -1.383e-8, -8.388e-7, -8.342e-7, 4.510e-9, -7.262e-7, -7.481e-7, -2.191e-8, -8.056e-7, -8.156e-7, -9.966e-9, -9.680e-7, -1.029e-6, -6.112e-8, -1.054e-6, -1.113e-6, -5.892e-8, -9.221e-7, -9.574e-7, -3.536e-8, -9.862e-7, -1.019e-6, -3.244e-8
0.352, -7.023e-7, -7.364e-7, -3.412e-8, -7.923e-7, -8.140e-7, -2.171e-8, -6.957e-7, -7.369e-7, -4.120e-8, -7.595e-7, -7.948e-7, -3.527e-8, -9.312e-7, -1.014e-6, -8.324e-8, -9.996e-7, -1.087e-6, -8.739e-8, -8.868e-7, -9.428e-7, -5.599e-8, -9.365e-7, -9.952e-7, -5.865e-8
0.356, -6.771e-7, -7.290e-7, -5.196e-8, -7.538e-7, -7.993e-7, -4.550e-8, -6.697e-7, -7.289e-7, -5.920e-8, -7.209e-7, -7.803e-7, -5.936e-8, -9.006e-7, -1.004e-6, -1.034e-7, -9.546e-7, -1.068e-6, -1.139e-7, -8.555e-7, -9.308e-7, -7.525e-8, -8.960e-7, -9.782e-7, -8.221e-8
0.360, -6.578e-7, -7.260e-7, -6.820e-8, -7.249e-7, -7.922e-7, -6.722e-8, -6.498e-7, -7.257e-7, -7.588e-8, -6.918e-7, -7.723e-7, -8.048e-8, -8.762e-7, -9.979e-7, -1.217e-7, -9.184e-7, -1.057e-6, -1.382e-7, -8.312e-7, -9.240e-7, -9.276e-8, -8.634e-7, -9.670e-7, -1.036e-7
0.364, -6.404e-7, -7.234e-7, -8.302e-8, -7.003e-7, -7.865e-7, -8.629e-8, -6.324e-7, -7.230e-7, -9.065e-8, -6.674e-7, -7.672e-7, -9.978e-8, -8.550e-7, -9.939e-7, -1.388e-7, -8.892e-7, -1.048e-6, -1.591e-7, -8.101e-7, -9.188e-7, -1.087e-7, -8.363e-7, -9.588e-7, -1.225e-7
0.368, -6.275e-7, -7.236e-7, -9.611e-8, -6.802e-7, -7.842e-7, -1.040e-7, -6.191e-7, -7.232e-7, -1.041e-7, -6.469e-7, -7.649e-7, -1.180e-7, -8.378e-7, -9.924e-7, -1.546e-7, -8.651e-7, -1.044e-6, -1.788e-7, -7.922e-7, -9.154e-7, -1.232e-7, -8.143e-7, -9.539e-7, -1.397e-7
0.372, -6.148e-7, -7.232e-7, -1.084e-7, -6.643e-7, -7.838e-7, -1.195e-7, -6.070e-7, -7.234e-7, -1.164e-7, -6.312e-7, -7.644e-7, -1.333e-7, -8.227e-7, -9.914e-7, -1.687e-7, -8.450e-7, -1.041e-6, -1.958e-7, -7.779e-7, -9.139e-7, -1.360e-7, -7.960e-7, -9.511e-7, -1.550e-7
0.376, -6.066e-7, -7.258e-7, -1.192e-7, -6.535e-7, -7.857e-7, -1.322e-7, -5.972e-7, -7.250e-7, -1.278e-7, -6.197e-7, -7.661e-7, -1.465e-7, -8.105e-7, -9.924e-7, -1.819e-7, -8.307e-7, -1.041e-6, -2.104e-7, -7.663e-7, -9.141e-7, -1.478e-7, -7.825e-7, -9.506e-7, -1.681e-7
0.380, -5.971e-7, -7.266e-7, -1.295e-7, -6.420e-7, -7.863e-7, -1.443e-7, -5.880e-7, -7.265e-7, -1.384e-7, -6.084e-7, -7.675e-7, -1.591e-7, -7.983e-7, -9.926e-7, -1.943e-7, -8.165e-7, -1.041e-6, -2.240e-7, -7.539e-7, -9.132e-7, -1.593e-7, -7.702e-7, -9.502e-7, -1.800e-7
0.384, -5.895e-7, -7.288e-7, -1.393e-7, -6.329e-7, -7.884e-7, -1.555e-7, -5.803e-7, -7.282e-7, -1.480e-7, -5.996e-7, -7.697e-7, -1.701e-7, -7.869e-7, -9.933e-7, -2.064e-7, -8.055e-7, -1.042e-6, -2.366e-7, -7.436e-7, -9.135e-7, -1.699e-7, -7.597e-7, -9.509e-7, -1.912e-7
0.388, -5.834e-7, -7.311e-7, -1.477e-7, -6.272e-7, -7.915e-7, -1.643e-7, -5.742e-7, -7.310e-7, -1.568e-7, -5.936e-7, -7.730e-7, -1.794e-7, -7.782e-7, -9.951e-7, -2.169e-7, -7.968e-7, -1.044e-6, -2.474e-7, -7.352e-7, -9.146e-7, -1.794e-7, -7.522e-7, -9.529e-7, -2.007e-7
0.392, -5.755e-7, -7.325e-7, -1.570e-7, -6.197e-7, -7.931e-7, -1.734e-7, -5.658e-7, -7.316e-7, -1.658e-7, -5.852e-7, -7.739e-7, -1.888e-7, -7.676e-7, -9.950e-7, -2.273e-7, -7.857e-7, -1.044e-6, -2.584e-7, -7.264e-7, -9.149e-7, -1.884e-7, -7.432e-7, -9.534e-7, -2.102e-7
0.396, -5.688e-7, -7.343e-7, -1.655e-7, -6.136e-7, -7.957e-7, -1.821e-7, -5.589e-7, -7.336e-7, -1.747e-7, -5.792e-7, -7.770e-7, -1.977e-7, -7.582e-7, -9.960e-7, -2.378e-7, -7.779e-7, -1.046e-6, -2.684e-7, -7.171e-7, -9.155e-7, -1.984e-7, -7.358e-7, -9.547e-7, -2.189e-7
0.400, -5.615e-7, -7.351e-7, -1.736e-7, -6.070e-7, -7.971e-7, -1.901e-7, -5.522e-7, -7.347e-7, -1.825e-7, -5.725e-7, -7.784e-7, -2.059e-7, -7.487e-7, -9.959e-7, -2.472e-7, -7.695e-7, -1.047e-6, -2.772e-7, -7.089e-7, -9.152e-7, -2.064e-7, -7.271e-7, -9.546e-7, -2.275e-7
0.404, -5.547e-7, -7.362e-7, -1.815e-7, -6.017e-7, -7.990e-7, -1.973e-7, -5.452e-7, -7.350e-7, -1.898e-7, -5.668e-7, -7.800e-7, -2.133e-7, -7.388e-7, -9.956e-7, -2.567e-7, -7.608e-7, -1.047e-6, -2.861e-7, -7.003e-7, -9.151e-7, -2.149e-7, -7.206e-7, -9.556e-7, -2.350e-7
0.408, -5.477e-7, -7.365e-7, -1.888e-7, -5.947e-7, -7.997e-7, -2.050e-7, -5.380e-7, -7.358e-7, -1.978e-7, -5.589e-7, -7.803e-7, -2.214e-7, -7.285e-7, -9.944e-7, -2.659e-7, -7.512e-7, -1.046e-6, -2.951e-7, -6.908e-7, -9.144e-7, -2.236e-7, -7.124e-7, -9.554e-7, -2.429e-7
0.412, -5.404e-7, -7.363e-7, -1.959e-7, -5.887e-7, -8.008e-7, -2.121e-7, -5.309e-7, -7.359e-7, -2.050e-7, -5.527e-7, -7.808e-7, -2.281e-7, -7.180e-7, -9.927e-7, -2.747e-7, -7.431e-7, -1.046e-6, -3.028e-7, -6.821e-7, -9.133e-7, -2.313e-7, -7.052e-7, -9.551e-7, -2.499e-7
0.416, -5.339e-7, -7.366e-7, -2.027e-7, -5.819e-7, -8.007e-7, -2.189e-7, -5.240e-7, -7.360e-7, -2.119e-7, -5.458e-7, -7.809e-7, -2.352e-7, -7.076e-7, -9.906e-7, -2.830e-7, -7.343e-7, -1.045e-6, -3.106e-7, -6.730e-7, -9.116e-7, -2.386e-7, -6.973e-7, -9.547e-7, -2.574e-7
0.420, -5.266e-7, -7.363e-7, -2.097e-7, -5.762e-7, -8.010e-7, -2.248e-7, -5.176e-7, -7.363e-7, -2.187e-7, -5.403e-7, -7.819e-7, -2.415e-7, -6.985e-7, -9.890e-7, -2.905e-7, -7.263e-7, -1.044e-6, -3.179e-7, -6.653e-7, -9.106e-7, -2.453e-7, -6.906e-7, -9.542e-7, -2.636e-7
0.424, -5.208e-7, -7.370e-7, -2.163e-7, -5.711e-7, -8.020e-7, -2.309e-7, -5.104e-7, -7.356e-7, -2.252e-7, -5.349e-7, -7.823e-7, -2.474e-7, -6.889e-7, -9.875e-7, -2.986e-7, -7.188e-7, -1.043e-6, -3.245e-7, -6.570e-7, -9.095e-7, -2.525e-7, -6.830e-7, -9.535e-7, -2.706e-7
0.428, -5.143e-7, -7.363e-7, -2.220e-7, -5.657e-7, -8.023e-7, -2.366e-7, -5.037e-7, -7.346e-7, -2.309e-7, -5.294e-7, -7.823e-7, -2.529e-7, -6.794e-7, -9.845e-7, -3.052e-7, -7.104e-7, -1.042e-6, -3.314e-7, -6.485e-7, -9.072e-7, -2.587e-7, -6.761e-7, -9.523e-7, -2.762e-7
0.432, -5.072e-7, -7.356e-7, -2.284e-7, -5.597e-7, -8.027e-7, -2.430e-7, -4.974e-7, -7.342e-7, -2.368e-7, -5.224e-7, -7.821e-7, -2.597e-7, -6.690e-7, -9.817e-7, -3.127e-7, -7.015e-7, -1.039e-6, -3.378e-7, -6.390e-7, -9.051e-7, -2.660e-7, -6.687e-7, -9.509e-7, -2.822e-7
0.436, -5.015e-7, -7.351e-7, -2.336e-7, -5.549e-7, -8.027e-7, -2.478e-7, -4.910e-7, -7.334e-7, -2.424e-7, -5.174e-7, -7.819e-7, -2.645e-7, -6.597e-7, -9.786e-7, -3.189e-7, -6.945e-7, -1.038e-6, -3.435e-7, -6.316e-7, -9.031e-7, -2.715e-7, -6.616e-7, -9.499e-7, -2.882e-7
0.440, -4.956e-7, -7.338e-7, -2.382e-7, -5.506e-7, -8.028e-7, -2.522e-7, -4.856e-7, -7.327e-7, -2.471e-7, -5.121e-7, -7.814e-7, -2.693e-7, -6.512e-7, -9.756e-7, -3.244e-7, -6.868e-7, -1.035e-6, -3.486e-7, -6.246e-7, -9.012e-7, -2.766e-7, -6.559e-7, -9.485e-7, -2.926e-7
0.444, -4.907e-7, -7.337e-7, -2.429e-7, -5.455e-7, -8.025e-7, -2.569e-7, -4.801e-7, -7.321e-7, -2.519e-7, -5.080e-7, -7.815e-7, -2.735e-7, -6.435e-7, -9.727e-7, -3.292e-7, -6.805e-7, -1.034e-6, -3.533e-7, -6.174e-7, -8.991e-7, -2.817e-7, -6.498e-7, -9.475e-7, -2.977e-7
0.448, -4.854e-7, -7.329e-7, -2.475e-7, -5.423e-7, -8.030e-7, -2.608e-7, -4.750e-7, -7.311e-7, -2.561e-7, -5.035e-7, -7.811e-7, -2.776e-7, -6.347e-7, -9.693e-7, -3.346e-7, -6.739e-7, -1.032e-6, -3.580e-7, -6.103e-7, -8.968e-7, -2.865e-7, -6.443e-7, -9.462e-7, -3.019e-7
0.452, -4.803e-7, -7.319e-7, -2.515e-7, -5.377e-7, -8.025e-7, -2.648e-7, -4.699e-7, -7.299e-7, -2.600e-7, -4.988e-7, -7.807e-7, -2.820e-7, -6.272e-7, -9.666e-7, -3.394e-7, -6.675e-7, -1.030e-6, -3.621e-7, -6.038e-7, -8.945e-7, -2.907e-7, -6.381e-7, -9.444e-7, -3.063e-7
0.456, -4.759e-7, -7.313e-7, -2.554e-7, -5.341e-7, -8.025e-7, -2.684e-7, -4.653e-7, -7.288e-7, -2.636e-7, -4.956e-7, -7.807e-7, -2.851e-7, -6.203e-7, -9.631e-7, -3.428e-7, -6.622e-7, -1.028e-6, -3.655e-7, -5.976e-7, -8.923e-7, -2.947e-7, -6.338e-7, -9.430e-7, -3.092e-7
0.460, -4.708e-7, -7.302e-7, -2.594e-7, -5.302e-7, -8.021e-7, -2.720e-7, -4.605e-7, -7.280e-7, -2.676e-7, -4.913e-7, -7.799e-7, -2.886e-7, -6.125e-7, -9.598e-7, -3.474e-7, -6.562e-7, -1.025e-6, -3.690e-7, -5.913e-7, -8.897e-7, -2.984e-7, -6.288e-7, -9.416e-7, -3.128e-7
0.464, -4.671e-7, -7.295e-7, -2.624e-7, -5.273e-7, -8.023e-7, -2.751e-7, -4.562e-7, -7.267e-7, -2.704e-7, -4.890e-7, -7.802e-7, -2.912e-7, -6.063e-7, -9.566e-7, -3.503e-7, -6.513e-7, -1.023e-6, -3.721e-7, -5.856e-7, -8.876e-7, -3.020e-7, -6.241e-7, -9.401e-7, -3.160e-7
0.468, -4.635e-7, -7.287e-7, -2.652e-7, -5.246e-7, -8.022e-7, -2.776e-7, -4.527e-7, -7.259e-7, -2.733e-7, -4.861e-7, -7.799e-7, -2.938e-7, -5.992e-7, -9.529e-7, -3.538e-7, -6.461e-7, -1.021e-6, -3.748e-7, -5.801e-7, -8.850e-7, -3.049e-7, -6.199e-7, -9.385e-7, -3.186e-7
0.472, -4.594e-7, -7.280e-7, -2.686e-7, -5.225e-7, -8.030e-7, -2.805e-7, -4.485e-7, -7.244e-7, -2.759e-7, -4.842e-7, -7.805e-7, -2.963e-7, -5.935e-7, -9.502e-7, -3.568e-7, -6.425e-7, -1.019e-6, -3.770e-7, -5.742e-7, -8.824e-7, -3.082e-7, -6.160e-7, -9.370e-7, -3.211e-7
0.476, -4.562e-7, -7.269e-7, -2.707e-7, -5.205e-7, -8.027e-7, -2.822e-7, -4.453e-7, -7.234e-7, -2.781e-7, -4.820e-7, -7.803e-7, -2.983e-7, -5.872e-7, -9.465e-7, -3.593e-7, -6.381e-7, -1.017e-6, -3.790e-7, -5.687e-7, -8.794e-7, -3.106e-7, -6.124e-7, -9.358e-7, -3.235e-7
0.480, -4.521e-7, -7.255e-7, -2.734e-7, -5.188e-7, -8.031e-7, -2.843e-7, -4.418e-7, -7.223e-7, -2.805e-7, -4.795e-7, -7.800e-7, -3.005e-7, -5.817e-7, -9.427e-7, -3.610e-7, -6.345e-7, -1.016e-6, -3.810e-7, -5.632e-7, -8.766e-7, -3.134e-7, -6.084e-7, -9.343e-7, -3.258e-7
0.484, -4.483e-7, -7.237e-7, -2.754e-7, -5.154e-7, -8.019e-7, -2.866e-7, -4.380e-7, -7.208e-7, -2.828e-7, -4.770e-7, -7.793e-7, -3.022e-7, -5.753e-7, -9.389e-7, -3.636e-7, -6.294e-7, -1.013e-6, -3.831e-7, -5.583e-7, -8.734e-7, -3.151e-7, -6.046e-7, -9.324e-7, -3.279e-7
0.488, -4.449e-7, -7.224e-7, -2.775e-7, -5.136e-7, -8.017e-7, -2.880e-7, -4.350e-7, -7.190e-7, -2.839e-7, -4.746e-7, -7.786e-7, -3.040e-7, -5.695e-7, -9.351e-7, -3.657e-7, -6.255e-7, -1.010e-6, -3.847e-7, -5.534e-7, -8.709e-7, -3.175e-7, -6.009e-7, -9.304e-7, -3.295e-7
0.492, -4.409e-7, -7.206e-7, -2.797e-7, -5.108e-7, -8.008e-7, -2.900e-7, -4.309e-7, -7.172e-7, -2.863e-7, -4.725e-7, -7.783e-7, -3.058e-7, -5.629e-7, -9.307e-7, -3.678e-7, -6.216e-7, -1.008e-6, -3.861e-7, -5.466e-7, -8.667e-7, -3.201e-7, -5.970e-7, -9.283e-7, -3.313e-7
0.496, -4.366e-7, -7.180e-7, -2.815e-7, -5.085e-7, -7.996e-7, -2.911e-7, -4.262e-7, -7.143e-7, -2.881e-7, -4.705e-7, -7.771e-7, -3.067e-7, -5.575e-7, -9.262e-7, -3.688e-7, -6.173e-7, -1.004e-6, -3.867e-7, -5.419e-7, -8.633e-7, -3.213e-7, -5.938e-7, -9.262e-7, -3.324e-7
0.500, -4.319e-7, -7.157e-7, -2.838e-7, -5.051e-7, -7.987e-7, -2.936e-7, -4.225e-7, -7.121e-7, -2.896e-7, -4.668e-7, -7.756e-7, -3.087e-7, -5.509e-7, -9.219e-7, -3.710e-7, -6.128e-7, -1.001e-6, -3.885e-7, -5.359e-7, -8.597e-7, -3.238e-7, -5.884e-7, -9.230e-7, -3.347e-7
0.504, -4.274e-7, -7.132e-7, -2.857e-7, -5.018e-7, -7.962e-7, -2.944e-7, -4.183e-7, -7.094e-7, -2.911e-7, -4.640e-7, -7.739e-7, -3.099e-7, -5.446e-7, -9.170e-7, -3.724e-7, -6.069e-7, -9.967e-7, -3.898e-7, -5.299e-7, -8.553e-7, -3.254e-7, -5.831e-7, -9.197e-7, -3.366e-7
0.508, -4.219e-7, -7.090e-7, -2.871e-7, -4.978e-7, -7.945e-7, -2.966e-7, -4.137e-7, -7.065e-7, -2.928e-7, -4.600e-7, -7.712e-7, -3.112e-7, -5.386e-7, -9.122e-7, -3.736e-7, -6.016e-7, -9.929e-7, -3.912e-7, -5.240e-7, -8.507e-7, -3.267e-7, -5.784e-7, -9.162e-7, -3.378e-7
0.512, -4.171e-7, -7.063e-7, -2.892e-7, -4.940e-7, -7.919e-7, -2.979e-7, -4.094e-7, -7.036e-7, -2.942e-7, -4.567e-7, -7.694e-7, -3.127e-7, -5.319e-7, -9.069e-7, -3.751e-7, -5.972e-7, -9.892e-7, -3.920e-7, -5.179e-7, -8.467e-7, -3.287e-7, -5.734e-7, -9.124e-7, -3.390e-7
0.516, -4.125e-7, -7.030e-7, -2.904e-7, -4.893e-7, -7.886e-7, -2.994e-7, -4.044e-7, -7.001e-7, -2.956e-7, -4.529e-7, -7.667e-7, -3.138e-7, -5.252e-7, -9.017e-7, -3.765e-7, -5.915e-7, -9.842e-7, -3.927e-7, -5.110e-7, -8.417e-7, -3.307e-7, -5.680e-7, -9.081e-7, -3.400e-7
0.520, -4.069e-7, -6.996e-7, -2.927e-7, -4.850e-7, -7.864e-7, -3.014e-7, -3.996e-7, -6.969e-7, -2.972e-7, -4.483e-7, -7.638e-7, -3.155e-7, -5.185e-7, -8.969e-7, -3.784e-7, -5.853e-7, -9.795e-7, -3.942e-7, -5.054e-7, -8.375e-7, -3.320e-7, -5.627e-7, -9.048e-7, -3.421e-7
0.524, -4.021e-7, -6.962e-7, -2.941e-7, -4.791e-7, -7.822e-7, -3.031e-7, -3.947e-7, -6.932e-7, -2.984e-7, -4.431e-7, -7.600e-7, -3.168e-7, -5.117e-7, -8.913e-7, -3.796e-7, -5.790e-7, -9.741e-7, -3.952e-7, -4.987e-7, -8.327e-7, -3.340e-7, -5.560e-7, -8.994e-7, -3.434e-7
0.528, -3.961e-7, -6.924e-7, -2.963e-7, -4.739e-7, -7.788e-7, -3.048e-7, -3.893e-7, -6.897e-7, -3.003e-7, -4.386e-7, -7.567e-7, -3.182e-7, -5.049e-7, -8.864e-7, -3.815e-7, -5.724e-7, -9.691e-7, -3.967e-7, -4.925e-7, -8.286e-7, -3.361e-7, -5.499e-7, -8.951e-7, -3.452e-7
0.532, -3.917e-7, -6.893e-7, -2.976e-7, -4.691e-7, -7.755e-7, -3.063e-7, -3.849e-7, -6.866e-7, -3.017e-7, -4.338e-7, -7.535e-7, -3.198e-7, -4.992e-7, -8.817e-7, -3.825e-7, -5.662e-7, -9.644e-7, -3.982e-7, -4.872e-7, -8.242e-7, -3.370e-7, -5.445e-7, -8.910e-7, -3.465e-7
0.536, -3.865e-7, -6.860e-7, -2.995e-7, -4.627e-7, -7.712e-7, -3.085e-7, -3.797e-7, -6.830e-7, -3.033e-7, -4.285e-7, -7.500e-7, -3.216e-7, -4.926e-7, -8.768e-7, -3.841e-7, -5.597e-7, -9.590e-7, -3.993e-7, -4.812e-7, -8.198e-7, -3.386e-7, -5.380e-7, -8.862e-7, -3.482e-7
0.540, -3.814e-7, -6.827e-7, -3.013e-7, -4.579e-7, -7.679e-7, -3.100e-7, -3.753e-7, -6.800e-7, -3.047e-7, -4.243e-7, -7.465e-7, -3.222e-7, -4.869e-7, -8.722e-7, -3.853e-7, -5.540e-7, -9.540e-7, -4.000e-7, -4.751e-7, -8.157e-7, -3.406e-7, -5.335e-7, -8.826e-7, -3.491e-7
0.544, -3.769e-7, -6.802e-7, -3.033e-7, -4.535e-7, -7.650e-7, -3.115e-7, -3.715e-7, -6.773e-7, -3.059e-7, -4.198e-7, -7.438e-7, -3.240e-7, -4.812e-7, -8.680e-7, -3.868e-7, -5.484e-7, -9.497e-7, -4.013e-7, -4.695e-7, -8.120e-7, -3.425e-7, -5.276e-7, -8.786e-7, -3.510e-7
0.548, -3.732e-7, -6.777e-7, -3.044e-7, -4.490e-7, -7.621e-7, -3.131e-7, -3.678e-7, -6.751e-7, -3.074e-7, -4.160e-7, -7.413e-7, -3.253e-7, -4.759e-7, -8.643e-7, -3.884e-7, -5.434e-7, -9.459e-7, -4.025e-7, -4.652e-7, -8.088e-7, -3.436e-7, -5.224e-7, -8.748e-7, -3.524e-7
0.552, -3.701e-7, -6.760e-7, -3.060e-7, -4.456e-7, -7.601e-7, -3.145e-7, -3.643e-7, -6.729e-7, -3.087e-7, -4.127e-7, -7.390e-7, -3.262e-7, -4.716e-7, -8.608e-7, -3.893e-7, -5.390e-7, -9.423e-7, -4.032e-7, -4.604e-7, -8.058e-7, -3.454e-7, -5.178e-7, -8.718e-7, -3.539e-7
0.556, -3.658e-7, -6.737e-7, -3.079e-7, -4.423e-7, -7.580e-7, -3.157e-7, -3.606e-7, -6.708e-7, -3.102e-7, -4.094e-7, -7.366e-7, -3.272e-7, -4.667e-7, -8.571e-7, -3.905e-7, -5.349e-7, -9.391e-7, -4.042e-7, -4.563e-7, -8.033e-7, -3.470e-7, -5.145e-7, -8.688e-7, -3.544e-7
0.560, -3.629e-7, -6.721e-7, -3.092e-7, -4.388e-7, -7.564e-7, -3.175e-7, -3.579e-7, -6.695e-7, -3.115e-7, -4.060e-7, -7.353e-7, -3.293e-7, -4.622e-7, -8.542e-7, -3.921e-7, -5.305e-7, -9.358e-7, -4.053e-7, -4.514e-7, -8.000e-7, -3.486e-7, -5.107e-7, -8.666e-7, -3.559e-7
0.564, -3.602e-7, -6.709e-7, -3.107e-7, -4.357e-7, -7.546e-7, -3.189e-7, -3.549e-7, -6.680e-7, -3.130e-7, -4.042e-7, -7.339e-7, -3.297e-7, -4.584e-7, -8.515e-7, -3.930e-7, -5.273e-7, -9.333e-7, -4.060e-7, -4.478e-7, -7.977e-7, -3.499e-7, -5.068e-7, -8.642e-7, -3.574e-7
0.568, -3.587e-7, -6.703e-7, -3.116e-7, -4.344e-7, -7.541e-7, -3.197e-7, -3.530e-7, -6.670e-7, -3.140e-7, -4.038e-7, -7.336e-7, -3.297e-7, -4.552e-7, -8.493e-7, -3.941e-7, -5.250e-7, -9.313e-7, -4.063e-7, -4.441e-7, -7.954e-7, -3.512e-7, -5.040e-7, -8.625e-7, -3.585e-7
0.572, -3.555e-7, -6.692e-7, -3.136e-7, -4.315e-7, -7.533e-7, -3.218e-7, -3.506e-7, -6.658e-7, -3.152e-7, -4.012e-7, -7.327e-7, -3.316e-7, -4.508e-7, -8.461e-7, -3.954e-7, -5.218e-7, -9.294e-7, -4.076e-7, -4.401e-7, -7.933e-7, -3.532e-7, -5.015e-7, -8.608e-7, -3.593e-7
0.576, -3.531e-7, -6.680e-7, -3.149e-7, -4.313e-7, -7.535e-7, -3.222e-7, -3.483e-7, -6.650e-7, -3.166e-7, -4.004e-7, -7.326e-7, -3.322e-7, -4.476e-7, -8.441e-7, -3.966e-7, -5.190e-7, -9.275e-7, -4.086e-7, -4.377e-7, -7.919e-7, -3.543e-7, -4.989e-7, -8.593e-7, -3.604e-7
0.580, -3.517e-7, -6.676e-7, -3.158e-7, -4.303e-7, -7.530e-7, -3.227e-7, -3.471e-7, -6.644e-7, -3.173e-7, -3.999e-7, -7.323e-7, -3.324e-7, -4.452e-7, -8.424e-7, -3.972e-7, -5.175e-7, -9.260e-7, -4.085e-7, -4.347e-7, -7.899e-7, -3.552e-7, -4.971e-7, -8.580e-7, -3.609e-7
0.584, -3.501e-7, -6.673e-7, -3.172e-7, -4.292e-7, -7.530e-7, -3.238e-7, -3.457e-7, -6.641e-7, -3.183e-7, -3.988e-7, -7.323e-7, -3.335e-7, -4.420e-7, -8.404e-7, -3.985e-7, -5.156e-7, -9.248e-7, -4.091e-7, -4.317e-7, -7.884e-7, -3.567e-7, -4.950e-7, -8.569e-7, -3.619e-7
0.588, -3.482e-7, -6.667e-7, -3.185e-7, -4.287e-7, -7.534e-7, -3.247e-7, -3.437e-7, -6.632e-7, -3.195e-7, -3.990e-7, -7.328e-7, -3.338e-7, -4.390e-7, -8.385e-7, -3.995e-7, -5.133e-7, -9.231e-7, -4.098e-7, -4.283e-7, -7.867e-7, -3.583e-7, -4.930e-7, -8.562e-7, -3.632e-7
0.592, -3.472e-7, -6.669e-7, -3.197e-7, -4.287e-7, -7.546e-7, -3.259e-7, -3.423e-7, -6.633e-7, -3.210e-7, -3.991e-7, -7.338e-7, -3.348e-7, -4.366e-7, -8.370e-7, -4.003e-7, -5.120e-7, -9.227e-7, -4.108e-7, -4.264e-7, -7.858e-7, -3.594e-7, -4.923e-7, -8.563e-7, -3.640e-7
0.596, -3.465e-7, -6.673e-7, -3.208e-7, -4.285e-7, -7.548e-7, -3.264e-7, -3.420e-7, -6.635e-7, -3.215e-7, -3.991e-7, -7.342e-7, -3.351e-7, -4.346e-7, -8.359e-7, -4.012e-7, -5.118e-7, -9.224e-7, -4.106e-7, -4.240e-7, -7.845e-7, -3.605e-7, -4.910e-7, -8.556e-7, -3.645e-7
0.600, -3.454e-7, -6.674e-7, -3.220e-7, -4.292e-7, -7.565e-7, -3.274e-7, -3.404e-7, -6.634e-7, -3.230e-7, -3.995e-7, -7.356e-7, -3.361e-7, -4.326e-7, -8.349e-7, -4.023e-7, -5.108e-7, -9.222e-7, -4.114e-7, -4.211e-7, -7.834e-7, -3.624e-7, -4.900e-7, -8.558e-7, -3.658e-7
0.604, -3.450e-7, -6.680e-7, -3.230e-7, -4.301e-7, -7.580e-7, -3.279e-7, -3.404e-7, -6.642e-7, -3.238e-7, -4.013e-7, -7.372e-7, -3.358e-7, -4.307e-7, -8.343e-7, -4.036e-7, -5.111e-7, -9.226e-7, -4.115e-7, -4.195e-7, -7.827e-7, -3.632e-7, -4.895e-7, -8.558e-7, -3.663e-7
0.608, -3.448e-7, -6.690e-7, -3.242e-7, -4.306e-7, -7.597e-7, -3.292e-7, -3.396e-7, -6.646e-7, -3.250e-7, -4.018e-7, -7.390e-7, -3.372e-7, -4.287e-7, -8.331e-7, -4.045e-7, -5.104e-7, -9.230e-7, -4.126e-7, -4.176e-7, -7.825e-7, -3.649e-7, -4.890e-7, -8.561e-7, -3.671e-7
0.612, -3.446e-7, -6.697e-7, -3.252e-7, -4.319e-7, -7.613e-7, -3.294e-7, -3.395e-7, -6.650e-7, -3.255e-7, -4.030e-7, -7.405e-7, -3.375e-7, -4.270e-7, -8.323e-7, -4.053e-7, -5.101e-7, -9.228e-7, -4.127e-7, -4.157e-7, -7.816e-7, -3.659e-7, -4.887e-7, -8.565e-7, -3.678e-7
0.616, -3.448e-7, -6.710e-7, -3.262e-7, -4.336e-7, -7.642e-7, -3.306e-7, -3.396e-7, -6.662e-7, -3.266e-7, -4.049e-7, -7.429e-7, -3.381e-7, -4.264e-7, -8.324e-7, -4.060e-7, -5.107e-7, -9.239e-7, -4.132e-7, -4.148e-7, -7.818e-7, -3.670e-7, -4.891e-7, -8.577e-7, -3.687e-7
0.620, -3.446e-7, -6.724e-7, -3.278e-7, -4.352e-7, -7.673e-7, -3.321e-7, -3.388e-7, -6.672e-7, -3.283e-7, -4.068e-7, -7.456e-7, -3.389e-7, -4.248e-7, -8.322e-7, -4.073e-7, -5.111e-7, -9.252e-7, -4.141e-7, -4.130e-7, -7.818e-7, -3.688e-7, -4.898e-7, -8.591e-7, -3.693e-7
0.624, -3.446e-7, -6.737e-7, -3.291e-7, -4.363e-7, -7.692e-7, -3.329e-7, -3.389e-7, -6.682e-7, -3.293e-7, -4.088e-7, -7.482e-7, -3.395e-7, -4.236e-7, -8.321e-7, -4.085e-7, -5.116e-7, -9.263e-7, -4.147e-7, -4.120e-7, -7.821e-7, -3.701e-7, -4.894e-7, -8.600e-7, -3.706e-7
0.628, -3.461e-7, -6.759e-7, -3.298e-7, -4.394e-7, -7.733e-7, -3.340e-7, -3.400e-7, -6.702e-7, -3.302e-7, -4.114e-7, -7.516e-7, -3.403e-7, -4.227e-7, -8.325e-7, -4.098e-7, -5.125e-7, -9.278e-7, -4.154e-7, -4.114e-7, -7.826e-7, -3.713e-7, -4.891e-7, -8.613e-7, -3.722e-7
0.632, -3.468e-7, -6.781e-7, -3.312e-7, -4.413e-7, -7.769e-7, -3.356e-7, -3.401e-7, -6.719e-7, -3.318e-7, -4.128e-7, -7.549e-7, -3.421e-7, -4.224e-7, -8.335e-7, -4.111e-7, -5.139e-7, -9.304e-7, -4.165e-7, -4.105e-7, -7.830e-7, -3.725e-7, -4.908e-7, -8.638e-7, -3.730e-7
0.636, -3.477e-7, -6.807e-7, -3.330e-7, -4.440e-7, -7.815e-7, -3.376e-7, -3.410e-7, -6.744e-7, -3.334e-7, -4.159e-7, -7.591e-7, -3.432e-7, -4.224e-7, -8.344e-7, -4.120e-7, -5.161e-7, -9.336e-7, -4.176e-7, -4.107e-7, -7.849e-7, -3.742e-7, -4.917e-7, -8.660e-7, -3.743e-7
0.640, -3.494e-7, -6.837e-7, -3.343e-7, -4.471e-7, -7.863e-7, -3.392e-7, -3.420e-7, -6.767e-7, -3.347e-7, -4.180e-7, -7.630e-7, -3.450e-7, -4.218e-7, -8.351e-7, -4.134e-7, -5.165e-7, -9.355e-7, -4.189e-7, -4.101e-7, -7.858e-7, -3.757e-7, -4.929e-7, -8.684e-7, -3.755e-7
0.644, -3.515e-7, -6.874e-7, -3.359e-7, -4.500e-7, -7.910e-7, -3.410e-7, -3.433e-7, -6.798e-7, -3.365e-7, -4.211e-7, -7.677e-7, -3.466e-7, -4.222e-7, -8.372e-7, -4.150e-7, -5.187e-7, -9.388e-7, -4.201e-7, -4.105e-7, -7.878e-7, -3.773e-7, -4.946e-7, -8.719e-7, -3.773e-7
0.648, -3.534e-7, -6.913e-7, -3.379e-7, -4.545e-7, -7.973e-7, -3.428e-7, -3.461e-7, -6.833e-7, -3.371e-7, -4.255e-7, -7.739e-7, -3.484e-7, -4.242e-7, -8.399e-7, -4.157e-7, -5.223e-7, -9.436e-7, -4.213e-7, -4.110e-7, -7.896e-7, -3.786e-7, -4.977e-7, -8.760e-7, -3.783e-7
0.652, -3.564e-7, -6.956e-7, -3.393e-7, -4.594e-7, -8.041e-7, -3.447e-7, -3.480e-7, -6.870e-7, -3.390e-7, -4.304e-7, -7.800e-7, -3.496e-7, -4.244e-7, -8.418e-7, -4.174e-7, -5.250e-7, -9.480e-7, -4.230e-7, -4.119e-7, -7.923e-7, -3.804e-7, -5.000e-7, -8.804e-7, -3.803e-7
0.656, -3.595e-7, -7.006e-7, -3.411e-7, -4.647e-7, -8.118e-7, -3.470e-7, -3.505e-7, -6.914e-7, -3.410e-7, -4.352e-7, -7.869e-7, -3.517e-7, -4.267e-7, -8.455e-7, -4.188e-7, -5.295e-7, -9.538e-7, -4.243e-7, -4.138e-7, -7.958e-7, -3.820e-7, -5.043e-7, -8.855e-7, -3.812e-7
0.660, -3.634e-7, -7.063e-7, -3.429e-7, -4.710e-7, -8.203e-7, -3.492e-7, -3.542e-7, -6.967e-7, -3.425e-7, -4.417e-7, -7.952e-7, -3.535e-7, -4.290e-7, -8.490e-7, -4.200e-7, -5.335e-7, -9.597e-7, -4.262e-7, -4.155e-7, -7.993e-7, -3.838e-7, -5.081e-7, -8.911e-7, -3.830e-7
0.664, -3.681e-7, -7.125e-7, -3.444e-7, -4.781e-7, -8.293e-7, -3.513e-7, -3.581e-7, -7.021e-7, -3.440e-7, -4.485e-7, -8.037e-7, -3.552e-7, -4.314e-7, -8.530e-7, -4.216e-7, -5.392e-7, -9.668e-7, -4.276e-7, -4.186e-7, -8.037e-7, -3.851e-7, -5.128e-7, -8.977e-7, -3.849e-7
0.668, -3.735e-7, -7.195e-7, -3.460e-7, -4.858e-7, -8.396e-7, -3.537e-7, -3.625e-7, -7.085e-7, -3.459e-7, -4.556e-7, -8.130e-7, -3.573e-7, -4.348e-7, -8.580e-7, -4.232e-7, -5.451e-7, -9.747e-7, -4.296e-7, -4.213e-7, -8.083e-7, -3.869e-7, -5.185e-7, -9.050e-7, -3.865e-7
0.672, -3.797e-7, -7.273e-7, -3.476e-7, -4.957e-7, -8.518e-7, -3.561e-7, -3.685e-7, -7.160e-7, -3.475e-7, -4.649e-7, -8.240e-7, -3.591e-7, -4.396e-7, -8.639e-7, -4.244e-7, -5.538e-7, -9.840e-7, -4.302e-7, -4.259e-7, -8.141e-7, -3.882e-7, -5.252e-7, -9.133e-7, -3.881e-7
0.676, -3.871e-7, -7.368e-7, -3.496e-7, -5.065e-7, -8.646e-7, -3.581e-7, -3.750e-7, -7.243e-7, -3.494e-7, -4.747e-7, -8.360e-7, -3.613e-7, -4.446e-7, -8.708e-7, -4.262e-7, -5.617e-7, -9.943e-7, -4.326e-7, -4.306e-7, -8.210e-7, -3.904e-7, -5.334e-7, -9.233e-7, -3.899e-7
0.680, -3.956e-7, -7.468e-7, -3.512e-7, -5.189e-7, -8.792e-7, -3.604e-7, -3.827e-7, -7.335e-7, -3.507e-7, -4.867e-7, -8.498e-7, -3.631e-7, -4.513e-7, -8.785e-7, -4.272e-7, -5.724e-7, -1.006e-6, -4.337e-7, -4.364e-7, -8.281e-7, -3.917e-7, -5.422e-7, -9.339e-7, -3.917e-7
0.684, -4.057e-7, -7.586e-7, -3.529e-7, -5.326e-7, -8.956e-7, -3.631e-7, -3.918e-7, -7.442e-7, -3.524e-7, -4.992e-7, -8.648e-7, -3.656e-7, -4.577e-7, -8.870e-7, -4.294e-7, -5.833e-7, -1.019e-6, -4.359e-7, -4.427e-7, -8.369e-7, -3.942e-7, -5.530e-7, -9.462e-7, -3.932e-7
0.688, -4.162e-7, -7.712e-7, -3.550e-7, -5.489e-7, -9.141e-7, -3.652e-7, -4.017e-7, -7.560e-7, -3.543e-7, -5.150e-7, -8.824e-7, -3.673e-7, -4.670e-7, -8.974e-7, -4.304e-7, -5.971e-7, -1.035e-6, -4.377e-7, -4.506e-7, -8.465e-7, -3.959e-7, -5.649e-7, -9.602e-7, -3.953e-7
0.692, -4.287e-7, -7.859e-7, -3.572e-7, -5.659e-7, -9.343e-7, -3.683e-7, -4.128e-7, -7.693e-7, -3.565e-7, -5.316e-7, -9.013e-7, -3.697e-7, -4.761e-7, -9.085e-7, -4.325e-7, -6.125e-7, -1.052e-6, -4.397e-7, -4.602e-7, -8.578e-7, -3.975e-7, -5.791e-7, -9.763e-7, -3.973e-7
0.696, -4.439e-7, -8.027e-7, -3.588e-7, -5.880e-7, -9.581e-7, -3.702e-7, -4.274e-7, -7.853e-7, -3.578e-7, -5.519e-7, -9.237e-7, -3.718e-7, -4.885e-7, -9.225e-7, -4.339e-7, -6.308e-7, -1.072e-6, -4.409e-7, -4.717e-7, -8.711e-7, -3.995e-7, -5.960e-7, -9.947e-7, -3.986e-7
0.700, -4.603e-7, -8.209e-7, -3.606e-7, -6.114e-7, -9.838e-7, -3.724e-7, -4.423e-7, -8.016e-7, -3.593e-7, -5.746e-7, -9.477e-7, -3.731e-7, -5.007e-7, -9.365e-7, -4.358e-7, -6.510e-7, -1.094e-6, -4.426e-7, -4.842e-7, -8.852e-7, -4.010e-7, -6.139e-7, -1.015e-6, -4.008e-7
0.704, -4.792e-7, -8.417e-7, -3.625e-7, -6.387e-7, -1.013e-6, -3.746e-7, -4.601e-7, -8.211e-7, -3.610e-7, -5.999e-7, -9.750e-7, -3.750e-7, -5.161e-7, -9.532e-7, -4.371e-7, -6.743e-7, -1.119e-6, -4.445e-7, -4.983e-7, -9.010e-7, -4.027e-7, -6.350e-7, -1.038e-6, -4.027e-7
0.708, -5.007e-7, -8.653e-7, -3.646e-7, -6.698e-7, -1.047e-6, -3.767e-7, -4.803e-7, -8.427e-7, -3.624e-7, -6.291e-7, -1.006e-6, -3.769e-7, -5.335e-7, -9.720e-7, -4.385e-7, -7.009e-7, -1.147e-6, -4.459e-7, -5.142e-7, -9.190e-7, -4.048e-7, -6.596e-7, -1.064e-6, -4.041e-7
0.712, -5.252e-7, -8.912e-7, -3.659e-7, -7.053e-7, -1.084e-6, -3.785e-7, -5.028e-7, -8.668e-7, -3.640e-7, -6.625e-7, -1.041e-6, -3.783e-7, -5.536e-7, -9.936e-7, -4.400e-7, -7.317e-7, -1.179e-6, -4.470e-7, -5.338e-7, -9.401e-7, -4.064e-7, -6.877e-7, -1.093e-6, -4.056e-7
0.716, -5.530e-7, -9.207e-7, -3.677e-7, -7.455e-7, -1.126e-6, -3.802e-7, -5.283e-7, -8.941e-7, -3.659e-7, -7.001e-7, -1.080e-6, -3.798e-7, -5.750e-7, -1.017e-6, -4.417e-7, -7.662e-7, -1.215e-6, -4.487e-7, -5.547e-7, -9.630e-7, -4.083e-7, -7.196e-7, -1.127e-6, -4.073e-7
0.720, -5.842e-7, -9.532e-7, -3.690e-7, -7.916e-7, -1.172e-6, -3.809e-7, -5.587e-7, -9.251e-7, -3.664e-7, -7.436e-7, -1.124e-6, -3.801e-7, -6.012e-7, -1.044e-6, -4.428e-7, -8.058e-7, -1.255e-6, -4.494e-7, -5.784e-7, -9.882e-7, -4.098e-7, -7.556e-7, -1.164e-6, -4.086e-7
0.724, -6.199e-7, -9.905e-7, -3.707e-7, -8.442e-7, -1.226e-6, -3.818e-7, -5.913e-7, -9.593e-7, -3.680e-7, -7.920e-7, -1.173e-6, -3.812e-7, -6.301e-7, -1.075e-6, -4.448e-7, -8.500e-7, -1.301e-6, -4.508e-7, -6.054e-7, -1.017e-6, -4.120e-7, -7.967e-7, -1.207e-6, -4.105e-7
0.728, -6.597e-7, -1.032e-6, -3.721e-7, -9.024e-7, -1.285e-6, -3.830e-7, -6.287e-7, -9.979e-7, -3.692e-7, -8.482e-7, -1.230e-6, -3.814e-7, -6.622e-7, -1.109e-6, -4.463e-7, -8.998e-7, -1.352e-6, -4.520e-7, -6.359e-7, -1.049e-6, -4.134e-7, -8.426e-7, -1.254e-6, -4.115e-7
0.732, -7.049e-7, -1.078e-6, -3.733e-7, -9.689e-7, -1.352e-6, -3.828e-7, -6.711e-7, -1.041e-6, -3.697e-7, -9.104e-7, -1.291e-6, -3.810e-7, -6.990e-7, -1.146e-6, -4.469e-7, -9.571e-7, -1.409e-6, -4.518e-7, -6.712e-7, -1.086e-6, -4.145e-7, -8.947e-7, -1.307e-6, -4.123e-7
0.736, -7.555e-7, -1.130e-6, -3.744e-7, -1.044e-6, -1.427e-6, -3.827e-7, -7.177e-7, -1.088e-6, -3.707e-7, -9.812e-7, -1.361e-6, -3.801e-7, -7.395e-7, -1.188e-6, -4.484e-7, -1.020e-6, -1.473e-6, -4.527e-7, -7.090e-7, -1.126e-6, -4.169e-7, -9.532e-7, -1.367e-6, -4.133e-7
0.740, -8.112e-7, -1.187e-6, -3.755e-7, -1.128e-6, -1.510e-6, -3.819e-7, -7.711e-7, -1.142e-6, -3.708e-7, -1.059e-6, -1.439e-6, -3.796e-7, -7.854e-7, -1.235e-6, -4.497e-7, -1.093e-6, -1.545e-6, -4.522e-7, -7.519e-7, -1.170e-6, -4.183e-7, -1.019e-6, -1.432e-6, -4.137e-7
0.744, -8.756e-7, -1.250e-6, -3.748e-7, -1.223e-6, -1.603e-6, -3.802e-7, -8.308e-7, -1.201e-6, -3.703e-7, -1.149e-6, -1.526e-6, -3.774e-7, -8.355e-7, -1.287e-6, -4.514e-7, -1.172e-6, -1.624e-6, -4.521e-7, -8.012e-7, -1.220e-6, -4.191e-7, -1.092e-6, -1.506e-6, -4.144e-7
0.748, -9.454e-7, -1.321e-6, -3.752e-7, -1.328e-6, -1.707e-6, -3.789e-7, -8.968e-7, -1.266e-6, -3.695e-7, -1.248e-6, -1.624e-6, -3.757e-7, -8.923e-7, -1.345e-6, -4.522e-7, -1.261e-6, -1.713e-6, -4.517e-7, -8.540e-7, -1.274e-6, -4.204e-7, -1.174e-6, -1.588e-6, -4.147e-7
0.752, -1.023e-6, -1.398e-6, -3.753e-7, -1.446e-6, -1.823e-6, -3.772e-7, -9.692e-7, -1.338e-6, -3.690e-7, -1.358e-6, -1.732e-6, -3.738e-7, -9.550e-7, -1.408e-6, -4.533e-7, -1.361e-6, -1.812e-6, -4.509e-7, -9.131e-7, -1.335e-6, -4.220e-7, -1.266e-6, -1.680e-6, -4.148e-7
0.756, -1.109e-6, -1.484e-6, -3.752e-7, -1.574e-6, -1.950e-6, -3.758e-7, -1.050e-6, -1.418e-6, -3.682e-7, -1.479e-6, -1.852e-6, -3.721e-7, -1.023e-6, -1.478e-6, -4.551e-7, -1.469e-6, -1.920e-6, -4.509e-7, -9.787e-7, -1.402e-6, -4.231e-7, -1.366e-6, -1.781e-6, -4.155e-7
0.760, -1.204e-6, -1.580e-6, -3.759e-7, -1.717e-6, -2.090e-6, -3.729e-7, -1.138e-6, -1.506e-6, -3.681e-7, -1.615e-6, -1.984e-6, -3.693e-7, -1.100e-6, -1.556e-6, -4.560e-7, -1.590e-6, -2.040e-6, -4.499e-7, -1.051e-6, -1.475e-6, -4.244e-7, -1.477e-6, -1.893e-6, -4.156e-7
0.764, -1.307e-6, -1.685e-6, -3.772e-7, -1.873e-6, -2.244e-6, -3.711e-7, -1.234e-6, -1.603e-6, -3.692e-7, -1.760e-6, -2.128e-6, -3.676e-7, -1.183e-6, -1.640e-6, -4.576e-7, -1.721e-6, -2.171e-6, -4.501e-7, -1.129e-6, -1.556e-6, -4.263e-7, -1.598e-6, -2.015e-6, -4.167e-7
0.768, -1.419e-6, -1.799e-6, -3.807e-7, -2.041e-6, -2.410e-6, -3.687e-7, -1.338e-6, -1.710e-6, -3.721e-7, -1.919e-6, -2.284e-6, -3.653e-7, -1.273e-6, -1.732e-6, -4.595e-7, -1.863e-6, -2.313e-6, -4.505e-7, -1.215e-6, -1.644e-6, -4.290e-7, -1.729e-6, -2.147e-6, -4.185e-7
0.772, -1.541e-6, -1.926e-6, -3.850e-7, -2.224e-6, -2.590e-6, -3.659e-7, -1.453e-6, -1.828e-6, -3.752e-7, -2.091e-6, -2.454e-6, -3.632e-7, -1.371e-6, -1.835e-6, -4.631e-7, -2.017e-6, -2.468e-6, -4.516e-7, -1.309e-6, -1.741e-6, -4.327e-7, -1.872e-6, -2.293e-6, -4.206e-7
0.776, -1.671e-6, -2.061e-6, -3.902e-7, -2.416e-6, -2.779e-6, -3.627e-7, -1.575e-6, -1.955e-6, -3.801e-7, -2.273e-6, -2.635e-6, -3.612e-7, -1.476e-6, -1.944e-6, -4.679e-7, -2.180e-6, -2.633e-6, -4.531e-7, -1.409e-6, -1.847e-6, -4.375e-7, -2.025e-6, -2.449e-6, -4.241e-7
0.780, -1.809e-6, -2.206e-6, -3.970e-7, -2.616e-6, -2.977e-6, -3.611e-7, -1.703e-6, -2.089e-6, -3.861e-7, -2.462e-6, -2.823e-6, -3.606e-7, -1.587e-6, -2.062e-6, -4.744e-7, -2.350e-6, -2.806e-6, -4.561e-7, -1.516e-6, -1.959e-6, -4.437e-7, -2.185e-6, -2.614e-6, -4.292e-7
0.784, -1.956e-6, -2.361e-6, -4.044e-7, -2.826e-6, -3.185e-6, -3.588e-7, -1.841e-6, -2.233e-6, -3.922e-7, -2.663e-6, -3.022e-6, -3.598e-7, -1.707e-6, -2.190e-6, -4.827e-7, -2.529e-6, -2.989e-6, -4.604e-7, -1.631e-6, -2.083e-6, -4.522e-7, -2.356e-6, -2.791e-6, -4.350e-7
0.788, -2.109e-6, -2.522e-6, -4.122e-7, -3.040e-6, -3.398e-6, -3.581e-7, -1.984e-6, -2.384e-6, -3.996e-7, -2.867e-6, -3.227e-6, -3.601e-7, -1.834e-6, -2.327e-6, -4.930e-7, -2.713e-6, -3.179e-6, -4.662e-7, -1.752e-6, -2.213e-6, -4.618e-7, -2.531e-6, -2.974e-6, -4.428e-7
0.792, -2.267e-6, -2.688e-6, -4.220e-7, -3.258e-6, -3.617e-6, -3.593e-7, -2.133e-6, -2.541e-6, -4.084e-7, -3.076e-6, -3.438e-6, -3.623e-7, -1.964e-6, -2.470e-6, -5.055e-7, -2.900e-6, -3.374e-6, -4.743e-7, -1.879e-6, -2.353e-6, -4.738e-7, -2.711e-6, -3.164e-6, -4.532e-7
0.796, -2.429e-6, -2.861e-6, -4.323e-7, -3.484e-6, -3.847e-6, -3.632e-7, -2.285e-6, -2.704e-6, -4.191e-7, -3.291e-6, -3.657e-6, -3.667e-7, -2.100e-6, -2.620e-6, -5.199e-7, -3.092e-6, -3.577e-6, -4.854e-7, -2.011e-6, -2.499e-6, -4.878e-7, -2.896e-6, -3.362e-6, -4.655e-7
0.800, -2.590e-6, -3.035e-6, -4.443e-7, -3.715e-6, -4.085e-6, -3.693e-7, -2.440e-6, -2.872e-6, -4.319e-7, -3.509e-6, -3.884e-6, -3.752e-7, -2.239e-6, -2.775e-6, -5.362e-7, -3.287e-6, -3.787e-6, -4.998e-7, -2.145e-6, -2.650e-6, -5.047e-7, -3.084e-6, -3.564e-6, -4.807e-7
0.804, -2.754e-6, -3.213e-6, -4.592e-7, -3.956e-6, -4.336e-6, -3.802e-7, -2.596e-6, -3.043e-6, -4.473e-7, -3.737e-6, -4.123e-6, -3.868e-7, -2.378e-6, -2.933e-6, -5.552e-7, -3.491e-6, -4.009e-6, -5.178e-7, -2.282e-6, -2.806e-6, -5.239e-7, -3.275e-6, -3.776e-6, -5.007e-7
0.808, -2.920e-6, -3.395e-6, -4.748e-7, -4.208e-6, -4.604e-6, -3.955e-7, -2.754e-6, -3.220e-6, -4.661e-7, -3.974e-6, -4.377e-6, -4.037e-7, -2.521e-6, -3.098e-6, -5.766e-7, -3.702e-6, -4.243e-6, -5.408e-7, -2.422e-6, -2.968e-6, -5.455e-7, -3.474e-6, -3.998e-6, -5.241e-7
0.812, -3.087e-6, -3.581e-6, -4.935e-7, -4.472e-6, -4.888e-6, -4.153e-7, -2.915e-6, -3.402e-6, -4.871e-7, -4.221e-6, -4.647e-6, -4.261e-7, -2.665e-6, -3.267e-6, -6.015e-7, -3.920e-6, -4.491e-6, -5.704e-7, -2.564e-6, -3.135e-6, -5.709e-7, -3.678e-6, -4.231e-6, -5.531e-7
0.816, -3.262e-6, -3.777e-6, -5.146e-7, -4.752e-6, -5.193e-6, -4.416e-7, -3.082e-6, -3.592e-6, -5.105e-7, -4.483e-6, -4.937e-6, -4.540e-7, -2.814e-6, -3.443e-6, -6.292e-7, -4.151e-6, -4.756e-6, -6.047e-7, -2.710e-6, -3.309e-6, -5.991e-7, -3.892e-6, -4.479e-6, -5.872e-7
0.820, -3.445e-6, -3.984e-6, -5.395e-7, -5.048e-6, -5.521e-6, -4.734e-7, -3.258e-6, -3.793e-6, -5.351e-7, -4.760e-6, -5.246e-6, -4.866e-7, -2.970e-6, -3.629e-6, -6.598e-7, -4.394e-6, -5.040e-6, -6.453e-7, -2.863e-6, -3.492e-6, -6.295e-7, -4.116e-6, -4.743e-6, -6.274e-7
0.824, -3.636e-6, -4.205e-6, -5.685e-7, -5.358e-6, -5.872e-6, -5.143e-7, -3.447e-6, -4.008e-6, -5.611e-7, -5.054e-6, -5.578e-6, -5.244e-7, -3.131e-6, -3.826e-6, -6.947e-7, -4.649e-6, -5.342e-6, -6.933e-7, -3.022e-6, -3.686e-6, -6.637e-7, -4.351e-6, -5.024e-6, -6.735e-7
0.828, -3.836e-6, -4.440e-6, -6.035e-7, -5.682e-6, -6.245e-6, -5.636e-7, -3.644e-6, -4.233e-6, -5.896e-7, -5.360e-6, -5.929e-6, -5.689e-7, -3.302e-6, -4.036e-6, -7.333e-7, -4.917e-6, -5.666e-6, -7.490e-7, -3.189e-6, -3.891e-6, -7.015e-7, -4.594e-6, -5.322e-6, -7.279e-7
0.832, -4.046e-6, -4.691e-6, -6.455e-7, -6.017e-6, -6.643e-6, -6.255e-7, -3.849e-6, -4.474e-6, -6.253e-7, -5.681e-6, -6.304e-6, -6.234e-7, -3.484e-6, -4.260e-6, -7.765e-7, -5.197e-6, -6.011e-6, -8.136e-7, -3.365e-6, -4.109e-6, -7.436e-7, -4.852e-6, -5.640e-6, -7.886e-7
0.836, -4.265e-6, -4.962e-6, -6.975e-7, -6.367e-6, -7.067e-6, -7.006e-7, -4.063e-6, -4.734e-6, -6.709e-7, -6.012e-6, -6.704e-6, -6.919e-7, -3.676e-6, -4.501e-6, -8.251e-7, -5.494e-6, -6.380e-6, -8.862e-7, -3.553e-6, -4.344e-6, -7.902e-7, -5.123e-6, -5.981e-6, -8.582e-7
0.840, -4.493e-6, -5.253e-6, -7.599e-7, -6.730e-6, -7.522e-6, -7.921e-7, -4.284e-6, -5.012e-6, -7.281e-7, -6.354e-6, -7.131e-6, -7.766e-7, -3.879e-6, -4.759e-6, -8.799e-7, -5.802e-6, -6.772e-6, -9.699e-7, -3.751e-6, -4.593e-6, -8.428e-7, -5.406e-6, -6.343e-6, -9.375e-7
0.844, -4.726e-6, -5.564e-6, -8.374e-7, -7.097e-6, -8.002e-6, -9.046e-7, -4.508e-6, -5.308e-6, -8.000e-7, -6.700e-6, -7.582e-6, -8.818e-7, -4.088e-6, -5.032e-6, -9.444e-7, -6.116e-6, -7.186e-6, -1.070e-6, -3.954e-6, -4.859e-6, -9.048e-7, -5.693e-6, -6.724e-6, -1.031e-6
0.848, -4.977e-6, -5.903e-6, -9.259e-7, -7.485e-6, -8.519e-6, -1.034e-6, -4.748e-6, -5.631e-6, -8.829e-7, -7.066e-6, -8.070e-6, -1.004e-6, -4.309e-6, -5.328e-6, -1.018e-6, -6.451e-6, -7.633e-6, -1.182e-6, -4.170e-6, -5.145e-6, -9.751e-7, -5.997e-6, -7.134e-6, -1.136e-6
0.852, -5.238e-6, -6.264e-6, -1.026e-6, -7.887e-6, -9.069e-6, -1.182e-6, -4.999e-6, -5.977e-6, -9.785e-7, -7.444e-6, -8.587e-6, -1.143e-6, -4.542e-6, -5.644e-6, -1.103e-6, -6.796e-6, -8.106e-6, -1.310e-6, -4.394e-6, -5.449e-6, -1.055e-6, -6.313e-6, -7.568e-6, -1.255e-6
0.856, -5.509e-6, -6.652e-6, -1.143e-6, -8.300e-6, -9.653e-6, -1.353e-6, -5.260e-6, -6.348e-6, -1.088e-6, -7.833e-6, -9.138e-6, -1.305e-6, -4.782e-6, -5.982e-6, -1.201e-6, -7.151e-6, -8.608e-6, -1.457e-6, -4.626e-6, -5.775e-6, -1.149e-6, -6.638e-6, -8.030e-6, -1.392e-6
0.860, -5.794e-6, -7.067e-6, -1.273e-6, -8.731e-6, -1.027e-5, -1.543e-6, -5.533e-6, -6.745e-6, -1.212e-6, -8.241e-6, -9.726e-6, -1.484e-6, -5.035e-6, -6.344e-6, -1.309e-6, -7.523e-6, -9.143e-6, -1.620e-6, -4.868e-6, -6.122e-6, -1.254e-6, -6.973e-6, -8.519e-6, -1.545e-6
0.864, -6.096e-6, -7.513e-6, -1.417e-6, -9.182e-6, -1.094e-5, -1.755e-6, -5.821e-6, -7.170e-6, -1.349e-6, -8.666e-6, -1.035e-5, -1.685e-6, -5.297e-6, -6.728e-6, -1.431e-6, -7.911e-6, -9.713e-6, -1.802e-6, -5.122e-6, -6.494e-6, -1.372e-6, -7.325e-6, -9.039e-6, -1.714e-6
0.868, -6.410e-6, -7.986e-6, -1.576e-6, -9.651e-6, -1.164e-5, -1.988e-6, -6.123e-6, -7.623e-6, -1.500e-6, -9.109e-6, -1.102e-5, -1.906e-6, -5.572e-6, -7.138e-6, -1.566e-6, -8.316e-6, -1.032e-5, -2.002e-6, -5.383e-6, -6.886e-6, -1.503e-6, -7.691e-6, -9.592e-6, -1.901e-6
0.872, -6.735e-6, -8.485e-6, -1.750e-6, -1.014e-5, -1.239e-5, -2.245e-6, -6.436e-6, -8.102e-6, -1.665e-6, -9.571e-6, -1.172e-5, -2.148e-6, -5.858e-6, -7.572e-6, -1.714e-6, -8.738e-6, -1.096e-5, -2.222e-6, -5.658e-6, -7.303e-6, -1.645e-6, -8.073e-6, -1.018e-5, -2.105e-6
0.876, -7.068e-6, -9.006e-6, -1.937e-6, -1.064e-5, -1.317e-5, -2.525e-6, -6.754e-6, -8.599e-6, -1.845e-6, -1.005e-5, -1.246e-5, -2.412e-6, -6.149e-6, -8.023e-6, -1.874e-6, -9.173e-6, -1.163e-5, -2.462e-6, -5.937e-6, -7.738e-6, -1.801e-6, -8.465e-6, -1.079e-5, -2.327e-6
0.880, -7.409e-6, -9.547e-6, -2.139e-6, -1.117e-5, -1.400e-5, -2.828e-6, -7.081e-6, -9.117e-6, -2.037e-6, -1.054e-5, -1.324e-5, -2.699e-6, -6.447e-6, -8.492e-6, -2.046e-6, -9.628e-6, -1.235e-5, -2.722e-6, -6.225e-6, -8.193e-6, -1.968e-6, -8.875e-6, -1.144e-5, -2.568e-6
0.884, -7.749e-6, -1.010e-5, -2.349e-6, -1.171e-5, -1.487e-5, -3.153e-6, -7.409e-6, -9.647e-6, -2.237e-6, -1.105e-5, -1.406e-5, -3.005e-6, -6.748e-6, -8.973e-6, -2.226e-6, -1.010e-5, -1.310e-5, -2.999e-6, -6.517e-6, -8.661e-6, -2.144e-6, -9.302e-6, -1.213e-5, -2.824e-6
0.888, -8.088e-6, -1.066e-5, -2.569e-6, -1.228e-5, -1.578e-5, -3.500e-6, -7.733e-6, -1.018e-5, -2.448e-6, -1.158e-5, -1.491e-5, -3.333e-6, -7.046e-6, -9.463e-6, -2.416e-6, -1.059e-5, -1.389e-5, -3.298e-6, -6.809e-6, -9.139e-6, -2.329e-6, -9.742e-6, -1.284e-5, -3.099e-6
0.892, -8.425e-6, -1.122e-5, -2.794e-6, -1.286e-5, -1.673e-5, -3.870e-6, -8.058e-6, -1.072e-5, -2.664e-6, -1.213e-5, -1.581e-5, -3.680e-6, -7.346e-6, -9.956e-6, -2.610e-6, -1.110e-5, -1.471e-5, -3.614e-6, -7.104e-6, -9.625e-6, -2.520e-6, -1.021e-5, -1.359e-5, -3.387e-6
0.896, -8.770e-6, -1.180e-5, -3.025e-6, -1.348e-5, -1.775e-5, -4.263e-6, -8.389e-6, -1.127e-5, -2.886e-6, -1.271e-5, -1.677e-5, -4.051e-6, -7.652e-6, -1.046e-5, -2.811e-6, -1.164e-5, -1.559e-5, -3.949e-6, -7.406e-6, -1.012e-5, -2.718e-6, -1.070e-5, -1.439e-5, -3.693e-6
0.900, -9.142e-6, -1.240e-5, -3.262e-6, -1.417e-5, -1.885e-5, -4.681e-6, -8.743e-6, -1.186e-5, -3.113e-6, -1.336e-5, -1.780e-5, -4.443e-6, -7.980e-6, -1.100e-5, -3.016e-6, -1.224e-5, -1.654e-5, -4.305e-6, -7.730e-6, -1.065e-5, -2.920e-6, -1.123e-5, -1.525e-5, -4.017e-6
