0.002, 1.434e-6, -1.152e-6, 1.262e-6, -1.108e-6, 1.573e-6, -1.293e-6, 1.357e-6, -1.635e-6
0.003, 1.304e-6, -7.201e-7, 1.150e-6, -7.280e-7, 1.406e-6, -8.395e-7, 1.215e-6, -1.117e-6
0.004, 1.230e-6, -5.319e-7, 1.073e-6, -5.563e-7, 1.338e-6, -6.632e-7, 1.176e-6, -8.911e-7
0.005, 1.203e-6, -4.327e-7, 1.041e-6, -4.652e-7, 1.291e-6, -5.394e-7, 1.135e-6, -7.526e-7
0.006, 1.154e-6, -3.670e-7, 1.027e-6, -3.894e-7, 1.261e-6, -4.686e-7, 1.105e-6, -6.753e-7
0.007, 1.134e-6, -3.166e-7, 1.011e-6, -3.433e-7, 1.229e-6, -4.136e-7, 1.069e-6, -6.005e-7
0.008, 1.123e-6, -2.726e-7, 9.990e-7, -3.156e-7, 1.205e-6, -3.782e-7, 1.076e-6, -5.456e-7
0.009, 1.123e-6, -2.434e-7, 9.727e-7, -2.817e-7, 1.186e-6, -3.394e-7, 1.063e-6, -5.004e-7
0.010, 1.095e-6, -2.236e-7, 9.657e-7, -2.685e-7, 1.170e-6, -3.094e-7, 1.041e-6, -4.676e-7
0.011, 1.086e-6, -2.029e-7, 9.779e-7, -2.317e-7, 1.177e-6, -2.913e-7, 1.025e-6, -4.447e-7
0.012, 1.090e-6, -1.840e-7, 9.497e-7, -2.245e-7, 1.154e-6, -2.753e-7, 1.035e-6, -4.120e-7
0.013, 1.070e-6, -1.725e-7, 9.507e-7, -2.070e-7, 1.145e-6, -2.498e-7, 1.016e-6, -3.924e-7
0.014, 1.056e-6, -1.577e-7, 9.454e-7, -1.918e-7, 1.135e-6, -2.372e-7, 1.004e-6, -3.768e-7
0.015, 1.060e-6, -1.521e-7, 9.360e-7, -1.758e-7, 1.124e-6, -2.217e-7, 1.016e-6, -3.606e-7
0.016, 1.055e-6, -1.341e-7, 9.328e-7, -1.723e-7, 1.124e-6, -2.142e-7, 1.002e-6, -3.375e-7
0.017, 1.042e-6, -1.259e-7, 9.175e-7, -1.584e-7, 1.110e-6, -2.038e-7, 1.000e-6, -3.253e-7
0.018, 1.041e-6, -1.265e-7, 9.309e-7, -1.396e-7, 1.114e-6, -1.845e-7, 9.912e-7, -3.256e-7
0.019, 1.030e-6, -1.139e-7, 9.254e-7, -1.424e-7, 1.112e-6, -1.825e-7, 9.799e-7, -3.028e-7
0.020, 1.022e-6, -1.051e-7, 9.055e-7, -1.373e-7, 1.096e-6, -1.746e-7, 9.797e-7, -2.885e-7
0.021, 1.010e-6, -9.628e-8, 8.987e-7, -1.305e-7, 1.109e-6, -1.621e-7, 9.906e-7, -2.806e-7
0.022, 1.025e-6, -9.085e-8, 9.128e-7, -1.241e-7, 1.082e-6, -1.621e-7, 9.761e-7, -2.749e-7
0.023, 1.010e-6, -9.301e-8, 9.045e-7, -1.223e-7, 1.094e-6, -1.504e-7, 9.643e-7, -2.636e-7
0.024, 1.000e-6, -8.110e-8, 8.985e-7, -1.126e-7, 1.089e-6, -1.528e-7, 9.656e-7, -2.618e-7
0.025, 9.994e-7, -7.733e-8, 8.846e-7, -1.072e-7, 1.075e-6, -1.383e-7, 9.767e-7, -2.521e-7
0.026, 9.974e-7, -7.513e-8, 8.899e-7, -1.059e-7, 1.088e-6, -1.351e-7, 9.575e-7, -2.390e-7
0.027, 9.966e-7, -7.689e-8, 8.823e-7, -9.595e-8, 1.079e-6, -1.279e-7, 9.576e-7, -2.373e-7
0.028, 9.923e-7, -7.511e-8, 8.940e-7, -9.326e-8, 1.078e-6, -1.249e-7, 9.551e-7, -2.329e-7
0.029, 9.854e-7, -6.946e-8, 8.811e-7, -9.442e-8, 1.067e-6, -1.194e-7, 9.546e-7, -2.224e-7
0.030, 9.834e-7, -6.495e-8, 8.910e-7, -8.692e-8, 1.068e-6, -1.152e-7, 9.460e-7, -2.187e-7
0.031, 9.835e-7, -6.362e-8, 8.708e-7, -8.607e-8, 1.068e-6, -1.138e-7, 9.422e-7, -2.103e-7
0.032, 9.809e-7, -6.389e-8, 8.655e-7, -8.258e-8, 1.061e-6, -1.047e-7, 9.500e-7, -2.085e-7
0.033, 9.836e-7, -6.362e-8, 8.451e-7, -8.028e-8, 1.062e-6, -1.023e-7, 9.577e-7, -1.993e-7
0.034, 9.894e-7, -5.151e-8, 8.685e-7, -7.718e-8, 1.056e-6, -1.043e-7, 9.383e-7, -2.001e-7
0.035, 9.738e-7, -5.131e-8, 8.633e-7, -7.384e-8, 1.048e-6, -9.918e-8, 9.439e-7, -1.946e-7
0.036, 9.634e-7, -5.648e-8, 8.673e-7, -7.570e-8, 1.049e-6, -9.735e-8, 9.350e-7, -1.857e-7
0.037, 9.628e-7, -4.532e-8, 8.493e-7, -7.676e-8, 1.039e-6, -1.009e-7, 9.170e-7, -1.858e-7
0.038, 9.482e-7, -4.613e-8, 8.659e-7, -5.718e-8, 1.046e-6, -8.814e-8, 9.263e-7, -1.867e-7
0.039, 9.572e-7, -3.922e-8, 8.473e-7, -6.614e-8, 1.038e-6, -9.155e-8, 9.262e-7, -1.751e-7
0.040, 9.485e-7, -4.252e-8, 8.352e-7, -6.218e-8, 1.040e-6, -8.113e-8, 9.260e-7, -1.682e-7
0.041, 9.551e-7, -3.957e-8, 8.429e-7, -5.728e-8, 1.046e-6, -7.962e-8, 9.227e-7, -1.697e-7
0.042, 9.575e-7, -3.937e-8, 8.465e-7, -5.797e-8, 1.025e-6, -7.234e-8, 9.111e-7, -1.676e-7
0.043, 9.381e-7, -4.187e-8, 8.412e-7, -5.866e-8, 1.031e-6, -7.516e-8, 9.217e-7, -1.587e-7
0.044, 9.484e-7, -3.583e-8, 8.476e-7, -5.396e-8, 1.039e-6, -6.907e-8, 9.080e-7, -1.619e-7
0.045, 9.436e-7, -3.115e-8, 8.328e-7, -5.079e-8, 1.031e-6, -7.090e-8, 9.149e-7, -1.577e-7
0.046, 9.383e-7, -3.115e-8, 8.352e-7, -5.527e-8, 1.028e-6, -6.778e-8, 9.051e-7, -1.471e-7
0.047, 9.363e-7, -3.140e-8, 8.288e-7, -4.772e-8, 1.027e-6, -6.662e-8, 9.204e-7, -1.429e-7
0.048, 9.486e-7, -3.279e-8, 8.343e-7, -4.747e-8, 1.016e-6, -5.961e-8, 9.000e-7, -1.422e-7
0.049, 9.380e-7, -3.086e-8, 8.251e-7, -4.462e-8, 1.019e-6, -5.473e-8, 9.063e-7, -1.386e-7
0.050, 9.354e-7, -2.907e-8, 8.296e-7, -4.990e-8, 1.035e-6, -5.751e-8, 9.091e-7, -1.341e-7
0.051, 9.270e-7, -2.489e-8, 8.306e-7, -3.519e-8, 1.022e-6, -5.605e-8, 9.127e-7, -1.395e-7
0.052, 9.351e-7, -2.528e-8, 8.254e-7, -4.041e-8, 1.011e-6, -5.528e-8, 9.063e-7, -1.303e-7
0.053, 9.312e-7, -2.031e-8, 8.242e-7, -4.311e-8, 1.007e-6, -5.488e-8, 9.003e-7, -1.277e-7
0.054, 9.281e-7, -1.951e-8, 8.239e-7, -4.121e-8, 1.019e-6, -5.216e-8, 9.059e-7, -1.277e-7
0.055, 9.392e-7, -1.379e-8, 8.285e-7, -3.417e-8, 1.030e-6, -5.243e-8, 8.898e-7, -1.256e-7
0.056, 9.328e-7, -1.934e-8, 8.410e-7, -3.477e-8, 1.019e-6, -4.292e-8, 9.045e-7, -1.250e-7
0.057, 9.397e-7, -1.533e-8, 8.257e-7, -3.370e-8, 1.019e-6, -5.179e-8, 8.995e-7, -1.195e-7
0.058, 9.428e-7, -2.367e-8, 8.193e-7, -3.945e-8, 1.008e-6, -4.332e-8, 8.979e-7, -1.155e-7
0.059, 9.461e-7, -1.278e-8, 8.287e-7, -3.246e-8, 1.021e-6, -4.178e-8, 8.905e-7, -1.159e-7
0.060, 9.320e-7, -1.384e-8, 8.133e-7, -2.650e-8, 1.010e-6, -4.312e-8, 9.068e-7, -1.178e-7
0.061, 9.235e-7, -9.486e-9, 8.385e-7, -2.372e-8, 1.025e-6, -3.829e-8, 8.940e-7, -1.177e-7
0.062, 9.286e-7, -1.575e-8, 8.196e-7, -2.796e-8, 1.025e-6, -2.962e-8, 8.996e-7, -1.073e-7
0.063, 9.301e-7, -1.072e-8, 8.322e-7, -3.016e-8, 1.026e-6, -3.423e-8, 8.970e-7, -1.015e-7
0.064, 9.292e-7, -1.154e-8, 8.215e-7, -3.289e-8, 1.030e-6, -3.406e-8, 8.977e-7, -9.781e-8
0.065, 9.203e-7, -1.632e-8, 8.273e-7, -2.442e-8, 1.024e-6, -3.066e-8, 8.984e-7, -1.035e-7
0.066, 9.436e-7, -1.067e-8, 8.313e-7, -2.878e-8, 1.014e-6, -3.309e-8, 9.034e-7, -9.345e-8
0.067, 9.315e-7, -1.218e-8, 8.391e-7, -2.788e-8, 1.020e-6, -3.037e-8, 8.940e-7, -9.796e-8
0.068, 9.231e-7, -7.455e-9, 8.290e-7, -2.281e-8, 1.040e-6, -3.252e-8, 9.103e-7, -1.018e-7
0.069, 9.364e-7, -1.077e-8, 8.295e-7, -3.009e-8, 1.024e-6, -3.079e-8, 8.934e-7, -8.828e-8
0.070, 9.251e-7, -1.498e-8, 8.421e-7, -2.283e-8, 1.034e-6, -2.321e-8, 9.030e-7, -9.368e-8
0.071, 9.419e-7, -1.434e-8, 8.380e-7, -2.783e-8, 1.025e-6, -2.561e-8, 9.015e-7, -9.373e-8
0.072, 9.320e-7, -1.030e-8, 8.298e-7, -2.481e-8, 1.032e-6, -2.549e-8, 9.038e-7, -9.259e-8
0.073, 9.431e-7, -1.355e-8, 8.375e-7, -3.063e-8, 1.046e-6, -2.180e-8, 9.049e-7, -8.501e-8
0.074, 9.444e-7, -1.077e-8, 8.369e-7, -2.491e-8, 1.031e-6, -2.514e-8, 9.097e-7, -8.645e-8
0.075, 9.553e-7, -7.777e-9, 8.391e-7, -2.635e-8, 1.029e-6, -2.794e-8, 9.179e-7, -8.352e-8
0.076, 9.435e-7, -5.623e-9, 8.282e-7, -2.298e-8, 1.031e-6, -2.685e-8, 9.049e-7, -8.303e-8
0.077, 9.518e-7, -7.034e-9, 8.296e-7, -2.107e-8, 1.030e-6, -2.435e-8, 9.043e-7, -8.164e-8
0.078, 9.447e-7, -1.246e-8, 8.204e-7, -2.459e-8, 1.034e-6, -1.712e-8, 9.105e-7, -8.040e-8
0.079, 9.505e-7, -9.783e-9, 8.413e-7, -2.122e-8, 1.025e-6, -1.960e-8, 9.012e-7, -7.917e-8
0.080, 9.468e-7, -1.085e-8, 8.275e-7, -2.036e-8, 1.037e-6, -2.153e-8, 9.214e-7, -8.075e-8
0.081, 9.508e-7, -1.124e-8, 8.449e-7, -1.818e-8, 1.036e-6, -1.685e-8, 8.982e-7, -7.726e-8
0.082, 9.511e-7, -7.851e-9, 8.446e-7, -1.956e-8, 1.040e-6, -1.831e-8, 9.075e-7, -8.563e-8
0.083, 9.396e-7, -8.272e-9, 8.302e-7, -1.644e-8, 1.051e-6, -2.135e-8, 9.107e-7, -7.897e-8
0.084, 9.480e-7, -9.164e-9, 8.354e-7, -2.484e-8, 1.035e-6, -1.452e-8, 9.007e-7, -7.552e-8
0.085, 9.392e-7, -1.018e-8, 8.368e-7, -1.575e-8, 1.044e-6, -1.846e-8, 9.016e-7, -7.897e-8
0.086, 9.436e-7, -3.790e-9, 8.366e-7, -2.182e-8, 1.046e-6, -1.541e-8, 9.152e-7, -6.631e-8
0.087, 9.465e-7, -9.238e-9, 8.378e-7, -1.756e-8, 1.038e-6, -1.160e-8, 9.000e-7, -7.102e-8
0.088, 9.511e-7, -3.543e-9, 8.459e-7, -2.315e-8, 1.040e-6, -1.544e-8, 9.051e-7, -6.574e-8
0.089, 9.480e-7, -7.950e-9, 8.292e-7, -1.637e-8, 1.046e-6, -1.090e-8, 9.152e-7, -6.391e-8
0.090, 9.656e-7, -5.895e-9, 8.385e-7, -2.041e-8, 1.027e-6, -1.199e-8, 9.106e-7, -6.319e-8
0.091, 9.631e-7, -7.307e-9, 8.559e-7, -1.092e-8, 1.042e-6, -1.254e-8, 9.106e-7, -6.760e-8
0.092, 9.626e-7, -4.558e-9, 8.426e-7, -2.192e-8, 1.038e-6, -9.345e-9, 9.016e-7, -6.272e-8
0.093, 9.496e-7, -2.577e-9, 8.464e-7, -2.201e-8, 1.053e-6, -1.061e-8, 9.239e-7, -5.874e-8
0.094, 9.565e-7, -9.436e-9, 8.417e-7, -1.810e-8, 1.050e-6, -4.838e-9, 9.224e-7, -5.648e-8
0.095, 9.513e-7, -3.444e-9, 8.373e-7, -1.625e-8, 1.041e-6, -1.318e-8, 9.178e-7, -5.695e-8
0.096, 9.475e-7, -8.124e-9, 8.399e-7, -1.798e-8, 1.050e-6, -4.318e-9, 9.144e-7, -5.671e-8
0.097, 9.520e-7, -2.874e-9, 8.426e-7, -7.430e-9, 1.054e-6, -6.646e-9, 9.069e-7, -5.911e-8
0.098, 9.441e-7, 2.276e-9, 8.465e-7, -2.147e-8, 1.057e-6, -8.998e-9, 9.180e-7, -5.470e-8
0.099, 9.536e-7, -3.741e-9, 8.412e-7, -1.565e-8, 1.063e-6, -4.689e-9, 9.146e-7, -5.936e-8
0.100, 9.524e-7, -3.790e-9, 8.572e-7, -1.382e-8, 1.060e-6, -3.253e-9, 9.104e-7, -5.465e-8
0.101, 9.529e-7, -2.627e-9, 8.464e-7, -1.657e-8, 1.063e-6, -2.089e-9, 9.225e-7, -5.079e-8
0.102, 9.717e-7, -7.942e-10, 8.581e-7, -1.525e-8, 1.066e-6, -6.497e-9, 9.297e-7, -5.203e-8
0.103, 9.642e-7, -8.495e-9, 8.579e-7, -1.392e-8, 1.061e-6, -3.352e-9, 9.073e-7, -5.562e-8
0.104, 9.698e-7, -2.230e-9, 8.517e-7, -1.357e-8, 1.062e-6, -9.503e-10, 9.294e-7, -5.250e-8
0.105, 9.646e-7, 3.449e-10, 8.465e-7, -1.270e-8, 1.074e-6, -1.247e-9, 9.346e-7, -5.054e-8
0.106, 9.800e-7, -7.208e-9, 8.657e-7, -1.909e-8, 1.061e-6, 1.006e-9, 9.209e-7, -5.094e-8
0.107, 9.699e-7, -5.722e-9, 8.561e-7, -7.108e-9, 1.069e-6, -1.148e-9, 9.230e-7, -5.487e-8
0.108, 9.663e-7, 3.201e-10, 8.691e-7, -1.199e-8, 1.066e-6, 1.377e-9, 9.180e-7, -4.796e-8
0.109, 9.567e-7, -2.404e-9, 8.632e-7, -1.686e-8, 1.074e-6, -2.362e-9, 9.235e-7, -4.720e-8
0.110, 9.646e-7, 1.385e-9, 8.455e-7, -1.677e-8, 1.082e-6, -4.937e-9, 9.356e-7, -4.772e-8
0.111, 9.742e-7, -6.514e-9, 8.699e-7, -1.615e-8, 1.087e-6, -1.025e-9, 9.325e-7, -5.002e-8
0.112, 9.803e-7, -1.240e-9, 8.607e-7, -1.674e-8, 1.081e-6, -4.798e-10, 9.532e-7, -4.244e-8
0.113, 9.742e-7, -1.958e-9, 8.645e-7, -1.161e-8, 1.087e-6, -2.817e-10, 9.340e-7, -4.752e-8
0.114, 9.865e-7, -5.722e-9, 8.768e-7, -1.699e-8, 1.087e-6, 2.294e-9, 9.329e-7, -4.504e-8
0.115, 9.882e-7, -1.190e-9, 8.724e-7, -8.470e-9, 1.083e-6, -1.579e-10, 9.406e-7, -4.995e-8
0.116, 9.840e-7, -5.623e-9, 8.691e-7, -8.222e-9, 1.089e-6, 3.680e-9, 9.369e-7, -4.779e-8
0.117, 9.894e-7, 5.198e-9, 8.869e-7, -9.436e-9, 1.104e-6, -3.303e-9, 9.477e-7, -4.088e-8
0.118, 9.821e-7, 1.261e-9, 8.620e-7, -5.895e-9, 1.102e-6, -2.436e-9, 9.615e-7, -4.262e-8
0.119, 9.939e-7, -9.180e-10, 8.891e-7, -5.920e-9, 1.087e-6, 2.343e-9, 9.318e-7, -4.819e-8
0.120, 1.005e-6, 4.192e-10, 8.815e-7, -9.386e-9, 1.097e-6, 2.492e-9, 9.528e-7, -4.363e-8
0.121, 9.965e-7, 6.907e-9, 8.896e-7, -7.306e-9, 1.108e-6, -1.446e-9, 9.590e-7, -3.734e-8
0.122, 9.949e-7, -2.057e-9, 9.046e-7, -1.496e-8, 1.105e-6, -1.446e-9, 9.517e-7, -3.293e-8
0.123, 1.017e-6, 3.044e-9, 8.907e-7, -1.035e-8, 1.103e-6, 3.086e-9, 9.635e-7, -3.856e-8
0.124, 1.010e-6, -3.642e-9, 8.975e-7, -1.417e-8, 1.111e-6, 3.482e-9, 9.687e-7, -3.412e-8
0.125, 1.005e-6, 2.920e-9, 9.103e-7, -1.389e-8, 1.126e-6, 5.983e-9, 9.644e-7, -3.615e-8
0.126, 9.993e-7, -1.067e-9, 8.951e-7, -1.077e-8, 1.122e-6, 4.299e-9, 9.685e-7, -4.014e-8
0.127, 1.012e-6, -1.388e-9, 9.080e-7, -8.916e-9, 1.129e-6, 9.475e-9, 9.660e-7, -4.019e-8
0.128, 1.012e-6, 1.137e-9, 9.106e-7, -1.067e-8, 1.132e-6, 8.974e-11, 9.678e-7, -3.427e-8
0.129, 1.002e-6, 1.707e-9, 8.971e-7, -7.480e-9, 1.139e-6, 8.311e-9, 9.889e-7, -3.214e-8
0.130, 1.030e-6, -2.354e-9, 9.174e-7, -1.308e-8, 1.132e-6, 8.534e-9, 9.800e-7, -3.605e-8
0.131, 1.017e-6, 6.173e-10, 9.125e-7, -1.268e-8, 1.134e-6, 5.215e-9, 9.773e-7, -3.192e-8
0.132, 1.025e-6, -1.067e-9, 9.122e-7, -6.712e-9, 1.146e-6, 3.705e-9, 9.830e-7, -3.529e-8
0.133, 1.039e-6, 5.149e-9, 9.272e-7, -1.213e-8, 1.148e-6, 5.414e-9, 9.855e-7, -2.526e-8
0.134, 1.040e-6, -2.247e-10, 9.284e-7, -6.043e-9, 1.150e-6, 3.779e-9, 9.844e-7, -3.085e-8
0.135, 1.051e-6, -1.339e-9, 9.281e-7, -4.310e-9, 1.149e-6, 1.106e-8, 9.967e-7, -2.972e-8
0.136, 1.048e-6, 9.829e-9, 9.345e-7, -5.424e-9, 1.155e-6, 6.974e-9, 1.002e-6, -3.373e-8
0.137, 1.043e-6, -3.485e-10, 9.423e-7, -9.584e-9, 1.173e-6, 1.012e-8, 9.934e-7, -3.088e-8
0.138, 1.059e-6, 1.010e-8, 9.364e-7, -1.050e-8, 1.159e-6, 1.111e-8, 1.006e-6, -2.967e-8
0.139, 1.054e-6, 6.668e-10, 9.395e-7, -9.089e-9, 1.160e-6, 1.279e-8, 1.013e-6, -3.048e-8
0.140, 1.066e-6, -1.240e-9, 9.369e-7, -1.374e-8, 1.174e-6, 8.682e-9, 1.032e-6, -2.187e-8
0.141, 1.064e-6, 1.360e-9, 9.477e-7, -3.146e-9, 1.173e-6, 9.697e-9, 1.014e-6, -2.630e-8
0.142, 1.075e-6, 4.109e-9, 9.511e-7, -3.864e-9, 1.186e-6, 1.477e-8, 1.036e-6, -2.110e-8
0.143, 1.071e-6, 8.343e-9, 9.629e-7, -2.800e-9, 1.188e-6, 1.406e-8, 1.027e-6, -2.942e-8
0.144, 1.083e-6, 1.174e-8, 9.663e-7, -7.752e-9, 1.191e-6, 1.458e-8, 1.043e-6, -2.258e-8
0.145, 1.090e-6, 8.541e-9, 9.747e-7, -8.842e-9, 1.195e-6, 1.401e-8, 1.044e-6, -2.031e-8
0.146, 1.097e-6, 2.994e-9, 9.838e-7, -4.756e-9, 1.209e-6, 1.903e-8, 1.035e-6, -2.365e-8
0.147, 1.089e-6, 1.136e-8, 9.742e-7, -1.710e-9, 1.208e-6, 8.732e-9, 1.044e-6, -2.003e-8
0.148, 1.107e-6, 8.739e-9, 9.839e-7, -3.790e-9, 1.207e-6, 9.524e-9, 1.057e-6, -1.996e-8
0.149, 1.118e-6, 1.089e-8, 9.833e-7, -4.954e-9, 1.225e-6, 1.217e-8, 1.070e-6, -1.954e-8
0.150, 1.101e-6, 1.008e-8, 1.012e-6, -1.164e-8, 1.227e-6, 1.383e-8, 1.057e-6, -1.397e-8
0.151, 1.114e-6, 5.842e-9, 1.003e-6, -1.314e-9, 1.236e-6, 1.411e-8, 1.082e-6, -1.327e-8
0.152, 1.122e-6, 1.037e-8, 1.016e-6, -7.083e-9, 1.231e-6, 1.799e-8, 1.071e-6, -1.813e-8
0.153, 1.131e-6, 1.275e-8, 1.015e-6, -4.731e-9, 1.240e-6, 1.378e-8, 1.078e-6, -1.345e-8
0.154, 1.133e-6, 1.126e-8, 1.026e-6, -4.434e-9, 1.242e-6, 1.475e-8, 1.077e-6, -1.889e-8
0.155, 1.131e-6, 6.486e-9, 1.025e-6, -6.205e-10, 1.260e-6, 1.121e-8, 1.091e-6, -1.899e-8
0.156, 1.136e-6, 1.178e-8, 1.036e-6, 6.671e-10, 1.255e-6, 1.185e-8, 1.094e-6, -2.434e-8
0.157, 1.167e-6, 1.211e-8, 1.042e-6, -1.462e-9, 1.262e-6, 1.170e-8, 1.106e-6, -1.932e-8
0.158, 1.152e-6, 1.107e-8, 1.045e-6, -4.186e-9, 1.266e-6, 1.321e-8, 1.102e-6, -1.352e-8
0.159, 1.157e-6, 6.288e-9, 1.047e-6, -1.017e-9, 1.268e-6, 9.598e-9, 1.103e-6, -1.548e-8
0.160, 1.154e-6, 3.465e-9, 1.047e-6, -1.809e-9, 1.283e-6, 2.215e-8, 1.110e-6, -1.201e-8
0.161, 1.183e-6, 1.072e-8, 1.038e-6, 9.756e-11, 1.275e-6, 1.888e-8, 1.126e-6, -1.909e-8
0.162, 1.178e-6, 1.669e-8, 1.055e-6, -2.973e-9, 1.275e-6, 1.037e-8, 1.122e-6, -1.278e-8
0.163, 1.184e-6, 5.619e-9, 1.060e-6, -4.483e-9, 1.296e-6, 1.448e-8, 1.119e-6, -1.612e-8
0.164, 1.183e-6, 8.516e-9, 1.077e-6, -1.060e-8, 1.299e-6, 1.423e-8, 1.122e-6, -1.800e-8
0.165, 1.186e-6, 1.732e-9, 1.072e-6, -2.354e-9, 1.306e-6, 1.824e-8, 1.142e-6, -1.501e-8
0.166, 1.195e-6, 1.079e-8, 1.071e-6, 1.336e-9, 1.317e-6, 1.178e-8, 1.159e-6, -1.964e-8
0.167, 1.207e-6, 1.013e-9, 1.090e-6, -1.685e-9, 1.310e-6, 1.978e-8, 1.138e-6, -1.897e-8
0.168, 1.212e-6, 2.004e-9, 1.087e-6, -4.384e-9, 1.321e-6, 2.037e-8, 1.160e-6, -1.325e-8
0.169, 1.208e-6, 5.000e-9, 1.103e-6, -5.053e-9, 1.336e-6, 1.797e-8, 1.156e-6, -1.280e-8
0.170, 1.216e-6, 1.129e-8, 1.100e-6, 7.166e-10, 1.334e-6, 9.598e-9, 1.169e-6, -2.169e-8
0.171, 1.235e-6, 1.045e-8, 1.114e-6, -2.428e-9, 1.324e-6, 1.435e-8, 1.163e-6, -1.387e-8
0.172, 1.237e-6, 1.084e-8, 1.122e-6, 2.178e-9, 1.345e-6, 1.316e-8, 1.172e-6, -1.753e-8
0.173, 1.240e-6, 1.070e-8, 1.123e-6, 2.475e-9, 1.347e-6, 1.346e-8, 1.181e-6, -1.533e-8
0.174, 1.261e-6, 9.829e-9, 1.131e-6, -3.394e-9, 1.344e-6, 1.579e-8, 1.184e-6, -1.184e-8
0.175, 1.251e-6, 7.773e-9, 1.138e-6, 1.856e-9, 1.358e-6, 1.856e-8, 1.185e-6, -2.013e-8
0.176, 1.259e-6, 1.300e-8, 1.133e-6, -1.264e-9, 1.364e-6, 1.467e-8, 1.196e-6, -1.030e-8
0.177, 1.269e-6, 9.606e-9, 1.147e-6, 2.475e-9, 1.371e-6, 1.673e-8, 1.199e-6, -1.639e-8
0.178, 1.263e-6, 6.189e-9, 1.143e-6, 1.955e-9, 1.374e-6, 1.973e-8, 1.202e-6, -1.615e-8
0.179, 1.264e-6, 1.661e-8, 1.157e-6, 2.252e-9, 1.380e-6, 1.472e-8, 1.200e-6, -1.615e-8
0.180, 1.266e-6, 6.535e-9, 1.156e-6, 2.995e-9, 1.382e-6, 1.960e-8, 1.204e-6, -1.082e-8
0.181, 1.277e-6, 6.560e-9, 1.171e-6, -7.691e-10, 1.391e-6, 1.651e-8, 1.211e-6, -6.835e-9
0.182, 1.291e-6, 1.627e-8, 1.166e-6, 1.718e-10, 1.397e-6, 9.722e-9, 1.222e-6, -1.738e-8
0.183, 1.307e-6, 1.882e-8, 1.166e-6, 4.654e-9, 1.388e-6, 1.458e-8, 1.227e-6, -1.595e-8
0.184, 1.301e-6, 1.174e-8, 1.179e-6, 3.886e-9, 1.409e-6, 1.581e-8, 1.243e-6, -1.303e-8
0.185, 1.291e-6, 3.787e-9, 1.192e-6, 1.187e-9, 1.436e-6, 2.391e-8, 1.234e-6, -1.085e-8
0.186, 1.315e-6, 1.079e-8, 1.200e-6, 4.282e-9, 1.413e-6, 2.161e-8, 1.251e-6, -8.667e-9
0.187, 1.310e-6, 1.419e-8, 1.203e-6, 2.461e-10, 1.427e-6, 2.044e-8, 1.254e-6, -3.294e-9
0.188, 1.328e-6, 1.575e-8, 1.213e-6, 6.560e-9, 1.440e-6, 1.913e-8, 1.249e-6, -4.953e-9
0.189, 1.333e-6, 1.238e-8, 1.202e-6, 2.202e-9, 1.435e-6, 2.304e-8, 1.264e-6, -1.987e-10
0.190, 1.338e-6, 1.067e-8, 1.220e-6, 4.951e-9, 1.454e-6, 2.837e-8, 1.269e-6, -4.062e-9
0.191, 1.343e-6, 1.067e-8, 1.237e-6, 2.326e-9, 1.461e-6, 2.304e-8, 1.269e-6, -5.374e-9
0.192, 1.348e-6, 1.352e-8, 1.245e-6, 7.378e-9, 1.466e-6, 2.213e-8, 1.283e-6, -9.336e-9
0.193, 1.348e-6, 1.790e-8, 1.252e-6, 3.168e-9, 1.478e-6, 2.044e-8, 1.281e-6, -8.426e-10
0.194, 1.364e-6, 1.872e-8, 1.252e-6, 6.115e-9, 1.476e-6, 2.114e-8, 1.309e-6, -2.873e-9
0.195, 1.373e-6, 2.345e-8, 1.262e-6, 7.600e-9, 1.484e-6, 1.901e-8, 1.291e-6, -4.458e-9
0.196, 1.388e-6, 1.708e-8, 1.259e-6, 1.831e-9, 1.489e-6, 2.978e-8, 1.322e-6, -1.264e-9
0.197, 1.388e-6, 1.822e-8, 1.265e-6, 1.136e-8, 1.490e-6, 2.555e-8, 1.315e-6, -2.824e-9
0.198, 1.394e-6, 1.916e-8, 1.274e-6, 4.802e-9, 1.510e-6, 2.498e-8, 1.331e-6, 2.965e-10
0.199, 1.414e-6, 1.406e-8, 1.293e-6, 7.378e-9, 1.503e-6, 3.040e-8, 1.339e-6, -1.264e-9
0.200, 1.386e-6, 2.194e-8, 1.297e-6, 7.749e-9, 1.532e-6, 2.327e-8, 1.335e-6, -1.784e-9
0.201, 1.415e-6, 2.513e-8, 1.310e-6, 6.783e-9, 1.547e-6, 2.654e-8, 1.358e-6, 1.980e-9
0.202, 1.424e-6, 2.030e-8, 1.314e-6, 5.570e-9, 1.532e-6, 2.478e-8, 1.355e-6, 5.298e-9
0.203, 1.422e-6, 2.266e-8, 1.328e-6, 1.198e-8, 1.556e-6, 2.599e-8, 1.361e-6, 1.188e-9
0.204, 1.441e-6, 1.815e-8, 1.330e-6, 7.898e-9, 1.554e-6, 2.800e-8, 1.368e-6, 8.567e-9
0.205, 1.450e-6, 2.253e-8, 1.342e-6, 4.679e-9, 1.570e-6, 2.767e-8, 1.365e-6, 2.222e-10
0.206, 1.453e-6, 1.864e-8, 1.368e-6, 1.295e-8, 1.561e-6, 3.305e-8, 1.381e-6, 1.733e-9
0.207, 1.473e-6, 2.092e-8, 1.378e-6, 7.477e-9, 1.575e-6, 2.975e-8, 1.389e-6, 4.902e-9
0.208, 1.481e-6, 2.298e-8, 1.376e-6, 1.461e-8, 1.595e-6, 3.186e-8, 1.402e-6, 4.060e-9
0.209, 1.487e-6, 2.320e-8, 1.387e-6, 1.161e-8, 1.598e-6, 2.844e-8, 1.401e-6, 1.293e-8
0.210, 1.490e-6, 2.105e-8, 1.388e-6, 1.384e-8, 1.612e-6, 3.023e-8, 1.409e-6, 7.007e-9
0.211, 1.503e-6, 2.939e-8, 1.402e-6, 2.157e-8, 1.609e-6, 3.055e-8, 1.412e-6, 3.912e-9
0.212, 1.501e-6, 2.528e-8, 1.408e-6, 2.216e-8, 1.632e-6, 4.001e-8, 1.431e-6, 6.933e-9
0.213, 1.505e-6, 3.080e-8, 1.428e-6, 1.473e-8, 1.640e-6, 2.718e-8, 1.431e-6, 1.228e-8
0.214, 1.514e-6, 2.664e-8, 1.446e-6, 1.716e-8, 1.655e-6, 3.540e-8, 1.442e-6, 8.617e-9
0.215, 1.546e-6, 2.662e-8, 1.443e-6, 1.708e-8, 1.628e-6, 3.359e-8, 1.456e-6, 5.596e-9
0.216, 1.543e-6, 2.862e-8, 1.442e-6, 1.931e-8, 1.653e-6, 3.889e-8, 1.457e-6, 5.645e-9
0.217, 1.559e-6, 2.852e-8, 1.471e-6, 2.085e-8, 1.679e-6, 3.699e-8, 1.458e-6, 1.340e-8
0.218, 1.562e-6, 2.672e-8, 1.459e-6, 2.023e-8, 1.680e-6, 3.753e-8, 1.474e-6, 7.973e-9
0.219, 1.567e-6, 3.013e-8, 1.484e-6, 1.790e-8, 1.685e-6, 3.404e-8, 1.477e-6, 1.572e-8
0.220, 1.584e-6, 3.558e-8, 1.492e-6, 2.313e-8, 1.687e-6, 3.909e-8, 1.491e-6, 1.567e-8
0.221, 1.589e-6, 2.959e-8, 1.514e-6, 2.209e-8, 1.712e-6, 4.008e-8, 1.508e-6, 1.822e-8
0.222, 1.614e-6, 3.140e-8, 1.522e-6, 2.305e-8, 1.709e-6, 3.921e-8, 1.505e-6, 1.441e-8
0.223, 1.612e-6, 2.966e-8, 1.532e-6, 1.674e-8, 1.737e-6, 4.847e-8, 1.521e-6, 2.070e-8
0.224, 1.620e-6, 3.157e-8, 1.531e-6, 2.290e-8, 1.748e-6, 4.236e-8, 1.537e-6, 1.543e-8
0.225, 1.643e-6, 3.509e-8, 1.565e-6, 2.446e-8, 1.754e-6, 3.887e-8, 1.538e-6, 1.354e-8
0.226, 1.645e-6, 2.949e-8, 1.575e-6, 3.073e-8, 1.761e-6, 4.488e-8, 1.541e-6, 1.679e-8
0.227, 1.653e-6, 3.974e-8, 1.573e-6, 2.501e-8, 1.770e-6, 4.127e-8, 1.569e-6, 1.681e-8
0.228, 1.668e-6, 3.885e-8, 1.593e-6, 2.691e-8, 1.793e-6, 3.998e-8, 1.574e-6, 2.006e-8
0.229, 1.678e-6, 3.276e-8, 1.595e-6, 2.701e-8, 1.791e-6, 4.506e-8, 1.586e-6, 1.768e-8
0.230, 1.700e-6, 3.568e-8, 1.621e-6, 2.372e-8, 1.799e-6, 3.755e-8, 1.585e-6, 1.996e-8
0.231, 1.692e-6, 3.216e-8, 1.632e-6, 2.620e-8, 1.832e-6, 3.983e-8, 1.590e-6, 1.265e-8
0.232, 1.728e-6, 4.219e-8, 1.649e-6, 2.682e-8, 1.811e-6, 3.580e-8, 1.617e-6, 2.013e-8
0.233, 1.718e-6, 3.325e-8, 1.657e-6, 2.417e-8, 1.843e-6, 4.285e-8, 1.624e-6, 2.095e-8
0.234, 1.736e-6, 3.717e-8, 1.673e-6, 2.592e-8, 1.848e-6, 4.065e-8, 1.630e-6, 1.783e-8
0.235, 1.742e-6, 4.081e-8, 1.676e-6, 2.176e-8, 1.868e-6, 3.649e-8, 1.650e-6, 2.357e-8
0.236, 1.774e-6, 3.471e-8, 1.689e-6, 2.342e-8, 1.870e-6, 4.095e-8, 1.659e-6, 1.713e-8
0.237, 1.770e-6, 3.917e-8, 1.706e-6, 2.070e-8, 1.882e-6, 3.788e-8, 1.665e-6, 2.073e-8
0.238, 1.774e-6, 3.808e-8, 1.714e-6, 2.429e-8, 1.904e-6, 4.080e-8, 1.683e-6, 1.939e-8
0.239, 1.801e-6, 3.863e-8, 1.732e-6, 1.879e-8, 1.905e-6, 3.897e-8, 1.688e-6, 2.011e-8
0.240, 1.806e-6, 3.803e-8, 1.735e-6, 2.310e-8, 1.926e-6, 4.288e-8, 1.697e-6, 1.944e-8
0.241, 1.813e-6, 3.325e-8, 1.756e-6, 1.956e-8, 1.928e-6, 3.897e-8, 1.703e-6, 2.456e-8
0.242, 1.825e-6, 3.345e-8, 1.759e-6, 2.335e-8, 1.933e-6, 4.313e-8, 1.715e-6, 2.283e-8
0.243, 1.843e-6, 4.197e-8, 1.769e-6, 2.498e-8, 1.938e-6, 4.063e-8, 1.748e-6, 1.179e-8
0.244, 1.851e-6, 3.962e-8, 1.791e-6, 2.682e-8, 1.961e-6, 4.090e-8, 1.737e-6, 1.384e-8
0.245, 1.864e-6, 3.551e-8, 1.793e-6, 2.407e-8, 1.962e-6, 4.142e-8, 1.747e-6, 2.048e-8
0.246, 1.874e-6, 3.801e-8, 1.827e-6, 2.966e-8, 1.970e-6, 3.679e-8, 1.750e-6, 1.681e-8
0.247, 1.878e-6, 4.098e-8, 1.817e-6, 2.471e-8, 1.980e-6, 3.731e-8, 1.764e-6, 1.624e-8
0.248, 1.885e-6, 3.561e-8, 1.838e-6, 2.367e-8, 1.991e-6, 4.540e-8, 1.782e-6, 2.092e-8
0.249, 1.896e-6, 4.279e-8, 1.842e-6, 2.204e-8, 1.996e-6, 3.951e-8, 1.789e-6, 1.713e-8
0.250, 1.898e-6, 4.380e-8, 1.859e-6, 2.511e-8, 2.022e-6, 4.526e-8, 1.799e-6, 1.689e-8
0.251, 1.914e-6, 4.383e-8, 1.869e-6, 3.244e-8, 2.023e-6, 4.201e-8, 1.807e-6, 1.817e-8
0.252, 1.933e-6, 4.110e-8, 1.871e-6, 2.892e-8, 2.033e-6, 3.941e-8, 1.829e-6, 2.219e-8
0.253, 1.932e-6, 4.531e-8, 1.905e-6, 3.382e-8, 2.059e-6, 4.194e-8, 1.826e-6, 2.273e-8
0.254, 1.956e-6, 4.722e-8, 1.901e-6, 3.254e-8, 2.039e-6, 3.934e-8, 1.828e-6, 2.318e-8
0.255, 1.951e-6, 4.588e-8, 1.915e-6, 2.575e-8, 2.050e-6, 4.285e-8, 1.829e-6, 2.877e-8
0.256, 1.976e-6, 4.162e-8, 1.928e-6, 3.848e-8, 2.071e-6, 4.855e-8, 1.853e-6, 2.563e-8
0.257, 1.983e-6, 4.422e-8, 1.929e-6, 2.699e-8, 2.072e-6, 5.060e-8, 1.879e-6, 3.377e-8
0.258, 1.992e-6, 5.083e-8, 1.944e-6, 3.996e-8, 2.096e-6, 4.838e-8, 1.886e-6, 2.117e-8
0.259, 2.009e-6, 4.284e-8, 1.966e-6, 3.313e-8, 2.110e-6, 4.999e-8, 1.891e-6, 2.689e-8
0.260, 2.030e-6, 3.937e-8, 1.970e-6, 3.405e-8, 2.109e-6, 5.320e-8, 1.908e-6, 1.855e-8
0.261, 2.033e-6, 4.630e-8, 1.976e-6, 3.323e-8, 2.119e-6, 4.743e-8, 1.916e-6, 3.031e-8
0.262, 2.044e-6, 4.469e-8, 1.996e-6, 3.793e-8, 2.131e-6, 4.719e-8, 1.927e-6, 2.179e-8
0.263, 2.066e-6, 4.848e-8, 1.996e-6, 4.034e-8, 2.124e-6, 5.150e-8, 1.945e-6, 2.152e-8
0.264, 2.081e-6, 4.658e-8, 2.011e-6, 3.595e-8, 2.134e-6, 5.266e-8, 1.946e-6, 2.813e-8
0.265, 2.079e-6, 5.012e-8, 2.039e-6, 3.974e-8, 2.155e-6, 5.323e-8, 1.948e-6, 2.999e-8
0.266, 2.095e-6, 5.215e-8, 2.043e-6, 3.635e-8, 2.156e-6, 4.734e-8, 1.963e-6, 3.113e-8
0.267, 2.112e-6, 5.091e-8, 2.055e-6, 2.882e-8, 2.164e-6, 5.036e-8, 1.967e-6, 3.722e-8
0.268, 2.120e-6, 4.011e-8, 2.058e-6, 3.731e-8, 2.187e-6, 5.261e-8, 1.983e-6, 3.204e-8
0.269, 2.123e-6, 4.927e-8, 2.083e-6, 3.595e-8, 2.178e-6, 5.006e-8, 1.978e-6, 3.407e-8
0.270, 2.124e-6, 4.427e-8, 2.079e-6, 4.076e-8, 2.178e-6, 5.189e-8, 1.991e-6, 2.828e-8
0.271, 2.135e-6, 4.650e-8, 2.080e-6, 3.417e-8, 2.202e-6, 4.996e-8, 2.000e-6, 3.095e-8
0.272, 2.153e-6, 5.371e-8, 2.087e-6, 3.434e-8, 2.188e-6, 4.929e-8, 2.007e-6, 2.976e-8
0.273, 2.141e-6, 5.173e-8, 2.085e-6, 3.927e-8, 2.203e-6, 4.902e-8, 2.002e-6, 2.588e-8
0.274, 2.150e-6, 4.809e-8, 2.079e-6, 3.511e-8, 2.201e-6, 4.630e-8, 2.016e-6, 3.117e-8
0.275, 2.156e-6, 5.126e-8, 2.101e-6, 3.717e-8, 2.197e-6, 5.046e-8, 2.001e-6, 2.855e-8
0.276, 2.165e-6, 3.623e-8, 2.098e-6, 3.491e-8, 2.209e-6, 5.236e-8, 2.005e-6, 2.734e-8
0.277, 2.177e-6, 4.789e-8, 2.106e-6, 3.504e-8, 2.202e-6, 5.172e-8, 1.995e-6, 3.001e-8
0.278, 2.169e-6, 4.410e-8, 2.106e-6, 3.469e-8, 2.194e-6, 4.947e-8, 1.997e-6, 3.202e-8
0.279, 2.173e-6, 4.487e-8, 2.075e-6, 3.801e-8, 2.188e-6, 5.623e-8, 2.003e-6, 2.394e-8
0.280, 2.162e-6, 4.764e-8, 2.104e-6, 3.464e-8, 2.205e-6, 5.088e-8, 1.987e-6, 3.033e-8
0.281, 2.165e-6, 4.256e-8, 2.086e-6, 3.239e-8, 2.186e-6, 4.823e-8, 1.983e-6, 2.513e-8
0.282, 2.154e-6, 4.581e-8, 2.085e-6, 3.984e-8, 2.171e-6, 4.820e-8, 1.967e-6, 1.748e-8
0.283, 2.146e-6, 4.323e-8, 2.070e-6, 2.999e-8, 2.184e-6, 4.612e-8, 1.967e-6, 2.555e-8
0.284, 2.151e-6, 4.464e-8, 2.065e-6, 3.571e-8, 2.164e-6, 4.516e-8, 1.950e-6, 2.281e-8
0.285, 2.129e-6, 4.147e-8, 2.057e-6, 2.679e-8, 2.160e-6, 4.602e-8, 1.935e-6, 2.206e-8
0.286, 2.132e-6, 3.949e-8, 2.045e-6, 3.429e-8, 2.150e-6, 4.845e-8, 1.911e-6, 2.112e-8
0.287, 2.118e-6, 3.402e-8, 2.041e-6, 3.556e-8, 2.127e-6, 4.986e-8, 1.901e-6, 1.478e-8
0.288, 2.111e-6, 3.853e-8, 2.010e-6, 2.907e-8, 2.102e-6, 4.503e-8, 1.891e-6, 2.105e-8
0.289, 2.100e-6, 4.526e-8, 2.004e-6, 2.746e-8, 2.093e-6, 4.199e-8, 1.868e-6, 2.622e-8
0.290, 2.072e-6, 4.323e-8, 1.999e-6, 3.313e-8, 2.088e-6, 3.468e-8, 1.850e-6, 1.931e-8
0.291, 2.060e-6, 4.417e-8, 1.965e-6, 2.295e-8, 2.073e-6, 4.050e-8, 1.836e-6, 2.157e-8
0.292, 2.052e-6, 4.006e-8, 1.950e-6, 2.800e-8, 2.049e-6, 4.308e-8, 1.808e-6, 1.897e-8
0.293, 2.025e-6, 4.034e-8, 1.924e-6, 2.615e-8, 2.034e-6, 4.194e-8, 1.794e-6, 1.882e-8
0.294, 2.008e-6, 3.848e-8, 1.909e-6, 2.459e-8, 2.017e-6, 4.003e-8, 1.760e-6, 2.065e-8
0.295, 1.991e-6, 4.242e-8, 1.886e-6, 2.323e-8, 1.998e-6, 4.191e-8, 1.748e-6, 1.847e-8
0.296, 1.969e-6, 4.046e-8, 1.857e-6, 2.657e-8, 1.980e-6, 4.023e-8, 1.727e-6, 1.778e-8
0.297, 1.947e-6, 3.897e-8, 1.840e-6, 1.968e-8, 1.968e-6, 3.998e-8, 1.707e-6, 2.917e-8
0.298, 1.923e-6, 3.499e-8, 1.817e-6, 2.550e-8, 1.949e-6, 4.352e-8, 1.673e-6, 1.525e-8
0.299, 1.901e-6, 3.400e-8, 1.782e-6, 2.563e-8, 1.901e-6, 4.241e-8, 1.645e-6, 1.585e-8
0.300, 1.865e-6, 3.727e-8, 1.762e-6, 2.456e-8, 1.889e-6, 4.226e-8, 1.622e-6, 1.241e-8
0.301, 1.849e-6, 3.566e-8, 1.743e-6, 2.377e-8, 1.882e-6, 3.649e-8, 1.583e-6, 1.486e-8
0.302, 1.830e-6, 3.419e-8, 1.707e-6, 2.318e-8, 1.850e-6, 3.510e-8, 1.566e-6, 1.335e-8
0.303, 1.788e-6, 3.328e-8, 1.674e-6, 1.835e-8, 1.831e-6, 3.508e-8, 1.545e-6, 1.793e-8
0.304, 1.778e-6, 3.610e-8, 1.655e-6, 1.894e-8, 1.816e-6, 3.263e-8, 1.535e-6, 1.104e-8
0.305, 1.751e-6, 2.795e-8, 1.617e-6, 1.686e-8, 1.781e-6, 3.221e-8, 1.505e-6, 1.597e-8
0.306, 1.723e-6, 3.221e-8, 1.610e-6, 2.464e-8, 1.772e-6, 3.401e-8, 1.486e-6, 4.679e-9
0.307, 1.708e-6, 3.078e-8, 1.584e-6, 2.082e-8, 1.749e-6, 3.520e-8, 1.468e-6, 1.149e-8
0.308, 1.688e-6, 2.961e-8, 1.556e-6, 1.741e-8, 1.712e-6, 3.817e-8, 1.438e-6, 1.387e-8
0.309, 1.665e-6, 3.343e-8, 1.538e-6, 1.755e-8, 1.707e-6, 3.149e-8, 1.423e-6, 5.695e-9
0.310, 1.634e-6, 3.075e-8, 1.519e-6, 1.775e-8, 1.701e-6, 2.938e-8, 1.410e-6, 7.700e-9
0.311, 1.624e-6, 2.773e-8, 1.484e-6, 2.706e-8, 1.666e-6, 3.362e-8, 1.383e-6, 1.013e-8
0.312, 1.600e-6, 3.023e-8, 1.461e-6, 1.637e-8, 1.665e-6, 3.104e-8, 1.375e-6, 8.938e-9
0.313, 1.598e-6, 2.944e-8, 1.454e-6, 2.169e-8, 1.640e-6, 3.330e-8, 1.357e-6, 1.255e-8
0.314, 1.579e-6, 3.209e-8, 1.429e-6, 1.342e-8, 1.631e-6, 2.938e-8, 1.342e-6, 1.317e-8
0.315, 1.563e-6, 3.665e-8, 1.413e-6, 2.025e-8, 1.617e-6, 2.983e-8, 1.347e-6, 1.399e-8
0.316, 1.539e-6, 2.860e-8, 1.407e-6, 1.639e-8, 1.604e-6, 3.087e-8, 1.314e-6, 1.503e-8
0.317, 1.515e-6, 3.192e-8, 1.382e-6, 1.347e-8, 1.602e-6, 3.458e-8, 1.298e-6, 1.627e-8
0.318, 1.503e-6, 2.845e-8, 1.383e-6, 2.377e-8, 1.581e-6, 3.711e-8, 1.288e-6, 1.203e-8
0.319, 1.498e-6, 2.934e-8, 1.355e-6, 1.481e-8, 1.564e-6, 3.508e-8, 1.278e-6, 1.359e-8
0.320, 1.505e-6, 3.395e-8, 1.341e-6, 1.788e-8, 1.561e-6, 2.951e-8, 1.282e-6, 1.666e-8
0.321, 1.477e-6, 3.065e-8, 1.332e-6, 1.344e-8, 1.551e-6, 2.983e-8, 1.265e-6, 1.709e-8
0.322, 1.479e-6, 2.610e-8, 1.318e-6, 1.855e-8, 1.545e-6, 3.993e-8, 1.264e-6, 1.102e-8
0.323, 1.451e-6, 3.204e-8, 1.312e-6, 1.582e-8, 1.535e-6, 3.300e-8, 1.264e-6, 1.424e-8
0.324, 1.455e-6, 2.808e-8, 1.298e-6, 9.309e-9, 1.525e-6, 3.359e-8, 1.254e-6, 1.590e-8
0.325, 1.442e-6, 3.093e-8, 1.303e-6, 1.664e-8, 1.533e-6, 2.852e-8, 1.238e-6, 1.164e-8
0.326, 1.425e-6, 2.055e-8, 1.283e-6, 2.030e-8, 1.525e-6, 3.765e-8, 1.236e-6, 1.342e-8
0.327, 1.431e-6, 3.311e-8, 1.282e-6, 2.337e-8, 1.515e-6, 3.604e-8, 1.241e-6, 1.092e-8
0.328, 1.424e-6, 2.855e-8, 1.283e-6, 1.263e-8, 1.522e-6, 3.179e-8, 1.238e-6, 1.137e-8
0.329, 1.414e-6, 2.857e-8, 1.257e-6, 1.889e-8, 1.508e-6, 3.122e-8, 1.240e-6, 1.181e-8
0.330, 1.406e-6, 2.904e-8, 1.274e-6, 1.686e-8, 1.518e-6, 3.008e-8, 1.232e-6, 1.184e-8
0.331, 1.417e-6, 2.835e-8, 1.267e-6, 1.716e-8, 1.506e-6, 3.174e-8, 1.221e-6, 1.020e-8
0.332, 1.425e-6, 2.672e-8, 1.265e-6, 1.339e-8, 1.499e-6, 2.864e-8, 1.229e-6, 1.327e-8
0.333, 1.413e-6, 2.909e-8, 1.245e-6, 1.550e-8, 1.494e-6, 3.198e-8, 1.223e-6, 7.478e-9
0.334, 1.394e-6, 2.706e-8, 1.247e-6, 1.250e-8, 1.499e-6, 2.824e-8, 1.213e-6, 8.344e-9
0.335, 1.396e-6, 2.258e-8, 1.247e-6, 8.987e-9, 1.487e-6, 3.052e-8, 1.210e-6, 1.107e-8
0.336, 1.380e-6, 2.602e-8, 1.251e-6, 1.800e-8, 1.500e-6, 3.218e-8, 1.218e-6, 8.864e-9
0.337, 1.380e-6, 1.963e-8, 1.240e-6, 1.248e-8, 1.482e-6, 3.208e-8, 1.198e-6, 1.010e-8
0.338, 1.367e-6, 2.454e-8, 1.230e-6, 1.406e-8, 1.484e-6, 2.715e-8, 1.208e-6, 1.010e-8
0.339, 1.371e-6, 1.617e-8, 1.226e-6, 6.907e-9, 1.474e-6, 2.896e-8, 1.200e-6, 1.003e-8
0.340, 1.375e-6, 2.176e-8, 1.215e-6, 9.235e-9, 1.470e-6, 2.639e-8, 1.198e-6, 4.580e-9
0.341, 1.354e-6, 2.689e-8, 1.218e-6, 5.174e-9, 1.477e-6, 2.493e-8, 1.196e-6, 1.117e-8
0.342, 1.360e-6, 1.983e-8, 1.212e-6, 6.486e-9, 1.470e-6, 2.609e-8, 1.189e-6, 1.191e-8
0.343, 1.360e-6, 2.011e-8, 1.206e-6, 1.005e-8, 1.467e-6, 2.389e-8, 1.182e-6, 4.580e-9
0.344, 1.353e-6, 2.865e-8, 1.197e-6, 3.366e-9, 1.469e-6, 1.671e-8, 1.187e-6, 7.577e-9
0.345, 1.365e-6, 1.701e-8, 1.201e-6, 2.054e-9, 1.452e-6, 2.696e-8, 1.191e-6, 1.382e-8
0.346, 1.361e-6, 1.661e-8, 1.185e-6, 9.953e-9, 1.451e-6, 2.111e-8, 1.184e-6, 3.417e-9
0.347, 1.338e-6, 2.620e-8, 1.193e-6, 4.703e-9, 1.456e-6, 1.517e-8, 1.180e-6, 2.055e-9
0.348, 1.348e-6, 2.053e-8, 1.197e-6, 3.861e-9, 1.454e-6, 2.077e-8, 1.177e-6, 6.264e-9
0.349, 1.341e-6, 1.664e-8, 1.183e-6, 5.248e-9, 1.441e-6, 2.579e-8, 1.188e-6, 4.754e-9
0.350, 1.332e-6, 1.359e-8, 1.185e-6, 3.960e-9, 1.449e-6, 2.235e-8, 1.165e-6, 3.441e-9
0.351, 1.330e-6, 2.105e-8, 1.182e-6, 1.151e-8, 1.442e-6, 1.817e-8, 1.171e-6, 7.175e-10
0.352, 1.320e-6, 1.060e-8, 1.169e-6, 5.149e-9, 1.441e-6, 2.720e-8, 1.170e-6, 6.017e-9
0.353, 1.326e-6, 1.919e-8, 1.182e-6, 3.069e-9, 1.435e-6, 1.896e-8, 1.168e-6, -7.132e-9
0.354, 1.322e-6, 1.409e-8, 1.158e-6, 8.195e-9, 1.430e-6, 2.027e-8, 1.174e-6, -5.206e-10
0.355, 1.306e-6, 1.775e-8, 1.169e-6, 4.629e-9, 1.438e-6, 1.425e-8, 1.151e-6, 2.352e-9
0.356, 1.303e-6, 1.656e-8, 1.163e-6, 1.757e-9, 1.417e-6, 1.789e-8, 1.148e-6, -1.041e-9
0.357, 1.295e-6, 1.674e-8, 1.144e-6, 5.185e-10, 1.422e-6, 1.950e-8, 1.158e-6, 6.017e-9
0.358, 1.290e-6, 1.473e-8, 1.144e-6, 6.362e-9, 1.410e-6, 2.062e-8, 1.155e-6, 2.178e-9
0.359, 1.300e-6, 1.716e-8, 1.134e-6, 8.566e-9, 1.417e-6, 1.341e-8, 1.155e-6, -3.715e-9
0.360, 1.298e-6, 1.944e-8, 1.132e-6, 4.109e-9, 1.407e-6, 1.787e-8, 1.155e-6, -1.065e-9
0.361, 1.305e-6, 1.637e-8, 1.132e-6, 3.663e-9, 1.408e-6, 1.742e-8, 1.146e-6, 1.411e-9
0.362, 1.294e-6, 1.084e-8, 1.128e-6, 1.237e-9, 1.404e-6, 2.156e-8, 1.142e-6, 6.438e-9
0.363, 1.285e-6, 1.505e-8, 1.116e-6, 3.947e-10, 1.395e-6, 2.158e-8, 1.131e-6, 5.695e-9
0.364, 1.277e-6, 1.993e-8, 1.113e-6, 2.079e-9, 1.395e-6, 1.901e-8, 1.145e-6, 2.773e-9
0.365, 1.277e-6, 1.874e-8, 1.115e-6, 5.322e-9, 1.395e-6, 2.020e-8, 1.128e-6, 1.163e-9
0.366, 1.263e-6, 1.941e-8, 1.111e-6, 7.650e-9, 1.400e-6, 2.329e-8, 1.131e-6, 3.119e-9
0.367, 1.276e-6, 2.038e-8, 1.110e-6, 5.669e-9, 1.400e-6, 1.678e-8, 1.137e-6, 3.070e-9
0.368, 1.267e-6, 1.602e-8, 1.102e-6, 8.170e-9, 1.386e-6, 2.329e-8, 1.129e-6, 4.630e-9
0.369, 1.274e-6, 1.211e-8, 1.095e-6, 3.452e-10, 1.387e-6, 2.750e-8, 1.136e-6, 3.367e-9
0.370, 1.264e-6, 1.892e-8, 1.100e-6, -3.790e-9, 1.383e-6, 1.975e-8, 1.129e-6, 4.754e-9
0.371, 1.267e-6, 1.738e-8, 1.105e-6, -4.137e-9, 1.385e-6, 2.181e-8, 1.130e-6, 9.260e-9
0.372, 1.270e-6, 1.822e-8, 1.102e-6, 6.511e-9, 1.376e-6, 2.725e-8, 1.136e-6, 3.441e-9
0.373, 1.249e-6, 1.902e-8, 1.095e-6, 4.852e-9, 1.390e-6, 2.215e-8, 1.135e-6, 7.527e-9
0.374, 1.251e-6, 1.785e-8, 1.097e-6, 6.437e-9, 1.389e-6, 1.980e-8, 1.123e-6, 6.487e-9
0.375, 1.254e-6, 2.033e-8, 1.109e-6, 7.749e-9, 1.383e-6, 2.327e-8, 1.122e-6, 4.828e-9
0.376, 1.255e-6, 1.325e-8, 1.113e-6, 2.871e-9, 1.391e-6, 2.574e-8, 1.124e-6, 6.933e-9
0.377, 1.252e-6, 1.726e-8, 1.108e-6, 4.456e-9, 1.389e-6, 1.631e-8, 1.130e-6, 3.590e-9
0.378, 1.245e-6, 1.550e-8, 1.091e-6, 1.435e-9, 1.380e-6, 2.030e-8, 1.121e-6, 4.209e-9
0.379, 1.243e-6, 1.151e-8, 1.092e-6, 3.069e-9, 1.382e-6, 1.601e-8, 1.129e-6, 4.203e-10
0.380, 1.260e-6, 1.342e-8, 1.096e-6, -3.482e-10, 1.379e-6, 2.131e-8, 1.123e-6, 6.982e-9
0.381, 1.260e-6, 1.723e-8, 1.095e-6, 2.846e-9, 1.384e-6, 2.203e-8, 1.132e-6, 3.020e-9
0.382, 1.242e-6, 1.102e-8, 1.097e-6, 2.846e-9, 1.386e-6, 1.703e-8, 1.119e-6, -7.231e-9
0.383, 1.250e-6, 1.419e-8, 1.099e-6, -2.750e-9, 1.369e-6, 1.386e-8, 1.127e-6, 4.011e-9
0.384, 1.246e-6, 1.438e-8, 1.097e-6, -4.384e-9, 1.383e-6, 1.623e-8, 1.119e-6, 3.119e-9
0.385, 1.255e-6, 1.342e-8, 1.089e-6, 4.690e-10, 1.369e-6, 1.316e-8, 1.128e-6, -6.067e-9
0.386, 1.248e-6, 1.245e-8, 1.090e-6, -1.710e-9, 1.375e-6, 1.170e-8, 1.120e-6, -5.820e-9
0.387, 1.250e-6, 1.788e-8, 1.094e-6, -1.091e-9, 1.366e-6, 1.094e-8, 1.115e-6, -9.683e-9
0.388, 1.239e-6, 5.669e-9, 1.090e-6, -8.916e-9, 1.377e-6, 1.443e-8, 1.114e-6, -8.965e-9
0.389, 1.239e-6, 1.270e-8, 1.099e-6, -6.043e-9, 1.373e-6, 6.577e-9, 1.112e-6, 3.342e-9
0.390, 1.241e-6, 3.836e-9, 1.082e-6, -1.611e-9, 1.365e-6, 1.606e-8, 1.116e-6, -4.829e-9
0.391, 1.248e-6, 8.789e-9, 1.090e-6, -3.394e-9, 1.359e-6, 8.261e-9, 1.110e-6, -1.213e-8
0.392, 1.228e-6, 6.486e-9, 1.079e-6, -7.108e-9, 1.369e-6, 1.302e-8, 1.105e-6, 4.888e-11
0.393, 1.230e-6, 3.292e-9, 1.074e-6, -1.053e-8, 1.366e-6, 1.235e-8, 1.109e-6, -1.561e-9
0.394, 1.220e-6, 9.854e-9, 1.082e-6, -4.360e-9, 1.355e-6, 8.707e-9, 1.105e-6, -3.616e-9
0.395, 1.233e-6, 5.842e-9, 1.075e-6, -6.737e-9, 1.344e-6, 1.415e-8, 1.102e-6, -7.627e-9
0.396, 1.214e-6, 4.926e-9, 1.059e-6, -5.771e-9, 1.354e-6, 1.131e-8, 1.103e-6, -5.844e-9
0.397, 1.221e-6, 9.953e-9, 1.066e-6, -4.632e-9, 1.358e-6, 8.212e-9, 1.092e-6, -9.584e-9
0.398, 1.216e-6, 1.188e-8, 1.061e-6, -3.567e-9, 1.350e-6, 1.376e-8, 1.098e-6, -8.816e-9
0.399, 1.215e-6, 7.972e-9, 1.059e-6, -6.613e-9, 1.352e-6, 1.180e-8, 1.091e-6, -5.448e-9
0.400, 1.221e-6, 1.151e-8, 1.053e-6, -5.598e-9, 1.334e-6, 1.346e-8, 1.090e-6, -1.338e-9
0.401, 1.212e-6, -2.973e-9, 1.065e-6, -1.908e-9, 1.345e-6, 1.549e-8, 1.080e-6, -4.780e-9
0.402, 1.215e-6, 9.408e-9, 1.062e-6, -2.824e-9, 1.335e-6, 9.376e-9, 1.091e-6, -4.062e-9
0.403, 1.208e-6, 4.951e-9, 1.054e-6, -2.625e-11, 1.341e-6, 1.680e-8, 1.087e-6, -6.934e-9
0.404, 1.199e-6, 5.495e-9, 1.060e-6, -7.034e-9, 1.327e-6, 1.302e-8, 1.083e-6, -8.921e-10
0.405, 1.193e-6, -3.732e-10, 1.051e-6, 8.404e-10, 1.347e-6, 1.990e-8, 1.076e-6, -5.324e-9
0.406, 1.195e-6, 9.482e-9, 1.054e-6, -1.190e-9, 1.333e-6, 1.272e-8, 1.087e-6, 3.708e-10
0.407, 1.204e-6, 1.181e-8, 1.055e-6, -1.438e-9, 1.330e-6, 1.267e-8, 1.086e-6, 1.727e-10
0.408, 1.205e-6, 1.050e-8, 1.051e-6, -1.537e-9, 1.332e-6, 1.554e-8, 1.085e-6, 3.213e-10
0.409, 1.189e-6, 1.003e-8, 1.052e-6, -4.062e-9, 1.333e-6, 1.589e-8, 1.078e-6, 7.365e-11
0.410, 1.195e-6, 6.213e-9, 1.034e-6, -6.960e-9, 1.332e-6, 1.428e-8, 1.088e-6, 6.759e-9
0.411, 1.189e-6, 1.065e-8, 1.056e-6, -1.685e-9, 1.335e-6, 1.116e-8, 1.081e-6, -1.759e-9
0.412, 1.182e-6, 1.146e-8, 1.046e-6, -9.920e-10, 1.344e-6, 1.366e-8, 1.087e-6, -2.279e-9
0.413, 1.189e-6, 6.783e-9, 1.051e-6, -5.251e-9, 1.340e-6, 1.359e-8, 1.083e-6, 3.045e-9
0.414, 1.200e-6, 2.846e-9, 1.056e-6, -2.973e-9, 1.339e-6, 1.619e-8, 1.082e-6, -4.532e-9
0.415, 1.201e-6, 2.177e-9, 1.049e-6, -3.790e-9, 1.325e-6, 1.534e-8, 1.087e-6, -2.452e-9
0.416, 1.187e-6, 9.210e-9, 1.050e-6, -7.034e-9, 1.343e-6, 1.108e-8, 1.091e-6, -5.324e-9
0.417, 1.190e-6, 6.560e-9, 1.045e-6, -3.790e-9, 1.335e-6, 6.825e-9, 1.084e-6, -5.523e-9
0.418, 1.184e-6, 5.025e-9, 1.042e-6, -5.895e-9, 1.332e-6, 1.344e-8, 1.078e-6, -5.646e-9
0.419, 1.188e-6, 5.520e-9, 1.057e-6, -7.455e-9, 1.332e-6, 9.177e-9, 1.072e-6, 3.956e-10
0.420, 1.190e-6, 2.276e-9, 1.048e-6, -4.186e-9, 1.329e-6, 8.385e-9, 1.071e-6, -5.770e-9
0.421, 1.194e-6, 2.895e-9, 1.059e-6, -6.205e-10, 1.330e-6, 9.252e-9, 1.076e-6, -5.745e-9
0.422, 1.186e-6, 8.764e-9, 1.042e-6, -4.632e-9, 1.332e-6, 3.210e-9, 1.069e-6, -2.328e-9
0.423, 1.198e-6, -6.168e-9, 1.044e-6, -9.213e-9, 1.307e-6, 1.363e-8, 1.071e-6, -4.408e-9
0.424, 1.174e-6, 1.533e-9, 1.029e-6, -5.845e-9, 1.330e-6, 1.094e-8, 1.085e-6, -3.542e-9
0.425, 1.172e-6, -1.215e-9, 1.032e-6, -1.508e-8, 1.327e-6, 1.037e-8, 1.090e-6, -5.225e-9
0.426, 1.196e-6, 2.945e-9, 1.041e-6, -7.405e-9, 1.320e-6, 2.467e-9, 1.071e-6, -9.509e-9
0.427, 1.173e-6, 9.639e-10, 1.051e-6, -1.109e-8, 1.322e-6, 6.305e-9, 1.057e-6, -6.018e-9
0.428, 1.177e-6, 1.707e-9, 1.038e-6, -1.278e-8, 1.311e-6, 7.320e-9, 1.063e-6, -4.458e-9
0.429, 1.174e-6, -7.529e-9, 1.034e-6, -9.213e-9, 1.314e-6, 8.831e-9, 1.069e-6, -1.043e-8
0.430, 1.178e-6, -1.504e-10, 1.051e-6, -7.925e-9, 1.310e-6, 9.995e-9, 1.058e-6, -8.890e-9
0.431, 1.175e-6, -2.849e-9, 1.041e-6, -8.099e-9, 1.311e-6, 1.212e-8, 1.066e-6, -1.444e-8
0.432, 1.162e-6, 3.292e-9, 1.025e-6, -1.213e-8, 1.321e-6, 3.036e-9, 1.064e-6, -9.905e-9
0.433, 1.161e-6, -3.518e-9, 1.016e-6, -1.360e-8, 1.311e-6, 1.155e-9, 1.066e-6, -6.340e-9
0.434, 1.167e-6, 9.392e-10, 1.022e-6, -1.218e-8, 1.301e-6, 1.823e-9, 1.047e-6, -1.025e-8
0.435, 1.165e-6, 1.632e-9, 1.023e-6, -4.137e-9, 1.291e-6, 4.671e-9, 1.051e-6, -1.095e-8
0.436, 1.156e-6, -8.190e-10, 1.021e-6, -1.374e-8, 1.290e-6, 1.055e-9, 1.048e-6, -8.420e-9
0.437, 1.157e-6, -3.592e-9, 1.030e-6, -1.305e-8, 1.288e-6, 3.235e-9, 1.041e-6, -1.052e-8
0.438, 1.154e-6, 1.112e-9, 1.028e-6, -8.643e-9, 1.291e-6, 2.219e-9, 1.038e-6, -1.379e-8
0.439, 1.136e-6, -2.453e-9, 1.020e-6, -6.043e-9, 1.296e-6, 3.779e-9, 1.039e-6, -1.231e-8
0.440, 1.145e-6, -2.528e-9, 1.018e-6, -6.811e-9, 1.290e-6, 3.953e-9, 1.046e-6, -2.221e-8
0.441, 1.131e-6, -3.889e-9, 9.941e-7, -1.090e-8, 1.289e-6, -1.693e-9, 1.047e-6, -1.441e-8
0.442, 1.132e-6, 1.715e-10, 1.002e-6, -1.241e-8, 1.281e-6, -1.148e-9, 1.038e-6, -1.191e-8
0.443, 1.140e-6, -5.549e-9, 1.003e-6, -7.702e-9, 1.275e-6, 7.196e-9, 1.035e-6, -1.350e-8
0.444, 1.132e-6, -3.221e-9, 9.953e-7, -7.925e-9, 1.273e-6, 3.309e-9, 1.032e-6, -1.582e-8
0.445, 1.142e-6, -9.675e-10, 1.004e-6, -9.510e-9, 1.263e-6, -2.089e-9, 1.034e-6, -1.629e-8
0.446, 1.125e-6, -1.017e-9, 9.949e-7, -1.161e-8, 1.270e-6, 1.278e-9, 1.023e-6, -1.355e-8
0.447, 1.125e-6, -8.149e-9, 9.916e-7, -1.154e-8, 1.280e-6, 5.191e-9, 1.023e-6, -1.102e-8
0.448, 1.133e-6, -7.199e-10, 1.004e-6, -9.584e-9, 1.266e-6, 2.516e-9, 1.025e-6, -1.283e-8
0.449, 1.119e-6, 5.347e-9, 9.802e-7, -1.389e-8, 1.255e-6, -2.733e-9, 1.034e-6, -1.171e-8
0.450, 1.124e-6, -4.063e-9, 9.987e-7, -9.213e-9, 1.258e-6, 3.457e-9, 1.019e-6, -7.825e-9
0.451, 1.130e-6, -1.080e-8, 9.994e-7, -1.560e-8, 1.258e-6, 6.949e-9, 1.012e-6, -1.129e-8
0.452, 1.119e-6, -5.870e-9, 9.748e-7, -1.216e-8, 1.249e-6, 4.993e-9, 1.025e-6, -8.246e-9
0.453, 1.102e-6, 2.227e-9, 9.723e-7, -1.109e-8, 1.252e-6, -2.832e-9, 1.015e-6, -1.642e-8
0.454, 1.102e-6, -1.611e-9, 9.790e-7, -1.100e-8, 1.257e-6, -3.560e-10, 1.019e-6, -1.072e-8
0.455, 1.111e-6, -3.988e-9, 9.864e-7, -1.124e-8, 1.244e-6, 7.543e-9, 1.002e-6, -6.018e-9
0.456, 1.109e-6, -7.133e-9, 9.822e-7, -9.064e-9, 1.243e-6, 3.433e-9, 1.010e-6, -1.518e-8
0.457, 1.108e-6, -5.152e-9, 9.769e-7, -1.003e-8, 1.237e-6, 8.821e-10, 9.976e-7, -9.707e-9
0.458, 1.091e-6, 4.604e-9, 9.701e-7, -1.528e-8, 1.235e-6, -2.510e-9, 1.011e-6, -6.860e-9
0.459, 1.107e-6, -8.437e-10, 9.717e-7, -1.530e-8, 1.221e-6, 1.922e-9, 1.001e-6, -5.622e-9
0.460, 1.098e-6, -1.735e-9, 9.653e-7, -1.100e-8, 1.226e-6, 3.408e-9, 9.991e-7, -1.389e-8
0.461, 1.086e-6, -4.608e-9, 9.811e-7, -1.587e-8, 1.234e-6, 6.107e-9, 9.738e-7, -4.705e-9
0.462, 1.090e-6, -4.286e-9, 9.620e-7, -1.231e-8, 1.226e-6, 3.779e-9, 9.811e-7, -8.519e-9
0.463, 1.087e-6, -4.088e-9, 9.601e-7, -1.137e-8, 1.235e-6, 2.615e-9, 9.862e-7, -8.568e-9
0.464, 1.083e-6, -6.267e-9, 9.487e-7, -8.445e-9, 1.227e-6, 4.275e-9, 1.005e-6, -9.608e-9
0.465, 1.092e-6, 1.682e-9, 9.589e-7, -1.085e-8, 1.216e-6, 8.088e-9, 9.915e-7, -1.097e-8
0.466, 1.085e-6, -3.493e-9, 9.664e-7, -1.907e-8, 1.224e-6, 4.612e-10, 9.807e-7, -8.469e-9
0.467, 1.069e-6, -1.364e-9, 9.601e-7, -1.421e-8, 1.223e-6, 2.170e-9, 9.684e-7, -3.591e-9
0.468, 1.071e-6, 1.484e-9, 9.639e-7, -1.335e-8, 1.219e-6, 1.947e-9, 9.704e-7, -4.705e-9
0.469, 1.075e-6, -2.255e-9, 9.575e-7, -1.867e-8, 1.209e-6, -1.124e-9, 9.812e-7, -4.829e-9
0.470, 1.073e-6, -9.923e-10, 9.582e-7, -1.176e-8, 1.213e-6, 5.463e-9, 9.734e-7, -3.418e-9
0.471, 1.085e-6, -5.078e-9, 9.786e-7, -1.152e-8, 1.195e-6, 7.345e-9, 9.671e-7, -8.370e-9
0.472, 1.078e-6, -8.932e-10, 9.724e-7, -1.137e-8, 1.210e-6, 3.755e-9, 9.744e-7, -5.275e-9
0.473, 1.073e-6, 2.078e-9, 9.513e-7, -9.584e-9, 1.212e-6, 2.095e-9, 9.772e-7, -1.308e-8
0.474, 1.070e-6, -5.029e-9, 9.554e-7, -5.895e-9, 1.196e-6, 7.320e-9, 9.705e-7, -6.934e-9
0.475, 1.073e-6, 1.360e-9, 9.529e-7, -1.159e-8, 1.207e-6, -1.272e-9, 9.805e-7, -6.364e-9
0.476, 1.072e-6, -1.314e-9, 9.400e-7, -1.035e-8, 1.204e-6, 4.076e-9, 9.844e-7, -1.015e-8
0.477, 1.080e-6, -2.998e-9, 9.606e-7, -1.563e-8, 1.194e-6, -7.769e-10, 9.632e-7, -7.627e-9
0.478, 1.068e-6, -8.396e-9, 9.529e-7, -1.483e-8, 1.184e-6, -1.668e-9, 9.706e-7, -1.263e-8
0.479, 1.060e-6, -8.272e-9, 9.523e-7, -1.218e-8, 1.183e-6, 2.095e-9, 9.678e-7, -1.402e-8
0.480, 1.058e-6, -2.503e-9, 9.513e-7, -1.434e-8, 1.191e-6, 1.303e-9, 9.657e-7, -1.134e-8
0.481, 1.065e-6, -7.331e-9, 9.413e-7, -1.209e-8, 1.178e-6, 7.336e-10, 9.620e-7, -1.478e-8
0.482, 1.073e-6, -4.855e-9, 9.326e-7, -1.278e-8, 1.184e-6, -1.941e-9, 9.648e-7, -1.506e-8
0.483, 1.056e-6, -5.648e-9, 9.527e-7, -2.105e-8, 1.178e-6, -6.546e-9, 9.608e-7, -1.228e-8
0.484, 1.050e-6, -7.505e-9, 9.258e-7, -2.298e-8, 1.183e-6, 6.498e-11, 9.748e-7, -1.060e-8
0.485, 1.051e-6, -6.291e-9, 9.400e-7, -1.461e-8, 1.177e-6, -8.800e-9, 9.466e-7, -1.865e-8
0.486, 1.046e-6, -7.579e-9, 9.270e-7, -2.303e-8, 1.175e-6, -5.457e-9, 9.610e-7, -1.523e-8
0.487, 1.047e-6, -7.505e-9, 9.303e-7, -1.892e-8, 1.169e-6, -5.927e-9, 9.451e-7, -1.003e-8
0.488, 1.047e-6, -5.895e-9, 9.361e-7, -2.102e-8, 1.170e-6, -4.343e-9, 9.532e-7, -1.880e-8
0.489, 1.048e-6, -4.112e-9, 9.362e-7, -1.424e-8, 1.161e-6, -3.154e-9, 9.470e-7, -1.528e-8
0.490, 1.040e-6, -1.486e-8, 9.290e-7, -1.941e-8, 1.153e-6, -3.055e-9, 9.400e-7, -1.746e-8
0.491, 1.039e-6, -1.389e-8, 9.300e-7, -2.387e-8, 1.145e-6, 1.393e-10, 9.479e-7, -1.617e-8
0.492, 1.049e-6, -1.166e-8, 9.182e-7, -1.513e-8, 1.149e-6, -8.453e-9, 9.332e-7, -1.577e-8
0.493, 1.029e-6, -9.733e-9, 9.150e-7, -1.508e-8, 1.153e-6, -5.556e-9, 9.430e-7, -1.884e-8
0.494, 1.033e-6, -1.228e-8, 9.144e-7, -1.766e-8, 1.147e-6, -7.522e-10, 9.264e-7, -1.991e-8
0.495, 1.031e-6, -1.127e-8, 9.056e-7, -1.424e-8, 1.140e-6, -4.442e-9, 9.319e-7, -1.592e-8
0.496, 1.020e-6, -4.508e-9, 9.161e-7, -2.055e-8, 1.139e-6, -4.417e-9, 9.200e-7, -1.771e-8
0.497, 1.021e-6, -5.821e-9, 9.098e-7, -2.070e-8, 1.132e-6, -4.466e-9, 9.250e-7, -8.073e-9
0.498, 9.970e-7, -4.335e-9, 9.024e-7, -2.102e-8, 1.134e-6, -8.973e-9, 9.199e-7, -8.717e-9
0.499, 1.013e-6, -6.514e-9, 9.048e-7, -1.310e-8, 1.128e-6, -5.754e-9, 9.179e-7, -1.275e-8
0.500, 1.003e-6, -5.771e-9, 9.106e-7, -1.659e-8, 1.126e-6, -3.798e-9, 9.117e-7, -1.429e-8
0.501, 1.009e-6, -5.920e-9, 8.944e-7, -2.499e-8, 1.124e-6, 3.621e-10, 9.249e-7, -1.139e-8
0.502, 1.004e-6, -8.569e-9, 8.942e-7, -9.436e-9, 1.119e-6, 3.061e-9, 9.197e-7, -1.498e-8
0.503, 1.009e-6, -4.533e-9, 9.008e-7, -1.129e-8, 1.119e-6, -4.813e-9, 9.118e-7, -1.600e-8
0.504, 1.004e-6, -6.985e-9, 8.997e-7, -1.236e-8, 1.116e-6, 3.621e-10, 9.114e-7, -1.293e-8
0.505, 1.004e-6, -4.979e-9, 8.965e-7, -1.961e-8, 1.115e-6, -3.872e-9, 9.116e-7, -8.271e-9
0.506, 1.003e-6, -5.524e-9, 8.879e-7, -1.568e-8, 1.114e-6, -9.750e-10, 9.169e-7, -1.238e-8
0.507, 9.954e-7, -2.057e-9, 8.981e-7, -1.729e-8, 1.115e-6, -2.139e-9, 9.108e-7, -1.181e-8
0.508, 1.000e-6, -7.529e-9, 8.929e-7, -1.966e-8, 1.106e-6, 1.922e-9, 9.157e-7, -8.321e-9
0.509, 9.998e-7, -6.836e-9, 8.926e-7, -1.251e-8, 1.106e-6, 1.006e-9, 9.145e-7, -1.189e-8
0.510, 9.805e-7, -2.577e-9, 8.836e-7, -1.389e-8, 1.114e-6, -4.095e-9, 9.136e-7, -1.520e-8
0.511, 9.823e-7, -7.034e-9, 8.948e-7, -1.424e-8, 1.106e-6, 2.566e-9, 8.995e-7, -8.519e-9
0.512, 9.901e-7, -8.149e-9, 8.929e-7, -2.078e-8, 1.108e-6, 1.278e-9, 9.109e-7, -8.568e-9
0.513, 9.971e-7, -3.221e-9, 8.924e-7, -1.283e-8, 1.102e-6, 1.640e-10, 9.019e-7, -1.880e-8
0.514, 9.897e-7, -6.217e-9, 8.981e-7, -1.478e-8, 1.101e-6, -3.129e-9, 9.032e-7, -1.251e-8
0.515, 9.903e-7, -1.162e-8, 8.843e-7, -2.048e-8, 1.087e-6, 5.092e-9, 9.125e-7, -9.584e-9
0.516, 9.882e-7, -9.486e-9, 8.916e-7, -9.337e-9, 1.089e-6, 8.326e-10, 9.075e-7, -1.342e-8
0.517, 9.814e-7, -6.242e-9, 8.810e-7, -2.107e-8, 1.100e-6, -1.644e-9, 9.149e-7, -1.253e-8
0.518, 9.777e-7, -5.004e-9, 8.873e-7, -1.691e-8, 1.094e-6, -6.943e-9, 8.932e-7, -1.528e-8
0.519, 9.848e-7, -9.609e-9, 8.858e-7, -1.852e-8, 1.085e-6, 2.541e-9, 8.971e-7, -1.147e-8
0.520, 9.766e-7, -9.362e-9, 8.851e-7, -1.580e-8, 1.076e-6, -4.788e-9, 8.929e-7, -7.627e-9
0.521, 9.874e-7, -8.545e-9, 8.867e-7, -1.610e-8, 1.078e-6, 5.265e-9, 8.855e-7, -1.803e-8
0.522, 9.783e-7, -1.461e-8, 8.781e-7, -1.865e-8, 1.085e-6, 4.299e-9, 8.974e-7, -1.010e-8
0.523, 9.810e-7, -6.093e-9, 8.798e-7, -1.397e-8, 1.084e-6, -5.541e-10, 8.924e-7, -1.362e-8
0.524, 9.698e-7, -9.337e-9, 8.798e-7, -1.840e-8, 1.075e-6, 3.457e-9, 8.867e-7, -1.590e-8
0.525, 9.650e-7, -1.062e-8, 8.759e-7, -2.006e-8, 1.070e-6, -3.055e-9, 8.836e-7, -1.154e-8
0.526, 9.611e-7, -8.685e-10, 8.784e-7, -1.654e-8, 1.081e-6, -7.388e-9, 8.945e-7, -1.144e-8
0.527, 9.702e-7, -9.956e-9, 8.903e-7, -1.835e-8, 1.071e-6, -5.606e-9, 8.752e-7, -7.875e-9
0.528, 9.702e-7, -8.718e-9, 8.804e-7, -1.721e-8, 1.066e-6, -1.891e-9, 8.825e-7, -1.426e-8
0.529, 9.675e-7, -8.470e-9, 8.639e-7, -1.778e-8, 1.066e-6, -7.274e-10, 8.879e-7, -1.607e-8
0.530, 9.380e-7, -1.087e-8, 8.668e-7, -1.357e-8, 1.079e-6, -4.095e-9, 8.814e-7, -1.907e-8
0.531, 9.560e-7, -8.396e-9, 8.798e-7, -1.426e-8, 1.061e-6, -5.606e-9, 8.762e-7, -2.083e-8
0.532, 9.515e-7, -1.263e-8, 8.794e-7, -1.664e-8, 1.063e-6, -5.061e-9, 8.775e-7, -1.184e-8
0.533, 9.564e-7, -1.043e-8, 8.705e-7, -1.525e-8, 1.063e-6, -8.760e-10, 8.802e-7, -1.052e-8
0.534, 9.568e-7, -1.062e-8, 8.766e-7, -1.456e-8, 1.052e-6, -3.625e-9, 8.683e-7, -1.446e-8
0.535, 9.501e-7, -4.310e-9, 8.803e-7, -1.984e-8, 1.066e-6, -4.887e-9, 8.745e-7, -8.593e-9
0.536, 9.580e-7, -5.425e-9, 8.751e-7, -1.607e-8, 1.054e-6, -7.587e-9, 8.738e-7, -1.424e-8
0.537, 9.589e-7, -1.129e-8, 8.787e-7, -1.402e-8, 1.058e-6, -1.941e-9, 8.733e-7, -1.327e-8
0.538, 9.572e-7, -5.697e-9, 8.618e-7, -1.493e-8, 1.052e-6, -1.041e-8, 8.770e-7, -1.731e-8
0.539, 9.494e-7, -6.935e-9, 8.657e-7, -1.246e-8, 1.050e-6, -2.436e-9, 8.826e-7, -1.251e-8
0.540, 9.474e-7, -1.221e-8, 8.543e-7, -1.706e-8, 1.055e-6, 2.343e-9, 8.860e-7, -1.540e-8
0.541, 9.511e-7, -1.152e-8, 8.606e-7, -1.974e-8, 1.039e-6, -9.047e-9, 8.769e-7, -9.410e-9
0.542, 9.543e-7, -9.981e-9, 8.606e-7, -1.857e-8, 1.041e-6, -4.937e-9, 8.771e-7, -1.189e-8
0.543, 9.516e-7, -1.171e-8, 8.642e-7, -1.644e-8, 1.043e-6, 3.621e-10, 8.805e-7, -1.488e-8
0.544, 9.438e-7, -7.975e-9, 8.660e-7, -2.526e-8, 1.030e-6, -5.259e-9, 8.709e-7, -5.077e-9
0.545, 9.578e-7, -8.718e-9, 8.525e-7, -2.206e-8, 1.022e-6, -9.345e-9, 8.811e-7, -1.179e-8
0.546, 9.561e-7, -1.080e-8, 8.699e-7, -2.169e-8, 1.034e-6, -5.432e-9, 8.719e-7, -1.624e-8
0.547, 9.502e-7, -9.164e-9, 8.543e-7, -2.263e-8, 1.034e-6, -1.148e-9, 8.787e-7, -1.260e-8
0.548, 9.479e-7, -1.144e-8, 8.681e-7, -1.716e-8, 1.029e-6, -6.868e-9, 8.715e-7, -2.048e-8
0.549, 9.504e-7, -1.100e-8, 8.684e-7, -1.781e-8, 1.037e-6, 6.097e-10, 8.806e-7, -1.204e-8
0.550, 9.551e-7, -1.944e-8, 8.634e-7, -2.068e-8, 1.020e-6, -1.891e-9, 8.657e-7, -1.634e-8
0.551, 9.485e-7, -1.320e-8, 8.761e-7, -2.199e-8, 1.033e-6, -5.556e-9, 8.716e-7, -1.300e-8
0.552, 9.461e-7, -7.802e-9, 8.641e-7, -1.875e-8, 1.031e-6, -5.655e-9, 8.740e-7, -1.600e-8
0.553, 9.446e-7, -1.080e-8, 8.591e-7, -2.065e-8, 1.029e-6, -3.550e-9, 8.864e-7, -1.756e-8
0.554, 9.411e-7, -1.320e-8, 8.635e-7, -1.674e-8, 1.036e-6, -7.042e-9, 8.720e-7, -1.669e-8
0.555, 9.446e-7, -1.570e-8, 8.537e-7, -2.006e-8, 1.022e-6, -4.169e-9, 8.849e-7, -1.043e-8
0.556, 9.368e-7, -1.654e-8, 8.552e-7, -2.273e-8, 1.020e-6, -3.065e-10, 8.725e-7, -1.241e-8
0.557, 9.482e-7, -1.738e-8, 8.566e-7, -1.783e-8, 1.024e-6, -3.699e-9, 8.640e-7, -1.664e-8
0.558, 9.519e-7, -2.102e-8, 8.618e-7, -2.689e-8, 1.024e-6, -8.676e-9, 8.858e-7, -9.732e-9
0.559, 9.444e-7, -1.734e-8, 8.641e-7, -1.761e-8, 1.032e-6, -7.289e-9, 8.784e-7, -2.080e-8
0.560, 9.521e-7, -1.662e-8, 8.631e-7, -2.080e-8, 1.023e-6, -1.261e-8, 8.745e-7, -2.370e-8
0.561, 9.470e-7, -1.634e-8, 8.546e-7, -2.253e-8, 1.020e-6, -1.036e-8, 8.798e-7, -2.199e-8
0.562, 9.393e-7, -1.038e-8, 8.737e-7, -2.224e-8, 1.031e-6, -1.133e-8, 8.690e-7, -2.345e-8
0.563, 9.421e-7, -1.085e-8, 8.533e-7, -2.419e-8, 1.024e-6, -7.834e-9, 8.796e-7, -1.701e-8
0.564, 9.420e-7, -1.506e-8, 8.535e-7, -2.479e-8, 1.018e-6, -9.766e-9, 8.726e-7, -2.154e-8
0.565, 9.442e-7, -1.327e-8, 8.598e-7, -2.375e-8, 1.019e-6, -1.801e-8, 8.885e-7, -1.870e-8
0.566, 9.470e-7, -1.256e-8, 8.677e-7, -2.729e-8, 1.010e-6, -1.672e-8, 8.796e-7, -1.830e-8
0.567, 9.540e-7, -1.459e-8, 8.621e-7, -2.541e-8, 9.921e-7, -9.097e-9, 8.632e-7, -2.355e-8
0.568, 9.349e-7, -1.558e-8, 8.626e-7, -2.100e-8, 1.007e-6, -1.269e-8, 8.766e-7, -2.105e-8
0.569, 9.419e-7, -1.899e-8, 8.496e-7, -2.655e-8, 1.006e-6, -8.107e-9, 8.835e-7, -1.956e-8
0.570, 9.389e-7, -2.090e-8, 8.628e-7, -2.258e-8, 1.002e-6, -4.665e-9, 8.687e-7, -2.385e-8
0.571, 9.350e-7, -2.182e-8, 8.587e-7, -2.353e-8, 1.013e-6, -6.472e-9, 8.769e-7, -2.013e-8
0.572, 9.406e-7, -1.625e-8, 8.592e-7, -2.251e-8, 1.003e-6, -1.316e-8, 8.734e-7, -2.033e-8
0.573, 9.310e-7, -1.280e-8, 8.608e-7, -2.313e-8, 1.015e-6, -1.360e-8, 8.676e-7, -1.944e-8
0.574, 9.305e-7, -1.511e-8, 8.623e-7, -2.291e-8, 1.011e-6, -9.419e-9, 8.667e-7, -2.083e-8
0.575, 9.340e-7, -1.508e-8, 8.506e-7, -2.070e-8, 1.007e-6, -1.145e-8, 8.800e-7, -1.721e-8
0.576, 9.411e-7, -1.048e-8, 8.630e-7, -2.830e-8, 1.006e-6, -9.617e-9, 8.683e-7, -1.971e-8
0.577, 9.296e-7, -1.667e-8, 8.603e-7, -2.246e-8, 1.006e-6, -8.775e-9, 8.704e-7, -1.605e-8
0.578, 9.468e-7, -1.266e-8, 8.736e-7, -2.209e-8, 9.967e-7, -7.562e-9, 8.710e-7, -1.364e-8
0.579, 9.417e-7, -1.053e-8, 8.608e-7, -2.412e-8, 9.939e-7, -1.021e-8, 8.790e-7, -1.102e-8
0.580, 9.361e-7, -1.533e-8, 8.613e-7, -1.694e-8, 1.000e-6, -3.501e-9, 8.780e-7, -2.048e-8
0.581, 9.427e-7, -1.404e-8, 8.700e-7, -2.236e-8, 1.010e-6, -7.908e-9, 8.764e-7, -1.226e-8
0.582, 9.413e-7, -1.211e-8, 8.578e-7, -2.192e-8, 1.000e-6, -9.716e-9, 8.748e-7, -1.360e-8
0.583, 9.320e-7, -1.020e-8, 8.738e-7, -1.877e-8, 1.011e-6, -1.247e-9, 8.781e-7, -1.733e-8
0.584, 9.416e-7, -1.392e-8, 8.678e-7, -2.610e-8, 1.002e-6, -1.175e-8, 8.900e-7, -1.104e-8
0.585, 9.300e-7, -1.451e-8, 8.772e-7, -1.632e-8, 1.017e-6, -3.526e-9, 8.742e-7, -1.785e-8
0.586, 9.423e-7, -1.644e-8, 8.656e-7, -2.137e-8, 1.004e-6, 5.602e-10, 8.920e-7, -1.709e-8
0.587, 9.391e-7, -1.429e-8, 8.751e-7, -1.961e-8, 1.008e-6, -2.906e-9, 8.861e-7, -1.724e-8
0.588, 9.380e-7, -1.211e-8, 8.571e-7, -2.424e-8, 1.006e-6, -1.076e-8, 8.950e-7, -1.392e-8
0.589, 9.497e-7, -1.677e-8, 8.723e-7, -2.466e-8, 1.001e-6, -8.651e-9, 8.797e-7, -1.513e-8
0.590, 9.547e-7, -1.810e-8, 8.743e-7, -2.461e-8, 9.960e-7, -7.735e-9, 8.800e-7, -1.451e-8
0.591, 9.436e-7, -1.117e-8, 8.798e-7, -1.597e-8, 1.012e-6, -9.493e-9, 8.838e-7, -2.100e-8
0.592, 9.481e-7, -1.422e-8, 8.831e-7, -2.135e-8, 1.004e-6, -1.103e-8, 8.740e-7, -2.105e-8
0.593, 9.394e-7, -1.781e-8, 8.808e-7, -2.085e-8, 1.008e-6, -9.072e-9, 8.915e-7, -2.011e-8
0.594, 9.508e-7, -1.786e-8, 8.768e-7, -2.177e-8, 1.009e-6, -1.192e-8, 8.841e-7, -2.256e-8
0.595, 9.462e-7, -1.555e-8, 8.732e-7, -2.179e-8, 1.009e-6, -1.190e-8, 8.941e-7, -2.256e-8
0.596, 9.524e-7, -1.711e-8, 8.870e-7, -2.055e-8, 9.935e-7, -1.729e-8, 8.923e-7, -2.402e-8
0.597, 9.576e-7, -1.360e-8, 8.855e-7, -2.868e-8, 1.007e-6, -1.410e-8, 8.808e-7, -1.857e-8
0.598, 9.480e-7, -1.384e-8, 8.733e-7, -2.489e-8, 1.006e-6, -1.284e-8, 8.951e-7, -2.105e-8
0.599, 9.515e-7, -1.204e-8, 8.664e-7, -2.199e-8, 1.006e-6, -1.814e-8, 8.948e-7, -2.459e-8
0.600, 9.572e-7, -2.120e-8, 8.759e-7, -2.771e-8, 9.937e-7, -9.221e-9, 8.800e-7, -2.189e-8
0.601, 9.468e-7, -1.639e-8, 8.788e-7, -2.414e-8, 9.955e-7, -1.556e-8, 8.943e-7, -1.751e-8
0.602, 9.530e-7, -1.979e-8, 8.847e-7, -2.655e-8, 9.931e-7, -1.504e-8, 8.796e-7, -1.634e-8
0.603, 9.687e-7, -1.662e-8, 8.841e-7, -2.590e-8, 9.873e-7, -1.781e-8, 8.862e-7, -2.409e-8
0.604, 9.603e-7, -2.159e-8, 8.798e-7, -1.959e-8, 9.882e-7, -1.430e-8, 8.858e-7, -2.447e-8
0.605, 9.523e-7, -1.436e-8, 8.746e-7, -2.301e-8, 9.917e-7, -1.462e-8, 8.855e-7, -2.726e-8
0.606, 9.506e-7, -2.060e-8, 8.790e-7, -3.229e-8, 9.942e-7, -1.353e-8, 8.916e-7, -2.050e-8
0.607, 9.498e-7, -1.526e-8, 8.810e-7, -2.268e-8, 9.935e-7, -1.737e-8, 8.762e-7, -2.870e-8
0.608, 9.570e-7, -2.046e-8, 8.728e-7, -3.222e-8, 9.967e-7, -1.561e-8, 8.885e-7, -2.199e-8
0.609, 9.461e-7, -1.743e-8, 8.651e-7, -2.714e-8, 9.937e-7, -1.660e-8, 8.840e-7, -2.466e-8
0.610, 9.400e-7, -2.199e-8, 8.804e-7, -2.731e-8, 9.907e-7, -1.031e-8, 8.721e-7, -2.271e-8
0.611, 9.447e-7, -1.560e-8, 8.672e-7, -3.160e-8, 9.876e-7, -1.913e-8, 8.850e-7, -2.437e-8
0.612, 9.498e-7, -1.922e-8, 8.816e-7, -2.964e-8, 9.904e-7, -1.551e-8, 8.889e-7, -2.130e-8
0.613, 9.489e-7, -1.273e-8, 8.781e-7, -2.013e-8, 9.799e-7, -2.019e-8, 8.779e-7, -3.279e-8
0.614, 9.372e-7, -2.046e-8, 8.739e-7, -2.667e-8, 9.920e-7, -1.680e-8, 8.810e-7, -2.310e-8
0.615, 9.477e-7, -1.798e-8, 8.829e-7, -2.667e-8, 9.863e-7, -1.764e-8, 8.665e-7, -2.333e-8
0.616, 9.386e-7, -1.238e-8, 8.764e-7, -2.910e-8, 9.895e-7, -1.925e-8, 8.776e-7, -1.639e-8
0.617, 9.505e-7, -1.686e-8, 8.721e-7, -2.365e-8, 9.848e-7, -1.685e-8, 8.875e-7, -2.127e-8
0.618, 9.642e-7, -2.018e-8, 8.699e-7, -2.132e-8, 9.704e-7, -1.878e-8, 8.874e-7, -2.704e-8
0.619, 9.578e-7, -1.630e-8, 8.750e-7, -2.734e-8, 9.809e-7, -1.004e-8, 8.799e-7, -2.021e-8
0.620, 9.378e-7, -2.083e-8, 8.796e-7, -2.330e-8, 9.861e-7, -1.036e-8, 8.714e-7, -2.476e-8
0.621, 9.443e-7, -2.031e-8, 8.616e-7, -2.709e-8, 9.823e-7, -9.270e-9, 8.846e-7, -1.694e-8
0.622, 9.332e-7, -2.372e-8, 8.772e-7, -2.660e-8, 9.911e-7, -8.329e-9, 8.845e-7, -1.491e-8
0.623, 9.477e-7, -1.798e-8, 8.749e-7, -2.892e-8, 9.771e-7, -1.182e-8, 8.885e-7, -1.889e-8
0.624, 9.432e-7, -1.627e-8, 8.733e-7, -2.930e-8, 9.740e-7, -1.747e-8, 8.707e-7, -1.711e-8
0.625, 9.594e-7, -1.456e-8, 8.816e-7, -2.355e-8, 9.724e-7, -1.266e-8, 8.824e-7, -2.437e-8
0.626, 9.496e-7, -1.706e-8, 8.845e-7, -2.912e-8, 9.716e-7, -1.133e-8, 8.720e-7, -1.909e-8
0.627, 9.461e-7, -1.236e-8, 8.696e-7, -2.239e-8, 9.834e-7, -1.937e-8, 8.860e-7, -1.971e-8
0.628, 9.450e-7, -1.107e-8, 8.692e-7, -2.764e-8, 9.717e-7, -1.264e-8, 8.858e-7, -1.033e-8
0.629, 9.401e-7, -1.196e-8, 8.765e-7, -2.538e-8, 9.922e-7, -1.029e-8, 8.759e-7, -1.966e-8
0.630, 9.502e-7, -1.738e-8, 8.861e-7, -1.981e-8, 9.776e-7, -1.321e-8, 8.763e-7, -2.531e-8
0.631, 9.519e-7, -1.216e-8, 8.791e-7, -2.905e-8, 9.863e-7, -2.081e-8, 8.831e-7, -1.624e-8
0.632, 9.552e-7, -1.493e-8, 8.769e-7, -2.593e-8, 9.894e-7, -2.031e-8, 8.801e-7, -1.892e-8
0.633, 9.461e-7, -1.446e-8, 8.805e-7, -2.459e-8, 9.900e-7, -1.177e-8, 8.749e-7, -2.045e-8
0.634, 9.491e-7, -1.974e-8, 8.867e-7, -3.469e-8, 9.743e-7, -1.638e-8, 8.797e-7, -1.288e-8
0.635, 9.547e-7, -1.436e-8, 8.849e-7, -3.281e-8, 9.661e-7, -1.506e-8, 8.810e-7, -2.003e-8
0.636, 9.590e-7, -1.946e-8, 8.782e-7, -2.776e-8, 9.797e-7, -1.531e-8, 8.859e-7, -2.409e-8
0.637, 9.599e-7, -1.275e-8, 8.828e-7, -2.224e-8, 9.787e-7, -1.633e-8, 8.796e-7, -2.489e-8
0.638, 9.628e-7, -1.815e-8, 8.793e-7, -2.296e-8, 9.783e-7, -1.029e-8, 8.943e-7, -1.964e-8
0.639, 9.526e-7, -1.409e-8, 8.910e-7, -2.536e-8, 9.818e-7, -2.138e-8, 8.869e-7, -2.400e-8
0.640, 9.523e-7, -1.649e-8, 8.848e-7, -2.172e-8, 9.797e-7, -1.417e-8, 8.807e-7, -2.187e-8
0.641, 9.621e-7, -2.197e-8, 8.884e-7, -2.412e-8, 9.753e-7, -1.034e-8, 8.867e-7, -2.464e-8
0.642, 9.718e-7, -1.407e-8, 8.908e-7, -2.107e-8, 9.624e-7, -1.474e-8, 8.811e-7, -2.392e-8
0.643, 9.641e-7, -2.462e-8, 8.884e-7, -2.813e-8, 9.737e-7, -1.182e-8, 8.894e-7, -2.110e-8
0.644, 9.601e-7, -1.649e-8, 8.890e-7, -2.095e-8, 9.867e-7, -1.246e-8, 8.901e-7, -2.541e-8
0.645, 9.576e-7, -2.187e-8, 8.932e-7, -2.692e-8, 9.789e-7, -1.284e-8, 8.920e-7, -1.976e-8
0.646, 9.598e-7, -1.585e-8, 8.993e-7, -2.937e-8, 9.797e-7, -1.851e-8, 8.897e-7, -2.320e-8
0.647, 9.637e-7, -2.202e-8, 8.885e-7, -2.788e-8, 9.814e-7, -1.336e-8, 8.896e-7, -2.362e-8
0.648, 9.701e-7, -2.268e-8, 8.996e-7, -3.454e-8, 9.771e-7, -1.509e-8, 8.855e-7, -1.954e-8
0.649, 9.629e-7, -2.231e-8, 9.016e-7, -3.108e-8, 9.758e-7, -1.524e-8, 8.889e-7, -2.424e-8
0.650, 9.563e-7, -1.927e-8, 8.863e-7, -2.068e-8, 9.931e-7, -2.031e-8, 8.945e-7, -2.902e-8
0.651, 9.745e-7, -1.605e-8, 8.912e-7, -2.865e-8, 9.741e-7, -2.282e-8, 8.909e-7, -2.920e-8
0.652, 9.692e-7, -2.424e-8, 8.951e-7, -2.714e-8, 9.934e-7, -1.224e-8, 8.899e-7, -2.053e-8
0.653, 9.600e-7, -2.192e-8, 8.990e-7, -3.506e-8, 9.858e-7, -1.900e-8, 8.916e-7, -2.427e-8
0.654, 9.681e-7, -2.206e-8, 8.888e-7, -3.227e-8, 9.851e-7, -1.398e-8, 8.992e-7, -1.709e-8
0.655, 9.776e-7, -1.654e-8, 9.013e-7, -2.219e-8, 9.766e-7, -1.915e-8, 8.970e-7, -3.083e-8
0.656, 9.640e-7, -2.439e-8, 9.012e-7, -3.063e-8, 9.817e-7, -1.747e-8, 8.981e-7, -2.573e-8
0.657, 9.751e-7, -2.177e-8, 8.977e-7, -2.878e-8, 9.876e-7, -1.707e-8, 9.013e-7, -3.192e-8
0.658, 9.802e-7, -1.904e-8, 9.031e-7, -3.088e-8, 9.872e-7, -1.591e-8, 8.971e-7, -2.469e-8
0.659, 9.745e-7, -2.038e-8, 8.993e-7, -2.724e-8, 9.857e-7, -2.383e-8, 9.001e-7, -2.610e-8
0.660, 9.729e-7, -2.345e-8, 8.936e-7, -3.544e-8, 9.917e-7, -2.282e-8, 9.103e-7, -1.929e-8
0.661, 9.824e-7, -2.117e-8, 9.006e-7, -3.853e-8, 9.892e-7, -2.386e-8, 9.000e-7, -2.154e-8
0.662, 9.947e-7, -2.694e-8, 8.947e-7, -3.093e-8, 9.842e-7, -2.180e-8, 9.130e-7, -2.828e-8
0.663, 9.827e-7, -2.221e-8, 9.140e-7, -3.316e-8, 9.842e-7, -2.259e-8, 9.003e-7, -2.635e-8
0.664, 9.791e-7, -3.360e-8, 9.126e-7, -2.927e-8, 9.948e-7, -1.739e-8, 9.016e-7, -3.132e-8
0.665, 9.976e-7, -2.112e-8, 9.114e-7, -3.477e-8, 9.954e-7, -2.529e-8, 9.118e-7, -2.382e-8
0.666, 9.877e-7, -2.724e-8, 9.156e-7, -3.905e-8, 9.952e-7, -1.833e-8, 9.068e-7, -2.744e-8
0.667, 9.957e-7, -2.169e-8, 9.142e-7, -2.838e-8, 1.000e-6, -2.143e-8, 9.145e-7, -3.487e-8
0.668, 1.003e-6, -2.959e-8, 9.109e-7, -3.388e-8, 9.943e-7, -2.128e-8, 9.175e-7, -3.256e-8
0.669, 9.955e-7, -2.662e-8, 9.264e-7, -3.687e-8, 1.001e-6, -2.579e-8, 9.231e-7, -3.430e-8
0.670, 9.942e-7, -2.395e-8, 9.002e-7, -2.840e-8, 1.000e-6, -2.730e-8, 9.397e-7, -3.420e-8
0.671, 1.006e-6, -2.147e-8, 9.256e-7, -3.628e-8, 1.010e-6, -2.282e-8, 9.209e-7, -3.046e-8
0.672, 1.002e-6, -2.469e-8, 9.278e-7, -3.125e-8, 9.986e-7, -3.079e-8, 9.239e-7, -3.407e-8
0.673, 1.013e-6, -2.630e-8, 9.317e-7, -3.336e-8, 9.996e-7, -2.685e-8, 9.259e-7, -3.501e-8
0.674, 1.004e-6, -2.937e-8, 9.363e-7, -3.492e-8, 1.007e-6, -2.613e-8, 9.251e-7, -3.343e-8
0.675, 1.022e-6, -3.081e-8, 9.303e-7, -3.625e-8, 1.006e-6, -1.920e-8, 9.469e-7, -3.870e-8
0.676, 1.013e-6, -2.878e-8, 9.466e-7, -2.979e-8, 1.008e-6, -2.641e-8, 9.195e-7, -3.756e-8
0.677, 1.020e-6, -2.982e-8, 9.375e-7, -3.038e-8, 1.021e-6, -3.014e-8, 9.428e-7, -3.462e-8
0.678, 1.022e-6, -3.160e-8, 9.538e-7, -3.588e-8, 1.026e-6, -3.183e-8, 9.383e-7, -3.682e-8
0.679, 1.033e-6, -3.643e-8, 9.557e-7, -4.128e-8, 1.011e-6, -2.395e-8, 9.392e-7, -2.934e-8
0.680, 1.027e-6, -2.642e-8, 9.390e-7, -3.937e-8, 1.026e-6, -2.494e-8, 9.527e-7, -3.140e-8
0.681, 1.053e-6, -3.128e-8, 9.486e-7, -2.994e-8, 1.012e-6, -1.915e-8, 9.536e-7, -3.546e-8
0.682, 1.041e-6, -3.378e-8, 9.554e-7, -3.662e-8, 1.022e-6, -2.306e-8, 9.540e-7, -3.360e-8
0.683, 1.047e-6, -2.323e-8, 9.714e-7, -3.090e-8, 1.029e-6, -2.494e-8, 9.587e-7, -3.586e-8
0.684, 1.059e-6, -3.150e-8, 9.634e-7, -2.930e-8, 1.033e-6, -2.433e-8, 9.742e-7, -3.662e-8
0.685, 1.068e-6, -3.140e-8, 9.733e-7, -3.348e-8, 1.035e-6, -2.611e-8, 9.843e-7, -3.482e-8
0.686, 1.077e-6, -2.783e-8, 9.923e-7, -3.353e-8, 1.041e-6, -2.341e-8, 9.689e-7, -3.509e-8
0.687, 1.073e-6, -2.615e-8, 9.874e-7, -3.603e-8, 1.033e-6, -3.237e-8, 9.774e-7, -3.241e-8
0.688, 1.077e-6, -2.541e-8, 9.921e-7, -3.417e-8, 1.056e-6, -2.883e-8, 9.847e-7, -3.568e-8
0.689, 1.088e-6, -2.939e-8, 9.996e-7, -3.586e-8, 1.057e-6, -2.351e-8, 9.992e-7, -2.551e-8
0.690, 1.109e-6, -2.818e-8, 1.014e-6, -4.024e-8, 1.065e-6, -2.814e-8, 9.877e-7, -3.061e-8
0.691, 1.087e-6, -3.009e-8, 1.025e-6, -3.450e-8, 1.082e-6, -2.851e-8, 1.017e-6, -3.630e-8
0.692, 1.105e-6, -2.620e-8, 1.027e-6, -3.591e-8, 1.074e-6, -3.042e-8, 1.013e-6, -3.984e-8
0.693, 1.119e-6, -3.076e-8, 1.038e-6, -3.474e-8, 1.083e-6, -2.784e-8, 1.023e-6, -3.425e-8
0.694, 1.122e-6, -3.294e-8, 1.036e-6, -3.239e-8, 1.088e-6, -3.118e-8, 1.034e-6, -4.220e-8
0.695, 1.150e-6, -2.821e-8, 1.052e-6, -4.494e-8, 1.082e-6, -3.591e-8, 1.033e-6, -3.860e-8
0.696, 1.140e-6, -3.690e-8, 1.061e-6, -4.249e-8, 1.104e-6, -2.754e-8, 1.038e-6, -3.898e-8
0.697, 1.145e-6, -4.111e-8, 1.063e-6, -4.113e-8, 1.104e-6, -2.720e-8, 1.053e-6, -4.343e-8
0.698, 1.164e-6, -3.655e-8, 1.087e-6, -4.953e-8, 1.114e-6, -3.356e-8, 1.044e-6, -3.945e-8
0.699, 1.165e-6, -3.452e-8, 1.075e-6, -4.559e-8, 1.122e-6, -3.906e-8, 1.079e-6, -4.366e-8
0.700, 1.190e-6, -4.098e-8, 1.098e-6, -4.230e-8, 1.118e-6, -3.215e-8, 1.075e-6, -4.076e-8
0.701, 1.192e-6, -4.012e-8, 1.110e-6, -5.096e-8, 1.140e-6, -3.463e-8, 1.068e-6, -3.633e-8
0.702, 1.202e-6, -4.465e-8, 1.100e-6, -4.873e-8, 1.137e-6, -3.203e-8, 1.094e-6, -4.138e-8
0.703, 1.213e-6, -4.108e-8, 1.114e-6, -4.806e-8, 1.131e-6, -4.297e-8, 1.100e-6, -4.192e-8
0.704, 1.210e-6, -3.982e-8, 1.135e-6, -4.789e-8, 1.158e-6, -3.903e-8, 1.107e-6, -5.002e-8
0.705, 1.222e-6, -5.032e-8, 1.153e-6, -4.668e-8, 1.167e-6, -3.574e-8, 1.113e-6, -4.910e-8
0.706, 1.241e-6, -4.710e-8, 1.163e-6, -4.655e-8, 1.179e-6, -3.738e-8, 1.111e-6, -4.700e-8
0.707, 1.258e-6, -3.947e-8, 1.178e-6, -4.608e-8, 1.179e-6, -4.260e-8, 1.130e-6, -5.104e-8
0.708, 1.259e-6, -4.811e-8, 1.167e-6, -4.623e-8, 1.199e-6, -4.084e-8, 1.145e-6, -4.752e-8
0.709, 1.282e-6, -4.450e-8, 1.189e-6, -5.230e-8, 1.209e-6, -4.059e-8, 1.164e-6, -4.841e-8
0.710, 1.275e-6, -3.885e-8, 1.215e-6, -5.168e-8, 1.216e-6, -4.206e-8, 1.153e-6, -4.470e-8
0.711, 1.309e-6, -4.646e-8, 1.205e-6, -4.960e-8, 1.221e-6, -4.114e-8, 1.191e-6, -4.138e-8
0.712, 1.300e-6, -4.415e-8, 1.226e-6, -5.515e-8, 1.243e-6, -4.270e-8, 1.197e-6, -4.227e-8
0.713, 1.327e-6, -4.680e-8, 1.248e-6, -5.044e-8, 1.252e-6, -4.161e-8, 1.195e-6, -4.579e-8
0.714, 1.345e-6, -4.705e-8, 1.256e-6, -5.421e-8, 1.253e-6, -3.819e-8, 1.213e-6, -4.527e-8
0.715, 1.357e-6, -4.546e-8, 1.268e-6, -6.181e-8, 1.254e-6, -3.933e-8, 1.235e-6, -4.316e-8
0.716, 1.366e-6, -5.094e-8, 1.284e-6, -5.309e-8, 1.274e-6, -4.052e-8, 1.243e-6, -4.670e-8
0.717, 1.388e-6, -5.416e-8, 1.286e-6, -4.831e-8, 1.278e-6, -4.255e-8, 1.261e-6, -5.468e-8
0.718, 1.394e-6, -4.192e-8, 1.310e-6, -5.158e-8, 1.310e-6, -4.780e-8, 1.284e-6, -5.559e-8
0.719, 1.435e-6, -5.232e-8, 1.323e-6, -5.668e-8, 1.306e-6, -4.354e-8, 1.294e-6, -5.596e-8
0.720, 1.438e-6, -5.287e-8, 1.350e-6, -5.331e-8, 1.334e-6, -4.322e-8, 1.294e-6, -5.715e-8
0.721, 1.463e-6, -5.099e-8, 1.360e-6, -6.124e-8, 1.341e-6, -4.421e-8, 1.324e-6, -5.309e-8
0.722, 1.473e-6, -5.512e-8, 1.381e-6, -5.656e-8, 1.354e-6, -4.421e-8, 1.331e-6, -5.477e-8
0.723, 1.494e-6, -5.324e-8, 1.393e-6, -5.455e-8, 1.376e-6, -4.522e-8, 1.362e-6, -5.609e-8
0.724, 1.513e-6, -5.629e-8, 1.424e-6, -5.728e-8, 1.388e-6, -4.349e-8, 1.374e-6, -5.953e-8
0.725, 1.538e-6, -6.292e-8, 1.444e-6, -6.332e-8, 1.401e-6, -4.646e-8, 1.395e-6, -5.752e-8
0.726, 1.552e-6, -5.743e-8, 1.474e-6, -6.146e-8, 1.412e-6, -5.639e-8, 1.400e-6, -6.109e-8
0.727, 1.581e-6, -5.634e-8, 1.491e-6, -6.456e-8, 1.427e-6, -5.357e-8, 1.432e-6, -5.916e-8
0.728, 1.592e-6, -5.970e-8, 1.510e-6, -6.364e-8, 1.459e-6, -5.510e-8, 1.441e-6, -6.545e-8
0.729, 1.609e-6, -6.604e-8, 1.517e-6, -6.609e-8, 1.470e-6, -5.295e-8, 1.468e-6, -5.948e-8
0.730, 1.640e-6, -6.154e-8, 1.552e-6, -7.335e-8, 1.483e-6, -5.481e-8, 1.473e-6, -6.280e-8
0.731, 1.657e-6, -6.307e-8, 1.564e-6, -7.248e-8, 1.502e-6, -5.766e-8, 1.507e-6, -6.465e-8
0.732, 1.675e-6, -6.151e-8, 1.596e-6, -7.241e-8, 1.508e-6, -5.951e-8, 1.522e-6, -6.983e-8
0.733, 1.695e-6, -6.763e-8, 1.613e-6, -6.631e-8, 1.536e-6, -5.659e-8, 1.543e-6, -7.231e-8
0.734, 1.721e-6, -6.882e-8, 1.648e-6, -7.288e-8, 1.558e-6, -5.879e-8, 1.552e-6, -7.582e-8
0.735, 1.756e-6, -7.184e-8, 1.651e-6, -8.008e-8, 1.573e-6, -6.484e-8, 1.603e-6, -7.216e-8
0.736, 1.771e-6, -7.545e-8, 1.680e-6, -7.882e-8, 1.591e-6, -6.216e-8, 1.605e-6, -6.924e-8
0.737, 1.793e-6, -7.488e-8, 1.702e-6, -8.021e-8, 1.611e-6, -6.251e-8, 1.624e-6, -7.312e-8
0.738, 1.817e-6, -7.426e-8, 1.732e-6, -8.511e-8, 1.642e-6, -6.964e-8, 1.646e-6, -7.342e-8
0.739, 1.845e-6, -7.825e-8, 1.745e-6, -9.449e-8, 1.647e-6, -6.976e-8, 1.688e-6, -7.109e-8
0.740, 1.878e-6, -8.771e-8, 1.784e-6, -8.890e-8, 1.667e-6, -6.731e-8, 1.692e-6, -7.461e-8
0.741, 1.886e-6, -8.979e-8, 1.819e-6, -8.778e-8, 1.699e-6, -6.447e-8, 1.714e-6, -8.444e-8
0.742, 1.924e-6, -8.768e-8, 1.834e-6, -9.046e-8, 1.714e-6, -7.395e-8, 1.750e-6, -8.293e-8
0.743, 1.952e-6, -9.145e-8, 1.863e-6, -8.736e-8, 1.733e-6, -7.667e-8, 1.769e-6, -8.813e-8
0.744, 1.984e-6, -8.637e-8, 1.884e-6, -9.605e-8, 1.751e-6, -8.504e-8, 1.803e-6, -8.538e-8
0.745, 1.999e-6, -9.293e-8, 1.912e-6, -1.003e-7, 1.768e-6, -7.836e-8, 1.833e-6, -8.798e-8
0.746, 2.019e-6, -9.638e-8, 1.960e-6, -9.761e-8, 1.812e-6, -7.801e-8, 1.842e-6, -9.657e-8
0.747, 2.066e-6, -1.016e-7, 1.959e-6, -1.078e-7, 1.822e-6, -8.373e-8, 1.886e-6, -9.338e-8
0.748, 2.088e-6, -9.838e-8, 2.003e-6, -1.102e-7, 1.851e-6, -8.824e-8, 1.895e-6, -9.744e-8
0.749, 2.109e-6, -1.026e-7, 2.025e-6, -1.155e-7, 1.877e-6, -8.806e-8, 1.929e-6, -9.566e-8
0.750, 2.145e-6, -1.017e-7, 2.071e-6, -1.099e-7, 1.893e-6, -9.713e-8, 1.952e-6, -1.103e-7
0.751, 2.180e-6, -1.104e-7, 2.084e-6, -1.139e-7, 1.914e-6, -9.141e-8, 1.991e-6, -1.071e-7
0.752, 2.212e-6, -1.195e-7, 2.128e-6, -1.134e-7, 1.940e-6, -9.425e-8, 2.009e-6, -1.064e-7
0.753, 2.239e-6, -1.190e-7, 2.172e-6, -1.166e-7, 1.969e-6, -9.906e-8, 2.022e-6, -1.099e-7
0.754, 2.274e-6, -1.196e-7, 2.189e-6, -1.211e-7, 1.996e-6, -1.017e-7, 2.072e-6, -1.214e-7
0.755, 2.309e-6, -1.245e-7, 2.215e-6, -1.242e-7, 2.012e-6, -1.028e-7, 2.098e-6, -1.179e-7
0.756, 2.337e-6, -1.216e-7, 2.258e-6, -1.251e-7, 2.042e-6, -1.099e-7, 2.132e-6, -1.242e-7
0.757, 2.375e-6, -1.280e-7, 2.293e-6, -1.316e-7, 2.058e-6, -1.109e-7, 2.160e-6, -1.284e-7
0.758, 2.409e-6, -1.329e-7, 2.320e-6, -1.359e-7, 2.089e-6, -1.148e-7, 2.183e-6, -1.293e-7
0.759, 2.434e-6, -1.309e-7, 2.353e-6, -1.421e-7, 2.115e-6, -1.181e-7, 2.218e-6, -1.345e-7
0.760, 2.467e-6, -1.401e-7, 2.387e-6, -1.460e-7, 2.153e-6, -1.178e-7, 2.246e-6, -1.353e-7
0.761, 2.504e-6, -1.383e-7, 2.429e-6, -1.444e-7, 2.176e-6, -1.238e-7, 2.270e-6, -1.420e-7
0.762, 2.538e-6, -1.466e-7, 2.455e-6, -1.547e-7, 2.195e-6, -1.249e-7, 2.305e-6, -1.403e-7
0.763, 2.579e-6, -1.554e-7, 2.498e-6, -1.602e-7, 2.225e-6, -1.271e-7, 2.331e-6, -1.379e-7
0.764, 2.612e-6, -1.506e-7, 2.522e-6, -1.537e-7, 2.244e-6, -1.325e-7, 2.378e-6, -1.524e-7
0.765, 2.638e-6, -1.625e-7, 2.558e-6, -1.594e-7, 2.291e-6, -1.363e-7, 2.403e-6, -1.617e-7
0.766, 2.685e-6, -1.625e-7, 2.587e-6, -1.693e-7, 2.308e-6, -1.417e-7, 2.448e-6, -1.575e-7
0.767, 2.704e-6, -1.626e-7, 2.621e-6, -1.744e-7, 2.341e-6, -1.480e-7, 2.471e-6, -1.615e-7
0.768, 2.758e-6, -1.738e-7, 2.659e-6, -1.737e-7, 2.369e-6, -1.426e-7, 2.514e-6, -1.694e-7
0.769, 2.789e-6, -1.766e-7, 2.699e-6, -1.827e-7, 2.396e-6, -1.458e-7, 2.548e-6, -1.679e-7
0.770, 2.819e-6, -1.746e-7, 2.738e-6, -1.805e-7, 2.432e-6, -1.551e-7, 2.576e-6, -1.744e-7
0.771, 2.869e-6, -1.859e-7, 2.780e-6, -1.930e-7, 2.453e-6, -1.604e-7, 2.608e-6, -1.740e-7
0.772, 2.902e-6, -1.886e-7, 2.818e-6, -1.937e-7, 2.487e-6, -1.596e-7, 2.652e-6, -1.838e-7
0.773, 2.941e-6, -1.926e-7, 2.867e-6, -2.022e-7, 2.522e-6, -1.679e-7, 2.681e-6, -1.827e-7
0.774, 2.967e-6, -2.020e-7, 2.895e-6, -2.045e-7, 2.556e-6, -1.689e-7, 2.723e-6, -1.845e-7
0.775, 3.017e-6, -2.001e-7, 2.932e-6, -2.114e-7, 2.581e-6, -1.759e-7, 2.746e-6, -1.931e-7
0.776, 3.042e-6, -2.123e-7, 2.964e-6, -2.111e-7, 2.618e-6, -1.783e-7, 2.809e-6, -1.988e-7
0.777, 3.092e-6, -2.103e-7, 3.006e-6, -2.183e-7, 2.644e-6, -1.848e-7, 2.831e-6, -2.099e-7
0.778, 3.131e-6, -2.188e-7, 3.050e-6, -2.229e-7, 2.672e-6, -1.871e-7, 2.867e-6, -2.131e-7
0.779, 3.177e-6, -2.176e-7, 3.089e-6, -2.310e-7, 2.705e-6, -1.983e-7, 2.907e-6, -2.152e-7
0.780, 3.211e-6, -2.311e-7, 3.128e-6, -2.332e-7, 2.743e-6, -1.917e-7, 2.947e-6, -2.223e-7
0.781, 3.246e-6, -2.375e-7, 3.170e-6, -2.401e-7, 2.780e-6, -1.999e-7, 2.974e-6, -2.261e-7
0.782, 3.294e-6, -2.387e-7, 3.214e-6, -2.454e-7, 2.808e-6, -2.095e-7, 3.020e-6, -2.309e-7
0.783, 3.326e-6, -2.549e-7, 3.249e-6, -2.536e-7, 2.846e-6, -2.043e-7, 3.066e-6, -2.374e-7
0.784, 3.371e-6, -2.543e-7, 3.298e-6, -2.607e-7, 2.874e-6, -2.172e-7, 3.106e-6, -2.394e-7
0.785, 3.409e-6, -2.620e-7, 3.343e-6, -2.685e-7, 2.916e-6, -2.194e-7, 3.141e-6, -2.466e-7
0.786, 3.446e-6, -2.710e-7, 3.383e-6, -2.772e-7, 2.954e-6, -2.258e-7, 3.179e-6, -2.546e-7
0.787, 3.503e-6, -2.717e-7, 3.422e-6, -2.819e-7, 2.973e-6, -2.393e-7, 3.216e-6, -2.600e-7
0.788, 3.552e-6, -2.776e-7, 3.462e-6, -2.844e-7, 3.004e-6, -2.376e-7, 3.269e-6, -2.656e-7
0.789, 3.580e-6, -2.908e-7, 3.513e-6, -2.886e-7, 3.036e-6, -2.425e-7, 3.302e-6, -2.756e-7
0.790, 3.631e-6, -2.958e-7, 3.558e-6, -2.976e-7, 3.080e-6, -2.432e-7, 3.342e-6, -2.808e-7
0.791, 3.676e-6, -3.021e-7, 3.603e-6, -3.061e-7, 3.104e-6, -2.553e-7, 3.379e-6, -2.899e-7
0.792, 3.715e-6, -3.086e-7, 3.650e-6, -3.178e-7, 3.151e-6, -2.601e-7, 3.419e-6, -2.913e-7
0.793, 3.753e-6, -3.223e-7, 3.686e-6, -3.253e-7, 3.187e-6, -2.611e-7, 3.470e-6, -2.986e-7
0.794, 3.806e-6, -3.266e-7, 3.739e-6, -3.368e-7, 3.216e-6, -2.694e-7, 3.504e-6, -3.046e-7
0.795, 3.853e-6, -3.298e-7, 3.784e-6, -3.377e-7, 3.255e-6, -2.792e-7, 3.554e-6, -3.222e-7
0.796, 3.919e-6, -3.357e-7, 3.818e-6, -3.479e-7, 3.289e-6, -2.881e-7, 3.600e-6, -3.230e-7
0.797, 3.943e-6, -3.514e-7, 3.867e-6, -3.574e-7, 3.326e-6, -2.948e-7, 3.631e-6, -3.338e-7
0.798, 3.975e-6, -3.593e-7, 3.912e-6, -3.705e-7, 3.366e-6, -3.006e-7, 3.686e-6, -3.294e-7
0.799, 4.026e-6, -3.698e-7, 3.959e-6, -3.761e-7, 3.405e-6, -3.034e-7, 3.729e-6, -3.420e-7
0.800, 4.074e-6, -3.840e-7, 4.003e-6, -3.838e-7, 3.443e-6, -3.077e-7, 3.779e-6, -3.563e-7
0.801, 4.111e-6, -3.866e-7, 4.048e-6, -3.980e-7, 3.477e-6, -3.202e-7, 3.822e-6, -3.600e-7
0.802, 4.164e-6, -3.912e-7, 4.099e-6, -4.096e-7, 3.521e-6, -3.314e-7, 3.872e-6, -3.666e-7
0.803, 4.217e-6, -4.027e-7, 4.125e-6, -4.118e-7, 3.550e-6, -3.342e-7, 3.923e-6, -3.817e-7
0.804, 4.261e-6, -4.164e-7, 4.181e-6, -4.234e-7, 3.588e-6, -3.450e-7, 3.960e-6, -3.858e-7
0.805, 4.312e-6, -4.303e-7, 4.229e-6, -4.291e-7, 3.616e-6, -3.463e-7, 4.013e-6, -4.068e-7
0.806, 4.353e-6, -4.336e-7, 4.280e-6, -4.414e-7, 3.670e-6, -3.623e-7, 4.051e-6, -4.126e-7
0.807, 4.397e-6, -4.505e-7, 4.335e-6, -4.555e-7, 3.704e-6, -3.642e-7, 4.094e-6, -4.179e-7
0.808, 4.435e-6, -4.542e-7, 4.379e-6, -4.647e-7, 3.745e-6, -3.806e-7, 4.136e-6, -4.264e-7
0.809, 4.474e-6, -4.643e-7, 4.433e-6, -4.734e-7, 3.789e-6, -3.841e-7, 4.183e-6, -4.399e-7
0.810, 4.534e-6, -4.758e-7, 4.464e-6, -4.833e-7, 3.825e-6, -3.946e-7, 4.236e-6, -4.488e-7
0.811, 4.588e-6, -4.882e-7, 4.510e-6, -4.913e-7, 3.854e-6, -4.015e-7, 4.284e-6, -4.651e-7
0.812, 4.624e-6, -4.998e-7, 4.574e-6, -5.027e-7, 3.903e-6, -4.048e-7, 4.318e-6, -4.681e-7
0.813, 4.675e-6, -5.075e-7, 4.615e-6, -5.220e-7, 3.924e-6, -4.211e-7, 4.374e-6, -4.759e-7
0.814, 4.724e-6, -5.220e-7, 4.659e-6, -5.331e-7, 3.970e-6, -4.293e-7, 4.423e-6, -4.805e-7
0.815, 4.750e-6, -5.359e-7, 4.712e-6, -5.397e-7, 4.016e-6, -4.361e-7, 4.462e-6, -5.024e-7
0.816, 4.815e-6, -5.415e-7, 4.751e-6, -5.537e-7, 4.044e-6, -4.527e-7, 4.510e-6, -5.141e-7
0.817, 4.853e-6, -5.539e-7, 4.796e-6, -5.625e-7, 4.093e-6, -4.559e-7, 4.558e-6, -5.288e-7
0.818, 4.888e-6, -5.677e-7, 4.848e-6, -5.798e-7, 4.131e-6, -4.684e-7, 4.600e-6, -5.334e-7
0.819, 4.954e-6, -5.825e-7, 4.896e-6, -5.949e-7, 4.154e-6, -4.743e-7, 4.638e-6, -5.465e-7
0.820, 4.989e-6, -5.979e-7, 4.934e-6, -6.037e-7, 4.203e-6, -4.816e-7, 4.688e-6, -5.585e-7
0.821, 5.038e-6, -6.011e-7, 4.979e-6, -6.171e-7, 4.237e-6, -5.035e-7, 4.738e-6, -5.718e-7
0.822, 5.075e-6, -6.154e-7, 5.027e-6, -6.288e-7, 4.275e-6, -5.097e-7, 4.787e-6, -5.858e-7
0.823, 5.120e-6, -6.347e-7, 5.079e-6, -6.400e-7, 4.318e-6, -5.212e-7, 4.824e-6, -5.987e-7
0.824, 5.179e-6, -6.388e-7, 5.128e-6, -6.530e-7, 4.339e-6, -5.320e-7, 4.860e-6, -6.118e-7
0.825, 5.202e-6, -6.597e-7, 5.177e-6, -6.673e-7, 4.392e-6, -5.417e-7, 4.909e-6, -6.251e-7
0.826, 5.267e-6, -6.667e-7, 5.206e-6, -6.784e-7, 4.403e-6, -5.538e-7, 4.957e-6, -6.351e-7
0.827, 5.302e-6, -6.839e-7, 5.255e-6, -6.942e-7, 4.455e-6, -5.627e-7, 5.006e-6, -6.428e-7
0.828, 5.346e-6, -6.943e-7, 5.305e-6, -7.039e-7, 4.491e-6, -5.724e-7, 5.034e-6, -6.598e-7
0.829, 5.365e-6, -7.091e-7, 5.348e-6, -7.210e-7, 4.542e-6, -5.855e-7, 5.081e-6, -6.684e-7
0.830, 5.429e-6, -7.273e-7, 5.384e-6, -7.428e-7, 4.553e-6, -5.955e-7, 5.126e-6, -6.790e-7
0.831, 5.470e-6, -7.362e-7, 5.431e-6, -7.543e-7, 4.586e-6, -6.035e-7, 5.171e-6, -6.914e-7
0.832, 5.491e-6, -7.479e-7, 5.482e-6, -7.670e-7, 4.622e-6, -6.152e-7, 5.183e-6, -7.047e-7
0.833, 5.554e-6, -7.620e-7, 5.510e-6, -7.810e-7, 4.644e-6, -6.284e-7, 5.247e-6, -7.208e-7
0.834, 5.577e-6, -7.792e-7, 5.554e-6, -7.983e-7, 4.685e-6, -6.385e-7, 5.282e-6, -7.359e-7
0.835, 5.620e-6, -7.907e-7, 5.583e-6, -8.043e-7, 4.717e-6, -6.513e-7, 5.323e-6, -7.504e-7
0.836, 5.652e-6, -8.066e-7, 5.649e-6, -8.161e-7, 4.757e-6, -6.618e-7, 5.348e-6, -7.633e-7
0.837, 5.695e-6, -8.106e-7, 5.685e-6, -8.323e-7, 4.783e-6, -6.733e-7, 5.390e-6, -7.757e-7
0.838, 5.736e-6, -8.261e-7, 5.713e-6, -8.475e-7, 4.790e-6, -6.814e-7, 5.433e-6, -7.871e-7
0.839, 5.766e-6, -8.448e-7, 5.742e-6, -8.628e-7, 4.836e-6, -6.857e-7, 5.460e-6, -7.988e-7
0.840, 5.795e-6, -8.526e-7, 5.778e-6, -8.841e-7, 4.868e-6, -7.047e-7, 5.514e-6, -8.099e-7
0.841, 5.830e-6, -8.689e-7, 5.812e-6, -8.879e-7, 4.896e-6, -7.075e-7, 5.533e-6, -8.237e-7
0.842, 5.871e-6, -8.825e-7, 5.850e-6, -9.035e-7, 4.917e-6, -7.204e-7, 5.563e-6, -8.355e-7
0.843, 5.901e-6, -8.964e-7, 5.886e-6, -9.107e-7, 4.936e-6, -7.298e-7, 5.597e-6, -8.505e-7
0.844, 5.921e-6, -9.009e-7, 5.914e-6, -9.315e-7, 4.967e-6, -7.476e-7, 5.624e-6, -8.587e-7
0.845, 5.959e-6, -9.222e-7, 5.962e-6, -9.427e-7, 4.991e-6, -7.526e-7, 5.633e-6, -8.725e-7
0.846, 5.986e-6, -9.307e-7, 5.962e-6, -9.483e-7, 5.007e-6, -7.634e-7, 5.689e-6, -8.853e-7
0.847, 6.018e-6, -9.389e-7, 6.002e-6, -9.688e-7, 5.044e-6, -7.663e-7, 5.711e-6, -8.940e-7
0.848, 6.033e-6, -9.519e-7, 6.036e-6, -9.744e-7, 5.069e-6, -7.794e-7, 5.723e-6, -9.058e-7
0.849, 6.069e-6, -9.589e-7, 6.069e-6, -9.935e-7, 5.076e-6, -7.934e-7, 5.751e-6, -9.149e-7
0.850, 6.091e-6, -9.744e-7, 6.096e-6, -1.003e-6, 5.105e-6, -8.047e-7, 5.771e-6, -9.235e-7
0.851, 6.105e-6, -9.833e-7, 6.109e-6, -1.013e-6, 5.122e-6, -8.072e-7, 5.788e-6, -9.358e-7
0.852, 6.135e-6, -9.993e-7, 6.121e-6, -1.029e-6, 5.137e-6, -8.145e-7, 5.821e-6, -9.435e-7
0.853, 6.154e-6, -1.001e-6, 6.162e-6, -1.036e-6, 5.163e-6, -8.228e-7, 5.839e-6, -9.527e-7
0.854, 6.181e-6, -1.014e-6, 6.176e-6, -1.044e-6, 5.169e-6, -8.307e-7, 5.856e-6, -9.659e-7
0.855, 6.200e-6, -1.014e-6, 6.197e-6, -1.057e-6, 5.193e-6, -8.451e-7, 5.880e-6, -9.719e-7
0.856, 6.221e-6, -1.028e-6, 6.213e-6, -1.062e-6, 5.203e-6, -8.444e-7, 5.903e-6, -9.805e-7
0.857, 6.250e-6, -1.038e-6, 6.238e-6, -1.071e-6, 5.206e-6, -8.532e-7, 5.906e-6, -9.901e-7
0.858, 6.240e-6, -1.056e-6, 6.256e-6, -1.086e-6, 5.228e-6, -8.531e-7, 5.911e-6, -9.871e-7
0.859, 6.264e-6, -1.056e-6, 6.266e-6, -1.090e-6, 5.247e-6, -8.632e-7, 5.924e-6, -1.003e-6
0.860, 6.280e-6, -1.064e-6, 6.288e-6, -1.096e-6, 5.243e-6, -8.688e-7, 5.921e-6, -1.007e-6
0.861, 6.278e-6, -1.074e-6, 6.297e-6, -1.105e-6, 5.263e-6, -8.677e-7, 5.946e-6, -1.014e-6
0.862, 6.300e-6, -1.081e-6, 6.316e-6, -1.110e-6, 5.276e-6, -8.765e-7, 5.945e-6, -1.016e-6
0.863, 6.319e-6, -1.082e-6, 6.316e-6, -1.124e-6, 5.287e-6, -8.814e-7, 5.964e-6, -1.015e-6
0.864, 6.321e-6, -1.084e-6, 6.345e-6, -1.127e-6, 5.296e-6, -8.889e-7, 5.952e-6, -1.028e-6
0.865, 6.334e-6, -1.088e-6, 6.344e-6, -1.130e-6, 5.295e-6, -8.925e-7, 5.958e-6, -1.032e-6
0.866, 6.334e-6, -1.093e-6, 6.342e-6, -1.135e-6, 5.305e-6, -9.004e-7, 5.984e-6, -1.040e-6
0.867, 6.352e-6, -1.095e-6, 6.360e-6, -1.142e-6, 5.302e-6, -9.028e-7, 5.961e-6, -1.039e-6
0.868, 6.358e-6, -1.107e-6, 6.368e-6, -1.145e-6, 5.305e-6, -8.980e-7, 5.973e-6, -1.046e-6
0.869, 6.348e-6, -1.110e-6, 6.366e-6, -1.148e-6, 5.306e-6, -8.972e-7, 5.973e-6, -1.047e-6
0.870, 6.359e-6, -1.109e-6, 6.360e-6, -1.156e-6, 5.315e-6, -9.065e-7, 5.961e-6, -1.043e-6
0.871, 6.354e-6, -1.111e-6, 6.364e-6, -1.155e-6, 5.317e-6, -9.087e-7, 5.958e-6, -1.050e-6
0.872, 6.357e-6, -1.113e-6, 6.364e-6, -1.158e-6, 5.309e-6, -9.095e-7, 5.960e-6, -1.052e-6
0.873, 6.349e-6, -1.118e-6, 6.360e-6, -1.151e-6, 5.316e-6, -9.090e-7, 5.952e-6, -1.054e-6
0.874, 6.340e-6, -1.119e-6, 6.351e-6, -1.161e-6, 5.316e-6, -9.101e-7, 5.941e-6, -1.052e-6
0.875, 6.331e-6, -1.119e-6, 6.340e-6, -1.156e-6, 5.307e-6, -9.135e-7, 5.934e-6, -1.052e-6
0.876, 6.335e-6, -1.112e-6, 6.341e-6, -1.160e-6, 5.300e-6, -9.123e-7, 5.911e-6, -1.044e-6
0.877, 6.311e-6, -1.112e-6, 6.336e-6, -1.161e-6, 5.295e-6, -9.148e-7, 5.889e-6, -1.044e-6
0.878, 6.305e-6, -1.118e-6, 6.321e-6, -1.161e-6, 5.277e-6, -9.058e-7, 5.878e-6, -1.052e-6
0.879, 6.291e-6, -1.113e-6, 6.305e-6, -1.158e-6, 5.263e-6, -9.051e-7, 5.868e-6, -1.044e-6
0.880, 6.278e-6, -1.108e-6, 6.288e-6, -1.160e-6, 5.252e-6, -9.088e-7, 5.849e-6, -1.032e-6
0.881, 6.269e-6, -1.106e-6, 6.262e-6, -1.152e-6, 5.231e-6, -9.087e-7, 5.820e-6, -1.041e-6
0.882, 6.249e-6, -1.104e-6, 6.258e-6, -1.154e-6, 5.219e-6, -9.041e-7, 5.789e-6, -1.037e-6
0.883, 6.214e-6, -1.103e-6, 6.218e-6, -1.151e-6, 5.204e-6, -8.972e-7, 5.771e-6, -1.029e-6
0.884, 6.191e-6, -1.099e-6, 6.208e-6, -1.144e-6, 5.180e-6, -9.010e-7, 5.731e-6, -1.029e-6
0.885, 6.169e-6, -1.086e-6, 6.166e-6, -1.141e-6, 5.158e-6, -8.997e-7, 5.711e-6, -1.018e-6
0.886, 6.139e-6, -1.086e-6, 6.135e-6, -1.132e-6, 5.141e-6, -8.883e-7, 5.665e-6, -1.017e-6
0.887, 6.102e-6, -1.078e-6, 6.105e-6, -1.130e-6, 5.094e-6, -8.858e-7, 5.618e-6, -1.008e-6
0.888, 6.068e-6, -1.074e-6, 6.065e-6, -1.111e-6, 5.062e-6, -8.822e-7, 5.586e-6, -1.012e-6
0.889, 6.022e-6, -1.068e-6, 6.038e-6, -1.111e-6, 5.036e-6, -8.745e-7, 5.532e-6, -9.951e-7
0.890, 5.989e-6, -1.062e-6, 5.979e-6, -1.108e-6, 4.995e-6, -8.722e-7, 5.486e-6, -9.890e-7
0.891, 5.934e-6, -1.050e-6, 5.930e-6, -1.094e-6, 4.961e-6, -8.622e-7, 5.441e-6, -9.796e-7
0.892, 5.895e-6, -1.041e-6, 5.875e-6, -1.091e-6, 4.913e-6, -8.577e-7, 5.397e-6, -9.647e-7
0.893, 5.831e-6, -1.033e-6, 5.837e-6, -1.079e-6, 4.879e-6, -8.486e-7, 5.328e-6, -9.568e-7
0.894, 5.795e-6, -1.021e-6, 5.779e-6, -1.066e-6, 4.830e-6, -8.437e-7, 5.273e-6, -9.497e-7
0.895, 5.732e-6, -1.012e-6, 5.719e-6, -1.054e-6, 4.779e-6, -8.288e-7, 5.199e-6, -9.358e-7
0.896, 5.662e-6, -9.968e-7, 5.647e-6, -1.047e-6, 4.733e-6, -8.236e-7, 5.146e-6, -9.212e-7
0.897, 5.616e-6, -9.845e-7, 5.585e-6, -1.036e-6, 4.669e-6, -8.122e-7, 5.074e-6, -9.105e-7
0.898, 5.551e-6, -9.743e-7, 5.523e-6, -1.021e-6, 4.623e-6, -7.995e-7, 5.012e-6, -9.003e-7
0.899, 5.468e-6, -9.592e-7, 5.455e-6, -1.003e-6, 4.570e-6, -7.916e-7, 4.941e-6, -8.918e-7
0.900, 5.409e-6, -9.479e-7, 5.383e-6, -9.905e-7, 4.513e-6, -7.845e-7, 4.862e-6, -8.700e-7
