0.004, 1.616e-6, -3.653e-6, -5.269e-6, 1.487e-6, -4.028e-6, -5.516e-6, 1.590e-6, -4.666e-6, -6.256e-6, 1.658e-6, -5.032e-6, -6.690e-6, 1.471e-6, -4.736e-6, -6.207e-6, 1.758e-6, -3.342e-6, -5.099e-6, 1.320e-6, -2.953e-6, -4.273e-6, 1.094e-6, -2.408e-6, -3.502e-6
0.008, 2.063e-6, -1.574e-6, -3.637e-6, 2.050e-6, -1.643e-6, -3.693e-6, 2.273e-6, -1.963e-6, -4.235e-6, 2.369e-6, -2.220e-6, -4.589e-6, 2.270e-6, -1.793e-6, -4.063e-6, 2.322e-6, -1.178e-6, -3.500e-6, 1.716e-6, -1.312e-6, -3.028e-6, 1.403e-6, -1.084e-6, -2.488e-6
0.012, 1.944e-6, -9.468e-7, -2.891e-6, 1.949e-6, -9.121e-7, -2.861e-6, 2.145e-6, -1.195e-6, -3.340e-6, 2.269e-6, -1.337e-6, -3.606e-6, 2.153e-6, -9.930e-7, -3.146e-6, 2.198e-6, -6.035e-7, -2.802e-6, 1.618e-6, -8.300e-7, -2.448e-6, 1.337e-6, -6.756e-7, -2.012e-6
0.016, 1.833e-6, -6.084e-7, -2.441e-6, 1.847e-6, -5.247e-7, -2.372e-6, 2.018e-6, -7.927e-7, -2.811e-6, 2.154e-6, -8.582e-7, -3.012e-6, 2.030e-6, -5.934e-7, -2.624e-6, 2.085e-6, -3.063e-7, -2.391e-6, 1.526e-6, -5.656e-7, -2.091e-6, 1.273e-6, -4.501e-7, -1.723e-6
0.020, 1.749e-6, -3.851e-7, -2.134e-6, 1.766e-6, -2.798e-7, -2.046e-6, 1.919e-6, -5.338e-7, -2.453e-6, 2.062e-6, -5.466e-7, -2.609e-6, 1.933e-6, -3.471e-7, -2.280e-6, 1.998e-6, -1.156e-7, -2.113e-6, 1.453e-6, -3.909e-7, -1.844e-6, 1.224e-6, -2.999e-7, -1.524e-6
0.024, 1.677e-6, -2.269e-7, -1.904e-6, 1.699e-6, -1.120e-7, -1.811e-6, 1.836e-6, -3.519e-7, -2.188e-6, 1.986e-6, -3.266e-7, -2.312e-6, 1.855e-6, -1.770e-7, -2.032e-6, 1.929e-6, 1.919e-8, -1.910e-6, 1.393e-6, -2.641e-7, -1.657e-6, 1.184e-6, -1.905e-7, -1.375e-6
0.028, 1.623e-6, -1.041e-7, -1.728e-6, 1.647e-6, 1.298e-8, -1.634e-6, 1.772e-6, -2.141e-7, -1.986e-6, 1.925e-6, -1.612e-7, -2.086e-6, 1.794e-6, -5.076e-8, -1.845e-6, 1.876e-6, 1.227e-7, -1.754e-6, 1.346e-6, -1.664e-7, -1.512e-6, 1.154e-6, -1.062e-7, -1.261e-6
0.032, 1.583e-6, -4.038e-9, -1.587e-6, 1.609e-6, 1.118e-7, -1.497e-6, 1.724e-6, -1.028e-7, -1.827e-6, 1.879e-6, -2.958e-8, -1.908e-6, 1.749e-6, 5.012e-8, -1.699e-6, 1.837e-6, 2.075e-7, -1.630e-6, 1.309e-6, -8.675e-8, -1.396e-6, 1.133e-6, -3.683e-8, -1.170e-6
0.036, 1.551e-6, 7.907e-8, -1.472e-6, 1.580e-6, 1.932e-7, -1.387e-6, 1.686e-6, -1.112e-8, -1.697e-6, 1.843e-6, 7.793e-8, -1.765e-6, 1.714e-6, 1.334e-7, -1.581e-6, 1.806e-6, 2.777e-7, -1.528e-6, 1.283e-6, -1.826e-8, -1.301e-6, 1.117e-6, 2.160e-8, -1.095e-6
0.040, 1.526e-6, 1.502e-7, -1.376e-6, 1.558e-6, 2.622e-7, -1.296e-6, 1.656e-6, 6.881e-8, -1.587e-6, 1.814e-6, 1.682e-7, -1.646e-6, 1.687e-6, 2.058e-7, -1.482e-6, 1.782e-6, 3.393e-7, -1.442e-6, 1.261e-6, 4.052e-8, -1.220e-6, 1.104e-6, 7.254e-8, -1.032e-6
0.044, 1.512e-6, 2.133e-7, -1.299e-6, 1.544e-6, 3.210e-7, -1.223e-6, 1.636e-6, 1.389e-7, -1.497e-6, 1.796e-6, 2.471e-7, -1.549e-6, 1.670e-6, 2.695e-7, -1.400e-6, 1.767e-6, 3.948e-7, -1.372e-6, 1.247e-6, 9.341e-8, -1.154e-6, 1.098e-6, 1.182e-7, -9.797e-7
0.048, 1.503e-6, 2.706e-7, -1.232e-6, 1.536e-6, 3.755e-7, -1.161e-6, 1.622e-6, 2.026e-7, -1.419e-6, 1.782e-6, 3.166e-7, -1.466e-6, 1.660e-6, 3.278e-7, -1.332e-6, 1.755e-6, 4.450e-7, -1.310e-6, 1.237e-6, 1.417e-7, -1.096e-6, 1.093e-6, 1.593e-7, -9.342e-7
0.052, 1.496e-6, 3.220e-7, -1.174e-6, 1.531e-6, 4.231e-7, -1.108e-6, 1.615e-6, 2.613e-7, -1.353e-6, 1.774e-6, 3.780e-7, -1.396e-6, 1.655e-6, 3.811e-7, -1.274e-6, 1.748e-6, 4.906e-7, -1.258e-6, 1.232e-6, 1.865e-7, -1.045e-6, 1.092e-6, 1.972e-7, -8.952e-7
0.056, 1.499e-6, 3.734e-7, -1.126e-6, 1.535e-6, 4.707e-7, -1.064e-6, 1.616e-6, 3.186e-7, -1.297e-6, 1.774e-6, 4.374e-7, -1.337e-6, 1.659e-6, 4.348e-7, -1.224e-6, 1.749e-6, 5.362e-7, -1.213e-6, 1.233e-6, 2.306e-7, -1.003e-6, 1.096e-6, 2.342e-7, -8.615e-7
0.060, 1.506e-6, 4.216e-7, -1.085e-6, 1.542e-6, 5.151e-7, -1.027e-6, 1.622e-6, 3.727e-7, -1.250e-6, 1.778e-6, 4.915e-7, -1.286e-6, 1.669e-6, 4.858e-7, -1.183e-6, 1.752e-6, 5.775e-7, -1.174e-6, 1.239e-6, 2.731e-7, -9.663e-7, 1.101e-6, 2.684e-7, -8.323e-7
0.064, 1.519e-6, 4.710e-7, -1.048e-6, 1.555e-6, 5.602e-7, -9.953e-7, 1.639e-6, 4.298e-7, -1.209e-6, 1.790e-6, 5.459e-7, -1.244e-6, 1.688e-6, 5.393e-7, -1.149e-6, 1.761e-6, 6.201e-7, -1.141e-6, 1.252e-6, 3.171e-7, -9.350e-7, 1.112e-6, 3.040e-7, -8.077e-7
0.068, 1.540e-6, 5.212e-7, -1.019e-6, 1.573e-6, 6.046e-7, -9.685e-7, 1.662e-6, 4.870e-7, -1.175e-6, 1.806e-6, 5.986e-7, -1.207e-6, 1.713e-6, 5.933e-7, -1.119e-6, 1.773e-6, 6.608e-7, -1.112e-6, 1.269e-6, 3.616e-7, -9.077e-7, 1.125e-6, 3.384e-7, -7.861e-7
0.072, 1.572e-6, 5.747e-7, -9.970e-7, 1.601e-6, 6.513e-7, -9.498e-7, 1.697e-6, 5.482e-7, -1.148e-6, 1.831e-6, 6.535e-7, -1.178e-6, 1.749e-6, 6.511e-7, -1.098e-6, 1.792e-6, 7.038e-7, -1.088e-6, 1.296e-6, 4.093e-7, -8.869e-7, 1.144e-6, 3.750e-7, -7.694e-7
0.076, 1.609e-6, 6.304e-7, -9.787e-7, 1.634e-6, 7.006e-7, -9.339e-7, 1.739e-6, 6.122e-7, -1.127e-6, 1.863e-6, 7.085e-7, -1.155e-6, 1.794e-6, 7.120e-7, -1.082e-6, 1.815e-6, 7.462e-7, -1.068e-6, 1.331e-6, 4.606e-7, -8.702e-7, 1.167e-6, 4.120e-7, -7.553e-7
0.080, 1.658e-6, 6.923e-7, -9.660e-7, 1.678e-6, 7.540e-7, -9.237e-7, 1.795e-6, 6.833e-7, -1.112e-6, 1.905e-6, 7.686e-7, -1.136e-6, 1.850e-6, 7.797e-7, -1.071e-6, 1.844e-6, 7.914e-7, -1.052e-6, 1.375e-6, 5.174e-7, -8.578e-7, 1.197e-6, 4.523e-7, -7.443e-7
0.084, 1.716e-6, 7.563e-7, -9.595e-7, 1.727e-6, 8.089e-7, -9.179e-7, 1.865e-6, 7.611e-7, -1.104e-6, 1.954e-6, 8.303e-7, -1.123e-6, 1.920e-6, 8.535e-7, -1.066e-6, 1.879e-6, 8.391e-7, -1.040e-6, 1.428e-6, 5.771e-7, -8.504e-7, 1.231e-6, 4.947e-7, -7.367e-7
0.088, 1.791e-6, 8.303e-7, -9.608e-7, 1.789e-6, 8.713e-7, -9.182e-7, 1.950e-6, 8.467e-7, -1.103e-6, 2.013e-6, 8.970e-7, -1.116e-6, 2.002e-6, 9.342e-7, -1.068e-6, 1.921e-6, 8.884e-7, -1.032e-6, 1.490e-6, 6.418e-7, -8.486e-7, 1.273e-6, 5.403e-7, -7.332e-7
0.092, 1.875e-6, 9.101e-7, -9.652e-7, 1.860e-6, 9.373e-7, -9.222e-7, 2.052e-6, 9.423e-7, -1.110e-6, 2.084e-6, 9.693e-7, -1.115e-6, 2.101e-6, 1.024e-6, -1.077e-6, 1.969e-6, 9.417e-7, -1.028e-6, 1.565e-6, 7.127e-7, -8.523e-7, 1.322e-6, 5.896e-7, -7.325e-7
0.096, 1.976e-6, 9.990e-7, -9.766e-7, 1.943e-6, 1.011e-6, -9.320e-7, 2.171e-6, 1.047e-6, -1.124e-6, 2.166e-6, 1.048e-6, -1.119e-6, 2.216e-6, 1.123e-6, -1.093e-6, 2.024e-6, 9.975e-7, -1.027e-6, 1.652e-6, 7.915e-7, -8.606e-7, 1.379e-6, 6.430e-7, -7.356e-7
0.100, 2.093e-6, 1.097e-6, -9.962e-7, 2.039e-6, 1.091e-6, -9.481e-7, 2.310e-6, 1.164e-6, -1.146e-6, 2.261e-6, 1.132e-6, -1.130e-6, 2.349e-6, 1.233e-6, -1.116e-6, 2.088e-6, 1.058e-6, -1.030e-6, 1.754e-6, 8.774e-7, -8.765e-7, 1.443e-6, 7.008e-7, -7.425e-7
0.104, 2.227e-6, 1.205e-6, -1.022e-6, 2.148e-6, 1.179e-6, -9.696e-7, 2.471e-6, 1.293e-6, -1.178e-6, 2.369e-6, 1.223e-6, -1.146e-6, 2.500e-6, 1.353e-6, -1.147e-6, 2.159e-6, 1.122e-6, -1.037e-6, 1.871e-6, 9.733e-7, -8.980e-7, 1.517e-6, 7.639e-7, -7.530e-7
0.108, 2.377e-6, 1.322e-6, -1.055e-6, 2.268e-6, 1.272e-6, -9.960e-7, 2.652e-6, 1.434e-6, -1.218e-6, 2.487e-6, 1.320e-6, -1.167e-6, 2.669e-6, 1.483e-6, -1.186e-6, 2.236e-6, 1.189e-6, -1.047e-6, 2.002e-6, 1.076e-6, -9.254e-7, 1.599e-6, 8.317e-7, -7.668e-7
0.112, 2.546e-6, 1.450e-6, -1.096e-6, 2.403e-6, 1.374e-6, -1.030e-6, 2.854e-6, 1.587e-6, -1.267e-6, 2.619e-6, 1.424e-6, -1.195e-6, 2.855e-6, 1.623e-6, -1.232e-6, 2.321e-6, 1.262e-6, -1.060e-6, 2.147e-6, 1.188e-6, -9.589e-7, 1.688e-6, 9.032e-7, -7.846e-7
0.116, 2.729e-6, 1.585e-6, -1.144e-6, 2.548e-6, 1.480e-6, -1.068e-6, 3.076e-6, 1.749e-6, -1.327e-6, 2.762e-6, 1.532e-6, -1.230e-6, 3.060e-6, 1.772e-6, -1.288e-6, 2.413e-6, 1.335e-6, -1.077e-6, 2.305e-6, 1.305e-6, -1.000e-6, 1.785e-6, 9.783e-7, -8.070e-7
0.120, 2.930e-6, 1.730e-6, -1.200e-6, 2.705e-6, 1.593e-6, -1.112e-6, 3.317e-6, 1.923e-6, -1.394e-6, 2.915e-6, 1.646e-6, -1.268e-6, 3.278e-6, 1.931e-6, -1.348e-6, 2.510e-6, 1.414e-6, -1.096e-6, 2.475e-6, 1.429e-6, -1.045e-6, 1.889e-6, 1.058e-6, -8.310e-7
0.124, 3.140e-6, 1.880e-6, -1.260e-6, 2.869e-6, 1.709e-6, -1.159e-6, 3.570e-6, 2.101e-6, -1.469e-6, 3.074e-6, 1.763e-6, -1.311e-6, 3.509e-6, 2.095e-6, -1.414e-6, 2.612e-6, 1.495e-6, -1.117e-6, 2.652e-6, 1.557e-6, -1.095e-6, 1.997e-6, 1.139e-6, -8.582e-7
0.128, 3.361e-6, 2.035e-6, -1.326e-6, 3.040e-6, 1.830e-6, -1.210e-6, 3.834e-6, 2.285e-6, -1.549e-6, 3.237e-6, 1.882e-6, -1.355e-6, 3.748e-6, 2.263e-6, -1.484e-6, 2.715e-6, 1.577e-6, -1.138e-6, 2.834e-6, 1.687e-6, -1.147e-6, 2.109e-6, 1.222e-6, -8.867e-7
0.132, 3.585e-6, 2.190e-6, -1.395e-6, 3.211e-6, 1.948e-6, -1.264e-6, 4.101e-6, 2.469e-6, -1.633e-6, 3.402e-6, 2.000e-6, -1.402e-6, 3.988e-6, 2.432e-6, -1.556e-6, 2.819e-6, 1.659e-6, -1.160e-6, 3.016e-6, 1.815e-6, -1.201e-6, 2.220e-6, 1.304e-6, -9.159e-7
0.136, 3.811e-6, 2.347e-6, -1.465e-6, 3.384e-6, 2.068e-6, -1.317e-6, 4.371e-6, 2.652e-6, -1.718e-6, 3.566e-6, 2.118e-6, -1.448e-6, 4.229e-6, 2.602e-6, -1.627e-6, 2.923e-6, 1.742e-6, -1.182e-6, 3.196e-6, 1.942e-6, -1.253e-6, 2.330e-6, 1.386e-6, -9.444e-7
0.140, 4.029e-6, 2.497e-6, -1.533e-6, 3.549e-6, 2.181e-6, -1.368e-6, 4.629e-6, 2.828e-6, -1.801e-6, 3.723e-6, 2.231e-6, -1.492e-6, 4.461e-6, 2.765e-6, -1.696e-6, 3.024e-6, 1.822e-6, -1.202e-6, 3.366e-6, 2.062e-6, -1.303e-6, 2.435e-6, 1.463e-6, -9.717e-7
0.144, 4.239e-6, 2.643e-6, -1.596e-6, 3.708e-6, 2.292e-6, -1.416e-6, 4.875e-6, 2.997e-6, -1.878e-6, 3.871e-6, 2.339e-6, -1.532e-6, 4.680e-6, 2.923e-6, -1.757e-6, 3.121e-6, 1.901e-6, -1.219e-6, 3.523e-6, 2.176e-6, -1.347e-6, 2.534e-6, 1.538e-6, -9.956e-7
0.148, 4.429e-6, 2.776e-6, -1.653e-6, 3.851e-6, 2.394e-6, -1.457e-6, 5.098e-6, 3.151e-6, -1.947e-6, 4.006e-6, 2.439e-6, -1.567e-6, 4.882e-6, 3.070e-6, -1.812e-6, 3.210e-6, 1.976e-6, -1.234e-6, 3.663e-6, 2.279e-6, -1.384e-6, 2.622e-6, 1.607e-6, -1.015e-6
0.152, 4.597e-6, 2.897e-6, -1.700e-6, 3.978e-6, 2.487e-6, -1.491e-6, 5.291e-6, 3.289e-6, -2.002e-6, 4.123e-6, 2.529e-6, -1.594e-6, 5.058e-6, 3.204e-6, -1.854e-6, 3.289e-6, 2.046e-6, -1.243e-6, 3.782e-6, 2.371e-6, -1.411e-6, 2.698e-6, 1.668e-6, -1.029e-6
0.156, 4.739e-6, 3.001e-6, -1.737e-6, 4.087e-6, 2.569e-6, -1.518e-6, 5.453e-6, 3.408e-6, -2.046e-6, 4.223e-6, 2.609e-6, -1.613e-6, 5.207e-6, 3.321e-6, -1.885e-6, 3.359e-6, 2.110e-6, -1.249e-6, 3.877e-6, 2.448e-6, -1.429e-6, 2.760e-6, 1.722e-6, -1.038e-6
0.160, 4.854e-6, 3.093e-6, -1.761e-6, 4.178e-6, 2.641e-6, -1.536e-6, 5.580e-6, 3.508e-6, -2.072e-6, 4.305e-6, 2.681e-6, -1.624e-6, 5.328e-6, 3.424e-6, -1.904e-6, 3.421e-6, 2.170e-6, -1.251e-6, 3.949e-6, 2.514e-6, -1.435e-6, 2.810e-6, 1.769e-6, -1.041e-6
0.164, 4.935e-6, 3.163e-6, -1.772e-6, 4.244e-6, 2.700e-6, -1.545e-6, 5.668e-6, 3.585e-6, -2.083e-6, 4.365e-6, 2.738e-6, -1.626e-6, 5.413e-6, 3.506e-6, -1.908e-6, 3.469e-6, 2.222e-6, -1.247e-6, 3.992e-6, 2.562e-6, -1.430e-6, 2.843e-6, 1.806e-6, -1.037e-6
0.168, 4.984e-6, 3.216e-6, -1.768e-6, 4.290e-6, 2.746e-6, -1.544e-6, 5.718e-6, 3.641e-6, -2.077e-6, 4.405e-6, 2.786e-6, -1.619e-6, 5.468e-6, 3.569e-6, -1.899e-6, 3.507e-6, 2.269e-6, -1.238e-6, 4.010e-6, 2.596e-6, -1.414e-6, 2.863e-6, 1.836e-6, -1.027e-6
0.172, 5.002e-6, 3.249e-6, -1.753e-6, 4.316e-6, 2.780e-6, -1.535e-6, 5.730e-6, 3.673e-6, -2.057e-6, 4.426e-6, 2.821e-6, -1.606e-6, 5.489e-6, 3.611e-6, -1.878e-6, 3.533e-6, 2.307e-6, -1.226e-6, 4.005e-6, 2.615e-6, -1.390e-6, 2.868e-6, 1.856e-6, -1.012e-6
0.176, 4.989e-6, 3.266e-6, -1.723e-6, 4.323e-6, 2.805e-6, -1.518e-6, 5.709e-6, 3.688e-6, -2.021e-6, 4.430e-6, 2.847e-6, -1.583e-6, 5.479e-6, 3.636e-6, -1.843e-6, 3.549e-6, 2.341e-6, -1.208e-6, 3.978e-6, 2.623e-6, -1.355e-6, 2.861e-6, 1.870e-6, -9.910e-7
0.180, 4.951e-6, 3.265e-6, -1.686e-6, 4.313e-6, 2.818e-6, -1.495e-6, 5.655e-6, 3.681e-6, -1.974e-6, 4.418e-6, 2.862e-6, -1.556e-6, 5.442e-6, 3.641e-6, -1.801e-6, 3.555e-6, 2.366e-6, -1.189e-6, 3.931e-6, 2.615e-6, -1.316e-6, 2.843e-6, 1.875e-6, -9.674e-7
0.184, 4.887e-6, 3.249e-6, -1.638e-6, 4.288e-6, 2.822e-6, -1.466e-6, 5.572e-6, 3.657e-6, -1.914e-6, 4.392e-6, 2.869e-6, -1.523e-6, 5.375e-6, 3.628e-6, -1.747e-6, 3.549e-6, 2.385e-6, -1.164e-6, 3.865e-6, 2.597e-6, -1.267e-6, 2.813e-6, 1.874e-6, -9.387e-7
0.188, 4.804e-6, 3.220e-6, -1.584e-6, 4.252e-6, 2.819e-6, -1.434e-6, 5.467e-6, 3.618e-6, -1.849e-6, 4.356e-6, 2.868e-6, -1.488e-6, 5.288e-6, 3.599e-6, -1.689e-6, 3.537e-6, 2.398e-6, -1.139e-6, 3.785e-6, 2.568e-6, -1.217e-6, 2.776e-6, 1.867e-6, -9.086e-7
0.192, 4.710e-6, 3.182e-6, -1.528e-6, 4.211e-6, 2.811e-6, -1.400e-6, 5.347e-6, 3.568e-6, -1.778e-6, 4.314e-6, 2.863e-6, -1.451e-6, 5.186e-6, 3.560e-6, -1.626e-6, 3.520e-6, 2.407e-6, -1.113e-6, 3.699e-6, 2.534e-6, -1.165e-6, 2.735e-6, 1.858e-6, -8.777e-7
0.196, 4.601e-6, 3.134e-6, -1.467e-6, 4.161e-6, 2.796e-6, -1.365e-6, 5.210e-6, 3.507e-6, -1.703e-6, 4.264e-6, 2.851e-6, -1.412e-6, 5.064e-6, 3.505e-6, -1.559e-6, 3.495e-6, 2.410e-6, -1.085e-6, 3.600e-6, 2.490e-6, -1.110e-6, 2.689e-6, 1.842e-6, -8.460e-7
0.200, 4.486e-6, 3.081e-6, -1.404e-6, 4.111e-6, 2.782e-6, -1.329e-6, 5.068e-6, 3.441e-6, -1.627e-6, 4.213e-6, 2.839e-6, -1.374e-6, 4.936e-6, 3.445e-6, -1.491e-6, 3.467e-6, 2.410e-6, -1.057e-6, 3.500e-6, 2.444e-6, -1.056e-6, 2.641e-6, 1.826e-6, -8.143e-7
0.204, 4.367e-6, 3.024e-6, -1.343e-6, 4.059e-6, 2.763e-6, -1.295e-6, 4.920e-6, 3.369e-6, -1.551e-6, 4.161e-6, 2.823e-6, -1.338e-6, 4.799e-6, 3.377e-6, -1.423e-6, 3.436e-6, 2.406e-6, -1.030e-6, 3.399e-6, 2.395e-6, -1.004e-6, 2.592e-6, 1.808e-6, -7.845e-7
0.208, 4.248e-6, 2.966e-6, -1.282e-6, 4.010e-6, 2.747e-6, -1.263e-6, 4.772e-6, 3.295e-6, -1.476e-6, 4.110e-6, 2.807e-6, -1.303e-6, 4.659e-6, 3.304e-6, -1.355e-6, 3.403e-6, 2.400e-6, -1.003e-6, 3.296e-6, 2.344e-6, -9.526e-7, 2.545e-6, 1.790e-6, -7.559e-7
0.212, 4.130e-6, 2.904e-6, -1.225e-6, 3.962e-6, 2.728e-6, -1.234e-6, 4.624e-6, 3.219e-6, -1.405e-6, 4.061e-6, 2.790e-6, -1.271e-6, 4.519e-6, 3.228e-6, -1.291e-6, 3.369e-6, 2.390e-6, -9.786e-7, 3.195e-6, 2.291e-6, -9.044e-7, 2.499e-6, 1.770e-6, -7.289e-7
0.216, 4.016e-6, 2.847e-6, -1.170e-6, 3.918e-6, 2.712e-6, -1.206e-6, 4.482e-6, 3.144e-6, -1.337e-6, 4.015e-6, 2.774e-6, -1.241e-6, 4.380e-6, 3.151e-6, -1.228e-6, 3.335e-6, 2.381e-6, -9.544e-7, 3.099e-6, 2.240e-6, -8.587e-7, 2.456e-6, 1.752e-6, -7.045e-7
0.220, 3.908e-6, 2.787e-6, -1.121e-6, 3.877e-6, 2.694e-6, -1.184e-6, 4.345e-6, 3.070e-6, -1.275e-6, 3.973e-6, 2.757e-6, -1.216e-6, 4.245e-6, 3.074e-6, -1.171e-6, 3.302e-6, 2.369e-6, -9.328e-7, 3.007e-6, 2.190e-6, -8.177e-7, 2.415e-6, 1.733e-6, -6.824e-7
0.224, 3.803e-6, 2.731e-6, -1.072e-6, 3.841e-6, 2.679e-6, -1.161e-6, 4.214e-6, 2.999e-6, -1.215e-6, 3.934e-6, 2.743e-6, -1.191e-6, 4.115e-6, 3.000e-6, -1.115e-6, 3.270e-6, 2.358e-6, -9.119e-7, 2.920e-6, 2.142e-6, -7.779e-7, 2.377e-6, 1.716e-6, -6.614e-7
0.228, 3.704e-6, 2.675e-6, -1.029e-6, 3.806e-6, 2.663e-6, -1.143e-6, 4.089e-6, 2.927e-6, -1.161e-6, 3.897e-6, 2.726e-6, -1.171e-6, 3.990e-6, 2.925e-6, -1.064e-6, 3.238e-6, 2.344e-6, -8.937e-7, 2.836e-6, 2.094e-6, -7.423e-7, 2.342e-6, 1.699e-6, -6.432e-7
0.232, 3.611e-6, 2.621e-6, -9.891e-7, 3.773e-6, 2.646e-6, -1.127e-6, 3.972e-6, 2.859e-6, -1.113e-6, 3.863e-6, 2.710e-6, -1.153e-6, 3.870e-6, 2.852e-6, -1.019e-6, 3.207e-6, 2.330e-6, -8.773e-7, 2.759e-6, 2.048e-6, -7.108e-7, 2.310e-6, 1.682e-6, -6.279e-7
0.236, 3.522e-6, 2.569e-6, -9.534e-7, 3.742e-6, 2.628e-6, -1.113e-6, 3.861e-6, 2.793e-6, -1.068e-6, 3.832e-6, 2.694e-6, -1.138e-6, 3.760e-6, 2.782e-6, -9.775e-7, 3.179e-6, 2.317e-6, -8.627e-7, 2.687e-6, 2.005e-6, -6.823e-7, 2.279e-6, 1.666e-6, -6.137e-7
0.240, 3.438e-6, 2.519e-6, -9.195e-7, 3.711e-6, 2.611e-6, -1.100e-6, 3.757e-6, 2.731e-6, -1.026e-6, 3.801e-6, 2.678e-6, -1.123e-6, 3.654e-6, 2.716e-6, -9.376e-7, 3.152e-6, 2.304e-6, -8.487e-7, 2.619e-6, 1.964e-6, -6.552e-7, 2.251e-6, 1.651e-6, -6.006e-7
0.244, 3.358e-6, 2.470e-6, -8.880e-7, 3.677e-6, 2.590e-6, -1.087e-6, 3.656e-6, 2.668e-6, -9.882e-7, 3.767e-6, 2.659e-6, -1.109e-6, 3.553e-6, 2.650e-6, -9.031e-7, 3.126e-6, 2.289e-6, -8.365e-7, 2.555e-6, 1.924e-6, -6.310e-7, 2.224e-6, 1.634e-6, -5.893e-7
0.248, 3.281e-6, 2.423e-6, -8.577e-7, 3.642e-6, 2.569e-6, -1.073e-6, 3.563e-6, 2.609e-6, -9.533e-7, 3.737e-6, 2.641e-6, -1.096e-6, 3.460e-6, 2.589e-6, -8.710e-7, 3.101e-6, 2.275e-6, -8.257e-7, 2.495e-6, 1.886e-6, -6.088e-7, 2.198e-6, 1.620e-6, -5.780e-7
0.252, 3.207e-6, 2.375e-6, -8.315e-7, 3.603e-6, 2.543e-6, -1.060e-6, 3.470e-6, 2.549e-6, -9.207e-7, 3.701e-6, 2.618e-6, -1.083e-6, 3.368e-6, 2.528e-6, -8.407e-7, 3.074e-6, 2.259e-6, -8.153e-7, 2.437e-6, 1.849e-6, -5.884e-7, 2.171e-6, 1.604e-6, -5.671e-7
0.256, 3.134e-6, 2.329e-6, -8.049e-7, 3.562e-6, 2.516e-6, -1.046e-6, 3.383e-6, 2.493e-6, -8.896e-7, 3.665e-6, 2.595e-6, -1.069e-6, 3.284e-6, 2.470e-6, -8.139e-7, 3.050e-6, 2.244e-6, -8.060e-7, 2.383e-6, 1.813e-6, -5.694e-7, 2.145e-6, 1.588e-6, -5.571e-7
0.260, 3.060e-6, 2.281e-6, -7.786e-7, 3.513e-6, 2.485e-6, -1.028e-6, 3.296e-6, 2.436e-6, -8.595e-7, 3.624e-6, 2.570e-6, -1.054e-6, 3.200e-6, 2.413e-6, -7.871e-7, 3.023e-6, 2.227e-6, -7.958e-7, 2.328e-6, 1.778e-6, -5.503e-7, 2.118e-6, 1.571e-6, -5.467e-7
0.264, 2.988e-6, 2.235e-6, -7.534e-7, 3.463e-6, 2.452e-6, -1.010e-6, 3.211e-6, 2.381e-6, -8.298e-7, 3.579e-6, 2.541e-6, -1.038e-6, 3.119e-6, 2.357e-6, -7.613e-7, 2.996e-6, 2.209e-6, -7.860e-7, 2.275e-6, 1.743e-6, -5.321e-7, 2.090e-6, 1.554e-6, -5.360e-7
0.268, 2.916e-6, 2.188e-6, -7.279e-7, 3.405e-6, 2.415e-6, -9.901e-7, 3.128e-6, 2.326e-6, -8.018e-7, 3.531e-6, 2.511e-6, -1.020e-6, 3.041e-6, 2.304e-6, -7.371e-7, 2.967e-6, 2.191e-6, -7.758e-7, 2.224e-6, 1.709e-6, -5.152e-7, 2.061e-6, 1.536e-6, -5.249e-7
0.272, 2.847e-6, 2.143e-6, -7.040e-7, 3.348e-6, 2.379e-6, -9.686e-7, 3.048e-6, 2.274e-6, -7.737e-7, 3.481e-6, 2.480e-6, -1.002e-6, 2.967e-6, 2.253e-6, -7.136e-7, 2.939e-6, 2.173e-6, -7.657e-7, 2.175e-6, 1.677e-6, -4.982e-7, 2.031e-6, 1.518e-6, -5.131e-7
0.276, 2.776e-6, 2.098e-6, -6.783e-7, 3.283e-6, 2.338e-6, -9.444e-7, 2.968e-6, 2.222e-6, -7.457e-7, 3.427e-6, 2.446e-6, -9.818e-7, 2.893e-6, 2.202e-6, -6.910e-7, 2.908e-6, 2.153e-6, -7.558e-7, 2.125e-6, 1.644e-6, -4.813e-7, 2.000e-6, 1.499e-6, -5.009e-7
0.280, 2.708e-6, 2.054e-6, -6.545e-7, 3.218e-6, 2.299e-6, -9.192e-7, 2.889e-6, 2.170e-6, -7.181e-7, 3.371e-6, 2.411e-6, -9.603e-7, 2.823e-6, 2.154e-6, -6.686e-7, 2.876e-6, 2.131e-6, -7.446e-7, 2.077e-6, 1.612e-6, -4.646e-7, 1.969e-6, 1.480e-6, -4.886e-7
0.284, 2.641e-6, 2.010e-6, -6.307e-7, 3.150e-6, 2.256e-6, -8.933e-7, 2.813e-6, 2.121e-6, -6.925e-7, 3.312e-6, 2.374e-6, -9.387e-7, 2.755e-6, 2.107e-6, -6.487e-7, 2.843e-6, 2.109e-6, -7.346e-7, 2.029e-6, 1.580e-6, -4.488e-7, 1.936e-6, 1.460e-6, -4.761e-7
0.288, 2.574e-6, 1.967e-6, -6.069e-7, 3.079e-6, 2.213e-6, -8.655e-7, 2.737e-6, 2.072e-6, -6.649e-7, 3.250e-6, 2.336e-6, -9.146e-7, 2.688e-6, 2.061e-6, -6.270e-7, 2.808e-6, 2.085e-6, -7.231e-7, 1.980e-6, 1.548e-6, -4.320e-7, 1.902e-6, 1.439e-6, -4.624e-7
0.292, 2.511e-6, 1.925e-6, -5.856e-7, 3.007e-6, 2.169e-6, -8.385e-7, 2.664e-6, 2.025e-6, -6.397e-7, 3.188e-6, 2.296e-6, -8.914e-7, 2.624e-6, 2.017e-6, -6.073e-7, 2.773e-6, 2.061e-6, -7.116e-7, 1.934e-6, 1.518e-6, -4.163e-7, 1.867e-6, 1.418e-6, -4.490e-7
0.296, 2.447e-6, 1.886e-6, -5.619e-7, 2.936e-6, 2.127e-6, -8.093e-7, 2.594e-6, 1.979e-6, -6.145e-7, 3.124e-6, 2.258e-6, -8.664e-7, 2.564e-6, 1.976e-6, -5.879e-7, 2.737e-6, 2.038e-6, -6.995e-7, 1.889e-6, 1.489e-6, -3.998e-7, 1.832e-6, 1.397e-6, -4.349e-7
0.300, 2.388e-6, 1.847e-6, -5.415e-7, 2.866e-6, 2.084e-6, -7.813e-7, 2.525e-6, 1.935e-6, -5.900e-7, 3.058e-6, 2.217e-6, -8.417e-7, 2.504e-6, 1.935e-6, -5.695e-7, 2.698e-6, 2.011e-6, -6.873e-7, 1.843e-6, 1.458e-6, -3.841e-7, 1.796e-6, 1.375e-6, -4.211e-7
0.304, 2.331e-6, 1.810e-6, -5.210e-7, 2.795e-6, 2.042e-6, -7.533e-7, 2.459e-6, 1.893e-6, -5.663e-7, 2.993e-6, 2.177e-6, -8.159e-7, 2.448e-6, 1.897e-6, -5.513e-7, 2.659e-6, 1.985e-6, -6.744e-7, 1.798e-6, 1.430e-6, -3.688e-7, 1.760e-6, 1.353e-6, -4.073e-7
0.308, 2.278e-6, 1.776e-6, -5.021e-7, 2.727e-6, 2.001e-6, -7.260e-7, 2.396e-6, 1.853e-6, -5.439e-7, 2.928e-6, 2.137e-6, -7.914e-7, 2.395e-6, 1.860e-6, -5.350e-7, 2.621e-6, 1.958e-6, -6.626e-7, 1.756e-6, 1.402e-6, -3.543e-7, 1.725e-6, 1.331e-6, -3.935e-7
0.312, 2.226e-6, 1.742e-6, -4.841e-7, 2.659e-6, 1.960e-6, -6.990e-7, 2.335e-6, 1.813e-6, -5.221e-7, 2.862e-6, 2.097e-6, -7.655e-7, 2.343e-6, 1.824e-6, -5.189e-7, 2.580e-6, 1.931e-6, -6.492e-7, 1.714e-6, 1.374e-6, -3.397e-7, 1.688e-6, 1.309e-6, -3.794e-7
0.316, 2.178e-6, 1.710e-6, -4.685e-7, 2.593e-6, 1.919e-6, -6.734e-7, 2.278e-6, 1.776e-6, -5.026e-7, 2.797e-6, 2.056e-6, -7.416e-7, 2.294e-6, 1.790e-6, -5.041e-7, 2.540e-6, 1.903e-6, -6.372e-7, 1.674e-6, 1.348e-6, -3.263e-7, 1.653e-6, 1.286e-6, -3.666e-7
0.320, 2.134e-6, 1.680e-6, -4.535e-7, 2.530e-6, 1.881e-6, -6.485e-7, 2.225e-6, 1.741e-6, -4.839e-7, 2.734e-6, 2.017e-6, -7.167e-7, 2.249e-6, 1.759e-6, -4.898e-7, 2.499e-6, 1.876e-6, -6.240e-7, 1.634e-6, 1.321e-6, -3.124e-7, 1.617e-6, 1.264e-6, -3.531e-7
0.324, 2.089e-6, 1.651e-6, -4.386e-7, 2.467e-6, 1.843e-6, -6.234e-7, 2.172e-6, 1.707e-6, -4.650e-7, 2.669e-6, 1.977e-6, -6.922e-7, 2.202e-6, 1.727e-6, -4.758e-7, 2.457e-6, 1.846e-6, -6.109e-7, 1.595e-6, 1.295e-6, -2.992e-7, 1.582e-6, 1.242e-6, -3.397e-7
0.328, 2.051e-6, 1.625e-6, -4.264e-7, 2.410e-6, 1.809e-6, -6.016e-7, 2.124e-6, 1.675e-6, -4.487e-7, 2.609e-6, 1.940e-6, -6.695e-7, 2.163e-6, 1.698e-6, -4.647e-7, 2.418e-6, 1.819e-6, -5.988e-7, 1.560e-6, 1.272e-6, -2.880e-7, 1.549e-6, 1.221e-6, -3.273e-7
0.332, 2.013e-6, 1.600e-6, -4.135e-7, 2.354e-6, 1.774e-6, -5.795e-7, 2.077e-6, 1.645e-6, -4.322e-7, 2.548e-6, 1.902e-6, -6.460e-7, 2.121e-6, 1.670e-6, -4.517e-7, 2.375e-6, 1.790e-6, -5.849e-7, 1.525e-6, 1.249e-6, -2.753e-7, 1.514e-6, 1.199e-6, -3.148e-7
0.336, 1.980e-6, 1.576e-6, -4.035e-7, 2.301e-6, 1.742e-6, -5.595e-7, 2.035e-6, 1.617e-6, -4.186e-7, 2.492e-6, 1.867e-6, -6.250e-7, 2.085e-6, 1.643e-6, -4.418e-7, 2.337e-6, 1.763e-6, -5.739e-7, 1.493e-6, 1.228e-6, -2.653e-7, 1.482e-6, 1.179e-6, -3.032e-7
0.340, 1.949e-6, 1.555e-6, -3.940e-7, 2.254e-6, 1.712e-6, -5.417e-7, 1.995e-6, 1.591e-6, -4.048e-7, 2.437e-6, 1.833e-6, -6.037e-7, 2.049e-6, 1.618e-6, -4.313e-7, 2.296e-6, 1.735e-6, -5.613e-7, 1.462e-6, 1.207e-6, -2.550e-7, 1.451e-6, 1.159e-6, -2.921e-7
0.344, 1.920e-6, 1.534e-6, -3.852e-7, 2.207e-6, 1.682e-6, -5.246e-7, 1.959e-6, 1.565e-6, -3.935e-7, 2.385e-6, 1.800e-6, -5.848e-7, 2.017e-6, 1.594e-6, -4.227e-7, 2.258e-6, 1.709e-6, -5.495e-7, 1.433e-6, 1.187e-6, -2.460e-7, 1.421e-6, 1.139e-6, -2.820e-7
0.348, 1.892e-6, 1.514e-6, -3.774e-7, 2.163e-6, 1.655e-6, -5.083e-7, 1.924e-6, 1.542e-6, -3.829e-7, 2.335e-6, 1.768e-6, -5.667e-7, 1.986e-6, 1.572e-6, -4.141e-7, 2.222e-6, 1.683e-6, -5.390e-7, 1.405e-6, 1.168e-6, -2.371e-7, 1.393e-6, 1.121e-6, -2.720e-7
0.352, 1.866e-6, 1.498e-6, -3.686e-7, 2.124e-6, 1.630e-6, -4.934e-7, 1.892e-6, 1.520e-6, -3.717e-7, 2.288e-6, 1.739e-6, -5.492e-7, 1.956e-6, 1.551e-6, -4.055e-7, 2.185e-6, 1.658e-6, -5.270e-7, 1.380e-6, 1.151e-6, -2.286e-7, 1.365e-6, 1.103e-6, -2.627e-7
0.356, 1.845e-6, 1.480e-6, -3.648e-7, 2.089e-6, 1.607e-6, -4.815e-7, 1.863e-6, 1.500e-6, -3.632e-7, 2.245e-6, 1.710e-6, -5.342e-7, 1.930e-6, 1.531e-6, -3.988e-7, 2.151e-6, 1.634e-6, -5.178e-7, 1.357e-6, 1.135e-6, -2.223e-7, 1.341e-6, 1.086e-6, -2.548e-7
0.360, 1.823e-6, 1.465e-6, -3.575e-7, 2.055e-6, 1.586e-6, -4.695e-7, 1.835e-6, 1.480e-6, -3.554e-7, 2.204e-6, 1.685e-6, -5.195e-7, 1.904e-6, 1.512e-6, -3.923e-7, 2.119e-6, 1.611e-6, -5.083e-7, 1.335e-6, 1.119e-6, -2.153e-7, 1.317e-6, 1.070e-6, -2.470e-7
0.364, 1.803e-6, 1.451e-6, -3.517e-7, 2.024e-6, 1.565e-6, -4.587e-7, 1.809e-6, 1.462e-6, -3.467e-7, 2.165e-6, 1.660e-6, -5.058e-7, 1.880e-6, 1.494e-6, -3.855e-7, 2.087e-6, 1.588e-6, -4.989e-7, 1.313e-6, 1.105e-6, -2.087e-7, 1.294e-6, 1.055e-6, -2.393e-7
0.368, 1.786e-6, 1.437e-6, -3.488e-7, 1.996e-6, 1.546e-6, -4.499e-7, 1.786e-6, 1.445e-6, -3.408e-7, 2.131e-6, 1.637e-6, -4.942e-7, 1.857e-6, 1.477e-6, -3.801e-7, 2.058e-6, 1.567e-6, -4.909e-7, 1.295e-6, 1.091e-6, -2.039e-7, 1.274e-6, 1.041e-6, -2.331e-7
0.372, 1.768e-6, 1.424e-6, -3.441e-7, 1.970e-6, 1.528e-6, -4.419e-7, 1.765e-6, 1.429e-6, -3.358e-7, 2.099e-6, 1.615e-6, -4.840e-7, 1.837e-6, 1.462e-6, -3.758e-7, 2.030e-6, 1.547e-6, -4.833e-7, 1.278e-6, 1.079e-6, -1.995e-7, 1.256e-6, 1.028e-6, -2.279e-7
0.376, 1.751e-6, 1.412e-6, -3.392e-7, 1.947e-6, 1.513e-6, -4.340e-7, 1.746e-6, 1.416e-6, -3.301e-7, 2.069e-6, 1.595e-6, -4.738e-7, 1.819e-6, 1.448e-6, -3.713e-7, 2.005e-6, 1.528e-6, -4.763e-7, 1.261e-6, 1.067e-6, -1.946e-7, 1.238e-6, 1.016e-6, -2.224e-7
0.380, 1.739e-6, 1.402e-6, -3.366e-7, 1.928e-6, 1.499e-6, -4.289e-7, 1.728e-6, 1.402e-6, -3.252e-7, 2.042e-6, 1.576e-6, -4.658e-7, 1.801e-6, 1.433e-6, -3.673e-7, 1.980e-6, 1.510e-6, -4.701e-7, 1.247e-6, 1.056e-6, -1.910e-7, 1.223e-6, 1.005e-6, -2.181e-7
0.384, 1.724e-6, 1.392e-6, -3.323e-7, 1.908e-6, 1.486e-6, -4.218e-7, 1.710e-6, 1.390e-6, -3.196e-7, 2.016e-6, 1.560e-6, -4.568e-7, 1.783e-6, 1.421e-6, -3.626e-7, 1.956e-6, 1.493e-6, -4.633e-7, 1.233e-6, 1.046e-6, -1.869e-7, 1.207e-6, 9.942e-7, -2.131e-7
0.388, 1.712e-6, 1.383e-6, -3.289e-7, 1.891e-6, 1.474e-6, -4.171e-7, 1.694e-6, 1.378e-6, -3.161e-7, 1.993e-6, 1.543e-6, -4.501e-7, 1.768e-6, 1.409e-6, -3.594e-7, 1.936e-6, 1.477e-6, -4.585e-7, 1.220e-6, 1.036e-6, -1.837e-7, 1.195e-6, 9.847e-7, -2.099e-7
0.392, 1.702e-6, 1.374e-6, -3.274e-7, 1.878e-6, 1.464e-6, -4.144e-7, 1.682e-6, 1.368e-6, -3.132e-7, 1.973e-6, 1.528e-6, -4.442e-7, 1.755e-6, 1.398e-6, -3.566e-7, 1.916e-6, 1.462e-6, -4.537e-7, 1.209e-6, 1.028e-6, -1.816e-7, 1.183e-6, 9.761e-7, -2.068e-7
0.396, 1.693e-6, 1.367e-6, -3.261e-7, 1.865e-6, 1.454e-6, -4.110e-7, 1.669e-6, 1.359e-6, -3.108e-7, 1.955e-6, 1.515e-6, -4.392e-7, 1.742e-6, 1.388e-6, -3.541e-7, 1.898e-6, 1.448e-6, -4.498e-7, 1.200e-6, 1.020e-6, -1.794e-7, 1.172e-6, 9.679e-7, -2.042e-7
0.400, 1.681e-6, 1.360e-6, -3.211e-7, 1.851e-6, 1.445e-6, -4.055e-7, 1.656e-6, 1.350e-6, -3.059e-7, 1.936e-6, 1.503e-6, -4.326e-7, 1.728e-6, 1.379e-6, -3.498e-7, 1.880e-6, 1.435e-6, -4.450e-7, 1.190e-6, 1.013e-6, -1.762e-7, 1.161e-6, 9.604e-7, -2.005e-7
0.404, 1.673e-6, 1.353e-6, -3.198e-7, 1.840e-6, 1.437e-6, -4.033e-7, 1.646e-6, 1.343e-6, -3.039e-7, 1.919e-6, 1.491e-6, -4.281e-7, 1.718e-6, 1.370e-6, -3.486e-7, 1.864e-6, 1.422e-6, -4.418e-7, 1.182e-6, 1.007e-6, -1.747e-7, 1.152e-6, 9.534e-7, -1.988e-7
0.408, 1.665e-6, 1.348e-6, -3.178e-7, 1.831e-6, 1.429e-6, -4.019e-7, 1.637e-6, 1.335e-6, -3.016e-7, 1.905e-6, 1.480e-6, -4.243e-7, 1.707e-6, 1.361e-6, -3.461e-7, 1.849e-6, 1.411e-6, -4.384e-7, 1.174e-6, 1.000e-6, -1.732e-7, 1.144e-6, 9.473e-7, -1.967e-7
0.412, 1.655e-6, 1.342e-6, -3.135e-7, 1.821e-6, 1.423e-6, -3.981e-7, 1.627e-6, 1.329e-6, -2.978e-7, 1.890e-6, 1.470e-6, -4.194e-7, 1.697e-6, 1.355e-6, -3.426e-7, 1.835e-6, 1.400e-6, -4.348e-7, 1.166e-6, 9.955e-7, -1.705e-7, 1.135e-6, 9.413e-7, -1.941e-7
0.416, 1.651e-6, 1.338e-6, -3.125e-7, 1.815e-6, 1.419e-6, -3.966e-7, 1.620e-6, 1.324e-6, -2.965e-7, 1.878e-6, 1.462e-6, -4.160e-7, 1.689e-6, 1.348e-6, -3.412e-7, 1.822e-6, 1.389e-6, -4.327e-7, 1.159e-6, 9.905e-7, -1.689e-7, 1.129e-6, 9.362e-7, -1.927e-7
0.420, 1.642e-6, 1.332e-6, -3.094e-7, 1.806e-6, 1.413e-6, -3.935e-7, 1.609e-6, 1.317e-6, -2.921e-7, 1.863e-6, 1.452e-6, -4.111e-7, 1.677e-6, 1.340e-6, -3.370e-7, 1.807e-6, 1.379e-6, -4.280e-7, 1.152e-6, 9.852e-7, -1.664e-7, 1.121e-6, 9.308e-7, -1.901e-7
0.424, 1.638e-6, 1.330e-6, -3.077e-7, 1.801e-6, 1.409e-6, -3.919e-7, 1.605e-6, 1.314e-6, -2.902e-7, 1.853e-6, 1.446e-6, -4.075e-7, 1.670e-6, 1.335e-6, -3.348e-7, 1.796e-6, 1.370e-6, -4.258e-7, 1.147e-6, 9.822e-7, -1.648e-7, 1.116e-6, 9.272e-7, -1.887e-7
0.428, 1.634e-6, 1.328e-6, -3.060e-7, 1.796e-6, 1.407e-6, -3.893e-7, 1.600e-6, 1.312e-6, -2.884e-7, 1.844e-6, 1.440e-6, -4.047e-7, 1.664e-6, 1.331e-6, -3.334e-7, 1.786e-6, 1.362e-6, -4.240e-7, 1.143e-6, 9.794e-7, -1.635e-7, 1.111e-6, 9.240e-7, -1.872e-7
0.432, 1.628e-6, 1.325e-6, -3.034e-7, 1.790e-6, 1.403e-6, -3.874e-7, 1.594e-6, 1.308e-6, -2.861e-7, 1.834e-6, 1.433e-6, -4.013e-7, 1.657e-6, 1.326e-6, -3.310e-7, 1.775e-6, 1.354e-6, -4.214e-7, 1.139e-6, 9.762e-7, -1.628e-7, 1.106e-6, 9.205e-7, -1.855e-7
0.436, 1.624e-6, 1.323e-6, -3.013e-7, 1.787e-6, 1.401e-6, -3.862e-7, 1.589e-6, 1.306e-6, -2.831e-7, 1.825e-6, 1.427e-6, -3.976e-7, 1.650e-6, 1.322e-6, -3.282e-7, 1.764e-6, 1.346e-6, -4.183e-7, 1.134e-6, 9.742e-7, -1.603e-7, 1.101e-6, 9.170e-7, -1.841e-7
0.440, 1.621e-6, 1.322e-6, -2.985e-7, 1.783e-6, 1.400e-6, -3.830e-7, 1.585e-6, 1.306e-6, -2.798e-7, 1.816e-6, 1.422e-6, -3.940e-7, 1.644e-6, 1.319e-6, -3.249e-7, 1.754e-6, 1.339e-6, -4.150e-7, 1.130e-6, 9.723e-7, -1.575e-7, 1.097e-6, 9.155e-7, -1.817e-7
0.444, 1.618e-6, 1.322e-6, -2.959e-7, 1.781e-6, 1.400e-6, -3.813e-7, 1.583e-6, 1.305e-6, -2.776e-7, 1.809e-6, 1.418e-6, -3.910e-7, 1.640e-6, 1.317e-6, -3.238e-7, 1.746e-6, 1.332e-6, -4.133e-7, 1.128e-6, 9.714e-7, -1.570e-7, 1.095e-6, 9.139e-7, -1.814e-7
0.448, 1.615e-6, 1.323e-6, -2.928e-7, 1.778e-6, 1.400e-6, -3.780e-7, 1.579e-6, 1.305e-6, -2.740e-7, 1.802e-6, 1.415e-6, -3.871e-7, 1.634e-6, 1.314e-6, -3.194e-7, 1.737e-6, 1.326e-6, -4.108e-7, 1.125e-6, 9.705e-7, -1.540e-7, 1.092e-6, 9.126e-7, -1.789e-7
0.452, 1.615e-6, 1.324e-6, -2.908e-7, 1.777e-6, 1.400e-6, -3.772e-7, 1.578e-6, 1.307e-6, -2.718e-7, 1.797e-6, 1.413e-6, -3.845e-7, 1.631e-6, 1.314e-6, -3.176e-7, 1.730e-6, 1.321e-6, -4.090e-7, 1.124e-6, 9.708e-7, -1.532e-7, 1.090e-6, 9.122e-7, -1.778e-7
0.456, 1.613e-6, 1.326e-6, -2.876e-7, 1.775e-6, 1.402e-6, -3.732e-7, 1.577e-6, 1.308e-6, -2.690e-7, 1.791e-6, 1.410e-6, -3.809e-7, 1.628e-6, 1.313e-6, -3.150e-7, 1.723e-6, 1.317e-6, -4.068e-7, 1.123e-6, 9.717e-7, -1.509e-7, 1.088e-6, 9.117e-7, -1.765e-7
0.460, 1.613e-6, 1.328e-6, -2.845e-7, 1.775e-6, 1.404e-6, -3.710e-7, 1.575e-6, 1.309e-6, -2.660e-7, 1.786e-6, 1.408e-6, -3.781e-7, 1.625e-6, 1.312e-6, -3.128e-7, 1.716e-6, 1.311e-6, -4.049e-7, 1.122e-6, 9.727e-7, -1.489e-7, 1.087e-6, 9.123e-7, -1.748e-7
0.464, 1.612e-6, 1.331e-6, -2.808e-7, 1.774e-6, 1.406e-6, -3.678e-7, 1.575e-6, 1.313e-6, -2.622e-7, 1.781e-6, 1.408e-6, -3.734e-7, 1.622e-6, 1.313e-6, -3.090e-7, 1.710e-6, 1.308e-6, -4.018e-7, 1.121e-6, 9.750e-7, -1.464e-7, 1.085e-6, 9.128e-7, -1.724e-7
0.468, 1.613e-6, 1.335e-6, -2.782e-7, 1.775e-6, 1.409e-6, -3.653e-7, 1.574e-6, 1.316e-6, -2.582e-7, 1.777e-6, 1.407e-6, -3.702e-7, 1.620e-6, 1.314e-6, -3.058e-7, 1.703e-6, 1.304e-6, -3.989e-7, 1.121e-6, 9.766e-7, -1.445e-7, 1.085e-6, 9.143e-7, -1.709e-7
0.472, 1.615e-6, 1.340e-6, -2.756e-7, 1.775e-6, 1.413e-6, -3.623e-7, 1.575e-6, 1.320e-6, -2.552e-7, 1.774e-6, 1.407e-6, -3.668e-7, 1.618e-6, 1.315e-6, -3.025e-7, 1.698e-6, 1.301e-6, -3.977e-7, 1.122e-6, 9.794e-7, -1.422e-7, 1.086e-6, 9.158e-7, -1.698e-7
0.476, 1.615e-6, 1.344e-6, -2.714e-7, 1.776e-6, 1.417e-6, -3.593e-7, 1.574e-6, 1.324e-6, -2.508e-7, 1.770e-6, 1.407e-6, -3.627e-7, 1.617e-6, 1.318e-6, -2.986e-7, 1.693e-6, 1.298e-6, -3.950e-7, 1.122e-6, 9.831e-7, -1.391e-7, 1.086e-6, 9.187e-7, -1.671e-7
0.480, 1.617e-6, 1.349e-6, -2.680e-7, 1.776e-6, 1.421e-6, -3.557e-7, 1.575e-6, 1.328e-6, -2.475e-7, 1.768e-6, 1.408e-6, -3.594e-7, 1.615e-6, 1.320e-6, -2.955e-7, 1.689e-6, 1.296e-6, -3.930e-7, 1.124e-6, 9.874e-7, -1.368e-7, 1.087e-6, 9.214e-7, -1.654e-7
0.484, 1.620e-6, 1.355e-6, -2.650e-7, 1.779e-6, 1.426e-6, -3.532e-7, 1.576e-6, 1.332e-6, -2.443e-7, 1.766e-6, 1.410e-6, -3.564e-7, 1.616e-6, 1.323e-6, -2.927e-7, 1.684e-6, 1.294e-6, -3.907e-7, 1.127e-6, 9.917e-7, -1.353e-7, 1.088e-6, 9.243e-7, -1.641e-7
0.488, 1.622e-6, 1.361e-6, -2.609e-7, 1.782e-6, 1.432e-6, -3.501e-7, 1.577e-6, 1.337e-6, -2.399e-7, 1.764e-6, 1.411e-6, -3.525e-7, 1.614e-6, 1.326e-6, -2.879e-7, 1.681e-6, 1.293e-6, -3.882e-7, 1.128e-6, 9.967e-7, -1.317e-7, 1.091e-6, 9.291e-7, -1.620e-7
0.492, 1.624e-6, 1.367e-6, -2.571e-7, 1.782e-6, 1.436e-6, -3.459e-7, 1.576e-6, 1.340e-6, -2.357e-7, 1.761e-6, 1.412e-6, -3.489e-7, 1.614e-6, 1.329e-6, -2.843e-7, 1.676e-6, 1.290e-6, -3.859e-7, 1.130e-6, 1.001e-6, -1.292e-7, 1.092e-6, 9.324e-7, -1.594e-7
0.496, 1.627e-6, 1.374e-6, -2.531e-7, 1.784e-6, 1.441e-6, -3.425e-7, 1.577e-6, 1.345e-6, -2.315e-7, 1.759e-6, 1.415e-6, -3.448e-7, 1.613e-6, 1.333e-6, -2.800e-7, 1.674e-6, 1.291e-6, -3.834e-7, 1.133e-6, 1.007e-6, -1.261e-7, 1.094e-6, 9.369e-7, -1.575e-7
0.500, 1.629e-6, 1.380e-6, -2.488e-7, 1.786e-6, 1.448e-6, -3.384e-7, 1.576e-6, 1.350e-6, -2.264e-7, 1.758e-6, 1.418e-6, -3.407e-7, 1.613e-6, 1.337e-6, -2.754e-7, 1.671e-6, 1.290e-6, -3.806e-7, 1.136e-6, 1.014e-6, -1.224e-7, 1.098e-6, 9.428e-7, -1.549e-7
0.504, 1.631e-6, 1.387e-6, -2.434e-7, 1.787e-6, 1.453e-6, -3.341e-7, 1.575e-6, 1.353e-6, -2.217e-7, 1.756e-6, 1.419e-6, -3.366e-7, 1.613e-6, 1.342e-6, -2.709e-7, 1.669e-6, 1.290e-6, -3.785e-7, 1.139e-6, 1.020e-6, -1.189e-7, 1.100e-6, 9.482e-7, -1.522e-7
0.508, 1.631e-6, 1.393e-6, -2.380e-7, 1.787e-6, 1.458e-6, -3.288e-7, 1.572e-6, 1.357e-6, -2.158e-7, 1.753e-6, 1.421e-6, -3.313e-7, 1.610e-6, 1.345e-6, -2.653e-7, 1.666e-6, 1.291e-6, -3.749e-7, 1.139e-6, 1.025e-6, -1.142e-7, 1.102e-6, 9.536e-7, -1.488e-7
0.512, 1.634e-6, 1.400e-6, -2.339e-7, 1.789e-6, 1.464e-6, -3.256e-7, 1.572e-6, 1.360e-6, -2.121e-7, 1.753e-6, 1.424e-6, -3.284e-7, 1.611e-6, 1.350e-6, -2.609e-7, 1.664e-6, 1.291e-6, -3.730e-7, 1.144e-6, 1.032e-6, -1.118e-7, 1.106e-6, 9.599e-7, -1.465e-7
0.516, 1.634e-6, 1.406e-6, -2.283e-7, 1.789e-6, 1.469e-6, -3.206e-7, 1.569e-6, 1.363e-6, -2.064e-7, 1.750e-6, 1.426e-6, -3.238e-7, 1.610e-6, 1.355e-6, -2.559e-7, 1.663e-6, 1.292e-6, -3.701e-7, 1.147e-6, 1.039e-6, -1.077e-7, 1.110e-6, 9.670e-7, -1.427e-7
0.520, 1.635e-6, 1.413e-6, -2.226e-7, 1.790e-6, 1.474e-6, -3.162e-7, 1.567e-6, 1.366e-6, -2.009e-7, 1.749e-6, 1.429e-6, -3.196e-7, 1.610e-6, 1.360e-6, -2.505e-7, 1.662e-6, 1.295e-6, -3.673e-7, 1.149e-6, 1.046e-6, -1.032e-7, 1.113e-6, 9.737e-7, -1.398e-7
0.524, 1.634e-6, 1.417e-6, -2.167e-7, 1.789e-6, 1.478e-6, -3.115e-7, 1.562e-6, 1.367e-6, -1.955e-7, 1.746e-6, 1.431e-6, -3.152e-7, 1.609e-6, 1.363e-6, -2.455e-7, 1.660e-6, 1.296e-6, -3.637e-7, 1.151e-6, 1.052e-6, -9.938e-8, 1.117e-6, 9.801e-7, -1.366e-7
0.528, 1.635e-6, 1.423e-6, -2.121e-7, 1.790e-6, 1.483e-6, -3.069e-7, 1.560e-6, 1.369e-6, -1.908e-7, 1.745e-6, 1.434e-6, -3.110e-7, 1.609e-6, 1.369e-6, -2.400e-7, 1.659e-6, 1.299e-6, -3.605e-7, 1.153e-6, 1.058e-6, -9.496e-8, 1.121e-6, 9.877e-7, -1.333e-7
0.532, 1.632e-6, 1.427e-6, -2.056e-7, 1.788e-6, 1.487e-6, -3.015e-7, 1.555e-6, 1.370e-6, -1.852e-7, 1.741e-6, 1.435e-6, -3.060e-7, 1.606e-6, 1.372e-6, -2.345e-7, 1.657e-6, 1.300e-6, -3.570e-7, 1.154e-6, 1.064e-6, -8.999e-8, 1.123e-6, 9.939e-7, -1.290e-7
0.536, 1.630e-6, 1.431e-6, -1.996e-7, 1.787e-6, 1.490e-6, -2.966e-7, 1.549e-6, 1.370e-6, -1.795e-7, 1.738e-6, 1.437e-6, -3.015e-7, 1.605e-6, 1.377e-6, -2.286e-7, 1.657e-6, 1.303e-6, -3.535e-7, 1.156e-6, 1.070e-6, -8.557e-8, 1.126e-6, 1.001e-6, -1.253e-7
0.540, 1.627e-6, 1.433e-6, -1.932e-7, 1.785e-6, 1.493e-6, -2.920e-7, 1.545e-6, 1.370e-6, -1.748e-7, 1.736e-6, 1.439e-6, -2.973e-7, 1.603e-6, 1.380e-6, -2.232e-7, 1.657e-6, 1.306e-6, -3.503e-7, 1.156e-6, 1.075e-6, -8.061e-8, 1.129e-6, 1.008e-6, -1.213e-7
0.544, 1.622e-6, 1.436e-6, -1.862e-7, 1.782e-6, 1.496e-6, -2.859e-7, 1.537e-6, 1.369e-6, -1.680e-7, 1.732e-6, 1.440e-6, -2.918e-7, 1.598e-6, 1.383e-6, -2.157e-7, 1.654e-6, 1.309e-6, -3.448e-7, 1.155e-6, 1.080e-6, -7.490e-8, 1.130e-6, 1.014e-6, -1.161e-7
0.548, 1.619e-6, 1.438e-6, -1.811e-7, 1.781e-6, 1.499e-6, -2.817e-7, 1.533e-6, 1.369e-6, -1.636e-7, 1.729e-6, 1.441e-6, -2.880e-7, 1.598e-6, 1.386e-6, -2.117e-7, 1.655e-6, 1.313e-6, -3.423e-7, 1.155e-6, 1.085e-6, -7.070e-8, 1.132e-6, 1.020e-6, -1.123e-7
0.552, 1.612e-6, 1.438e-6, -1.739e-7, 1.776e-6, 1.500e-6, -2.756e-7, 1.526e-6, 1.368e-6, -1.575e-7, 1.725e-6, 1.442e-6, -2.827e-7, 1.594e-6, 1.389e-6, -2.047e-7, 1.654e-6, 1.317e-6, -3.377e-7, 1.154e-6, 1.089e-6, -6.488e-8, 1.133e-6, 1.026e-6, -1.072e-7
0.556, 1.608e-6, 1.440e-6, -1.680e-7, 1.772e-6, 1.501e-6, -2.711e-7, 1.518e-6, 1.366e-6, -1.519e-7, 1.721e-6, 1.443e-6, -2.779e-7, 1.589e-6, 1.391e-6, -1.985e-7, 1.653e-6, 1.320e-6, -3.335e-7, 1.152e-6, 1.092e-6, -6.039e-8, 1.133e-6, 1.031e-6, -1.023e-7
0.560, 1.601e-6, 1.440e-6, -1.616e-7, 1.768e-6, 1.502e-6, -2.651e-7, 1.512e-6, 1.365e-6, -1.472e-7, 1.716e-6, 1.443e-6, -2.731e-7, 1.586e-6, 1.393e-6, -1.926e-7, 1.652e-6, 1.323e-6, -3.291e-7, 1.149e-6, 1.094e-6, -5.486e-8, 1.134e-6, 1.036e-6, -9.779e-8
0.564, 1.594e-6, 1.439e-6, -1.552e-7, 1.763e-6, 1.503e-6, -2.605e-7, 1.506e-6, 1.363e-6, -1.429e-7, 1.712e-6, 1.444e-6, -2.687e-7, 1.583e-6, 1.395e-6, -1.879e-7, 1.651e-6, 1.326e-6, -3.254e-7, 1.147e-6, 1.097e-6, -5.018e-8, 1.134e-6, 1.041e-6, -9.319e-8
0.568, 1.588e-6, 1.439e-6, -1.494e-7, 1.759e-6, 1.503e-6, -2.553e-7, 1.500e-6, 1.362e-6, -1.378e-7, 1.708e-6, 1.444e-6, -2.639e-7, 1.579e-6, 1.397e-6, -1.816e-7, 1.650e-6, 1.330e-6, -3.201e-7, 1.144e-6, 1.099e-6, -4.478e-8, 1.133e-6, 1.045e-6, -8.793e-8
0.572, 1.579e-6, 1.437e-6, -1.422e-7, 1.752e-6, 1.503e-6, -2.495e-7, 1.493e-6, 1.360e-6, -1.329e-7, 1.703e-6, 1.444e-6, -2.589e-7, 1.574e-6, 1.398e-6, -1.758e-7, 1.648e-6, 1.333e-6, -3.153e-7, 1.140e-6, 1.100e-6, -3.978e-8, 1.131e-6, 1.048e-6, -8.291e-8
0.576, 1.571e-6, 1.435e-6, -1.358e-7, 1.747e-6, 1.503e-6, -2.444e-7, 1.486e-6, 1.358e-6, -1.280e-7, 1.698e-6, 1.445e-6, -2.535e-7, 1.570e-6, 1.400e-6, -1.700e-7, 1.647e-6, 1.337e-6, -3.101e-7, 1.136e-6, 1.101e-6, -3.443e-8, 1.129e-6, 1.052e-6, -7.724e-8
0.580, 1.563e-6, 1.434e-6, -1.289e-7, 1.740e-6, 1.501e-6, -2.382e-7, 1.479e-6, 1.356e-6, -1.224e-7, 1.692e-6, 1.444e-6, -2.481e-7, 1.564e-6, 1.400e-6, -1.634e-7, 1.644e-6, 1.339e-6, -3.046e-7, 1.130e-6, 1.102e-6, -2.814e-8, 1.125e-6, 1.053e-6, -7.205e-8
0.584, 1.556e-6, 1.433e-6, -1.239e-7, 1.736e-6, 1.502e-6, -2.339e-7, 1.475e-6, 1.356e-6, -1.187e-7, 1.689e-6, 1.445e-6, -2.442e-7, 1.561e-6, 1.402e-6, -1.588e-7, 1.644e-6, 1.343e-6, -3.001e-7, 1.127e-6, 1.102e-6, -2.423e-8, 1.123e-6, 1.056e-6, -6.705e-8
0.588, 1.548e-6, 1.431e-6, -1.173e-7, 1.728e-6, 1.500e-6, -2.278e-7, 1.469e-6, 1.355e-6, -1.141e-7, 1.684e-6, 1.445e-6, -2.389e-7, 1.555e-6, 1.402e-6, -1.535e-7, 1.641e-6, 1.346e-6, -2.950e-7, 1.122e-6, 1.103e-6, -1.934e-8, 1.120e-6, 1.058e-6, -6.215e-8
0.592, 1.541e-6, 1.429e-6, -1.116e-7, 1.724e-6, 1.501e-6, -2.239e-7, 1.465e-6, 1.354e-6, -1.104e-7, 1.680e-6, 1.445e-6, -2.344e-7, 1.552e-6, 1.403e-6, -1.483e-7, 1.639e-6, 1.349e-6, -2.897e-7, 1.117e-6, 1.102e-6, -1.488e-8, 1.116e-6, 1.059e-6, -5.702e-8
0.596, 1.534e-6, 1.428e-6, -1.066e-7, 1.718e-6, 1.499e-6, -2.184e-7, 1.461e-6, 1.354e-6, -1.069e-7, 1.676e-6, 1.446e-6, -2.298e-7, 1.547e-6, 1.404e-6, -1.430e-7, 1.636e-6, 1.352e-6, -2.846e-7, 1.113e-6, 1.103e-6, -1.050e-8, 1.112e-6, 1.060e-6, -5.170e-8
0.600, 1.527e-6, 1.427e-6, -1.005e-7, 1.712e-6, 1.499e-6, -2.136e-7, 1.458e-6, 1.354e-6, -1.034e-7, 1.672e-6, 1.447e-6, -2.252e-7, 1.544e-6, 1.405e-6, -1.385e-7, 1.634e-6, 1.355e-6, -2.790e-7, 1.109e-6, 1.103e-6, -6.317e-9, 1.108e-6, 1.061e-6, -4.653e-8
0.604, 1.519e-6, 1.424e-6, -9.479e-8, 1.705e-6, 1.497e-6, -2.075e-7, 1.452e-6, 1.353e-6, -9.868e-8, 1.667e-6, 1.447e-6, -2.193e-7, 1.538e-6, 1.406e-6, -1.324e-7, 1.630e-6, 1.357e-6, -2.731e-7, 1.102e-6, 1.101e-6, -1.293e-9, 1.103e-6, 1.061e-6, -4.183e-8
0.608, 1.515e-6, 1.424e-6, -9.068e-8, 1.702e-6, 1.498e-6, -2.042e-7, 1.449e-6, 1.354e-6, -9.544e-8, 1.664e-6, 1.448e-6, -2.156e-7, 1.535e-6, 1.406e-6, -1.290e-7, 1.628e-6, 1.360e-6, -2.679e-7, 1.100e-6, 1.102e-6, 1.981e-9, 1.099e-6, 1.062e-6, -3.708e-8
0.612, 1.509e-6, 1.423e-6, -8.573e-8, 1.697e-6, 1.498e-6, -1.988e-7, 1.447e-6, 1.355e-6, -9.220e-8, 1.661e-6, 1.449e-6, -2.112e-7, 1.532e-6, 1.407e-6, -1.247e-7, 1.625e-6, 1.362e-6, -2.629e-7, 1.095e-6, 1.101e-6, 5.786e-9, 1.094e-6, 1.061e-6, -3.225e-8
0.616, 1.503e-6, 1.423e-6, -7.995e-8, 1.691e-6, 1.497e-6, -1.940e-7, 1.445e-6, 1.356e-6, -8.878e-8, 1.658e-6, 1.451e-6, -2.064e-7, 1.528e-6, 1.408e-6, -1.201e-7, 1.622e-6, 1.365e-6, -2.573e-7, 1.092e-6, 1.101e-6, 9.639e-9, 1.089e-6, 1.062e-6, -2.741e-8
0.620, 1.499e-6, 1.423e-6, -7.584e-8, 1.688e-6, 1.498e-6, -1.903e-7, 1.443e-6, 1.357e-6, -8.520e-8, 1.655e-6, 1.453e-6, -2.019e-7, 1.526e-6, 1.410e-6, -1.160e-7, 1.619e-6, 1.367e-6, -2.512e-7, 1.088e-6, 1.101e-6, 1.265e-8, 1.084e-6, 1.061e-6, -2.259e-8
0.624, 1.494e-6, 1.424e-6, -7.059e-8, 1.683e-6, 1.499e-6, -1.848e-7, 1.442e-6, 1.360e-6, -8.172e-8, 1.653e-6, 1.456e-6, -1.966e-7, 1.523e-6, 1.412e-6, -1.115e-7, 1.616e-6, 1.370e-6, -2.455e-7, 1.085e-6, 1.102e-6, 1.683e-8, 1.080e-6, 1.062e-6, -1.795e-8
0.628, 1.491e-6, 1.425e-6, -6.623e-8, 1.680e-6, 1.500e-6, -1.801e-7, 1.442e-6, 1.363e-6, -7.870e-8, 1.652e-6, 1.459e-6, -1.924e-7, 1.521e-6, 1.413e-6, -1.078e-7, 1.613e-6, 1.373e-6, -2.400e-7, 1.083e-6, 1.103e-6, 2.010e-8, 1.075e-6, 1.062e-6, -1.297e-8
0.632, 1.489e-6, 1.427e-6, -6.186e-8, 1.676e-6, 1.502e-6, -1.744e-7, 1.442e-6, 1.366e-6, -7.606e-8, 1.650e-6, 1.462e-6, -1.879e-7, 1.519e-6, 1.416e-6, -1.037e-7, 1.610e-6, 1.375e-6, -2.349e-7, 1.080e-6, 1.103e-6, 2.268e-8, 1.071e-6, 1.062e-6, -9.236e-9
0.636, 1.486e-6, 1.429e-6, -5.691e-8, 1.673e-6, 1.503e-6, -1.697e-7, 1.442e-6, 1.370e-6, -7.249e-8, 1.649e-6, 1.466e-6, -1.833e-7, 1.517e-6, 1.418e-6, -9.922e-8, 1.607e-6, 1.378e-6, -2.290e-7, 1.079e-6, 1.105e-6, 2.646e-8, 1.067e-6, 1.062e-6, -4.773e-9
0.640, 1.485e-6, 1.431e-6, -5.360e-8, 1.672e-6, 1.506e-6, -1.661e-7, 1.445e-6, 1.374e-6, -7.031e-8, 1.649e-6, 1.470e-6, -1.799e-7, 1.518e-6, 1.421e-6, -9.717e-8, 1.605e-6, 1.381e-6, -2.244e-7, 1.078e-6, 1.106e-6, 2.842e-8, 1.064e-6, 1.062e-6, -1.499e-9
0.644, 1.483e-6, 1.434e-6, -4.866e-8, 1.669e-6, 1.508e-6, -1.607e-7, 1.447e-6, 1.379e-6, -6.739e-8, 1.649e-6, 1.474e-6, -1.754e-7, 1.518e-6, 1.425e-6, -9.344e-8, 1.604e-6, 1.384e-6, -2.191e-7, 1.078e-6, 1.109e-6, 3.109e-8, 1.061e-6, 1.063e-6, 2.079e-9
0.648, 1.482e-6, 1.438e-6, -4.387e-8, 1.668e-6, 1.512e-6, -1.559e-7, 1.449e-6, 1.385e-6, -6.417e-8, 1.651e-6, 1.480e-6, -1.711e-7, 1.519e-6, 1.429e-6, -9.006e-8, 1.601e-6, 1.387e-6, -2.137e-7, 1.077e-6, 1.111e-6, 3.416e-8, 1.058e-6, 1.064e-6, 6.198e-9
0.652, 1.481e-6, 1.441e-6, -4.026e-8, 1.667e-6, 1.515e-6, -1.516e-7, 1.452e-6, 1.390e-6, -6.181e-8, 1.652e-6, 1.484e-6, -1.675e-7, 1.519e-6, 1.432e-6, -8.696e-8, 1.600e-6, 1.391e-6, -2.089e-7, 1.077e-6, 1.114e-6, 3.661e-8, 1.055e-6, 1.065e-6, 9.423e-9
0.656, 1.484e-6, 1.447e-6, -3.657e-8, 1.667e-6, 1.520e-6, -1.469e-7, 1.456e-6, 1.398e-6, -5.802e-8, 1.654e-6, 1.491e-6, -1.627e-7, 1.521e-6, 1.438e-6, -8.317e-8, 1.599e-6, 1.395e-6, -2.036e-7, 1.079e-6, 1.118e-6, 3.887e-8, 1.053e-6, 1.067e-6, 1.349e-8
0.660, 1.485e-6, 1.452e-6, -3.284e-8, 1.668e-6, 1.525e-6, -1.431e-7, 1.461e-6, 1.406e-6, -5.572e-8, 1.656e-6, 1.497e-6, -1.590e-7, 1.522e-6, 1.443e-6, -7.985e-8, 1.598e-6, 1.399e-6, -1.988e-7, 1.079e-6, 1.120e-6, 4.160e-8, 1.051e-6, 1.068e-6, 1.669e-8
0.664, 1.488e-6, 1.459e-6, -2.849e-8, 1.669e-6, 1.531e-6, -1.378e-7, 1.465e-6, 1.413e-6, -5.198e-8, 1.659e-6, 1.505e-6, -1.542e-7, 1.526e-6, 1.449e-6, -7.671e-8, 1.597e-6, 1.404e-6, -1.932e-7, 1.081e-6, 1.125e-6, 4.413e-8, 1.050e-6, 1.070e-6, 2.054e-8
0.668, 1.489e-6, 1.465e-6, -2.468e-8, 1.669e-6, 1.536e-6, -1.331e-7, 1.471e-6, 1.422e-6, -4.902e-8, 1.662e-6, 1.512e-6, -1.499e-7, 1.528e-6, 1.455e-6, -7.354e-8, 1.596e-6, 1.408e-6, -1.881e-7, 1.083e-6, 1.130e-6, 4.619e-8, 1.049e-6, 1.072e-6, 2.313e-8
0.672, 1.493e-6, 1.472e-6, -2.048e-8, 1.670e-6, 1.542e-6, -1.278e-7, 1.477e-6, 1.431e-6, -4.601e-8, 1.666e-6, 1.520e-6, -1.460e-7, 1.532e-6, 1.462e-6, -6.993e-8, 1.596e-6, 1.413e-6, -1.837e-7, 1.086e-6, 1.135e-6, 4.891e-8, 1.048e-6, 1.075e-6, 2.630e-8
0.676, 1.497e-6, 1.481e-6, -1.626e-8, 1.674e-6, 1.551e-6, -1.233e-7, 1.486e-6, 1.443e-6, -4.310e-8, 1.672e-6, 1.531e-6, -1.410e-7, 1.537e-6, 1.470e-6, -6.641e-8, 1.597e-6, 1.419e-6, -1.782e-7, 1.091e-6, 1.142e-6, 5.105e-8, 1.049e-6, 1.079e-6, 2.990e-8
0.680, 1.502e-6, 1.490e-6, -1.165e-8, 1.677e-6, 1.559e-6, -1.180e-7, 1.495e-6, 1.455e-6, -3.989e-8, 1.678e-6, 1.541e-6, -1.369e-7, 1.543e-6, 1.479e-6, -6.339e-8, 1.598e-6, 1.425e-6, -1.735e-7, 1.095e-6, 1.149e-6, 5.389e-8, 1.050e-6, 1.083e-6, 3.294e-8
0.684, 1.508e-6, 1.500e-6, -7.558e-9, 1.681e-6, 1.568e-6, -1.129e-7, 1.504e-6, 1.468e-6, -3.613e-8, 1.685e-6, 1.552e-6, -1.328e-7, 1.549e-6, 1.488e-6, -6.064e-8, 1.599e-6, 1.431e-6, -1.686e-7, 1.101e-6, 1.157e-6, 5.583e-8, 1.051e-6, 1.087e-6, 3.575e-8
0.688, 1.515e-6, 1.511e-6, -3.566e-9, 1.687e-6, 1.579e-6, -1.085e-7, 1.515e-6, 1.483e-6, -3.268e-8, 1.693e-6, 1.564e-6, -1.286e-7, 1.557e-6, 1.500e-6, -5.688e-8, 1.602e-6, 1.439e-6, -1.637e-7, 1.108e-6, 1.166e-6, 5.797e-8, 1.054e-6, 1.092e-6, 3.838e-8
0.692, 1.523e-6, 1.523e-6, 6.022e-10, 1.693e-6, 1.590e-6, -1.036e-7, 1.527e-6, 1.498e-6, -2.924e-8, 1.701e-6, 1.577e-6, -1.240e-7, 1.565e-6, 1.511e-6, -5.398e-8, 1.606e-6, 1.447e-6, -1.591e-7, 1.115e-6, 1.176e-6, 6.060e-8, 1.056e-6, 1.098e-6, 4.126e-8
0.696, 1.530e-6, 1.536e-6, 5.744e-9, 1.698e-6, 1.601e-6, -9.672e-8, 1.539e-6, 1.514e-6, -2.519e-8, 1.710e-6, 1.591e-6, -1.190e-7, 1.572e-6, 1.523e-6, -4.902e-8, 1.608e-6, 1.454e-6, -1.533e-7, 1.122e-6, 1.185e-6, 6.365e-8, 1.059e-6, 1.103e-6, 4.484e-8
0.700, 1.540e-6, 1.550e-6, 1.025e-8, 1.707e-6, 1.615e-6, -9.267e-8, 1.555e-6, 1.533e-6, -2.220e-8, 1.721e-6, 1.607e-6, -1.143e-7, 1.584e-6, 1.538e-6, -4.653e-8, 1.612e-6, 1.463e-6, -1.492e-7, 1.132e-6, 1.198e-6, 6.621e-8, 1.063e-6, 1.110e-6, 4.741e-8
0.704, 1.549e-6, 1.565e-6, 1.676e-8, 1.713e-6, 1.628e-6, -8.541e-8, 1.571e-6, 1.554e-6, -1.710e-8, 1.732e-6, 1.623e-6, -1.094e-7, 1.595e-6, 1.553e-6, -4.227e-8, 1.617e-6, 1.473e-6, -1.437e-7, 1.142e-6, 1.211e-6, 6.912e-8, 1.068e-6, 1.119e-6, 5.086e-8
0.708, 1.561e-6, 1.582e-6, 2.119e-8, 1.723e-6, 1.643e-6, -7.982e-8, 1.589e-6, 1.576e-6, -1.317e-8, 1.745e-6, 1.641e-6, -1.040e-7, 1.607e-6, 1.569e-6, -3.769e-8, 1.621e-6, 1.484e-6, -1.379e-7, 1.153e-6, 1.225e-6, 7.206e-8, 1.073e-6, 1.127e-6, 5.403e-8
0.712, 1.574e-6, 1.601e-6, 2.690e-8, 1.734e-6, 1.660e-6, -7.392e-8, 1.610e-6, 1.601e-6, -9.159e-9, 1.760e-6, 1.660e-6, -9.936e-8, 1.623e-6, 1.589e-6, -3.411e-8, 1.630e-6, 1.496e-6, -1.337e-7, 1.166e-6, 1.242e-6, 7.518e-8, 1.079e-6, 1.136e-6, 5.690e-8
0.716, 1.590e-6, 1.622e-6, 3.220e-8, 1.746e-6, 1.679e-6, -6.770e-8, 1.633e-6, 1.629e-6, -4.558e-9, 1.776e-6, 1.682e-6, -9.405e-8, 1.640e-6, 1.610e-6, -2.960e-8, 1.636e-6, 1.508e-6, -1.281e-7, 1.182e-6, 1.260e-6, 7.807e-8, 1.087e-6, 1.147e-6, 6.025e-8
0.720, 1.609e-6, 1.645e-6, 3.574e-8, 1.761e-6, 1.698e-6, -6.231e-8, 1.660e-6, 1.659e-6, -6.747e-10, 1.795e-6, 1.705e-6, -8.942e-8, 1.659e-6, 1.634e-6, -2.562e-8, 1.647e-6, 1.523e-6, -1.236e-7, 1.199e-6, 1.280e-6, 8.031e-8, 1.096e-6, 1.159e-6, 6.309e-8
0.724, 1.626e-6, 1.670e-6, 4.352e-8, 1.774e-6, 1.720e-6, -5.421e-8, 1.688e-6, 1.692e-6, 4.437e-9, 1.814e-6, 1.730e-6, -8.362e-8, 1.681e-6, 1.659e-6, -2.141e-8, 1.656e-6, 1.538e-6, -1.184e-7, 1.218e-6, 1.302e-6, 8.399e-8, 1.106e-6, 1.172e-6, 6.629e-8
0.728, 1.649e-6, 1.699e-6, 5.009e-8, 1.793e-6, 1.746e-6, -4.748e-8, 1.720e-6, 1.731e-6, 1.037e-8, 1.836e-6, 1.759e-6, -7.735e-8, 1.705e-6, 1.689e-6, -1.589e-8, 1.668e-6, 1.556e-6, -1.122e-7, 1.238e-6, 1.327e-6, 8.847e-8, 1.116e-6, 1.186e-6, 7.024e-8
0.732, 1.674e-6, 1.730e-6, 5.567e-8, 1.812e-6, 1.771e-6, -4.046e-8, 1.757e-6, 1.772e-6, 1.482e-8, 1.861e-6, 1.790e-6, -7.174e-8, 1.732e-6, 1.721e-6, -1.088e-8, 1.682e-6, 1.574e-6, -1.073e-7, 1.263e-6, 1.354e-6, 9.134e-8, 1.129e-6, 1.203e-6, 7.337e-8
0.736, 1.701e-6, 1.764e-6, 6.279e-8, 1.832e-6, 1.800e-6, -3.203e-8, 1.796e-6, 1.818e-6, 2.150e-8, 1.888e-6, 1.823e-6, -6.487e-8, 1.761e-6, 1.757e-6, -4.165e-9, 1.696e-6, 1.595e-6, -1.006e-7, 1.288e-6, 1.385e-6, 9.683e-8, 1.143e-6, 1.221e-6, 7.795e-8
0.740, 1.731e-6, 1.802e-6, 7.105e-8, 1.855e-6, 1.832e-6, -2.310e-8, 1.841e-6, 1.868e-6, 2.766e-8, 1.918e-6, 1.859e-6, -5.856e-8, 1.796e-6, 1.797e-6, 1.291e-9, 1.713e-6, 1.618e-6, -9.523e-8, 1.318e-6, 1.419e-6, 1.007e-7, 1.158e-6, 1.240e-6, 8.214e-8
0.744, 1.767e-6, 1.845e-6, 7.816e-8, 1.882e-6, 1.867e-6, -1.538e-8, 1.890e-6, 1.926e-6, 3.527e-8, 1.951e-6, 1.900e-6, -5.056e-8, 1.834e-6, 1.842e-6, 8.095e-9, 1.733e-6, 1.644e-6, -8.839e-8, 1.351e-6, 1.457e-6, 1.063e-7, 1.176e-6, 1.262e-6, 8.649e-8
0.748, 1.805e-6, 1.891e-6, 8.637e-8, 1.911e-6, 1.904e-6, -6.425e-9, 1.946e-6, 1.989e-6, 4.317e-8, 1.987e-6, 1.943e-6, -4.338e-8, 1.876e-6, 1.891e-6, 1.479e-8, 1.754e-6, 1.672e-6, -8.223e-8, 1.388e-6, 1.499e-6, 1.107e-7, 1.195e-6, 1.286e-6, 9.089e-8
0.752, 1.847e-6, 1.943e-6, 9.574e-8, 1.944e-6, 1.947e-6, 2.570e-9, 2.007e-6, 2.059e-6, 5.110e-8, 2.028e-6, 1.992e-6, -3.544e-8, 1.925e-6, 1.947e-6, 2.198e-8, 1.780e-6, 1.704e-6, -7.590e-8, 1.430e-6, 1.547e-6, 1.167e-7, 1.217e-6, 1.313e-6, 9.590e-8
0.756, 1.897e-6, 2.000e-6, 1.035e-7, 1.980e-6, 1.992e-6, 1.210e-8, 2.075e-6, 2.135e-6, 6.026e-8, 2.072e-6, 2.045e-6, -2.670e-8, 1.976e-6, 2.007e-6, 3.092e-8, 1.807e-6, 1.738e-6, -6.872e-8, 1.475e-6, 1.599e-6, 1.235e-7, 1.242e-6, 1.343e-6, 1.010e-7
0.760, 1.949e-6, 2.063e-6, 1.143e-7, 2.017e-6, 2.042e-6, 2.434e-8, 2.151e-6, 2.222e-6, 7.039e-8, 2.120e-6, 2.103e-6, -1.689e-8, 2.035e-6, 2.075e-6, 4.017e-8, 1.837e-6, 1.776e-6, -6.111e-8, 1.525e-6, 1.657e-6, 1.312e-7, 1.268e-6, 1.375e-6, 1.069e-7
0.764, 2.004e-6, 2.131e-6, 1.268e-7, 2.057e-6, 2.094e-6, 3.706e-8, 2.233e-6, 2.316e-6, 8.276e-8, 2.172e-6, 2.166e-6, -5.876e-9, 2.099e-6, 2.150e-6, 5.105e-8, 1.871e-6, 1.817e-6, -5.346e-8, 1.581e-6, 1.720e-6, 1.396e-7, 1.296e-6, 1.410e-6, 1.134e-7
0.768, 2.067e-6, 2.207e-6, 1.400e-7, 2.104e-6, 2.153e-6, 4.956e-8, 2.325e-6, 2.421e-6, 9.601e-8, 2.229e-6, 2.234e-6, 5.754e-9, 2.172e-6, 2.234e-6, 6.216e-8, 1.906e-6, 1.862e-6, -4.417e-8, 1.642e-6, 1.791e-6, 1.489e-7, 1.329e-6, 1.449e-6, 1.200e-7
0.772, 2.136e-6, 2.290e-6, 1.542e-7, 2.152e-6, 2.215e-6, 6.329e-8, 2.425e-6, 2.536e-6, 1.112e-7, 2.288e-6, 2.307e-6, 1.862e-8, 2.250e-6, 2.324e-6, 7.454e-8, 1.947e-6, 1.911e-6, -3.540e-8, 1.709e-6, 1.868e-6, 1.587e-7, 1.362e-6, 1.490e-6, 1.277e-7
0.776, 2.214e-6, 2.383e-6, 1.697e-7, 2.206e-6, 2.285e-6, 7.833e-8, 2.535e-6, 2.663e-6, 1.285e-7, 2.355e-6, 2.388e-6, 3.314e-8, 2.336e-6, 2.426e-6, 8.996e-8, 1.990e-6, 1.966e-6, -2.421e-8, 1.783e-6, 1.955e-6, 1.717e-7, 1.401e-6, 1.537e-6, 1.362e-7
0.780, 2.295e-6, 2.482e-6, 1.874e-7, 2.264e-6, 2.359e-6, 9.489e-8, 2.654e-6, 2.802e-6, 1.484e-7, 2.425e-6, 2.474e-6, 4.924e-8, 2.431e-6, 2.538e-6, 1.064e-7, 2.038e-6, 2.025e-6, -1.338e-8, 1.863e-6, 2.048e-6, 1.850e-7, 1.442e-6, 1.587e-6, 1.457e-7
0.784, 2.385e-6, 2.593e-6, 2.074e-7, 2.326e-6, 2.439e-6, 1.128e-7, 2.784e-6, 2.955e-6, 1.715e-7, 2.501e-6, 2.568e-6, 6.712e-8, 2.535e-6, 2.660e-6, 1.257e-7, 2.090e-6, 2.090e-6, -7.046e-10, 1.952e-6, 2.153e-6, 2.009e-7, 1.486e-6, 1.641e-6, 1.558e-7
0.788, 2.483e-6, 2.711e-6, 2.287e-7, 2.393e-6, 2.526e-6, 1.329e-7, 2.925e-6, 3.122e-6, 1.975e-7, 2.582e-6, 2.669e-6, 8.643e-8, 2.646e-6, 2.794e-6, 1.475e-7, 2.147e-6, 2.160e-6, 1.302e-8, 2.048e-6, 2.267e-6, 2.192e-7, 1.533e-6, 1.701e-6, 1.673e-7
0.792, 2.588e-6, 2.843e-6, 2.542e-7, 2.463e-6, 2.619e-6, 1.557e-7, 3.079e-6, 3.306e-6, 2.268e-7, 2.669e-6, 2.778e-6, 1.089e-7, 2.770e-6, 2.941e-6, 1.717e-7, 2.208e-6, 2.237e-6, 2.824e-8, 2.153e-6, 2.393e-6, 2.397e-7, 1.584e-6, 1.765e-6, 1.804e-7
0.796, 2.707e-6, 2.988e-6, 2.806e-7, 2.542e-6, 2.721e-6, 1.789e-7, 3.248e-6, 3.508e-6, 2.604e-7, 2.766e-6, 2.899e-6, 1.324e-7, 2.905e-6, 3.105e-6, 1.997e-7, 2.277e-6, 2.322e-6, 4.499e-8, 2.270e-6, 2.532e-6, 2.622e-7, 1.641e-6, 1.836e-6, 1.944e-7
0.800, 2.831e-6, 3.142e-6, 3.117e-7, 2.622e-6, 2.828e-6, 2.056e-7, 3.428e-6, 3.726e-6, 2.984e-7, 2.865e-6, 3.024e-6, 1.592e-7, 3.049e-6, 3.280e-6, 2.307e-7, 2.349e-6, 2.412e-6, 6.351e-8, 2.392e-6, 2.681e-6, 2.887e-7, 1.699e-6, 1.910e-6, 2.102e-7
0.804, 2.963e-6, 3.308e-6, 3.455e-7, 2.709e-6, 2.942e-6, 2.326e-7, 3.621e-6, 3.962e-6, 3.411e-7, 2.971e-6, 3.160e-6, 1.893e-7, 3.203e-6, 3.470e-6, 2.664e-7, 2.426e-6, 2.510e-6, 8.457e-8, 2.524e-6, 2.843e-6, 3.184e-7, 1.762e-6, 1.990e-6, 2.276e-7
0.808, 3.104e-6, 3.489e-6, 3.844e-7, 2.800e-6, 3.064e-6, 2.640e-7, 3.830e-6, 4.220e-6, 3.903e-7, 3.084e-6, 3.306e-6, 2.216e-7, 3.371e-6, 3.677e-6, 3.063e-7, 2.510e-6, 2.616e-6, 1.065e-7, 2.669e-6, 3.020e-6, 3.510e-7, 1.829e-6, 2.076e-6, 2.466e-7
0.812, 3.254e-6, 3.682e-6, 4.277e-7, 2.895e-6, 3.193e-6, 2.980e-7, 4.051e-6, 4.496e-6, 4.453e-7, 3.202e-6, 3.459e-6, 2.573e-7, 3.550e-6, 3.901e-6, 3.511e-7, 2.596e-6, 2.729e-6, 1.324e-7, 2.821e-6, 3.210e-6, 3.891e-7, 1.900e-6, 2.168e-6, 2.678e-7
0.816, 3.417e-6, 3.893e-6, 4.756e-7, 2.996e-6, 3.332e-6, 3.355e-7, 4.289e-6, 4.797e-6, 5.076e-7, 3.327e-6, 3.624e-6, 2.972e-7, 3.741e-6, 4.144e-6, 4.026e-7, 2.691e-6, 2.851e-6, 1.601e-7, 2.985e-6, 3.417e-6, 4.320e-7, 1.976e-6, 2.267e-6, 2.909e-7
0.820, 3.591e-6, 4.120e-6, 5.293e-7, 3.103e-6, 3.478e-6, 3.750e-7, 4.540e-6, 5.118e-6, 5.781e-7, 3.458e-6, 3.799e-6, 3.407e-7, 3.945e-6, 4.405e-6, 4.603e-7, 2.790e-6, 2.981e-6, 1.910e-7, 3.159e-6, 3.638e-6, 4.794e-7, 2.057e-6, 2.373e-6, 3.165e-7
0.824, 3.774e-6, 4.363e-6, 5.888e-7, 3.214e-6, 3.633e-6, 4.193e-7, 4.808e-6, 5.465e-6, 6.576e-7, 3.596e-6, 3.985e-6, 3.890e-7, 4.162e-6, 4.687e-6, 5.251e-7, 2.897e-6, 3.121e-6, 2.247e-7, 3.345e-6, 3.878e-6, 5.332e-7, 2.141e-6, 2.486e-6, 3.451e-7
0.828, 3.967e-6, 4.622e-6, 6.554e-7, 3.329e-6, 3.796e-6, 4.665e-7, 5.088e-6, 5.834e-6, 7.459e-7, 3.739e-6, 4.180e-6, 4.412e-7, 4.390e-6, 4.988e-6, 5.977e-7, 3.007e-6, 3.269e-6, 2.621e-7, 3.540e-6, 4.133e-6, 5.936e-7, 2.229e-6, 2.605e-6, 3.760e-7
0.832, 4.171e-6, 4.901e-6, 7.299e-7, 3.452e-6, 3.970e-6, 5.177e-7, 5.386e-6, 6.231e-6, 8.451e-7, 3.889e-6, 4.388e-6, 4.983e-7, 4.631e-6, 5.310e-6, 6.791e-7, 3.126e-6, 3.429e-6, 3.027e-7, 3.747e-6, 4.408e-6, 6.611e-7, 2.322e-6, 2.732e-6, 4.103e-7
0.836, 4.383e-6, 5.195e-6, 8.119e-7, 3.578e-6, 4.152e-6, 5.737e-7, 5.692e-6, 6.648e-6, 9.562e-7, 4.044e-6, 4.604e-6, 5.606e-7, 4.883e-6, 5.652e-6, 7.695e-7, 3.248e-6, 3.595e-6, 3.473e-7, 3.964e-6, 4.700e-6, 7.360e-7, 2.419e-6, 2.866e-6, 4.467e-7
0.840, 4.609e-6, 5.512e-6, 9.027e-7, 3.710e-6, 4.344e-6, 6.342e-7, 6.014e-6, 7.094e-6, 1.080e-6, 4.205e-6, 4.834e-6, 6.292e-7, 5.149e-6, 6.019e-6, 8.704e-7, 3.378e-6, 3.775e-6, 3.967e-7, 4.190e-6, 5.010e-6, 8.201e-7, 2.521e-6, 3.008e-6, 4.873e-7
0.844, 4.839e-6, 5.844e-6, 1.004e-6, 3.844e-6, 4.544e-6, 7.002e-7, 6.344e-6, 7.561e-6, 1.217e-6, 4.369e-6, 5.072e-6, 7.036e-7, 5.422e-6, 6.405e-6, 9.833e-7, 3.512e-6, 3.963e-6, 4.509e-7, 4.423e-6, 5.336e-6, 9.131e-7, 2.626e-6, 3.157e-6, 5.315e-7
0.848, 5.084e-6, 6.197e-6, 1.113e-6, 3.984e-6, 4.755e-6, 7.701e-7, 6.688e-6, 8.055e-6, 1.367e-6, 4.539e-6, 5.323e-6, 7.838e-7, 5.707e-6, 6.814e-6, 1.107e-6, 3.655e-6, 4.164e-6, 5.090e-7, 4.670e-6, 5.685e-6, 1.015e-6, 2.736e-6, 3.315e-6, 5.790e-7
0.852, 5.337e-6, 6.569e-6, 1.232e-6, 4.128e-6, 4.973e-6, 8.449e-7, 7.038e-6, 8.569e-6, 1.531e-6, 4.715e-6, 5.584e-6, 8.686e-7, 6.002e-6, 7.243e-6, 1.241e-6, 3.803e-6, 4.375e-6, 5.718e-7, 4.924e-6, 6.049e-6, 1.125e-6, 2.848e-6, 3.478e-6, 6.301e-7
0.856, 5.597e-6, 6.960e-6, 1.363e-6, 4.275e-6, 5.201e-6, 9.256e-7, 7.398e-6, 9.109e-6, 1.711e-6, 4.895e-6, 5.856e-6, 9.615e-7, 6.306e-6, 7.694e-6, 1.389e-6, 3.959e-6, 4.599e-6, 6.404e-7, 5.187e-6, 6.433e-6, 1.246e-6, 2.964e-6, 3.650e-6, 6.861e-7
0.860, 5.867e-6, 7.371e-6, 1.504e-6, 4.429e-6, 5.439e-6, 1.010e-6, 7.766e-6, 9.670e-6, 1.903e-6, 5.081e-6, 6.140e-6, 1.059e-6, 6.618e-6, 8.166e-6, 1.547e-6, 4.120e-6, 4.834e-6, 7.144e-7, 5.456e-6, 6.833e-6, 1.377e-6, 3.085e-6, 3.830e-6, 7.453e-7
0.864, 6.146e-6, 7.803e-6, 1.658e-6, 4.588e-6, 5.690e-6, 1.102e-6, 8.142e-6, 1.025e-5, 2.112e-6, 5.272e-6, 6.437e-6, 1.165e-6, 6.937e-6, 8.658e-6, 1.721e-6, 4.290e-6, 5.083e-6, 7.938e-7, 5.735e-6, 7.253e-6, 1.519e-6, 3.211e-6, 4.020e-6, 8.097e-7
0.868, 6.430e-6, 8.252e-6, 1.822e-6, 4.749e-6, 5.947e-6, 1.198e-6, 8.521e-6, 1.086e-5, 2.336e-6, 5.465e-6, 6.742e-6, 1.277e-6, 7.264e-6, 9.170e-6, 1.906e-6, 4.464e-6, 5.344e-6, 8.802e-7, 6.019e-6, 7.690e-6, 1.672e-6, 3.340e-6, 4.217e-6, 8.768e-7
0.872, 6.724e-6, 8.723e-6, 1.999e-6, 4.915e-6, 6.216e-6, 1.301e-6, 8.908e-6, 1.149e-5, 2.577e-6, 5.665e-6, 7.063e-6, 1.397e-6, 7.598e-6, 9.704e-6, 2.105e-6, 4.649e-6, 5.622e-6, 9.722e-7, 6.314e-6, 8.148e-6, 1.834e-6, 3.473e-6, 4.423e-6, 9.494e-7
0.876, 7.027e-6, 9.214e-6, 2.187e-6, 5.086e-6, 6.495e-6, 1.409e-6, 9.303e-6, 1.213e-5, 2.831e-6, 5.870e-6, 7.395e-6, 1.525e-6, 7.939e-6, 1.026e-5, 2.317e-6, 4.842e-6, 5.912e-6, 1.071e-6, 6.617e-6, 8.623e-6, 2.007e-6, 3.611e-6, 4.637e-6, 1.026e-6
0.880, 7.340e-6, 9.728e-6, 2.389e-6, 5.261e-6, 6.786e-6, 1.524e-6, 9.709e-6, 1.281e-5, 3.102e-6, 6.083e-6, 7.743e-6, 1.660e-6, 8.289e-6, 1.083e-5, 2.544e-6, 5.044e-6, 6.220e-6, 1.177e-6, 6.934e-6, 9.124e-6, 2.191e-6, 3.755e-6, 4.863e-6, 1.107e-6
0.884, 7.661e-6, 1.026e-5, 2.601e-6, 5.443e-6, 7.087e-6, 1.644e-6, 1.013e-5, 1.351e-5, 3.386e-6, 6.302e-6, 8.103e-6, 1.802e-6, 8.647e-6, 1.143e-5, 2.781e-6, 5.255e-6, 6.544e-6, 1.289e-6, 7.261e-6, 9.647e-6, 2.386e-6, 3.901e-6, 5.094e-6, 1.193e-6
0.888, 7.996e-6, 1.082e-5, 2.827e-6, 5.629e-6, 7.402e-6, 1.772e-6, 1.057e-5, 1.425e-5, 3.687e-6, 6.527e-6, 8.480e-6, 1.953e-6, 9.018e-6, 1.205e-5, 3.034e-6, 5.475e-6, 6.885e-6, 1.410e-6, 7.605e-6, 1.020e-5, 2.593e-6, 4.054e-6, 5.338e-6, 1.284e-6
0.892, 8.344e-6, 1.141e-5, 3.067e-6, 5.823e-6, 7.728e-6, 1.905e-6, 1.102e-5, 1.503e-5, 4.005e-6, 6.762e-6, 8.873e-6, 2.111e-6, 9.399e-6, 1.270e-5, 3.299e-6, 5.707e-6, 7.245e-6, 1.538e-6, 7.968e-6, 1.078e-5, 2.812e-6, 4.214e-6, 5.592e-6, 1.379e-6
0.896, 8.710e-6, 1.203e-5, 3.319e-6, 6.026e-6, 8.070e-6, 2.044e-6, 1.151e-5, 1.585e-5, 4.340e-6, 7.006e-6, 9.286e-6, 2.281e-6, 9.801e-6, 1.338e-5, 3.577e-6, 5.952e-6, 7.627e-6, 1.675e-6, 8.356e-6, 1.140e-5, 3.044e-6, 4.380e-6, 5.859e-6, 1.479e-6
0.900, 9.096e-6, 1.268e-5, 3.583e-6, 6.234e-6, 8.424e-6, 2.190e-6, 1.203e-5, 1.672e-5, 4.697e-6, 7.260e-6, 9.719e-6, 2.459e-6, 1.022e-5, 1.409e-5, 3.870e-6, 6.209e-6, 8.030e-6, 1.821e-6, 8.772e-6, 1.206e-5, 3.291e-6, 4.552e-6, 6.138e-6, 1.586e-6
