-0.100, -3.840e-7, -3.594e-7, -3.410e-7, -3.563e-7
-0.099, -3.471e-7, -3.256e-7, -3.133e-7, -3.256e-7
-0.098, -3.226e-7, -3.041e-7, -2.949e-7, -3.103e-7
-0.097, -3.072e-7, -2.918e-7, -2.796e-7, -2.918e-7
-0.096, -2.918e-7, -2.765e-7, -2.673e-7, -2.796e-7
-0.095, -2.796e-7, -2.642e-7, -2.550e-7, -2.673e-7
-0.094, -2.704e-7, -2.550e-7, -2.458e-7, -2.581e-7
-0.093, -2.581e-7, -2.458e-7, -2.366e-7, -2.458e-7
-0.092, -2.489e-7, -2.366e-7, -2.243e-7, -2.366e-7
-0.091, -2.396e-7, -2.274e-7, -2.182e-7, -2.274e-7
-0.090, -2.304e-7, -2.182e-7, -2.089e-7, -2.182e-7
-0.089, -2.212e-7, -2.089e-7, -1.997e-7, -2.120e-7
-0.088, -2.120e-7, -2.028e-7, -1.936e-7, -2.028e-7
-0.087, -2.059e-7, -1.936e-7, -1.844e-7, -1.936e-7
-0.086, -1.967e-7, -1.844e-7, -1.782e-7, -1.875e-7
-0.085, -1.905e-7, -1.782e-7, -1.690e-7, -1.782e-7
-0.084, -1.813e-7, -1.721e-7, -1.629e-7, -1.721e-7
-0.083, -1.752e-7, -1.629e-7, -1.567e-7, -1.629e-7
-0.082, -1.690e-7, -1.567e-7, -1.506e-7, -1.598e-7
-0.081, -1.629e-7, -1.537e-7, -1.445e-7, -1.506e-7
-0.080, -1.567e-7, -1.445e-7, -1.383e-7, -1.445e-7
-0.079, -1.506e-7, -1.383e-7, -1.322e-7, -1.383e-7
-0.078, -1.445e-7, -1.353e-7, -1.260e-7, -1.353e-7
-0.077, -1.383e-7, -1.291e-7, -1.230e-7, -1.291e-7
-0.076, -1.322e-7, -1.230e-7, -1.168e-7, -1.230e-7
-0.075, -1.260e-7, -1.168e-7, -1.107e-7, -1.168e-7
-0.074, -1.230e-7, -1.138e-7, -1.076e-7, -1.107e-7
-0.073, -1.168e-7, -1.076e-7, -1.015e-7, -1.076e-7
-0.072, -1.138e-7, -1.045e-7, -9.841e-8, -1.015e-7
-0.071, -1.076e-7, -9.841e-8, -9.226e-8, -9.841e-8
-0.070, -1.045e-7, -9.534e-8, -8.919e-8, -9.227e-8
-0.069, -9.841e-8, -9.227e-8, -8.612e-8, -8.919e-8
-0.068, -9.534e-8, -8.612e-8, -7.998e-8, -8.612e-8
-0.067, -9.227e-8, -8.305e-8, -7.691e-8, -7.998e-8
-0.066, -8.612e-8, -7.998e-8, -7.384e-8, -7.691e-8
-0.065, -8.305e-8, -7.384e-8, -6.770e-8, -7.384e-8
-0.064, -7.998e-8, -7.077e-8, -6.463e-8, -6.770e-8
-0.063, -7.691e-8, -6.770e-8, -6.156e-8, -6.463e-8
-0.062, -7.384e-8, -6.463e-8, -5.849e-8, -6.156e-8
-0.061, -7.077e-8, -6.156e-8, -5.542e-8, -5.849e-8
-0.060, -6.463e-8, -5.849e-8, -5.235e-8, -5.542e-8
-0.059, -6.156e-8, -5.542e-8, -4.928e-8, -5.235e-8
-0.058, -5.849e-8, -5.235e-8, -4.621e-8, -4.928e-8
-0.057, -5.542e-8, -4.928e-8, -4.314e-8, -4.621e-8
-0.056, -5.235e-8, -4.621e-8, -4.007e-8, -4.314e-8
-0.055, -5.235e-8, -4.314e-8, -4.007e-8, -4.007e-8
-0.054, -4.928e-8, -4.007e-8, -3.700e-8, -3.700e-8
-0.053, -4.621e-8, -4.007e-8, -3.393e-8, -3.393e-8
-0.052, -4.314e-8, -3.700e-8, -3.085e-8, -3.393e-8
-0.051, -4.007e-8, -3.393e-8, -2.778e-8, -3.086e-8
-0.050, -3.700e-8, -3.086e-8, -2.778e-8, -2.778e-8
-0.049, -3.700e-8, -2.779e-8, -2.471e-8, -2.471e-8
-0.048, -3.393e-8, -2.779e-8, -2.164e-8, -2.164e-8
-0.047, -3.086e-8, -2.471e-8, -1.857e-8, -2.164e-8
-0.046, -2.779e-8, -2.164e-8, -1.857e-8, -1.857e-8
-0.045, -2.779e-8, -2.164e-8, -1.550e-8, -1.550e-8
-0.044, -2.472e-8, -1.857e-8, -1.550e-8, -1.550e-8
-0.043, -2.164e-8, -1.550e-8, -1.243e-8, -1.243e-8
-0.042, -1.857e-8, -1.550e-8, -9.361e-9, -9.362e-9
-0.041, -1.857e-8, -1.243e-8, -9.361e-9, -9.362e-9
-0.040, -1.550e-8, -1.243e-8, -9.361e-9, -6.291e-9
-0.039, -1.550e-8, -9.362e-9, -6.291e-9, -6.291e-9
-0.038, -1.243e-8, -9.362e-9, -3.220e-9, -3.221e-9
-0.037, -1.243e-8, -6.292e-9, -3.220e-9, -3.221e-9
-0.036, -9.363e-9, -6.292e-9, -1.497e-10, -1.502e-10
-0.035, -9.363e-9, -3.221e-9, -1.497e-10, -1.502e-10
-0.034, -6.292e-9, -3.221e-9, 2.921e-9, 2.920e-9
-0.033, -6.292e-9, -1.508e-10, 2.921e-9, 2.920e-9
-0.032, -3.222e-9, -1.508e-10, 2.921e-9, 5.991e-9
-0.031, -3.222e-9, 2.920e-9, 5.991e-9, 5.991e-9
-0.030, -1.511e-10, 2.920e-9, 5.991e-9, 9.061e-9
-0.029, -1.511e-10, 5.990e-9, 9.062e-9, 9.061e-9
-0.028, 2.919e-9, 5.990e-9, 9.062e-9, 1.213e-8
-0.027, 2.919e-9, 5.990e-9, 1.213e-8, 1.213e-8
-0.026, 2.919e-9, 9.061e-9, 1.213e-8, 1.520e-8
-0.025, 5.990e-9, 9.061e-9, 1.520e-8, 1.520e-8
-0.024, 5.990e-9, 9.061e-9, 1.520e-8, 1.520e-8
-0.023, 9.060e-9, 1.213e-8, 1.520e-8, 1.827e-8
-0.022, 9.060e-9, 1.213e-8, 1.520e-8, 1.827e-8
-0.021, 1.213e-8, 1.213e-8, 1.827e-8, 1.827e-8
-0.020, 1.213e-8, 1.520e-8, 1.827e-8, 2.134e-8
-0.019, 1.213e-8, 1.520e-8, 1.827e-8, 2.134e-8
-0.018, 1.520e-8, 1.827e-8, 2.134e-8, 2.134e-8
-0.017, 1.520e-8, 1.827e-8, 2.134e-8, 2.441e-8
-0.016, 1.520e-8, 1.827e-8, 2.134e-8, 2.441e-8
-0.015, 1.520e-8, 1.827e-8, 2.441e-8, 2.441e-8
-0.014, 1.827e-8, 2.134e-8, 2.441e-8, 2.441e-8
-0.013, 1.827e-8, 2.134e-8, 2.441e-8, 2.748e-8
-0.012, 1.827e-8, 2.134e-8, 2.441e-8, 2.748e-8
-0.011, 2.134e-8, 2.134e-8, 2.748e-8, 2.748e-8
-0.010, 2.134e-8, 2.441e-8, 2.748e-8, 3.055e-8
-0.009, 2.134e-8, 2.441e-8, 2.748e-8, 3.055e-8
-0.008, 2.441e-8, 2.441e-8, 2.748e-8, 3.055e-8
-0.007, 2.441e-8, 2.441e-8, 3.056e-8, 3.055e-8
-0.006, 2.441e-8, 2.441e-8, 3.056e-8, 3.363e-8
-0.005, 2.441e-8, 2.441e-8, 3.056e-8, 3.363e-8
-0.004, 2.748e-8, 2.748e-8, 3.056e-8, 3.363e-8
-0.003, 2.748e-8, 2.748e-8, 3.056e-8, 3.363e-8
-0.002, 2.748e-8, 2.748e-8, 3.056e-8, 3.363e-8
-0.001, 2.748e-8, 2.748e-8, 3.363e-8, 3.670e-8
-0.000, 3.055e-8, 3.055e-8, 3.363e-8, 3.670e-8
0.001, 3.055e-8, 3.055e-8, 3.363e-8, 3.670e-8
0.002, 3.055e-8, 3.055e-8, 3.670e-8, 3.670e-8
0.003, 3.055e-8, 3.362e-8, 3.670e-8, 3.977e-8
0.004, 3.055e-8, 3.055e-8, 3.670e-8, 3.977e-8
0.005, 3.362e-8, 3.055e-8, 3.670e-8, 3.977e-8
0.006, 3.362e-8, 3.362e-8, 3.977e-8, 3.977e-8
0.007, 3.362e-8, 3.362e-8, 3.977e-8, 3.977e-8
0.008, 3.362e-8, 3.362e-8, 3.977e-8, 3.977e-8
0.009, 3.362e-8, 3.362e-8, 3.977e-8, 4.284e-8
0.010, 3.362e-8, 3.362e-8, 3.977e-8, 4.284e-8
0.011, 3.669e-8, 3.362e-8, 3.977e-8, 4.284e-8
0.012, 3.669e-8, 3.670e-8, 3.977e-8, 4.284e-8
0.013, 3.669e-8, 3.670e-8, 4.284e-8, 4.591e-8
0.014, 3.977e-8, 3.670e-8, 4.284e-8, 4.591e-8
0.015, 3.977e-8, 3.670e-8, 4.284e-8, 4.591e-8
0.016, 3.977e-8, 3.670e-8, 4.284e-8, 4.591e-8
0.017, 3.977e-8, 3.977e-8, 4.284e-8, 4.591e-8
0.018, 3.977e-8, 3.670e-8, 4.284e-8, 4.591e-8
0.019, 3.977e-8, 3.977e-8, 4.284e-8, 4.898e-8
0.020, 4.284e-8, 3.977e-8, 4.591e-8, 4.898e-8
0.021, 4.284e-8, 3.977e-8, 4.591e-8, 4.898e-8
0.022, 4.284e-8, 3.977e-8, 4.591e-8, 4.898e-8
0.023, 4.284e-8, 3.977e-8, 4.591e-8, 4.898e-8
0.024, 4.284e-8, 3.977e-8, 4.591e-8, 4.898e-8
0.025, 4.284e-8, 3.977e-8, 4.591e-8, 5.205e-8
0.026, 4.591e-8, 4.284e-8, 4.898e-8, 5.205e-8
0.027, 4.591e-8, 4.284e-8, 4.898e-8, 5.205e-8
0.028, 4.591e-8, 4.284e-8, 4.898e-8, 5.205e-8
0.029, 4.591e-8, 4.284e-8, 4.898e-8, 5.205e-8
0.030, 4.591e-8, 4.284e-8, 4.898e-8, 5.205e-8
0.031, 4.591e-8, 4.284e-8, 4.898e-8, 5.512e-8
0.032, 4.898e-8, 4.284e-8, 5.205e-8, 5.512e-8
0.033, 4.898e-8, 4.591e-8, 5.205e-8, 5.512e-8
0.034, 4.898e-8, 4.591e-8, 5.205e-8, 5.512e-8
0.035, 4.898e-8, 4.591e-8, 5.205e-8, 5.512e-8
0.036, 4.898e-8, 4.591e-8, 5.205e-8, 5.512e-8
0.037, 4.898e-8, 4.591e-8, 5.205e-8, 5.512e-8
0.038, 5.205e-8, 4.591e-8, 5.512e-8, 5.819e-8
0.039, 5.205e-8, 4.591e-8, 5.512e-8, 5.819e-8
0.040, 5.205e-8, 4.591e-8, 5.512e-8, 5.819e-8
0.041, 5.205e-8, 4.591e-8, 5.512e-8, 5.819e-8
0.042, 5.205e-8, 4.898e-8, 5.512e-8, 5.819e-8
0.043, 5.205e-8, 4.898e-8, 5.512e-8, 5.819e-8
0.044, 5.205e-8, 4.898e-8, 5.512e-8, 5.819e-8
0.045, 5.205e-8, 4.898e-8, 5.512e-8, 6.126e-8
0.046, 5.512e-8, 4.898e-8, 5.819e-8, 6.126e-8
0.047, 5.512e-8, 4.898e-8, 5.819e-8, 6.126e-8
0.048, 5.512e-8, 4.898e-8, 5.819e-8, 6.126e-8
0.049, 5.512e-8, 4.898e-8, 5.819e-8, 6.126e-8
0.050, 5.512e-8, 5.205e-8, 5.819e-8, 6.433e-8
0.051, 5.819e-8, 5.205e-8, 5.819e-8, 6.433e-8
0.052, 5.819e-8, 5.205e-8, 5.819e-8, 6.433e-8
0.053, 5.819e-8, 5.205e-8, 6.126e-8, 6.433e-8
0.054, 5.819e-8, 5.205e-8, 6.126e-8, 6.433e-8
0.055, 5.819e-8, 5.205e-8, 6.126e-8, 6.433e-8
0.056, 5.819e-8, 5.205e-8, 6.126e-8, 6.433e-8
0.057, 5.819e-8, 5.205e-8, 6.126e-8, 6.740e-8
0.058, 6.126e-8, 5.512e-8, 6.433e-8, 6.740e-8
0.059, 6.126e-8, 5.205e-8, 6.433e-8, 6.740e-8
0.060, 6.126e-8, 5.512e-8, 6.433e-8, 6.740e-8
0.061, 6.126e-8, 5.512e-8, 6.433e-8, 6.740e-8
0.062, 6.126e-8, 5.512e-8, 6.433e-8, 7.047e-8
0.063, 6.126e-8, 5.512e-8, 6.740e-8, 7.047e-8
0.064, 6.433e-8, 5.512e-8, 6.740e-8, 7.047e-8
0.065, 6.433e-8, 5.512e-8, 6.740e-8, 7.047e-8
0.066, 6.433e-8, 5.512e-8, 6.740e-8, 7.354e-8
0.067, 6.433e-8, 5.819e-8, 6.740e-8, 7.354e-8
0.068, 6.433e-8, 5.819e-8, 7.047e-8, 7.354e-8
0.069, 6.740e-8, 5.819e-8, 7.047e-8, 7.354e-8
0.070, 6.740e-8, 5.819e-8, 7.047e-8, 7.661e-8
0.071, 6.740e-8, 5.819e-8, 7.047e-8, 7.661e-8
0.072, 6.740e-8, 5.819e-8, 7.047e-8, 7.661e-8
0.073, 6.740e-8, 6.126e-8, 7.354e-8, 7.661e-8
0.074, 7.047e-8, 6.126e-8, 7.354e-8, 7.661e-8
0.075, 7.047e-8, 6.126e-8, 7.354e-8, 7.968e-8
0.076, 7.047e-8, 6.126e-8, 7.661e-8, 7.968e-8
0.077, 7.354e-8, 6.126e-8, 7.661e-8, 7.968e-8
0.078, 7.047e-8, 6.126e-8, 7.661e-8, 8.275e-8
0.079, 7.354e-8, 6.433e-8, 7.661e-8, 8.275e-8
0.080, 7.354e-8, 6.433e-8, 7.968e-8, 8.275e-8
0.081, 7.354e-8, 6.433e-8, 7.968e-8, 8.275e-8
0.082, 7.354e-8, 6.433e-8, 7.968e-8, 8.582e-8
0.083, 7.661e-8, 6.740e-8, 8.275e-8, 8.582e-8
0.084, 7.661e-8, 6.740e-8, 8.275e-8, 8.889e-8
0.085, 7.661e-8, 6.740e-8, 8.275e-8, 8.889e-8
0.086, 7.968e-8, 6.740e-8, 8.275e-8, 8.889e-8
0.087, 7.968e-8, 6.740e-8, 8.582e-8, 9.196e-8
0.088, 7.968e-8, 7.047e-8, 8.582e-8, 9.196e-8
0.089, 8.275e-8, 7.047e-8, 8.889e-8, 9.196e-8
0.090, 8.275e-8, 7.047e-8, 8.889e-8, 9.504e-8
0.091, 8.275e-8, 7.047e-8, 8.889e-8, 9.504e-8
0.092, 8.275e-8, 7.354e-8, 9.197e-8, 9.811e-8
0.093, 8.582e-8, 7.354e-8, 9.504e-8, 9.811e-8
0.094, 8.582e-8, 7.354e-8, 9.504e-8, 1.012e-7
0.095, 8.582e-8, 7.661e-8, 9.504e-8, 1.012e-7
0.096, 8.889e-8, 7.661e-8, 9.811e-8, 1.042e-7
0.097, 8.889e-8, 7.661e-8, 9.811e-8, 1.042e-7
0.098, 9.196e-8, 7.968e-8, 1.012e-7, 1.073e-7
0.099, 9.196e-8, 7.968e-8, 1.012e-7, 1.104e-7
0.100, 9.503e-8, 7.968e-8, 1.042e-7, 1.104e-7
0.101, 9.503e-8, 8.275e-8, 1.073e-7, 1.135e-7
0.102, 9.810e-8, 8.275e-8, 1.104e-7, 1.135e-7
0.103, 9.810e-8, 8.275e-8, 1.104e-7, 1.165e-7
0.104, 1.012e-7, 8.582e-8, 1.135e-7, 1.196e-7
0.105, 1.012e-7, 8.889e-8, 1.165e-7, 1.227e-7
0.106, 1.042e-7, 8.889e-8, 1.165e-7, 1.257e-7
0.107, 1.073e-7, 8.889e-8, 1.196e-7, 1.257e-7
0.108, 1.073e-7, 9.196e-8, 1.227e-7, 1.288e-7
0.109, 1.104e-7, 9.503e-8, 1.257e-7, 1.319e-7
0.110, 1.104e-7, 9.503e-8, 1.288e-7, 1.350e-7
0.111, 1.135e-7, 9.811e-8, 1.319e-7, 1.380e-7
0.112, 1.165e-7, 1.012e-7, 1.350e-7, 1.411e-7
0.113, 1.196e-7, 1.012e-7, 1.380e-7, 1.442e-7
0.114, 1.196e-7, 1.042e-7, 1.411e-7, 1.472e-7
0.115, 1.227e-7, 1.073e-7, 1.442e-7, 1.534e-7
0.116, 1.257e-7, 1.073e-7, 1.472e-7, 1.564e-7
0.117, 1.288e-7, 1.104e-7, 1.503e-7, 1.595e-7
0.118, 1.319e-7, 1.135e-7, 1.564e-7, 1.626e-7
0.119, 1.350e-7, 1.135e-7, 1.595e-7, 1.687e-7
0.120, 1.380e-7, 1.165e-7, 1.626e-7, 1.718e-7
0.121, 1.380e-7, 1.196e-7, 1.687e-7, 1.779e-7
0.122, 1.442e-7, 1.227e-7, 1.718e-7, 1.810e-7
0.123, 1.472e-7, 1.257e-7, 1.779e-7, 1.872e-7
0.124, 1.503e-7, 1.288e-7, 1.810e-7, 1.902e-7
0.125, 1.534e-7, 1.319e-7, 1.872e-7, 1.964e-7
0.126, 1.564e-7, 1.350e-7, 1.933e-7, 1.994e-7
0.127, 1.595e-7, 1.380e-7, 1.964e-7, 2.056e-7
0.128, 1.657e-7, 1.411e-7, 2.025e-7, 2.117e-7
0.129, 1.687e-7, 1.472e-7, 2.086e-7, 2.179e-7
0.130, 1.718e-7, 1.472e-7, 2.148e-7, 2.240e-7
0.131, 1.779e-7, 1.534e-7, 2.209e-7, 2.301e-7
0.132, 1.810e-7, 1.564e-7, 2.271e-7, 2.363e-7
0.133, 1.871e-7, 1.595e-7, 2.332e-7, 2.424e-7
0.134, 1.902e-7, 1.657e-7, 2.393e-7, 2.486e-7
0.135, 1.964e-7, 1.718e-7, 2.455e-7, 2.578e-7
0.136, 2.025e-7, 1.749e-7, 2.516e-7, 2.639e-7
0.137, 2.056e-7, 1.779e-7, 2.608e-7, 2.701e-7
0.138, 2.086e-7, 1.841e-7, 2.670e-7, 2.793e-7
0.139, 2.148e-7, 1.871e-7, 2.731e-7, 2.854e-7
0.140, 2.209e-7, 1.933e-7, 2.823e-7, 2.946e-7
0.141, 2.271e-7, 1.994e-7, 2.885e-7, 3.008e-7
0.142, 2.332e-7, 2.025e-7, 2.977e-7, 3.069e-7
0.143, 2.393e-7, 2.086e-7, 3.069e-7, 3.161e-7
0.144, 2.455e-7, 2.148e-7, 3.130e-7, 3.253e-7
0.145, 2.486e-7, 2.179e-7, 3.223e-7, 3.315e-7
0.146, 2.547e-7, 2.240e-7, 3.315e-7, 3.407e-7
0.147, 2.608e-7, 2.301e-7, 3.376e-7, 3.499e-7
0.148, 2.701e-7, 2.363e-7, 3.468e-7, 3.591e-7
0.149, 2.731e-7, 2.393e-7, 3.560e-7, 3.652e-7
0.150, 2.793e-7, 2.455e-7, 3.652e-7, 3.745e-7
0.151, 2.885e-7, 2.516e-7, 3.714e-7, 3.837e-7
0.152, 2.946e-7, 2.578e-7, 3.806e-7, 3.929e-7
0.153, 3.008e-7, 2.639e-7, 3.898e-7, 4.021e-7
0.154, 3.069e-7, 2.701e-7, 3.990e-7, 4.113e-7
0.155, 3.130e-7, 2.762e-7, 4.082e-7, 4.174e-7
0.156, 3.192e-7, 2.823e-7, 4.174e-7, 4.266e-7
0.157, 3.253e-7, 2.854e-7, 4.266e-7, 4.359e-7
0.158, 3.315e-7, 2.915e-7, 4.328e-7, 4.451e-7
0.159, 3.376e-7, 2.977e-7, 4.420e-7, 4.512e-7
0.160, 3.437e-7, 3.038e-7, 4.512e-7, 4.604e-7
0.161, 3.499e-7, 3.100e-7, 4.604e-7, 4.696e-7
0.162, 3.560e-7, 3.161e-7, 4.696e-7, 4.788e-7
0.163, 3.622e-7, 3.192e-7, 4.758e-7, 4.850e-7
0.164, 3.683e-7, 3.253e-7, 4.850e-7, 4.942e-7
0.165, 3.744e-7, 3.315e-7, 4.911e-7, 5.003e-7
0.166, 3.806e-7, 3.345e-7, 5.003e-7, 5.096e-7
0.167, 3.867e-7, 3.437e-7, 5.096e-7, 5.188e-7
0.168, 3.929e-7, 3.468e-7, 5.157e-7, 5.249e-7
0.169, 3.959e-7, 3.530e-7, 5.249e-7, 5.310e-7
0.170, 4.021e-7, 3.591e-7, 5.310e-7, 5.403e-7
0.171, 4.082e-7, 3.622e-7, 5.372e-7, 5.433e-7
0.172, 4.144e-7, 3.683e-7, 5.433e-7, 5.525e-7
0.173, 4.174e-7, 3.714e-7, 5.525e-7, 5.587e-7
0.174, 4.236e-7, 3.744e-7, 5.587e-7, 5.648e-7
0.175, 4.266e-7, 3.806e-7, 5.648e-7, 5.710e-7
0.176, 4.328e-7, 3.837e-7, 5.710e-7, 5.771e-7
0.177, 4.359e-7, 3.867e-7, 5.771e-7, 5.832e-7
0.178, 4.389e-7, 3.929e-7, 5.802e-7, 5.863e-7
0.179, 4.451e-7, 3.959e-7, 5.863e-7, 5.925e-7
0.180, 4.481e-7, 3.990e-7, 5.925e-7, 5.986e-7
0.181, 4.512e-7, 4.021e-7, 5.955e-7, 6.017e-7
0.182, 4.574e-7, 4.082e-7, 6.017e-7, 6.078e-7
0.183, 4.604e-7, 4.113e-7, 6.047e-7, 6.109e-7
0.184, 4.635e-7, 4.113e-7, 6.109e-7, 6.139e-7
0.185, 4.666e-7, 4.174e-7, 6.139e-7, 6.170e-7
0.186, 4.696e-7, 4.174e-7, 6.201e-7, 6.232e-7
0.187, 4.727e-7, 4.205e-7, 6.232e-7, 6.262e-7
0.188, 4.758e-7, 4.236e-7, 6.262e-7, 6.293e-7
0.189, 4.788e-7, 4.266e-7, 6.293e-7, 6.324e-7
0.190, 4.788e-7, 4.297e-7, 6.324e-7, 6.354e-7
0.191, 4.819e-7, 4.297e-7, 6.324e-7, 6.385e-7
0.192, 4.850e-7, 4.328e-7, 6.385e-7, 6.416e-7
0.193, 4.881e-7, 4.359e-7, 6.416e-7, 6.416e-7
0.194, 4.881e-7, 4.359e-7, 6.416e-7, 6.447e-7
0.195, 4.911e-7, 4.389e-7, 6.447e-7, 6.477e-7
0.196, 4.911e-7, 4.389e-7, 6.477e-7, 6.477e-7
0.197, 4.942e-7, 4.420e-7, 6.477e-7, 6.508e-7
0.198, 4.942e-7, 4.420e-7, 6.508e-7, 6.508e-7
0.199, 4.973e-7, 4.451e-7, 6.508e-7, 6.539e-7
0.200, 4.973e-7, 4.451e-7, 6.508e-7, 6.539e-7
0.201, 5.003e-7, 4.481e-7, 6.539e-7, 6.539e-7
0.202, 5.003e-7, 4.481e-7, 6.539e-7, 6.569e-7
0.203, 5.003e-7, 4.481e-7, 6.539e-7, 6.569e-7
0.204, 5.034e-7, 4.512e-7, 6.569e-7, 6.600e-7
0.205, 5.034e-7, 4.512e-7, 6.569e-7, 6.600e-7
0.206, 5.034e-7, 4.543e-7, 6.569e-7, 6.600e-7
0.207, 5.065e-7, 4.543e-7, 6.600e-7, 6.600e-7
0.208, 5.065e-7, 4.543e-7, 6.600e-7, 6.600e-7
0.209, 5.065e-7, 4.543e-7, 6.600e-7, 6.600e-7
0.210, 5.065e-7, 4.543e-7, 6.600e-7, 6.600e-7
0.211, 5.065e-7, 4.574e-7, 6.600e-7, 6.631e-7
0.212, 5.065e-7, 4.574e-7, 6.600e-7, 6.631e-7
0.213, 5.065e-7, 4.574e-7, 6.600e-7, 6.631e-7
0.214, 5.096e-7, 4.574e-7, 6.600e-7, 6.600e-7
0.215, 5.096e-7, 4.574e-7, 6.600e-7, 6.631e-7
0.216, 5.096e-7, 4.574e-7, 6.600e-7, 6.600e-7
0.217, 5.096e-7, 4.574e-7, 6.600e-7, 6.631e-7
0.218, 5.096e-7, 4.574e-7, 6.600e-7, 6.600e-7
0.219, 5.096e-7, 4.574e-7, 6.569e-7, 6.600e-7
0.220, 5.096e-7, 4.604e-7, 6.569e-7, 6.600e-7
0.221, 5.096e-7, 4.604e-7, 6.569e-7, 6.600e-7
0.222, 5.096e-7, 4.604e-7, 6.569e-7, 6.600e-7
0.223, 5.096e-7, 4.604e-7, 6.569e-7, 6.600e-7
0.224, 5.096e-7, 4.604e-7, 6.569e-7, 6.600e-7
0.225, 5.096e-7, 4.604e-7, 6.539e-7, 6.569e-7
0.226, 5.096e-7, 4.604e-7, 6.539e-7, 6.569e-7
0.227, 5.096e-7, 4.604e-7, 6.539e-7, 6.569e-7
0.228, 5.096e-7, 4.604e-7, 6.539e-7, 6.569e-7
0.229, 5.065e-7, 4.604e-7, 6.508e-7, 6.569e-7
0.230, 5.065e-7, 4.604e-7, 6.508e-7, 6.539e-7
0.231, 5.096e-7, 4.604e-7, 6.508e-7, 6.539e-7
0.232, 5.065e-7, 4.604e-7, 6.508e-7, 6.539e-7
0.233, 5.065e-7, 4.604e-7, 6.477e-7, 6.539e-7
0.234, 5.065e-7, 4.604e-7, 6.477e-7, 6.508e-7
0.235, 5.065e-7, 4.604e-7, 6.477e-7, 6.508e-7
0.236, 5.065e-7, 4.635e-7, 6.477e-7, 6.508e-7
0.237, 5.065e-7, 4.604e-7, 6.477e-7, 6.508e-7
0.238, 5.065e-7, 4.635e-7, 6.447e-7, 6.477e-7
0.239, 5.065e-7, 4.635e-7, 6.447e-7, 6.477e-7
0.240, 5.065e-7, 4.635e-7, 6.447e-7, 6.477e-7
0.241, 5.065e-7, 4.635e-7, 6.447e-7, 6.477e-7
0.242, 5.065e-7, 4.635e-7, 6.416e-7, 6.477e-7
0.243, 5.065e-7, 4.635e-7, 6.416e-7, 6.447e-7
0.244, 5.065e-7, 4.635e-7, 6.416e-7, 6.447e-7
0.245, 5.034e-7, 4.635e-7, 6.416e-7, 6.447e-7
0.246, 5.034e-7, 4.635e-7, 6.385e-7, 6.447e-7
0.247, 5.034e-7, 4.635e-7, 6.385e-7, 6.447e-7
0.248, 5.034e-7, 4.635e-7, 6.385e-7, 6.416e-7
0.249, 5.034e-7, 4.635e-7, 6.385e-7, 6.416e-7
0.250, 5.034e-7, 4.635e-7, 6.354e-7, 6.416e-7
0.251, 5.034e-7, 4.635e-7, 6.354e-7, 6.416e-7
0.252, 5.034e-7, 4.635e-7, 6.354e-7, 6.385e-7
0.253, 5.034e-7, 4.635e-7, 6.354e-7, 6.385e-7
0.254, 5.034e-7, 4.635e-7, 6.324e-7, 6.385e-7
0.255, 5.034e-7, 4.635e-7, 6.324e-7, 6.385e-7
0.256, 5.034e-7, 4.635e-7, 6.324e-7, 6.385e-7
0.257, 5.034e-7, 4.635e-7, 6.324e-7, 6.354e-7
0.258, 5.034e-7, 4.635e-7, 6.293e-7, 6.354e-7
0.259, 5.034e-7, 4.666e-7, 6.293e-7, 6.354e-7
0.260, 5.034e-7, 4.666e-7, 6.293e-7, 6.324e-7
0.261, 5.003e-7, 4.666e-7, 6.293e-7, 6.324e-7
0.262, 5.034e-7, 4.635e-7, 6.262e-7, 6.324e-7
0.263, 5.034e-7, 4.666e-7, 6.293e-7, 6.324e-7
0.264, 5.003e-7, 4.666e-7, 6.262e-7, 6.324e-7
0.265, 5.034e-7, 4.666e-7, 6.262e-7, 6.293e-7
0.266, 5.003e-7, 4.666e-7, 6.262e-7, 6.293e-7
0.267, 5.003e-7, 4.666e-7, 6.232e-7, 6.293e-7
0.268, 5.003e-7, 4.666e-7, 6.232e-7, 6.293e-7
0.269, 5.003e-7, 4.666e-7, 6.232e-7, 6.262e-7
0.270, 5.003e-7, 4.666e-7, 6.232e-7, 6.262e-7
0.271, 5.003e-7, 4.666e-7, 6.201e-7, 6.262e-7
0.272, 5.003e-7, 4.666e-7, 6.201e-7, 6.262e-7
0.273, 5.003e-7, 4.666e-7, 6.201e-7, 6.262e-7
0.274, 5.003e-7, 4.666e-7, 6.201e-7, 6.232e-7
0.275, 5.003e-7, 4.666e-7, 6.201e-7, 6.232e-7
0.276, 5.003e-7, 4.666e-7, 6.170e-7, 6.232e-7
0.277, 5.003e-7, 4.666e-7, 6.170e-7, 6.232e-7
0.278, 5.003e-7, 4.666e-7, 6.170e-7, 6.232e-7
0.279, 5.003e-7, 4.666e-7, 6.170e-7, 6.201e-7
0.280, 5.003e-7, 4.666e-7, 6.170e-7, 6.201e-7
0.281, 5.003e-7, 4.666e-7, 6.139e-7, 6.201e-7
0.282, 5.003e-7, 4.666e-7, 6.139e-7, 6.201e-7
0.283, 5.003e-7, 4.666e-7, 6.139e-7, 6.170e-7
0.284, 5.003e-7, 4.666e-7, 6.139e-7, 6.170e-7
0.285, 4.973e-7, 4.666e-7, 6.139e-7, 6.170e-7
0.286, 4.973e-7, 4.666e-7, 6.109e-7, 6.170e-7
0.287, 4.973e-7, 4.666e-7, 6.109e-7, 6.139e-7
0.288, 4.973e-7, 4.666e-7, 6.109e-7, 6.139e-7
0.289, 4.973e-7, 4.635e-7, 6.109e-7, 6.139e-7
0.290, 4.973e-7, 4.635e-7, 6.078e-7, 6.139e-7
0.291, 4.973e-7, 4.635e-7, 6.078e-7, 6.109e-7
0.292, 4.973e-7, 4.635e-7, 6.078e-7, 6.109e-7
0.293, 4.942e-7, 4.635e-7, 6.078e-7, 6.109e-7
0.294, 4.942e-7, 4.635e-7, 6.047e-7, 6.109e-7
0.295, 4.942e-7, 4.635e-7, 6.047e-7, 6.109e-7
0.296, 4.942e-7, 4.604e-7, 6.047e-7, 6.078e-7
0.297, 4.942e-7, 4.604e-7, 6.047e-7, 6.078e-7
0.298, 4.942e-7, 4.604e-7, 6.017e-7, 6.047e-7
0.299, 4.942e-7, 4.604e-7, 6.017e-7, 6.047e-7
0.300, 4.942e-7, 4.604e-7, 6.017e-7, 6.047e-7
0.301, 4.911e-7, 4.574e-7, 6.017e-7, 6.017e-7
0.302, 4.911e-7, 4.574e-7, 5.986e-7, 6.017e-7
0.303, 4.911e-7, 4.574e-7, 5.986e-7, 6.017e-7
0.304, 4.911e-7, 4.574e-7, 5.986e-7, 5.986e-7
0.305, 4.911e-7, 4.574e-7, 5.986e-7, 5.986e-7
0.306, 4.881e-7, 4.543e-7, 5.955e-7, 5.986e-7
0.307, 4.881e-7, 4.543e-7, 5.955e-7, 5.986e-7
0.308, 4.881e-7, 4.543e-7, 5.955e-7, 5.955e-7
0.309, 4.881e-7, 4.512e-7, 5.955e-7, 5.955e-7
0.310, 4.881e-7, 4.512e-7, 5.925e-7, 5.955e-7
0.311, 4.850e-7, 4.512e-7, 5.925e-7, 5.925e-7
0.312, 4.850e-7, 4.481e-7, 5.925e-7, 5.925e-7
0.313, 4.850e-7, 4.481e-7, 5.894e-7, 5.925e-7
0.314, 4.850e-7, 4.481e-7, 5.894e-7, 5.925e-7
0.315, 4.819e-7, 4.451e-7, 5.894e-7, 5.894e-7
0.316, 4.819e-7, 4.451e-7, 5.894e-7, 5.894e-7
0.317, 4.819e-7, 4.451e-7, 5.863e-7, 5.863e-7
0.318, 4.788e-7, 4.420e-7, 5.863e-7, 5.863e-7
0.319, 4.788e-7, 4.420e-7, 5.863e-7, 5.863e-7
0.320, 4.788e-7, 4.420e-7, 5.863e-7, 5.863e-7
0.321, 4.788e-7, 4.420e-7, 5.832e-7, 5.832e-7
0.322, 4.758e-7, 4.389e-7, 5.832e-7, 5.832e-7
0.323, 4.758e-7, 4.389e-7, 5.832e-7, 5.832e-7
0.324, 4.758e-7, 4.359e-7, 5.802e-7, 5.802e-7
0.325, 4.727e-7, 4.359e-7, 5.802e-7, 5.802e-7
0.326, 4.727e-7, 4.359e-7, 5.802e-7, 5.771e-7
0.327, 4.727e-7, 4.328e-7, 5.771e-7, 5.771e-7
0.328, 4.727e-7, 4.328e-7, 5.771e-7, 5.771e-7
0.329, 4.696e-7, 4.297e-7, 5.771e-7, 5.740e-7
0.330, 4.696e-7, 4.297e-7, 5.771e-7, 5.740e-7
0.331, 4.696e-7, 4.297e-7, 5.740e-7, 5.740e-7
0.332, 4.666e-7, 4.266e-7, 5.740e-7, 5.740e-7
0.333, 4.666e-7, 4.266e-7, 5.740e-7, 5.710e-7
0.334, 4.666e-7, 4.266e-7, 5.710e-7, 5.710e-7
0.335, 4.635e-7, 4.236e-7, 5.710e-7, 5.710e-7
0.336, 4.635e-7, 4.236e-7, 5.710e-7, 5.679e-7
0.337, 4.635e-7, 4.236e-7, 5.710e-7, 5.679e-7
0.338, 4.604e-7, 4.205e-7, 5.679e-7, 5.648e-7
0.339, 4.604e-7, 4.205e-7, 5.679e-7, 5.648e-7
0.340, 4.604e-7, 4.174e-7, 5.679e-7, 5.648e-7
0.341, 4.574e-7, 4.174e-7, 5.648e-7, 5.648e-7
0.342, 4.574e-7, 4.174e-7, 5.648e-7, 5.618e-7
0.343, 4.574e-7, 4.174e-7, 5.648e-7, 5.618e-7
0.344, 4.543e-7, 4.144e-7, 5.618e-7, 5.618e-7
0.345, 4.543e-7, 4.144e-7, 5.618e-7, 5.587e-7
0.346, 4.543e-7, 4.144e-7, 5.618e-7, 5.587e-7
0.347, 4.543e-7, 4.113e-7, 5.618e-7, 5.587e-7
0.348, 4.512e-7, 4.113e-7, 5.587e-7, 5.556e-7
0.349, 4.512e-7, 4.113e-7, 5.587e-7, 5.556e-7
0.350, 4.512e-7, 4.113e-7, 5.587e-7, 5.556e-7
0.351, 4.512e-7, 4.082e-7, 5.587e-7, 5.556e-7
0.352, 4.481e-7, 4.082e-7, 5.556e-7, 5.525e-7
0.353, 4.481e-7, 4.082e-7, 5.556e-7, 5.525e-7
0.354, 4.481e-7, 4.052e-7, 5.556e-7, 5.525e-7
0.355, 4.451e-7, 4.052e-7, 5.556e-7, 5.495e-7
0.356, 4.451e-7, 4.052e-7, 5.525e-7, 5.495e-7
0.357, 4.451e-7, 4.021e-7, 5.525e-7, 5.495e-7
0.358, 4.451e-7, 4.021e-7, 5.525e-7, 5.495e-7
0.359, 4.451e-7, 4.021e-7, 5.495e-7, 5.495e-7
0.360, 4.420e-7, 4.021e-7, 5.495e-7, 5.464e-7
0.361, 4.420e-7, 4.021e-7, 5.495e-7, 5.464e-7
0.362, 4.420e-7, 3.990e-7, 5.495e-7, 5.464e-7
0.363, 4.420e-7, 3.990e-7, 5.495e-7, 5.433e-7
0.364, 4.389e-7, 3.990e-7, 5.464e-7, 5.433e-7
0.365, 4.389e-7, 3.990e-7, 5.464e-7, 5.433e-7
0.366, 4.389e-7, 3.990e-7, 5.464e-7, 5.433e-7
0.367, 4.389e-7, 3.959e-7, 5.464e-7, 5.403e-7
0.368, 4.359e-7, 3.959e-7, 5.433e-7, 5.403e-7
0.369, 4.359e-7, 3.959e-7, 5.433e-7, 5.403e-7
0.370, 4.359e-7, 3.959e-7, 5.433e-7, 5.403e-7
0.371, 4.359e-7, 3.959e-7, 5.433e-7, 5.372e-7
0.372, 4.359e-7, 3.959e-7, 5.433e-7, 5.372e-7
0.373, 4.328e-7, 3.929e-7, 5.433e-7, 5.372e-7
0.374, 4.328e-7, 3.929e-7, 5.403e-7, 5.372e-7
0.375, 4.328e-7, 3.929e-7, 5.403e-7, 5.341e-7
0.376, 4.328e-7, 3.929e-7, 5.403e-7, 5.341e-7
0.377, 4.328e-7, 3.929e-7, 5.372e-7, 5.341e-7
0.378, 4.328e-7, 3.898e-7, 5.372e-7, 5.341e-7
0.379, 4.297e-7, 3.898e-7, 5.372e-7, 5.310e-7
0.380, 4.297e-7, 3.898e-7, 5.372e-7, 5.310e-7
0.381, 4.297e-7, 3.898e-7, 5.372e-7, 5.310e-7
0.382, 4.297e-7, 3.898e-7, 5.341e-7, 5.310e-7
0.383, 4.266e-7, 3.898e-7, 5.341e-7, 5.310e-7
0.384, 4.266e-7, 3.898e-7, 5.341e-7, 5.310e-7
0.385, 4.266e-7, 3.867e-7, 5.341e-7, 5.280e-7
0.386, 4.266e-7, 3.867e-7, 5.310e-7, 5.280e-7
0.387, 4.266e-7, 3.867e-7, 5.310e-7, 5.280e-7
0.388, 4.266e-7, 3.867e-7, 5.310e-7, 5.249e-7
0.389, 4.236e-7, 3.867e-7, 5.310e-7, 5.280e-7
0.390, 4.236e-7, 3.867e-7, 5.310e-7, 5.249e-7
0.391, 4.236e-7, 3.867e-7, 5.310e-7, 5.249e-7
0.392, 4.236e-7, 3.867e-7, 5.280e-7, 5.249e-7
0.393, 4.236e-7, 3.837e-7, 5.280e-7, 5.218e-7
0.394, 4.205e-7, 3.837e-7, 5.280e-7, 5.218e-7
0.395, 4.205e-7, 3.837e-7, 5.280e-7, 5.218e-7
0.396, 4.205e-7, 3.837e-7, 5.249e-7, 5.218e-7
0.397, 4.205e-7, 3.837e-7, 5.249e-7, 5.218e-7
0.398, 4.205e-7, 3.837e-7, 5.249e-7, 5.188e-7
0.399, 4.205e-7, 3.837e-7, 5.249e-7, 5.188e-7
0.400, 4.174e-7, 3.837e-7, 5.249e-7, 5.188e-7
0.401, 4.174e-7, 3.806e-7, 5.249e-7, 5.188e-7
0.402, 4.174e-7, 3.806e-7, 5.218e-7, 5.188e-7
0.403, 4.174e-7, 3.806e-7, 5.218e-7, 5.157e-7
0.404, 4.174e-7, 3.806e-7, 5.218e-7, 5.157e-7
0.405, 4.144e-7, 3.806e-7, 5.218e-7, 5.157e-7
0.406, 4.144e-7, 3.806e-7, 5.218e-7, 5.157e-7
0.407, 4.144e-7, 3.806e-7, 5.188e-7, 5.126e-7
0.408, 4.144e-7, 3.806e-7, 5.188e-7, 5.126e-7
0.409, 4.144e-7, 3.775e-7, 5.188e-7, 5.157e-7
0.410, 4.174e-7, 3.806e-7, 5.188e-7, 5.126e-7
0.411, 4.144e-7, 3.775e-7, 5.188e-7, 5.126e-7
0.412, 4.144e-7, 3.775e-7, 5.188e-7, 5.126e-7
0.413, 4.113e-7, 3.775e-7, 5.157e-7, 5.126e-7
0.414, 4.113e-7, 3.775e-7, 5.157e-7, 5.096e-7
0.415, 4.113e-7, 3.775e-7, 5.157e-7, 5.096e-7
0.416, 4.113e-7, 3.775e-7, 5.157e-7, 5.096e-7
0.417, 4.113e-7, 3.775e-7, 5.157e-7, 5.096e-7
0.418, 4.082e-7, 3.775e-7, 5.157e-7, 5.096e-7
0.419, 4.082e-7, 3.775e-7, 5.126e-7, 5.065e-7
0.420, 4.082e-7, 3.744e-7, 5.126e-7, 5.065e-7
0.421, 4.082e-7, 3.744e-7, 5.126e-7, 5.065e-7
0.422, 4.082e-7, 3.744e-7, 5.126e-7, 5.065e-7
0.423, 4.082e-7, 3.744e-7, 5.126e-7, 5.065e-7
0.424, 4.082e-7, 3.744e-7, 5.126e-7, 5.034e-7
0.425, 4.082e-7, 3.744e-7, 5.096e-7, 5.034e-7
0.426, 4.082e-7, 3.744e-7, 5.096e-7, 5.034e-7
0.427, 4.052e-7, 3.744e-7, 5.096e-7, 5.034e-7
0.428, 4.052e-7, 3.744e-7, 5.096e-7, 5.034e-7
0.429, 4.052e-7, 3.714e-7, 5.096e-7, 5.034e-7
0.430, 4.052e-7, 3.744e-7, 5.096e-7, 5.003e-7
0.431, 4.052e-7, 3.744e-7, 5.065e-7, 5.003e-7
0.432, 4.052e-7, 3.714e-7, 5.065e-7, 5.003e-7
0.433, 4.021e-7, 3.714e-7, 5.065e-7, 5.003e-7
0.434, 4.021e-7, 3.714e-7, 5.065e-7, 4.973e-7
0.435, 4.021e-7, 3.714e-7, 5.065e-7, 4.973e-7
0.436, 4.021e-7, 3.714e-7, 5.065e-7, 4.973e-7
0.437, 4.021e-7, 3.714e-7, 5.034e-7, 4.973e-7
0.438, 4.021e-7, 3.714e-7, 5.034e-7, 4.973e-7
0.439, 4.021e-7, 3.714e-7, 5.034e-7, 4.973e-7
0.440, 3.990e-7, 3.714e-7, 5.034e-7, 4.942e-7
0.441, 3.990e-7, 3.683e-7, 5.034e-7, 4.942e-7
0.442, 3.990e-7, 3.714e-7, 5.034e-7, 4.942e-7
0.443, 3.990e-7, 3.714e-7, 5.003e-7, 4.942e-7
0.444, 3.990e-7, 3.683e-7, 5.003e-7, 4.942e-7
0.445, 3.990e-7, 3.683e-7, 5.003e-7, 4.942e-7
0.446, 3.990e-7, 3.683e-7, 5.003e-7, 4.911e-7
0.447, 3.959e-7, 3.683e-7, 5.003e-7, 4.911e-7
0.448, 3.959e-7, 3.683e-7, 5.003e-7, 4.911e-7
0.449, 3.959e-7, 3.683e-7, 5.003e-7, 4.911e-7
0.450, 3.959e-7, 3.683e-7, 4.973e-7, 4.911e-7
0.451, 3.959e-7, 3.683e-7, 4.973e-7, 4.911e-7
0.452, 3.959e-7, 3.683e-7, 4.973e-7, 4.911e-7
0.453, 3.929e-7, 3.652e-7, 4.973e-7, 4.881e-7
0.454, 3.959e-7, 3.683e-7, 4.973e-7, 4.881e-7
0.455, 3.959e-7, 3.683e-7, 4.942e-7, 4.881e-7
0.456, 3.929e-7, 3.652e-7, 4.973e-7, 4.881e-7
0.457, 3.929e-7, 3.652e-7, 4.973e-7, 4.881e-7
0.458, 3.929e-7, 3.652e-7, 4.942e-7, 4.881e-7
0.459, 3.929e-7, 3.652e-7, 4.942e-7, 4.881e-7
0.460, 3.929e-7, 3.652e-7, 4.942e-7, 4.850e-7
0.461, 3.929e-7, 3.652e-7, 4.942e-7, 4.850e-7
0.462, 3.929e-7, 3.652e-7, 4.942e-7, 4.850e-7
0.463, 3.929e-7, 3.652e-7, 4.942e-7, 4.850e-7
0.464, 3.929e-7, 3.652e-7, 4.942e-7, 4.850e-7
0.465, 3.929e-7, 3.652e-7, 4.942e-7, 4.850e-7
0.466, 3.898e-7, 3.652e-7, 4.911e-7, 4.850e-7
0.467, 3.898e-7, 3.652e-7, 4.911e-7, 4.850e-7
0.468, 3.898e-7, 3.652e-7, 4.911e-7, 4.850e-7
0.469, 3.898e-7, 3.622e-7, 4.911e-7, 4.819e-7
0.470, 3.898e-7, 3.622e-7, 4.911e-7, 4.819e-7
0.471, 3.898e-7, 3.622e-7, 4.911e-7, 4.819e-7
0.472, 3.898e-7, 3.622e-7, 4.911e-7, 4.819e-7
0.473, 3.898e-7, 3.622e-7, 4.881e-7, 4.819e-7
0.474, 3.867e-7, 3.622e-7, 4.911e-7, 4.819e-7
0.475, 3.898e-7, 3.622e-7, 4.881e-7, 4.819e-7
0.476, 3.867e-7, 3.622e-7, 4.881e-7, 4.819e-7
0.477, 3.867e-7, 3.622e-7, 4.881e-7, 4.788e-7
0.478, 3.867e-7, 3.622e-7, 4.881e-7, 4.788e-7
0.479, 3.867e-7, 3.622e-7, 4.881e-7, 4.788e-7
0.480, 3.867e-7, 3.622e-7, 4.881e-7, 4.788e-7
0.481, 3.867e-7, 3.622e-7, 4.881e-7, 4.788e-7
0.482, 3.867e-7, 3.622e-7, 4.881e-7, 4.788e-7
0.483, 3.867e-7, 3.622e-7, 4.850e-7, 4.788e-7
0.484, 3.837e-7, 3.622e-7, 4.850e-7, 4.788e-7
0.485, 3.837e-7, 3.622e-7, 4.850e-7, 4.788e-7
0.486, 3.837e-7, 3.591e-7, 4.850e-7, 4.758e-7
0.487, 3.837e-7, 3.591e-7, 4.850e-7, 4.758e-7
0.488, 3.837e-7, 3.591e-7, 4.850e-7, 4.758e-7
0.489, 3.837e-7, 3.591e-7, 4.850e-7, 4.758e-7
0.490, 3.837e-7, 3.591e-7, 4.850e-7, 4.758e-7
0.491, 3.837e-7, 3.591e-7, 4.850e-7, 4.758e-7
0.492, 3.837e-7, 3.591e-7, 4.850e-7, 4.758e-7
0.493, 3.837e-7, 3.591e-7, 4.850e-7, 4.758e-7
0.494, 3.837e-7, 3.591e-7, 4.850e-7, 4.727e-7
0.495, 3.837e-7, 3.591e-7, 4.850e-7, 4.758e-7
0.496, 3.806e-7, 3.591e-7, 4.819e-7, 4.727e-7
0.497, 3.806e-7, 3.591e-7, 4.850e-7, 4.727e-7
0.498, 3.806e-7, 3.591e-7, 4.819e-7, 4.727e-7
0.499, 3.806e-7, 3.591e-7, 4.819e-7, 4.727e-7
0.500, 3.806e-7, 3.591e-7, 4.819e-7, 4.727e-7
0.501, 3.806e-7, 3.591e-7, 4.819e-7, 4.727e-7
0.502, 3.806e-7, 3.591e-7, 4.819e-7, 4.727e-7
0.503, 3.806e-7, 3.591e-7, 4.819e-7, 4.727e-7
0.504, 3.806e-7, 3.591e-7, 4.788e-7, 4.727e-7
0.505, 3.806e-7, 3.591e-7, 4.819e-7, 4.727e-7
0.506, 3.806e-7, 3.591e-7, 4.788e-7, 4.727e-7
0.507, 3.806e-7, 3.591e-7, 4.788e-7, 4.727e-7
0.508, 3.806e-7, 3.591e-7, 4.788e-7, 4.696e-7
0.509, 3.775e-7, 3.560e-7, 4.788e-7, 4.727e-7
0.510, 3.775e-7, 3.560e-7, 4.788e-7, 4.696e-7
0.511, 3.775e-7, 3.560e-7, 4.788e-7, 4.696e-7
0.512, 3.775e-7, 3.591e-7, 4.788e-7, 4.696e-7
0.513, 3.775e-7, 3.560e-7, 4.788e-7, 4.696e-7
0.514, 3.775e-7, 3.560e-7, 4.788e-7, 4.696e-7
0.515, 3.775e-7, 3.591e-7, 4.788e-7, 4.696e-7
0.516, 3.775e-7, 3.560e-7, 4.788e-7, 4.696e-7
0.517, 3.775e-7, 3.560e-7, 4.788e-7, 4.696e-7
0.518, 3.775e-7, 3.560e-7, 4.788e-7, 4.696e-7
0.519, 3.775e-7, 3.560e-7, 4.758e-7, 4.696e-7
0.520, 3.775e-7, 3.560e-7, 4.788e-7, 4.696e-7
0.521, 3.775e-7, 3.560e-7, 4.758e-7, 4.666e-7
0.522, 3.775e-7, 3.560e-7, 4.758e-7, 4.696e-7
0.523, 3.775e-7, 3.560e-7, 4.758e-7, 4.696e-7
0.524, 3.775e-7, 3.560e-7, 4.758e-7, 4.696e-7
0.525, 3.775e-7, 3.560e-7, 4.758e-7, 4.696e-7
0.526, 3.744e-7, 3.560e-7, 4.758e-7, 4.666e-7
0.527, 3.775e-7, 3.560e-7, 4.758e-7, 4.666e-7
0.528, 3.744e-7, 3.560e-7, 4.758e-7, 4.666e-7
0.529, 3.744e-7, 3.560e-7, 4.758e-7, 4.666e-7
0.530, 3.744e-7, 3.560e-7, 4.758e-7, 4.666e-7
0.531, 3.744e-7, 3.560e-7, 4.758e-7, 4.666e-7
0.532, 3.744e-7, 3.560e-7, 4.758e-7, 4.666e-7
0.533, 3.744e-7, 3.560e-7, 4.758e-7, 4.666e-7
0.534, 3.744e-7, 3.560e-7, 4.758e-7, 4.666e-7
0.535, 3.744e-7, 3.560e-7, 4.758e-7, 4.666e-7
0.536, 3.744e-7, 3.560e-7, 4.758e-7, 4.666e-7
0.537, 3.744e-7, 3.560e-7, 4.758e-7, 4.666e-7
0.538, 3.744e-7, 3.560e-7, 4.758e-7, 4.666e-7
0.539, 3.744e-7, 3.560e-7, 4.758e-7, 4.666e-7
0.540, 3.744e-7, 3.560e-7, 4.758e-7, 4.666e-7
0.541, 3.744e-7, 3.560e-7, 4.758e-7, 4.666e-7
0.542, 3.744e-7, 3.560e-7, 4.758e-7, 4.666e-7
0.543, 3.744e-7, 3.560e-7, 4.758e-7, 4.666e-7
0.544, 3.744e-7, 3.560e-7, 4.758e-7, 4.666e-7
0.545, 3.744e-7, 3.560e-7, 4.758e-7, 4.635e-7
0.546, 3.744e-7, 3.560e-7, 4.758e-7, 4.635e-7
0.547, 3.744e-7, 3.560e-7, 4.758e-7, 4.666e-7
0.548, 3.714e-7, 3.560e-7, 4.727e-7, 4.666e-7
0.549, 3.714e-7, 3.560e-7, 4.758e-7, 4.666e-7
0.550, 3.714e-7, 3.560e-7, 4.727e-7, 4.666e-7
0.551, 3.714e-7, 3.560e-7, 4.727e-7, 4.635e-7
0.552, 3.714e-7, 3.560e-7, 4.727e-7, 4.635e-7
0.553, 3.714e-7, 3.560e-7, 4.727e-7, 4.635e-7
0.554, 3.714e-7, 3.560e-7, 4.727e-7, 4.635e-7
0.555, 3.714e-7, 3.560e-7, 4.727e-7, 4.635e-7
0.556, 3.714e-7, 3.560e-7, 4.727e-7, 4.635e-7
0.557, 3.714e-7, 3.560e-7, 4.727e-7, 4.635e-7
0.558, 3.714e-7, 3.560e-7, 4.727e-7, 4.666e-7
0.559, 3.714e-7, 3.560e-7, 4.727e-7, 4.635e-7
0.560, 3.714e-7, 3.560e-7, 4.727e-7, 4.635e-7
0.561, 3.714e-7, 3.560e-7, 4.727e-7, 4.635e-7
0.562, 3.714e-7, 3.560e-7, 4.727e-7, 4.635e-7
0.563, 3.714e-7, 3.560e-7, 4.727e-7, 4.635e-7
0.564, 3.714e-7, 3.560e-7, 4.727e-7, 4.635e-7
0.565, 3.714e-7, 3.560e-7, 4.727e-7, 4.635e-7
0.566, 3.714e-7, 3.560e-7, 4.727e-7, 4.635e-7
0.567, 3.714e-7, 3.560e-7, 4.727e-7, 4.635e-7
0.568, 3.714e-7, 3.560e-7, 4.727e-7, 4.635e-7
0.569, 3.714e-7, 3.591e-7, 4.727e-7, 4.635e-7
0.570, 3.714e-7, 3.560e-7, 4.727e-7, 4.635e-7
0.571, 3.714e-7, 3.560e-7, 4.727e-7, 4.635e-7
0.572, 3.714e-7, 3.560e-7, 4.727e-7, 4.635e-7
0.573, 3.714e-7, 3.560e-7, 4.727e-7, 4.635e-7
0.574, 3.714e-7, 3.560e-7, 4.727e-7, 4.635e-7
0.575, 3.714e-7, 3.591e-7, 4.727e-7, 4.635e-7
0.576, 3.714e-7, 3.591e-7, 4.727e-7, 4.635e-7
0.577, 3.714e-7, 3.591e-7, 4.727e-7, 4.635e-7
0.578, 3.714e-7, 3.591e-7, 4.727e-7, 4.635e-7
0.579, 3.714e-7, 3.591e-7, 4.727e-7, 4.635e-7
0.580, 3.714e-7, 3.591e-7, 4.727e-7, 4.635e-7
0.581, 3.714e-7, 3.591e-7, 4.727e-7, 4.635e-7
0.582, 3.714e-7, 3.591e-7, 4.727e-7, 4.635e-7
0.583, 3.714e-7, 3.591e-7, 4.727e-7, 4.635e-7
0.584, 3.714e-7, 3.591e-7, 4.727e-7, 4.635e-7
0.585, 3.714e-7, 3.591e-7, 4.727e-7, 4.635e-7
0.586, 3.714e-7, 3.591e-7, 4.727e-7, 4.635e-7
0.587, 3.714e-7, 3.591e-7, 4.727e-7, 4.635e-7
0.588, 3.714e-7, 3.591e-7, 4.727e-7, 4.635e-7
0.589, 3.714e-7, 3.591e-7, 4.727e-7, 4.635e-7
0.590, 3.714e-7, 3.591e-7, 4.727e-7, 4.635e-7
0.591, 3.714e-7, 3.591e-7, 4.727e-7, 4.666e-7
0.592, 3.683e-7, 3.591e-7, 4.727e-7, 4.635e-7
0.593, 3.714e-7, 3.591e-7, 4.727e-7, 4.635e-7
0.594, 3.714e-7, 3.591e-7, 4.727e-7, 4.635e-7
0.595, 3.683e-7, 3.591e-7, 4.727e-7, 4.635e-7
0.596, 3.714e-7, 3.591e-7, 4.727e-7, 4.666e-7
0.597, 3.714e-7, 3.591e-7, 4.727e-7, 4.635e-7
0.598, 3.714e-7, 3.591e-7, 4.727e-7, 4.635e-7
0.599, 3.714e-7, 3.591e-7, 4.727e-7, 4.635e-7
0.600, 3.714e-7, 3.591e-7, 4.727e-7, 4.666e-7
0.601, 3.683e-7, 3.591e-7, 4.727e-7, 4.666e-7
0.602, 3.714e-7, 3.591e-7, 4.727e-7, 4.666e-7
0.603, 3.714e-7, 3.591e-7, 4.727e-7, 4.635e-7
0.604, 3.683e-7, 3.591e-7, 4.727e-7, 4.635e-7
0.605, 3.714e-7, 3.591e-7, 4.727e-7, 4.635e-7
0.606, 3.683e-7, 3.591e-7, 4.727e-7, 4.666e-7
0.607, 3.683e-7, 3.622e-7, 4.727e-7, 4.666e-7
0.608, 3.714e-7, 3.622e-7, 4.727e-7, 4.666e-7
0.609, 3.714e-7, 3.622e-7, 4.727e-7, 4.666e-7
0.610, 3.683e-7, 3.591e-7, 4.727e-7, 4.666e-7
0.611, 3.714e-7, 3.622e-7, 4.727e-7, 4.666e-7
0.612, 3.714e-7, 3.622e-7, 4.727e-7, 4.666e-7
0.613, 3.683e-7, 3.622e-7, 4.727e-7, 4.666e-7
0.614, 3.714e-7, 3.622e-7, 4.727e-7, 4.666e-7
0.615, 3.714e-7, 3.622e-7, 4.758e-7, 4.666e-7
0.616, 3.714e-7, 3.622e-7, 4.727e-7, 4.666e-7
0.617, 3.714e-7, 3.622e-7, 4.758e-7, 4.666e-7
0.618, 3.714e-7, 3.622e-7, 4.727e-7, 4.666e-7
0.619, 3.714e-7, 3.622e-7, 4.727e-7, 4.666e-7
0.620, 3.714e-7, 3.622e-7, 4.727e-7, 4.666e-7
0.621, 3.714e-7, 3.622e-7, 4.727e-7, 4.666e-7
0.622, 3.714e-7, 3.622e-7, 4.758e-7, 4.666e-7
0.623, 3.714e-7, 3.622e-7, 4.758e-7, 4.666e-7
0.624, 3.714e-7, 3.622e-7, 4.758e-7, 4.666e-7
0.625, 3.714e-7, 3.652e-7, 4.758e-7, 4.666e-7
0.626, 3.714e-7, 3.622e-7, 4.727e-7, 4.666e-7
0.627, 3.714e-7, 3.652e-7, 4.758e-7, 4.666e-7
0.628, 3.714e-7, 3.652e-7, 4.758e-7, 4.666e-7
0.629, 3.714e-7, 3.622e-7, 4.758e-7, 4.666e-7
0.630, 3.714e-7, 3.652e-7, 4.758e-7, 4.666e-7
0.631, 3.714e-7, 3.652e-7, 4.758e-7, 4.666e-7
0.632, 3.714e-7, 3.652e-7, 4.758e-7, 4.666e-7
0.633, 3.714e-7, 3.652e-7, 4.758e-7, 4.666e-7
0.634, 3.714e-7, 3.652e-7, 4.758e-7, 4.666e-7
0.635, 3.714e-7, 3.652e-7, 4.758e-7, 4.666e-7
0.636, 3.714e-7, 3.652e-7, 4.758e-7, 4.666e-7
0.637, 3.714e-7, 3.652e-7, 4.758e-7, 4.666e-7
0.638, 3.714e-7, 3.652e-7, 4.758e-7, 4.666e-7
0.639, 3.714e-7, 3.652e-7, 4.758e-7, 4.666e-7
0.640, 3.714e-7, 3.652e-7, 4.758e-7, 4.696e-7
0.641, 3.714e-7, 3.652e-7, 4.758e-7, 4.666e-7
0.642, 3.714e-7, 3.652e-7, 4.758e-7, 4.666e-7
0.643, 3.714e-7, 3.652e-7, 4.758e-7, 4.666e-7
0.644, 3.714e-7, 3.652e-7, 4.758e-7, 4.696e-7
0.645, 3.714e-7, 3.683e-7, 4.758e-7, 4.696e-7
0.646, 3.714e-7, 3.683e-7, 4.758e-7, 4.696e-7
0.647, 3.714e-7, 3.683e-7, 4.758e-7, 4.696e-7
0.648, 3.714e-7, 3.683e-7, 4.758e-7, 4.696e-7
0.649, 3.714e-7, 3.683e-7, 4.758e-7, 4.696e-7
0.650, 3.714e-7, 3.683e-7, 4.758e-7, 4.696e-7
0.651, 3.714e-7, 3.683e-7, 4.758e-7, 4.696e-7
0.652, 3.714e-7, 3.683e-7, 4.758e-7, 4.696e-7
0.653, 3.744e-7, 3.683e-7, 4.788e-7, 4.696e-7
0.654, 3.744e-7, 3.683e-7, 4.758e-7, 4.696e-7
0.655, 3.744e-7, 3.683e-7, 4.788e-7, 4.696e-7
0.656, 3.744e-7, 3.683e-7, 4.788e-7, 4.696e-7
0.657, 3.744e-7, 3.714e-7, 4.788e-7, 4.696e-7
0.658, 3.744e-7, 3.714e-7, 4.788e-7, 4.696e-7
0.659, 3.744e-7, 3.714e-7, 4.788e-7, 4.727e-7
0.660, 3.744e-7, 3.714e-7, 4.788e-7, 4.696e-7
0.661, 3.744e-7, 3.714e-7, 4.788e-7, 4.727e-7
0.662, 3.744e-7, 3.714e-7, 4.788e-7, 4.727e-7
0.663, 3.744e-7, 3.714e-7, 4.788e-7, 4.727e-7
0.664, 3.744e-7, 3.714e-7, 4.788e-7, 4.727e-7
0.665, 3.744e-7, 3.714e-7, 4.788e-7, 4.727e-7
0.666, 3.775e-7, 3.744e-7, 4.788e-7, 4.727e-7
0.667, 3.744e-7, 3.744e-7, 4.819e-7, 4.727e-7
0.668, 3.775e-7, 3.744e-7, 4.819e-7, 4.727e-7
0.669, 3.775e-7, 3.744e-7, 4.819e-7, 4.727e-7
0.670, 3.744e-7, 3.744e-7, 4.819e-7, 4.727e-7
0.671, 3.775e-7, 3.744e-7, 4.819e-7, 4.727e-7
0.672, 3.775e-7, 3.744e-7, 4.819e-7, 4.727e-7
0.673, 3.775e-7, 3.744e-7, 4.819e-7, 4.758e-7
0.674, 3.775e-7, 3.775e-7, 4.819e-7, 4.758e-7
0.675, 3.775e-7, 3.775e-7, 4.850e-7, 4.758e-7
0.676, 3.775e-7, 3.775e-7, 4.819e-7, 4.758e-7
0.677, 3.775e-7, 3.775e-7, 4.850e-7, 4.758e-7
0.678, 3.806e-7, 3.775e-7, 4.850e-7, 4.788e-7
0.679, 3.806e-7, 3.775e-7, 4.850e-7, 4.788e-7
0.680, 3.806e-7, 3.806e-7, 4.850e-7, 4.788e-7
0.681, 3.806e-7, 3.806e-7, 4.850e-7, 4.788e-7
0.682, 3.806e-7, 3.806e-7, 4.850e-7, 4.788e-7
0.683, 3.806e-7, 3.806e-7, 4.850e-7, 4.788e-7
0.684, 3.806e-7, 3.806e-7, 4.881e-7, 4.788e-7
0.685, 3.837e-7, 3.806e-7, 4.850e-7, 4.819e-7
0.686, 3.837e-7, 3.837e-7, 4.881e-7, 4.819e-7
0.687, 3.837e-7, 3.837e-7, 4.881e-7, 4.819e-7
0.688, 3.837e-7, 3.837e-7, 4.881e-7, 4.819e-7
0.689, 3.837e-7, 3.837e-7, 4.881e-7, 4.819e-7
0.690, 3.837e-7, 3.837e-7, 4.911e-7, 4.850e-7
0.691, 3.867e-7, 3.867e-7, 4.911e-7, 4.850e-7
0.692, 3.867e-7, 3.867e-7, 4.911e-7, 4.850e-7
0.693, 3.867e-7, 3.867e-7, 4.911e-7, 4.850e-7
0.694, 3.867e-7, 3.898e-7, 4.942e-7, 4.850e-7
0.695, 3.898e-7, 3.898e-7, 4.942e-7, 4.881e-7
0.696, 3.898e-7, 3.898e-7, 4.942e-7, 4.881e-7
0.697, 3.898e-7, 3.898e-7, 4.942e-7, 4.881e-7
0.698, 3.898e-7, 3.898e-7, 4.942e-7, 4.881e-7
0.699, 3.929e-7, 3.929e-7, 4.973e-7, 4.911e-7
0.700, 3.929e-7, 3.929e-7, 4.973e-7, 4.911e-7
0.701, 3.929e-7, 3.929e-7, 4.973e-7, 4.911e-7
0.702, 3.929e-7, 3.959e-7, 4.973e-7, 4.942e-7
0.703, 3.959e-7, 3.959e-7, 5.003e-7, 4.942e-7
0.704, 3.959e-7, 3.959e-7, 5.003e-7, 4.942e-7
0.705, 3.959e-7, 3.990e-7, 5.034e-7, 4.973e-7
0.706, 3.959e-7, 3.990e-7, 5.034e-7, 4.973e-7
0.707, 3.990e-7, 3.990e-7, 5.034e-7, 4.973e-7
0.708, 3.990e-7, 4.021e-7, 5.034e-7, 4.973e-7
0.709, 3.990e-7, 4.021e-7, 5.034e-7, 5.003e-7
0.710, 4.021e-7, 4.021e-7, 5.065e-7, 5.003e-7
0.711, 4.021e-7, 4.052e-7, 5.065e-7, 5.034e-7
0.712, 4.021e-7, 4.082e-7, 5.096e-7, 5.034e-7
0.713, 4.052e-7, 4.082e-7, 5.096e-7, 5.065e-7
0.714, 4.052e-7, 4.082e-7, 5.126e-7, 5.065e-7
0.715, 4.082e-7, 4.113e-7, 5.126e-7, 5.065e-7
0.716, 4.082e-7, 4.113e-7, 5.126e-7, 5.096e-7
0.717, 4.082e-7, 4.144e-7, 5.157e-7, 5.096e-7
0.718, 4.113e-7, 4.144e-7, 5.157e-7, 5.126e-7
0.719, 4.113e-7, 4.174e-7, 5.188e-7, 5.126e-7
0.720, 4.144e-7, 4.174e-7, 5.188e-7, 5.157e-7
0.721, 4.144e-7, 4.205e-7, 5.188e-7, 5.157e-7
0.722, 4.174e-7, 4.205e-7, 5.218e-7, 5.188e-7
0.723, 4.174e-7, 4.236e-7, 5.249e-7, 5.188e-7
0.724, 4.205e-7, 4.266e-7, 5.249e-7, 5.218e-7
0.725, 4.205e-7, 4.266e-7, 5.280e-7, 5.218e-7
0.726, 4.236e-7, 4.297e-7, 5.280e-7, 5.249e-7
0.727, 4.236e-7, 4.297e-7, 5.310e-7, 5.280e-7
0.728, 4.266e-7, 4.328e-7, 5.310e-7, 5.280e-7
0.729, 4.297e-7, 4.328e-7, 5.341e-7, 5.310e-7
0.730, 4.297e-7, 4.359e-7, 5.372e-7, 5.310e-7
0.731, 4.328e-7, 4.389e-7, 5.372e-7, 5.341e-7
0.732, 4.359e-7, 4.420e-7, 5.403e-7, 5.372e-7
0.733, 4.359e-7, 4.420e-7, 5.403e-7, 5.372e-7
0.734, 4.389e-7, 4.451e-7, 5.433e-7, 5.403e-7
0.735, 4.420e-7, 4.481e-7, 5.464e-7, 5.433e-7
0.736, 4.420e-7, 4.481e-7, 5.495e-7, 5.464e-7
0.737, 4.451e-7, 4.512e-7, 5.525e-7, 5.495e-7
0.738, 4.481e-7, 4.543e-7, 5.525e-7, 5.495e-7
0.739, 4.512e-7, 4.574e-7, 5.556e-7, 5.525e-7
0.740, 4.543e-7, 4.604e-7, 5.587e-7, 5.556e-7
0.741, 4.543e-7, 4.635e-7, 5.618e-7, 5.587e-7
0.742, 4.574e-7, 4.666e-7, 5.648e-7, 5.618e-7
0.743, 4.604e-7, 4.696e-7, 5.648e-7, 5.648e-7
0.744, 4.635e-7, 4.727e-7, 5.679e-7, 5.679e-7
0.745, 4.666e-7, 4.758e-7, 5.740e-7, 5.710e-7
0.746, 4.696e-7, 4.788e-7, 5.740e-7, 5.740e-7
0.747, 4.727e-7, 4.819e-7, 5.771e-7, 5.771e-7
0.748, 4.758e-7, 4.850e-7, 5.802e-7, 5.802e-7
0.749, 4.788e-7, 4.881e-7, 5.863e-7, 5.832e-7
0.750, 4.819e-7, 4.911e-7, 5.894e-7, 5.863e-7
0.751, 4.850e-7, 4.973e-7, 5.925e-7, 5.894e-7
0.752, 4.881e-7, 5.003e-7, 5.955e-7, 5.955e-7
0.753, 4.942e-7, 5.034e-7, 5.986e-7, 5.986e-7
0.754, 4.973e-7, 5.065e-7, 6.017e-7, 6.017e-7
0.755, 5.003e-7, 5.126e-7, 6.047e-7, 6.078e-7
0.756, 5.034e-7, 5.157e-7, 6.109e-7, 6.109e-7
0.757, 5.096e-7, 5.188e-7, 6.139e-7, 6.139e-7
0.758, 5.126e-7, 5.249e-7, 6.170e-7, 6.170e-7
0.759, 5.157e-7, 5.280e-7, 6.232e-7, 6.232e-7
0.760, 5.218e-7, 5.341e-7, 6.262e-7, 6.293e-7
0.761, 5.249e-7, 5.403e-7, 6.324e-7, 6.324e-7
0.762, 5.310e-7, 5.433e-7, 6.354e-7, 6.385e-7
0.763, 5.341e-7, 5.495e-7, 6.416e-7, 6.447e-7
0.764, 5.403e-7, 5.556e-7, 6.447e-7, 6.477e-7
0.765, 5.464e-7, 5.617e-7, 6.508e-7, 6.539e-7
0.766, 5.495e-7, 5.648e-7, 6.569e-7, 6.600e-7
0.767, 5.556e-7, 5.710e-7, 6.631e-7, 6.661e-7
0.768, 5.617e-7, 5.771e-7, 6.692e-7, 6.692e-7
0.769, 5.679e-7, 5.832e-7, 6.723e-7, 6.754e-7
0.770, 5.740e-7, 5.894e-7, 6.784e-7, 6.846e-7
0.771, 5.802e-7, 5.955e-7, 6.846e-7, 6.907e-7
0.772, 5.863e-7, 6.017e-7, 6.907e-7, 6.969e-7
0.773, 5.925e-7, 6.078e-7, 6.969e-7, 7.030e-7
0.774, 5.986e-7, 6.170e-7, 7.061e-7, 7.091e-7
0.775, 6.047e-7, 6.232e-7, 7.122e-7, 7.153e-7
0.776, 6.139e-7, 6.293e-7, 7.183e-7, 7.245e-7
0.777, 6.201e-7, 6.385e-7, 7.245e-7, 7.337e-7
0.778, 6.262e-7, 6.447e-7, 7.337e-7, 7.398e-7
0.779, 6.354e-7, 6.539e-7, 7.398e-7, 7.460e-7
0.780, 6.416e-7, 6.631e-7, 7.491e-7, 7.552e-7
0.781, 6.508e-7, 6.692e-7, 7.552e-7, 7.644e-7
0.782, 6.600e-7, 6.784e-7, 7.644e-7, 7.736e-7
0.783, 6.661e-7, 6.876e-7, 7.736e-7, 7.828e-7
0.784, 6.754e-7, 6.969e-7, 7.828e-7, 7.920e-7
0.785, 6.846e-7, 7.061e-7, 7.890e-7, 8.012e-7
0.786, 6.938e-7, 7.153e-7, 7.982e-7, 8.105e-7
0.787, 7.030e-7, 7.245e-7, 8.074e-7, 8.197e-7
0.788, 7.122e-7, 7.368e-7, 8.197e-7, 8.289e-7
0.789, 7.214e-7, 7.460e-7, 8.289e-7, 8.412e-7
0.790, 7.337e-7, 7.583e-7, 8.381e-7, 8.504e-7
0.791, 7.429e-7, 7.675e-7, 8.473e-7, 8.627e-7
0.792, 7.552e-7, 7.798e-7, 8.596e-7, 8.719e-7
0.793, 7.644e-7, 7.920e-7, 8.688e-7, 8.842e-7
0.794, 7.767e-7, 8.012e-7, 8.811e-7, 8.964e-7
0.795, 7.890e-7, 8.135e-7, 8.934e-7, 9.087e-7
0.796, 8.012e-7, 8.258e-7, 9.056e-7, 9.241e-7
0.797, 8.135e-7, 8.412e-7, 9.179e-7, 9.364e-7
0.798, 8.258e-7, 8.534e-7, 9.302e-7, 9.486e-7
0.799, 8.381e-7, 8.657e-7, 9.425e-7, 9.609e-7
0.800, 8.534e-7, 8.811e-7, 9.548e-7, 9.763e-7
0.801, 8.657e-7, 8.964e-7, 9.701e-7, 9.885e-7
0.802, 8.811e-7, 9.087e-7, 9.824e-7, 1.007e-6
0.803, 8.964e-7, 9.241e-7, 9.978e-7, 1.022e-6
0.804, 9.118e-7, 9.394e-7, 1.013e-6, 1.038e-6
0.805, 9.241e-7, 9.548e-7, 1.028e-6, 1.053e-6
0.806, 9.425e-7, 9.701e-7, 1.044e-6, 1.068e-6
0.807, 9.578e-7, 9.885e-7, 1.059e-6, 1.087e-6
0.808, 9.732e-7, 1.007e-6, 1.075e-6, 1.105e-6
0.809, 9.916e-7, 1.022e-6, 1.093e-6, 1.121e-6
0.810, 1.007e-6, 1.041e-6, 1.111e-6, 1.139e-6
0.811, 1.025e-6, 1.059e-6, 1.127e-6, 1.160e-6
0.812, 1.044e-6, 1.078e-6, 1.148e-6, 1.179e-6
0.813, 1.062e-6, 1.099e-6, 1.167e-6, 1.200e-6
0.814, 1.084e-6, 1.121e-6, 1.185e-6, 1.222e-6
0.815, 1.102e-6, 1.139e-6, 1.203e-6, 1.240e-6
0.816, 1.124e-6, 1.160e-6, 1.225e-6, 1.265e-6
0.817, 1.142e-6, 1.182e-6, 1.246e-6, 1.286e-6
0.818, 1.164e-6, 1.203e-6, 1.268e-6, 1.308e-6
0.819, 1.185e-6, 1.228e-6, 1.289e-6, 1.332e-6
0.820, 1.210e-6, 1.250e-6, 1.311e-6, 1.357e-6
0.821, 1.231e-6, 1.274e-6, 1.336e-6, 1.382e-6
0.822, 1.256e-6, 1.299e-6, 1.357e-6, 1.406e-6
0.823, 1.280e-6, 1.323e-6, 1.382e-6, 1.431e-6
0.824, 1.305e-6, 1.348e-6, 1.406e-6, 1.458e-6
0.825, 1.326e-6, 1.375e-6, 1.431e-6, 1.486e-6
0.826, 1.354e-6, 1.403e-6, 1.458e-6, 1.511e-6
0.827, 1.379e-6, 1.428e-6, 1.483e-6, 1.541e-6
0.828, 1.406e-6, 1.455e-6, 1.511e-6, 1.569e-6
0.829, 1.431e-6, 1.483e-6, 1.538e-6, 1.600e-6
0.830, 1.458e-6, 1.514e-6, 1.566e-6, 1.627e-6
0.831, 1.486e-6, 1.541e-6, 1.593e-6, 1.658e-6
0.832, 1.517e-6, 1.572e-6, 1.624e-6, 1.689e-6
0.833, 1.544e-6, 1.603e-6, 1.655e-6, 1.722e-6
0.834, 1.575e-6, 1.633e-6, 1.682e-6, 1.753e-6
0.835, 1.606e-6, 1.664e-6, 1.713e-6, 1.787e-6
0.836, 1.636e-6, 1.698e-6, 1.747e-6, 1.821e-6
0.837, 1.667e-6, 1.729e-6, 1.778e-6, 1.854e-6
0.838, 1.698e-6, 1.762e-6, 1.808e-6, 1.888e-6
0.839, 1.732e-6, 1.796e-6, 1.842e-6, 1.922e-6
0.840, 1.762e-6, 1.830e-6, 1.876e-6, 1.959e-6
0.841, 1.796e-6, 1.867e-6, 1.907e-6, 1.996e-6
0.842, 1.827e-6, 1.900e-6, 1.943e-6, 2.029e-6
0.843, 1.864e-6, 1.937e-6, 1.977e-6, 2.066e-6
0.844, 1.897e-6, 1.971e-6, 2.014e-6, 2.106e-6
0.845, 1.931e-6, 2.008e-6, 2.048e-6, 2.143e-6
0.846, 1.968e-6, 2.048e-6, 2.085e-6, 2.183e-6
0.847, 2.002e-6, 2.085e-6, 2.122e-6, 2.220e-6
0.848, 2.039e-6, 2.122e-6, 2.158e-6, 2.263e-6
0.849, 2.076e-6, 2.161e-6, 2.198e-6, 2.303e-6
0.850, 2.112e-6, 2.198e-6, 2.235e-6, 2.343e-6
0.851, 2.149e-6, 2.238e-6, 2.272e-6, 2.386e-6
0.852, 2.186e-6, 2.278e-6, 2.312e-6, 2.426e-6
0.853, 2.226e-6, 2.318e-6, 2.352e-6, 2.469e-6
0.854, 2.263e-6, 2.358e-6, 2.392e-6, 2.508e-6
0.855, 2.303e-6, 2.401e-6, 2.432e-6, 2.551e-6
0.856, 2.343e-6, 2.441e-6, 2.475e-6, 2.597e-6
0.857, 2.383e-6, 2.484e-6, 2.515e-6, 2.640e-6
0.858, 2.422e-6, 2.527e-6, 2.555e-6, 2.683e-6
0.859, 2.462e-6, 2.570e-6, 2.597e-6, 2.730e-6
0.860, 2.502e-6, 2.613e-6, 2.640e-6, 2.776e-6
0.861, 2.545e-6, 2.656e-6, 2.683e-6, 2.822e-6
0.862, 2.585e-6, 2.699e-6, 2.726e-6, 2.865e-6
0.863, 2.628e-6, 2.742e-6, 2.769e-6, 2.914e-6
0.864, 2.671e-6, 2.788e-6, 2.815e-6, 2.960e-6
0.865, 2.714e-6, 2.834e-6, 2.858e-6, 3.006e-6
0.866, 2.757e-6, 2.880e-6, 2.905e-6, 3.055e-6
0.867, 2.800e-6, 2.926e-6, 2.951e-6, 3.104e-6
0.868, 2.846e-6, 2.972e-6, 2.997e-6, 3.153e-6
0.869, 2.889e-6, 3.018e-6, 3.043e-6, 3.202e-6
0.870, 2.935e-6, 3.064e-6, 3.089e-6, 3.252e-6
0.871, 2.981e-6, 3.116e-6, 3.138e-6, 3.304e-6
0.872, 3.027e-6, 3.162e-6, 3.184e-6, 3.356e-6
0.873, 3.073e-6, 3.212e-6, 3.233e-6, 3.408e-6
0.874, 3.123e-6, 3.264e-6, 3.282e-6, 3.460e-6
0.875, 3.172e-6, 3.313e-6, 3.334e-6, 3.512e-6
0.876, 3.218e-6, 3.365e-6, 3.384e-6, 3.565e-6
0.877, 3.267e-6, 3.417e-6, 3.436e-6, 3.620e-6
0.878, 3.319e-6, 3.470e-6, 3.485e-6, 3.675e-6
0.879, 3.365e-6, 3.522e-6, 3.540e-6, 3.734e-6
0.880, 3.420e-6, 3.577e-6, 3.592e-6, 3.789e-6
0.881, 3.470e-6, 3.632e-6, 3.648e-6, 3.847e-6
0.882, 3.522e-6, 3.688e-6, 3.703e-6, 3.909e-6
0.883, 3.577e-6, 3.746e-6, 3.758e-6, 3.967e-6
0.884, 3.629e-6, 3.804e-6, 3.816e-6, 4.028e-6
0.885, 3.684e-6, 3.863e-6, 3.872e-6, 4.093e-6
0.886, 3.743e-6, 3.924e-6, 3.933e-6, 4.154e-6
0.887, 3.798e-6, 3.985e-6, 3.995e-6, 4.219e-6
0.888, 3.856e-6, 4.050e-6, 4.053e-6, 4.283e-6
0.889, 3.915e-6, 4.114e-6, 4.117e-6, 4.354e-6
0.890, 3.976e-6, 4.179e-6, 4.179e-6, 4.421e-6
0.891, 4.038e-6, 4.246e-6, 4.246e-6, 4.492e-6
0.892, 4.102e-6, 4.317e-6, 4.314e-6, 4.566e-6
0.893, 4.163e-6, 4.385e-6, 4.381e-6, 4.636e-6
0.894, 4.231e-6, 4.458e-6, 4.452e-6, 4.713e-6
0.895, 4.295e-6, 4.529e-6, 4.520e-6, 4.790e-6
0.896, 4.366e-6, 4.606e-6, 4.596e-6, 4.870e-6
0.897, 4.437e-6, 4.682e-6, 4.670e-6, 4.949e-6
0.898, 4.507e-6, 4.762e-6, 4.747e-6, 5.032e-6
0.899, 4.581e-6, 4.842e-6, 4.827e-6, 5.118e-6
0.900, 4.652e-6, 4.903e-6, 4.857e-6, 5.125e-6
0.899, 4.593e-6, 4.827e-6, 4.762e-6, 5.014e-6
0.898, 4.474e-6, 4.701e-6, 4.636e-6, 4.879e-6
0.897, 4.345e-6, 4.569e-6, 4.504e-6, 4.738e-6
0.896, 4.216e-6, 4.437e-6, 4.372e-6, 4.599e-6
0.895, 4.093e-6, 4.305e-6, 4.246e-6, 4.464e-6
0.894, 3.970e-6, 4.182e-6, 4.124e-6, 4.338e-6
0.893, 3.856e-6, 4.065e-6, 4.007e-6, 4.213e-6
0.892, 3.743e-6, 3.949e-6, 3.893e-6, 4.093e-6
0.891, 3.635e-6, 3.838e-6, 3.786e-6, 3.979e-6
0.890, 3.531e-6, 3.731e-6, 3.681e-6, 3.866e-6
0.889, 3.430e-6, 3.626e-6, 3.577e-6, 3.758e-6
0.888, 3.331e-6, 3.528e-6, 3.482e-6, 3.657e-6
0.887, 3.239e-6, 3.433e-6, 3.387e-6, 3.555e-6
0.886, 3.147e-6, 3.337e-6, 3.298e-6, 3.460e-6
0.885, 3.061e-6, 3.248e-6, 3.209e-6, 3.368e-6
0.884, 2.975e-6, 3.159e-6, 3.123e-6, 3.276e-6
0.883, 2.892e-6, 3.073e-6, 3.040e-6, 3.190e-6
0.882, 2.812e-6, 2.991e-6, 2.960e-6, 3.104e-6
0.881, 2.736e-6, 2.908e-6, 2.883e-6, 3.021e-6
0.880, 2.662e-6, 2.831e-6, 2.806e-6, 2.941e-6
0.879, 2.588e-6, 2.751e-6, 2.733e-6, 2.862e-6
0.878, 2.518e-6, 2.677e-6, 2.659e-6, 2.785e-6
0.877, 2.450e-6, 2.604e-6, 2.591e-6, 2.711e-6
0.876, 2.386e-6, 2.530e-6, 2.521e-6, 2.637e-6
0.875, 2.318e-6, 2.462e-6, 2.456e-6, 2.567e-6
0.874, 2.257e-6, 2.392e-6, 2.392e-6, 2.499e-6
0.873, 2.198e-6, 2.327e-6, 2.327e-6, 2.429e-6
0.872, 2.137e-6, 2.260e-6, 2.266e-6, 2.364e-6
0.871, 2.082e-6, 2.198e-6, 2.204e-6, 2.300e-6
0.870, 2.026e-6, 2.134e-6, 2.146e-6, 2.235e-6
0.869, 1.971e-6, 2.076e-6, 2.088e-6, 2.174e-6
0.868, 1.919e-6, 2.017e-6, 2.033e-6, 2.112e-6
0.867, 1.870e-6, 1.959e-6, 1.977e-6, 2.054e-6
0.866, 1.818e-6, 1.904e-6, 1.925e-6, 1.999e-6
0.865, 1.768e-6, 1.848e-6, 1.873e-6, 1.940e-6
0.864, 1.722e-6, 1.796e-6, 1.821e-6, 1.888e-6
0.863, 1.676e-6, 1.744e-6, 1.772e-6, 1.833e-6
0.862, 1.630e-6, 1.695e-6, 1.722e-6, 1.781e-6
0.861, 1.587e-6, 1.646e-6, 1.673e-6, 1.729e-6
0.860, 1.544e-6, 1.597e-6, 1.627e-6, 1.679e-6
0.859, 1.501e-6, 1.550e-6, 1.584e-6, 1.633e-6
0.858, 1.461e-6, 1.504e-6, 1.535e-6, 1.584e-6
0.857, 1.418e-6, 1.458e-6, 1.492e-6, 1.538e-6
0.856, 1.379e-6, 1.415e-6, 1.452e-6, 1.492e-6
0.855, 1.342e-6, 1.372e-6, 1.409e-6, 1.449e-6
0.854, 1.305e-6, 1.332e-6, 1.369e-6, 1.406e-6
0.853, 1.268e-6, 1.293e-6, 1.329e-6, 1.363e-6
0.852, 1.231e-6, 1.256e-6, 1.293e-6, 1.323e-6
0.851, 1.197e-6, 1.216e-6, 1.253e-6, 1.283e-6
0.850, 1.164e-6, 1.179e-6, 1.216e-6, 1.243e-6
0.849, 1.130e-6, 1.142e-6, 1.182e-6, 1.207e-6
0.848, 1.096e-6, 1.105e-6, 1.145e-6, 1.170e-6
0.847, 1.065e-6, 1.071e-6, 1.111e-6, 1.133e-6
0.846, 1.035e-6, 1.038e-6, 1.078e-6, 1.099e-6
0.845, 1.004e-6, 1.004e-6, 1.044e-6, 1.062e-6
0.844, 9.732e-7, 9.732e-7, 1.013e-6, 1.032e-6
0.843, 9.456e-7, 9.425e-7, 9.824e-7, 9.978e-7
0.842, 9.179e-7, 9.118e-7, 9.548e-7, 9.671e-7
0.841, 8.903e-7, 8.811e-7, 9.241e-7, 9.364e-7
0.840, 8.627e-7, 8.534e-7, 8.934e-7, 9.056e-7
0.839, 8.381e-7, 8.258e-7, 8.657e-7, 8.749e-7
0.838, 8.105e-7, 7.982e-7, 8.381e-7, 8.473e-7
0.837, 7.859e-7, 7.705e-7, 8.135e-7, 8.197e-7
0.836, 7.613e-7, 7.460e-7, 7.890e-7, 7.920e-7
0.835, 7.368e-7, 7.214e-7, 7.613e-7, 7.675e-7
0.834, 7.153e-7, 6.969e-7, 7.368e-7, 7.398e-7
0.833, 6.907e-7, 6.723e-7, 7.153e-7, 7.153e-7
0.832, 6.692e-7, 6.477e-7, 6.876e-7, 6.907e-7
0.831, 6.477e-7, 6.232e-7, 6.661e-7, 6.661e-7
0.830, 6.262e-7, 6.017e-7, 6.447e-7, 6.447e-7
0.829, 6.078e-7, 5.832e-7, 6.232e-7, 6.232e-7
0.828, 5.863e-7, 5.617e-7, 6.017e-7, 5.986e-7
0.827, 5.679e-7, 5.403e-7, 5.832e-7, 5.802e-7
0.826, 5.495e-7, 5.218e-7, 5.648e-7, 5.587e-7
0.825, 5.310e-7, 5.003e-7, 5.433e-7, 5.372e-7
0.824, 5.126e-7, 4.819e-7, 5.249e-7, 5.188e-7
0.823, 4.973e-7, 4.666e-7, 5.065e-7, 5.003e-7
0.822, 4.788e-7, 4.481e-7, 4.911e-7, 4.819e-7
0.821, 4.635e-7, 4.297e-7, 4.727e-7, 4.635e-7
0.820, 4.481e-7, 4.144e-7, 4.574e-7, 4.481e-7
0.819, 4.297e-7, 3.959e-7, 4.420e-7, 4.297e-7
0.818, 4.144e-7, 3.806e-7, 4.236e-7, 4.144e-7
0.817, 4.021e-7, 3.683e-7, 4.082e-7, 3.990e-7
0.816, 3.867e-7, 3.530e-7, 3.959e-7, 3.837e-7
0.815, 3.744e-7, 3.376e-7, 3.806e-7, 3.714e-7
0.814, 3.622e-7, 3.253e-7, 3.683e-7, 3.560e-7
0.813, 3.468e-7, 3.100e-7, 3.560e-7, 3.407e-7
0.812, 3.345e-7, 2.977e-7, 3.407e-7, 3.284e-7
0.811, 3.223e-7, 2.854e-7, 3.284e-7, 3.161e-7
0.810, 3.100e-7, 2.731e-7, 3.192e-7, 3.038e-7
0.809, 2.977e-7, 2.608e-7, 3.069e-7, 2.915e-7
0.808, 2.885e-7, 2.486e-7, 2.946e-7, 2.793e-7
0.807, 2.762e-7, 2.393e-7, 2.823e-7, 2.670e-7
0.806, 2.670e-7, 2.271e-7, 2.731e-7, 2.547e-7
0.805, 2.578e-7, 2.179e-7, 2.608e-7, 2.455e-7
0.804, 2.455e-7, 2.056e-7, 2.516e-7, 2.363e-7
0.803, 2.363e-7, 1.964e-7, 2.424e-7, 2.271e-7
0.802, 2.271e-7, 1.871e-7, 2.332e-7, 2.179e-7
0.801, 2.179e-7, 1.779e-7, 2.240e-7, 2.056e-7
0.800, 2.117e-7, 1.687e-7, 2.148e-7, 1.994e-7
0.799, 2.025e-7, 1.595e-7, 2.086e-7, 1.902e-7
0.798, 1.933e-7, 1.503e-7, 1.994e-7, 1.810e-7
0.797, 1.841e-7, 1.442e-7, 1.902e-7, 1.718e-7
0.796, 1.779e-7, 1.350e-7, 1.841e-7, 1.657e-7
0.795, 1.718e-7, 1.288e-7, 1.749e-7, 1.564e-7
0.794, 1.626e-7, 1.196e-7, 1.687e-7, 1.503e-7
0.793, 1.564e-7, 1.135e-7, 1.595e-7, 1.411e-7
0.792, 1.472e-7, 1.073e-7, 1.534e-7, 1.350e-7
0.791, 1.411e-7, 1.012e-7, 1.472e-7, 1.288e-7
0.790, 1.349e-7, 9.503e-8, 1.411e-7, 1.227e-7
0.789, 1.288e-7, 8.889e-8, 1.350e-7, 1.165e-7
0.788, 1.227e-7, 8.275e-8, 1.288e-7, 1.104e-7
0.787, 1.165e-7, 7.661e-8, 1.227e-7, 1.042e-7
0.786, 1.104e-7, 7.047e-8, 1.165e-7, 9.811e-8
0.785, 1.073e-7, 6.433e-8, 1.135e-7, 9.196e-8
0.784, 1.012e-7, 5.819e-8, 1.073e-7, 8.889e-8
0.783, 9.503e-8, 5.512e-8, 1.012e-7, 8.275e-8
0.782, 9.196e-8, 4.898e-8, 9.811e-8, 7.968e-8
0.781, 8.582e-8, 4.284e-8, 9.196e-8, 7.354e-8
0.780, 7.968e-8, 3.976e-8, 8.889e-8, 6.740e-8
0.779, 7.661e-8, 3.362e-8, 8.275e-8, 6.433e-8
0.778, 7.047e-8, 3.055e-8, 7.968e-8, 5.819e-8
0.777, 6.740e-8, 2.748e-8, 7.661e-8, 5.512e-8
0.776, 6.126e-8, 2.134e-8, 7.047e-8, 5.205e-8
0.775, 5.819e-8, 1.827e-8, 6.740e-8, 4.591e-8
0.774, 5.512e-8, 1.520e-8, 6.433e-8, 4.284e-8
0.773, 5.205e-8, 1.213e-8, 5.819e-8, 3.977e-8
0.772, 4.898e-8, 5.989e-9, 5.512e-8, 3.670e-8
0.771, 4.283e-8, 2.919e-9, 5.205e-8, 3.362e-8
0.770, 3.976e-8, -1.516e-10, 4.898e-8, 3.055e-8
0.769, 3.669e-8, -3.222e-9, 4.591e-8, 2.748e-8
0.768, 3.362e-8, -6.293e-9, 4.284e-8, 2.441e-8
0.767, 3.055e-8, -9.363e-9, 3.977e-8, 2.134e-8
0.766, 2.748e-8, -1.243e-8, 3.670e-8, 1.520e-8
0.765, 2.441e-8, -1.550e-8, 3.362e-8, 1.520e-8
0.764, 2.134e-8, -1.857e-8, 3.055e-8, 1.213e-8
0.763, 1.827e-8, -1.857e-8, 2.748e-8, 9.061e-9
0.762, 1.520e-8, -2.165e-8, 2.441e-8, 5.990e-9
0.761, 1.213e-8, -2.472e-8, 2.134e-8, 2.920e-9
0.760, 9.059e-9, -2.472e-8, 2.134e-8, 2.920e-9
0.759, 5.989e-9, -2.779e-8, 1.827e-8, -1.508e-10
0.758, 2.918e-9, -3.086e-8, 1.520e-8, -3.221e-9
0.757, 2.918e-9, -3.393e-8, 1.213e-8, -6.292e-9
0.756, -1.520e-10, -3.393e-8, 1.213e-8, -6.292e-9
0.755, -3.223e-9, -3.700e-8, 9.061e-9, -9.362e-9
0.754, -6.293e-9, -4.007e-8, 5.990e-9, -1.243e-8
0.753, -6.293e-9, -4.007e-8, 2.920e-9, -1.243e-8
0.752, -9.364e-9, -4.314e-8, 2.920e-9, -1.550e-8
0.751, -1.243e-8, -4.314e-8, -1.506e-10, -1.550e-8
0.750, -1.243e-8, -4.621e-8, -1.506e-10, -1.857e-8
0.749, -1.550e-8, -4.621e-8, -3.221e-9, -2.164e-8
0.748, -1.858e-8, -4.928e-8, -3.221e-9, -2.164e-8
0.747, -1.858e-8, -4.928e-8, -6.292e-9, -2.471e-8
0.746, -2.165e-8, -4.928e-8, -6.292e-9, -2.471e-8
0.745, -2.472e-8, -5.235e-8, -9.362e-9, -2.471e-8
0.744, -2.472e-8, -5.235e-8, -9.362e-9, -2.779e-8
0.743, -2.779e-8, -5.542e-8, -1.243e-8, -3.086e-8
0.742, -2.779e-8, -5.542e-8, -1.243e-8, -3.086e-8
0.741, -3.086e-8, -5.542e-8, -1.550e-8, -3.086e-8
0.740, -3.086e-8, -5.849e-8, -1.550e-8, -3.393e-8
0.739, -3.393e-8, -5.849e-8, -1.550e-8, -3.393e-8
0.738, -3.393e-8, -5.849e-8, -1.857e-8, -3.700e-8
0.737, -3.700e-8, -5.849e-8, -1.857e-8, -3.700e-8
0.736, -3.700e-8, -5.849e-8, -2.164e-8, -3.700e-8
0.735, -4.007e-8, -6.156e-8, -2.164e-8, -4.007e-8
0.734, -4.007e-8, -6.156e-8, -2.471e-8, -4.007e-8
0.733, -4.007e-8, -6.156e-8, -2.471e-8, -4.007e-8
0.732, -4.314e-8, -6.463e-8, -2.471e-8, -4.314e-8
0.731, -4.621e-8, -6.463e-8, -2.471e-8, -4.314e-8
0.730, -4.621e-8, -6.463e-8, -2.779e-8, -4.314e-8
0.729, -4.621e-8, -6.463e-8, -2.779e-8, -4.314e-8
0.728, -4.621e-8, -6.770e-8, -2.779e-8, -4.621e-8
0.727, -4.928e-8, -6.770e-8, -3.086e-8, -4.621e-8
0.726, -4.928e-8, -6.770e-8, -3.086e-8, -4.621e-8
0.725, -4.928e-8, -6.770e-8, -3.086e-8, -4.621e-8
0.724, -5.235e-8, -6.770e-8, -3.393e-8, -4.928e-8
0.723, -5.235e-8, -6.770e-8, -3.393e-8, -4.928e-8
0.722, -5.235e-8, -6.770e-8, -3.393e-8, -4.928e-8
0.721, -5.542e-8, -6.770e-8, -3.393e-8, -4.928e-8
0.720, -5.542e-8, -7.077e-8, -3.700e-8, -4.928e-8
0.719, -5.542e-8, -7.077e-8, -3.700e-8, -5.235e-8
0.718, -5.542e-8, -7.077e-8, -3.700e-8, -5.235e-8
0.717, -5.849e-8, -7.077e-8, -3.700e-8, -5.235e-8
0.716, -5.849e-8, -7.077e-8, -4.007e-8, -5.235e-8
0.715, -5.849e-8, -7.077e-8, -4.007e-8, -5.235e-8
0.714, -5.849e-8, -7.077e-8, -4.007e-8, -5.235e-8
0.713, -6.156e-8, -7.077e-8, -4.007e-8, -5.542e-8
0.712, -6.156e-8, -7.077e-8, -4.007e-8, -5.235e-8
0.711, -6.156e-8, -7.077e-8, -4.007e-8, -5.542e-8
0.710, -6.156e-8, -7.384e-8, -4.314e-8, -5.542e-8
0.709, -6.156e-8, -7.384e-8, -4.314e-8, -5.542e-8
0.708, -6.463e-8, -7.384e-8, -4.314e-8, -5.542e-8
0.707, -6.463e-8, -7.077e-8, -4.314e-8, -5.542e-8
0.706, -6.463e-8, -7.384e-8, -4.314e-8, -5.849e-8
0.705, -6.463e-8, -7.384e-8, -4.314e-8, -5.542e-8
0.704, -6.463e-8, -7.384e-8, -4.621e-8, -5.849e-8
0.703, -6.463e-8, -7.384e-8, -4.621e-8, -5.542e-8
0.702, -6.463e-8, -7.384e-8, -4.621e-8, -5.849e-8
0.701, -6.463e-8, -7.384e-8, -4.314e-8, -5.849e-8
0.700, -6.770e-8, -7.384e-8, -4.621e-8, -5.849e-8
0.699, -6.770e-8, -7.384e-8, -4.621e-8, -5.849e-8
0.698, -6.770e-8, -7.384e-8, -4.621e-8, -5.849e-8
0.697, -6.770e-8, -7.384e-8, -4.621e-8, -5.849e-8
0.696, -6.770e-8, -7.077e-8, -4.621e-8, -5.849e-8
0.695, -6.770e-8, -7.384e-8, -4.621e-8, -5.849e-8
0.694, -6.770e-8, -7.077e-8, -4.621e-8, -5.849e-8
0.693, -6.770e-8, -7.384e-8, -4.621e-8, -5.849e-8
0.692, -6.770e-8, -7.077e-8, -4.621e-8, -5.849e-8
0.691, -7.077e-8, -7.384e-8, -4.621e-8, -5.849e-8
0.690, -6.770e-8, -7.384e-8, -4.621e-8, -5.849e-8
0.689, -6.770e-8, -7.077e-8, -4.928e-8, -5.849e-8
0.688, -7.077e-8, -7.077e-8, -4.621e-8, -5.849e-8
0.687, -7.077e-8, -7.077e-8, -4.928e-8, -5.849e-8
0.686, -7.077e-8, -7.077e-8, -4.621e-8, -5.849e-8
0.685, -7.077e-8, -7.077e-8, -4.928e-8, -5.849e-8
0.684, -7.077e-8, -7.077e-8, -4.621e-8, -5.849e-8
0.683, -7.077e-8, -7.077e-8, -4.621e-8, -5.849e-8
0.682, -7.077e-8, -7.077e-8, -4.928e-8, -5.849e-8
0.681, -7.077e-8, -7.077e-8, -4.621e-8, -5.849e-8
0.680, -7.077e-8, -7.077e-8, -4.621e-8, -5.849e-8
0.679, -7.077e-8, -6.770e-8, -4.621e-8, -5.849e-8
0.678, -7.077e-8, -7.077e-8, -4.621e-8, -5.849e-8
0.677, -7.077e-8, -6.770e-8, -4.621e-8, -5.849e-8
0.676, -6.770e-8, -6.770e-8, -4.621e-8, -5.542e-8
0.675, -7.077e-8, -6.770e-8, -4.621e-8, -5.849e-8
0.674, -7.077e-8, -6.770e-8, -4.621e-8, -5.542e-8
0.673, -6.770e-8, -6.770e-8, -4.621e-8, -5.542e-8
0.672, -7.077e-8, -6.463e-8, -4.621e-8, -5.542e-8
0.671, -6.770e-8, -6.770e-8, -4.621e-8, -5.542e-8
0.670, -6.770e-8, -6.463e-8, -4.621e-8, -5.542e-8
0.669, -6.770e-8, -6.463e-8, -4.621e-8, -5.542e-8
0.668, -6.770e-8, -6.463e-8, -4.621e-8, -5.542e-8
0.667, -6.770e-8, -6.463e-8, -4.621e-8, -5.542e-8
0.666, -6.770e-8, -6.463e-8, -4.621e-8, -5.542e-8
0.665, -6.770e-8, -6.463e-8, -4.621e-8, -5.542e-8
0.664, -6.770e-8, -6.463e-8, -4.314e-8, -5.235e-8
0.663, -6.770e-8, -6.463e-8, -4.314e-8, -5.235e-8
0.662, -6.770e-8, -6.156e-8, -4.314e-8, -5.235e-8
0.661, -6.770e-8, -6.156e-8, -4.314e-8, -5.235e-8
0.660, -6.770e-8, -6.156e-8, -4.314e-8, -5.235e-8
0.659, -6.770e-8, -6.156e-8, -4.314e-8, -5.235e-8
0.658, -6.463e-8, -6.156e-8, -4.314e-8, -5.235e-8
0.657, -6.463e-8, -6.156e-8, -4.314e-8, -5.235e-8
0.656, -6.463e-8, -6.156e-8, -4.314e-8, -5.235e-8
0.655, -6.463e-8, -6.156e-8, -4.314e-8, -4.928e-8
0.654, -6.463e-8, -5.849e-8, -4.007e-8, -5.235e-8
0.653, -6.463e-8, -5.849e-8, -4.007e-8, -4.928e-8
0.652, -6.463e-8, -5.849e-8, -4.007e-8, -4.928e-8
0.651, -6.463e-8, -5.849e-8, -4.007e-8, -4.928e-8
0.650, -6.463e-8, -5.849e-8, -4.007e-8, -4.928e-8
0.649, -6.156e-8, -5.849e-8, -4.007e-8, -4.928e-8
0.648, -6.156e-8, -5.542e-8, -4.007e-8, -4.928e-8
0.647, -6.156e-8, -5.542e-8, -4.007e-8, -4.928e-8
0.646, -6.156e-8, -5.542e-8, -4.007e-8, -4.621e-8
0.645, -6.156e-8, -5.542e-8, -3.700e-8, -4.621e-8
0.644, -6.156e-8, -5.542e-8, -3.700e-8, -4.621e-8
0.643, -6.156e-8, -5.542e-8, -3.700e-8, -4.621e-8
0.642, -6.156e-8, -5.542e-8, -3.700e-8, -4.621e-8
0.641, -6.156e-8, -5.235e-8, -3.700e-8, -4.621e-8
0.640, -5.849e-8, -5.235e-8, -3.700e-8, -4.621e-8
0.639, -6.156e-8, -5.235e-8, -3.700e-8, -4.314e-8
0.638, -5.849e-8, -5.235e-8, -3.700e-8, -4.314e-8
0.637, -5.849e-8, -5.235e-8, -3.700e-8, -4.314e-8
0.636, -5.849e-8, -5.235e-8, -3.393e-8, -4.314e-8
0.635, -5.849e-8, -4.928e-8, -3.393e-8, -4.314e-8
0.634, -5.849e-8, -4.928e-8, -3.393e-8, -4.314e-8
0.633, -5.849e-8, -4.928e-8, -3.393e-8, -4.314e-8
0.632, -5.849e-8, -4.928e-8, -3.393e-8, -4.314e-8
0.631, -5.542e-8, -4.928e-8, -3.393e-8, -4.007e-8
0.630, -5.542e-8, -4.928e-8, -3.086e-8, -4.007e-8
0.629, -5.542e-8, -4.928e-8, -3.086e-8, -4.007e-8
0.628, -5.542e-8, -4.928e-8, -3.086e-8, -4.007e-8
0.627, -5.542e-8, -4.928e-8, -3.086e-8, -4.007e-8
0.626, -5.542e-8, -4.621e-8, -3.086e-8, -4.007e-8
0.625, -5.542e-8, -4.621e-8, -3.086e-8, -4.007e-8
0.624, -5.235e-8, -4.621e-8, -3.086e-8, -3.700e-8
0.623, -5.235e-8, -4.621e-8, -2.778e-8, -3.700e-8
0.622, -5.235e-8, -4.621e-8, -3.086e-8, -3.700e-8
0.621, -5.235e-8, -4.314e-8, -2.778e-8, -3.700e-8
0.620, -5.235e-8, -4.314e-8, -2.778e-8, -3.700e-8
0.619, -5.235e-8, -4.314e-8, -2.778e-8, -3.700e-8
0.618, -5.235e-8, -4.314e-8, -2.778e-8, -3.393e-8
0.617, -5.235e-8, -4.314e-8, -2.778e-8, -3.393e-8
0.616, -5.235e-8, -4.314e-8, -2.778e-8, -3.393e-8
0.615, -4.928e-8, -4.314e-8, -2.471e-8, -3.393e-8
0.614, -4.928e-8, -4.007e-8, -2.471e-8, -3.393e-8
0.613, -4.928e-8, -4.007e-8, -2.471e-8, -3.393e-8
0.612, -4.928e-8, -4.007e-8, -2.471e-8, -3.393e-8
0.611, -4.928e-8, -4.007e-8, -2.471e-8, -3.393e-8
0.610, -4.928e-8, -4.007e-8, -2.164e-8, -3.086e-8
0.609, -4.928e-8, -3.700e-8, -2.471e-8, -3.086e-8
0.608, -4.928e-8, -3.700e-8, -2.471e-8, -3.086e-8
0.607, -4.621e-8, -3.700e-8, -2.164e-8, -3.086e-8
0.606, -4.621e-8, -3.700e-8, -2.164e-8, -3.086e-8
0.605, -4.621e-8, -3.700e-8, -2.164e-8, -3.086e-8
0.604, -4.621e-8, -3.700e-8, -2.164e-8, -2.779e-8
0.603, -4.621e-8, -3.700e-8, -2.164e-8, -2.779e-8
0.602, -4.621e-8, -3.700e-8, -2.164e-8, -2.779e-8
0.601, -4.314e-8, -3.393e-8, -1.857e-8, -2.779e-8
0.600, -4.314e-8, -3.393e-8, -1.857e-8, -2.779e-8
0.599, -4.314e-8, -3.393e-8, -1.857e-8, -2.779e-8
0.598, -4.314e-8, -3.393e-8, -1.857e-8, -2.471e-8
0.597, -4.314e-8, -3.393e-8, -1.857e-8, -2.471e-8
0.596, -4.314e-8, -3.086e-8, -1.857e-8, -2.471e-8
0.595, -4.314e-8, -3.086e-8, -1.857e-8, -2.471e-8
0.594, -4.314e-8, -3.086e-8, -1.550e-8, -2.471e-8
0.593, -4.007e-8, -3.086e-8, -1.550e-8, -2.471e-8
0.592, -4.007e-8, -3.086e-8, -1.550e-8, -2.471e-8
0.591, -4.007e-8, -3.086e-8, -1.550e-8, -2.164e-8
0.590, -4.007e-8, -3.086e-8, -1.550e-8, -2.164e-8
0.589, -4.007e-8, -2.779e-8, -1.550e-8, -2.164e-8
0.588, -4.007e-8, -2.779e-8, -1.550e-8, -2.164e-8
0.587, -3.700e-8, -2.779e-8, -1.243e-8, -2.164e-8
0.586, -3.700e-8, -2.779e-8, -1.243e-8, -2.164e-8
0.585, -3.700e-8, -2.779e-8, -1.243e-8, -2.164e-8
0.584, -3.700e-8, -2.472e-8, -1.243e-8, -1.857e-8
0.583, -3.700e-8, -2.472e-8, -1.243e-8, -1.857e-8
0.582, -3.700e-8, -2.472e-8, -1.243e-8, -1.857e-8
0.581, -3.700e-8, -2.472e-8, -1.243e-8, -1.857e-8
0.580, -3.700e-8, -2.472e-8, -1.243e-8, -1.857e-8
0.579, -3.700e-8, -2.472e-8, -9.362e-9, -1.857e-8
0.578, -3.700e-8, -2.472e-8, -9.362e-9, -1.857e-8
0.577, -3.393e-8, -2.472e-8, -9.362e-9, -1.550e-8
0.576, -3.393e-8, -2.472e-8, -9.362e-9, -1.857e-8
0.575, -3.393e-8, -2.472e-8, -9.362e-9, -1.550e-8
0.574, -3.393e-8, -2.164e-8, -9.362e-9, -1.550e-8
0.573, -3.393e-8, -2.164e-8, -6.291e-9, -1.550e-8
0.572, -3.393e-8, -2.164e-8, -9.362e-9, -1.550e-8
0.571, -3.393e-8, -2.164e-8, -6.291e-9, -1.550e-8
0.570, -3.393e-8, -2.164e-8, -6.291e-9, -1.550e-8
0.569, -3.086e-8, -2.164e-8, -6.291e-9, -1.550e-8
0.568, -3.086e-8, -1.857e-8, -6.291e-9, -1.243e-8
0.567, -3.086e-8, -1.857e-8, -6.291e-9, -1.243e-8
0.566, -3.086e-8, -1.857e-8, -6.291e-9, -1.243e-8
0.565, -3.086e-8, -1.857e-8, -6.291e-9, -1.243e-8
0.564, -3.086e-8, -1.857e-8, -3.221e-9, -1.243e-8
0.563, -3.086e-8, -1.857e-8, -6.291e-9, -1.243e-8
0.562, -3.086e-8, -1.857e-8, -3.221e-9, -1.243e-8
0.561, -3.086e-8, -1.857e-8, -3.221e-9, -1.243e-8
0.560, -3.086e-8, -1.550e-8, -3.221e-9, -9.362e-9
0.559, -2.779e-8, -1.857e-8, -3.221e-9, -9.362e-9
0.558, -2.779e-8, -1.550e-8, -3.221e-9, -9.362e-9
0.557, -2.779e-8, -1.550e-8, -3.221e-9, -9.362e-9
0.556, -2.779e-8, -1.550e-8, -3.221e-9, -9.362e-9
0.555, -2.779e-8, -1.550e-8, -3.221e-9, -9.362e-9
0.554, -2.779e-8, -1.550e-8, -3.221e-9, -9.362e-9
0.553, -2.779e-8, -1.550e-8, -3.221e-9, -9.362e-9
0.552, -2.779e-8, -1.550e-8, -1.504e-10, -6.292e-9
0.551, -2.779e-8, -1.550e-8, -1.504e-10, -6.292e-9
0.550, -2.779e-8, -1.243e-8, -1.504e-10, -6.292e-9
0.549, -2.472e-8, -1.243e-8, -1.504e-10, -6.292e-9
0.548, -2.472e-8, -1.243e-8, -1.504e-10, -6.292e-9
0.547, -2.472e-8, -1.243e-8, -1.504e-10, -6.292e-9
0.546, -2.472e-8, -1.243e-8, -1.504e-10, -6.292e-9
0.545, -2.472e-8, -1.243e-8, -1.504e-10, -6.292e-9
0.544, -2.472e-8, -1.243e-8, -1.504e-10, -6.292e-9
0.543, -2.472e-8, -1.243e-8, 2.920e-9, -3.221e-9
0.542, -2.472e-8, -9.363e-9, 2.920e-9, -3.221e-9
0.541, -2.472e-8, -9.363e-9, 2.920e-9, -3.221e-9
0.540, -2.472e-8, -9.363e-9, 2.920e-9, -3.221e-9
0.539, -2.165e-8, -9.363e-9, 2.920e-9, -3.221e-9
0.538, -2.165e-8, -9.363e-9, 2.920e-9, -3.221e-9
0.537, -2.472e-8, -9.363e-9, 2.920e-9, -3.221e-9
0.536, -2.165e-8, -9.363e-9, 2.920e-9, -3.221e-9
0.535, -2.165e-8, -9.363e-9, 2.920e-9, -3.221e-9
0.534, -2.165e-8, -9.363e-9, 2.920e-9, -3.221e-9
0.533, -2.165e-8, -9.363e-9, 2.920e-9, -3.221e-9
0.532, -2.165e-8, -9.363e-9, 2.920e-9, -3.221e-9
0.531, -2.165e-8, -9.363e-9, 5.991e-9, -3.221e-9
0.530, -2.165e-8, -9.363e-9, 5.991e-9, -1.506e-10
0.529, -2.165e-8, -6.292e-9, 5.991e-9, -1.506e-10
0.528, -2.165e-8, -6.292e-9, 5.991e-9, -1.506e-10
0.527, -2.165e-8, -6.292e-9, 5.991e-9, -1.506e-10
0.526, -2.165e-8, -6.292e-9, 5.991e-9, -1.506e-10
0.525, -2.165e-8, -6.292e-9, 5.991e-9, -1.506e-10
0.524, -2.165e-8, -6.292e-9, 5.991e-9, -1.506e-10
0.523, -1.857e-8, -6.292e-9, 5.991e-9, -1.506e-10
0.522, -1.857e-8, -6.292e-9, 5.991e-9, -1.506e-10
0.521, -1.857e-8, -6.292e-9, 5.991e-9, -1.506e-10
0.520, -1.857e-8, -6.292e-9, 5.991e-9, -1.506e-10
0.519, -1.857e-8, -6.292e-9, 5.991e-9, -1.506e-10
0.518, -1.857e-8, -6.292e-9, 5.991e-9, -1.506e-10
0.517, -1.857e-8, -6.292e-9, 9.061e-9, 2.920e-9
0.516, -1.857e-8, -6.292e-9, 5.991e-9, 2.920e-9
0.515, -1.857e-8, -3.222e-9, 9.061e-9, 2.920e-9
0.514, -1.857e-8, -3.222e-9, 9.061e-9, 2.920e-9
0.513, -1.857e-8, -3.222e-9, 9.061e-9, 2.920e-9
0.512, -1.857e-8, -3.222e-9, 9.061e-9, 2.920e-9
0.511, -1.857e-8, -3.222e-9, 9.061e-9, 2.920e-9
0.510, -1.857e-8, -3.222e-9, 9.061e-9, 2.920e-9
0.509, -1.857e-8, -3.222e-9, 9.061e-9, 2.920e-9
0.508, -1.857e-8, -3.222e-9, 9.061e-9, 2.920e-9
0.507, -1.857e-8, -3.222e-9, 9.061e-9, 2.920e-9
0.506, -1.857e-8, -3.222e-9, 9.061e-9, 2.920e-9
0.505, -1.857e-8, -3.222e-9, 9.061e-9, 2.920e-9
0.504, -1.550e-8, -3.222e-9, 9.061e-9, 2.920e-9
0.503, -1.550e-8, -3.222e-9, 9.061e-9, 2.920e-9
0.502, -1.550e-8, -3.222e-9, 9.061e-9, 2.920e-9
0.501, -1.550e-8, -1.513e-10, 1.213e-8, 5.990e-9
0.500, -1.550e-8, -1.513e-10, 9.061e-9, 2.920e-9
0.499, -1.550e-8, -1.513e-10, 1.213e-8, 2.920e-9
0.498, -1.550e-8, -3.222e-9, 1.213e-8, 5.990e-9
0.497, -1.550e-8, -1.513e-10, 1.213e-8, 5.990e-9
0.496, -1.550e-8, -1.513e-10, 9.061e-9, 5.990e-9
0.495, -1.550e-8, -1.513e-10, 1.213e-8, 5.990e-9
0.494, -1.550e-8, -1.513e-10, 1.213e-8, 5.990e-9
0.493, -1.550e-8, -1.513e-10, 1.213e-8, 5.990e-9
0.492, -1.550e-8, -1.513e-10, 1.213e-8, 5.990e-9
0.491, -1.550e-8, -1.513e-10, 1.213e-8, 5.990e-9
0.490, -1.550e-8, -1.513e-10, 1.213e-8, 5.990e-9
0.489, -1.550e-8, -1.513e-10, 1.213e-8, 5.990e-9
0.488, -1.550e-8, -1.513e-10, 1.213e-8, 5.990e-9
0.487, -1.550e-8, -1.513e-10, 1.213e-8, 5.990e-9
0.486, -1.550e-8, -1.513e-10, 1.213e-8, 5.990e-9
0.485, -1.550e-8, 2.919e-9, 1.213e-8, 5.990e-9
0.484, -1.550e-8, -1.513e-10, 1.213e-8, 9.061e-9
0.483, -1.550e-8, -1.513e-10, 1.213e-8, 5.990e-9
0.482, -1.550e-8, 2.919e-9, 1.213e-8, 5.990e-9
0.481, -1.243e-8, 2.919e-9, 1.520e-8, 5.990e-9
0.480, -1.243e-8, 2.919e-9, 1.213e-8, 9.061e-9
0.479, -1.243e-8, 2.919e-9, 1.213e-8, 9.061e-9
0.478, -1.243e-8, 2.919e-9, 1.520e-8, 9.061e-9
0.477, -1.243e-8, 2.919e-9, 1.520e-8, 9.061e-9
0.476, -1.243e-8, 2.919e-9, 1.520e-8, 9.061e-9
0.475, -1.243e-8, 2.919e-9, 1.520e-8, 9.061e-9
0.474, -1.243e-8, 2.919e-9, 1.520e-8, 9.061e-9
0.473, -1.243e-8, 2.919e-9, 1.520e-8, 9.061e-9
0.472, -1.243e-8, 2.919e-9, 1.520e-8, 9.061e-9
0.471, -1.243e-8, 2.919e-9, 1.520e-8, 9.061e-9
0.470, -1.243e-8, 2.919e-9, 1.520e-8, 9.061e-9
0.469, -1.243e-8, 2.919e-9, 1.520e-8, 9.061e-9
0.468, -1.243e-8, 2.919e-9, 1.520e-8, 9.061e-9
0.467, -1.243e-8, 2.919e-9, 1.520e-8, 9.061e-9
0.466, -1.243e-8, 2.919e-9, 1.520e-8, 9.061e-9
0.465, -1.243e-8, 2.919e-9, 1.520e-8, 9.061e-9
0.464, -1.243e-8, 2.919e-9, 1.520e-8, 9.061e-9
0.463, -1.243e-8, 2.919e-9, 1.520e-8, 9.061e-9
0.462, -1.243e-8, 2.919e-9, 1.520e-8, 9.061e-9
0.461, -1.243e-8, 2.919e-9, 1.520e-8, 9.061e-9
0.460, -1.243e-8, 2.919e-9, 1.520e-8, 9.061e-9
0.459, -1.243e-8, 5.990e-9, 1.827e-8, 9.061e-9
0.458, -1.243e-8, 5.990e-9, 1.520e-8, 1.213e-8
0.457, -1.243e-8, 5.990e-9, 1.827e-8, 1.213e-8
0.456, -1.243e-8, 5.990e-9, 1.827e-8, 1.213e-8
0.455, -9.363e-9, 5.990e-9, 1.827e-8, 1.213e-8
0.454, -1.243e-8, 5.990e-9, 1.520e-8, 1.213e-8
0.453, -1.243e-8, 5.990e-9, 1.827e-8, 1.213e-8
0.452, -1.243e-8, 5.990e-9, 1.827e-8, 1.213e-8
0.451, -1.243e-8, 5.990e-9, 1.827e-8, 1.213e-8
0.450, -9.363e-9, 5.990e-9, 1.827e-8, 1.213e-8
0.449, -9.363e-9, 5.990e-9, 1.827e-8, 1.213e-8
0.448, -1.243e-8, 5.990e-9, 1.827e-8, 1.213e-8
0.447, -9.363e-9, 5.990e-9, 1.827e-8, 1.213e-8
0.446, -9.363e-9, 5.990e-9, 1.827e-8, 1.213e-8
0.445, -9.363e-9, 5.990e-9, 1.827e-8, 1.213e-8
0.444, -9.363e-9, 5.990e-9, 1.827e-8, 1.213e-8
0.443, -9.363e-9, 5.990e-9, 1.827e-8, 1.520e-8
0.442, -9.363e-9, 5.990e-9, 1.827e-8, 1.213e-8
0.441, -9.363e-9, 5.990e-9, 1.827e-8, 1.213e-8
0.440, -9.363e-9, 9.060e-9, 1.827e-8, 1.213e-8
0.439, -9.363e-9, 5.990e-9, 1.827e-8, 1.520e-8
0.438, -9.363e-9, 9.060e-9, 1.827e-8, 1.520e-8
0.437, -9.363e-9, 9.060e-9, 1.827e-8, 1.213e-8
0.436, -9.363e-9, 5.990e-9, 1.827e-8, 1.520e-8
0.435, -9.363e-9, 9.060e-9, 1.827e-8, 1.213e-8
0.434, -9.363e-9, 9.060e-9, 1.827e-8, 1.520e-8
0.433, -9.363e-9, 9.060e-9, 2.134e-8, 1.520e-8
0.432, -9.363e-9, 9.060e-9, 1.827e-8, 1.520e-8
0.431, -9.363e-9, 9.060e-9, 2.134e-8, 1.520e-8
0.430, -9.363e-9, 9.060e-9, 2.134e-8, 1.520e-8
0.429, -9.363e-9, 9.060e-9, 1.827e-8, 1.520e-8
0.428, -9.363e-9, 9.060e-9, 2.134e-8, 1.520e-8
0.427, -9.363e-9, 9.060e-9, 2.134e-8, 1.520e-8
0.426, -9.363e-9, 9.060e-9, 2.134e-8, 1.520e-8
0.425, -9.363e-9, 9.060e-9, 2.134e-8, 1.520e-8
0.424, -9.363e-9, 9.060e-9, 2.134e-8, 1.520e-8
0.423, -9.363e-9, 9.060e-9, 2.134e-8, 1.520e-8
0.422, -9.363e-9, 9.060e-9, 2.134e-8, 1.520e-8
0.421, -9.363e-9, 9.060e-9, 2.134e-8, 1.520e-8
0.420, -6.293e-9, 9.060e-9, 2.134e-8, 1.520e-8
0.419, -9.363e-9, 9.060e-9, 2.134e-8, 1.827e-8
0.418, -9.363e-9, 9.060e-9, 2.134e-8, 1.520e-8
0.417, -9.363e-9, 9.060e-9, 2.134e-8, 1.520e-8
0.416, -9.363e-9, 9.060e-9, 2.134e-8, 1.520e-8
0.415, -9.363e-9, 9.060e-9, 2.134e-8, 1.827e-8
0.414, -6.293e-9, 1.213e-8, 2.134e-8, 1.520e-8
0.413, -6.293e-9, 1.213e-8, 2.134e-8, 1.827e-8
0.412, -6.293e-9, 1.213e-8, 2.134e-8, 1.827e-8
0.411, -6.293e-9, 1.213e-8, 2.134e-8, 1.520e-8
0.410, -9.363e-9, 1.213e-8, 2.134e-8, 1.520e-8
0.409, -9.363e-9, 9.060e-9, 2.134e-8, 1.520e-8
0.408, -6.293e-9, 1.213e-8, 2.134e-8, 1.827e-8
0.407, -6.293e-9, 1.213e-8, 2.134e-8, 1.827e-8
0.406, -6.293e-9, 1.213e-8, 2.134e-8, 1.827e-8
0.405, -6.293e-9, 1.213e-8, 2.441e-8, 1.827e-8
0.404, -6.293e-9, 1.213e-8, 2.441e-8, 1.827e-8
0.403, -6.293e-9, 1.213e-8, 2.441e-8, 1.827e-8
0.402, -6.293e-9, 1.213e-8, 2.441e-8, 1.827e-8
0.401, -6.293e-9, 1.213e-8, 2.441e-8, 1.827e-8
0.400, -6.293e-9, 1.213e-8, 2.441e-8, 1.827e-8
0.399, -6.293e-9, 1.213e-8, 2.441e-8, 1.827e-8
0.398, -6.293e-9, 1.213e-8, 2.441e-8, 1.827e-8
0.397, -6.293e-9, 1.213e-8, 2.441e-8, 1.827e-8
0.396, -6.293e-9, 1.213e-8, 2.441e-8, 1.827e-8
0.395, -6.293e-9, 1.213e-8, 2.441e-8, 1.827e-8
0.394, -6.293e-9, 1.213e-8, 2.441e-8, 1.827e-8
0.393, -6.293e-9, 1.213e-8, 2.441e-8, 1.827e-8
0.392, -6.293e-9, 1.213e-8, 2.441e-8, 2.134e-8
0.391, -6.293e-9, 1.213e-8, 2.441e-8, 2.134e-8
0.390, -6.293e-9, 1.213e-8, 2.441e-8, 1.827e-8
0.389, -6.293e-9, 1.213e-8, 2.441e-8, 2.134e-8
0.388, -6.293e-9, 1.213e-8, 2.441e-8, 1.827e-8
0.387, -6.293e-9, 1.213e-8, 2.441e-8, 1.827e-8
0.386, -6.293e-9, 1.213e-8, 2.441e-8, 2.134e-8
0.385, -6.293e-9, 1.213e-8, 2.441e-8, 2.134e-8
0.384, -6.293e-9, 1.213e-8, 2.441e-8, 2.134e-8
0.383, -6.293e-9, 1.213e-8, 2.441e-8, 2.134e-8
0.382, -6.293e-9, 1.213e-8, 2.441e-8, 2.134e-8
0.381, -6.293e-9, 1.213e-8, 2.441e-8, 2.134e-8
0.380, -6.293e-9, 1.520e-8, 2.441e-8, 2.134e-8
0.379, -6.293e-9, 1.213e-8, 2.441e-8, 2.134e-8
0.378, -6.293e-9, 1.213e-8, 2.748e-8, 2.134e-8
0.377, -6.293e-9, 1.520e-8, 2.441e-8, 2.134e-8
0.376, -6.293e-9, 1.520e-8, 2.748e-8, 2.134e-8
0.375, -6.293e-9, 1.520e-8, 2.441e-8, 2.134e-8
0.374, -6.293e-9, 1.213e-8, 2.748e-8, 2.134e-8
0.373, -6.293e-9, 1.520e-8, 2.748e-8, 2.134e-8
0.372, -6.293e-9, 1.213e-8, 2.441e-8, 2.134e-8
0.371, -6.293e-9, 1.213e-8, 2.441e-8, 2.134e-8
0.370, -6.293e-9, 1.213e-8, 2.748e-8, 2.134e-8
0.369, -6.293e-9, 1.213e-8, 2.748e-8, 2.134e-8
0.368, -6.293e-9, 1.520e-8, 2.748e-8, 2.134e-8
0.367, -6.293e-9, 1.213e-8, 2.748e-8, 2.134e-8
0.366, -6.293e-9, 1.520e-8, 2.748e-8, 2.134e-8
0.365, -6.293e-9, 1.520e-8, 2.748e-8, 2.134e-8
0.364, -6.293e-9, 1.520e-8, 2.748e-8, 2.134e-8
0.363, -6.293e-9, 1.520e-8, 2.748e-8, 2.134e-8
0.362, -6.293e-9, 1.520e-8, 2.748e-8, 2.134e-8
0.361, -9.363e-9, 1.213e-8, 2.748e-8, 2.134e-8
0.360, -6.293e-9, 1.520e-8, 2.748e-8, 2.134e-8
0.359, -6.293e-9, 1.213e-8, 2.748e-8, 2.134e-8
0.358, -9.363e-9, 1.213e-8, 2.748e-8, 2.134e-8
0.357, -9.363e-9, 1.520e-8, 2.748e-8, 2.134e-8
0.356, -9.363e-9, 1.520e-8, 2.748e-8, 2.134e-8
0.355, -9.363e-9, 1.520e-8, 2.748e-8, 2.134e-8
0.354, -9.363e-9, 1.520e-8, 2.748e-8, 2.134e-8
0.353, -9.363e-9, 1.213e-8, 2.748e-8, 2.134e-8
0.352, -9.363e-9, 1.213e-8, 2.748e-8, 2.134e-8
0.351, -9.363e-9, 1.213e-8, 2.748e-8, 2.134e-8
0.350, -9.363e-9, 1.213e-8, 2.748e-8, 2.134e-8
0.349, -9.363e-9, 1.213e-8, 2.748e-8, 2.134e-8
0.348, -9.363e-9, 1.213e-8, 2.748e-8, 2.134e-8
0.347, -9.363e-9, 1.213e-8, 2.748e-8, 1.827e-8
0.346, -1.243e-8, 1.213e-8, 2.748e-8, 2.134e-8
0.345, -9.363e-9, 1.213e-8, 2.748e-8, 1.827e-8
0.344, -9.363e-9, 1.213e-8, 2.748e-8, 2.134e-8
0.343, -9.363e-9, 1.213e-8, 2.748e-8, 2.134e-8
0.342, -1.243e-8, 1.213e-8, 2.748e-8, 2.134e-8
0.341, -1.243e-8, 1.213e-8, 2.748e-8, 2.134e-8
0.340, -1.243e-8, 1.213e-8, 2.748e-8, 2.134e-8
0.339, -1.243e-8, 1.213e-8, 2.748e-8, 1.827e-8
0.338, -1.243e-8, 1.213e-8, 2.748e-8, 1.827e-8
0.337, -1.243e-8, 1.213e-8, 2.748e-8, 1.827e-8
0.336, -1.243e-8, 1.213e-8, 2.748e-8, 1.827e-8
0.335, -1.243e-8, 1.213e-8, 2.748e-8, 1.827e-8
0.334, -1.550e-8, 1.213e-8, 2.748e-8, 1.827e-8
0.333, -1.550e-8, 1.213e-8, 2.748e-8, 1.827e-8
0.332, -1.550e-8, 9.060e-9, 2.748e-8, 1.827e-8
0.331, -1.550e-8, 9.060e-9, 2.748e-8, 1.827e-8
0.330, -1.550e-8, 9.060e-9, 2.748e-8, 1.827e-8
0.329, -1.550e-8, 9.060e-9, 2.748e-8, 1.827e-8
0.328, -1.550e-8, 9.060e-9, 2.748e-8, 1.827e-8
0.327, -1.550e-8, 1.213e-8, 2.748e-8, 1.827e-8
0.326, -1.857e-8, 9.060e-9, 2.748e-8, 1.827e-8
0.325, -1.857e-8, 9.060e-9, 2.748e-8, 1.827e-8
0.324, -1.857e-8, 9.060e-9, 2.748e-8, 1.827e-8
0.323, -1.857e-8, 9.060e-9, 2.748e-8, 1.827e-8
0.322, -1.857e-8, 9.060e-9, 2.748e-8, 1.827e-8
0.321, -1.857e-8, 9.060e-9, 2.748e-8, 1.520e-8
0.320, -1.857e-8, 9.060e-9, 2.748e-8, 1.827e-8
0.319, -2.164e-8, 9.060e-9, 2.748e-8, 1.827e-8
0.318, -2.164e-8, 9.060e-9, 2.748e-8, 1.827e-8
0.317, -2.164e-8, 9.060e-9, 2.441e-8, 1.520e-8
0.316, -2.164e-8, 9.060e-9, 2.441e-8, 1.520e-8
0.315, -2.164e-8, 5.990e-9, 2.748e-8, 1.520e-8
0.314, -2.164e-8, 5.990e-9, 2.441e-8, 1.520e-8
0.313, -2.164e-8, 5.990e-9, 2.441e-8, 1.520e-8
0.312, -2.164e-8, 5.990e-9, 2.441e-8, 1.520e-8
0.311, -2.472e-8, 5.990e-9, 2.748e-8, 1.520e-8
0.310, -2.472e-8, 5.990e-9, 2.441e-8, 1.520e-8
0.309, -2.472e-8, 5.990e-9, 2.441e-8, 1.520e-8
0.308, -2.472e-8, 5.990e-9, 2.441e-8, 1.520e-8
0.307, -2.779e-8, 5.990e-9, 2.441e-8, 1.520e-8
0.306, -2.472e-8, 5.990e-9, 2.441e-8, 1.213e-8
0.305, -2.779e-8, 5.990e-9, 2.441e-8, 1.213e-8
0.304, -2.779e-8, 5.990e-9, 2.441e-8, 1.213e-8
0.303, -2.779e-8, 2.919e-9, 2.441e-8, 1.213e-8
0.302, -2.779e-8, 5.990e-9, 2.441e-8, 1.213e-8
0.301, -2.779e-8, 2.919e-9, 2.441e-8, 1.213e-8
0.300, -3.086e-8, 2.919e-9, 2.441e-8, 1.213e-8
0.299, -3.086e-8, 2.919e-9, 2.441e-8, 1.213e-8
0.298, -3.086e-8, 2.919e-9, 2.441e-8, 1.213e-8
0.297, -3.086e-8, 2.919e-9, 2.134e-8, 9.061e-9
0.296, -3.086e-8, 2.919e-9, 2.441e-8, 1.213e-8
0.295, -3.086e-8, 2.919e-9, 2.134e-8, 9.061e-9
0.294, -3.393e-8, 2.919e-9, 2.134e-8, 9.061e-9
0.293, -3.393e-8, 2.919e-9, 2.134e-8, 9.061e-9
0.292, -3.393e-8, 2.919e-9, 2.134e-8, 9.061e-9
0.291, -3.393e-8, -1.511e-10, 2.134e-8, 9.061e-9
0.290, -3.393e-8, -1.511e-10, 2.134e-8, 9.061e-9
0.289, -3.700e-8, -1.511e-10, 2.134e-8, 9.061e-9
0.288, -3.700e-8, -1.511e-10, 2.134e-8, 9.061e-9
0.287, -3.700e-8, -1.511e-10, 2.134e-8, 5.991e-9
0.286, -3.700e-8, -1.511e-10, 2.134e-8, 5.991e-9
0.285, -3.700e-8, -1.511e-10, 2.134e-8, 5.991e-9
0.284, -3.700e-8, -1.511e-10, 2.134e-8, 5.991e-9
0.283, -3.700e-8, -1.511e-10, 1.827e-8, 5.991e-9
0.282, -4.007e-8, -3.222e-9, 1.827e-8, 5.991e-9
0.281, -4.007e-8, -3.222e-9, 1.827e-8, 5.991e-9
0.280, -4.007e-8, -1.511e-10, 1.827e-8, 5.991e-9
0.279, -4.007e-8, -3.222e-9, 1.827e-8, 5.991e-9
0.278, -4.007e-8, -3.222e-9, 1.827e-8, 2.920e-9
0.277, -4.314e-8, -3.222e-9, 1.827e-8, 2.920e-9
0.276, -4.314e-8, -3.222e-9, 1.827e-8, 2.920e-9
0.275, -4.314e-8, -6.292e-9, 1.520e-8, 2.920e-9
0.274, -4.314e-8, -6.292e-9, 1.520e-8, 2.920e-9
0.273, -4.314e-8, -6.292e-9, 1.827e-8, 2.920e-9
0.272, -4.314e-8, -6.292e-9, 1.520e-8, 2.920e-9
0.271, -4.314e-8, -6.292e-9, 1.520e-8, 2.920e-9
0.270, -4.314e-8, -6.292e-9, 1.520e-8, -1.504e-10
0.269, -4.621e-8, -6.292e-9, 1.520e-8, -1.504e-10
0.268, -4.621e-8, -6.292e-9, 1.520e-8, -1.504e-10
0.267, -4.621e-8, -6.292e-9, 1.520e-8, -1.504e-10
0.266, -4.621e-8, -9.363e-9, 1.213e-8, -1.504e-10
0.265, -4.621e-8, -9.363e-9, 1.520e-8, -1.504e-10
0.264, -4.621e-8, -9.363e-9, 1.520e-8, -1.504e-10
0.263, -4.621e-8, -9.363e-9, 1.213e-8, -3.221e-9
0.262, -4.928e-8, -9.363e-9, 1.213e-8, -1.504e-10
0.261, -4.928e-8, -9.363e-9, 1.213e-8, -3.221e-9
0.260, -4.928e-8, -9.363e-9, 1.213e-8, -1.504e-10
0.259, -4.928e-8, -9.363e-9, 1.213e-8, -3.221e-9
0.258, -4.928e-8, -9.363e-9, 1.213e-8, -3.221e-9
0.257, -4.928e-8, -1.243e-8, 1.213e-8, -3.221e-9
0.256, -4.928e-8, -1.243e-8, 1.213e-8, -3.221e-9
0.255, -5.235e-8, -1.243e-8, 9.061e-9, -3.221e-9
0.254, -4.928e-8, -1.243e-8, 9.061e-9, -6.291e-9
0.253, -5.235e-8, -1.243e-8, 9.061e-9, -6.291e-9
0.252, -5.235e-8, -1.243e-8, 9.061e-9, -6.291e-9
0.251, -5.235e-8, -1.243e-8, 9.061e-9, -6.291e-9
0.250, -5.235e-8, -1.243e-8, 9.061e-9, -6.291e-9
0.249, -5.235e-8, -1.243e-8, 9.061e-9, -6.291e-9
0.248, -5.235e-8, -1.243e-8, 9.061e-9, -6.291e-9
0.247, -5.235e-8, -1.243e-8, 9.061e-9, -6.291e-9
0.246, -5.542e-8, -1.550e-8, 5.991e-9, -9.362e-9
0.245, -5.542e-8, -1.550e-8, 9.061e-9, -6.291e-9
0.244, -5.542e-8, -1.550e-8, 5.991e-9, -9.362e-9
0.243, -5.542e-8, -1.550e-8, 5.991e-9, -9.362e-9
0.242, -5.542e-8, -1.550e-8, 5.991e-9, -9.362e-9
0.241, -5.542e-8, -1.550e-8, 5.991e-9, -9.362e-9
0.240, -5.542e-8, -1.550e-8, 5.991e-9, -9.362e-9
0.239, -5.849e-8, -1.550e-8, 5.991e-9, -9.362e-9
0.238, -5.542e-8, -1.550e-8, 5.991e-9, -9.362e-9
0.237, -5.849e-8, -1.857e-8, 2.920e-9, -1.243e-8
0.236, -5.849e-8, -1.857e-8, 2.920e-9, -1.243e-8
0.235, -5.849e-8, -1.857e-8, 2.920e-9, -1.243e-8
0.234, -5.849e-8, -1.857e-8, 2.920e-9, -1.243e-8
0.233, -5.849e-8, -1.857e-8, 2.920e-9, -1.243e-8
0.232, -5.849e-8, -1.857e-8, 2.920e-9, -1.243e-8
0.231, -6.156e-8, -1.857e-8, 2.920e-9, -1.243e-8
0.230, -6.156e-8, -1.857e-8, -1.500e-10, -1.243e-8
0.229, -6.156e-8, -1.857e-8, 2.920e-9, -1.243e-8
0.228, -6.156e-8, -2.164e-8, -1.500e-10, -1.550e-8
0.227, -6.156e-8, -2.164e-8, -1.500e-10, -1.550e-8
0.226, -6.156e-8, -2.164e-8, -1.500e-10, -1.550e-8
0.225, -6.156e-8, -2.164e-8, -1.500e-10, -1.550e-8
0.224, -6.463e-8, -2.164e-8, -3.221e-9, -1.857e-8
0.223, -6.463e-8, -2.164e-8, -3.221e-9, -1.857e-8
0.222, -6.463e-8, -2.164e-8, -3.221e-9, -1.857e-8
0.221, -6.463e-8, -2.472e-8, -3.221e-9, -1.857e-8
0.220, -6.463e-8, -2.472e-8, -3.221e-9, -1.857e-8
0.219, -6.770e-8, -2.471e-8, -6.291e-9, -1.857e-8
0.218, -6.770e-8, -2.471e-8, -6.291e-9, -2.164e-8
0.217, -6.770e-8, -2.471e-8, -6.291e-9, -2.164e-8
0.216, -6.770e-8, -2.471e-8, -9.362e-9, -2.164e-8
0.215, -7.077e-8, -2.779e-8, -9.362e-9, -2.471e-8
0.214, -7.077e-8, -2.779e-8, -9.362e-9, -2.471e-8
0.213, -7.077e-8, -2.779e-8, -9.362e-9, -2.471e-8
0.212, -7.077e-8, -3.086e-8, -1.243e-8, -2.778e-8
0.211, -7.384e-8, -3.086e-8, -1.243e-8, -2.778e-8
0.210, -7.384e-8, -3.086e-8, -1.550e-8, -2.778e-8
0.209, -7.384e-8, -3.393e-8, -1.550e-8, -3.086e-8
0.208, -7.691e-8, -3.393e-8, -1.857e-8, -3.086e-8
0.207, -7.691e-8, -3.700e-8, -1.857e-8, -3.086e-8
0.206, -7.998e-8, -3.700e-8, -2.164e-8, -3.393e-8
0.205, -7.998e-8, -3.700e-8, -2.471e-8, -3.700e-8
0.204, -8.305e-8, -4.007e-8, -2.471e-8, -3.700e-8
0.203, -8.305e-8, -4.007e-8, -2.471e-8, -3.700e-8
0.202, -8.305e-8, -4.314e-8, -2.778e-8, -4.007e-8
0.201, -8.613e-8, -4.314e-8, -2.778e-8, -4.314e-8
0.200, -8.613e-8, -4.314e-8, -3.085e-8, -4.314e-8
0.199, -8.920e-8, -4.621e-8, -3.393e-8, -4.621e-8
0.198, -9.227e-8, -4.621e-8, -3.700e-8, -4.621e-8
0.197, -9.227e-8, -4.928e-8, -3.700e-8, -4.928e-8
0.196, -9.534e-8, -5.235e-8, -4.007e-8, -5.235e-8
0.195, -9.534e-8, -5.235e-8, -4.314e-8, -5.542e-8
0.194, -9.841e-8, -5.542e-8, -4.621e-8, -5.542e-8
0.193, -1.015e-7, -5.849e-8, -4.928e-8, -5.849e-8
0.192, -1.045e-7, -6.156e-8, -5.235e-8, -6.156e-8
0.191, -1.076e-7, -6.156e-8, -5.542e-8, -6.463e-8
0.190, -1.076e-7, -6.463e-8, -5.849e-8, -6.770e-8
0.189, -1.107e-7, -6.770e-8, -6.156e-8, -7.077e-8
0.188, -1.138e-7, -7.077e-8, -6.463e-8, -7.384e-8
0.187, -1.138e-7, -7.384e-8, -6.770e-8, -7.691e-8
0.186, -1.168e-7, -7.384e-8, -7.077e-8, -7.998e-8
0.185, -1.230e-7, -7.998e-8, -7.384e-8, -8.305e-8
0.184, -1.260e-7, -7.998e-8, -7.691e-8, -8.612e-8
0.183, -1.260e-7, -8.612e-8, -8.305e-8, -8.919e-8
0.182, -1.291e-7, -8.612e-8, -8.612e-8, -9.534e-8
0.181, -1.322e-7, -9.227e-8, -8.919e-8, -9.841e-8
0.180, -1.353e-7, -9.227e-8, -9.534e-8, -1.015e-7
0.179, -1.414e-7, -9.841e-8, -9.841e-8, -1.076e-7
0.178, -1.445e-7, -1.015e-7, -1.045e-7, -1.107e-7
0.177, -1.475e-7, -1.045e-7, -1.076e-7, -1.138e-7
0.176, -1.506e-7, -1.076e-7, -1.138e-7, -1.199e-7
0.175, -1.537e-7, -1.107e-7, -1.168e-7, -1.230e-7
0.174, -1.567e-7, -1.138e-7, -1.230e-7, -1.260e-7
0.173, -1.598e-7, -1.199e-7, -1.260e-7, -1.322e-7
0.172, -1.660e-7, -1.230e-7, -1.322e-7, -1.383e-7
0.171, -1.690e-7, -1.260e-7, -1.353e-7, -1.414e-7
0.170, -1.721e-7, -1.291e-7, -1.414e-7, -1.445e-7
0.169, -1.752e-7, -1.353e-7, -1.445e-7, -1.506e-7
0.168, -1.813e-7, -1.383e-7, -1.506e-7, -1.537e-7
0.167, -1.844e-7, -1.414e-7, -1.567e-7, -1.598e-7
0.166, -1.875e-7, -1.475e-7, -1.598e-7, -1.660e-7
0.165, -1.905e-7, -1.506e-7, -1.660e-7, -1.690e-7
0.164, -1.967e-7, -1.537e-7, -1.721e-7, -1.721e-7
0.163, -1.997e-7, -1.567e-7, -1.752e-7, -1.782e-7
0.162, -2.028e-7, -1.629e-7, -1.813e-7, -1.813e-7
0.161, -2.059e-7, -1.660e-7, -1.844e-7, -1.875e-7
0.160, -2.089e-7, -1.690e-7, -1.905e-7, -1.905e-7
0.159, -2.151e-7, -1.721e-7, -1.936e-7, -1.967e-7
0.158, -2.151e-7, -1.752e-7, -1.997e-7, -1.997e-7
0.157, -2.182e-7, -1.782e-7, -2.028e-7, -2.059e-7
0.156, -2.212e-7, -1.813e-7, -2.089e-7, -2.089e-7
0.155, -2.274e-7, -1.844e-7, -2.120e-7, -2.120e-7
0.154, -2.274e-7, -1.875e-7, -2.151e-7, -2.151e-7
0.153, -2.335e-7, -1.905e-7, -2.182e-7, -2.182e-7
0.152, -2.335e-7, -1.936e-7, -2.212e-7, -2.212e-7
0.151, -2.366e-7, -1.967e-7, -2.243e-7, -2.243e-7
0.150, -2.397e-7, -1.997e-7, -2.274e-7, -2.274e-7
0.149, -2.397e-7, -1.997e-7, -2.304e-7, -2.304e-7
0.148, -2.427e-7, -2.028e-7, -2.304e-7, -2.335e-7
0.147, -2.458e-7, -2.028e-7, -2.335e-7, -2.335e-7
0.146, -2.458e-7, -2.059e-7, -2.366e-7, -2.366e-7
0.145, -2.458e-7, -2.059e-7, -2.366e-7, -2.366e-7
0.144, -2.458e-7, -2.059e-7, -2.396e-7, -2.396e-7
0.143, -2.489e-7, -2.089e-7, -2.396e-7, -2.396e-7
0.142, -2.489e-7, -2.089e-7, -2.427e-7, -2.427e-7
0.141, -2.489e-7, -2.089e-7, -2.427e-7, -2.427e-7
0.140, -2.519e-7, -2.089e-7, -2.427e-7, -2.427e-7
0.139, -2.489e-7, -2.089e-7, -2.427e-7, -2.427e-7
0.138, -2.489e-7, -2.089e-7, -2.396e-7, -2.396e-7
0.137, -2.489e-7, -2.089e-7, -2.396e-7, -2.396e-7
0.136, -2.489e-7, -2.089e-7, -2.396e-7, -2.396e-7
0.135, -2.458e-7, -2.059e-7, -2.396e-7, -2.396e-7
0.134, -2.458e-7, -2.059e-7, -2.366e-7, -2.366e-7
0.133, -2.458e-7, -2.059e-7, -2.366e-7, -2.366e-7
0.132, -2.427e-7, -2.028e-7, -2.335e-7, -2.335e-7
0.131, -2.397e-7, -2.028e-7, -2.335e-7, -2.335e-7
0.130, -2.397e-7, -1.997e-7, -2.304e-7, -2.304e-7
0.129, -2.366e-7, -1.967e-7, -2.274e-7, -2.274e-7
0.128, -2.366e-7, -1.967e-7, -2.274e-7, -2.243e-7
0.127, -2.335e-7, -1.936e-7, -2.212e-7, -2.212e-7
0.126, -2.304e-7, -1.905e-7, -2.182e-7, -2.212e-7
0.125, -2.274e-7, -1.875e-7, -2.182e-7, -2.182e-7
0.124, -2.243e-7, -1.875e-7, -2.151e-7, -2.151e-7
0.123, -2.212e-7, -1.813e-7, -2.089e-7, -2.120e-7
0.122, -2.182e-7, -1.813e-7, -2.059e-7, -2.089e-7
0.121, -2.151e-7, -1.782e-7, -2.028e-7, -2.059e-7
0.120, -2.120e-7, -1.752e-7, -1.997e-7, -1.997e-7
0.119, -2.089e-7, -1.721e-7, -1.967e-7, -1.967e-7
0.118, -2.059e-7, -1.690e-7, -1.936e-7, -1.936e-7
0.117, -2.028e-7, -1.660e-7, -1.875e-7, -1.905e-7
0.116, -1.997e-7, -1.629e-7, -1.844e-7, -1.875e-7
0.115, -1.967e-7, -1.598e-7, -1.813e-7, -1.844e-7
0.114, -1.936e-7, -1.567e-7, -1.782e-7, -1.782e-7
0.113, -1.905e-7, -1.537e-7, -1.721e-7, -1.752e-7
0.112, -1.875e-7, -1.506e-7, -1.690e-7, -1.721e-7
0.111, -1.844e-7, -1.475e-7, -1.660e-7, -1.690e-7
0.110, -1.813e-7, -1.445e-7, -1.629e-7, -1.629e-7
0.109, -1.782e-7, -1.414e-7, -1.598e-7, -1.629e-7
0.108, -1.752e-7, -1.383e-7, -1.567e-7, -1.598e-7
0.107, -1.721e-7, -1.353e-7, -1.537e-7, -1.537e-7
0.106, -1.690e-7, -1.322e-7, -1.506e-7, -1.506e-7
0.105, -1.660e-7, -1.322e-7, -1.475e-7, -1.475e-7
0.104, -1.629e-7, -1.260e-7, -1.445e-7, -1.445e-7
0.103, -1.598e-7, -1.260e-7, -1.414e-7, -1.414e-7
0.102, -1.567e-7, -1.230e-7, -1.383e-7, -1.414e-7
0.101, -1.567e-7, -1.199e-7, -1.322e-7, -1.353e-7
0.100, -1.537e-7, -1.168e-7, -1.322e-7, -1.322e-7
0.099, -1.506e-7, -1.138e-7, -1.291e-7, -1.291e-7
0.098, -1.475e-7, -1.138e-7, -1.260e-7, -1.291e-7
0.097, -1.445e-7, -1.107e-7, -1.230e-7, -1.260e-7
0.096, -1.414e-7, -1.076e-7, -1.230e-7, -1.230e-7
0.095, -1.414e-7, -1.076e-7, -1.199e-7, -1.230e-7
0.094, -1.383e-7, -1.045e-7, -1.168e-7, -1.199e-7
0.093, -1.383e-7, -1.045e-7, -1.138e-7, -1.168e-7
0.092, -1.353e-7, -1.045e-7, -1.138e-7, -1.138e-7
0.091, -1.322e-7, -1.015e-7, -1.107e-7, -1.138e-7
0.090, -1.322e-7, -9.841e-8, -1.107e-7, -1.107e-7
0.089, -1.291e-7, -9.841e-8, -1.076e-7, -1.107e-7
0.088, -1.291e-7, -9.841e-8, -1.045e-7, -1.076e-7
0.087, -1.260e-7, -9.534e-8, -1.045e-7, -1.045e-7
0.086, -1.260e-7, -9.534e-8, -1.015e-7, -1.045e-7
0.085, -1.230e-7, -9.227e-8, -1.015e-7, -1.045e-7
0.084, -1.230e-7, -9.227e-8, -1.015e-7, -1.015e-7
0.083, -1.230e-7, -9.227e-8, -9.841e-8, -1.015e-7
0.082, -1.199e-7, -8.920e-8, -9.841e-8, -1.015e-7
0.081, -1.199e-7, -8.920e-8, -9.534e-8, -9.841e-8
0.080, -1.199e-7, -8.920e-8, -9.534e-8, -9.841e-8
0.079, -1.168e-7, -8.612e-8, -9.534e-8, -9.841e-8
0.078, -1.168e-7, -8.612e-8, -9.226e-8, -9.534e-8
0.077, -1.168e-7, -8.612e-8, -9.226e-8, -9.534e-8
0.076, -1.168e-7, -8.612e-8, -9.226e-8, -9.534e-8
0.075, -1.138e-7, -8.305e-8, -8.919e-8, -9.227e-8
0.074, -1.138e-7, -8.305e-8, -8.919e-8, -9.227e-8
0.073, -1.138e-7, -8.305e-8, -8.919e-8, -9.227e-8
0.072, -1.107e-7, -8.305e-8, -8.919e-8, -9.227e-8
0.071, -1.107e-7, -8.305e-8, -8.919e-8, -8.919e-8
0.070, -1.107e-7, -8.305e-8, -8.919e-8, -8.919e-8
0.069, -1.107e-7, -7.998e-8, -8.612e-8, -8.919e-8
0.068, -1.107e-7, -7.998e-8, -8.612e-8, -8.919e-8
0.067, -1.107e-7, -7.998e-8, -8.612e-8, -8.919e-8
0.066, -1.107e-7, -7.998e-8, -8.612e-8, -8.919e-8
0.065, -1.076e-7, -7.998e-8, -8.305e-8, -8.919e-8
0.064, -1.076e-7, -7.998e-8, -8.305e-8, -8.919e-8
0.063, -1.076e-7, -7.998e-8, -8.305e-8, -8.612e-8
0.062, -1.076e-7, -7.998e-8, -8.305e-8, -8.919e-8
0.061, -1.076e-7, -7.691e-8, -8.305e-8, -8.612e-8
0.060, -1.076e-7, -7.998e-8, -8.305e-8, -8.612e-8
0.059, -1.076e-7, -7.691e-8, -8.305e-8, -8.612e-8
0.058, -1.076e-7, -7.691e-8, -8.305e-8, -8.612e-8
0.057, -1.076e-7, -7.691e-8, -8.305e-8, -8.612e-8
0.056, -1.045e-7, -7.691e-8, -8.305e-8, -8.612e-8
0.055, -1.076e-7, -7.691e-8, -7.998e-8, -8.612e-8
0.054, -1.045e-7, -7.691e-8, -7.998e-8, -8.612e-8
0.053, -1.045e-7, -7.691e-8, -7.998e-8, -8.305e-8
0.052, -1.045e-7, -7.691e-8, -7.998e-8, -8.612e-8
0.051, -1.045e-7, -7.691e-8, -7.998e-8, -8.305e-8
0.050, -1.045e-7, -7.691e-8, -7.998e-8, -8.612e-8
0.049, -1.045e-7, -7.691e-8, -7.998e-8, -8.305e-8
0.048, -1.045e-7, -7.691e-8, -7.998e-8, -8.305e-8
0.047, -1.045e-7, -7.691e-8, -7.998e-8, -8.305e-8
0.046, -1.045e-7, -7.691e-8, -7.998e-8, -8.305e-8
0.045, -1.045e-7, -7.691e-8, -7.998e-8, -8.305e-8
0.044, -1.045e-7, -7.691e-8, -7.998e-8, -8.305e-8
0.043, -1.045e-7, -7.691e-8, -7.998e-8, -8.305e-8
0.042, -1.045e-7, -7.691e-8, -7.998e-8, -8.305e-8
0.041, -1.045e-7, -7.691e-8, -7.998e-8, -8.305e-8
0.040, -1.045e-7, -7.691e-8, -7.998e-8, -8.305e-8
0.039, -1.045e-7, -7.691e-8, -7.998e-8, -8.305e-8
0.038, -1.045e-7, -7.691e-8, -7.998e-8, -8.305e-8
0.037, -1.045e-7, -7.691e-8, -7.998e-8, -8.305e-8
0.036, -1.045e-7, -7.691e-8, -7.998e-8, -8.305e-8
0.035, -1.045e-7, -7.691e-8, -7.998e-8, -8.305e-8
0.034, -1.045e-7, -7.691e-8, -7.998e-8, -8.305e-8
0.033, -1.045e-7, -7.691e-8, -7.998e-8, -8.305e-8
0.032, -1.045e-7, -7.691e-8, -7.998e-8, -8.305e-8
0.031, -1.045e-7, -7.691e-8, -7.998e-8, -8.305e-8
0.030, -1.045e-7, -7.691e-8, -7.998e-8, -8.305e-8
0.029, -1.045e-7, -7.691e-8, -7.998e-8, -8.305e-8
0.028, -1.045e-7, -7.691e-8, -7.998e-8, -8.612e-8
0.027, -1.045e-7, -7.691e-8, -7.998e-8, -8.612e-8
0.026, -1.045e-7, -7.691e-8, -7.998e-8, -8.612e-8
0.025, -1.045e-7, -7.691e-8, -7.998e-8, -8.612e-8
0.024, -1.045e-7, -7.691e-8, -7.998e-8, -8.612e-8
0.023, -1.045e-7, -7.691e-8, -7.998e-8, -8.612e-8
0.022, -1.076e-7, -7.691e-8, -8.305e-8, -8.612e-8
0.021, -1.045e-7, -7.998e-8, -8.305e-8, -8.612e-8
0.020, -1.076e-7, -7.998e-8, -8.305e-8, -8.612e-8
0.019, -1.076e-7, -7.998e-8, -8.305e-8, -8.612e-8
0.018, -1.076e-7, -7.998e-8, -8.305e-8, -8.612e-8
0.017, -1.076e-7, -7.998e-8, -8.305e-8, -8.612e-8
0.016, -1.076e-7, -7.998e-8, -8.305e-8, -8.612e-8
0.015, -1.076e-7, -7.998e-8, -8.305e-8, -8.612e-8
0.014, -1.076e-7, -7.998e-8, -8.305e-8, -8.612e-8
0.013, -1.076e-7, -7.998e-8, -8.305e-8, -8.919e-8
0.012, -1.076e-7, -7.998e-8, -8.305e-8, -8.919e-8
0.011, -1.076e-7, -7.998e-8, -8.612e-8, -8.919e-8
0.010, -1.107e-7, -7.998e-8, -8.612e-8, -8.919e-8
0.009, -1.107e-7, -8.305e-8, -8.612e-8, -8.919e-8
0.008, -1.107e-7, -8.305e-8, -8.612e-8, -8.919e-8
0.007, -1.107e-7, -8.305e-8, -8.612e-8, -8.919e-8
0.006, -1.107e-7, -8.305e-8, -8.612e-8, -8.919e-8
0.005, -1.107e-7, -8.305e-8, -8.612e-8, -9.227e-8
0.004, -1.107e-7, -8.305e-8, -8.612e-8, -9.227e-8
0.003, -1.107e-7, -8.305e-8, -8.612e-8, -9.227e-8
0.002, -1.107e-7, -8.305e-8, -8.919e-8, -9.227e-8
0.001, -1.138e-7, -8.612e-8, -8.919e-8, -9.227e-8
0.000, -1.138e-7, -8.612e-8, -8.919e-8, -9.227e-8
-0.001, -1.138e-7, -8.612e-8, -8.919e-8, -9.227e-8
-0.002, -1.138e-7, -8.612e-8, -8.919e-8, -9.534e-8
-0.003, -1.138e-7, -8.612e-8, -8.919e-8, -9.534e-8
-0.004, -1.168e-7, -8.612e-8, -9.226e-8, -9.534e-8
-0.005, -1.168e-7, -8.612e-8, -9.226e-8, -9.534e-8
-0.006, -1.168e-7, -8.920e-8, -9.226e-8, -9.534e-8
-0.007, -1.168e-7, -8.920e-8, -9.226e-8, -9.841e-8
-0.008, -1.168e-7, -8.920e-8, -9.226e-8, -9.534e-8
-0.009, -1.199e-7, -8.920e-8, -9.534e-8, -9.841e-8
-0.010, -1.199e-7, -8.920e-8, -9.534e-8, -9.841e-8
-0.011, -1.199e-7, -9.227e-8, -9.534e-8, -9.841e-8
-0.012, -1.199e-7, -9.227e-8, -9.534e-8, -1.015e-7
-0.013, -1.199e-7, -9.227e-8, -9.534e-8, -1.015e-7
-0.014, -1.230e-7, -9.227e-8, -9.534e-8, -1.015e-7
-0.015, -1.230e-7, -9.534e-8, -9.841e-8, -1.045e-7
-0.016, -1.230e-7, -9.534e-8, -9.841e-8, -1.045e-7
-0.017, -1.230e-7, -9.534e-8, -9.841e-8, -1.045e-7
-0.018, -1.260e-7, -9.534e-8, -9.841e-8, -1.045e-7
-0.019, -1.260e-7, -9.841e-8, -1.015e-7, -1.045e-7
-0.020, -1.260e-7, -9.534e-8, -1.015e-7, -1.076e-7
-0.021, -1.260e-7, -9.841e-8, -1.015e-7, -1.076e-7
-0.022, -1.291e-7, -9.841e-8, -1.015e-7, -1.076e-7
-0.023, -1.291e-7, -1.015e-7, -1.045e-7, -1.107e-7
-0.024, -1.291e-7, -1.015e-7, -1.045e-7, -1.107e-7
-0.025, -1.322e-7, -1.015e-7, -1.045e-7, -1.107e-7
-0.026, -1.322e-7, -1.015e-7, -1.076e-7, -1.138e-7
-0.027, -1.322e-7, -1.045e-7, -1.076e-7, -1.138e-7
-0.028, -1.322e-7, -1.045e-7, -1.076e-7, -1.138e-7
-0.029, -1.353e-7, -1.045e-7, -1.107e-7, -1.168e-7
-0.030, -1.353e-7, -1.076e-7, -1.107e-7, -1.168e-7
-0.031, -1.383e-7, -1.076e-7, -1.138e-7, -1.168e-7
-0.032, -1.383e-7, -1.107e-7, -1.138e-7, -1.199e-7
-0.033, -1.383e-7, -1.107e-7, -1.138e-7, -1.199e-7
-0.034, -1.414e-7, -1.107e-7, -1.168e-7, -1.230e-7
-0.035, -1.414e-7, -1.138e-7, -1.168e-7, -1.230e-7
-0.036, -1.445e-7, -1.138e-7, -1.168e-7, -1.260e-7
-0.037, -1.445e-7, -1.168e-7, -1.199e-7, -1.260e-7
-0.038, -1.475e-7, -1.168e-7, -1.230e-7, -1.291e-7
-0.039, -1.475e-7, -1.168e-7, -1.230e-7, -1.291e-7
-0.040, -1.475e-7, -1.199e-7, -1.230e-7, -1.322e-7
-0.041, -1.506e-7, -1.230e-7, -1.260e-7, -1.322e-7
-0.042, -1.537e-7, -1.230e-7, -1.260e-7, -1.353e-7
-0.043, -1.537e-7, -1.230e-7, -1.291e-7, -1.353e-7
-0.044, -1.567e-7, -1.260e-7, -1.291e-7, -1.383e-7
-0.045, -1.567e-7, -1.291e-7, -1.322e-7, -1.414e-7
-0.046, -1.598e-7, -1.291e-7, -1.322e-7, -1.414e-7
-0.047, -1.598e-7, -1.322e-7, -1.353e-7, -1.445e-7
-0.048, -1.629e-7, -1.322e-7, -1.383e-7, -1.445e-7
-0.049, -1.660e-7, -1.353e-7, -1.383e-7, -1.475e-7
-0.050, -1.660e-7, -1.353e-7, -1.414e-7, -1.506e-7
-0.051, -1.690e-7, -1.383e-7, -1.445e-7, -1.537e-7
-0.052, -1.721e-7, -1.414e-7, -1.445e-7, -1.537e-7
-0.053, -1.721e-7, -1.445e-7, -1.475e-7, -1.567e-7
-0.054, -1.752e-7, -1.445e-7, -1.506e-7, -1.598e-7
-0.055, -1.782e-7, -1.475e-7, -1.537e-7, -1.598e-7
-0.056, -1.813e-7, -1.506e-7, -1.537e-7, -1.629e-7
-0.057, -1.813e-7, -1.537e-7, -1.567e-7, -1.660e-7
-0.058, -1.844e-7, -1.567e-7, -1.598e-7, -1.690e-7
-0.059, -1.875e-7, -1.567e-7, -1.629e-7, -1.721e-7
-0.060, -1.905e-7, -1.598e-7, -1.660e-7, -1.752e-7
-0.061, -1.936e-7, -1.629e-7, -1.690e-7, -1.782e-7
-0.062, -1.967e-7, -1.660e-7, -1.690e-7, -1.813e-7
-0.063, -1.967e-7, -1.690e-7, -1.721e-7, -1.844e-7
-0.064, -2.028e-7, -1.721e-7, -1.752e-7, -1.875e-7
-0.065, -2.028e-7, -1.752e-7, -1.782e-7, -1.905e-7
-0.066, -2.059e-7, -1.782e-7, -1.813e-7, -1.936e-7
-0.067, -2.120e-7, -1.813e-7, -1.844e-7, -1.967e-7
-0.068, -2.151e-7, -1.844e-7, -1.905e-7, -1.997e-7
-0.069, -2.182e-7, -1.875e-7, -1.936e-7, -2.059e-7
-0.070, -2.212e-7, -1.905e-7, -1.967e-7, -2.089e-7
-0.071, -2.243e-7, -1.936e-7, -1.997e-7, -2.120e-7
-0.072, -2.274e-7, -1.997e-7, -2.028e-7, -2.151e-7
-0.073, -2.304e-7, -2.028e-7, -2.089e-7, -2.212e-7
-0.074, -2.366e-7, -2.059e-7, -2.120e-7, -2.243e-7
-0.075, -2.396e-7, -2.089e-7, -2.151e-7, -2.274e-7
-0.076, -2.458e-7, -2.151e-7, -2.212e-7, -2.335e-7
-0.077, -2.489e-7, -2.182e-7, -2.243e-7, -2.366e-7
-0.078, -2.519e-7, -2.243e-7, -2.274e-7, -2.427e-7
-0.079, -2.581e-7, -2.274e-7, -2.335e-7, -2.489e-7
-0.080, -2.611e-7, -2.335e-7, -2.396e-7, -2.519e-7
-0.081, -2.673e-7, -2.366e-7, -2.427e-7, -2.581e-7
-0.082, -2.704e-7, -2.427e-7, -2.489e-7, -2.642e-7
-0.083, -2.765e-7, -2.489e-7, -2.550e-7, -2.673e-7
-0.084, -2.826e-7, -2.519e-7, -2.581e-7, -2.734e-7
-0.085, -2.857e-7, -2.581e-7, -2.642e-7, -2.796e-7
-0.086, -2.918e-7, -2.642e-7, -2.704e-7, -2.857e-7
-0.087, -2.980e-7, -2.704e-7, -2.765e-7, -2.918e-7
-0.088, -3.041e-7, -2.765e-7, -2.796e-7, -2.980e-7
-0.089, -3.103e-7, -2.826e-7, -2.857e-7, -3.041e-7
-0.090, -3.164e-7, -2.888e-7, -2.949e-7, -3.103e-7
-0.091, -3.226e-7, -2.949e-7, -3.011e-7, -3.195e-7
-0.092, -3.287e-7, -3.011e-7, -3.072e-7, -3.256e-7
-0.093, -3.379e-7, -3.072e-7, -3.133e-7, -3.318e-7
-0.094, -3.410e-7, -3.133e-7, -3.195e-7, -3.410e-7
-0.095, -3.502e-7, -3.226e-7, -3.287e-7, -3.471e-7
-0.096, -3.563e-7, -3.287e-7, -3.379e-7, -3.563e-7
-0.097, -3.655e-7, -3.379e-7, -3.440e-7, -3.625e-7
-0.098, -3.717e-7, -3.440e-7, -3.502e-7, -3.717e-7
-0.099, -3.809e-7, -3.533e-7, -3.594e-7, -3.809e-7
