0.004, 2.672e-7, 5.343e-6, 5.076e-6, 2.233e-7, 5.668e-6, 5.445e-6, 2.749e-7, 5.205e-6, 4.930e-6, 2.127e-7, 5.417e-6, 5.204e-6, 2.060e-7, 4.982e-6, 4.776e-6, 1.522e-7, 5.155e-6, 5.003e-6, 1.890e-7, 4.697e-6, 4.508e-6, 1.412e-7, 4.834e-6, 4.693e-6
0.008, -4.144e-8, 4.072e-6, 4.114e-6, -1.022e-7, 4.296e-6, 4.399e-6, -2.226e-8, 3.938e-6, 3.960e-6, -6.219e-8, 4.071e-6, 4.133e-6, -1.408e-7, 3.666e-6, 3.807e-6, -2.248e-7, 3.756e-6, 3.981e-6, -1.500e-7, 3.435e-6, 3.585e-6, -2.330e-7, 3.485e-6, 3.718e-6
0.012, -1.451e-7, 3.346e-6, 3.491e-6, -2.088e-7, 3.506e-6, 3.715e-6, -1.269e-7, 3.221e-6, 3.348e-6, -1.687e-7, 3.312e-6, 3.481e-6, -2.444e-7, 2.956e-6, 3.201e-6, -3.291e-7, 3.018e-6, 3.347e-6, -2.466e-7, 2.766e-6, 3.012e-6, -3.331e-7, 2.789e-6, 3.122e-6
0.016, -1.978e-7, 2.847e-6, 3.045e-6, -2.645e-7, 2.958e-6, 3.223e-6, -1.798e-7, 2.731e-6, 2.911e-6, -2.247e-7, 2.794e-6, 3.019e-6, -2.931e-7, 2.481e-6, 2.774e-6, -3.773e-7, 2.523e-6, 2.900e-6, -2.932e-7, 2.318e-6, 2.611e-6, -3.787e-7, 2.327e-6, 2.706e-6
0.020, -2.281e-7, 2.478e-6, 2.706e-6, -2.944e-7, 2.555e-6, 2.849e-6, -2.119e-7, 2.368e-6, 2.580e-6, -2.565e-7, 2.413e-6, 2.670e-6, -3.196e-7, 2.133e-6, 2.452e-6, -4.045e-7, 2.159e-6, 2.564e-6, -3.175e-7, 1.990e-6, 2.308e-6, -4.025e-7, 1.991e-6, 2.394e-6
0.024, -2.480e-7, 2.188e-6, 2.436e-6, -3.164e-7, 2.242e-6, 2.558e-6, -2.312e-7, 2.085e-6, 2.316e-6, -2.761e-7, 2.119e-6, 2.395e-6, -3.366e-7, 1.862e-6, 2.199e-6, -4.191e-7, 1.879e-6, 2.299e-6, -3.337e-7, 1.737e-6, 2.071e-6, -4.156e-7, 1.732e-6, 2.148e-6
0.028, -2.608e-7, 1.955e-6, 2.216e-6, -3.281e-7, 1.994e-6, 2.322e-6, -2.454e-7, 1.858e-6, 2.103e-6, -2.895e-7, 1.884e-6, 2.173e-6, -3.467e-7, 1.647e-6, 1.994e-6, -4.288e-7, 1.656e-6, 2.085e-6, -3.432e-7, 1.535e-6, 1.878e-6, -4.247e-7, 1.525e-6, 1.950e-6
0.032, -2.692e-7, 1.763e-6, 2.032e-6, -3.364e-7, 1.790e-6, 2.127e-6, -2.536e-7, 1.671e-6, 1.924e-6, -2.980e-7, 1.691e-6, 1.989e-6, -3.537e-7, 1.470e-6, 1.824e-6, -4.342e-7, 1.472e-6, 1.906e-6, -3.494e-7, 1.370e-6, 1.719e-6, -4.291e-7, 1.357e-6, 1.786e-6
0.036, -2.754e-7, 1.601e-6, 1.876e-6, -3.412e-7, 1.620e-6, 1.961e-6, -2.605e-7, 1.513e-6, 1.774e-6, -3.032e-7, 1.529e-6, 1.832e-6, -3.578e-7, 1.322e-6, 1.680e-6, -4.384e-7, 1.319e-6, 1.757e-6, -3.526e-7, 1.232e-6, 1.584e-6, -4.314e-7, 1.215e-6, 1.647e-6
0.040, -2.807e-7, 1.462e-6, 1.742e-6, -3.450e-7, 1.476e-6, 1.821e-6, -2.658e-7, 1.379e-6, 1.645e-6, -3.077e-7, 1.392e-6, 1.699e-6, -3.609e-7, 1.196e-6, 1.557e-6, -4.404e-7, 1.189e-6, 1.629e-6, -3.553e-7, 1.114e-6, 1.469e-6, -4.326e-7, 1.096e-6, 1.529e-6
0.044, -2.846e-7, 1.341e-6, 1.626e-6, -3.474e-7, 1.351e-6, 1.698e-6, -2.692e-7, 1.263e-6, 1.532e-6, -3.093e-7, 1.274e-6, 1.583e-6, -3.630e-7, 1.088e-6, 1.451e-6, -4.409e-7, 1.077e-6, 1.518e-6, -3.576e-7, 1.013e-6, 1.371e-6, -4.334e-7, 9.923e-7, 1.426e-6
0.048, -2.871e-7, 1.236e-6, 1.523e-6, -3.486e-7, 1.243e-6, 1.591e-6, -2.719e-7, 1.162e-6, 1.434e-6, -3.115e-7, 1.170e-6, 1.481e-6, -3.650e-7, 9.933e-7, 1.358e-6, -4.416e-7, 9.797e-7, 1.421e-6, -3.591e-7, 9.244e-7, 1.284e-6, -4.338e-7, 9.024e-7, 1.336e-6
0.052, -2.883e-7, 1.144e-6, 1.433e-6, -3.489e-7, 1.147e-6, 1.496e-6, -2.737e-7, 1.074e-6, 1.348e-6, -3.124e-7, 1.079e-6, 1.392e-6, -3.660e-7, 9.099e-7, 1.276e-6, -4.420e-7, 8.943e-7, 1.336e-6, -3.601e-7, 8.464e-7, 1.207e-6, -4.342e-7, 8.227e-7, 1.257e-6
0.056, -2.912e-7, 1.062e-6, 1.353e-6, -3.504e-7, 1.062e-6, 1.413e-6, -2.767e-7, 9.947e-7, 1.271e-6, -3.142e-7, 9.992e-7, 1.313e-6, -3.683e-7, 8.357e-7, 1.204e-6, -4.434e-7, 8.181e-7, 1.261e-6, -3.632e-7, 7.760e-7, 1.139e-6, -4.359e-7, 7.514e-7, 1.187e-6
0.060, -2.923e-7, 9.879e-7, 1.280e-6, -3.505e-7, 9.866e-7, 1.337e-6, -2.783e-7, 9.240e-7, 1.202e-6, -3.144e-7, 9.272e-7, 1.242e-6, -3.694e-7, 7.696e-7, 1.139e-6, -4.435e-7, 7.502e-7, 1.194e-6, -3.641e-7, 7.142e-7, 1.078e-6, -4.352e-7, 6.893e-7, 1.125e-6
0.064, -2.949e-7, 9.208e-7, 1.216e-6, -3.516e-7, 9.182e-7, 1.270e-6, -2.814e-7, 8.597e-7, 1.141e-6, -3.165e-7, 8.615e-7, 1.178e-6, -3.708e-7, 7.101e-7, 1.081e-6, -4.447e-7, 6.888e-7, 1.133e-6, -3.654e-7, 6.585e-7, 1.024e-6, -4.365e-7, 6.322e-7, 1.069e-6
0.068, -2.967e-7, 8.604e-7, 1.157e-6, -3.528e-7, 8.559e-7, 1.209e-6, -2.837e-7, 8.020e-7, 1.086e-6, -3.183e-7, 8.028e-7, 1.121e-6, -3.731e-7, 6.559e-7, 1.029e-6, -4.452e-7, 6.341e-7, 1.079e-6, -3.671e-7, 6.078e-7, 9.749e-7, -4.370e-7, 5.814e-7, 1.018e-6
0.072, -2.994e-7, 8.048e-7, 1.104e-6, -3.536e-7, 7.993e-7, 1.153e-6, -2.852e-7, 7.493e-7, 1.035e-6, -3.194e-7, 7.492e-7, 1.069e-6, -3.739e-7, 6.075e-7, 9.814e-7, -4.456e-7, 5.836e-7, 1.029e-6, -3.680e-7, 5.621e-7, 9.302e-7, -4.373e-7, 5.349e-7, 9.721e-7
0.076, -2.999e-7, 7.546e-7, 1.054e-6, -3.546e-7, 7.472e-7, 1.102e-6, -2.864e-7, 7.016e-7, 9.880e-7, -3.200e-7, 7.006e-7, 1.021e-6, -3.753e-7, 5.627e-7, 9.380e-7, -4.461e-7, 5.387e-7, 9.848e-7, -3.701e-7, 5.196e-7, 8.898e-7, -4.372e-7, 4.923e-7, 9.295e-7
0.080, -3.031e-7, 7.073e-7, 1.010e-6, -3.555e-7, 6.998e-7, 1.055e-6, -2.892e-7, 6.569e-7, 9.461e-7, -3.209e-7, 6.558e-7, 9.767e-7, -3.772e-7, 5.215e-7, 8.988e-7, -4.480e-7, 4.954e-7, 9.434e-7, -3.715e-7, 4.809e-7, 8.524e-7, -4.394e-7, 4.525e-7, 8.919e-7
0.084, -3.055e-7, 6.639e-7, 9.694e-7, -3.567e-7, 6.556e-7, 1.012e-6, -2.912e-7, 6.161e-7, 9.073e-7, -3.226e-7, 6.141e-7, 9.368e-7, -3.797e-7, 4.830e-7, 8.627e-7, -4.487e-7, 4.570e-7, 9.057e-7, -3.732e-7, 4.450e-7, 8.182e-7, -4.404e-7, 4.160e-7, 8.565e-7
0.088, -3.071e-7, 6.245e-7, 9.315e-7, -3.578e-7, 6.154e-7, 9.732e-7, -2.921e-7, 5.787e-7, 8.708e-7, -3.229e-7, 5.766e-7, 8.996e-7, -3.804e-7, 4.483e-7, 8.287e-7, -4.497e-7, 4.216e-7, 8.713e-7, -3.748e-7, 4.120e-7, 7.869e-7, -4.409e-7, 3.830e-7, 8.239e-7
0.092, -3.082e-7, 5.880e-7, 8.961e-7, -3.584e-7, 5.777e-7, 9.361e-7, -2.937e-7, 5.438e-7, 8.376e-7, -3.243e-7, 5.410e-7, 8.653e-7, -3.823e-7, 4.157e-7, 7.979e-7, -4.507e-7, 3.877e-7, 8.384e-7, -3.762e-7, 3.812e-7, 7.574e-7, -4.417e-7, 3.518e-7, 7.934e-7
0.096, -3.108e-7, 5.533e-7, 8.641e-7, -3.602e-7, 5.423e-7, 9.026e-7, -2.974e-7, 5.098e-7, 8.072e-7, -3.282e-7, 5.057e-7, 8.339e-7, -3.849e-7, 3.847e-7, 7.696e-7, -4.530e-7, 3.562e-7, 8.092e-7, -3.796e-7, 3.519e-7, 7.315e-7, -4.435e-7, 3.224e-7, 7.659e-7
0.100, -3.130e-7, 5.206e-7, 8.336e-7, -3.623e-7, 5.088e-7, 8.711e-7, -3.047e-7, 4.741e-7, 7.788e-7, -3.367e-7, 4.675e-7, 8.042e-7, -3.880e-7, 3.558e-7, 7.439e-7, -4.555e-7, 3.265e-7, 7.820e-7, -3.820e-7, 3.243e-7, 7.063e-7, -4.452e-7, 2.950e-7, 7.402e-7
0.104, -3.152e-7, 4.902e-7, 8.054e-7, -3.641e-7, 4.780e-7, 8.421e-7, -3.213e-7, 4.310e-7, 7.523e-7, -3.633e-7, 4.141e-7, 7.774e-7, -3.894e-7, 3.291e-7, 7.186e-7, -4.567e-7, 3.001e-7, 7.568e-7, -3.843e-7, 2.991e-7, 6.834e-7, -4.465e-7, 2.703e-7, 7.167e-7
0.108, -3.182e-7, 4.611e-7, 7.793e-7, -3.659e-7, 4.484e-7, 8.143e-7, -3.382e-7, 3.900e-7, 7.282e-7, -3.955e-7, 3.565e-7, 7.520e-7, -3.928e-7, 3.035e-7, 6.963e-7, -4.595e-7, 2.739e-7, 7.334e-7, -3.869e-7, 2.752e-7, 6.621e-7, -4.496e-7, 2.451e-7, 6.947e-7
0.112, -3.208e-7, 4.337e-7, 7.545e-7, -3.680e-7, 4.206e-7, 7.886e-7, -3.252e-7, 3.802e-7, 7.054e-7, -3.903e-7, 3.381e-7, 7.284e-7, -3.951e-7, 2.798e-7, 6.749e-7, -4.619e-7, 2.494e-7, 7.114e-7, -3.900e-7, 2.525e-7, 6.425e-7, -4.515e-7, 2.225e-7, 6.739e-7
0.116, -3.245e-7, 4.077e-7, 7.322e-7, -3.709e-7, 3.944e-7, 7.653e-7, -3.147e-7, 3.696e-7, 6.844e-7, -3.681e-7, 3.392e-7, 7.073e-7, -3.992e-7, 2.570e-7, 6.561e-7, -4.647e-7, 2.263e-7, 6.911e-7, -3.937e-7, 2.304e-7, 6.241e-7, -4.541e-7, 2.010e-7, 6.551e-7
0.120, -3.275e-7, 3.830e-7, 7.105e-7, -3.740e-7, 3.689e-7, 7.429e-7, -3.145e-7, 3.503e-7, 6.647e-7, -3.526e-7, 3.340e-7, 6.866e-7, -4.034e-7, 2.346e-7, 6.380e-7, -4.680e-7, 2.040e-7, 6.720e-7, -3.971e-7, 2.100e-7, 6.071e-7, -4.572e-7, 1.798e-7, 6.370e-7
0.124, -3.315e-7, 3.595e-7, 6.910e-7, -3.771e-7, 3.451e-7, 7.222e-7, -3.163e-7, 3.299e-7, 6.461e-7, -3.453e-7, 3.219e-7, 6.672e-7, -4.066e-7, 2.139e-7, 6.205e-7, -4.717e-7, 1.830e-7, 6.547e-7, -4.008e-7, 1.907e-7, 5.915e-7, -4.600e-7, 1.607e-7, 6.207e-7
0.128, -3.351e-7, 3.375e-7, 6.726e-7, -3.810e-7, 3.226e-7, 7.037e-7, -3.202e-7, 3.089e-7, 6.291e-7, -3.459e-7, 3.041e-7, 6.499e-7, -4.109e-7, 1.945e-7, 6.055e-7, -4.754e-7, 1.633e-7, 6.387e-7, -4.050e-7, 1.719e-7, 5.769e-7, -4.639e-7, 1.417e-7, 6.055e-7
0.132, -3.388e-7, 3.160e-7, 6.549e-7, -3.849e-7, 3.004e-7, 6.853e-7, -3.236e-7, 2.891e-7, 6.126e-7, -3.481e-7, 2.845e-7, 6.326e-7, -4.155e-7, 1.751e-7, 5.905e-7, -4.792e-7, 1.437e-7, 6.229e-7, -4.098e-7, 1.530e-7, 5.628e-7, -4.677e-7, 1.236e-7, 5.913e-7
0.136, -3.447e-7, 2.946e-7, 6.393e-7, -3.897e-7, 2.783e-7, 6.680e-7, -3.280e-7, 2.695e-7, 5.975e-7, -3.518e-7, 2.647e-7, 6.165e-7, -4.202e-7, 1.564e-7, 5.766e-7, -4.841e-7, 1.245e-7, 6.086e-7, -4.145e-7, 1.355e-7, 5.499e-7, -4.719e-7, 1.056e-7, 5.774e-7
0.140, -3.499e-7, 2.743e-7, 6.243e-7, -3.951e-7, 2.580e-7, 6.531e-7, -3.332e-7, 2.507e-7, 5.839e-7, -3.570e-7, 2.457e-7, 6.027e-7, -4.258e-7, 1.383e-7, 5.641e-7, -4.899e-7, 1.061e-7, 5.959e-7, -4.200e-7, 1.182e-7, 5.382e-7, -4.763e-7, 8.871e-8, 5.650e-7
0.144, -3.547e-7, 2.551e-7, 6.098e-7, -3.992e-7, 2.385e-7, 6.377e-7, -3.376e-7, 2.326e-7, 5.702e-7, -3.610e-7, 2.278e-7, 5.889e-7, -4.319e-7, 1.202e-7, 5.521e-7, -4.945e-7, 8.851e-8, 5.830e-7, -4.254e-7, 1.016e-7, 5.270e-7, -4.818e-7, 7.181e-8, 5.536e-7
0.148, -3.610e-7, 2.360e-7, 5.970e-7, -4.055e-7, 2.191e-7, 6.247e-7, -3.431e-7, 2.154e-7, 5.585e-7, -3.662e-7, 2.102e-7, 5.764e-7, -4.372e-7, 1.042e-7, 5.414e-7, -5.010e-7, 7.129e-8, 5.723e-7, -4.319e-7, 8.546e-8, 5.174e-7, -4.872e-7, 5.590e-8, 5.431e-7
0.152, -3.671e-7, 2.173e-7, 5.844e-7, -4.119e-7, 1.999e-7, 6.118e-7, -3.491e-7, 1.975e-7, 5.466e-7, -3.724e-7, 1.923e-7, 5.647e-7, -4.441e-7, 8.694e-8, 5.310e-7, -5.082e-7, 5.338e-8, 5.616e-7, -4.389e-7, 6.905e-8, 5.079e-7, -4.932e-7, 3.950e-8, 5.327e-7
0.156, -3.735e-7, 1.993e-7, 5.728e-7, -4.188e-7, 1.811e-7, 5.999e-7, -3.554e-7, 1.806e-7, 5.360e-7, -3.778e-7, 1.753e-7, 5.531e-7, -4.514e-7, 7.015e-8, 5.215e-7, -5.148e-7, 3.699e-8, 5.518e-7, -4.453e-7, 5.336e-8, 4.987e-7, -4.998e-7, 2.410e-8, 5.239e-7
0.160, -3.810e-7, 1.815e-7, 5.625e-7, -4.265e-7, 1.627e-7, 5.891e-7, -3.621e-7, 1.644e-7, 5.264e-7, -3.846e-7, 1.585e-7, 5.431e-7, -4.591e-7, 5.392e-8, 5.130e-7, -5.230e-7, 2.037e-8, 5.434e-7, -4.529e-7, 3.785e-8, 4.908e-7, -5.069e-7, 8.505e-9, 5.154e-7
0.164, -3.895e-7, 1.635e-7, 5.530e-7, -4.350e-7, 1.442e-7, 5.793e-7, -3.694e-7, 1.479e-7, 5.172e-7, -3.916e-7, 1.420e-7, 5.336e-7, -4.669e-7, 3.811e-8, 5.051e-7, -5.314e-7, 3.731e-9, 5.351e-7, -4.616e-7, 2.210e-8, 4.837e-7, -5.145e-7, -6.720e-9, 5.078e-7
0.168, -3.983e-7, 1.458e-7, 5.441e-7, -4.443e-7, 1.260e-7, 5.703e-7, -3.782e-7, 1.312e-7, 5.094e-7, -3.999e-7, 1.252e-7, 5.251e-7, -4.762e-7, 2.155e-8, 4.978e-7, -5.410e-7, -1.300e-8, 5.280e-7, -4.704e-7, 6.911e-9, 4.773e-7, -5.226e-7, -2.177e-8, 5.008e-7
0.172, -4.069e-7, 1.286e-7, 5.354e-7, -4.539e-7, 1.081e-7, 5.620e-7, -3.865e-7, 1.151e-7, 5.016e-7, -4.079e-7, 1.090e-7, 5.169e-7, -4.853e-7, 5.799e-9, 4.911e-7, -5.501e-7, -2.901e-8, 5.211e-7, -4.789e-7, -8.077e-9, 4.708e-7, -5.314e-7, -3.718e-8, 4.942e-7
0.176, -4.177e-7, 1.102e-7, 5.278e-7, -4.642e-7, 8.979e-8, 5.540e-7, -3.955e-7, 9.870e-8, 4.942e-7, -4.176e-7, 9.242e-8, 5.101e-7, -4.953e-7, -1.053e-8, 4.848e-7, -5.611e-7, -4.624e-8, 5.149e-7, -4.899e-7, -2.396e-8, 4.659e-7, -5.408e-7, -5.274e-8, 4.881e-7
0.180, -4.286e-7, 9.255e-8, 5.211e-7, -4.758e-7, 7.090e-8, 5.467e-7, -4.061e-7, 8.196e-8, 4.881e-7, -4.266e-7, 7.591e-8, 5.025e-7, -5.066e-7, -2.709e-8, 4.795e-7, -5.721e-7, -6.269e-8, 5.094e-7, -5.003e-7, -3.964e-8, 4.607e-7, -5.509e-7, -6.812e-8, 4.828e-7
0.184, -4.404e-7, 7.472e-8, 5.151e-7, -4.888e-7, 5.240e-8, 5.412e-7, -4.169e-7, 6.552e-8, 4.824e-7, -4.381e-7, 5.954e-8, 4.977e-7, -5.179e-7, -4.286e-8, 4.751e-7, -5.847e-7, -7.959e-8, 5.052e-7, -5.123e-7, -5.509e-8, 4.572e-7, -5.621e-7, -8.345e-8, 4.786e-7
0.188, -4.531e-7, 5.729e-8, 5.104e-7, -5.023e-7, 3.412e-8, 5.364e-7, -4.286e-7, 4.931e-8, 4.779e-7, -4.497e-7, 4.329e-8, 4.930e-7, -5.309e-7, -5.908e-8, 4.718e-7, -5.977e-7, -9.600e-8, 5.017e-7, -5.247e-7, -7.075e-8, 4.540e-7, -5.740e-7, -9.861e-8, 4.754e-7
0.192, -4.670e-7, 3.890e-8, 5.059e-7, -5.169e-7, 1.535e-8, 5.322e-7, -4.418e-7, 3.257e-8, 4.744e-7, -4.623e-7, 2.658e-8, 4.889e-7, -5.438e-7, -7.514e-8, 4.687e-7, -6.118e-7, -1.129e-7, 4.989e-7, -5.381e-7, -8.663e-8, 4.515e-7, -5.867e-7, -1.142e-7, 4.725e-7
0.196, -4.820e-7, 1.982e-8, 5.018e-7, -5.330e-7, -4.140e-9, 5.288e-7, -4.560e-7, 1.478e-8, 4.708e-7, -4.757e-7, 8.515e-9, 4.842e-7, -5.577e-7, -9.250e-8, 4.652e-7, -6.272e-7, -1.313e-7, 4.959e-7, -5.522e-7, -1.036e-7, 4.486e-7, -6.010e-7, -1.311e-7, 4.699e-7
0.200, -4.979e-7, 9.977e-10, 4.989e-7, -5.495e-7, -2.369e-8, 5.258e-7, -4.702e-7, -2.349e-9, 4.678e-7, -4.899e-7, -8.510e-9, 4.814e-7, -5.728e-7, -1.095e-7, 4.633e-7, -6.432e-7, -1.492e-7, 4.941e-7, -5.669e-7, -1.196e-7, 4.473e-7, -6.146e-7, -1.470e-7, 4.675e-7
0.204, -5.157e-7, -1.843e-8, 4.973e-7, -5.679e-7, -4.371e-8, 5.241e-7, -4.865e-7, -2.037e-8, 4.661e-7, -5.058e-7, -2.591e-8, 4.799e-7, -5.889e-7, -1.266e-7, 4.624e-7, -6.613e-7, -1.673e-7, 4.939e-7, -5.840e-7, -1.369e-7, 4.471e-7, -6.314e-7, -1.640e-7, 4.675e-7
0.208, -5.347e-7, -3.879e-8, 4.959e-7, -5.870e-7, -6.403e-8, 5.229e-7, -5.036e-7, -3.899e-8, 4.646e-7, -5.210e-7, -4.327e-8, 4.777e-7, -6.065e-7, -1.449e-7, 4.616e-7, -6.796e-7, -1.865e-7, 4.931e-7, -6.016e-7, -1.547e-7, 4.469e-7, -6.482e-7, -1.817e-7, 4.666e-7
0.212, -5.556e-7, -5.962e-8, 4.960e-7, -6.080e-7, -8.470e-8, 5.233e-7, -5.228e-7, -5.789e-8, 4.649e-7, -5.398e-7, -6.221e-8, 4.776e-7, -6.261e-7, -1.639e-7, 4.622e-7, -7.008e-7, -2.061e-7, 4.948e-7, -6.213e-7, -1.733e-7, 4.480e-7, -6.679e-7, -2.001e-7, 4.678e-7
0.216, -5.779e-7, -8.164e-8, 4.963e-7, -6.293e-7, -1.059e-7, 5.234e-7, -5.429e-7, -7.789e-8, 4.650e-7, -5.568e-7, -8.058e-8, 4.762e-7, -6.452e-7, -1.826e-7, 4.626e-7, -7.209e-7, -2.258e-7, 4.950e-7, -6.416e-7, -1.926e-7, 4.490e-7, -6.881e-7, -2.193e-7, 4.688e-7
0.220, -6.019e-7, -1.037e-7, 4.982e-7, -6.514e-7, -1.264e-7, 5.249e-7, -5.643e-7, -9.787e-8, 4.664e-7, -5.760e-7, -9.939e-8, 4.766e-7, -6.657e-7, -2.017e-7, 4.639e-7, -7.440e-7, -2.466e-7, 4.975e-7, -6.635e-7, -2.116e-7, 4.519e-7, -7.088e-7, -2.379e-7, 4.709e-7
0.224, -6.277e-7, -1.266e-7, 5.011e-7, -6.746e-7, -1.480e-7, 5.266e-7, -5.872e-7, -1.186e-7, 4.686e-7, -5.965e-7, -1.185e-7, 4.780e-7, -6.886e-7, -2.220e-7, 4.666e-7, -7.674e-7, -2.671e-7, 5.003e-7, -6.872e-7, -2.319e-7, 4.553e-7, -7.317e-7, -2.579e-7, 4.738e-7
0.228, -6.553e-7, -1.507e-7, 5.046e-7, -6.994e-7, -1.707e-7, 5.287e-7, -6.123e-7, -1.408e-7, 4.714e-7, -6.183e-7, -1.390e-7, 4.793e-7, -7.126e-7, -2.431e-7, 4.695e-7, -7.934e-7, -2.897e-7, 5.037e-7, -7.133e-7, -2.541e-7, 4.592e-7, -7.568e-7, -2.790e-7, 4.778e-7
0.232, -6.836e-7, -1.752e-7, 5.084e-7, -7.257e-7, -1.937e-7, 5.319e-7, -6.382e-7, -1.631e-7, 4.751e-7, -6.403e-7, -1.590e-7, 4.813e-7, -7.381e-7, -2.650e-7, 4.731e-7, -8.189e-7, -3.114e-7, 5.075e-7, -7.392e-7, -2.752e-7, 4.640e-7, -7.820e-7, -3.000e-7, 4.819e-7
0.236, -7.153e-7, -2.007e-7, 5.146e-7, -7.529e-7, -2.172e-7, 5.357e-7, -6.663e-7, -1.864e-7, 4.799e-7, -6.643e-7, -1.799e-7, 4.845e-7, -7.648e-7, -2.873e-7, 4.775e-7, -8.482e-7, -3.351e-7, 5.130e-7, -7.675e-7, -2.978e-7, 4.697e-7, -8.096e-7, -3.220e-7, 4.876e-7
0.240, -7.480e-7, -2.270e-7, 5.210e-7, -7.821e-7, -2.415e-7, 5.406e-7, -6.957e-7, -2.101e-7, 4.855e-7, -6.893e-7, -2.013e-7, 4.880e-7, -7.932e-7, -3.103e-7, 4.829e-7, -8.772e-7, -3.590e-7, 5.182e-7, -7.965e-7, -3.205e-7, 4.760e-7, -8.375e-7, -3.439e-7, 4.935e-7
0.244, -7.834e-7, -2.550e-7, 5.284e-7, -8.149e-7, -2.684e-7, 5.466e-7, -7.274e-7, -2.353e-7, 4.921e-7, -7.173e-7, -2.249e-7, 4.924e-7, -8.245e-7, -3.353e-7, 4.892e-7, -9.084e-7, -3.836e-7, 5.248e-7, -8.280e-7, -3.445e-7, 4.835e-7, -8.680e-7, -3.673e-7, 5.008e-7
0.248, -8.200e-7, -2.832e-7, 5.369e-7, -8.498e-7, -2.963e-7, 5.535e-7, -7.610e-7, -2.615e-7, 4.995e-7, -7.472e-7, -2.497e-7, 4.976e-7, -8.564e-7, -3.600e-7, 4.963e-7, -9.419e-7, -4.100e-7, 5.320e-7, -8.603e-7, -3.686e-7, 4.917e-7, -9.002e-7, -3.913e-7, 5.088e-7
0.252, -8.593e-7, -3.133e-7, 5.461e-7, -8.865e-7, -3.257e-7, 5.608e-7, -7.957e-7, -2.889e-7, 5.068e-7, -7.798e-7, -2.758e-7, 5.040e-7, -8.891e-7, -3.854e-7, 5.037e-7, -9.757e-7, -4.364e-7, 5.392e-7, -8.929e-7, -3.927e-7, 5.002e-7, -9.317e-7, -4.151e-7, 5.165e-7
0.256, -9.000e-7, -3.445e-7, 5.555e-7, -9.276e-7, -3.583e-7, 5.693e-7, -8.329e-7, -3.177e-7, 5.152e-7, -8.157e-7, -3.048e-7, 5.109e-7, -9.230e-7, -4.119e-7, 5.111e-7, -1.013e-6, -4.652e-7, 5.479e-7, -9.261e-7, -4.181e-7, 5.080e-7, -9.646e-7, -4.399e-7, 5.247e-7
0.260, -9.437e-7, -3.773e-7, 5.664e-7, -9.736e-7, -3.933e-7, 5.803e-7, -8.730e-7, -3.481e-7, 5.249e-7, -8.546e-7, -3.351e-7, 5.195e-7, -9.602e-7, -4.397e-7, 5.204e-7, -1.051e-6, -4.942e-7, 5.568e-7, -9.615e-7, -4.438e-7, 5.177e-7, -1.001e-6, -4.666e-7, 5.344e-7
0.264, -9.918e-7, -4.135e-7, 5.782e-7, -1.025e-6, -4.327e-7, 5.921e-7, -9.162e-7, -3.805e-7, 5.357e-7, -9.006e-7, -3.701e-7, 5.305e-7, -9.990e-7, -4.688e-7, 5.302e-7, -1.092e-6, -5.254e-7, 5.671e-7, -9.987e-7, -4.708e-7, 5.280e-7, -1.039e-6, -4.942e-7, 5.445e-7
0.268, -1.040e-6, -4.500e-7, 5.903e-7, -1.079e-6, -4.738e-7, 6.049e-7, -9.599e-7, -4.143e-7, 5.456e-7, -9.467e-7, -4.058e-7, 5.410e-7, -1.037e-6, -4.979e-7, 5.394e-7, -1.134e-6, -5.570e-7, 5.767e-7, -1.035e-6, -4.979e-7, 5.370e-7, -1.076e-6, -5.217e-7, 5.542e-7
0.272, -1.091e-6, -4.880e-7, 6.034e-7, -1.138e-6, -5.185e-7, 6.195e-7, -1.007e-6, -4.495e-7, 5.575e-7, -9.990e-7, -4.459e-7, 5.532e-7, -1.078e-6, -5.279e-7, 5.496e-7, -1.177e-6, -5.893e-7, 5.875e-7, -1.072e-6, -5.259e-7, 5.465e-7, -1.117e-6, -5.517e-7, 5.648e-7
0.276, -1.143e-6, -5.262e-7, 6.164e-7, -1.202e-6, -5.667e-7, 6.355e-7, -1.055e-6, -4.861e-7, 5.692e-7, -1.056e-6, -4.883e-7, 5.676e-7, -1.118e-6, -5.581e-7, 5.595e-7, -1.220e-6, -6.217e-7, 5.985e-7, -1.111e-6, -5.540e-7, 5.566e-7, -1.158e-6, -5.823e-7, 5.754e-7
0.280, -1.195e-6, -5.645e-7, 6.306e-7, -1.268e-6, -6.155e-7, 6.526e-7, -1.104e-6, -5.222e-7, 5.817e-7, -1.115e-6, -5.324e-7, 5.823e-7, -1.157e-6, -5.879e-7, 5.694e-7, -1.265e-6, -6.549e-7, 6.098e-7, -1.149e-6, -5.827e-7, 5.661e-7, -1.201e-6, -6.140e-7, 5.867e-7
0.284, -1.245e-6, -6.008e-7, 6.438e-7, -1.336e-6, -6.655e-7, 6.708e-7, -1.152e-6, -5.571e-7, 5.945e-7, -1.174e-6, -5.766e-7, 5.979e-7, -1.196e-6, -6.169e-7, 5.793e-7, -1.308e-6, -6.874e-7, 6.211e-7, -1.186e-6, -6.099e-7, 5.756e-7, -1.242e-6, -6.450e-7, 5.969e-7
0.288, -1.292e-6, -6.342e-7, 6.573e-7, -1.403e-6, -7.134e-7, 6.894e-7, -1.197e-6, -5.900e-7, 6.070e-7, -1.234e-6, -6.198e-7, 6.139e-7, -1.233e-6, -6.446e-7, 5.886e-7, -1.352e-6, -7.190e-7, 6.328e-7, -1.220e-6, -6.357e-7, 5.846e-7, -1.283e-6, -6.752e-7, 6.080e-7
0.292, -1.332e-6, -6.622e-7, 6.699e-7, -1.466e-6, -7.579e-7, 7.081e-7, -1.238e-6, -6.187e-7, 6.190e-7, -1.291e-6, -6.606e-7, 6.300e-7, -1.266e-6, -6.688e-7, 5.974e-7, -1.392e-6, -7.480e-7, 6.438e-7, -1.251e-6, -6.583e-7, 5.926e-7, -1.322e-6, -7.030e-7, 6.187e-7
0.296, -1.367e-6, -6.844e-7, 6.822e-7, -1.524e-6, -7.967e-7, 7.271e-7, -1.274e-6, -6.423e-7, 6.315e-7, -1.344e-6, -6.968e-7, 6.469e-7, -1.295e-6, -6.891e-7, 6.057e-7, -1.429e-6, -7.742e-7, 6.547e-7, -1.277e-6, -6.763e-7, 6.003e-7, -1.356e-6, -7.272e-7, 6.285e-7
0.300, -1.389e-6, -6.973e-7, 6.912e-7, -1.570e-6, -8.268e-7, 7.435e-7, -1.300e-6, -6.583e-7, 6.415e-7, -1.387e-6, -7.249e-7, 6.617e-7, -1.314e-6, -7.026e-7, 6.119e-7, -1.458e-6, -7.942e-7, 6.635e-7, -1.294e-6, -6.882e-7, 6.061e-7, -1.381e-6, -7.451e-7, 6.362e-7
0.304, -1.401e-6, -7.029e-7, 6.978e-7, -1.606e-6, -8.477e-7, 7.581e-7, -1.316e-6, -6.665e-7, 6.490e-7, -1.420e-6, -7.450e-7, 6.749e-7, -1.326e-6, -7.104e-7, 6.157e-7, -1.479e-6, -8.083e-7, 6.703e-7, -1.303e-6, -6.945e-7, 6.089e-7, -1.400e-6, -7.574e-7, 6.421e-7
0.308, -1.401e-6, -6.990e-7, 7.020e-7, -1.626e-6, -8.568e-7, 7.697e-7, -1.321e-6, -6.662e-7, 6.552e-7, -1.441e-6, -7.553e-7, 6.861e-7, -1.330e-6, -7.114e-7, 6.184e-7, -1.491e-6, -8.153e-7, 6.753e-7, -1.305e-6, -6.944e-7, 6.108e-7, -1.409e-6, -7.625e-7, 6.461e-7
0.312, -1.387e-6, -6.844e-7, 7.026e-7, -1.630e-6, -8.526e-7, 7.771e-7, -1.314e-6, -6.555e-7, 6.584e-7, -1.446e-6, -7.526e-7, 6.939e-7, -1.322e-6, -7.042e-7, 6.180e-7, -1.492e-6, -8.139e-7, 6.782e-7, -1.296e-6, -6.861e-7, 6.095e-7, -1.407e-6, -7.595e-7, 6.471e-7
0.316, -1.357e-6, -6.592e-7, 6.983e-7, -1.612e-6, -8.331e-7, 7.793e-7, -1.290e-6, -6.340e-7, 6.565e-7, -1.434e-6, -7.366e-7, 6.972e-7, -1.302e-6, -6.875e-7, 6.144e-7, -1.479e-6, -8.023e-7, 6.769e-7, -1.276e-6, -6.706e-7, 6.051e-7, -1.391e-6, -7.471e-7, 6.444e-7
0.320, -1.314e-6, -6.247e-7, 6.893e-7, -1.575e-6, -7.991e-7, 7.758e-7, -1.253e-6, -6.033e-7, 6.498e-7, -1.403e-6, -7.075e-7, 6.953e-7, -1.271e-6, -6.639e-7, 6.074e-7, -1.452e-6, -7.804e-7, 6.715e-7, -1.244e-6, -6.469e-7, 5.969e-7, -1.365e-6, -7.263e-7, 6.384e-7
0.324, -1.259e-6, -5.833e-7, 6.752e-7, -1.518e-6, -7.528e-7, 7.648e-7, -1.204e-6, -5.649e-7, 6.390e-7, -1.354e-6, -6.672e-7, 6.869e-7, -1.230e-6, -6.341e-7, 5.957e-7, -1.412e-6, -7.505e-7, 6.618e-7, -1.204e-6, -6.183e-7, 5.853e-7, -1.326e-6, -6.983e-7, 6.274e-7
0.328, -1.194e-6, -5.370e-7, 6.566e-7, -1.447e-6, -6.976e-7, 7.489e-7, -1.144e-6, -5.210e-7, 6.234e-7, -1.292e-6, -6.184e-7, 6.740e-7, -1.182e-6, -5.997e-7, 5.819e-7, -1.362e-6, -7.141e-7, 6.481e-7, -1.156e-6, -5.858e-7, 5.704e-7, -1.279e-6, -6.654e-7, 6.136e-7
0.332, -1.121e-6, -4.884e-7, 6.326e-7, -1.359e-6, -6.351e-7, 7.242e-7, -1.076e-6, -4.740e-7, 6.018e-7, -1.217e-6, -5.636e-7, 6.538e-7, -1.124e-6, -5.619e-7, 5.624e-7, -1.301e-6, -6.723e-7, 6.283e-7, -1.102e-6, -5.509e-7, 5.512e-7, -1.222e-6, -6.278e-7, 5.943e-7
0.336, -1.046e-6, -4.399e-7, 6.065e-7, -1.267e-6, -5.712e-7, 6.963e-7, -1.005e-6, -4.270e-7, 5.782e-7, -1.136e-6, -5.059e-7, 6.304e-7, -1.066e-6, -5.237e-7, 5.420e-7, -1.235e-6, -6.282e-7, 6.068e-7, -1.045e-6, -5.150e-7, 5.304e-7, -1.163e-6, -5.900e-7, 5.732e-7
0.340, -9.732e-7, -3.963e-7, 5.769e-7, -1.174e-6, -5.103e-7, 6.638e-7, -9.349e-7, -3.832e-7, 5.517e-7, -1.055e-6, -4.521e-7, 6.025e-7, -1.007e-6, -4.883e-7, 5.184e-7, -1.167e-6, -5.856e-7, 5.817e-7, -9.892e-7, -4.820e-7, 5.072e-7, -1.103e-6, -5.529e-7, 5.497e-7
0.344, -9.020e-7, -3.565e-7, 5.455e-7, -1.081e-6, -4.537e-7, 6.275e-7, -8.648e-7, -3.428e-7, 5.220e-7, -9.717e-7, -4.007e-7, 5.710e-7, -9.477e-7, -4.547e-7, 4.930e-7, -1.097e-6, -5.440e-7, 5.533e-7, -9.331e-7, -4.506e-7, 4.825e-7, -1.040e-6, -5.174e-7, 5.230e-7
0.348, -8.360e-7, -3.232e-7, 5.128e-7, -9.939e-7, -4.040e-7, 5.899e-7, -8.004e-7, -3.087e-7, 4.917e-7, -8.947e-7, -3.564e-7, 5.383e-7, -8.925e-7, -4.256e-7, 4.669e-7, -1.032e-6, -5.075e-7, 5.248e-7, -8.801e-7, -4.233e-7, 4.568e-7, -9.814e-7, -4.853e-7, 4.960e-7
0.352, -7.759e-7, -2.950e-7, 4.808e-7, -9.147e-7, -3.626e-7, 5.521e-7, -7.419e-7, -2.804e-7, 4.615e-7, -8.243e-7, -3.190e-7, 5.052e-7, -8.412e-7, -4.008e-7, 4.404e-7, -9.711e-7, -4.756e-7, 4.955e-7, -8.313e-7, -4.000e-7, 4.313e-7, -9.276e-7, -4.580e-7, 4.697e-7
0.356, -7.219e-7, -2.732e-7, 4.487e-7, -8.433e-7, -3.291e-7, 5.143e-7, -6.882e-7, -2.574e-7, 4.308e-7, -7.604e-7, -2.889e-7, 4.715e-7, -7.942e-7, -3.799e-7, 4.143e-7, -9.143e-7, -4.484e-7, 4.659e-7, -7.863e-7, -3.799e-7, 4.065e-7, -8.764e-7, -4.342e-7, 4.422e-7
0.360, -6.747e-7, -2.565e-7, 4.182e-7, -7.802e-7, -3.033e-7, 4.769e-7, -6.424e-7, -2.408e-7, 4.016e-7, -7.040e-7, -2.656e-7, 4.384e-7, -7.532e-7, -3.631e-7, 3.901e-7, -8.638e-7, -4.267e-7, 4.371e-7, -7.468e-7, -3.639e-7, 3.828e-7, -8.311e-7, -4.147e-7, 4.164e-7
0.364, -6.341e-7, -2.434e-7, 3.908e-7, -7.256e-7, -2.827e-7, 4.430e-7, -6.008e-7, -2.257e-7, 3.751e-7, -6.557e-7, -2.477e-7, 4.080e-7, -7.169e-7, -3.495e-7, 3.674e-7, -8.198e-7, -4.081e-7, 4.118e-7, -7.116e-7, -3.503e-7, 3.612e-7, -7.922e-7, -3.987e-7, 3.935e-7
0.368, -5.975e-7, -2.334e-7, 3.640e-7, -6.785e-7, -2.680e-7, 4.105e-7, -5.655e-7, -2.160e-7, 3.495e-7, -6.129e-7, -2.339e-7, 3.790e-7, -6.841e-7, -3.386e-7, 3.456e-7, -7.807e-7, -3.939e-7, 3.867e-7, -6.810e-7, -3.395e-7, 3.416e-7, -7.567e-7, -3.860e-7, 3.708e-7
0.372, -5.670e-7, -2.255e-7, 3.415e-7, -6.386e-7, -2.570e-7, 3.817e-7, -5.349e-7, -2.080e-7, 3.268e-7, -5.758e-7, -2.235e-7, 3.524e-7, -6.568e-7, -3.299e-7, 3.269e-7, -7.470e-7, -3.817e-7, 3.653e-7, -6.548e-7, -3.314e-7, 3.234e-7, -7.269e-7, -3.752e-7, 3.517e-7
0.376, -5.422e-7, -2.205e-7, 3.217e-7, -6.054e-7, -2.494e-7, 3.560e-7, -5.096e-7, -2.026e-7, 3.070e-7, -5.466e-7, -2.169e-7, 3.296e-7, -6.351e-7, -3.242e-7, 3.109e-7, -7.188e-7, -3.728e-7, 3.460e-7, -6.324e-7, -3.243e-7, 3.081e-7, -7.010e-7, -3.668e-7, 3.342e-7
0.380, -5.211e-7, -2.173e-7, 3.039e-7, -5.772e-7, -2.433e-7, 3.339e-7, -4.884e-7, -1.985e-7, 2.899e-7, -5.208e-7, -2.114e-7, 3.094e-7, -6.154e-7, -3.190e-7, 2.965e-7, -6.954e-7, -3.661e-7, 3.293e-7, -6.146e-7, -3.194e-7, 2.951e-7, -6.801e-7, -3.608e-7, 3.192e-7
0.384, -5.045e-7, -2.148e-7, 2.897e-7, -5.552e-7, -2.397e-7, 3.155e-7, -4.716e-7, -1.955e-7, 2.762e-7, -5.000e-7, -2.079e-7, 2.921e-7, -5.997e-7, -3.152e-7, 2.845e-7, -6.765e-7, -3.608e-7, 3.156e-7, -5.993e-7, -3.149e-7, 2.845e-7, -6.635e-7, -3.560e-7, 3.075e-7
0.388, -4.918e-7, -2.130e-7, 2.788e-7, -5.382e-7, -2.374e-7, 3.007e-7, -4.576e-7, -1.933e-7, 2.643e-7, -4.839e-7, -2.060e-7, 2.780e-7, -5.872e-7, -3.121e-7, 2.751e-7, -6.616e-7, -3.572e-7, 3.044e-7, -5.880e-7, -3.124e-7, 2.756e-7, -6.497e-7, -3.521e-7, 2.976e-7
0.392, -4.808e-7, -2.119e-7, 2.689e-7, -5.239e-7, -2.361e-7, 2.878e-7, -4.477e-7, -1.926e-7, 2.552e-7, -4.707e-7, -2.047e-7, 2.660e-7, -5.776e-7, -3.109e-7, 2.667e-7, -6.491e-7, -3.543e-7, 2.947e-7, -5.780e-7, -3.103e-7, 2.676e-7, -6.391e-7, -3.500e-7, 2.891e-7
0.396, -4.733e-7, -2.117e-7, 2.616e-7, -5.137e-7, -2.354e-7, 2.783e-7, -4.385e-7, -1.913e-7, 2.473e-7, -4.607e-7, -2.035e-7, 2.572e-7, -5.693e-7, -3.086e-7, 2.608e-7, -6.399e-7, -3.523e-7, 2.875e-7, -5.701e-7, -3.082e-7, 2.619e-7, -6.302e-7, -3.479e-7, 2.824e-7
0.400, -4.684e-7, -2.125e-7, 2.559e-7, -5.069e-7, -2.359e-7, 2.710e-7, -4.333e-7, -1.919e-7, 2.415e-7, -4.541e-7, -2.040e-7, 2.501e-7, -5.647e-7, -3.088e-7, 2.558e-7, -6.336e-7, -3.519e-7, 2.818e-7, -5.647e-7, -3.080e-7, 2.568e-7, -6.245e-7, -3.472e-7, 2.773e-7
0.404, -4.637e-7, -2.132e-7, 2.505e-7, -5.012e-7, -2.362e-7, 2.651e-7, -4.274e-7, -1.914e-7, 2.359e-7, -4.486e-7, -2.045e-7, 2.441e-7, -5.594e-7, -3.083e-7, 2.512e-7, -6.277e-7, -3.513e-7, 2.764e-7, -5.597e-7, -3.071e-7, 2.526e-7, -6.190e-7, -3.466e-7, 2.724e-7
0.408, -4.597e-7, -2.129e-7, 2.468e-7, -4.976e-7, -2.370e-7, 2.606e-7, -4.239e-7, -1.916e-7, 2.323e-7, -4.447e-7, -2.047e-7, 2.399e-7, -5.567e-7, -3.086e-7, 2.481e-7, -6.237e-7, -3.509e-7, 2.728e-7, -5.565e-7, -3.072e-7, 2.492e-7, -6.159e-7, -3.466e-7, 2.693e-7
0.412, -4.584e-7, -2.149e-7, 2.435e-7, -4.957e-7, -2.387e-7, 2.570e-7, -4.214e-7, -1.928e-7, 2.286e-7, -4.423e-7, -2.061e-7, 2.362e-7, -5.543e-7, -3.089e-7, 2.454e-7, -6.216e-7, -3.521e-7, 2.696e-7, -5.540e-7, -3.074e-7, 2.466e-7, -6.135e-7, -3.471e-7, 2.663e-7
0.416, -4.564e-7, -2.156e-7, 2.409e-7, -4.945e-7, -2.407e-7, 2.537e-7, -4.197e-7, -1.938e-7, 2.259e-7, -4.407e-7, -2.075e-7, 2.332e-7, -5.529e-7, -3.098e-7, 2.431e-7, -6.196e-7, -3.524e-7, 2.671e-7, -5.521e-7, -3.077e-7, 2.444e-7, -6.122e-7, -3.482e-7, 2.641e-7
0.420, -4.555e-7, -2.168e-7, 2.386e-7, -4.944e-7, -2.427e-7, 2.518e-7, -4.180e-7, -1.947e-7, 2.233e-7, -4.393e-7, -2.082e-7, 2.311e-7, -5.511e-7, -3.100e-7, 2.411e-7, -6.185e-7, -3.531e-7, 2.654e-7, -5.507e-7, -3.083e-7, 2.424e-7, -6.106e-7, -3.483e-7, 2.623e-7
0.424, -4.551e-7, -2.192e-7, 2.359e-7, -4.942e-7, -2.449e-7, 2.493e-7, -4.173e-7, -1.963e-7, 2.210e-7, -4.392e-7, -2.109e-7, 2.283e-7, -5.509e-7, -3.121e-7, 2.388e-7, -6.174e-7, -3.548e-7, 2.626e-7, -5.496e-7, -3.093e-7, 2.402e-7, -6.107e-7, -3.504e-7, 2.603e-7
0.428, -4.545e-7, -2.207e-7, 2.338e-7, -4.946e-7, -2.470e-7, 2.476e-7, -4.163e-7, -1.979e-7, 2.184e-7, -4.388e-7, -2.124e-7, 2.264e-7, -5.501e-7, -3.132e-7, 2.370e-7, -6.181e-7, -3.566e-7, 2.615e-7, -5.488e-7, -3.104e-7, 2.384e-7, -6.103e-7, -3.516e-7, 2.587e-7
0.432, -4.542e-7, -2.226e-7, 2.316e-7, -4.947e-7, -2.495e-7, 2.452e-7, -4.159e-7, -1.997e-7, 2.163e-7, -4.393e-7, -2.146e-7, 2.247e-7, -5.493e-7, -3.143e-7, 2.351e-7, -6.175e-7, -3.580e-7, 2.595e-7, -5.479e-7, -3.113e-7, 2.366e-7, -6.096e-7, -3.529e-7, 2.567e-7
0.436, -4.551e-7, -2.250e-7, 2.301e-7, -4.968e-7, -2.523e-7, 2.445e-7, -4.162e-7, -2.013e-7, 2.149e-7, -4.407e-7, -2.172e-7, 2.235e-7, -5.504e-7, -3.164e-7, 2.340e-7, -6.192e-7, -3.603e-7, 2.589e-7, -5.484e-7, -3.130e-7, 2.354e-7, -6.114e-7, -3.550e-7, 2.564e-7
0.440, -4.561e-7, -2.272e-7, 2.288e-7, -4.989e-7, -2.553e-7, 2.436e-7, -4.174e-7, -2.039e-7, 2.135e-7, -4.420e-7, -2.196e-7, 2.225e-7, -5.511e-7, -3.183e-7, 2.328e-7, -6.203e-7, -3.624e-7, 2.580e-7, -5.492e-7, -3.150e-7, 2.342e-7, -6.128e-7, -3.574e-7, 2.554e-7
0.444, -4.567e-7, -2.289e-7, 2.278e-7, -5.004e-7, -2.578e-7, 2.426e-7, -4.177e-7, -2.054e-7, 2.123e-7, -4.431e-7, -2.221e-7, 2.210e-7, -5.514e-7, -3.191e-7, 2.322e-7, -6.218e-7, -3.643e-7, 2.575e-7, -5.491e-7, -3.158e-7, 2.332e-7, -6.129e-7, -3.587e-7, 2.543e-7
0.448, -4.582e-7, -2.318e-7, 2.264e-7, -5.034e-7, -2.613e-7, 2.421e-7, -4.188e-7, -2.078e-7, 2.110e-7, -4.449e-7, -2.247e-7, 2.202e-7, -5.530e-7, -3.219e-7, 2.311e-7, -6.233e-7, -3.670e-7, 2.563e-7, -5.496e-7, -3.177e-7, 2.320e-7, -6.149e-7, -3.610e-7, 2.539e-7
0.452, -4.595e-7, -2.348e-7, 2.247e-7, -5.062e-7, -2.647e-7, 2.414e-7, -4.200e-7, -2.107e-7, 2.093e-7, -4.472e-7, -2.279e-7, 2.192e-7, -5.545e-7, -3.239e-7, 2.306e-7, -6.257e-7, -3.698e-7, 2.559e-7, -5.519e-7, -3.204e-7, 2.315e-7, -6.165e-7, -3.637e-7, 2.529e-7
0.456, -4.609e-7, -2.373e-7, 2.236e-7, -5.079e-7, -2.675e-7, 2.404e-7, -4.207e-7, -2.129e-7, 2.078e-7, -4.488e-7, -2.304e-7, 2.184e-7, -5.548e-7, -3.253e-7, 2.295e-7, -6.271e-7, -3.719e-7, 2.552e-7, -5.518e-7, -3.217e-7, 2.301e-7, -6.177e-7, -3.654e-7, 2.523e-7
0.460, -4.624e-7, -2.400e-7, 2.224e-7, -5.103e-7, -2.712e-7, 2.390e-7, -4.225e-7, -2.157e-7, 2.068e-7, -4.504e-7, -2.335e-7, 2.169e-7, -5.562e-7, -3.277e-7, 2.285e-7, -6.288e-7, -3.744e-7, 2.543e-7, -5.529e-7, -3.236e-7, 2.292e-7, -6.192e-7, -3.679e-7, 2.513e-7
0.464, -4.641e-7, -2.425e-7, 2.216e-7, -5.140e-7, -2.745e-7, 2.395e-7, -4.242e-7, -2.183e-7, 2.059e-7, -4.542e-7, -2.374e-7, 2.168e-7, -5.589e-7, -3.302e-7, 2.287e-7, -6.308e-7, -3.771e-7, 2.537e-7, -5.547e-7, -3.258e-7, 2.289e-7, -6.209e-7, -3.699e-7, 2.509e-7
0.468, -4.661e-7, -2.453e-7, 2.208e-7, -5.172e-7, -2.781e-7, 2.391e-7, -4.261e-7, -2.208e-7, 2.053e-7, -4.567e-7, -2.401e-7, 2.165e-7, -5.593e-7, -3.321e-7, 2.272e-7, -6.331e-7, -3.797e-7, 2.534e-7, -5.563e-7, -3.280e-7, 2.284e-7, -6.235e-7, -3.727e-7, 2.508e-7
0.472, -4.671e-7, -2.479e-7, 2.192e-7, -5.198e-7, -2.815e-7, 2.384e-7, -4.278e-7, -2.235e-7, 2.043e-7, -4.588e-7, -2.432e-7, 2.156e-7, -5.610e-7, -3.346e-7, 2.264e-7, -6.348e-7, -3.821e-7, 2.527e-7, -5.576e-7, -3.302e-7, 2.273e-7, -6.246e-7, -3.749e-7, 2.497e-7
0.476, -4.694e-7, -2.506e-7, 2.188e-7, -5.227e-7, -2.849e-7, 2.378e-7, -4.295e-7, -2.263e-7, 2.031e-7, -4.616e-7, -2.467e-7, 2.150e-7, -5.631e-7, -3.369e-7, 2.262e-7, -6.373e-7, -3.849e-7, 2.524e-7, -5.588e-7, -3.320e-7, 2.268e-7, -6.265e-7, -3.771e-7, 2.494e-7
0.480, -4.728e-7, -2.539e-7, 2.189e-7, -5.266e-7, -2.884e-7, 2.383e-7, -4.323e-7, -2.291e-7, 2.032e-7, -4.652e-7, -2.499e-7, 2.152e-7, -5.644e-7, -3.384e-7, 2.260e-7, -6.399e-7, -3.871e-7, 2.528e-7, -5.608e-7, -3.341e-7, 2.266e-7, -6.292e-7, -3.796e-7, 2.496e-7
0.484, -4.739e-7, -2.561e-7, 2.178e-7, -5.293e-7, -2.914e-7, 2.379e-7, -4.341e-7, -2.316e-7, 2.025e-7, -4.669e-7, -2.522e-7, 2.148e-7, -5.665e-7, -3.405e-7, 2.260e-7, -6.417e-7, -3.893e-7, 2.523e-7, -5.619e-7, -3.358e-7, 2.260e-7, -6.304e-7, -3.812e-7, 2.492e-7
0.488, -4.759e-7, -2.587e-7, 2.172e-7, -5.316e-7, -2.944e-7, 2.372e-7, -4.364e-7, -2.347e-7, 2.017e-7, -4.701e-7, -2.556e-7, 2.145e-7, -5.675e-7, -3.427e-7, 2.248e-7, -6.434e-7, -3.917e-7, 2.517e-7, -5.630e-7, -3.379e-7, 2.251e-7, -6.323e-7, -3.836e-7, 2.487e-7
0.492, -4.768e-7, -2.606e-7, 2.162e-7, -5.341e-7, -2.974e-7, 2.367e-7, -4.376e-7, -2.367e-7, 2.010e-7, -4.719e-7, -2.584e-7, 2.135e-7, -5.679e-7, -3.440e-7, 2.239e-7, -6.443e-7, -3.933e-7, 2.511e-7, -5.632e-7, -3.391e-7, 2.241e-7, -6.324e-7, -3.847e-7, 2.477e-7
0.496, -4.785e-7, -2.630e-7, 2.155e-7, -5.370e-7, -3.006e-7, 2.364e-7, -4.389e-7, -2.392e-7, 1.997e-7, -4.743e-7, -2.612e-7, 2.132e-7, -5.692e-7, -3.456e-7, 2.236e-7, -6.457e-7, -3.953e-7, 2.504e-7, -5.646e-7, -3.409e-7, 2.237e-7, -6.333e-7, -3.862e-7, 2.471e-7
0.500, -4.803e-7, -2.649e-7, 2.154e-7, -5.391e-7, -3.029e-7, 2.362e-7, -4.410e-7, -2.412e-7, 1.998e-7, -4.768e-7, -2.638e-7, 2.130e-7, -5.700e-7, -3.468e-7, 2.232e-7, -6.474e-7, -3.972e-7, 2.503e-7, -5.656e-7, -3.424e-7, 2.232e-7, -6.341e-7, -3.875e-7, 2.466e-7
0.504, -4.806e-7, -2.665e-7, 2.141e-7, -5.409e-7, -3.051e-7, 2.358e-7, -4.425e-7, -2.436e-7, 1.990e-7, -4.784e-7, -2.662e-7, 2.122e-7, -5.700e-7, -3.479e-7, 2.221e-7, -6.475e-7, -3.983e-7, 2.492e-7, -5.657e-7, -3.432e-7, 2.225e-7, -6.350e-7, -3.886e-7, 2.464e-7
0.508, -4.808e-7, -2.677e-7, 2.131e-7, -5.424e-7, -3.073e-7, 2.351e-7, -4.426e-7, -2.446e-7, 1.980e-7, -4.798e-7, -2.678e-7, 2.120e-7, -5.702e-7, -3.488e-7, 2.214e-7, -6.476e-7, -3.983e-7, 2.492e-7, -5.649e-7, -3.437e-7, 2.212e-7, -6.341e-7, -3.888e-7, 2.453e-7
0.512, -4.816e-7, -2.692e-7, 2.124e-7, -5.432e-7, -3.082e-7, 2.350e-7, -4.433e-7, -2.457e-7, 1.976e-7, -4.812e-7, -2.695e-7, 2.117e-7, -5.700e-7, -3.490e-7, 2.209e-7, -6.478e-7, -3.993e-7, 2.484e-7, -5.647e-7, -3.438e-7, 2.209e-7, -6.336e-7, -3.892e-7, 2.444e-7
0.516, -4.809e-7, -2.698e-7, 2.112e-7, -5.433e-7, -3.097e-7, 2.337e-7, -4.434e-7, -2.469e-7, 1.964e-7, -4.812e-7, -2.707e-7, 2.105e-7, -5.689e-7, -3.494e-7, 2.195e-7, -6.466e-7, -3.995e-7, 2.471e-7, -5.636e-7, -3.438e-7, 2.197e-7, -6.328e-7, -3.894e-7, 2.434e-7
0.520, -4.805e-7, -2.700e-7, 2.105e-7, -5.430e-7, -3.103e-7, 2.327e-7, -4.429e-7, -2.471e-7, 1.957e-7, -4.809e-7, -2.712e-7, 2.097e-7, -5.686e-7, -3.496e-7, 2.189e-7, -6.462e-7, -3.997e-7, 2.465e-7, -5.622e-7, -3.435e-7, 2.187e-7, -6.317e-7, -3.892e-7, 2.425e-7
0.524, -4.784e-7, -2.693e-7, 2.090e-7, -5.425e-7, -3.107e-7, 2.318e-7, -4.427e-7, -2.478e-7, 1.948e-7, -4.807e-7, -2.719e-7, 2.088e-7, -5.658e-7, -3.485e-7, 2.173e-7, -6.439e-7, -3.990e-7, 2.449e-7, -5.603e-7, -3.430e-7, 2.173e-7, -6.291e-7, -3.881e-7, 2.410e-7
0.528, -4.774e-7, -2.695e-7, 2.079e-7, -5.414e-7, -3.103e-7, 2.311e-7, -4.411e-7, -2.480e-7, 1.931e-7, -4.796e-7, -2.723e-7, 2.073e-7, -5.641e-7, -3.480e-7, 2.161e-7, -6.425e-7, -3.988e-7, 2.437e-7, -5.590e-7, -3.429e-7, 2.161e-7, -6.274e-7, -3.871e-7, 2.403e-7
0.532, -4.746e-7, -2.684e-7, 2.062e-7, -5.392e-7, -3.098e-7, 2.295e-7, -4.389e-7, -2.474e-7, 1.915e-7, -4.783e-7, -2.721e-7, 2.062e-7, -5.619e-7, -3.469e-7, 2.149e-7, -6.406e-7, -3.978e-7, 2.427e-7, -5.562e-7, -3.412e-7, 2.150e-7, -6.245e-7, -3.858e-7, 2.387e-7
0.536, -4.715e-7, -2.670e-7, 2.045e-7, -5.356e-7, -3.083e-7, 2.273e-7, -4.368e-7, -2.464e-7, 1.904e-7, -4.754e-7, -2.710e-7, 2.044e-7, -5.580e-7, -3.453e-7, 2.127e-7, -6.363e-7, -3.956e-7, 2.407e-7, -5.531e-7, -3.402e-7, 2.128e-7, -6.198e-7, -3.834e-7, 2.365e-7
0.540, -4.680e-7, -2.658e-7, 2.023e-7, -5.328e-7, -3.073e-7, 2.255e-7, -4.347e-7, -2.459e-7, 1.888e-7, -4.735e-7, -2.703e-7, 2.032e-7, -5.557e-7, -3.441e-7, 2.116e-7, -6.338e-7, -3.942e-7, 2.396e-7, -5.495e-7, -3.382e-7, 2.113e-7, -6.172e-7, -3.822e-7, 2.350e-7
0.544, -4.649e-7, -2.644e-7, 2.005e-7, -5.289e-7, -3.053e-7, 2.235e-7, -4.319e-7, -2.447e-7, 1.872e-7, -4.705e-7, -2.692e-7, 2.012e-7, -5.519e-7, -3.422e-7, 2.097e-7, -6.299e-7, -3.923e-7, 2.377e-7, -5.459e-7, -3.362e-7, 2.097e-7, -6.123e-7, -3.792e-7, 2.331e-7
0.548, -4.608e-7, -2.630e-7, 1.977e-7, -5.257e-7, -3.043e-7, 2.214e-7, -4.290e-7, -2.440e-7, 1.850e-7, -4.673e-7, -2.681e-7, 1.992e-7, -5.481e-7, -3.405e-7, 2.076e-7, -6.262e-7, -3.909e-7, 2.353e-7, -5.423e-7, -3.347e-7, 2.076e-7, -6.083e-7, -3.779e-7, 2.304e-7
0.552, -4.577e-7, -2.622e-7, 1.955e-7, -5.207e-7, -3.023e-7, 2.184e-7, -4.261e-7, -2.433e-7, 1.828e-7, -4.634e-7, -2.672e-7, 1.962e-7, -5.440e-7, -3.389e-7, 2.051e-7, -6.218e-7, -3.891e-7, 2.326e-7, -5.382e-7, -3.336e-7, 2.047e-7, -6.036e-7, -3.757e-7, 2.279e-7
0.556, -4.548e-7, -2.610e-7, 1.937e-7, -5.180e-7, -3.012e-7, 2.169e-7, -4.244e-7, -2.427e-7, 1.817e-7, -4.606e-7, -2.662e-7, 1.945e-7, -5.418e-7, -3.378e-7, 2.040e-7, -6.190e-7, -3.876e-7, 2.313e-7, -5.354e-7, -3.318e-7, 2.036e-7, -6.008e-7, -3.739e-7, 2.269e-7
0.560, -4.508e-7, -2.595e-7, 1.913e-7, -5.130e-7, -2.988e-7, 2.141e-7, -4.210e-7, -2.421e-7, 1.789e-7, -4.572e-7, -2.649e-7, 1.923e-7, -5.371e-7, -3.357e-7, 2.014e-7, -6.135e-7, -3.852e-7, 2.283e-7, -5.310e-7, -3.299e-7, 2.012e-7, -5.958e-7, -3.719e-7, 2.239e-7
0.564, -4.475e-7, -2.582e-7, 1.893e-7, -5.096e-7, -2.978e-7, 2.118e-7, -4.184e-7, -2.412e-7, 1.772e-7, -4.545e-7, -2.639e-7, 1.906e-7, -5.336e-7, -3.341e-7, 1.995e-7, -6.107e-7, -3.833e-7, 2.274e-7, -5.271e-7, -3.279e-7, 1.993e-7, -5.923e-7, -3.700e-7, 2.223e-7
0.568, -4.439e-7, -2.576e-7, 1.863e-7, -5.060e-7, -2.968e-7, 2.093e-7, -4.153e-7, -2.406e-7, 1.748e-7, -4.515e-7, -2.634e-7, 1.881e-7, -5.314e-7, -3.340e-7, 1.974e-7, -6.065e-7, -3.820e-7, 2.245e-7, -5.249e-7, -3.273e-7, 1.976e-7, -5.881e-7, -3.683e-7, 2.198e-7
0.572, -4.413e-7, -2.572e-7, 1.841e-7, -5.023e-7, -2.962e-7, 2.061e-7, -4.133e-7, -2.406e-7, 1.727e-7, -4.488e-7, -2.631e-7, 1.857e-7, -5.280e-7, -3.324e-7, 1.956e-7, -6.032e-7, -3.810e-7, 2.223e-7, -5.209e-7, -3.258e-7, 1.951e-7, -5.845e-7, -3.671e-7, 2.174e-7
0.576, -4.376e-7, -2.564e-7, 1.813e-7, -4.988e-7, -2.953e-7, 2.035e-7, -4.112e-7, -2.403e-7, 1.709e-7, -4.455e-7, -2.622e-7, 1.833e-7, -5.248e-7, -3.315e-7, 1.933e-7, -5.994e-7, -3.796e-7, 2.198e-7, -5.172e-7, -3.249e-7, 1.923e-7, -5.809e-7, -3.659e-7, 2.150e-7
0.580, -4.350e-7, -2.561e-7, 1.789e-7, -4.954e-7, -2.945e-7, 2.009e-7, -4.087e-7, -2.400e-7, 1.686e-7, -4.433e-7, -2.622e-7, 1.811e-7, -5.219e-7, -3.309e-7, 1.911e-7, -5.964e-7, -3.788e-7, 2.177e-7, -5.143e-7, -3.237e-7, 1.906e-7, -5.770e-7, -3.644e-7, 2.126e-7
0.584, -4.334e-7, -2.560e-7, 1.774e-7, -4.938e-7, -2.947e-7, 1.991e-7, -4.075e-7, -2.406e-7, 1.669e-7, -4.422e-7, -2.625e-7, 1.797e-7, -5.201e-7, -3.304e-7, 1.898e-7, -5.939e-7, -3.779e-7, 2.160e-7, -5.123e-7, -3.232e-7, 1.892e-7, -5.742e-7, -3.636e-7, 2.106e-7
0.588, -4.315e-7, -2.568e-7, 1.747e-7, -4.920e-7, -2.954e-7, 1.965e-7, -4.065e-7, -2.415e-7, 1.650e-7, -4.404e-7, -2.631e-7, 1.772e-7, -5.176e-7, -3.302e-7, 1.874e-7, -5.908e-7, -3.772e-7, 2.136e-7, -5.093e-7, -3.225e-7, 1.868e-7, -5.714e-7, -3.627e-7, 2.086e-7
0.592, -4.298e-7, -2.573e-7, 1.725e-7, -4.904e-7, -2.960e-7, 1.944e-7, -4.052e-7, -2.421e-7, 1.631e-7, -4.395e-7, -2.639e-7, 1.757e-7, -5.159e-7, -3.300e-7, 1.859e-7, -5.885e-7, -3.771e-7, 2.114e-7, -5.079e-7, -3.226e-7, 1.853e-7, -5.693e-7, -3.625e-7, 2.068e-7
0.596, -4.287e-7, -2.584e-7, 1.704e-7, -4.885e-7, -2.968e-7, 1.917e-7, -4.049e-7, -2.434e-7, 1.615e-7, -4.384e-7, -2.653e-7, 1.731e-7, -5.139e-7, -3.305e-7, 1.834e-7, -5.871e-7, -3.777e-7, 2.095e-7, -5.055e-7, -3.224e-7, 1.831e-7, -5.667e-7, -3.625e-7, 2.042e-7
0.600, -4.283e-7, -2.596e-7, 1.687e-7, -4.882e-7, -2.984e-7, 1.898e-7, -4.047e-7, -2.448e-7, 1.599e-7, -4.383e-7, -2.665e-7, 1.718e-7, -5.132e-7, -3.312e-7, 1.819e-7, -5.851e-7, -3.779e-7, 2.072e-7, -5.043e-7, -3.230e-7, 1.813e-7, -5.647e-7, -3.626e-7, 2.021e-7
0.604, -4.293e-7, -2.619e-7, 1.674e-7, -4.892e-7, -3.009e-7, 1.883e-7, -4.053e-7, -2.464e-7, 1.590e-7, -4.389e-7, -2.689e-7, 1.700e-7, -5.129e-7, -3.322e-7, 1.808e-7, -5.847e-7, -3.788e-7, 2.059e-7, -5.036e-7, -3.237e-7, 1.799e-7, -5.637e-7, -3.632e-7, 2.005e-7
0.608, -4.285e-7, -2.635e-7, 1.651e-7, -4.876e-7, -3.017e-7, 1.859e-7, -4.051e-7, -2.485e-7, 1.566e-7, -4.392e-7, -2.706e-7, 1.686e-7, -5.114e-7, -3.327e-7, 1.787e-7, -5.840e-7, -3.797e-7, 2.042e-7, -5.020e-7, -3.238e-7, 1.782e-7, -5.620e-7, -3.635e-7, 1.986e-7
0.612, -4.290e-7, -2.657e-7, 1.634e-7, -4.885e-7, -3.042e-7, 1.843e-7, -4.058e-7, -2.506e-7, 1.552e-7, -4.400e-7, -2.732e-7, 1.669e-7, -5.110e-7, -3.341e-7, 1.769e-7, -5.831e-7, -3.810e-7, 2.020e-7, -5.015e-7, -3.256e-7, 1.759e-7, -5.607e-7, -3.641e-7, 1.966e-7
0.616, -4.291e-7, -2.677e-7, 1.613e-7, -4.893e-7, -3.072e-7, 1.821e-7, -4.071e-7, -2.533e-7, 1.538e-7, -4.406e-7, -2.759e-7, 1.647e-7, -5.113e-7, -3.360e-7, 1.754e-7, -5.826e-7, -3.825e-7, 2.001e-7, -5.010e-7, -3.264e-7, 1.746e-7, -5.601e-7, -3.656e-7, 1.946e-7
0.620, -4.301e-7, -2.703e-7, 1.597e-7, -4.900e-7, -3.101e-7, 1.800e-7, -4.082e-7, -2.556e-7, 1.526e-7, -4.426e-7, -2.788e-7, 1.638e-7, -5.113e-7, -3.373e-7, 1.740e-7, -5.831e-7, -3.848e-7, 1.982e-7, -5.008e-7, -3.276e-7, 1.732e-7, -5.601e-7, -3.670e-7, 1.931e-7
0.624, -4.306e-7, -2.733e-7, 1.574e-7, -4.908e-7, -3.132e-7, 1.775e-7, -4.090e-7, -2.584e-7, 1.506e-7, -4.435e-7, -2.820e-7, 1.615e-7, -5.111e-7, -3.394e-7, 1.717e-7, -5.821e-7, -3.862e-7, 1.959e-7, -5.003e-7, -3.292e-7, 1.711e-7, -5.584e-7, -3.677e-7, 1.907e-7
0.628, -4.326e-7, -2.768e-7, 1.559e-7, -4.923e-7, -3.168e-7, 1.754e-7, -4.108e-7, -2.616e-7, 1.492e-7, -4.452e-7, -2.853e-7, 1.598e-7, -5.124e-7, -3.421e-7, 1.703e-7, -5.831e-7, -3.888e-7, 1.943e-7, -5.000e-7, -3.306e-7, 1.694e-7, -5.589e-7, -3.698e-7, 1.891e-7
0.632, -4.337e-7, -2.807e-7, 1.529e-7, -4.938e-7, -3.213e-7, 1.725e-7, -4.121e-7, -2.651e-7, 1.470e-7, -4.470e-7, -2.898e-7, 1.571e-7, -5.128e-7, -3.446e-7, 1.681e-7, -5.835e-7, -3.921e-7, 1.914e-7, -5.013e-7, -3.340e-7, 1.673e-7, -5.593e-7, -3.723e-7, 1.870e-7
0.636, -4.353e-7, -2.842e-7, 1.510e-7, -4.965e-7, -3.259e-7, 1.706e-7, -4.141e-7, -2.690e-7, 1.452e-7, -4.494e-7, -2.937e-7, 1.557e-7, -5.136e-7, -3.477e-7, 1.658e-7, -5.842e-7, -3.946e-7, 1.896e-7, -5.013e-7, -3.357e-7, 1.657e-7, -5.586e-7, -3.742e-7, 1.844e-7
0.640, -4.372e-7, -2.889e-7, 1.483e-7, -4.979e-7, -3.308e-7, 1.671e-7, -4.162e-7, -2.732e-7, 1.430e-7, -4.506e-7, -2.981e-7, 1.524e-7, -5.140e-7, -3.502e-7, 1.638e-7, -5.846e-7, -3.981e-7, 1.865e-7, -5.022e-7, -3.388e-7, 1.634e-7, -5.592e-7, -3.771e-7, 1.821e-7
0.644, -4.401e-7, -2.938e-7, 1.463e-7, -5.015e-7, -3.366e-7, 1.649e-7, -4.187e-7, -2.779e-7, 1.408e-7, -4.541e-7, -3.040e-7, 1.502e-7, -5.162e-7, -3.541e-7, 1.621e-7, -5.865e-7, -4.024e-7, 1.841e-7, -5.036e-7, -3.417e-7, 1.619e-7, -5.605e-7, -3.808e-7, 1.798e-7
0.648, -4.424e-7, -2.986e-7, 1.438e-7, -5.045e-7, -3.426e-7, 1.619e-7, -4.223e-7, -2.828e-7, 1.395e-7, -4.570e-7, -3.091e-7, 1.479e-7, -5.182e-7, -3.583e-7, 1.599e-7, -5.886e-7, -4.069e-7, 1.817e-7, -5.049e-7, -3.449e-7, 1.601e-7, -5.625e-7, -3.846e-7, 1.780e-7
0.652, -4.460e-7, -3.047e-7, 1.413e-7, -5.077e-7, -3.488e-7, 1.590e-7, -4.252e-7, -2.883e-7, 1.369e-7, -4.616e-7, -3.159e-7, 1.457e-7, -5.203e-7, -3.627e-7, 1.576e-7, -5.914e-7, -4.121e-7, 1.793e-7, -5.062e-7, -3.490e-7, 1.573e-7, -5.633e-7, -3.884e-7, 1.749e-7
0.656, -4.497e-7, -3.109e-7, 1.388e-7, -5.125e-7, -3.563e-7, 1.562e-7, -4.298e-7, -2.948e-7, 1.350e-7, -4.656e-7, -3.227e-7, 1.429e-7, -5.231e-7, -3.676e-7, 1.555e-7, -5.943e-7, -4.172e-7, 1.771e-7, -5.086e-7, -3.529e-7, 1.556e-7, -5.664e-7, -3.933e-7, 1.731e-7
0.660, -4.545e-7, -3.178e-7, 1.366e-7, -5.182e-7, -3.646e-7, 1.536e-7, -4.339e-7, -3.011e-7, 1.328e-7, -4.719e-7, -3.304e-7, 1.416e-7, -5.269e-7, -3.731e-7, 1.538e-7, -5.987e-7, -4.240e-7, 1.747e-7, -5.125e-7, -3.581e-7, 1.544e-7, -5.699e-7, -3.987e-7, 1.712e-7
0.664, -4.590e-7, -3.253e-7, 1.337e-7, -5.237e-7, -3.734e-7, 1.503e-7, -4.385e-7, -3.081e-7, 1.304e-7, -4.769e-7, -3.389e-7, 1.380e-7, -5.306e-7, -3.796e-7, 1.510e-7, -6.023e-7, -4.307e-7, 1.716e-7, -5.152e-7, -3.635e-7, 1.517e-7, -5.722e-7, -4.042e-7, 1.680e-7
0.668, -4.658e-7, -3.344e-7, 1.314e-7, -5.318e-7, -3.835e-7, 1.483e-7, -4.453e-7, -3.164e-7, 1.289e-7, -4.844e-7, -3.482e-7, 1.362e-7, -5.364e-7, -3.866e-7, 1.498e-7, -6.095e-7, -4.394e-7, 1.701e-7, -5.195e-7, -3.693e-7, 1.502e-7, -5.775e-7, -4.109e-7, 1.667e-7
0.672, -4.724e-7, -3.436e-7, 1.288e-7, -5.396e-7, -3.939e-7, 1.457e-7, -4.526e-7, -3.256e-7, 1.270e-7, -4.917e-7, -3.579e-7, 1.337e-7, -5.409e-7, -3.936e-7, 1.473e-7, -6.144e-7, -4.478e-7, 1.665e-7, -5.241e-7, -3.759e-7, 1.482e-7, -5.835e-7, -4.191e-7, 1.644e-7
0.676, -4.806e-7, -3.538e-7, 1.268e-7, -5.478e-7, -4.054e-7, 1.424e-7, -4.597e-7, -3.351e-7, 1.246e-7, -5.015e-7, -3.699e-7, 1.315e-7, -5.477e-7, -4.023e-7, 1.453e-7, -6.225e-7, -4.577e-7, 1.647e-7, -5.305e-7, -3.839e-7, 1.467e-7, -5.900e-7, -4.276e-7, 1.624e-7
0.680, -4.894e-7, -3.650e-7, 1.244e-7, -5.583e-7, -4.184e-7, 1.399e-7, -4.684e-7, -3.458e-7, 1.226e-7, -5.110e-7, -3.814e-7, 1.296e-7, -5.550e-7, -4.113e-7, 1.437e-7, -6.308e-7, -4.683e-7, 1.625e-7, -5.367e-7, -3.920e-7, 1.447e-7, -5.965e-7, -4.367e-7, 1.598e-7
0.684, -5.006e-7, -3.781e-7, 1.225e-7, -5.708e-7, -4.324e-7, 1.384e-7, -4.790e-7, -3.574e-7, 1.216e-7, -5.229e-7, -3.953e-7, 1.276e-7, -5.636e-7, -4.218e-7, 1.418e-7, -6.414e-7, -4.808e-7, 1.606e-7, -5.450e-7, -4.017e-7, 1.432e-7, -6.056e-7, -4.474e-7, 1.582e-7
0.688, -5.120e-7, -3.915e-7, 1.206e-7, -5.839e-7, -4.479e-7, 1.360e-7, -4.902e-7, -3.705e-7, 1.198e-7, -5.356e-7, -4.099e-7, 1.257e-7, -5.736e-7, -4.337e-7, 1.399e-7, -6.525e-7, -4.941e-7, 1.584e-7, -5.534e-7, -4.120e-7, 1.414e-7, -6.160e-7, -4.596e-7, 1.564e-7
0.692, -5.270e-7, -4.077e-7, 1.193e-7, -5.998e-7, -4.657e-7, 1.340e-7, -5.037e-7, -3.854e-7, 1.182e-7, -5.513e-7, -4.270e-7, 1.243e-7, -5.859e-7, -4.475e-7, 1.384e-7, -6.659e-7, -5.096e-7, 1.564e-7, -5.646e-7, -4.243e-7, 1.403e-7, -6.279e-7, -4.737e-7, 1.543e-7
0.696, -5.422e-7, -4.247e-7, 1.175e-7, -6.174e-7, -4.851e-7, 1.323e-7, -5.189e-7, -4.018e-7, 1.171e-7, -5.684e-7, -4.453e-7, 1.231e-7, -5.993e-7, -4.617e-7, 1.376e-7, -6.822e-7, -5.269e-7, 1.552e-7, -5.766e-7, -4.376e-7, 1.390e-7, -6.417e-7, -4.889e-7, 1.528e-7
0.700, -5.601e-7, -4.440e-7, 1.161e-7, -6.368e-7, -5.063e-7, 1.305e-7, -5.360e-7, -4.197e-7, 1.163e-7, -5.880e-7, -4.661e-7, 1.219e-7, -6.140e-7, -4.777e-7, 1.363e-7, -6.992e-7, -5.460e-7, 1.531e-7, -5.906e-7, -4.527e-7, 1.379e-7, -6.582e-7, -5.061e-7, 1.521e-7
0.704, -5.806e-7, -4.658e-7, 1.148e-7, -6.595e-7, -5.304e-7, 1.292e-7, -5.558e-7, -4.403e-7, 1.154e-7, -6.105e-7, -4.891e-7, 1.214e-7, -6.321e-7, -4.967e-7, 1.353e-7, -7.190e-7, -5.670e-7, 1.519e-7, -6.062e-7, -4.696e-7, 1.366e-7, -6.760e-7, -5.252e-7, 1.508e-7
0.708, -6.042e-7, -4.898e-7, 1.144e-7, -6.866e-7, -5.576e-7, 1.290e-7, -5.787e-7, -4.633e-7, 1.154e-7, -6.359e-7, -5.150e-7, 1.210e-7, -6.519e-7, -5.172e-7, 1.346e-7, -7.427e-7, -5.911e-7, 1.516e-7, -6.249e-7, -4.887e-7, 1.362e-7, -6.967e-7, -5.469e-7, 1.498e-7
0.712, -6.309e-7, -5.170e-7, 1.139e-7, -7.160e-7, -5.878e-7, 1.282e-7, -6.036e-7, -4.887e-7, 1.149e-7, -6.642e-7, -5.437e-7, 1.205e-7, -6.751e-7, -5.410e-7, 1.341e-7, -7.687e-7, -6.182e-7, 1.505e-7, -6.459e-7, -5.103e-7, 1.356e-7, -7.204e-7, -5.717e-7, 1.487e-7
0.716, -6.607e-7, -5.468e-7, 1.138e-7, -7.495e-7, -6.211e-7, 1.284e-7, -6.328e-7, -5.173e-7, 1.156e-7, -6.966e-7, -5.759e-7, 1.208e-7, -7.009e-7, -5.668e-7, 1.341e-7, -7.984e-7, -6.479e-7, 1.505e-7, -6.699e-7, -5.344e-7, 1.356e-7, -7.473e-7, -5.987e-7, 1.487e-7
0.720, -6.947e-7, -5.805e-7, 1.142e-7, -7.878e-7, -6.589e-7, 1.289e-7, -6.653e-7, -5.493e-7, 1.160e-7, -7.332e-7, -6.116e-7, 1.216e-7, -7.297e-7, -5.955e-7, 1.342e-7, -8.331e-7, -6.823e-7, 1.508e-7, -6.975e-7, -5.616e-7, 1.359e-7, -7.784e-7, -6.296e-7, 1.487e-7
0.724, -7.344e-7, -6.186e-7, 1.158e-7, -8.327e-7, -7.021e-7, 1.306e-7, -7.033e-7, -5.852e-7, 1.181e-7, -7.755e-7, -6.522e-7, 1.233e-7, -7.642e-7, -6.286e-7, 1.356e-7, -8.720e-7, -7.203e-7, 1.516e-7, -7.287e-7, -5.921e-7, 1.366e-7, -8.141e-7, -6.647e-7, 1.494e-7
0.728, -7.774e-7, -6.601e-7, 1.173e-7, -8.819e-7, -7.492e-7, 1.327e-7, -7.445e-7, -6.246e-7, 1.198e-7, -8.232e-7, -6.972e-7, 1.261e-7, -8.018e-7, -6.646e-7, 1.372e-7, -9.151e-7, -7.623e-7, 1.529e-7, -7.635e-7, -6.258e-7, 1.378e-7, -8.533e-7, -7.030e-7, 1.503e-7
0.732, -8.278e-7, -7.073e-7, 1.205e-7, -9.376e-7, -8.020e-7, 1.356e-7, -7.924e-7, -6.698e-7, 1.226e-7, -8.761e-7, -7.471e-7, 1.290e-7, -8.444e-7, -7.054e-7, 1.390e-7, -9.649e-7, -8.097e-7, 1.552e-7, -8.024e-7, -6.631e-7, 1.393e-7, -8.991e-7, -7.469e-7, 1.522e-7
0.736, -8.834e-7, -7.599e-7, 1.235e-7, -1.001e-6, -8.612e-7, 1.395e-7, -8.454e-7, -7.194e-7, 1.260e-7, -9.368e-7, -8.042e-7, 1.327e-7, -8.918e-7, -7.506e-7, 1.412e-7, -1.021e-6, -8.633e-7, 1.575e-7, -8.471e-7, -7.057e-7, 1.414e-7, -9.503e-7, -7.960e-7, 1.544e-7
0.740, -9.453e-7, -8.183e-7, 1.270e-7, -1.071e-6, -9.265e-7, 1.443e-7, -9.051e-7, -7.753e-7, 1.298e-7, -1.006e-6, -8.684e-7, 1.376e-7, -9.463e-7, -8.018e-7, 1.446e-7, -1.084e-6, -9.225e-7, 1.613e-7, -8.969e-7, -7.531e-7, 1.438e-7, -1.008e-6, -8.506e-7, 1.570e-7
0.744, -1.015e-6, -8.828e-7, 1.319e-7, -1.149e-6, -9.991e-7, 1.497e-7, -9.726e-7, -8.381e-7, 1.345e-7, -1.083e-6, -9.401e-7, 1.427e-7, -1.005e-6, -8.576e-7, 1.475e-7, -1.153e-6, -9.883e-7, 1.652e-7, -9.517e-7, -8.054e-7, 1.462e-7, -1.070e-6, -9.110e-7, 1.593e-7
0.748, -1.090e-6, -9.528e-7, 1.370e-7, -1.235e-6, -1.079e-6, 1.560e-7, -1.048e-6, -9.082e-7, 1.400e-7, -1.168e-6, -1.018e-6, 1.497e-7, -1.071e-6, -9.187e-7, 1.522e-7, -1.231e-6, -1.060e-6, 1.706e-7, -1.012e-6, -8.629e-7, 1.494e-7, -1.141e-6, -9.775e-7, 1.639e-7
0.752, -1.174e-6, -1.031e-6, 1.434e-7, -1.332e-6, -1.168e-6, 1.642e-7, -1.130e-6, -9.836e-7, 1.464e-7, -1.260e-6, -1.102e-6, 1.579e-7, -1.143e-6, -9.867e-7, 1.565e-7, -1.317e-6, -1.141e-6, 1.767e-7, -1.079e-6, -9.258e-7, 1.531e-7, -1.220e-6, -1.052e-6, 1.683e-7
0.756, -1.266e-6, -1.115e-6, 1.510e-7, -1.439e-6, -1.265e-6, 1.741e-7, -1.219e-6, -1.065e-6, 1.540e-7, -1.361e-6, -1.194e-6, 1.666e-7, -1.223e-6, -1.061e-6, 1.627e-7, -1.413e-6, -1.229e-6, 1.836e-7, -1.153e-6, -9.961e-7, 1.574e-7, -1.307e-6, -1.134e-6, 1.733e-7
0.760, -1.366e-6, -1.208e-6, 1.578e-7, -1.555e-6, -1.371e-6, 1.837e-7, -1.315e-6, -1.154e-6, 1.616e-7, -1.471e-6, -1.295e-6, 1.762e-7, -1.309e-6, -1.142e-6, 1.677e-7, -1.517e-6, -1.326e-6, 1.913e-7, -1.233e-6, -1.072e-6, 1.611e-7, -1.402e-6, -1.224e-6, 1.787e-7
0.764, -1.472e-6, -1.307e-6, 1.656e-7, -1.680e-6, -1.486e-6, 1.938e-7, -1.419e-6, -1.249e-6, 1.694e-7, -1.590e-6, -1.404e-6, 1.863e-7, -1.403e-6, -1.230e-6, 1.733e-7, -1.630e-6, -1.431e-6, 1.992e-7, -1.320e-6, -1.155e-6, 1.649e-7, -1.505e-6, -1.321e-6, 1.839e-7
0.768, -1.587e-6, -1.413e-6, 1.736e-7, -1.816e-6, -1.611e-6, 2.050e-7, -1.528e-6, -1.351e-6, 1.773e-7, -1.718e-6, -1.521e-6, 1.971e-7, -1.504e-6, -1.324e-6, 1.794e-7, -1.753e-6, -1.545e-6, 2.075e-7, -1.413e-6, -1.244e-6, 1.690e-7, -1.616e-6, -1.426e-6, 1.899e-7
0.772, -1.710e-6, -1.529e-6, 1.813e-7, -1.964e-6, -1.747e-6, 2.166e-7, -1.646e-6, -1.461e-6, 1.852e-7, -1.857e-6, -1.650e-6, 2.072e-7, -1.611e-6, -1.426e-6, 1.846e-7, -1.886e-6, -1.670e-6, 2.160e-7, -1.515e-6, -1.342e-6, 1.730e-7, -1.737e-6, -1.542e-6, 1.956e-7
0.776, -1.841e-6, -1.652e-6, 1.893e-7, -2.121e-6, -1.893e-6, 2.277e-7, -1.772e-6, -1.579e-6, 1.927e-7, -2.006e-6, -1.788e-6, 2.181e-7, -1.727e-6, -1.537e-6, 1.894e-7, -2.028e-6, -1.804e-6, 2.246e-7, -1.621e-6, -1.446e-6, 1.757e-7, -1.867e-6, -1.666e-6, 2.008e-7
0.780, -1.975e-6, -1.780e-6, 1.946e-7, -2.287e-6, -2.049e-6, 2.376e-7, -1.903e-6, -1.704e-6, 1.990e-7, -2.161e-6, -1.934e-6, 2.278e-7, -1.846e-6, -1.653e-6, 1.930e-7, -2.177e-6, -1.945e-6, 2.314e-7, -1.734e-6, -1.556e-6, 1.771e-7, -2.003e-6, -1.798e-6, 2.046e-7
0.784, -2.118e-6, -1.918e-6, 1.998e-7, -2.466e-6, -2.219e-6, 2.475e-7, -2.041e-6, -1.837e-6, 2.042e-7, -2.328e-6, -2.092e-6, 2.363e-7, -1.973e-6, -1.778e-6, 1.954e-7, -2.338e-6, -2.100e-6, 2.380e-7, -1.853e-6, -1.676e-6, 1.773e-7, -2.148e-6, -1.941e-6, 2.075e-7
0.788, -2.266e-6, -2.063e-6, 2.027e-7, -2.654e-6, -2.399e-6, 2.554e-7, -2.184e-6, -1.977e-6, 2.075e-7, -2.504e-6, -2.261e-6, 2.431e-7, -2.107e-6, -1.911e-6, 1.961e-7, -2.507e-6, -2.264e-6, 2.427e-7, -1.978e-6, -1.801e-6, 1.762e-7, -2.301e-6, -2.092e-6, 2.093e-7
0.792, -2.421e-6, -2.218e-6, 2.029e-7, -2.855e-6, -2.594e-6, 2.604e-7, -2.334e-6, -2.126e-6, 2.077e-7, -2.690e-6, -2.442e-6, 2.477e-7, -2.245e-6, -2.051e-6, 1.942e-7, -2.685e-6, -2.440e-6, 2.446e-7, -2.108e-6, -1.935e-6, 1.727e-7, -2.461e-6, -2.254e-6, 2.077e-7
0.796, -2.584e-6, -2.383e-6, 2.009e-7, -3.067e-6, -2.803e-6, 2.637e-7, -2.492e-6, -2.285e-6, 2.066e-7, -2.886e-6, -2.636e-6, 2.498e-7, -2.390e-6, -2.200e-6, 1.901e-7, -2.873e-6, -2.628e-6, 2.447e-7, -2.243e-6, -2.077e-6, 1.665e-7, -2.631e-6, -2.427e-6, 2.040e-7
0.800, -2.753e-6, -2.557e-6, 1.956e-7, -3.289e-6, -3.026e-6, 2.633e-7, -2.654e-6, -2.453e-6, 2.015e-7, -3.091e-6, -2.842e-6, 2.486e-7, -2.542e-6, -2.359e-6, 1.830e-7, -3.069e-6, -2.828e-6, 2.410e-7, -2.384e-6, -2.227e-6, 1.573e-7, -2.807e-6, -2.610e-6, 1.968e-7
0.804, -2.928e-6, -2.743e-6, 1.858e-7, -3.521e-6, -3.263e-6, 2.581e-7, -2.823e-6, -2.630e-6, 1.929e-7, -3.305e-6, -3.062e-6, 2.428e-7, -2.698e-6, -2.526e-6, 1.721e-7, -3.273e-6, -3.040e-6, 2.326e-7, -2.531e-6, -2.385e-6, 1.451e-7, -2.989e-6, -2.804e-6, 1.854e-7
0.808, -3.112e-6, -2.940e-6, 1.723e-7, -3.765e-6, -3.517e-6, 2.485e-7, -2.999e-6, -2.820e-6, 1.797e-7, -3.528e-6, -3.296e-6, 2.323e-7, -2.861e-6, -2.704e-6, 1.574e-7, -3.486e-6, -3.266e-6, 2.199e-7, -2.682e-6, -2.554e-6, 1.283e-7, -3.179e-6, -3.010e-6, 1.695e-7
0.812, -3.299e-6, -3.146e-6, 1.533e-7, -4.016e-6, -3.783e-6, 2.330e-7, -3.179e-6, -3.017e-6, 1.619e-7, -3.758e-6, -3.542e-6, 2.164e-7, -3.027e-6, -2.890e-6, 1.370e-7, -3.704e-6, -3.502e-6, 2.018e-7, -2.838e-6, -2.731e-6, 1.071e-7, -3.373e-6, -3.225e-6, 1.479e-7
0.816, -3.496e-6, -3.367e-6, 1.285e-7, -4.278e-6, -4.067e-6, 2.105e-7, -3.366e-6, -3.228e-6, 1.379e-7, -3.997e-6, -3.804e-6, 1.936e-7, -3.200e-6, -3.088e-6, 1.118e-7, -3.929e-6, -3.753e-6, 1.762e-7, -2.999e-6, -2.918e-6, 8.045e-8, -3.574e-6, -3.454e-6, 1.201e-7
0.820, -3.697e-6, -3.600e-6, 9.733e-8, -4.549e-6, -4.368e-6, 1.806e-7, -3.559e-6, -3.451e-6, 1.080e-7, -4.246e-6, -4.082e-6, 1.641e-7, -3.378e-6, -3.298e-6, 8.080e-8, -4.163e-6, -4.019e-6, 1.444e-7, -3.165e-6, -3.116e-6, 4.821e-8, -3.780e-6, -3.695e-6, 8.537e-8
0.824, -3.905e-6, -3.847e-6, 5.827e-8, -4.827e-6, -4.686e-6, 1.411e-7, -3.756e-6, -3.686e-6, 7.054e-8, -4.501e-6, -4.375e-6, 1.253e-7, -3.560e-6, -3.518e-6, 4.194e-8, -4.401e-6, -4.299e-6, 1.024e-7, -3.334e-6, -3.325e-6, 9.648e-9, -3.990e-6, -3.948e-6, 4.175e-8
0.828, -4.119e-6, -4.108e-6, 1.153e-8, -5.113e-6, -5.021e-6, 9.170e-8, -3.960e-6, -3.935e-6, 2.560e-8, -4.762e-6, -4.685e-6, 7.703e-8, -3.747e-6, -3.750e-6, -3.294e-9, -4.644e-6, -4.592e-6, 5.167e-8, -3.507e-6, -3.543e-6, -3.662e-8, -4.204e-6, -4.213e-6, -9.503e-9
0.832, -4.339e-6, -4.384e-6, -4.485e-8, -5.404e-6, -5.373e-6, 3.033e-8, -4.169e-6, -4.198e-6, -2.876e-8, -5.029e-6, -5.011e-6, 1.787e-8, -3.938e-6, -3.995e-6, -5.704e-8, -4.891e-6, -4.901e-6, -9.488e-9, -3.684e-6, -3.774e-6, -8.925e-8, -4.423e-6, -4.493e-6, -7.016e-8
0.836, -4.568e-6, -4.678e-6, -1.104e-7, -5.706e-6, -5.748e-6, -4.250e-8, -4.387e-6, -4.478e-6, -9.122e-8, -5.305e-6, -5.356e-6, -5.159e-8, -4.138e-6, -4.256e-6, -1.182e-7, -5.144e-6, -5.224e-6, -8.007e-8, -3.870e-6, -4.019e-6, -1.495e-7, -4.646e-6, -4.786e-6, -1.403e-7
0.840, -4.802e-6, -4.989e-6, -1.865e-7, -6.012e-6, -6.142e-6, -1.294e-7, -4.610e-6, -4.774e-6, -1.638e-7, -5.586e-6, -5.720e-6, -1.338e-7, -4.342e-6, -4.531e-6, -1.890e-7, -5.401e-6, -5.565e-6, -1.635e-7, -4.059e-6, -4.277e-6, -2.186e-7, -4.872e-6, -5.092e-6, -2.204e-7
0.844, -5.040e-6, -5.315e-6, -2.756e-7, -6.322e-6, -6.553e-6, -2.314e-7, -4.836e-6, -5.085e-6, -2.488e-7, -5.870e-6, -6.101e-6, -2.305e-7, -4.548e-6, -4.819e-6, -2.707e-7, -5.659e-6, -5.919e-6, -2.598e-7, -4.250e-6, -4.548e-6, -2.976e-7, -5.097e-6, -5.410e-6, -3.134e-7
0.848, -5.291e-6, -5.666e-6, -3.750e-7, -6.645e-6, -6.991e-6, -3.463e-7, -5.075e-6, -5.418e-6, -3.432e-7, -6.168e-6, -6.507e-6, -3.393e-7, -4.766e-6, -5.127e-6, -3.609e-7, -5.927e-6, -6.294e-6, -3.671e-7, -4.452e-6, -4.836e-6, -3.845e-7, -5.333e-6, -5.748e-6, -4.150e-7
0.852, -5.551e-6, -6.037e-6, -4.853e-7, -6.976e-6, -7.451e-6, -4.748e-7, -5.322e-6, -5.770e-6, -4.484e-7, -6.472e-6, -6.932e-6, -4.599e-7, -4.990e-6, -5.451e-6, -4.605e-7, -6.199e-6, -6.685e-6, -4.854e-7, -4.659e-6, -5.139e-6, -4.800e-7, -5.573e-6, -6.100e-6, -5.262e-7
0.856, -5.819e-6, -6.430e-6, -6.105e-7, -7.315e-6, -7.936e-6, -6.214e-7, -5.576e-6, -6.144e-6, -5.680e-7, -6.783e-6, -7.381e-6, -5.982e-7, -5.222e-6, -5.795e-6, -5.729e-7, -6.474e-6, -7.093e-6, -6.190e-7, -4.872e-6, -5.460e-6, -5.875e-7, -5.816e-6, -6.467e-6, -6.512e-7
0.860, -6.097e-6, -6.846e-6, -7.486e-7, -7.663e-6, -8.447e-6, -7.833e-7, -5.842e-6, -6.541e-6, -6.990e-7, -7.107e-6, -7.856e-6, -7.493e-7, -5.465e-6, -6.160e-6, -6.955e-7, -6.758e-6, -7.522e-6, -7.644e-7, -5.095e-6, -5.799e-6, -7.040e-7, -6.064e-6, -6.850e-6, -7.862e-7
0.864, -6.388e-6, -7.289e-6, -9.004e-7, -8.025e-6, -8.986e-6, -9.615e-7, -6.117e-6, -6.961e-6, -8.435e-7, -7.440e-6, -8.356e-6, -9.162e-7, -5.717e-6, -6.548e-6, -8.307e-7, -7.050e-6, -7.974e-6, -9.237e-7, -5.328e-6, -6.160e-6, -8.320e-7, -6.321e-6, -7.254e-6, -9.325e-7
0.868, -6.692e-6, -7.759e-6, -1.067e-6, -8.400e-6, -9.557e-6, -1.157e-6, -6.406e-6, -7.407e-6, -1.002e-6, -7.785e-6, -8.884e-6, -1.099e-6, -5.979e-6, -6.957e-6, -9.780e-7, -7.351e-6, -8.447e-6, -1.096e-6, -5.571e-6, -6.541e-6, -9.706e-7, -6.586e-6, -7.677e-6, -1.091e-6
0.872, -7.009e-6, -8.256e-6, -1.247e-6, -8.790e-6, -1.016e-5, -1.369e-6, -6.708e-6, -7.882e-6, -1.174e-6, -8.147e-6, -9.445e-6, -1.298e-6, -6.255e-6, -7.393e-6, -1.138e-6, -7.665e-6, -8.947e-6, -1.283e-6, -5.824e-6, -6.945e-6, -1.121e-6, -6.863e-6, -8.123e-6, -1.260e-6
0.876, -7.336e-6, -8.779e-6, -1.443e-6, -9.193e-6, -1.079e-5, -1.600e-6, -7.019e-6, -8.379e-6, -1.360e-6, -8.519e-6, -1.003e-5, -1.514e-6, -6.543e-6, -7.854e-6, -1.311e-6, -7.989e-6, -9.473e-6, -1.484e-6, -6.088e-6, -7.370e-6, -1.283e-6, -7.147e-6, -8.589e-6, -1.443e-6
0.880, -7.679e-6, -9.333e-6, -1.654e-6, -9.617e-6, -1.147e-5, -1.850e-6, -7.345e-6, -8.908e-6, -1.562e-6, -8.912e-6, -1.066e-5, -1.747e-6, -6.845e-6, -8.343e-6, -1.498e-6, -8.330e-6, -1.003e-5, -1.700e-6, -6.368e-6, -7.824e-6, -1.457e-6, -7.448e-6, -9.086e-6, -1.637e-6
0.884, -8.036e-6, -9.914e-6, -1.878e-6, -1.006e-5, -1.218e-5, -2.116e-6, -7.686e-6, -9.461e-6, -1.776e-6, -9.326e-6, -1.132e-5, -1.995e-6, -7.162e-6, -8.859e-6, -1.697e-6, -8.690e-6, -1.062e-5, -1.930e-6, -6.660e-6, -8.302e-6, -1.642e-6, -7.766e-6, -9.609e-6, -1.844e-6
0.888, -8.409e-6, -1.053e-5, -2.116e-6, -1.054e-5, -1.294e-5, -2.403e-6, -8.042e-6, -1.004e-5, -2.003e-6, -9.761e-6, -1.202e-5, -2.263e-6, -7.497e-6, -9.406e-6, -1.909e-6, -9.072e-6, -1.125e-5, -2.177e-6, -6.969e-6, -8.808e-6, -1.839e-6, -8.103e-6, -1.017e-5, -2.064e-6
0.892, -8.797e-6, -1.117e-5, -2.369e-6, -1.103e-5, -1.375e-5, -2.712e-6, -8.414e-6, -1.066e-5, -2.244e-6, -1.022e-5, -1.277e-5, -2.551e-6, -7.847e-6, -9.982e-6, -2.135e-6, -9.474e-6, -1.192e-5, -2.442e-6, -7.295e-6, -9.343e-6, -2.048e-6, -8.460e-6, -1.076e-5, -2.299e-6
0.896, -9.210e-6, -1.185e-5, -2.636e-6, -1.157e-5, -1.461e-5, -3.043e-6, -8.809e-6, -1.131e-5, -2.500e-6, -1.072e-5, -1.358e-5, -2.860e-6, -8.220e-6, -1.059e-5, -2.375e-6, -9.910e-6, -1.264e-5, -2.726e-6, -7.641e-6, -9.910e-6, -2.269e-6, -8.845e-6, -1.139e-5, -2.550e-6
0.900, -9.664e-6, -1.258e-5, -2.919e-6, -1.217e-5, -1.557e-5, -3.398e-6, -9.242e-6, -1.201e-5, -2.771e-6, -1.127e-5, -1.446e-5, -3.191e-6, -8.629e-6, -1.126e-5, -2.628e-6, -1.039e-5, -1.342e-5, -3.030e-6, -8.022e-6, -1.053e-5, -2.504e-6, -9.272e-6, -1.209e-5, -2.819e-6
