0.896, 1.155e-5, -5.543e-6, -1.709e-5, 1.195e-6, 1.104e-6, 1.287e-6, 1.103e-5, -5.263e-6, -1.629e-5, 1.057e-6, 9.669e-7, 1.146e-6, 1.035e-5, -5.254e-6, -1.560e-5, 9.799e-7, 9.001e-7, 1.060e-6, 9.632e-6, -4.997e-6, -1.463e-5, 8.663e-7, 7.904e-7, 9.422e-7
0.892, 9.894e-6, -3.850e-6, -1.374e-5, 1.620e-6, 1.532e-6, 1.707e-6, 9.438e-6, -3.622e-6, -1.306e-5, 1.480e-6, 1.396e-6, 1.565e-6, 8.935e-6, -3.560e-6, -1.249e-5, 1.376e-6, 1.297e-6, 1.455e-6, 8.315e-6, -3.381e-6, -1.170e-5, 1.241e-6, 1.170e-6, 1.311e-6
0.888, 8.539e-6, -2.929e-6, -1.147e-5, 1.954e-6, 1.901e-6, 2.007e-6, 8.135e-6, -2.739e-6, -1.087e-5, 1.812e-6, 1.759e-6, 1.864e-6, 7.731e-6, -2.688e-6, -1.042e-5, 1.680e-6, 1.629e-6, 1.731e-6, 7.193e-6, -2.556e-6, -9.749e-6, 1.527e-6, 1.480e-6, 1.573e-6
0.884, 7.477e-6, -2.304e-6, -9.781e-6, 2.158e-6, 2.128e-6, 2.189e-6, 7.116e-6, -2.142e-6, -9.258e-6, 2.019e-6, 1.992e-6, 2.045e-6, 6.799e-6, -2.092e-6, -8.891e-6, 1.874e-6, 1.850e-6, 1.899e-6, 6.326e-6, -1.992e-6, -8.317e-6, 1.709e-6, 1.685e-6, 1.733e-6
0.880, 6.659e-6, -1.823e-6, -8.482e-6, 2.274e-6, 2.267e-6, 2.281e-6, 6.319e-6, -1.687e-6, -8.007e-6, 2.135e-6, 2.125e-6, 2.144e-6, 6.050e-6, -1.649e-6, -7.699e-6, 1.980e-6, 1.972e-6, 1.989e-6, 5.633e-6, -1.574e-6, -7.208e-6, 1.807e-6, 1.800e-6, 1.814e-6
0.876, 5.989e-6, -1.450e-6, -7.438e-6, 2.321e-6, 2.323e-6, 2.318e-6, 5.673e-6, -1.335e-6, -7.008e-6, 2.180e-6, 2.186e-6, 2.175e-6, 5.448e-6, -1.302e-6, -6.750e-6, 2.025e-6, 2.028e-6, 2.022e-6, 5.071e-6, -1.250e-6, -6.321e-6, 1.851e-6, 1.855e-6, 1.848e-6
0.872, 5.444e-6, -1.139e-6, -6.583e-6, 2.320e-6, 2.331e-6, 2.309e-6, 5.144e-6, -1.044e-6, -6.189e-6, 2.184e-6, 2.199e-6, 2.169e-6, 4.953e-6, -1.020e-6, -5.972e-6, 2.027e-6, 2.039e-6, 2.015e-6, 4.607e-6, -9.807e-7, -5.588e-6, 1.854e-6, 1.866e-6, 1.843e-6
0.868, 4.989e-6, -8.774e-7, -5.867e-6, 2.291e-6, 2.308e-6, 2.274e-6, 4.710e-6, -7.993e-7, -5.509e-6, 2.156e-6, 2.176e-6, 2.136e-6, 4.540e-6, -7.825e-7, -5.323e-6, 1.998e-6, 2.015e-6, 1.982e-6, 4.219e-6, -7.611e-7, -4.980e-6, 1.832e-6, 1.846e-6, 1.818e-6
0.864, 4.614e-6, -6.547e-7, -5.269e-6, 2.240e-6, 2.261e-6, 2.220e-6, 4.351e-6, -5.832e-7, -4.934e-6, 2.112e-6, 2.137e-6, 2.087e-6, 4.200e-6, -5.731e-7, -4.774e-6, 1.955e-6, 1.977e-6, 1.934e-6, 3.900e-6, -5.691e-7, -4.469e-6, 1.790e-6, 1.809e-6, 1.770e-6
0.860, 4.300e-6, -4.478e-7, -4.748e-6, 2.179e-6, 2.207e-6, 2.151e-6, 4.044e-6, -3.983e-7, -4.442e-6, 2.051e-6, 2.076e-6, 2.025e-6, 3.893e-6, -4.045e-7, -4.297e-6, 1.896e-6, 1.917e-6, 1.875e-6, 3.626e-6, -4.047e-7, -4.031e-6, 1.740e-6, 1.762e-6, 1.718e-6
0.856, 4.022e-6, -2.804e-7, -4.302e-6, 2.101e-6, 2.125e-6, 2.076e-6, 3.774e-6, -2.414e-7, -4.016e-6, 1.981e-6, 2.008e-6, 1.955e-6, 3.651e-6, -2.406e-7, -3.892e-6, 1.835e-6, 1.860e-6, 1.809e-6, 3.388e-6, -2.542e-7, -3.642e-6, 1.680e-6, 1.703e-6, 1.657e-6
0.852, 3.784e-6, -1.222e-7, -3.906e-6, 2.025e-6, 2.051e-6, 2.000e-6, 3.544e-6, -9.663e-8, -3.640e-6, 1.906e-6, 1.932e-6, 1.880e-6, 3.422e-6, -1.072e-7, -3.529e-6, 1.763e-6, 1.788e-6, 1.738e-6, 3.185e-6, -1.240e-7, -3.309e-6, 1.618e-6, 1.642e-6, 1.594e-6
0.848, 3.570e-6, 1.563e-8, -3.554e-6, 1.942e-6, 1.967e-6, 1.916e-6, 3.344e-6, 3.346e-8, -3.311e-6, 1.829e-6, 1.855e-6, 1.803e-6, 3.233e-6, 1.947e-8, -3.213e-6, 1.695e-6, 1.721e-6, 1.669e-6, 3.006e-6, -9.238e-9, -3.015e-6, 1.550e-6, 1.574e-6, 1.525e-6
0.844, 3.381e-6, 1.385e-7, -3.243e-6, 1.863e-6, 1.890e-6, 1.836e-6, 3.164e-6, 1.466e-7, -3.017e-6, 1.752e-6, 1.778e-6, 1.725e-6, 3.062e-6, 1.276e-7, -2.934e-6, 1.619e-6, 1.642e-6, 1.596e-6, 2.846e-6, 9.447e-8, -2.751e-6, 1.485e-6, 1.508e-6, 1.462e-6
0.840, 3.204e-6, 2.441e-7, -2.959e-6, 1.780e-6, 1.807e-6, 1.753e-6, 2.998e-6, 2.490e-7, -2.749e-6, 1.676e-6, 1.704e-6, 1.648e-6, 2.905e-6, 2.262e-7, -2.679e-6, 1.545e-6, 1.567e-6, 1.523e-6, 2.698e-6, 1.849e-7, -2.513e-6, 1.415e-6, 1.438e-6, 1.392e-6
0.836, 3.034e-6, 3.383e-7, -2.696e-6, 1.700e-6, 1.723e-6, 1.676e-6, 2.839e-6, 3.312e-7, -2.508e-6, 1.595e-6, 1.620e-6, 1.570e-6, 2.761e-6, 3.078e-7, -2.454e-6, 1.474e-6, 1.499e-6, 1.448e-6, 2.567e-6, 2.692e-7, -2.298e-6, 1.354e-6, 1.379e-6, 1.328e-6
0.832, 2.871e-6, 4.086e-7, -2.462e-6, 1.621e-6, 1.646e-6, 1.596e-6, 2.694e-6, 4.048e-7, -2.290e-6, 1.520e-6, 1.545e-6, 1.495e-6, 2.630e-6, 3.848e-7, -2.245e-6, 1.404e-6, 1.427e-6, 1.380e-6, 2.440e-6, 3.347e-7, -2.106e-6, 1.286e-6, 1.308e-6, 1.264e-6
0.828, 2.721e-6, 4.780e-7, -2.243e-6, 1.542e-6, 1.566e-6, 1.519e-6, 2.554e-6, 4.653e-7, -2.089e-6, 1.448e-6, 1.472e-6, 1.424e-6, 2.494e-6, 4.432e-7, -2.051e-6, 1.333e-6, 1.355e-6, 1.312e-6, 2.322e-6, 3.947e-7, -1.927e-6, 1.224e-6, 1.246e-6, 1.203e-6
0.824, 2.570e-6, 5.273e-7, -2.042e-6, 1.467e-6, 1.490e-6, 1.444e-6, 2.414e-6, 5.132e-7, -1.901e-6, 1.374e-6, 1.394e-6, 1.353e-6, 2.378e-6, 4.989e-7, -1.879e-6, 1.268e-6, 1.291e-6, 1.244e-6, 2.212e-6, 4.474e-7, -1.765e-6, 1.164e-6, 1.187e-6, 1.141e-6
0.820, 2.424e-6, 5.649e-7, -1.859e-6, 1.392e-6, 1.416e-6, 1.369e-6, 2.286e-6, 5.512e-7, -1.735e-6, 1.304e-6, 1.328e-6, 1.280e-6, 2.253e-6, 5.383e-7, -1.715e-6, 1.208e-6, 1.230e-6, 1.186e-6, 2.097e-6, 4.872e-7, -1.609e-6, 1.105e-6, 1.125e-6, 1.085e-6
0.816, 2.289e-6, 5.993e-7, -1.690e-6, 1.327e-6, 1.347e-6, 1.306e-6, 2.155e-6, 5.824e-7, -1.572e-6, 1.237e-6, 1.260e-6, 1.213e-6, 2.137e-6, 5.710e-7, -1.566e-6, 1.142e-6, 1.165e-6, 1.119e-6, 1.996e-6, 5.182e-7, -1.478e-6, 1.046e-6, 1.065e-6, 1.028e-6
0.812, 2.153e-6, 6.212e-7, -1.532e-6, 1.258e-6, 1.279e-6, 1.236e-6, 2.033e-6, 6.069e-7, -1.426e-6, 1.175e-6, 1.197e-6, 1.154e-6, 2.018e-6, 5.929e-7, -1.425e-6, 1.081e-6, 1.103e-6, 1.060e-6, 1.891e-6, 5.426e-7, -1.349e-6, 9.912e-7, 1.011e-6, 9.713e-7
0.808, 2.025e-6, 6.362e-7, -1.388e-6, 1.192e-6, 1.213e-6, 1.171e-6, 1.916e-6, 6.207e-7, -1.296e-6, 1.111e-6, 1.135e-6, 1.087e-6, 1.912e-6, 6.138e-7, -1.298e-6, 1.027e-6, 1.045e-6, 1.008e-6, 1.788e-6, 5.620e-7, -1.226e-6, 9.418e-7, 9.598e-7, 9.238e-7
0.804, 1.900e-6, 6.452e-7, -1.255e-6, 1.129e-6, 1.149e-6, 1.108e-6, 1.795e-6, 6.270e-7, -1.168e-6, 1.053e-6, 1.073e-6, 1.034e-6, 1.802e-6, 6.240e-7, -1.178e-6, 9.715e-7, 9.900e-7, 9.531e-7, 1.693e-6, 5.744e-7, -1.118e-6, 8.897e-7, 9.067e-7, 8.727e-7
0.800, 1.784e-6, 6.496e-7, -1.134e-6, 1.070e-6, 1.090e-6, 1.051e-6, 1.688e-6, 6.320e-7, -1.056e-6, 9.987e-7, 1.017e-6, 9.799e-7, 1.705e-6, 6.336e-7, -1.071e-6, 9.204e-7, 9.354e-7, 9.055e-7, 1.600e-6, 5.848e-7, -1.015e-6, 8.405e-7, 8.576e-7, 8.235e-7
0.796, 1.672e-6, 6.514e-7, -1.020e-6, 1.013e-6, 1.031e-6, 9.953e-7, 1.587e-6, 6.316e-7, -9.554e-7, 9.458e-7, 9.629e-7, 9.288e-7, 1.610e-6, 6.373e-7, -9.722e-7, 8.701e-7, 8.858e-7, 8.544e-7, 1.521e-6, 5.938e-7, -9.268e-7, 7.956e-7, 8.114e-7, 7.799e-7
0.792, 1.571e-6, 6.519e-7, -9.191e-7, 9.609e-7, 9.768e-7, 9.450e-7, 1.487e-6, 6.276e-7, -8.593e-7, 8.888e-7, 9.052e-7, 8.724e-7, 1.523e-6, 6.406e-7, -8.828e-7, 8.235e-7, 8.385e-7, 8.085e-7, 1.443e-6, 5.983e-7, -8.449e-7, 7.529e-7, 7.697e-7, 7.361e-7
0.788, 1.473e-6, 6.480e-7, -8.251e-7, 9.122e-7, 9.277e-7, 8.967e-7, 1.397e-6, 6.254e-7, -7.720e-7, 8.440e-7, 8.614e-7, 8.266e-7, 1.446e-6, 6.421e-7, -8.037e-7, 7.752e-7, 7.897e-7, 7.607e-7, 1.369e-6, 5.975e-7, -7.711e-7, 7.070e-7, 7.226e-7, 6.914e-7
0.784, 1.389e-6, 6.473e-7, -7.414e-7, 8.646e-7, 8.808e-7, 8.484e-7, 1.320e-6, 6.249e-7, -6.947e-7, 7.983e-7, 8.158e-7, 7.808e-7, 1.374e-6, 6.424e-7, -7.315e-7, 7.333e-7, 7.471e-7, 7.195e-7, 1.299e-6, 6.000e-7, -6.989e-7, 6.711e-7, 6.851e-7, 6.571e-7
0.780, 1.314e-6, 6.414e-7, -6.721e-7, 8.180e-7, 8.342e-7, 8.018e-7, 1.251e-6, 6.230e-7, -6.282e-7, 7.568e-7, 7.728e-7, 7.408e-7, 1.302e-6, 6.403e-7, -6.619e-7, 6.929e-7, 7.048e-7, 6.809e-7, 1.239e-6, 5.992e-7, -6.399e-7, 6.292e-7, 6.421e-7, 6.164e-7
0.776, 1.242e-6, 6.389e-7, -6.031e-7, 7.762e-7, 7.920e-7, 7.605e-7, 1.179e-6, 6.150e-7, -5.642e-7, 7.126e-7, 7.279e-7, 6.973e-7, 1.243e-6, 6.383e-7, -6.046e-7, 6.559e-7, 6.669e-7, 6.448e-7, 1.184e-6, 6.001e-7, -5.836e-7, 6.002e-7, 6.133e-7, 5.871e-7
0.772, 1.174e-6, 6.310e-7, -5.431e-7, 7.336e-7, 7.467e-7, 7.206e-7, 1.119e-6, 6.065e-7, -5.121e-7, 6.754e-7, 6.903e-7, 6.606e-7, 1.185e-6, 6.365e-7, -5.487e-7, 6.214e-7, 6.327e-7, 6.102e-7, 1.133e-6, 6.014e-7, -5.315e-7, 5.660e-7, 5.770e-7, 5.551e-7
0.768, 1.114e-6, 6.254e-7, -4.890e-7, 6.969e-7, 7.073e-7, 6.866e-7, 1.057e-6, 5.984e-7, -4.587e-7, 6.394e-7, 6.533e-7, 6.256e-7, 1.140e-6, 6.345e-7, -5.054e-7, 5.876e-7, 6.022e-7, 5.729e-7, 1.095e-6, 6.004e-7, -4.945e-7, 5.350e-7, 5.461e-7, 5.239e-7
0.764, 1.067e-6, 6.196e-7, -4.478e-7, 6.592e-7, 6.719e-7, 6.465e-7, 1.014e-6, 5.956e-7, -4.187e-7, 6.063e-7, 6.165e-7, 5.961e-7, 1.090e-6, 6.303e-7, -4.598e-7, 5.597e-7, 5.715e-7, 5.479e-7, 1.052e-6, 6.011e-7, -4.514e-7, 5.072e-7, 5.195e-7, 4.949e-7
0.760, 1.021e-6, 6.162e-7, -4.043e-7, 6.287e-7, 6.379e-7, 6.195e-7, 9.656e-7, 5.836e-7, -3.820e-7, 5.726e-7, 5.839e-7, 5.613e-7, 1.055e-6, 6.273e-7, -4.274e-7, 5.257e-7, 5.370e-7, 5.144e-7, 1.018e-6, 5.985e-7, -4.197e-7, 4.796e-7, 4.915e-7, 4.677e-7
0.756, 9.786e-7, 6.082e-7, -3.703e-7, 5.958e-7, 6.049e-7, 5.868e-7, 9.299e-7, 5.823e-7, -3.477e-7, 5.460e-7, 5.552e-7, 5.367e-7, 1.010e-6, 6.201e-7, -3.898e-7, 5.019e-7, 5.132e-7, 4.907e-7, 9.806e-7, 5.939e-7, -3.866e-7, 4.531e-7, 4.649e-7, 4.412e-7
0.752, 9.390e-7, 6.016e-7, -3.374e-7, 5.692e-7, 5.762e-7, 5.623e-7, 8.865e-7, 5.743e-7, -3.122e-7, 5.208e-7, 5.307e-7, 5.109e-7, 9.828e-7, 6.206e-7, -3.622e-7, 4.745e-7, 4.847e-7, 4.642e-7, 9.553e-7, 5.893e-7, -3.660e-7, 4.276e-7, 4.393e-7, 4.160e-7
0.748, 9.075e-7, 5.991e-7, -3.084e-7, 5.459e-7, 5.546e-7, 5.371e-7, 8.565e-7, 5.680e-7, -2.885e-7, 4.929e-7, 5.029e-7, 4.830e-7, 9.522e-7, 6.122e-7, -3.399e-7, 4.517e-7, 4.605e-7, 4.430e-7, 9.258e-7, 5.914e-7, -3.344e-7, 4.078e-7, 4.183e-7, 3.972e-7
0.744, 8.717e-7, 5.865e-7, -2.852e-7, 5.147e-7, 5.221e-7, 5.072e-7, 8.342e-7, 5.629e-7, -2.713e-7, 4.713e-7, 4.804e-7, 4.621e-7, 9.271e-7, 6.161e-7, -3.111e-7, 4.328e-7, 4.409e-7, 4.247e-7, 8.966e-7, 5.837e-7, -3.129e-7, 3.859e-7, 3.934e-7, 3.785e-7
0.740, 8.510e-7, 5.871e-7, -2.640e-7, 4.940e-7, 5.038e-7, 4.843e-7, 8.006e-7, 5.516e-7, -2.490e-7, 4.463e-7, 4.540e-7, 4.387e-7, 9.020e-7, 6.063e-7, -2.957e-7, 4.080e-7, 4.153e-7, 4.007e-7, 8.802e-7, 5.854e-7, -2.948e-7, 3.670e-7, 3.769e-7, 3.571e-7
0.736, 8.181e-7, 5.755e-7, -2.427e-7, 4.707e-7, 4.764e-7, 4.649e-7, 7.765e-7, 5.464e-7, -2.300e-7, 4.272e-7, 4.368e-7, 4.177e-7, 8.810e-7, 6.023e-7, -2.787e-7, 3.886e-7, 3.983e-7, 3.788e-7, 8.635e-7, 5.820e-7, -2.815e-7, 3.486e-7, 3.567e-7, 3.405e-7
0.732, 8.000e-7, 5.729e-7, -2.270e-7, 4.518e-7, 4.570e-7, 4.466e-7, 7.554e-7, 5.433e-7, -2.121e-7, 4.083e-7, 4.174e-7, 3.991e-7, 8.661e-7, 6.024e-7, -2.637e-7, 3.701e-7, 3.797e-7, 3.606e-7, 8.439e-7, 5.756e-7, -2.682e-7, 3.319e-7, 3.396e-7, 3.243e-7
0.728, 7.779e-7, 5.652e-7, -2.126e-7, 4.299e-7, 4.353e-7, 4.245e-7, 7.373e-7, 5.379e-7, -1.994e-7, 3.924e-7, 3.986e-7, 3.863e-7, 8.464e-7, 5.966e-7, -2.497e-7, 3.553e-7, 3.651e-7, 3.455e-7, 8.252e-7, 5.727e-7, -2.525e-7, 3.159e-7, 3.252e-7, 3.065e-7
0.724, 7.585e-7, 5.593e-7, -1.992e-7, 4.136e-7, 4.170e-7, 4.102e-7, 7.199e-7, 5.274e-7, -1.925e-7, 3.727e-7, 3.791e-7, 3.662e-7, 8.293e-7, 5.933e-7, -2.360e-7, 3.403e-7, 3.487e-7, 3.319e-7, 8.135e-7, 5.730e-7, -2.405e-7, 3.025e-7, 3.113e-7, 2.938e-7
0.720, 7.387e-7, 5.533e-7, -1.854e-7, 3.955e-7, 4.007e-7, 3.903e-7, 7.065e-7, 5.273e-7, -1.791e-7, 3.570e-7, 3.650e-7, 3.490e-7, 8.180e-7, 5.903e-7, -2.278e-7, 3.251e-7, 3.356e-7, 3.146e-7, 8.010e-7, 5.670e-7, -2.340e-7, 2.898e-7, 2.967e-7, 2.829e-7
0.716, 7.262e-7, 5.496e-7, -1.766e-7, 3.813e-7, 3.856e-7, 3.771e-7, 6.852e-7, 5.144e-7, -1.708e-7, 3.436e-7, 3.502e-7, 3.370e-7, 8.028e-7, 5.841e-7, -2.187e-7, 3.115e-7, 3.201e-7, 3.028e-7, 7.900e-7, 5.647e-7, -2.254e-7, 2.765e-7, 2.843e-7, 2.688e-7
0.712, 7.140e-7, 5.421e-7, -1.720e-7, 3.656e-7, 3.718e-7, 3.593e-7, 6.777e-7, 5.108e-7, -1.669e-7, 3.299e-7, 3.359e-7, 3.238e-7, 7.870e-7, 5.783e-7, -2.088e-7, 2.983e-7, 3.051e-7, 2.915e-7, 7.738e-7, 5.595e-7, -2.144e-7, 2.652e-7, 2.724e-7, 2.580e-7
0.708, 6.985e-7, 5.332e-7, -1.653e-7, 3.560e-7, 3.594e-7, 3.526e-7, 6.638e-7, 5.078e-7, -1.561e-7, 3.176e-7, 3.268e-7, 3.084e-7, 7.782e-7, 5.764e-7, -2.018e-7, 2.853e-7, 2.930e-7, 2.777e-7, 7.608e-7, 5.531e-7, -2.077e-7, 2.542e-7, 2.598e-7, 2.485e-7
0.704, 6.868e-7, 5.251e-7, -1.617e-7, 3.428e-7, 3.487e-7, 3.369e-7, 6.512e-7, 4.973e-7, -1.539e-7, 3.058e-7, 3.156e-7, 2.960e-7, 7.628e-7, 5.653e-7, -1.976e-7, 2.727e-7, 2.760e-7, 2.693e-7, 7.452e-7, 5.437e-7, -2.015e-7, 2.423e-7, 2.476e-7, 2.371e-7
0.700, 6.763e-7, 5.182e-7, -1.582e-7, 3.306e-7, 3.334e-7, 3.278e-7, 6.287e-7, 4.862e-7, -1.425e-7, 2.954e-7, 3.008e-7, 2.900e-7, 7.510e-7, 5.605e-7, -1.905e-7, 2.633e-7, 2.702e-7, 2.564e-7, 7.466e-7, 5.429e-7, -2.037e-7, 2.329e-7, 2.409e-7, 2.248e-7
0.696, 6.584e-7, 5.075e-7, -1.509e-7, 3.201e-7, 3.234e-7, 3.168e-7, 6.205e-7, 4.782e-7, -1.423e-7, 2.837e-7, 2.890e-7, 2.783e-7, 7.430e-7, 5.533e-7, -1.898e-7, 2.551e-7, 2.625e-7, 2.477e-7, 7.329e-7, 5.375e-7, -1.954e-7, 2.239e-7, 2.302e-7, 2.177e-7
0.692, 6.436e-7, 4.967e-7, -1.469e-7, 3.084e-7, 3.107e-7, 3.061e-7, 6.124e-7, 4.723e-7, -1.401e-7, 2.742e-7, 2.822e-7, 2.663e-7, 7.340e-7, 5.477e-7, -1.863e-7, 2.446e-7, 2.508e-7, 2.384e-7, 7.166e-7, 5.254e-7, -1.912e-7, 2.163e-7, 2.194e-7, 2.132e-7
0.688, 6.256e-7, 4.819e-7, -1.438e-7, 2.963e-7, 2.990e-7, 2.936e-7, 5.994e-7, 4.601e-7, -1.393e-7, 2.669e-7, 2.750e-7, 2.587e-7, 7.211e-7, 5.379e-7, -1.832e-7, 2.394e-7, 2.468e-7, 2.321e-7, 7.089e-7, 5.220e-7, -1.869e-7, 2.082e-7, 2.151e-7, 2.012e-7
0.684, 6.212e-7, 4.748e-7, -1.464e-7, 2.908e-7, 2.960e-7, 2.857e-7, 5.885e-7, 4.500e-7, -1.385e-7, 2.571e-7, 2.629e-7, 2.514e-7, 7.066e-7, 5.286e-7, -1.780e-7, 2.282e-7, 2.338e-7, 2.225e-7, 6.983e-7, 5.137e-7, -1.846e-7, 1.999e-7, 2.051e-7, 1.947e-7
0.680, 6.009e-7, 4.626e-7, -1.383e-7, 2.818e-7, 2.829e-7, 2.808e-7, 5.706e-7, 4.384e-7, -1.322e-7, 2.490e-7, 2.562e-7, 2.417e-7, 6.993e-7, 5.197e-7, -1.797e-7, 2.197e-7, 2.287e-7, 2.108e-7, 6.915e-7, 5.034e-7, -1.881e-7, 1.920e-7, 1.986e-7, 1.854e-7
0.676, 5.990e-7, 4.560e-7, -1.431e-7, 2.677e-7, 2.731e-7, 2.624e-7, 5.657e-7, 4.266e-7, -1.391e-7, 2.399e-7, 2.445e-7, 2.353e-7, 6.803e-7, 5.090e-7, -1.713e-7, 2.168e-7, 2.213e-7, 2.123e-7, 6.769e-7, 4.988e-7, -1.780e-7, 1.884e-7, 1.971e-7, 1.796e-7
0.672, 5.761e-7, 4.401e-7, -1.359e-7, 2.642e-7, 2.665e-7, 2.619e-7, 5.477e-7, 4.178e-7, -1.299e-7, 2.343e-7, 2.399e-7, 2.286e-7, 6.762e-7, 5.018e-7, -1.744e-7, 2.056e-7, 2.100e-7, 2.013e-7, 6.690e-7, 4.880e-7, -1.810e-7, 1.794e-7, 1.826e-7, 1.762e-7
0.668, 5.658e-7, 4.331e-7, -1.327e-7, 2.575e-7, 2.611e-7, 2.539e-7, 5.398e-7, 4.099e-7, -1.299e-7, 2.263e-7, 2.322e-7, 2.204e-7, 6.676e-7, 4.932e-7, -1.744e-7, 1.990e-7, 2.054e-7, 1.926e-7, 6.583e-7, 4.795e-7, -1.788e-7, 1.740e-7, 1.770e-7, 1.709e-7
0.664, 5.633e-7, 4.285e-7, -1.348e-7, 2.494e-7, 2.518e-7, 2.469e-7, 5.285e-7, 4.004e-7, -1.281e-7, 2.202e-7, 2.239e-7, 2.166e-7, 6.524e-7, 4.807e-7, -1.717e-7, 1.942e-7, 1.994e-7, 1.890e-7, 6.518e-7, 4.736e-7, -1.782e-7, 1.699e-7, 1.770e-7, 1.627e-7
0.660, 5.476e-7, 4.160e-7, -1.315e-7, 2.413e-7, 2.438e-7, 2.389e-7, 5.172e-7, 3.898e-7, -1.274e-7, 2.148e-7, 2.173e-7, 2.123e-7, 6.445e-7, 4.752e-7, -1.694e-7, 1.878e-7, 1.946e-7, 1.809e-7, 6.418e-7, 4.646e-7, -1.772e-7, 1.644e-7, 1.705e-7, 1.583e-7
0.656, 5.451e-7, 4.105e-7, -1.346e-7, 2.347e-7, 2.383e-7, 2.311e-7, 5.099e-7, 3.811e-7, -1.288e-7, 2.058e-7, 2.117e-7, 1.999e-7, 6.349e-7, 4.673e-7, -1.676e-7, 1.831e-7, 1.871e-7, 1.790e-7, 6.320e-7, 4.578e-7, -1.742e-7, 1.602e-7, 1.672e-7, 1.531e-7
0.652, 5.343e-7, 3.993e-7, -1.350e-7, 2.267e-7, 2.277e-7, 2.256e-7, 4.980e-7, 3.711e-7, -1.269e-7, 2.014e-7, 2.041e-7, 1.986e-7, 6.243e-7, 4.602e-7, -1.641e-7, 1.785e-7, 1.852e-7, 1.718e-7, 6.285e-7, 4.516e-7, -1.768e-7, 1.534e-7, 1.601e-7, 1.467e-7
0.648, 5.229e-7, 3.940e-7, -1.289e-7, 2.231e-7, 2.239e-7, 2.223e-7, 4.887e-7, 3.650e-7, -1.236e-7, 1.966e-7, 2.017e-7, 1.915e-7, 6.203e-7, 4.524e-7, -1.679e-7, 1.715e-7, 1.788e-7, 1.642e-7, 6.165e-7, 4.414e-7, -1.750e-7, 1.502e-7, 1.559e-7, 1.444e-7
0.644, 5.184e-7, 3.872e-7, -1.312e-7, 2.146e-7, 2.185e-7, 2.107e-7, 4.830e-7, 3.577e-7, -1.254e-7, 1.911e-7, 1.954e-7, 1.869e-7, 6.073e-7, 4.450e-7, -1.623e-7, 1.689e-7, 1.728e-7, 1.650e-7, 6.070e-7, 4.347e-7, -1.723e-7, 1.457e-7, 1.507e-7, 1.408e-7
0.640, 5.110e-7, 3.825e-7, -1.284e-7, 2.129e-7, 2.174e-7, 2.084e-7, 4.780e-7, 3.509e-7, -1.271e-7, 1.853e-7, 1.906e-7, 1.800e-7, 6.045e-7, 4.389e-7, -1.656e-7, 1.639e-7, 1.668e-7, 1.609e-7, 5.959e-7, 4.288e-7, -1.671e-7, 1.436e-7, 1.477e-7, 1.396e-7
0.636, 5.032e-7, 3.712e-7, -1.320e-7, 2.057e-7, 2.084e-7, 2.030e-7, 4.658e-7, 3.445e-7, -1.213e-7, 1.839e-7, 1.894e-7, 1.785e-7, 5.913e-7, 4.311e-7, -1.602e-7, 1.598e-7, 1.639e-7, 1.557e-7, 5.940e-7, 4.223e-7, -1.717e-7, 1.363e-7, 1.417e-7, 1.310e-7
0.632, 4.906e-7, 3.648e-7, -1.258e-7, 2.017e-7, 2.041e-7, 1.992e-7, 4.621e-7, 3.389e-7, -1.233e-7, 1.768e-7, 1.828e-7, 1.708e-7, 5.870e-7, 4.229e-7, -1.641e-7, 1.529e-7, 1.562e-7, 1.497e-7, 5.837e-7, 4.157e-7, -1.679e-7, 1.341e-7, 1.385e-7, 1.296e-7
0.628, 4.859e-7, 3.572e-7, -1.287e-7, 1.976e-7, 1.992e-7, 1.960e-7, 4.449e-7, 3.291e-7, -1.158e-7, 1.760e-7, 1.779e-7, 1.741e-7, 5.750e-7, 4.191e-7, -1.559e-7, 1.516e-7, 1.566e-7, 1.465e-7, 5.799e-7, 4.087e-7, -1.711e-7, 1.273e-7, 1.348e-7, 1.199e-7
0.624, 4.802e-7, 3.513e-7, -1.289e-7, 1.928e-7, 1.946e-7, 1.911e-7, 4.492e-7, 3.269e-7, -1.223e-7, 1.709e-7, 1.784e-7, 1.633e-7, 5.714e-7, 4.122e-7, -1.592e-7, 1.478e-7, 1.517e-7, 1.438e-7, 5.714e-7, 4.020e-7, -1.693e-7, 1.261e-7, 1.290e-7, 1.232e-7
0.620, 4.655e-7, 3.416e-7, -1.238e-7, 1.889e-7, 1.908e-7, 1.870e-7, 4.414e-7, 3.198e-7, -1.217e-7, 1.653e-7, 1.712e-7, 1.594e-7, 5.714e-7, 4.107e-7, -1.607e-7, 1.439e-7, 1.495e-7, 1.384e-7, 5.614e-7, 3.961e-7, -1.652e-7, 1.251e-7, 1.283e-7, 1.219e-7
0.616, 4.675e-7, 3.427e-7, -1.249e-7, 1.860e-7, 1.887e-7, 1.833e-7, 4.334e-7, 3.122e-7, -1.212e-7, 1.616e-7, 1.676e-7, 1.555e-7, 5.655e-7, 4.029e-7, -1.626e-7, 1.388e-7, 1.448e-7, 1.328e-7, 5.617e-7, 3.933e-7, -1.685e-7, 1.216e-7, 1.259e-7, 1.173e-7
0.612, 4.608e-7, 3.375e-7, -1.233e-7, 1.822e-7, 1.859e-7, 1.786e-7, 4.254e-7, 3.093e-7, -1.161e-7, 1.599e-7, 1.636e-7, 1.563e-7, 5.602e-7, 3.980e-7, -1.622e-7, 1.357e-7, 1.392e-7, 1.322e-7, 5.565e-7, 3.851e-7, -1.715e-7, 1.174e-7, 1.237e-7, 1.111e-7
0.608, 4.571e-7, 3.300e-7, -1.271e-7, 1.787e-7, 1.825e-7, 1.748e-7, 4.223e-7, 3.063e-7, -1.159e-7, 1.592e-7, 1.637e-7, 1.546e-7, 5.526e-7, 3.959e-7, -1.567e-7, 1.340e-7, 1.386e-7, 1.293e-7, 5.492e-7, 3.809e-7, -1.684e-7, 1.154e-7, 1.199e-7, 1.109e-7
0.604, 4.538e-7, 3.287e-7, -1.251e-7, 1.743e-7, 1.748e-7, 1.739e-7, 4.143e-7, 2.976e-7, -1.168e-7, 1.510e-7, 1.553e-7, 1.468e-7, 5.526e-7, 3.899e-7, -1.626e-7, 1.306e-7, 1.365e-7, 1.248e-7, 5.465e-7, 3.804e-7, -1.660e-7, 1.143e-7, 1.208e-7, 1.079e-7
0.600, 4.495e-7, 3.259e-7, -1.236e-7, 1.745e-7, 1.745e-7, 1.744e-7, 4.077e-7, 2.948e-7, -1.129e-7, 1.476e-7, 1.512e-7, 1.440e-7, 5.441e-7, 3.831e-7, -1.610e-7, 1.245e-7, 1.288e-7, 1.202e-7, 5.422e-7, 3.735e-7, -1.688e-7, 1.103e-7, 1.153e-7, 1.054e-7
0.596, 4.435e-7, 3.176e-7, -1.259e-7, 1.656e-7, 1.677e-7, 1.635e-7, 4.103e-7, 2.911e-7, -1.192e-7, 1.468e-7, 1.477e-7, 1.459e-7, 5.391e-7, 3.797e-7, -1.594e-7, 1.253e-7, 1.312e-7, 1.194e-7, 5.394e-7, 3.709e-7, -1.684e-7, 1.082e-7, 1.154e-7, 1.010e-7
0.592, 4.427e-7, 3.163e-7, -1.264e-7, 1.639e-7, 1.661e-7, 1.617e-7, 4.050e-7, 2.884e-7, -1.167e-7, 1.414e-7, 1.438e-7, 1.390e-7, 5.338e-7, 3.771e-7, -1.567e-7, 1.240e-7, 1.273e-7, 1.206e-7, 5.344e-7, 3.672e-7, -1.672e-7, 1.053e-7, 1.096e-7, 1.011e-7
0.588, 4.419e-7, 3.125e-7, -1.295e-7, 1.618e-7, 1.648e-7, 1.587e-7, 4.031e-7, 2.872e-7, -1.159e-7, 1.417e-7, 1.420e-7, 1.415e-7, 5.301e-7, 3.721e-7, -1.580e-7, 1.169e-7, 1.204e-7, 1.134e-7, 5.364e-7, 3.620e-7, -1.744e-7, 1.023e-7, 1.090e-7, 9.566e-8
0.584, 4.332e-7, 3.074e-7, -1.258e-7, 1.575e-7, 1.584e-7, 1.566e-7, 3.968e-7, 2.813e-7, -1.155e-7, 1.370e-7, 1.413e-7, 1.326e-7, 5.350e-7, 3.732e-7, -1.618e-7, 1.189e-7, 1.247e-7, 1.130e-7, 5.339e-7, 3.622e-7, -1.717e-7, 1.001e-7, 1.045e-7, 9.570e-8
0.580, 4.367e-7, 3.070e-7, -1.297e-7, 1.560e-7, 1.582e-7, 1.538e-7, 3.996e-7, 2.796e-7, -1.199e-7, 1.351e-7, 1.401e-7, 1.301e-7, 5.258e-7, 3.669e-7, -1.589e-7, 1.154e-7, 1.192e-7, 1.117e-7, 5.241e-7, 3.552e-7, -1.688e-7, 9.744e-8, 1.004e-7, 9.447e-8
0.576, 4.294e-7, 3.006e-7, -1.288e-7, 1.509e-7, 1.524e-7, 1.495e-7, 3.947e-7, 2.733e-7, -1.214e-7, 1.335e-7, 1.370e-7, 1.301e-7, 5.287e-7, 3.683e-7, -1.605e-7, 1.155e-7, 1.192e-7, 1.117e-7, 5.253e-7, 3.569e-7, -1.684e-7, 9.695e-8, 1.023e-7, 9.161e-8
0.572, 4.302e-7, 2.995e-7, -1.307e-7, 1.482e-7, 1.485e-7, 1.479e-7, 3.884e-7, 2.701e-7, -1.184e-7, 1.325e-7, 1.360e-7, 1.289e-7, 5.242e-7, 3.647e-7, -1.595e-7, 1.122e-7, 1.173e-7, 1.071e-7, 5.280e-7, 3.551e-7, -1.730e-7, 9.326e-8, 9.847e-8, 8.805e-8
0.568, 4.247e-7, 2.984e-7, -1.262e-7, 1.486e-7, 1.492e-7, 1.481e-7, 3.911e-7, 2.711e-7, -1.200e-7, 1.288e-7, 1.335e-7, 1.241e-7, 5.267e-7, 3.619e-7, -1.648e-7, 1.095e-7, 1.146e-7, 1.043e-7, 5.232e-7, 3.531e-7, -1.702e-7, 9.393e-8, 9.764e-8, 9.023e-8
0.564, 4.222e-7, 2.949e-7, -1.273e-7, 1.425e-7, 1.429e-7, 1.421e-7, 3.861e-7, 2.675e-7, -1.187e-7, 1.272e-7, 1.313e-7, 1.232e-7, 5.254e-7, 3.611e-7, -1.644e-7, 1.094e-7, 1.141e-7, 1.047e-7, 5.225e-7, 3.518e-7, -1.708e-7, 9.342e-8, 9.781e-8, 8.903e-8
0.560, 4.273e-7, 2.947e-7, -1.326e-7, 1.420e-7, 1.455e-7, 1.386e-7, 3.864e-7, 2.656e-7, -1.209e-7, 1.244e-7, 1.286e-7, 1.203e-7, 5.192e-7, 3.555e-7, -1.637e-7, 1.042e-7, 1.072e-7, 1.011e-7, 5.212e-7, 3.488e-7, -1.725e-7, 8.969e-8, 9.385e-8, 8.553e-8
0.556, 4.181e-7, 2.905e-7, -1.277e-7, 1.394e-7, 1.398e-7, 1.391e-7, 3.835e-7, 2.650e-7, -1.185e-7, 1.251e-7, 1.294e-7, 1.208e-7, 5.273e-7, 3.583e-7, -1.691e-7, 1.035e-7, 1.083e-7, 9.868e-8, 5.235e-7, 3.472e-7, -1.763e-7, 8.655e-8, 9.045e-8, 8.264e-8
0.552, 4.215e-7, 2.912e-7, -1.302e-7, 1.354e-7, 1.375e-7, 1.332e-7, 3.852e-7, 2.605e-7, -1.246e-7, 1.195e-7, 1.243e-7, 1.147e-7, 5.197e-7, 3.517e-7, -1.680e-7, 9.966e-8, 1.055e-7, 9.381e-8, 5.196e-7, 3.459e-7, -1.737e-7, 8.715e-8, 9.209e-8, 8.221e-8
0.548, 4.216e-7, 2.873e-7, -1.343e-7, 1.356e-7, 1.396e-7, 1.316e-7, 3.837e-7, 2.630e-7, -1.207e-7, 1.211e-7, 1.265e-7, 1.156e-7, 5.203e-7, 3.543e-7, -1.660e-7, 1.004e-7, 1.025e-7, 9.829e-8, 5.182e-7, 3.407e-7, -1.776e-7, 8.446e-8, 8.906e-8, 7.987e-8
0.544, 4.223e-7, 2.876e-7, -1.347e-7, 1.306e-7, 1.335e-7, 1.278e-7, 3.829e-7, 2.587e-7, -1.242e-7, 1.165e-7, 1.206e-7, 1.123e-7, 5.193e-7, 3.492e-7, -1.701e-7, 9.929e-8, 1.017e-7, 9.685e-8, 5.133e-7, 3.401e-7, -1.732e-7, 8.310e-8, 8.777e-8, 7.843e-8
0.540, 4.148e-7, 2.842e-7, -1.306e-7, 1.340e-7, 1.351e-7, 1.329e-7, 3.824e-7, 2.606e-7, -1.218e-7, 1.165e-7, 1.207e-7, 1.122e-7, 5.207e-7, 3.505e-7, -1.702e-7, 9.482e-8, 9.741e-8, 9.223e-8, 5.130e-7, 3.346e-7, -1.784e-7, 7.956e-8, 8.230e-8, 7.681e-8
0.536, 4.138e-7, 2.799e-7, -1.339e-7, 1.274e-7, 1.284e-7, 1.265e-7, 3.766e-7, 2.528e-7, -1.238e-7, 1.127e-7, 1.187e-7, 1.066e-7, 5.225e-7, 3.490e-7, -1.735e-7, 9.501e-8, 1.003e-7, 8.970e-8, 5.150e-7, 3.378e-7, -1.772e-7, 8.154e-8, 8.466e-8, 7.843e-8
0.532, 4.185e-7, 2.816e-7, -1.369e-7, 1.289e-7, 1.319e-7, 1.258e-7, 3.768e-7, 2.545e-7, -1.223e-7, 1.157e-7, 1.190e-7, 1.124e-7, 5.162e-7, 3.506e-7, -1.656e-7, 9.379e-8, 9.831e-8, 8.926e-8, 5.142e-7, 3.365e-7, -1.777e-7, 7.909e-8, 8.260e-8, 7.558e-8
0.528, 4.130e-7, 2.781e-7, -1.348e-7, 1.270e-7, 1.296e-7, 1.245e-7, 3.815e-7, 2.553e-7, -1.262e-7, 1.113e-7, 1.162e-7, 1.064e-7, 5.169e-7, 3.469e-7, -1.700e-7, 9.104e-8, 9.395e-8, 8.814e-8, 5.152e-7, 3.366e-7, -1.785e-7, 7.697e-8, 8.229e-8, 7.165e-8
0.524, 4.102e-7, 2.807e-7, -1.294e-7, 1.251e-7, 1.257e-7, 1.244e-7, 3.773e-7, 2.514e-7, -1.259e-7, 1.075e-7, 1.116e-7, 1.034e-7, 5.241e-7, 3.465e-7, -1.775e-7, 9.063e-8, 9.771e-8, 8.355e-8, 5.187e-7, 3.386e-7, -1.801e-7, 7.621e-8, 7.999e-8, 7.243e-8
0.520, 4.121e-7, 2.765e-7, -1.356e-7, 1.242e-7, 1.271e-7, 1.212e-7, 3.739e-7, 2.505e-7, -1.234e-7, 1.096e-7, 1.141e-7, 1.050e-7, 5.190e-7, 3.454e-7, -1.736e-7, 8.853e-8, 9.362e-8, 8.344e-8, 5.144e-7, 3.344e-7, -1.800e-7, 7.279e-8, 7.692e-8, 6.866e-8
0.516, 4.166e-7, 2.780e-7, -1.386e-7, 1.215e-7, 1.241e-7, 1.189e-7, 3.767e-7, 2.508e-7, -1.259e-7, 1.064e-7, 1.103e-7, 1.024e-7, 5.098e-7, 3.390e-7, -1.708e-7, 8.656e-8, 8.979e-8, 8.334e-8, 5.183e-7, 3.339e-7, -1.844e-7, 7.240e-8, 7.806e-8, 6.675e-8
0.512, 4.170e-7, 2.785e-7, -1.385e-7, 1.192e-7, 1.233e-7, 1.151e-7, 3.809e-7, 2.507e-7, -1.303e-7, 1.048e-7, 1.111e-7, 9.847e-8, 5.147e-7, 3.409e-7, -1.738e-7, 8.644e-8, 8.941e-8, 8.347e-8, 5.100e-7, 3.308e-7, -1.792e-7, 7.141e-8, 7.453e-8, 6.829e-8
0.508, 4.122e-7, 2.737e-7, -1.385e-7, 1.177e-7, 1.193e-7, 1.162e-7, 3.776e-7, 2.494e-7, -1.282e-7, 1.049e-7, 1.116e-7, 9.830e-8, 5.220e-7, 3.466e-7, -1.754e-7, 8.352e-8, 8.950e-8, 7.755e-8, 5.160e-7, 3.308e-7, -1.851e-7, 7.132e-8, 7.331e-8, 6.933e-8
0.504, 4.142e-7, 2.780e-7, -1.362e-7, 1.168e-7, 1.164e-7, 1.171e-7, 3.724e-7, 2.466e-7, -1.258e-7, 1.005e-7, 1.030e-7, 9.794e-8, 5.197e-7, 3.426e-7, -1.771e-7, 8.140e-8, 8.434e-8, 7.845e-8, 5.189e-7, 3.322e-7, -1.866e-7, 6.961e-8, 7.507e-8, 6.416e-8
0.500, 4.128e-7, 2.744e-7, -1.384e-7, 1.160e-7, 1.182e-7, 1.138e-7, 3.743e-7, 2.463e-7, -1.281e-7, 1.039e-7, 1.064e-7, 1.013e-7, 5.171e-7, 3.405e-7, -1.766e-7, 7.959e-8, 8.289e-8, 7.628e-8, 5.127e-7, 3.272e-7, -1.854e-7, 6.710e-8, 7.052e-8, 6.368e-8
0.496, 4.088e-7, 2.740e-7, -1.348e-7, 1.146e-7, 1.143e-7, 1.150e-7, 3.730e-7, 2.437e-7, -1.294e-7, 9.655e-8, 1.014e-7, 9.173e-8, 5.207e-7, 3.405e-7, -1.801e-7, 7.986e-8, 8.441e-8, 7.531e-8, 5.135e-7, 3.304e-7, -1.831e-7, 7.113e-8, 7.479e-8, 6.747e-8
0.492, 4.150e-7, 2.739e-7, -1.412e-7, 1.111e-7, 1.108e-7, 1.113e-7, 3.763e-7, 2.460e-7, -1.303e-7, 9.933e-8, 1.032e-7, 9.545e-8, 5.185e-7, 3.405e-7, -1.780e-7, 7.899e-8, 8.467e-8, 7.330e-8, 5.177e-7, 3.313e-7, -1.864e-7, 6.547e-8, 7.174e-8, 5.920e-8
0.488, 4.161e-7, 2.764e-7, -1.397e-7, 1.123e-7, 1.139e-7, 1.107e-7, 3.716e-7, 2.408e-7, -1.309e-7, 9.696e-8, 1.020e-7, 9.189e-8, 5.118e-7, 3.334e-7, -1.784e-7, 7.753e-8, 8.196e-8, 7.310e-8, 5.186e-7, 3.317e-7, -1.869e-7, 6.672e-8, 7.363e-8, 5.980e-8
0.484, 4.112e-7, 2.703e-7, -1.409e-7, 1.092e-7, 1.098e-7, 1.086e-7, 3.760e-7, 2.456e-7, -1.304e-7, 9.622e-8, 1.012e-7, 9.124e-8, 5.242e-7, 3.435e-7, -1.807e-7, 7.855e-8, 8.526e-8, 7.184e-8, 5.199e-7, 3.311e-7, -1.888e-7, 6.463e-8, 6.841e-8, 6.084e-8
0.480, 4.152e-7, 2.718e-7, -1.434e-7, 1.076e-7, 1.088e-7, 1.065e-7, 3.792e-7, 2.474e-7, -1.318e-7, 9.660e-8, 1.025e-7, 9.069e-8, 5.244e-7, 3.426e-7, -1.818e-7, 7.546e-8, 8.019e-8, 7.074e-8, 5.120e-7, 3.250e-7, -1.871e-7, 6.300e-8, 6.630e-8, 5.970e-8
0.476, 4.174e-7, 2.769e-7, -1.404e-7, 1.085e-7, 1.099e-7, 1.071e-7, 3.731e-7, 2.443e-7, -1.288e-7, 9.130e-8, 9.477e-8, 8.783e-8, 5.231e-7, 3.400e-7, -1.831e-7, 7.324e-8, 7.778e-8, 6.871e-8, 5.155e-7, 3.285e-7, -1.870e-7, 6.481e-8, 6.892e-8, 6.070e-8
0.472, 4.149e-7, 2.741e-7, -1.408e-7, 1.041e-7, 1.048e-7, 1.034e-7, 3.790e-7, 2.441e-7, -1.349e-7, 9.255e-8, 9.582e-8, 8.928e-8, 5.236e-7, 3.423e-7, -1.813e-7, 7.492e-8, 8.118e-8, 6.865e-8, 5.203e-7, 3.337e-7, -1.866e-7, 6.336e-8, 6.711e-8, 5.961e-8
0.468, 4.174e-7, 2.747e-7, -1.427e-7, 1.045e-7, 1.072e-7, 1.018e-7, 3.768e-7, 2.435e-7, -1.333e-7, 9.152e-8, 9.591e-8, 8.713e-8, 5.222e-7, 3.397e-7, -1.825e-7, 7.342e-8, 7.730e-8, 6.954e-8, 5.178e-7, 3.308e-7, -1.870e-7, 5.998e-8, 6.321e-8, 5.674e-8
0.464, 4.122e-7, 2.692e-7, -1.430e-7, 1.034e-7, 1.043e-7, 1.026e-7, 3.750e-7, 2.443e-7, -1.307e-7, 8.937e-8, 9.569e-8, 8.304e-8, 5.227e-7, 3.417e-7, -1.810e-7, 7.322e-8, 7.727e-8, 6.917e-8, 5.171e-7, 3.289e-7, -1.883e-7, 5.937e-8, 6.274e-8, 5.600e-8
0.460, 4.164e-7, 2.719e-7, -1.445e-7, 1.020e-7, 1.035e-7, 1.004e-7, 3.783e-7, 2.438e-7, -1.344e-7, 8.571e-8, 9.050e-8, 8.091e-8, 5.220e-7, 3.410e-7, -1.810e-7, 7.287e-8, 7.578e-8, 6.996e-8, 5.205e-7, 3.326e-7, -1.879e-7, 6.122e-8, 6.578e-8, 5.666e-8
0.456, 4.189e-7, 2.739e-7, -1.450e-7, 1.025e-7, 1.034e-7, 1.016e-7, 3.764e-7, 2.449e-7, -1.315e-7, 8.924e-8, 9.169e-8, 8.679e-8, 5.239e-7, 3.408e-7, -1.830e-7, 6.945e-8, 7.549e-8, 6.340e-8, 5.185e-7, 3.277e-7, -1.908e-7, 5.769e-8, 6.271e-8, 5.266e-8
0.452, 4.168e-7, 2.715e-7, -1.453e-7, 9.989e-8, 1.006e-7, 9.914e-8, 3.759e-7, 2.403e-7, -1.357e-7, 8.900e-8, 9.153e-8, 8.647e-8, 5.213e-7, 3.395e-7, -1.818e-7, 7.127e-8, 7.588e-8, 6.666e-8, 5.186e-7, 3.301e-7, -1.885e-7, 5.703e-8, 6.200e-8, 5.206e-8
0.448, 4.186e-7, 2.726e-7, -1.460e-7, 9.847e-8, 9.754e-8, 9.940e-8, 3.766e-7, 2.418e-7, -1.348e-7, 8.789e-8, 9.393e-8, 8.185e-8, 5.264e-7, 3.422e-7, -1.842e-7, 6.948e-8, 7.466e-8, 6.431e-8, 5.180e-7, 3.294e-7, -1.887e-7, 5.642e-8, 6.142e-8, 5.141e-8
0.444, 4.143e-7, 2.710e-7, -1.433e-7, 9.850e-8, 9.932e-8, 9.768e-8, 3.788e-7, 2.427e-7, -1.361e-7, 8.550e-8, 8.977e-8, 8.123e-8, 5.240e-7, 3.401e-7, -1.840e-7, 6.755e-8, 7.236e-8, 6.274e-8, 5.163e-7, 3.284e-7, -1.878e-7, 5.802e-8, 6.303e-8, 5.302e-8
0.440, 4.178e-7, 2.744e-7, -1.434e-7, 9.847e-8, 1.018e-7, 9.509e-8, 3.843e-7, 2.473e-7, -1.370e-7, 8.518e-8, 8.753e-8, 8.284e-8, 5.200e-7, 3.373e-7, -1.827e-7, 6.700e-8, 7.061e-8, 6.339e-8, 5.160e-7, 3.250e-7, -1.910e-7, 5.673e-8, 6.213e-8, 5.133e-8
0.436, 4.109e-7, 2.689e-7, -1.420e-7, 9.452e-8, 9.520e-8, 9.385e-8, 3.798e-7, 2.417e-7, -1.381e-7, 8.105e-8, 8.649e-8, 7.561e-8, 5.225e-7, 3.377e-7, -1.848e-7, 7.001e-8, 7.718e-8, 6.284e-8, 5.187e-7, 3.313e-7, -1.874e-7, 5.821e-8, 6.226e-8, 5.416e-8
0.432, 4.133e-7, 2.674e-7, -1.459e-7, 9.395e-8, 9.444e-8, 9.346e-8, 3.795e-7, 2.460e-7, -1.334e-7, 8.871e-8, 9.383e-8, 8.359e-8, 5.226e-7, 3.414e-7, -1.811e-7, 6.420e-8, 7.064e-8, 5.776e-8, 5.186e-7, 3.273e-7, -1.913e-7, 5.195e-8, 5.660e-8, 4.731e-8
0.428, 4.162e-7, 2.714e-7, -1.447e-7, 9.265e-8, 9.277e-8, 9.254e-8, 3.775e-7, 2.395e-7, -1.380e-7, 8.361e-8, 8.559e-8, 8.164e-8, 5.190e-7, 3.381e-7, -1.810e-7, 6.593e-8, 7.104e-8, 6.082e-8, 5.184e-7, 3.310e-7, -1.874e-7, 5.577e-8, 6.171e-8, 4.983e-8
0.424, 4.149e-7, 2.716e-7, -1.433e-7, 9.630e-8, 9.751e-8, 9.509e-8, 3.839e-7, 2.468e-7, -1.370e-7, 8.337e-8, 8.874e-8, 7.800e-8, 5.201e-7, 3.384e-7, -1.817e-7, 6.622e-8, 7.081e-8, 6.163e-8, 5.139e-7, 3.262e-7, -1.877e-7, 5.299e-8, 5.731e-8, 4.868e-8
0.420, 4.155e-7, 2.750e-7, -1.404e-7, 9.480e-8, 9.598e-8, 9.363e-8, 3.765e-7, 2.423e-7, -1.342e-7, 8.133e-8, 8.668e-8, 7.599e-8, 5.213e-7, 3.358e-7, -1.854e-7, 6.509e-8, 6.828e-8, 6.190e-8, 5.106e-7, 3.239e-7, -1.867e-7, 5.414e-8, 5.865e-8, 4.963e-8
0.416, 4.161e-7, 2.727e-7, -1.434e-7, 9.084e-8, 9.322e-8, 8.846e-8, 3.778e-7, 2.406e-7, -1.372e-7, 7.937e-8, 8.069e-8, 7.804e-8, 5.163e-7, 3.355e-7, -1.808e-7, 6.458e-8, 6.938e-8, 5.979e-8, 5.124e-7, 3.268e-7, -1.857e-7, 5.411e-8, 5.954e-8, 4.868e-8
0.412, 4.134e-7, 2.736e-7, -1.399e-7, 9.429e-8, 9.586e-8, 9.272e-8, 3.777e-7, 2.438e-7, -1.339e-7, 7.948e-8, 8.320e-8, 7.576e-8, 5.158e-7, 3.322e-7, -1.836e-7, 5.938e-8, 6.232e-8, 5.645e-8, 5.089e-7, 3.220e-7, -1.869e-7, 5.315e-8, 5.788e-8, 4.842e-8
0.408, 4.145e-7, 2.706e-7, -1.439e-7, 9.120e-8, 9.237e-8, 9.002e-8, 3.746e-7, 2.433e-7, -1.313e-7, 7.935e-8, 8.253e-8, 7.617e-8, 5.143e-7, 3.334e-7, -1.809e-7, 6.006e-8, 6.532e-8, 5.480e-8, 5.117e-7, 3.219e-7, -1.898e-7, 5.033e-8, 5.565e-8, 4.501e-8
0.404, 4.151e-7, 2.714e-7, -1.438e-7, 8.886e-8, 9.092e-8, 8.680e-8, 3.757e-7, 2.404e-7, -1.352e-7, 7.756e-8, 8.094e-8, 7.419e-8, 5.198e-7, 3.351e-7, -1.847e-7, 5.845e-8, 6.306e-8, 5.383e-8, 5.095e-7, 3.239e-7, -1.856e-7, 5.153e-8, 5.787e-8, 4.519e-8
0.400, 4.117e-7, 2.702e-7, -1.415e-7, 8.822e-8, 8.958e-8, 8.685e-8, 3.712e-7, 2.393e-7, -1.319e-7, 7.696e-8, 8.138e-8, 7.254e-8, 5.143e-7, 3.335e-7, -1.808e-7, 6.111e-8, 6.687e-8, 5.536e-8, 5.073e-7, 3.250e-7, -1.823e-7, 5.023e-8, 5.636e-8, 4.410e-8
0.396, 4.182e-7, 2.727e-7, -1.455e-7, 8.508e-8, 8.914e-8, 8.102e-8, 3.793e-7, 2.426e-7, -1.367e-7, 7.686e-8, 8.057e-8, 7.315e-8, 5.141e-7, 3.357e-7, -1.783e-7, 6.132e-8, 6.503e-8, 5.761e-8, 5.066e-7, 3.220e-7, -1.846e-7, 4.946e-8, 5.443e-8, 4.450e-8
0.392, 4.101e-7, 2.701e-7, -1.400e-7, 8.626e-8, 8.730e-8, 8.523e-8, 3.771e-7, 2.410e-7, -1.360e-7, 7.472e-8, 7.831e-8, 7.114e-8, 5.131e-7, 3.338e-7, -1.794e-7, 5.963e-8, 6.580e-8, 5.347e-8, 5.063e-7, 3.255e-7, -1.808e-7, 5.265e-8, 5.628e-8, 4.902e-8
0.388, 4.157e-7, 2.765e-7, -1.391e-7, 8.770e-8, 9.010e-8, 8.530e-8, 3.779e-7, 2.444e-7, -1.334e-7, 7.412e-8, 7.944e-8, 6.879e-8, 5.095e-7, 3.328e-7, -1.767e-7, 5.887e-8, 6.157e-8, 5.617e-8, 5.044e-7, 3.234e-7, -1.810e-7, 4.956e-8, 5.446e-8, 4.465e-8
0.384, 4.121e-7, 2.729e-7, -1.392e-7, 8.283e-8, 8.369e-8, 8.196e-8, 3.749e-7, 2.416e-7, -1.333e-7, 7.595e-8, 8.107e-8, 7.083e-8, 5.049e-7, 3.321e-7, -1.729e-7, 5.917e-8, 6.251e-8, 5.582e-8, 4.996e-7, 3.223e-7, -1.773e-7, 4.876e-8, 5.435e-8, 4.318e-8
0.380, 4.168e-7, 2.779e-7, -1.389e-7, 8.604e-8, 9.068e-8, 8.140e-8, 3.782e-7, 2.457e-7, -1.324e-7, 7.403e-8, 7.923e-8, 6.884e-8, 5.076e-7, 3.346e-7, -1.730e-7, 5.553e-8, 5.979e-8, 5.127e-8, 4.995e-7, 3.219e-7, -1.776e-7, 4.830e-8, 5.359e-8, 4.301e-8
0.376, 4.121e-7, 2.727e-7, -1.394e-7, 8.141e-8, 8.319e-8, 7.962e-8, 3.798e-7, 2.479e-7, -1.319e-7, 7.601e-8, 8.038e-8, 7.165e-8, 5.115e-7, 3.384e-7, -1.731e-7, 5.867e-8, 6.291e-8, 5.444e-8, 5.045e-7, 3.283e-7, -1.763e-7, 4.711e-8, 5.251e-8, 4.170e-8
0.372, 4.173e-7, 2.814e-7, -1.359e-7, 8.474e-8, 8.613e-8, 8.334e-8, 3.725e-7, 2.462e-7, -1.263e-7, 7.486e-8, 7.882e-8, 7.089e-8, 5.130e-7, 3.417e-7, -1.713e-7, 5.426e-8, 5.949e-8, 4.903e-8, 5.100e-7, 3.287e-7, -1.813e-7, 4.572e-8, 5.196e-8, 3.947e-8
0.368, 4.164e-7, 2.793e-7, -1.371e-7, 8.224e-8, 8.522e-8, 7.926e-8, 3.814e-7, 2.509e-7, -1.305e-7, 7.495e-8, 7.833e-8, 7.158e-8, 5.096e-7, 3.414e-7, -1.682e-7, 5.600e-8, 5.856e-8, 5.344e-8, 5.060e-7, 3.311e-7, -1.749e-7, 4.525e-8, 4.982e-8, 4.069e-8
0.364, 4.172e-7, 2.815e-7, -1.356e-7, 8.346e-8, 8.670e-8, 8.022e-8, 3.858e-7, 2.573e-7, -1.285e-7, 7.318e-8, 8.126e-8, 6.509e-8, 5.230e-7, 3.495e-7, -1.734e-7, 5.523e-8, 6.102e-8, 4.945e-8, 5.100e-7, 3.337e-7, -1.763e-7, 4.554e-8, 4.789e-8, 4.320e-8
0.360, 4.167e-7, 2.839e-7, -1.328e-7, 8.348e-8, 8.393e-8, 8.303e-8, 3.791e-7, 2.566e-7, -1.225e-7, 7.187e-8, 7.457e-8, 6.917e-8, 5.240e-7, 3.512e-7, -1.728e-7, 5.246e-8, 6.075e-8, 4.417e-8, 5.170e-7, 3.379e-7, -1.791e-7, 4.579e-8, 5.331e-8, 3.827e-8
0.356, 4.267e-7, 2.893e-7, -1.375e-7, 8.132e-8, 8.430e-8, 7.834e-8, 3.857e-7, 2.594e-7, -1.263e-7, 7.132e-8, 7.552e-8, 6.712e-8, 5.254e-7, 3.535e-7, -1.719e-7, 5.365e-8, 5.974e-8, 4.756e-8, 5.176e-7, 3.420e-7, -1.756e-7, 4.455e-8, 5.002e-8, 3.908e-8
0.352, 4.283e-7, 2.939e-7, -1.343e-7, 8.275e-8, 8.480e-8, 8.071e-8, 3.884e-7, 2.642e-7, -1.242e-7, 7.213e-8, 7.304e-8, 7.122e-8, 5.287e-7, 3.572e-7, -1.714e-7, 5.146e-8, 5.791e-8, 4.501e-8, 5.210e-7, 3.417e-7, -1.794e-7, 4.197e-8, 5.008e-8, 3.386e-8
0.348, 4.301e-7, 2.991e-7, -1.310e-7, 7.887e-8, 8.236e-8, 7.539e-8, 3.993e-7, 2.681e-7, -1.312e-7, 6.912e-8, 7.522e-8, 6.302e-8, 5.352e-7, 3.626e-7, -1.726e-7, 5.192e-8, 5.484e-8, 4.901e-8, 5.174e-7, 3.436e-7, -1.738e-7, 4.507e-8, 4.857e-8, 4.157e-8
0.344, 4.376e-7, 3.047e-7, -1.329e-7, 7.871e-8, 8.388e-8, 7.354e-8, 3.979e-7, 2.702e-7, -1.277e-7, 6.705e-8, 7.198e-8, 6.212e-8, 5.316e-7, 3.630e-7, -1.685e-7, 5.200e-8, 5.418e-8, 4.982e-8, 5.262e-7, 3.510e-7, -1.753e-7, 4.485e-8, 5.062e-8, 3.909e-8
0.340, 4.377e-7, 3.056e-7, -1.320e-7, 7.858e-8, 7.994e-8, 7.721e-8, 4.002e-7, 2.728e-7, -1.274e-7, 6.736e-8, 7.020e-8, 6.451e-8, 5.403e-7, 3.683e-7, -1.720e-7, 5.171e-8, 5.735e-8, 4.608e-8, 5.329e-7, 3.557e-7, -1.771e-7, 4.269e-8, 4.599e-8, 3.940e-8
0.336, 4.426e-7, 3.097e-7, -1.330e-7, 7.867e-8, 8.308e-8, 7.427e-8, 4.057e-7, 2.800e-7, -1.258e-7, 6.963e-8, 7.438e-8, 6.487e-8, 5.475e-7, 3.743e-7, -1.732e-7, 5.045e-8, 5.384e-8, 4.706e-8, 5.336e-7, 3.576e-7, -1.760e-7, 4.166e-8, 4.757e-8, 3.574e-8
0.332, 4.488e-7, 3.133e-7, -1.356e-7, 7.865e-8, 8.385e-8, 7.346e-8, 4.091e-7, 2.803e-7, -1.288e-7, 6.594e-8, 7.031e-8, 6.157e-8, 5.489e-7, 3.754e-7, -1.734e-7, 5.194e-8, 5.645e-8, 4.744e-8, 5.434e-7, 3.667e-7, -1.767e-7, 4.199e-8, 4.732e-8, 3.665e-8
0.328, 4.536e-7, 3.180e-7, -1.355e-7, 7.497e-8, 7.769e-8, 7.226e-8, 4.155e-7, 2.851e-7, -1.305e-7, 6.729e-8, 7.253e-8, 6.204e-8, 5.581e-7, 3.828e-7, -1.753e-7, 4.983e-8, 5.283e-8, 4.683e-8, 5.395e-7, 3.636e-7, -1.759e-7, 4.086e-8, 4.443e-8, 3.730e-8
0.324, 4.564e-7, 3.192e-7, -1.371e-7, 7.586e-8, 7.688e-8, 7.484e-8, 4.151e-7, 2.886e-7, -1.265e-7, 6.749e-8, 7.229e-8, 6.270e-8, 5.574e-7, 3.848e-7, -1.726e-7, 4.998e-8, 5.480e-8, 4.517e-8, 5.500e-7, 3.706e-7, -1.794e-7, 4.030e-8, 4.674e-8, 3.387e-8
0.320, 4.576e-7, 3.221e-7, -1.354e-7, 7.474e-8, 7.544e-8, 7.405e-8, 4.195e-7, 2.893e-7, -1.301e-7, 6.458e-8, 7.024e-8, 5.891e-8, 5.634e-7, 3.885e-7, -1.749e-7, 5.075e-8, 5.629e-8, 4.521e-8, 5.525e-7, 3.752e-7, -1.773e-7, 4.339e-8, 4.853e-8, 3.826e-8
0.316, 4.619e-7, 3.266e-7, -1.353e-7, 7.407e-8, 7.645e-8, 7.169e-8, 4.182e-7, 2.882e-7, -1.300e-7, 6.295e-8, 6.840e-8, 5.750e-8, 5.623e-7, 3.890e-7, -1.733e-7, 4.939e-8, 5.498e-8, 4.379e-8, 5.554e-7, 3.792e-7, -1.762e-7, 4.308e-8, 4.717e-8, 3.898e-8
0.312, 4.585e-7, 3.270e-7, -1.315e-7, 7.577e-8, 7.724e-8, 7.430e-8, 4.181e-7, 2.929e-7, -1.253e-7, 6.685e-8, 7.135e-8, 6.235e-8, 5.720e-7, 3.945e-7, -1.775e-7, 4.855e-8, 5.546e-8, 4.165e-8, 5.557e-7, 3.790e-7, -1.767e-7, 4.055e-8, 4.614e-8, 3.497e-8
0.308, 4.612e-7, 3.295e-7, -1.317e-7, 7.402e-8, 7.664e-8, 7.140e-8, 4.222e-7, 2.971e-7, -1.251e-7, 6.618e-8, 7.116e-8, 6.120e-8, 5.660e-7, 3.935e-7, -1.725e-7, 4.855e-8, 5.158e-8, 4.552e-8, 5.568e-7, 3.799e-7, -1.769e-7, 4.024e-8, 4.437e-8, 3.611e-8
0.304, 4.608e-7, 3.302e-7, -1.306e-7, 7.330e-8, 7.504e-8, 7.155e-8, 4.218e-7, 2.967e-7, -1.251e-7, 6.440e-8, 6.812e-8, 6.068e-8, 5.670e-7, 3.938e-7, -1.732e-7, 4.494e-8, 5.070e-8, 3.917e-8, 5.563e-7, 3.822e-7, -1.741e-7, 3.925e-8, 4.459e-8, 3.392e-8
0.300, 4.663e-7, 3.343e-7, -1.319e-7, 7.272e-8, 7.668e-8, 6.875e-8, 4.249e-7, 3.019e-7, -1.229e-7, 6.423e-8, 6.833e-8, 6.013e-8, 5.604e-7, 3.940e-7, -1.664e-7, 4.617e-8, 4.979e-8, 4.255e-8, 5.535e-7, 3.768e-7, -1.767e-7, 3.861e-8, 4.370e-8, 3.353e-8
0.296, 4.598e-7, 3.317e-7, -1.281e-7, 7.204e-8, 7.471e-8, 6.936e-8, 4.227e-7, 3.016e-7, -1.211e-7, 6.379e-8, 6.796e-8, 5.963e-8, 5.643e-7, 3.963e-7, -1.680e-7, 4.514e-8, 5.030e-8, 3.999e-8, 5.566e-7, 3.809e-7, -1.757e-7, 3.826e-8, 4.400e-8, 3.251e-8
0.292, 4.590e-7, 3.342e-7, -1.248e-7, 6.944e-8, 7.244e-8, 6.643e-8, 4.226e-7, 3.002e-7, -1.224e-7, 6.194e-8, 6.513e-8, 5.876e-8, 5.621e-7, 3.948e-7, -1.672e-7, 4.659e-8, 5.212e-8, 4.107e-8, 5.549e-7, 3.831e-7, -1.718e-7, 3.861e-8, 4.399e-8, 3.324e-8
0.288, 4.555e-7, 3.324e-7, -1.231e-7, 6.969e-8, 7.042e-8, 6.896e-8, 4.138e-7, 2.967e-7, -1.171e-7, 6.361e-8, 6.926e-8, 5.797e-8, 5.593e-7, 3.955e-7, -1.638e-7, 4.452e-8, 4.856e-8, 4.049e-8, 5.482e-7, 3.802e-7, -1.680e-7, 3.775e-8, 4.218e-8, 3.332e-8
0.284, 4.532e-7, 3.318e-7, -1.214e-7, 6.999e-8, 7.239e-8, 6.760e-8, 4.153e-7, 2.990e-7, -1.162e-7, 6.124e-8, 6.354e-8, 5.893e-8, 5.558e-7, 3.956e-7, -1.601e-7, 4.530e-8, 4.821e-8, 4.240e-8, 5.463e-7, 3.805e-7, -1.657e-7, 3.746e-8, 4.369e-8, 3.124e-8
0.280, 4.518e-7, 3.349e-7, -1.169e-7, 6.791e-8, 6.965e-8, 6.618e-8, 4.156e-7, 3.015e-7, -1.141e-7, 6.096e-8, 6.589e-8, 5.604e-8, 5.537e-7, 3.940e-7, -1.596e-7, 4.518e-8, 4.792e-8, 4.244e-8, 5.418e-7, 3.791e-7, -1.627e-7, 3.713e-8, 4.221e-8, 3.206e-8
0.276, 4.493e-7, 3.315e-7, -1.179e-7, 6.711e-8, 6.853e-8, 6.569e-8, 4.115e-7, 3.009e-7, -1.106e-7, 6.109e-8, 6.387e-8, 5.830e-8, 5.442e-7, 3.908e-7, -1.534e-7, 4.428e-8, 4.902e-8, 3.953e-8, 5.399e-7, 3.779e-7, -1.620e-7, 3.591e-8, 4.270e-8, 2.912e-8
0.272, 4.433e-7, 3.293e-7, -1.140e-7, 6.720e-8, 7.046e-8, 6.394e-8, 4.135e-7, 3.024e-7, -1.111e-7, 5.957e-8, 6.415e-8, 5.499e-8, 5.443e-7, 3.906e-7, -1.537e-7, 4.376e-8, 4.789e-8, 3.964e-8, 5.326e-7, 3.752e-7, -1.574e-7, 3.745e-8, 4.098e-8, 3.393e-8
0.268, 4.392e-7, 3.295e-7, -1.097e-7, 6.753e-8, 6.952e-8, 6.555e-8, 4.011e-7, 2.975e-7, -1.035e-7, 6.000e-8, 6.190e-8, 5.810e-8, 5.399e-7, 3.886e-7, -1.513e-7, 4.409e-8, 4.868e-8, 3.951e-8, 5.305e-7, 3.758e-7, -1.546e-7, 3.595e-8, 4.219e-8, 2.971e-8
0.264, 4.342e-7, 3.274e-7, -1.069e-7, 6.652e-8, 6.874e-8, 6.430e-8, 3.979e-7, 2.927e-7, -1.052e-7, 5.673e-8, 6.001e-8, 5.344e-8, 5.383e-7, 3.886e-7, -1.497e-7, 4.237e-8, 4.788e-8, 3.687e-8, 5.219e-7, 3.717e-7, -1.502e-7, 3.819e-8, 4.259e-8, 3.380e-8
0.260, 4.335e-7, 3.279e-7, -1.056e-7, 6.363e-8, 6.515e-8, 6.210e-8, 3.957e-7, 2.923e-7, -1.034e-7, 5.764e-8, 6.146e-8, 5.381e-8, 5.271e-7, 3.823e-7, -1.447e-7, 4.351e-8, 4.778e-8, 3.924e-8, 5.168e-7, 3.684e-7, -1.484e-7, 3.418e-8, 3.759e-8, 3.077e-8
0.256, 4.252e-7, 3.224e-7, -1.028e-7, 6.521e-8, 7.046e-8, 5.996e-8, 3.896e-7, 2.905e-7, -9.908e-8, 5.836e-8, 6.289e-8, 5.382e-8, 5.249e-7, 3.829e-7, -1.421e-7, 4.138e-8, 4.516e-8, 3.759e-8, 5.152e-7, 3.684e-7, -1.468e-7, 3.391e-8, 3.661e-8, 3.121e-8
0.252, 4.210e-7, 3.238e-7, -9.722e-8, 6.732e-8, 6.923e-8, 6.541e-8, 3.879e-7, 2.921e-7, -9.581e-8, 5.498e-8, 5.971e-8, 5.024e-8, 5.201e-7, 3.772e-7, -1.429e-7, 3.869e-8, 4.337e-8, 3.401e-8, 5.068e-7, 3.627e-7, -1.442e-7, 3.393e-8, 3.734e-8, 3.051e-8
0.248, 4.181e-7, 3.184e-7, -9.969e-8, 6.509e-8, 6.623e-8, 6.394e-8, 3.822e-7, 2.898e-7, -9.237e-8, 5.823e-8, 6.290e-8, 5.357e-8, 5.104e-7, 3.751e-7, -1.353e-7, 4.069e-8, 4.399e-8, 3.740e-8, 5.011e-7, 3.602e-7, -1.409e-7, 3.284e-8, 3.571e-8, 2.997e-8
0.244, 4.044e-7, 3.140e-7, -9.042e-8, 6.410e-8, 6.393e-8, 6.428e-8, 3.757e-7, 2.819e-7, -9.375e-8, 5.684e-8, 6.178e-8, 5.191e-8, 5.108e-7, 3.730e-7, -1.378e-7, 3.916e-8, 4.694e-8, 3.137e-8, 4.990e-7, 3.604e-7, -1.387e-7, 3.532e-8, 3.905e-8, 3.158e-8
0.240, 4.053e-7, 3.150e-7, -9.025e-8, 6.439e-8, 6.633e-8, 6.245e-8, 3.707e-7, 2.782e-7, -9.249e-8, 5.388e-8, 5.695e-8, 5.081e-8, 4.961e-7, 3.653e-7, -1.307e-7, 3.892e-8, 4.315e-8, 3.469e-8, 4.889e-7, 3.550e-7, -1.339e-7, 3.512e-8, 3.969e-8, 3.054e-8
0.236, 4.014e-7, 3.104e-7, -9.096e-8, 6.287e-8, 6.380e-8, 6.193e-8, 3.630e-7, 2.739e-7, -8.908e-8, 5.635e-8, 5.843e-8, 5.428e-8, 4.874e-7, 3.634e-7, -1.240e-7, 4.106e-8, 4.441e-8, 3.771e-8, 4.873e-7, 3.559e-7, -1.314e-7, 3.252e-8, 3.693e-8, 2.812e-8
0.232, 3.909e-7, 3.039e-7, -8.704e-8, 6.305e-8, 6.612e-8, 5.998e-8, 3.620e-7, 2.756e-7, -8.635e-8, 5.668e-8, 5.980e-8, 5.357e-8, 4.839e-7, 3.616e-7, -1.223e-7, 3.899e-8, 4.260e-8, 3.537e-8, 4.790e-7, 3.474e-7, -1.316e-7, 3.115e-8, 3.478e-8, 2.752e-8
0.228, 3.872e-7, 3.047e-7, -8.248e-8, 6.321e-8, 6.438e-8, 6.204e-8, 3.566e-7, 2.724e-7, -8.419e-8, 5.331e-8, 5.625e-8, 5.038e-8, 4.788e-7, 3.572e-7, -1.216e-7, 3.797e-8, 3.973e-8, 3.621e-8, 4.689e-7, 3.453e-7, -1.236e-7, 3.295e-8, 3.942e-8, 2.648e-8
0.224, 3.833e-7, 3.033e-7, -7.994e-8, 6.130e-8, 6.336e-8, 5.924e-8, 3.480e-7, 2.656e-7, -8.248e-8, 5.353e-8, 5.629e-8, 5.077e-8, 4.676e-7, 3.512e-7, -1.164e-7, 3.635e-8, 3.805e-8, 3.466e-8, 4.617e-7, 3.409e-7, -1.208e-7, 3.363e-8, 3.757e-8, 2.968e-8
0.220, 3.723e-7, 2.942e-7, -7.809e-8, 6.207e-8, 6.147e-8, 6.267e-8, 3.430e-7, 2.665e-7, -7.650e-8, 5.711e-8, 6.207e-8, 5.214e-8, 4.714e-7, 3.539e-7, -1.175e-7, 3.840e-8, 4.271e-8, 3.409e-8, 4.586e-7, 3.363e-7, -1.223e-7, 3.044e-8, 3.275e-8, 2.813e-8
0.216, 3.730e-7, 2.950e-7, -7.795e-8, 6.058e-8, 6.352e-8, 5.763e-8, 3.392e-7, 2.644e-7, -7.481e-8, 5.525e-8, 5.704e-8, 5.346e-8, 4.578e-7, 3.441e-7, -1.137e-7, 3.702e-8, 4.026e-8, 3.378e-8, 4.525e-7, 3.326e-7, -1.199e-7, 3.060e-8, 3.472e-8, 2.649e-8
0.212, 3.646e-7, 2.872e-7, -7.737e-8, 5.835e-8, 5.953e-8, 5.717e-8, 3.363e-7, 2.620e-7, -7.435e-8, 5.485e-8, 5.939e-8, 5.032e-8, 4.554e-7, 3.444e-7, -1.110e-7, 3.870e-8, 4.232e-8, 3.508e-8, 4.471e-7, 3.301e-7, -1.169e-7, 3.029e-8, 3.355e-8, 2.704e-8
0.208, 3.591e-7, 2.874e-7, -7.170e-8, 6.366e-8, 6.430e-8, 6.303e-8, 3.242e-7, 2.548e-7, -6.937e-8, 5.157e-8, 5.444e-8, 4.869e-8, 4.506e-7, 3.381e-7, -1.126e-7, 3.470e-8, 3.792e-8, 3.147e-8, 4.433e-7, 3.286e-7, -1.147e-7, 3.188e-8, 3.612e-8, 2.765e-8
0.204, 3.579e-7, 2.851e-7, -7.276e-8, 6.133e-8, 6.055e-8, 6.212e-8, 3.230e-7, 2.519e-7, -7.114e-8, 5.142e-8, 5.599e-8, 4.686e-8, 4.399e-7, 3.326e-7, -1.073e-7, 3.664e-8, 4.016e-8, 3.312e-8, 4.354e-7, 3.238e-7, -1.116e-7, 3.203e-8, 3.645e-8, 2.760e-8
0.200, 3.488e-7, 2.791e-7, -6.972e-8, 5.701e-8, 5.594e-8, 5.808e-8, 3.184e-7, 2.480e-7, -7.042e-8, 5.293e-8, 5.467e-8, 5.119e-8, 4.316e-7, 3.294e-7, -1.022e-7, 3.732e-8, 3.943e-8, 3.520e-8, 4.287e-7, 3.210e-7, -1.077e-7, 3.143e-8, 3.615e-8, 2.670e-8
0.196, 3.400e-7, 2.726e-7, -6.740e-8, 6.007e-8, 6.051e-8, 5.964e-8, 3.187e-7, 2.488e-7, -6.990e-8, 5.219e-8, 5.676e-8, 4.762e-8, 4.265e-7, 3.247e-7, -1.018e-7, 3.415e-8, 3.642e-8, 3.188e-8, 4.182e-7, 3.126e-7, -1.056e-7, 2.946e-8, 3.384e-8, 2.508e-8
0.192, 3.343e-7, 2.716e-7, -6.271e-8, 6.027e-8, 6.036e-8, 6.018e-8, 3.097e-7, 2.427e-7, -6.707e-8, 5.379e-8, 5.608e-8, 5.149e-8, 4.222e-7, 3.206e-7, -1.015e-7, 3.448e-8, 3.806e-8, 3.091e-8, 4.139e-7, 3.107e-7, -1.032e-7, 3.184e-8, 3.509e-8, 2.859e-8
0.188, 3.336e-7, 2.664e-7, -6.721e-8, 5.996e-8, 6.065e-8, 5.926e-8, 2.988e-7, 2.374e-7, -6.131e-8, 5.350e-8, 5.497e-8, 5.202e-8, 4.149e-7, 3.180e-7, -9.693e-8, 3.496e-8, 3.848e-8, 3.143e-8, 4.102e-7, 3.062e-7, -1.040e-7, 2.952e-8, 3.329e-8, 2.575e-8
0.184, 3.206e-7, 2.611e-7, -5.946e-8, 5.708e-8, 5.841e-8, 5.574e-8, 2.976e-7, 2.342e-7, -6.337e-8, 5.373e-8, 5.950e-8, 4.796e-8, 4.127e-7, 3.161e-7, -9.662e-8, 3.325e-8, 3.580e-8, 3.070e-8, 4.037e-7, 3.016e-7, -1.021e-7, 2.939e-8, 3.022e-8, 2.855e-8
0.180, 3.186e-7, 2.584e-7, -6.026e-8, 5.968e-8, 6.041e-8, 5.895e-8, 2.929e-7, 2.335e-7, -5.943e-8, 5.269e-8, 5.812e-8, 4.727e-8, 4.066e-7, 3.131e-7, -9.348e-8, 3.562e-8, 3.929e-8, 3.194e-8, 3.973e-7, 2.975e-7, -9.986e-8, 2.700e-8, 3.025e-8, 2.375e-8
0.176, 3.148e-7, 2.575e-7, -5.739e-8, 5.840e-8, 6.005e-8, 5.675e-8, 2.827e-7, 2.235e-7, -5.913e-8, 4.942e-8, 5.164e-8, 4.720e-8, 3.934e-7, 3.036e-7, -8.977e-8, 3.505e-8, 3.771e-8, 3.239e-8, 3.924e-7, 2.966e-7, -9.584e-8, 3.190e-8, 3.627e-8, 2.753e-8
0.172, 3.057e-7, 2.534e-7, -5.222e-8, 5.892e-8, 5.925e-8, 5.859e-8, 2.803e-7, 2.239e-7, -5.641e-8, 5.021e-8, 5.157e-8, 4.885e-8, 3.885e-7, 2.982e-7, -9.037e-8, 3.440e-8, 3.719e-8, 3.161e-8, 3.851e-7, 2.927e-7, -9.239e-8, 3.026e-8, 3.513e-8, 2.539e-8
0.168, 3.026e-7, 2.470e-7, -5.554e-8, 5.833e-8, 5.852e-8, 5.814e-8, 2.792e-7, 2.230e-7, -5.624e-8, 5.311e-8, 5.726e-8, 4.895e-8, 3.888e-7, 2.987e-7, -9.008e-8, 3.332e-8, 3.617e-8, 3.048e-8, 3.795e-7, 2.866e-7, -9.290e-8, 2.823e-8, 2.996e-8, 2.651e-8
0.164, 2.948e-7, 2.429e-7, -5.190e-8, 5.797e-8, 5.609e-8, 5.985e-8, 2.676e-7, 2.164e-7, -5.127e-8, 5.210e-8, 5.597e-8, 4.823e-8, 3.818e-7, 2.950e-7, -8.678e-8, 3.143e-8, 3.528e-8, 2.759e-8, 3.751e-7, 2.823e-7, -9.282e-8, 2.838e-8, 3.245e-8, 2.432e-8
0.160, 2.952e-7, 2.408e-7, -5.443e-8, 5.729e-8, 5.831e-8, 5.627e-8, 2.706e-7, 2.151e-7, -5.551e-8, 5.088e-8, 5.322e-8, 4.853e-8, 3.726e-7, 2.889e-7, -8.375e-8, 3.463e-8, 3.683e-8, 3.244e-8, 3.634e-7, 2.794e-7, -8.397e-8, 2.702e-8, 3.066e-8, 2.338e-8
0.156, 2.913e-7, 2.359e-7, -5.538e-8, 5.512e-8, 5.570e-8, 5.454e-8, 2.681e-7, 2.125e-7, -5.559e-8, 5.194e-8, 5.409e-8, 4.978e-8, 3.670e-7, 2.887e-7, -7.826e-8, 3.567e-8, 3.734e-8, 3.400e-8, 3.619e-7, 2.769e-7, -8.499e-8, 2.608e-8, 3.032e-8, 2.183e-8
0.152, 2.862e-7, 2.349e-7, -5.126e-8, 5.514e-8, 5.704e-8, 5.324e-8, 2.612e-7, 2.086e-7, -5.257e-8, 4.985e-8, 5.314e-8, 4.657e-8, 3.631e-7, 2.831e-7, -8.001e-8, 3.354e-8, 3.195e-8, 3.513e-8, 3.555e-7, 2.711e-7, -8.440e-8, 2.786e-8, 3.126e-8, 2.446e-8
0.148, 2.841e-7, 2.311e-7, -5.301e-8, 5.585e-8, 5.854e-8, 5.317e-8, 2.581e-7, 2.057e-7, -5.244e-8, 4.922e-8, 4.963e-8, 4.881e-8, 3.571e-7, 2.787e-7, -7.836e-8, 3.341e-8, 3.376e-8, 3.307e-8, 3.524e-7, 2.706e-7, -8.183e-8, 2.739e-8, 3.152e-8, 2.325e-8
0.144, 2.758e-7, 2.263e-7, -4.949e-8, 5.747e-8, 5.684e-8, 5.810e-8, 2.542e-7, 2.032e-7, -5.098e-8, 4.904e-8, 5.172e-8, 4.636e-8, 3.555e-7, 2.785e-7, -7.702e-8, 3.156e-8, 3.254e-8, 3.059e-8, 3.483e-7, 2.654e-7, -8.286e-8, 2.836e-8, 3.044e-8, 2.629e-8
0.140, 2.733e-7, 2.242e-7, -4.915e-8, 5.324e-8, 5.333e-8, 5.315e-8, 2.488e-7, 1.991e-7, -4.974e-8, 4.971e-8, 5.159e-8, 4.783e-8, 3.515e-7, 2.735e-7, -7.807e-8, 3.458e-8, 3.753e-8, 3.162e-8, 3.442e-7, 2.644e-7, -7.979e-8, 2.926e-8, 3.346e-8, 2.506e-8
0.136, 2.704e-7, 2.245e-7, -4.586e-8, 5.558e-8, 5.713e-8, 5.402e-8, 2.484e-7, 1.983e-7, -5.006e-8, 4.897e-8, 5.297e-8, 4.498e-8, 3.472e-7, 2.698e-7, -7.739e-8, 3.268e-8, 3.460e-8, 3.075e-8, 3.402e-7, 2.601e-7, -8.010e-8, 2.810e-8, 3.025e-8, 2.595e-8
0.132, 2.654e-7, 2.174e-7, -4.797e-8, 5.374e-8, 5.288e-8, 5.460e-8, 2.425e-7, 1.940e-7, -4.845e-8, 5.106e-8, 5.433e-8, 4.780e-8, 3.446e-7, 2.705e-7, -7.411e-8, 3.404e-8, 3.825e-8, 2.982e-8, 3.403e-7, 2.606e-7, -7.973e-8, 2.702e-8, 2.896e-8, 2.507e-8
0.128, 2.579e-7, 2.140e-7, -4.388e-8, 5.603e-8, 5.570e-8, 5.635e-8, 2.447e-7, 1.967e-7, -4.800e-8, 5.269e-8, 5.744e-8, 4.794e-8, 3.458e-7, 2.690e-7, -7.677e-8, 3.106e-8, 3.327e-8, 2.885e-8, 3.289e-7, 2.504e-7, -7.845e-8, 2.545e-8, 2.555e-8, 2.534e-8
0.124, 2.656e-7, 2.170e-7, -4.862e-8, 5.540e-8, 5.383e-8, 5.698e-8, 2.358e-7, 1.915e-7, -4.424e-8, 4.951e-8, 5.055e-8, 4.847e-8, 3.379e-7, 2.632e-7, -7.468e-8, 3.031e-8, 3.140e-8, 2.921e-8, 3.309e-7, 2.502e-7, -8.069e-8, 2.523e-8, 2.809e-8, 2.236e-8
0.120, 2.539e-7, 2.117e-7, -4.229e-8, 5.551e-8, 5.458e-8, 5.644e-8, 2.366e-7, 1.926e-7, -4.399e-8, 5.062e-8, 5.139e-8, 4.984e-8, 3.360e-7, 2.624e-7, -7.360e-8, 3.170e-8, 3.319e-8, 3.021e-8, 3.263e-7, 2.494e-7, -7.692e-8, 2.523e-8, 2.888e-8, 2.157e-8
0.116, 2.600e-7, 2.143e-7, -4.570e-8, 5.374e-8, 5.551e-8, 5.197e-8, 2.332e-7, 1.852e-7, -4.805e-8, 4.623e-8, 4.687e-8, 4.560e-8, 3.309e-7, 2.589e-7, -7.199e-8, 3.065e-8, 3.156e-8, 2.974e-8, 3.233e-7, 2.486e-7, -7.473e-8, 2.877e-8, 3.311e-8, 2.443e-8
0.112, 2.591e-7, 2.136e-7, -4.552e-8, 5.629e-8, 5.692e-8, 5.567e-8, 2.379e-7, 1.909e-7, -4.699e-8, 4.947e-8, 5.133e-8, 4.761e-8, 3.283e-7, 2.571e-7, -7.118e-8, 3.064e-8, 3.148e-8, 2.979e-8, 3.213e-7, 2.449e-7, -7.645e-8, 2.715e-8, 3.046e-8, 2.385e-8
0.108, 2.523e-7, 2.107e-7, -4.156e-8, 5.646e-8, 5.611e-8, 5.681e-8, 2.318e-7, 1.853e-7, -4.649e-8, 4.763e-8, 5.034e-8, 4.492e-8, 3.249e-7, 2.531e-7, -7.179e-8, 3.193e-8, 3.318e-8, 3.067e-8, 3.191e-7, 2.434e-7, -7.568e-8, 2.853e-8, 3.056e-8, 2.651e-8
0.104, 2.477e-7, 2.047e-7, -4.302e-8, 5.207e-8, 4.891e-8, 5.522e-8, 2.322e-7, 1.864e-7, -4.577e-8, 4.942e-8, 5.253e-8, 4.631e-8, 3.327e-7, 2.590e-7, -7.372e-8, 3.345e-8, 3.790e-8, 2.899e-8, 3.153e-7, 2.395e-7, -7.583e-8, 2.624e-8, 2.925e-8, 2.323e-8
0.100, 2.501e-7, 2.069e-7, -4.321e-8, 5.212e-8, 5.062e-8, 5.362e-8, 2.280e-7, 1.828e-7, -4.512e-8, 4.881e-8, 4.892e-8, 4.870e-8, 3.239e-7, 2.540e-7, -6.990e-8, 3.223e-8, 3.477e-8, 2.969e-8, 3.145e-7, 2.421e-7, -7.246e-8, 2.545e-8, 2.858e-8, 2.232e-8
0.096, 2.485e-7, 2.064e-7, -4.207e-8, 5.245e-8, 5.209e-8, 5.281e-8, 2.329e-7, 1.849e-7, -4.794e-8, 4.730e-8, 4.902e-8, 4.557e-8, 3.227e-7, 2.517e-7, -7.103e-8, 3.221e-8, 3.300e-8, 3.142e-8, 3.131e-7, 2.402e-7, -7.288e-8, 2.883e-8, 3.054e-8, 2.713e-8
0.092, 2.460e-7, 2.021e-7, -4.392e-8, 5.346e-8, 5.293e-8, 5.399e-8, 2.263e-7, 1.814e-7, -4.495e-8, 4.721e-8, 5.130e-8, 4.313e-8, 3.242e-7, 2.535e-7, -7.071e-8, 3.190e-8, 3.421e-8, 2.958e-8, 3.119e-7, 2.394e-7, -7.256e-8, 2.489e-8, 2.479e-8, 2.498e-8
0.088, 2.505e-7, 2.078e-7, -4.271e-8, 5.269e-8, 5.228e-8, 5.310e-8, 2.265e-7, 1.805e-7, -4.604e-8, 4.576e-8, 4.891e-8, 4.261e-8, 3.153e-7, 2.461e-7, -6.919e-8, 3.224e-8, 3.285e-8, 3.162e-8, 3.054e-7, 2.348e-7, -7.059e-8, 2.884e-8, 3.183e-8, 2.586e-8
0.084, 2.488e-7, 2.061e-7, -4.273e-8, 5.311e-8, 5.268e-8, 5.354e-8, 2.267e-7, 1.806e-7, -4.607e-8, 4.543e-8, 4.618e-8, 4.467e-8, 3.163e-7, 2.462e-7, -7.012e-8, 3.331e-8, 3.469e-8, 3.193e-8, 3.098e-7, 2.393e-7, -7.049e-8, 2.801e-8, 3.142e-8, 2.459e-8
0.080, 2.458e-7, 2.038e-7, -4.197e-8, 5.413e-8, 5.436e-8, 5.390e-8, 2.329e-7, 1.863e-7, -4.658e-8, 4.678e-8, 5.170e-8, 4.187e-8, 3.192e-7, 2.487e-7, -7.050e-8, 2.805e-8, 3.033e-8, 2.577e-8, 3.037e-7, 2.331e-7, -7.051e-8, 2.660e-8, 2.778e-8, 2.542e-8
0.076, 2.450e-7, 2.043e-7, -4.063e-8, 5.319e-8, 5.150e-8, 5.487e-8, 2.290e-7, 1.848e-7, -4.421e-8, 4.945e-8, 5.219e-8, 4.670e-8, 3.241e-7, 2.526e-7, -7.157e-8, 3.142e-8, 3.338e-8, 2.946e-8, 3.053e-7, 2.310e-7, -7.427e-8, 2.573e-8, 2.685e-8, 2.462e-8
0.072, 2.473e-7, 2.025e-7, -4.486e-8, 5.095e-8, 5.042e-8, 5.148e-8, 2.266e-7, 1.812e-7, -4.543e-8, 4.921e-8, 5.136e-8, 4.705e-8, 3.115e-7, 2.474e-7, -6.409e-8, 3.276e-8, 3.286e-8, 3.265e-8, 3.065e-7, 2.362e-7, -7.032e-8, 2.556e-8, 2.606e-8, 2.507e-8
0.068, 2.453e-7, 2.052e-7, -4.012e-8, 5.090e-8, 4.941e-8, 5.240e-8, 2.271e-7, 1.808e-7, -4.635e-8, 4.789e-8, 5.076e-8, 4.501e-8, 3.175e-7, 2.472e-7, -7.030e-8, 3.090e-8, 3.458e-8, 2.721e-8, 3.097e-7, 2.355e-7, -7.411e-8, 2.788e-8, 2.842e-8, 2.733e-8
0.064, 2.524e-7, 2.105e-7, -4.196e-8, 5.121e-8, 5.263e-8, 4.979e-8, 2.329e-7, 1.832e-7, -4.971e-8, 4.541e-8, 4.780e-8, 4.302e-8, 3.136e-7, 2.448e-7, -6.882e-8, 3.325e-8, 3.404e-8, 3.247e-8, 3.031e-7, 2.354e-7, -6.778e-8, 2.644e-8, 2.632e-8, 2.655e-8
0.060, 2.469e-7, 2.039e-7, -4.302e-8, 5.135e-8, 5.113e-8, 5.158e-8, 2.322e-7, 1.834e-7, -4.878e-8, 4.737e-8, 5.110e-8, 4.364e-8, 3.193e-7, 2.492e-7, -7.006e-8, 3.033e-8, 3.346e-8, 2.720e-8, 3.045e-7, 2.349e-7, -6.965e-8, 2.776e-8, 2.855e-8, 2.698e-8
0.056, 2.564e-7, 2.126e-7, -4.375e-8, 5.357e-8, 5.232e-8, 5.482e-8, 2.310e-7, 1.874e-7, -4.366e-8, 4.716e-8, 5.006e-8, 4.427e-8, 3.178e-7, 2.487e-7, -6.913e-8, 2.693e-8, 2.727e-8, 2.659e-8, 3.048e-7, 2.334e-7, -7.137e-8, 2.624e-8, 2.853e-8, 2.395e-8
0.052, 2.554e-7, 2.132e-7, -4.220e-8, 5.481e-8, 5.394e-8, 5.568e-8, 2.333e-7, 1.912e-7, -4.210e-8, 4.799e-8, 5.116e-8, 4.483e-8, 3.209e-7, 2.493e-7, -7.158e-8, 2.767e-8, 3.020e-8, 2.514e-8, 3.090e-7, 2.330e-7, -7.603e-8, 2.516e-8, 2.694e-8, 2.339e-8
0.048, 2.563e-7, 2.157e-7, -4.054e-8, 5.423e-8, 5.276e-8, 5.570e-8, 2.354e-7, 1.913e-7, -4.408e-8, 4.649e-8, 4.976e-8, 4.323e-8, 3.252e-7, 2.537e-7, -7.146e-8, 2.815e-8, 2.995e-8, 2.635e-8, 3.116e-7, 2.366e-7, -7.504e-8, 2.636e-8, 2.845e-8, 2.426e-8
0.044, 2.635e-7, 2.184e-7, -4.511e-8, 5.133e-8, 5.447e-8, 4.818e-8, 2.484e-7, 1.988e-7, -4.966e-8, 4.607e-8, 4.619e-8, 4.595e-8, 3.165e-7, 2.520e-7, -6.441e-8, 2.979e-8, 2.865e-8, 3.093e-8, 3.118e-7, 2.387e-7, -7.304e-8, 2.425e-8, 2.709e-8, 2.141e-8
0.040, 2.641e-7, 2.201e-7, -4.396e-8, 4.954e-8, 5.108e-8, 4.800e-8, 2.447e-7, 1.976e-7, -4.707e-8, 4.458e-8, 4.792e-8, 4.124e-8, 3.241e-7, 2.553e-7, -6.877e-8, 2.850e-8, 2.655e-8, 3.045e-8, 3.122e-7, 2.414e-7, -7.080e-8, 2.605e-8, 2.755e-8, 2.456e-8
0.036, 2.719e-7, 2.277e-7, -4.425e-8, 5.206e-8, 5.272e-8, 5.139e-8, 2.514e-7, 2.040e-7, -4.739e-8, 4.781e-8, 5.036e-8, 4.526e-8, 3.257e-7, 2.596e-7, -6.617e-8, 2.936e-8, 3.013e-8, 2.859e-8, 3.156e-7, 2.433e-7, -7.235e-8, 2.397e-8, 2.550e-8, 2.244e-8
0.032, 2.714e-7, 2.300e-7, -4.138e-8, 5.098e-8, 5.083e-8, 5.112e-8, 2.544e-7, 2.064e-7, -4.798e-8, 4.387e-8, 4.708e-8, 4.065e-8, 3.344e-7, 2.646e-7, -6.985e-8, 3.125e-8, 3.481e-8, 2.768e-8, 3.216e-7, 2.529e-7, -6.869e-8, 2.725e-8, 2.973e-8, 2.476e-8
0.028, 2.830e-7, 2.402e-7, -4.279e-8, 5.160e-8, 5.199e-8, 5.120e-8, 2.623e-7, 2.149e-7, -4.740e-8, 4.583e-8, 4.752e-8, 4.414e-8, 3.326e-7, 2.643e-7, -6.830e-8, 2.852e-8, 3.032e-8, 2.671e-8, 3.186e-7, 2.501e-7, -6.845e-8, 2.675e-8, 2.767e-8, 2.584e-8
0.024, 2.888e-7, 2.446e-7, -4.418e-8, 4.956e-8, 5.092e-8, 4.821e-8, 2.696e-7, 2.218e-7, -4.771e-8, 4.944e-8, 5.276e-8, 4.611e-8, 3.381e-7, 2.753e-7, -6.282e-8, 3.120e-8, 3.218e-8, 3.021e-8, 3.256e-7, 2.561e-7, -6.955e-8, 2.328e-8, 2.418e-8, 2.238e-8
0.020, 2.999e-7, 2.582e-7, -4.169e-8, 5.037e-8, 4.895e-8, 5.179e-8, 2.647e-7, 2.226e-7, -4.208e-8, 4.719e-8, 4.644e-8, 4.793e-8, 3.371e-7, 2.716e-7, -6.558e-8, 2.827e-8, 3.049e-8, 2.605e-8, 3.328e-7, 2.602e-7, -7.259e-8, 2.603e-8, 3.086e-8, 2.119e-8
0.016, 3.060e-7, 2.638e-7, -4.220e-8, 5.058e-8, 4.753e-8, 5.363e-8, 2.735e-7, 2.337e-7, -3.981e-8, 4.751e-8, 4.835e-8, 4.667e-8, 3.530e-7, 2.889e-7, -6.415e-8, 3.098e-8, 3.433e-8, 2.763e-8, 3.404e-7, 2.651e-7, -7.525e-8, 2.407e-8, 2.914e-8, 1.900e-8
0.012, 3.122e-7, 2.764e-7, -3.580e-8, 5.270e-8, 5.301e-8, 5.239e-8, 2.860e-7, 2.454e-7, -4.063e-8, 4.514e-8, 4.414e-8, 4.615e-8, 3.553e-7, 2.892e-7, -6.607e-8, 2.978e-8, 3.253e-8, 2.704e-8, 3.435e-7, 2.711e-7, -7.235e-8, 2.562e-8, 3.205e-8, 1.918e-8
0.008, 3.273e-7, 2.907e-7, -3.659e-8, 5.119e-8, 5.224e-8, 5.014e-8, 2.988e-7, 2.588e-7, -4.008e-8, 4.698e-8, 4.713e-8, 4.684e-8, 3.606e-7, 3.000e-7, -6.058e-8, 3.061e-8, 3.222e-8, 2.900e-8, 3.478e-7, 2.783e-7, -6.952e-8, 2.568e-8, 2.855e-8, 2.280e-8
0.004, 3.333e-7, 2.998e-7, -3.358e-8, 5.092e-8, 4.713e-8, 5.470e-8, 3.063e-7, 2.689e-7, -3.739e-8, 4.552e-8, 4.759e-8, 4.346e-8, 3.772e-7, 3.128e-7, -6.447e-8, 2.850e-8, 3.269e-8, 2.430e-8, 3.588e-7, 2.884e-7, -7.037e-8, 2.452e-8, 2.948e-8, 1.956e-8
-0.000, 3.537e-7, 3.243e-7, -2.946e-8, 5.024e-8, 5.226e-8, 4.822e-8, 3.297e-7, 2.884e-7, -4.125e-8, 4.431e-8, 4.940e-8, 3.922e-8, 3.777e-7, 3.175e-7, -6.022e-8, 2.879e-8, 2.738e-8, 3.020e-8, 3.589e-7, 2.934e-7, -6.545e-8, 2.407e-8, 2.600e-8, 2.215e-8
