0.896, 1.086e-5, -8.219e-6, -1.908e-5, 1.671e-7, 1.481e-7, 1.862e-7, 1.035e-5, -7.788e-6, -1.814e-5, 1.724e-7, 1.529e-7, 1.919e-7, 9.677e-6, -8.019e-6, -1.770e-5, 1.606e-7, 1.439e-7, 1.773e-7, 0.000e+0, -1.006e-4, -1.006e-4, 1.007e-4, 1.007e-4, 1.007e-4
0.892, 9.306e-6, -6.162e-6, -1.547e-5, 2.722e-7, 2.517e-7, 2.927e-7, 8.869e-6, -5.778e-6, -1.465e-5, 2.846e-7, 2.649e-7, 3.043e-7, 8.311e-6, -5.947e-6, -1.426e-5, 2.521e-7, 2.327e-7, 2.716e-7, 0.000e+0, -1.006e-4, -1.006e-4, 1.007e-4, 1.007e-4, 1.007e-4
0.888, 8.017e-6, -5.016e-6, -1.303e-5, 3.737e-7, 3.552e-7, 3.921e-7, 7.641e-6, -4.677e-6, -1.232e-5, 3.862e-7, 3.737e-7, 3.988e-7, 7.163e-6, -4.820e-6, -1.198e-5, 3.289e-7, 3.165e-7, 3.413e-7, 0.000e+0, -1.006e-4, -1.006e-4, 1.007e-4, 1.007e-4, 1.007e-4
0.884, 7.024e-6, -4.236e-6, -1.126e-5, 4.443e-7, 4.327e-7, 4.558e-7, 6.683e-6, -3.931e-6, -1.061e-5, 4.591e-7, 4.488e-7, 4.694e-7, 6.262e-6, -4.066e-6, -1.033e-5, 3.884e-7, 3.792e-7, 3.976e-7, 0.000e+0, -1.006e-4, -1.006e-4, 1.007e-4, 1.007e-4, 1.007e-4
0.880, 6.238e-6, -3.657e-6, -9.895e-6, 4.935e-7, 4.873e-7, 4.997e-7, 5.929e-6, -3.378e-6, -9.307e-6, 5.077e-7, 5.019e-7, 5.134e-7, 5.545e-6, -3.520e-6, -9.064e-6, 4.241e-7, 4.198e-7, 4.285e-7, 0.000e+0, -1.006e-4, -1.006e-4, 1.007e-4, 1.007e-4, 1.007e-4
0.876, 5.592e-6, -3.217e-6, -8.809e-6, 5.164e-7, 5.152e-7, 5.175e-7, 5.313e-6, -2.956e-6, -8.270e-6, 5.334e-7, 5.336e-7, 5.331e-7, 4.972e-6, -3.098e-6, -8.070e-6, 4.444e-7, 4.448e-7, 4.440e-7, 0.000e+0, -1.006e-4, -1.006e-4, 1.007e-4, 1.007e-4, 1.007e-4
0.872, 5.067e-6, -2.857e-6, -7.924e-6, 5.238e-7, 5.246e-7, 5.230e-7, 4.810e-6, -2.612e-6, -7.422e-6, 5.398e-7, 5.442e-7, 5.354e-7, 4.496e-6, -2.764e-6, -7.260e-6, 4.479e-7, 4.524e-7, 4.435e-7, 0.000e+0, -1.006e-4, -1.006e-4, 1.007e-4, 1.007e-4, 1.007e-4
0.868, 4.627e-6, -2.558e-6, -7.185e-6, 5.223e-7, 5.283e-7, 5.164e-7, 4.393e-6, -2.326e-6, -6.719e-6, 5.382e-7, 5.466e-7, 5.297e-7, 4.101e-6, -2.488e-6, -6.589e-6, 4.400e-7, 4.449e-7, 4.350e-7, 0.000e+0, -1.006e-4, -1.006e-4, 1.007e-4, 1.007e-4, 1.007e-4
0.864, 4.252e-6, -2.313e-6, -6.566e-6, 5.053e-7, 5.133e-7, 4.972e-7, 4.039e-6, -2.089e-6, -6.128e-6, 5.263e-7, 5.355e-7, 5.171e-7, 3.763e-6, -2.252e-6, -6.015e-6, 4.305e-7, 4.371e-7, 4.240e-7, 0.000e+0, -1.006e-4, -1.006e-4, 1.007e-4, 1.007e-4, 1.007e-4
0.860, 3.942e-6, -2.095e-6, -6.036e-6, 4.853e-7, 4.929e-7, 4.777e-7, 3.730e-6, -1.881e-6, -5.611e-6, 5.055e-7, 5.140e-7, 4.970e-7, 3.477e-6, -2.059e-6, -5.535e-6, 4.139e-7, 4.224e-7, 4.054e-7, 0.000e+0, -1.006e-4, -1.006e-4, 1.007e-4, 1.007e-4, 1.007e-4
0.856, 3.665e-6, -1.910e-6, -5.575e-6, 4.587e-7, 4.666e-7, 4.508e-7, 3.463e-6, -1.712e-6, -5.175e-6, 4.845e-7, 4.960e-7, 4.731e-7, 3.231e-6, -1.886e-6, -5.117e-6, 3.962e-7, 4.039e-7, 3.884e-7, 0.000e+0, -1.006e-4, -1.006e-4, 1.007e-4, 1.007e-4, 1.007e-4
0.852, 3.416e-6, -1.755e-6, -5.170e-6, 4.306e-7, 4.385e-7, 4.227e-7, 3.223e-6, -1.560e-6, -4.783e-6, 4.585e-7, 4.702e-7, 4.469e-7, 3.013e-6, -1.741e-6, -4.754e-6, 3.757e-7, 3.835e-7, 3.679e-7, 0.000e+0, -1.006e-4, -1.006e-4, 1.007e-4, 1.007e-4, 1.007e-4
0.848, 3.199e-6, -1.613e-6, -4.813e-6, 4.060e-7, 4.141e-7, 3.980e-7, 3.019e-6, -1.427e-6, -4.446e-6, 4.322e-7, 4.434e-7, 4.209e-7, 2.817e-6, -1.615e-6, -4.432e-6, 3.542e-7, 3.619e-7, 3.464e-7, 0.000e+0, -1.006e-4, -1.006e-4, 1.007e-4, 1.007e-4, 1.007e-4
0.844, 3.003e-6, -1.492e-6, -4.496e-6, 3.805e-7, 3.893e-7, 3.717e-7, 2.833e-6, -1.315e-6, -4.148e-6, 4.073e-7, 4.191e-7, 3.954e-7, 2.647e-6, -1.501e-6, -4.148e-6, 3.310e-7, 3.400e-7, 3.220e-7, 0.000e+0, -1.006e-4, -1.006e-4, 1.007e-4, 1.007e-4, 1.007e-4
0.840, 2.816e-6, -1.393e-6, -4.209e-6, 3.519e-7, 3.601e-7, 3.438e-7, 2.650e-6, -1.222e-6, -3.872e-6, 3.811e-7, 3.881e-7, 3.741e-7, 2.480e-6, -1.414e-6, -3.894e-6, 3.084e-7, 3.140e-7, 3.027e-7, 0.000e+0, -1.006e-4, -1.006e-4, 1.007e-4, 1.007e-4, 1.007e-4
0.836, 2.642e-6, -1.309e-6, -3.951e-6, 3.228e-7, 3.313e-7, 3.144e-7, 2.488e-6, -1.139e-6, -3.627e-6, 3.518e-7, 3.606e-7, 3.430e-7, 2.333e-6, -1.335e-6, -3.667e-6, 2.897e-7, 2.959e-7, 2.835e-7, 0.000e+0, -1.006e-4, -1.006e-4, 1.007e-4, 1.007e-4, 1.007e-4
0.832, 2.475e-6, -1.245e-6, -3.720e-6, 2.995e-7, 3.071e-7, 2.918e-7, 2.334e-6, -1.072e-6, -3.406e-6, 3.322e-7, 3.419e-7, 3.226e-7, 2.194e-6, -1.268e-6, -3.461e-6, 2.715e-7, 2.785e-7, 2.644e-7, 0.000e+0, -1.006e-4, -1.006e-4, 1.007e-4, 1.007e-4, 1.007e-4
0.828, 2.329e-6, -1.185e-6, -3.514e-6, 2.716e-7, 2.808e-7, 2.624e-7, 2.191e-6, -1.021e-6, -3.213e-6, 3.066e-7, 3.154e-7, 2.979e-7, 2.059e-6, -1.219e-6, -3.278e-6, 2.531e-7, 2.585e-7, 2.478e-7, 0.000e+0, -1.006e-4, -1.006e-4, 1.007e-4, 1.007e-4, 1.007e-4
0.824, 2.182e-6, -1.142e-6, -3.324e-6, 2.505e-7, 2.585e-7, 2.424e-7, 2.050e-6, -9.808e-7, -3.031e-6, 2.845e-7, 2.914e-7, 2.776e-7, 1.940e-6, -1.174e-6, -3.114e-6, 2.366e-7, 2.413e-7, 2.319e-7, 0.000e+0, -1.006e-4, -1.006e-4, 1.007e-4, 1.007e-4, 1.007e-4
0.820, 2.034e-6, -1.110e-6, -3.144e-6, 2.308e-7, 2.365e-7, 2.251e-7, 1.910e-6, -9.528e-7, -2.863e-6, 2.614e-7, 2.682e-7, 2.545e-7, 1.827e-6, -1.139e-6, -2.965e-6, 2.195e-7, 2.274e-7, 2.115e-7, 0.000e+0, -1.006e-4, -1.006e-4, 1.007e-4, 1.007e-4, 1.007e-4
0.816, 1.899e-6, -1.089e-6, -2.988e-6, 2.082e-7, 2.162e-7, 2.003e-7, 1.800e-6, -9.226e-7, -2.723e-6, 2.431e-7, 2.535e-7, 2.326e-7, 1.720e-6, -1.108e-6, -2.828e-6, 2.039e-7, 2.081e-7, 1.996e-7, 0.000e+0, -1.006e-4, -1.006e-4, 1.007e-4, 1.007e-4, 1.007e-4
0.812, 1.776e-6, -1.071e-6, -2.848e-6, 1.900e-7, 1.927e-7, 1.874e-7, 1.675e-6, -9.087e-7, -2.584e-6, 2.261e-7, 2.309e-7, 2.214e-7, 1.612e-6, -1.092e-6, -2.704e-6, 1.900e-7, 1.975e-7, 1.826e-7, 0.000e+0, -1.006e-4, -1.006e-4, 1.007e-4, 1.007e-4, 1.007e-4
0.808, 1.661e-6, -1.059e-6, -2.720e-6, 1.723e-7, 1.765e-7, 1.682e-7, 1.563e-6, -8.971e-7, -2.460e-6, 2.120e-7, 2.190e-7, 2.050e-7, 1.521e-6, -1.078e-6, -2.599e-6, 1.766e-7, 1.819e-7, 1.713e-7, 0.000e+0, -1.006e-4, -1.006e-4, 1.007e-4, 1.007e-4, 1.007e-4
0.804, 1.557e-6, -1.050e-6, -2.607e-6, 1.554e-7, 1.622e-7, 1.485e-7, 1.471e-6, -8.873e-7, -2.358e-6, 1.929e-7, 2.000e-7, 1.859e-7, 1.428e-6, -1.070e-6, -2.498e-6, 1.652e-7, 1.684e-7, 1.620e-7, 0.000e+0, -1.006e-4, -1.006e-4, 1.007e-4, 1.007e-4, 1.007e-4
0.800, 1.458e-6, -1.045e-6, -2.503e-6, 1.414e-7, 1.462e-7, 1.366e-7, 1.369e-6, -8.886e-7, -2.257e-6, 1.764e-7, 1.802e-7, 1.725e-7, 1.348e-6, -1.067e-6, -2.414e-6, 1.540e-7, 1.581e-7, 1.500e-7, 0.000e+0, -1.006e-4, -1.006e-4, 1.007e-4, 1.007e-4, 1.007e-4
0.796, 1.361e-6, -1.047e-6, -2.408e-6, 1.289e-7, 1.336e-7, 1.241e-7, 1.286e-6, -8.850e-7, -2.171e-6, 1.650e-7, 1.727e-7, 1.572e-7, 1.273e-6, -1.062e-6, -2.335e-6, 1.409e-7, 1.429e-7, 1.390e-7, 0.000e+0, -1.006e-4, -1.006e-4, 1.007e-4, 1.007e-4, 1.007e-4
0.792, 1.285e-6, -1.047e-6, -2.331e-6, 1.160e-7, 1.200e-7, 1.120e-7, 1.206e-6, -8.857e-7, -2.092e-6, 1.524e-7, 1.585e-7, 1.463e-7, 1.205e-6, -1.060e-6, -2.265e-6, 1.316e-7, 1.340e-7, 1.293e-7, 0.000e+0, -1.006e-4, -1.006e-4, 1.007e-4, 1.007e-4, 1.007e-4
0.788, 1.207e-6, -1.052e-6, -2.259e-6, 1.027e-7, 1.050e-7, 1.004e-7, 1.130e-6, -8.923e-7, -2.022e-6, 1.420e-7, 1.432e-7, 1.408e-7, 1.142e-6, -1.060e-6, -2.202e-6, 1.239e-7, 1.267e-7, 1.211e-7, 0.000e+0, -1.006e-4, -1.006e-4, 1.007e-4, 1.007e-4, 1.007e-4
0.784, 1.134e-6, -1.057e-6, -2.191e-6, 9.320e-8, 9.637e-8, 9.003e-8, 1.076e-6, -8.908e-7, -1.967e-6, 1.302e-7, 1.360e-7, 1.245e-7, 1.094e-6, -1.059e-6, -2.153e-6, 1.147e-7, 1.186e-7, 1.107e-7, 0.000e+0, -1.006e-4, -1.006e-4, 1.007e-4, 1.007e-4, 1.007e-4
0.780, 1.072e-6, -1.061e-6, -2.133e-6, 8.291e-8, 8.696e-8, 7.885e-8, 1.017e-6, -8.955e-7, -1.912e-6, 1.216e-7, 1.259e-7, 1.172e-7, 1.045e-6, -1.060e-6, -2.105e-6, 1.067e-7, 1.078e-7, 1.057e-7, 0.000e+0, -1.006e-4, -1.006e-4, 1.007e-4, 1.007e-4, 1.007e-4
0.776, 1.016e-6, -1.065e-6, -2.081e-6, 7.496e-8, 7.474e-8, 7.518e-8, 9.605e-7, -9.010e-7, -1.861e-6, 1.123e-7, 1.178e-7, 1.067e-7, 9.980e-7, -1.064e-6, -2.062e-6, 1.006e-7, 1.042e-7, 9.702e-8, 0.000e+0, -1.006e-4, -1.006e-4, 1.007e-4, 1.007e-4, 1.007e-4
0.772, 9.615e-7, -1.074e-6, -2.035e-6, 6.777e-8, 7.124e-8, 6.429e-8, 9.139e-7, -9.072e-7, -1.821e-6, 1.040e-7, 1.120e-7, 9.595e-8, 9.597e-7, -1.063e-6, -2.022e-6, 9.562e-8, 9.926e-8, 9.198e-8, 0.000e+0, -1.006e-4, -1.006e-4, 1.007e-4, 1.007e-4, 1.007e-4
0.768, 9.193e-7, -1.079e-6, -1.998e-6, 6.009e-8, 6.084e-8, 5.935e-8, 8.702e-7, -9.114e-7, -1.782e-6, 9.886e-8, 1.043e-7, 9.343e-8, 9.181e-7, -1.067e-6, -1.985e-6, 9.008e-8, 9.399e-8, 8.616e-8, 0.000e+0, -1.006e-4, -1.006e-4, 1.007e-4, 1.007e-4, 1.007e-4
0.764, 8.833e-7, -1.082e-6, -1.965e-6, 5.188e-8, 5.507e-8, 4.869e-8, 8.281e-7, -9.179e-7, -1.746e-6, 9.322e-8, 9.644e-8, 9.001e-8, 8.803e-7, -1.074e-6, -1.954e-6, 8.212e-8, 8.402e-8, 8.022e-8, 0.000e+0, -1.006e-4, -1.006e-4, 1.007e-4, 1.007e-4, 1.007e-4
0.760, 8.442e-7, -1.090e-6, -1.934e-6, 4.486e-8, 4.795e-8, 4.177e-8, 7.983e-7, -9.219e-7, -1.720e-6, 8.471e-8, 8.886e-8, 8.055e-8, 8.514e-7, -1.073e-6, -1.924e-6, 7.984e-8, 8.325e-8, 7.644e-8, 0.000e+0, -1.006e-4, -1.006e-4, 1.007e-4, 1.007e-4, 1.007e-4
0.756, 8.077e-7, -1.095e-6, -1.903e-6, 3.883e-8, 4.088e-8, 3.678e-8, 7.636e-7, -9.280e-7, -1.692e-6, 8.151e-8, 8.442e-8, 7.861e-8, 8.218e-7, -1.076e-6, -1.898e-6, 7.455e-8, 7.614e-8, 7.296e-8, 0.000e+0, -1.006e-4, -1.006e-4, 1.007e-4, 1.007e-4, 1.007e-4
0.752, 7.758e-7, -1.103e-6, -1.878e-6, 3.404e-8, 3.441e-8, 3.367e-8, 7.350e-7, -9.353e-7, -1.670e-6, 7.392e-8, 7.773e-8, 7.010e-8, 8.005e-7, -1.078e-6, -1.879e-6, 6.975e-8, 7.151e-8, 6.799e-8, 0.000e+0, -1.006e-4, -1.006e-4, 1.007e-4, 1.007e-4, 1.007e-4
0.748, 7.480e-7, -1.108e-6, -1.856e-6, 3.076e-8, 3.469e-8, 2.683e-8, 7.142e-7, -9.374e-7, -1.652e-6, 6.817e-8, 7.265e-8, 6.370e-8, 7.778e-7, -1.081e-6, -1.858e-6, 6.811e-8, 7.057e-8, 6.565e-8, 0.000e+0, -1.006e-4, -1.006e-4, 1.007e-4, 1.007e-4, 1.007e-4
0.744, 7.284e-7, -1.113e-6, -1.841e-6, 2.545e-8, 2.852e-8, 2.238e-8, 6.859e-7, -9.438e-7, -1.630e-6, 6.504e-8, 6.937e-8, 6.070e-8, 7.533e-7, -1.082e-6, -1.836e-6, 6.511e-8, 6.810e-8, 6.211e-8, 0.000e+0, -1.006e-4, -1.006e-4, 1.007e-4, 1.007e-4, 1.007e-4
0.740, 7.046e-7, -1.117e-6, -1.821e-6, 2.349e-8, 2.480e-8, 2.219e-8, 6.622e-7, -9.517e-7, -1.614e-6, 6.336e-8, 6.645e-8, 6.026e-8, 7.364e-7, -1.083e-6, -1.819e-6, 5.978e-8, 6.301e-8, 5.655e-8, 0.000e+0, -1.006e-4, -1.006e-4, 1.007e-4, 1.007e-4, 1.007e-4
0.736, 6.782e-7, -1.122e-6, -1.800e-6, 2.073e-8, 2.329e-8, 1.818e-8, 6.421e-7, -9.561e-7, -1.598e-6, 5.845e-8, 6.249e-8, 5.441e-8, 7.239e-7, -1.085e-6, -1.809e-6, 5.460e-8, 5.400e-8, 5.521e-8, 0.000e+0, -1.006e-4, -1.006e-4, 1.007e-4, 1.007e-4, 1.007e-4
0.732, 6.590e-7, -1.132e-6, -1.791e-6, 1.583e-8, 1.786e-8, 1.380e-8, 6.263e-7, -9.582e-7, -1.584e-6, 5.619e-8, 6.151e-8, 5.086e-8, 7.093e-7, -1.087e-6, -1.797e-6, 5.344e-8, 5.500e-8, 5.188e-8, 0.000e+0, -1.006e-4, -1.006e-4, 1.007e-4, 1.007e-4, 1.007e-4
0.728, 6.451e-7, -1.134e-6, -1.779e-6, 9.957e-9, 1.026e-8, 9.657e-9, 6.096e-7, -9.673e-7, -1.577e-6, 5.001e-8, 5.297e-8, 4.705e-8, 6.960e-7, -1.085e-6, -1.781e-6, 5.244e-8, 5.634e-8, 4.855e-8, 0.000e+0, -1.006e-4, -1.006e-4, 1.007e-4, 1.007e-4, 1.007e-4
0.724, 6.247e-7, -1.142e-6, -1.766e-6, 1.037e-8, 1.059e-8, 1.015e-8, 5.899e-7, -9.713e-7, -1.561e-6, 5.077e-8, 5.388e-8, 4.765e-8, 6.831e-7, -1.086e-6, -1.769e-6, 5.033e-8, 5.367e-8, 4.698e-8, 0.000e+0, -1.006e-4, -1.006e-4, 1.007e-4, 1.007e-4, 1.007e-4
0.720, 6.068e-7, -1.148e-6, -1.755e-6, 6.660e-9, 7.246e-9, 6.075e-9, 5.830e-7, -9.740e-7, -1.557e-6, 4.783e-8, 5.368e-8, 4.199e-8, 6.718e-7, -1.088e-6, -1.760e-6, 4.809e-8, 5.062e-8, 4.556e-8, 0.000e+0, -1.006e-4, -1.006e-4, 1.007e-4, 1.007e-4, 1.007e-4
0.716, 5.977e-7, -1.151e-6, -1.749e-6, 3.772e-9, 4.707e-9, 2.837e-9, 5.687e-7, -9.800e-7, -1.549e-6, 4.765e-8, 4.955e-8, 4.574e-8, 6.548e-7, -1.091e-6, -1.745e-6, 4.870e-8, 5.055e-8, 4.685e-8, 0.000e+0, -1.006e-4, -1.006e-4, 1.007e-4, 1.007e-4, 1.007e-4
0.712, 5.845e-7, -1.155e-6, -1.740e-6, 4.185e-9, 5.849e-9, 2.522e-9, 5.538e-7, -9.872e-7, -1.541e-6, 4.386e-8, 4.655e-8, 4.117e-8, 6.474e-7, -1.093e-6, -1.740e-6, 4.429e-8, 4.447e-8, 4.411e-8, 0.000e+0, -1.006e-4, -1.006e-4, 1.007e-4, 1.007e-4, 1.007e-4
0.708, 5.721e-7, -1.164e-6, -1.736e-6, 1.750e-10, 2.685e-10, 8.148e-11, 5.447e-7, -9.911e-7, -1.536e-6, 4.377e-8, 4.712e-8, 4.041e-8, 6.366e-7, -1.094e-6, -1.730e-6, 4.372e-8, 4.574e-8, 4.171e-8, 0.000e+0, -1.006e-4, -1.006e-4, 1.007e-4, 1.007e-4, 1.007e-4
0.704, 5.606e-7, -1.166e-6, -1.726e-6, 7.556e-10, 1.902e-9, -3.909e-10, 5.323e-7, -9.956e-7, -1.528e-6, 4.282e-8, 4.551e-8, 4.013e-8, 6.273e-7, -1.097e-6, -1.724e-6, 4.176e-8, 4.207e-8, 4.145e-8, 0.000e+0, -1.006e-4, -1.006e-4, 1.007e-4, 1.007e-4, 1.007e-4
0.700, 5.492e-7, -1.172e-6, -1.721e-6, -1.651e-9, -5.779e-10, -2.723e-9, 5.220e-7, -1.001e-6, -1.523e-6, 3.938e-8, 4.411e-8, 3.464e-8, 6.221e-7, -1.098e-6, -1.720e-6, 3.945e-8, 4.441e-8, 3.449e-8, 0.000e+0, -1.006e-4, -1.006e-4, 1.007e-4, 1.007e-4, 1.007e-4
0.696, 5.352e-7, -1.181e-6, -1.716e-6, -2.241e-9, -3.658e-9, -8.239e-10, 5.092e-7, -1.008e-6, -1.517e-6, 3.892e-8, 4.117e-8, 3.667e-8, 6.134e-7, -1.101e-6, -1.714e-6, 3.728e-8, 4.161e-8, 3.296e-8, 0.000e+0, -1.006e-4, -1.006e-4, 1.007e-4, 1.007e-4, 1.007e-4
0.692, 5.264e-7, -1.185e-6, -1.711e-6, -3.826e-9, -1.611e-9, -6.040e-9, 5.037e-7, -1.011e-6, -1.514e-6, 3.701e-8, 3.919e-8, 3.483e-8, 6.022e-7, -1.104e-6, -1.707e-6, 3.640e-8, 3.826e-8, 3.454e-8, 0.000e+0, -1.006e-4, -1.006e-4, 1.007e-4, 1.007e-4, 1.007e-4
0.688, 5.162e-7, -1.191e-6, -1.707e-6, -8.756e-9, -8.628e-9, -8.884e-9, 4.938e-7, -1.016e-6, -1.510e-6, 3.683e-8, 4.005e-8, 3.362e-8, 5.933e-7, -1.106e-6, -1.699e-6, 3.523e-8, 3.660e-8, 3.385e-8, 0.000e+0, -1.006e-4, -1.006e-4, 1.007e-4, 1.007e-4, 1.007e-4
0.684, 5.076e-7, -1.193e-6, -1.701e-6, -9.499e-9, -9.258e-9, -9.740e-9, 4.888e-7, -1.021e-6, -1.510e-6, 3.440e-8, 3.784e-8, 3.096e-8, 5.870e-7, -1.108e-6, -1.695e-6, 3.616e-8, 3.766e-8, 3.466e-8, 0.000e+0, -1.006e-4, -1.006e-4, 1.007e-4, 1.007e-4, 1.007e-4
0.680, 4.984e-7, -1.199e-6, -1.697e-6, -8.879e-9, -9.091e-9, -8.667e-9, 4.700e-7, -1.030e-6, -1.500e-6, 3.259e-8, 3.471e-8, 3.046e-8, 5.848e-7, -1.109e-6, -1.694e-6, 3.404e-8, 3.797e-8, 3.011e-8, 0.000e+0, -1.006e-4, -1.006e-4, 1.007e-4, 1.007e-4, 1.007e-4
0.676, 4.889e-7, -1.204e-6, -1.693e-6, -1.264e-8, -1.410e-8, -1.119e-8, 4.661e-7, -1.034e-6, -1.500e-6, 3.253e-8, 3.737e-8, 2.770e-8, 5.783e-7, -1.106e-6, -1.684e-6, 3.574e-8, 3.945e-8, 3.202e-8, 0.000e+0, -1.006e-4, -1.006e-4, 1.007e-4, 1.007e-4, 1.007e-4
0.672, 4.878e-7, -1.204e-6, -1.692e-6, -1.092e-8, -9.002e-9, -1.284e-8, 4.634e-7, -1.031e-6, -1.495e-6, 3.269e-8, 3.446e-8, 3.091e-8, 5.674e-7, -1.112e-6, -1.679e-6, 2.981e-8, 3.138e-8, 2.823e-8, 0.000e+0, -1.006e-4, -1.006e-4, 1.007e-4, 1.007e-4, 1.007e-4
0.668, 4.762e-7, -1.210e-6, -1.686e-6, -1.162e-8, -1.295e-8, -1.030e-8, 4.547e-7, -1.039e-6, -1.494e-6, 3.093e-8, 3.377e-8, 2.810e-8, 5.682e-7, -1.111e-6, -1.679e-6, 3.119e-8, 3.468e-8, 2.769e-8, 0.000e+0, -1.006e-4, -1.006e-4, 1.007e-4, 1.007e-4, 1.007e-4
0.664, 4.706e-7, -1.211e-6, -1.682e-6, -1.431e-8, -1.440e-8, -1.422e-8, 4.480e-7, -1.042e-6, -1.490e-6, 3.075e-8, 3.429e-8, 2.721e-8, 5.651e-7, -1.110e-6, -1.675e-6, 3.079e-8, 3.618e-8, 2.541e-8, 0.000e+0, -1.006e-4, -1.006e-4, 1.007e-4, 1.007e-4, 1.007e-4
0.660, 4.622e-7, -1.216e-6, -1.678e-6, -1.494e-8, -1.671e-8, -1.317e-8, 4.452e-7, -1.045e-6, -1.490e-6, 2.913e-8, 3.263e-8, 2.563e-8, 5.607e-7, -1.111e-6, -1.671e-6, 3.022e-8, 3.351e-8, 2.694e-8, 0.000e+0, -1.006e-4, -1.006e-4, 1.007e-4, 1.007e-4, 1.007e-4
0.656, 4.675e-7, -1.212e-6, -1.679e-6, -1.361e-8, -1.384e-8, -1.338e-8, 4.412e-7, -1.043e-6, -1.485e-6, 2.953e-8, 3.173e-8, 2.733e-8, 5.493e-7, -1.116e-6, -1.665e-6, 2.733e-8, 3.005e-8, 2.461e-8, 0.000e+0, -1.006e-4, -1.006e-4, 1.007e-4, 1.007e-4, 1.007e-4
0.652, 4.576e-7, -1.215e-6, -1.673e-6, -1.707e-8, -1.793e-8, -1.622e-8, 4.318e-7, -1.050e-6, -1.482e-6, 2.713e-8, 2.986e-8, 2.439e-8, 5.494e-7, -1.115e-6, -1.664e-6, 2.908e-8, 3.013e-8, 2.803e-8, 0.000e+0, -1.006e-4, -1.006e-4, 1.007e-4, 1.007e-4, 1.007e-4
0.648, 4.561e-7, -1.215e-6, -1.671e-6, -1.572e-8, -1.384e-8, -1.759e-8, 4.349e-7, -1.045e-6, -1.480e-6, 2.971e-8, 3.342e-8, 2.600e-8, 5.464e-7, -1.114e-6, -1.660e-6, 2.812e-8, 2.832e-8, 2.791e-8, 0.000e+0, -1.006e-4, -1.006e-4, 1.007e-4, 1.007e-4, 1.007e-4
0.644, 4.505e-7, -1.217e-6, -1.668e-6, -1.750e-8, -1.612e-8, -1.887e-8, 4.301e-7, -1.048e-6, -1.478e-6, 2.762e-8, 2.909e-8, 2.614e-8, 5.423e-7, -1.114e-6, -1.656e-6, 2.538e-8, 2.564e-8, 2.512e-8, 0.000e+0, -1.006e-4, -1.006e-4, 1.007e-4, 1.007e-4, 1.007e-4
0.640, 4.495e-7, -1.217e-6, -1.666e-6, -1.892e-8, -2.007e-8, -1.776e-8, 4.241e-7, -1.054e-6, -1.478e-6, 2.715e-8, 2.864e-8, 2.567e-8, 5.402e-7, -1.114e-6, -1.654e-6, 2.782e-8, 3.338e-8, 2.226e-8, 0.000e+0, -1.006e-4, -1.006e-4, 1.007e-4, 1.007e-4, 1.007e-4
0.636, 4.443e-7, -1.218e-6, -1.663e-6, -1.848e-8, -1.828e-8, -1.868e-8, 4.231e-7, -1.052e-6, -1.475e-6, 2.696e-8, 2.872e-8, 2.520e-8, 5.388e-7, -1.110e-6, -1.648e-6, 2.533e-8, 2.886e-8, 2.180e-8, 0.000e+0, -1.006e-4, -1.006e-4, 1.007e-4, 1.007e-4, 1.007e-4
0.632, 4.428e-7, -1.215e-6, -1.658e-6, -1.817e-8, -1.580e-8, -2.054e-8, 4.195e-7, -1.052e-6, -1.472e-6, 2.347e-8, 2.775e-8, 1.920e-8, 5.385e-7, -1.112e-6, -1.650e-6, 2.385e-8, 2.703e-8, 2.067e-8, 0.000e+0, -1.006e-4, -1.006e-4, 1.007e-4, 1.007e-4, 1.007e-4
0.628, 4.432e-7, -1.218e-6, -1.661e-6, -1.960e-8, -1.858e-8, -2.061e-8, 4.160e-7, -1.050e-6, -1.466e-6, 2.442e-8, 2.649e-8, 2.236e-8, 5.359e-7, -1.109e-6, -1.645e-6, 2.509e-8, 2.793e-8, 2.224e-8, 0.000e+0, -1.006e-4, -1.006e-4, 1.007e-4, 1.007e-4, 1.007e-4
0.624, 4.361e-7, -1.216e-6, -1.653e-6, -1.675e-8, -1.591e-8, -1.759e-8, 4.200e-7, -1.049e-6, -1.469e-6, 2.422e-8, 2.743e-8, 2.101e-8, 5.380e-7, -1.105e-6, -1.643e-6, 2.222e-8, 2.399e-8, 2.044e-8, 0.000e+0, -1.006e-4, -1.006e-4, 1.007e-4, 1.007e-4, 1.007e-4
0.620, 4.383e-7, -1.216e-6, -1.655e-6, -1.961e-8, -1.853e-8, -2.069e-8, 4.172e-7, -1.046e-6, -1.463e-6, 2.576e-8, 2.752e-8, 2.400e-8, 5.330e-7, -1.104e-6, -1.637e-6, 2.461e-8, 2.542e-8, 2.381e-8, 0.000e+0, -1.006e-4, -1.006e-4, 1.007e-4, 1.007e-4, 1.007e-4
0.616, 4.329e-7, -1.215e-6, -1.648e-6, -2.032e-8, -2.216e-8, -1.849e-8, 4.157e-7, -1.046e-6, -1.462e-6, 2.399e-8, 2.784e-8, 2.014e-8, 5.358e-7, -1.099e-6, -1.635e-6, 2.558e-8, 2.846e-8, 2.269e-8, 0.000e+0, -1.006e-4, -1.006e-4, 1.007e-4, 1.007e-4, 1.007e-4
0.612, 4.371e-7, -1.210e-6, -1.647e-6, -1.967e-8, -1.967e-8, -1.967e-8, 4.130e-7, -1.047e-6, -1.460e-6, 2.461e-8, 2.701e-8, 2.221e-8, 5.321e-7, -1.100e-6, -1.632e-6, 2.403e-8, 2.582e-8, 2.223e-8, 0.000e+0, -1.006e-4, -1.006e-4, 1.007e-4, 1.007e-4, 1.007e-4
0.608, 4.325e-7, -1.211e-6, -1.644e-6, -2.053e-8, -2.059e-8, -2.047e-8, 4.113e-7, -1.049e-6, -1.461e-6, 2.125e-8, 2.407e-8, 1.843e-8, 5.352e-7, -1.097e-6, -1.632e-6, 2.209e-8, 2.345e-8, 2.074e-8, 0.000e+0, -1.006e-4, -1.006e-4, 1.007e-4, 1.007e-4, 1.007e-4
0.604, 4.361e-7, -1.207e-6, -1.643e-6, -2.412e-8, -2.375e-8, -2.448e-8, 4.179e-7, -1.042e-6, -1.460e-6, 2.218e-8, 2.773e-8, 1.664e-8, 5.384e-7, -1.093e-6, -1.631e-6, 2.327e-8, 2.551e-8, 2.104e-8, 0.000e+0, -1.006e-4, -1.006e-4, 1.007e-4, 1.007e-4, 1.007e-4
0.600, 4.364e-7, -1.204e-6, -1.641e-6, -2.156e-8, -2.353e-8, -1.960e-8, 4.180e-7, -1.038e-6, -1.456e-6, 2.325e-8, 2.839e-8, 1.811e-8, 5.407e-7, -1.089e-6, -1.630e-6, 2.176e-8, 2.533e-8, 1.819e-8, 0.000e+0, -1.006e-4, -1.006e-4, 1.007e-4, 1.007e-4, 1.007e-4
0.596, 4.411e-7, -1.201e-6, -1.642e-6, -2.334e-8, -2.461e-8, -2.206e-8, 4.125e-7, -1.038e-6, -1.451e-6, 2.501e-8, 2.526e-8, 2.476e-8, 5.387e-7, -1.084e-6, -1.622e-6, 2.223e-8, 2.563e-8, 1.883e-8, 0.000e+0, -1.006e-4, -1.006e-4, 1.007e-4, 1.007e-4, 1.007e-4
0.592, 4.409e-7, -1.196e-6, -1.637e-6, -2.455e-8, -2.503e-8, -2.407e-8, 4.206e-7, -1.034e-6, -1.455e-6, 2.094e-8, 2.535e-8, 1.653e-8, 5.433e-7, -1.082e-6, -1.625e-6, 2.129e-8, 2.467e-8, 1.791e-8, 0.000e+0, -1.006e-4, -1.006e-4, 1.007e-4, 1.007e-4, 1.007e-4
0.588, 4.425e-7, -1.195e-6, -1.637e-6, -2.293e-8, -2.450e-8, -2.135e-8, 4.221e-7, -1.033e-6, -1.455e-6, 2.148e-8, 2.367e-8, 1.928e-8, 5.450e-7, -1.077e-6, -1.621e-6, 2.120e-8, 2.306e-8, 1.934e-8, 0.000e+0, -1.006e-4, -1.006e-4, 1.007e-4, 1.007e-4, 1.007e-4
0.584, 4.452e-7, -1.189e-6, -1.634e-6, -2.479e-8, -2.277e-8, -2.681e-8, 4.283e-7, -1.025e-6, -1.453e-6, 1.955e-8, 2.278e-8, 1.632e-8, 5.512e-7, -1.070e-6, -1.621e-6, 2.015e-8, 2.386e-8, 1.645e-8, 0.000e+0, -1.006e-4, -1.006e-4, 1.007e-4, 1.007e-4, 1.007e-4
0.580, 4.460e-7, -1.186e-6, -1.632e-6, -2.349e-8, -2.214e-8, -2.485e-8, 4.270e-7, -1.021e-6, -1.448e-6, 2.095e-8, 2.518e-8, 1.672e-8, 5.575e-7, -1.061e-6, -1.619e-6, 1.966e-8, 2.347e-8, 1.585e-8, 0.000e+0, -1.006e-4, -1.006e-4, 1.007e-4, 1.007e-4, 1.007e-4
0.576, 4.515e-7, -1.179e-6, -1.631e-6, -2.402e-8, -2.379e-8, -2.425e-8, 4.320e-7, -1.017e-6, -1.449e-6, 1.998e-8, 2.171e-8, 1.825e-8, 5.611e-7, -1.057e-6, -1.618e-6, 2.071e-8, 2.401e-8, 1.740e-8, 0.000e+0, -1.006e-4, -1.006e-4, 1.007e-4, 1.007e-4, 1.007e-4
0.572, 4.559e-7, -1.173e-6, -1.629e-6, -2.318e-8, -2.187e-8, -2.449e-8, 4.342e-7, -1.011e-6, -1.445e-6, 2.187e-8, 2.225e-8, 2.150e-8, 5.638e-7, -1.052e-6, -1.616e-6, 1.918e-8, 2.049e-8, 1.787e-8, 0.000e+0, -1.006e-4, -1.006e-4, 1.007e-4, 1.007e-4, 1.007e-4
0.568, 4.617e-7, -1.167e-6, -1.629e-6, -2.321e-8, -2.320e-8, -2.322e-8, 4.459e-7, -1.004e-6, -1.450e-6, 2.026e-8, 2.366e-8, 1.686e-8, 5.714e-7, -1.044e-6, -1.615e-6, 1.887e-8, 2.144e-8, 1.629e-8, 0.000e+0, -1.006e-4, -1.006e-4, 1.007e-4, 1.007e-4, 1.007e-4
0.564, 4.692e-7, -1.160e-6, -1.629e-6, -2.284e-8, -2.321e-8, -2.247e-8, 4.465e-7, -9.996e-7, -1.446e-6, 2.134e-8, 2.612e-8, 1.657e-8, 5.795e-7, -1.035e-6, -1.614e-6, 1.764e-8, 2.176e-8, 1.351e-8, 0.000e+0, -1.006e-4, -1.006e-4, 1.007e-4, 1.007e-4, 1.007e-4
0.560, 4.808e-7, -1.147e-6, -1.628e-6, -2.416e-8, -2.280e-8, -2.553e-8, 4.521e-7, -9.932e-7, -1.445e-6, 1.886e-8, 2.200e-8, 1.573e-8, 5.809e-7, -1.034e-6, -1.615e-6, 1.829e-8, 1.972e-8, 1.686e-8, 0.000e+0, -1.006e-4, -1.006e-4, 1.007e-4, 1.007e-4, 1.007e-4
0.556, 4.845e-7, -1.144e-6, -1.629e-6, -2.605e-8, -2.523e-8, -2.687e-8, 4.570e-7, -9.876e-7, -1.445e-6, 2.089e-8, 2.353e-8, 1.825e-8, 5.879e-7, -1.021e-6, -1.609e-6, 1.805e-8, 1.899e-8, 1.710e-8, 0.000e+0, -1.006e-4, -1.006e-4, 1.007e-4, 1.007e-4, 1.007e-4
0.552, 4.905e-7, -1.135e-6, -1.626e-6, -2.505e-8, -2.582e-8, -2.429e-8, 4.636e-7, -9.779e-7, -1.442e-6, 2.126e-8, 2.354e-8, 1.899e-8, 5.953e-7, -1.011e-6, -1.607e-6, 1.910e-8, 2.042e-8, 1.778e-8, 0.000e+0, -1.006e-4, -1.006e-4, 1.007e-4, 1.007e-4, 1.007e-4
0.548, 4.943e-7, -1.131e-6, -1.625e-6, -2.721e-8, -2.697e-8, -2.745e-8, 4.711e-7, -9.693e-7, -1.440e-6, 2.011e-8, 2.253e-8, 1.770e-8, 6.011e-7, -1.003e-6, -1.604e-6, 1.932e-8, 2.190e-8, 1.674e-8, 0.000e+0, -1.006e-4, -1.006e-4, 1.007e-4, 1.007e-4, 1.007e-4
0.544, 5.091e-7, -1.115e-6, -1.624e-6, -2.468e-8, -2.248e-8, -2.687e-8, 4.769e-7, -9.638e-7, -1.441e-6, 1.741e-8, 2.051e-8, 1.430e-8, 6.098e-7, -9.931e-7, -1.603e-6, 1.804e-8, 1.916e-8, 1.693e-8, 0.000e+0, -1.006e-4, -1.006e-4, 1.007e-4, 1.007e-4, 1.007e-4
0.540, 5.102e-7, -1.109e-6, -1.619e-6, -2.582e-8, -2.423e-8, -2.741e-8, 4.900e-7, -9.519e-7, -1.442e-6, 1.665e-8, 1.996e-8, 1.335e-8, 6.199e-7, -9.851e-7, -1.605e-6, 1.645e-8, 1.782e-8, 1.509e-8, 0.000e+0, -1.006e-4, -1.006e-4, 1.007e-4, 1.007e-4, 1.007e-4
0.536, 5.179e-7, -1.100e-6, -1.618e-6, -2.684e-8, -2.783e-8, -2.585e-8, 4.908e-7, -9.477e-7, -1.439e-6, 1.779e-8, 2.176e-8, 1.382e-8, 6.362e-7, -9.682e-7, -1.604e-6, 1.901e-8, 2.406e-8, 1.395e-8, 0.000e+0, -1.006e-4, -1.006e-4, 1.007e-4, 1.007e-4, 1.007e-4
0.532, 5.334e-7, -1.087e-6, -1.621e-6, -2.730e-8, -2.596e-8, -2.865e-8, 5.018e-7, -9.361e-7, -1.438e-6, 1.917e-8, 2.172e-8, 1.662e-8, 6.366e-7, -9.618e-7, -1.598e-6, 1.659e-8, 1.768e-8, 1.550e-8, 0.000e+0, -1.006e-4, -1.006e-4, 1.007e-4, 1.007e-4, 1.007e-4
0.528, 5.383e-7, -1.080e-6, -1.618e-6, -2.583e-8, -2.644e-8, -2.522e-8, 5.133e-7, -9.234e-7, -1.437e-6, 1.937e-8, 2.415e-8, 1.459e-8, 6.564e-7, -9.460e-7, -1.602e-6, 1.716e-8, 2.018e-8, 1.414e-8, 0.000e+0, -1.006e-4, -1.006e-4, 1.007e-4, 1.007e-4, 1.007e-4
0.524, 5.514e-7, -1.067e-6, -1.618e-6, -2.683e-8, -2.583e-8, -2.783e-8, 5.227e-7, -9.142e-7, -1.437e-6, 1.798e-8, 2.434e-8, 1.163e-8, 6.668e-7, -9.323e-7, -1.599e-6, 1.530e-8, 1.682e-8, 1.378e-8, 0.000e+0, -1.006e-4, -1.006e-4, 1.007e-4, 1.007e-4, 1.007e-4
0.520, 5.647e-7, -1.051e-6, -1.616e-6, -2.747e-8, -2.913e-8, -2.582e-8, 5.244e-7, -9.076e-7, -1.432e-6, 1.727e-8, 2.095e-8, 1.359e-8, 6.772e-7, -9.207e-7, -1.598e-6, 1.543e-8, 1.927e-8, 1.159e-8, 0.000e+0, -1.006e-4, -1.006e-4, 1.007e-4, 1.007e-4, 1.007e-4
0.516, 5.725e-7, -1.041e-6, -1.614e-6, -2.794e-8, -2.802e-8, -2.786e-8, 5.419e-7, -8.903e-7, -1.432e-6, 1.817e-8, 2.211e-8, 1.424e-8, 6.903e-7, -9.019e-7, -1.592e-6, 1.721e-8, 2.092e-8, 1.350e-8, 0.000e+0, -1.006e-4, -1.006e-4, 1.007e-4, 1.007e-4, 1.007e-4
0.512, 5.845e-7, -1.025e-6, -1.610e-6, -2.646e-8, -2.594e-8, -2.698e-8, 5.502e-7, -8.788e-7, -1.429e-6, 1.745e-8, 1.952e-8, 1.537e-8, 7.020e-7, -8.903e-7, -1.592e-6, 1.849e-8, 2.319e-8, 1.380e-8, 0.000e+0, -1.006e-4, -1.006e-4, 1.007e-4, 1.007e-4, 1.007e-4
0.508, 5.988e-7, -1.008e-6, -1.607e-6, -2.953e-8, -2.863e-8, -3.043e-8, 5.646e-7, -8.634e-7, -1.428e-6, 1.697e-8, 1.934e-8, 1.461e-8, 7.147e-7, -8.760e-7, -1.591e-6, 1.509e-8, 1.788e-8, 1.230e-8, 0.000e+0, -1.006e-4, -1.006e-4, 1.007e-4, 1.007e-4, 1.007e-4
0.504, 6.152e-7, -9.947e-7, -1.610e-6, -3.150e-8, -3.180e-8, -3.120e-8, 5.808e-7, -8.509e-7, -1.432e-6, 1.696e-8, 2.178e-8, 1.215e-8, 7.313e-7, -8.558e-7, -1.587e-6, 1.940e-8, 2.087e-8, 1.792e-8, 0.000e+0, -1.006e-4, -1.006e-4, 1.007e-4, 1.007e-4, 1.007e-4
0.500, 6.271e-7, -9.785e-7, -1.606e-6, -2.929e-8, -2.907e-8, -2.952e-8, 5.926e-7, -8.342e-7, -1.427e-6, 1.687e-8, 1.981e-8, 1.393e-8, 7.424e-7, -8.407e-7, -1.583e-6, 1.774e-8, 1.858e-8, 1.691e-8, 0.000e+0, -1.006e-4, -1.006e-4, 1.007e-4, 1.007e-4, 1.007e-4
0.496, 6.443e-7, -9.601e-7, -1.604e-6, -3.104e-8, -3.044e-8, -3.164e-8, 6.029e-7, -8.217e-7, -1.425e-6, 1.611e-8, 1.888e-8, 1.334e-8, 7.604e-7, -8.230e-7, -1.583e-6, 1.733e-8, 2.206e-8, 1.259e-8, 0.000e+0, -1.006e-4, -1.006e-4, 1.007e-4, 1.007e-4, 1.007e-4
0.492, 6.614e-7, -9.392e-7, -1.601e-6, -2.722e-8, -2.614e-8, -2.830e-8, 6.209e-7, -8.006e-7, -1.422e-6, 1.741e-8, 2.074e-8, 1.408e-8, 7.739e-7, -8.045e-7, -1.578e-6, 1.477e-8, 1.611e-8, 1.342e-8, 0.000e+0, -1.006e-4, -1.006e-4, 1.007e-4, 1.007e-4, 1.007e-4
0.488, 6.736e-7, -9.210e-7, -1.595e-6, -2.585e-8, -2.530e-8, -2.640e-8, 6.317e-7, -7.840e-7, -1.416e-6, 1.551e-8, 1.925e-8, 1.176e-8, 7.930e-7, -7.850e-7, -1.578e-6, 1.412e-8, 1.730e-8, 1.093e-8, 0.000e+0, -1.006e-4, -1.006e-4, 1.007e-4, 1.007e-4, 1.007e-4
0.484, 6.913e-7, -9.017e-7, -1.593e-6, -2.857e-8, -2.814e-8, -2.899e-8, 6.436e-7, -7.696e-7, -1.413e-6, 1.720e-8, 2.076e-8, 1.364e-8, 8.019e-7, -7.661e-7, -1.568e-6, 1.773e-8, 1.935e-8, 1.611e-8, 0.000e+0, -1.006e-4, -1.006e-4, 1.007e-4, 1.007e-4, 1.007e-4
0.480, 7.095e-7, -8.818e-7, -1.591e-6, -2.826e-8, -2.661e-8, -2.991e-8, 6.608e-7, -7.499e-7, -1.411e-6, 1.649e-8, 2.057e-8, 1.241e-8, 8.214e-7, -7.455e-7, -1.567e-6, 1.646e-8, 2.070e-8, 1.222e-8, 0.000e+0, -1.006e-4, -1.006e-4, 1.007e-4, 1.007e-4, 1.007e-4
0.476, 7.221e-7, -8.613e-7, -1.583e-6, -2.801e-8, -3.025e-8, -2.577e-8, 6.722e-7, -7.315e-7, -1.404e-6, 1.816e-8, 2.071e-8, 1.562e-8, 8.399e-7, -7.238e-7, -1.564e-6, 1.235e-8, 1.626e-8, 8.444e-9, 0.000e+0, -1.006e-4, -1.006e-4, 1.007e-4, 1.007e-4, 1.007e-4
0.472, 7.420e-7, -8.384e-7, -1.580e-6, -2.858e-8, -2.604e-8, -3.113e-8, 6.896e-7, -7.124e-7, -1.402e-6, 1.600e-8, 1.745e-8, 1.456e-8, 8.494e-7, -7.052e-7, -1.555e-6, 1.362e-8, 1.521e-8, 1.203e-8, 0.000e+0, -1.006e-4, -1.006e-4, 1.007e-4, 1.007e-4, 1.007e-4
0.468, 7.513e-7, -8.207e-7, -1.572e-6, -2.772e-8, -2.640e-8, -2.904e-8, 7.052e-7, -6.911e-7, -1.396e-6, 1.501e-8, 1.837e-8, 1.165e-8, 8.721e-7, -6.782e-7, -1.550e-6, 1.693e-8, 2.010e-8, 1.377e-8, 0.000e+0, -1.006e-4, -1.006e-4, 1.007e-4, 1.007e-4, 1.007e-4
0.464, 7.742e-7, -7.963e-7, -1.570e-6, -3.070e-8, -3.053e-8, -3.088e-8, 7.172e-7, -6.738e-7, -1.391e-6, 1.576e-8, 2.081e-8, 1.071e-8, 8.811e-7, -6.587e-7, -1.540e-6, 1.359e-8, 1.625e-8, 1.092e-8, 0.000e+0, -1.006e-4, -1.006e-4, 1.007e-4, 1.007e-4, 1.007e-4
0.460, 7.871e-7, -7.734e-7, -1.560e-6, -3.074e-8, -2.938e-8, -3.209e-8, 7.281e-7, -6.592e-7, -1.387e-6, 1.187e-8, 1.391e-8, 9.824e-9, 8.964e-7, -6.383e-7, -1.535e-6, 1.505e-8, 1.769e-8, 1.241e-8, 0.000e+0, -1.006e-4, -1.006e-4, 1.007e-4, 1.007e-4, 1.007e-4
0.456, 7.969e-7, -7.566e-7, -1.553e-6, -2.939e-8, -2.858e-8, -3.021e-8, 7.448e-7, -6.314e-7, -1.376e-6, 1.637e-8, 2.095e-8, 1.178e-8, 9.109e-7, -6.146e-7, -1.526e-6, 1.469e-8, 1.784e-8, 1.154e-8, 0.000e+0, -1.006e-4, -1.006e-4, 1.007e-4, 1.007e-4, 1.007e-4
0.452, 8.090e-7, -7.345e-7, -1.543e-6, -3.203e-8, -3.065e-8, -3.340e-8, 7.536e-7, -6.151e-7, -1.369e-6, 1.650e-8, 2.045e-8, 1.254e-8, 9.267e-7, -5.874e-7, -1.514e-6, 1.395e-8, 1.805e-8, 9.851e-9, 0.000e+0, -1.006e-4, -1.006e-4, 1.007e-4, 1.007e-4, 1.007e-4
0.448, 8.235e-7, -7.096e-7, -1.533e-6, -3.193e-8, -3.061e-8, -3.325e-8, 7.653e-7, -5.938e-7, -1.359e-6, 1.660e-8, 2.052e-8, 1.269e-8, 9.298e-7, -5.721e-7, -1.502e-6, 1.651e-8, 1.825e-8, 1.477e-8, 0.000e+0, -1.006e-4, -1.006e-4, 1.007e-4, 1.007e-4, 1.007e-4
0.444, 8.374e-7, -6.853e-7, -1.523e-6, -3.173e-8, -3.095e-8, -3.251e-8, 7.687e-7, -5.792e-7, -1.348e-6, 1.533e-8, 1.784e-8, 1.282e-8, 9.420e-7, -5.491e-7, -1.491e-6, 1.531e-8, 1.959e-8, 1.102e-8, 0.000e+0, -1.006e-4, -1.006e-4, 1.007e-4, 1.007e-4, 1.007e-4
0.440, 8.409e-7, -6.636e-7, -1.505e-6, -3.025e-8, -3.032e-8, -3.018e-8, 7.739e-7, -5.586e-7, -1.332e-6, 1.294e-8, 1.702e-8, 8.860e-9, 9.543e-7, -5.248e-7, -1.479e-6, 1.358e-8, 1.617e-8, 1.098e-8, 0.000e+0, -1.006e-4, -1.006e-4, 1.007e-4, 1.007e-4, 1.007e-4
0.436, 8.480e-7, -6.424e-7, -1.490e-6, -3.147e-8, -3.006e-8, -3.288e-8, 7.851e-7, -5.409e-7, -1.326e-6, 1.363e-8, 1.630e-8, 1.096e-8, 9.596e-7, -5.051e-7, -1.465e-6, 1.285e-8, 1.350e-8, 1.219e-8, 0.000e+0, -1.006e-4, -1.006e-4, 1.007e-4, 1.007e-4, 1.007e-4
0.432, 8.555e-7, -6.197e-7, -1.475e-6, -2.866e-8, -2.789e-8, -2.943e-8, 7.908e-7, -5.156e-7, -1.306e-6, 1.518e-8, 1.936e-8, 1.101e-8, 9.667e-7, -4.791e-7, -1.446e-6, 1.314e-8, 1.667e-8, 9.605e-9, 0.000e+0, -1.006e-4, -1.006e-4, 1.007e-4, 1.007e-4, 1.007e-4
0.428, 8.623e-7, -5.977e-7, -1.460e-6, -3.220e-8, -2.993e-8, -3.447e-8, 7.964e-7, -4.954e-7, -1.292e-6, 1.570e-8, 1.848e-8, 1.292e-8, 9.724e-7, -4.566e-7, -1.429e-6, 1.357e-8, 1.705e-8, 1.009e-8, 0.000e+0, -1.006e-4, -1.006e-4, 1.007e-4, 1.007e-4, 1.007e-4
0.424, 8.596e-7, -5.782e-7, -1.438e-6, -3.189e-8, -2.852e-8, -3.527e-8, 7.992e-7, -4.786e-7, -1.278e-6, 1.334e-8, 1.678e-8, 9.903e-9, 9.750e-7, -4.357e-7, -1.411e-6, 1.354e-8, 1.707e-8, 9.999e-9, 0.000e+0, -1.006e-4, -1.006e-4, 1.007e-4, 1.007e-4, 1.007e-4
0.420, 8.657e-7, -5.562e-7, -1.422e-6, -3.007e-8, -2.817e-8, -3.196e-8, 8.026e-7, -4.569e-7, -1.259e-6, 1.500e-8, 1.732e-8, 1.268e-8, 9.709e-7, -4.164e-7, -1.387e-6, 1.190e-8, 1.287e-8, 1.093e-8, 0.000e+0, -1.006e-4, -1.006e-4, 1.007e-4, 1.007e-4, 1.007e-4
0.416, 8.696e-7, -5.338e-7, -1.403e-6, -3.116e-8, -2.970e-8, -3.263e-8, 7.970e-7, -4.387e-7, -1.236e-6, 1.490e-8, 1.619e-8, 1.361e-8, 9.741e-7, -3.931e-7, -1.367e-6, 9.630e-9, 1.290e-8, 6.357e-9, 0.000e+0, -1.006e-4, -1.006e-4, 1.007e-4, 1.007e-4, 1.007e-4
0.412, 8.615e-7, -5.149e-7, -1.376e-6, -3.220e-8, -3.107e-8, -3.333e-8, 7.948e-7, -4.213e-7, -1.216e-6, 1.515e-8, 1.959e-8, 1.071e-8, 9.729e-7, -3.737e-7, -1.347e-6, 1.219e-8, 1.408e-8, 1.029e-8, 0.000e+0, -1.006e-4, -1.006e-4, 1.007e-4, 1.007e-4, 1.007e-4
0.408, 8.582e-7, -4.935e-7, -1.352e-6, -3.344e-8, -3.127e-8, -3.561e-8, 7.955e-7, -4.020e-7, -1.198e-6, 1.453e-8, 1.904e-8, 1.002e-8, 9.734e-7, -3.491e-7, -1.323e-6, 1.393e-8, 1.779e-8, 1.007e-8, 0.000e+0, -1.006e-4, -1.006e-4, 1.007e-4, 1.007e-4, 1.007e-4
0.404, 8.520e-7, -4.734e-7, -1.325e-6, -3.115e-8, -3.074e-8, -3.156e-8, 7.890e-7, -3.840e-7, -1.173e-6, 1.604e-8, 1.900e-8, 1.308e-8, 9.654e-7, -3.323e-7, -1.298e-6, 1.363e-8, 1.620e-8, 1.105e-8, 0.000e+0, -1.006e-4, -1.006e-4, 1.007e-4, 1.007e-4, 1.007e-4
0.400, 8.448e-7, -4.547e-7, -1.299e-6, -3.038e-8, -3.002e-8, -3.073e-8, 7.829e-7, -3.661e-7, -1.149e-6, 1.606e-8, 1.963e-8, 1.250e-8, 9.588e-7, -3.096e-7, -1.268e-6, 1.330e-8, 1.754e-8, 9.054e-9, 0.000e+0, -1.006e-4, -1.006e-4, 1.007e-4, 1.007e-4, 1.007e-4
0.396, 8.393e-7, -4.377e-7, -1.277e-6, -3.526e-8, -3.381e-8, -3.671e-8, 7.758e-7, -3.527e-7, -1.128e-6, 1.470e-8, 1.612e-8, 1.328e-8, 9.528e-7, -2.877e-7, -1.241e-6, 1.476e-8, 1.635e-8, 1.318e-8, 0.000e+0, -1.006e-4, -1.006e-4, 1.007e-4, 1.007e-4, 1.007e-4
0.392, 8.352e-7, -4.117e-7, -1.247e-6, -3.271e-8, -2.960e-8, -3.582e-8, 7.698e-7, -3.296e-7, -1.099e-6, 1.483e-8, 1.789e-8, 1.177e-8, 9.464e-7, -2.702e-7, -1.217e-6, 1.241e-8, 1.549e-8, 9.329e-9, 0.000e+0, -1.006e-4, -1.006e-4, 1.007e-4, 1.007e-4, 1.007e-4
0.388, 8.192e-7, -3.967e-7, -1.216e-6, -3.196e-8, -3.025e-8, -3.366e-8, 7.615e-7, -3.164e-7, -1.078e-6, 1.222e-8, 1.658e-8, 7.856e-9, 9.379e-7, -2.489e-7, -1.187e-6, 9.807e-9, 1.204e-8, 7.578e-9, 0.000e+0, -1.006e-4, -1.006e-4, 1.007e-4, 1.007e-4, 1.007e-4
0.384, 8.121e-7, -3.745e-7, -1.187e-6, -3.299e-8, -3.146e-8, -3.452e-8, 7.490e-7, -2.977e-7, -1.047e-6, 1.378e-8, 1.535e-8, 1.221e-8, 9.224e-7, -2.339e-7, -1.156e-6, 1.345e-8, 1.478e-8, 1.211e-8, 0.000e+0, -1.006e-4, -1.006e-4, 1.007e-4, 1.007e-4, 1.007e-4
0.380, 7.963e-7, -3.607e-7, -1.157e-6, -3.453e-8, -3.152e-8, -3.753e-8, 7.436e-7, -2.810e-7, -1.025e-6, 1.644e-8, 2.031e-8, 1.258e-8, 9.170e-7, -2.114e-7, -1.128e-6, 1.150e-8, 1.249e-8, 1.052e-8, 0.000e+0, -1.006e-4, -1.006e-4, 1.007e-4, 1.007e-4, 1.007e-4
0.376, 7.828e-7, -3.442e-7, -1.127e-6, -3.236e-8, -3.104e-8, -3.368e-8, 7.359e-7, -2.623e-7, -9.981e-7, 1.297e-8, 1.680e-8, 9.145e-9, 9.061e-7, -1.923e-7, -1.098e-6, 1.327e-8, 1.562e-8, 1.092e-8, 0.000e+0, -1.006e-4, -1.006e-4, 1.007e-4, 1.007e-4, 1.007e-4
0.372, 7.710e-7, -3.258e-7, -1.097e-6, -3.268e-8, -3.239e-8, -3.297e-8, 7.225e-7, -2.485e-7, -9.710e-7, 1.393e-8, 1.839e-8, 9.470e-9, 8.981e-7, -1.719e-7, -1.070e-6, 1.233e-8, 1.560e-8, 9.054e-9, 0.000e+0, -1.006e-4, -1.006e-4, 1.007e-4, 1.007e-4, 1.007e-4
0.368, 7.614e-7, -3.057e-7, -1.067e-6, -3.202e-8, -3.180e-8, -3.224e-8, 7.117e-7, -2.333e-7, -9.449e-7, 1.300e-8, 1.440e-8, 1.161e-8, 8.806e-7, -1.587e-7, -1.039e-6, 1.049e-8, 1.079e-8, 1.020e-8, 0.000e+0, -1.006e-4, -1.006e-4, 1.007e-4, 1.007e-4, 1.007e-4
0.364, 7.483e-7, -2.901e-7, -1.038e-6, -3.341e-8, -3.150e-8, -3.532e-8, 6.931e-7, -2.187e-7, -9.119e-7, 1.568e-8, 1.872e-8, 1.264e-8, 8.731e-7, -1.361e-7, -1.009e-6, 1.258e-8, 1.502e-8, 1.015e-8, 0.000e+0, -1.006e-4, -1.006e-4, 1.007e-4, 1.007e-4, 1.007e-4
0.360, 7.344e-7, -2.718e-7, -1.006e-6, -3.464e-8, -3.372e-8, -3.556e-8, 6.921e-7, -2.005e-7, -8.926e-7, 1.214e-8, 1.861e-8, 5.671e-9, 8.622e-7, -1.181e-7, -9.803e-7, 1.348e-8, 1.608e-8, 1.087e-8, 0.000e+0, -1.006e-4, -1.006e-4, 1.007e-4, 1.007e-4, 1.007e-4
0.356, 7.222e-7, -2.582e-7, -9.804e-7, -3.434e-8, -3.321e-8, -3.548e-8, 6.720e-7, -1.900e-7, -8.620e-7, 1.195e-8, 1.396e-8, 9.952e-9, 8.492e-7, -9.999e-8, -9.492e-7, 1.132e-8, 1.352e-8, 9.113e-9, 0.000e+0, -1.006e-4, -1.006e-4, 1.007e-4, 1.007e-4, 1.007e-4
0.352, 7.095e-7, -2.399e-7, -9.494e-7, -3.130e-8, -3.013e-8, -3.247e-8, 6.632e-7, -1.714e-7, -8.346e-7, 1.379e-8, 1.753e-8, 1.004e-8, 8.320e-7, -8.513e-8, -9.172e-7, 9.600e-9, 1.238e-8, 6.820e-9, 0.000e+0, -1.006e-4, -1.006e-4, 1.007e-4, 1.007e-4, 1.007e-4
0.348, 6.957e-7, -2.228e-7, -9.186e-7, -3.223e-8, -3.233e-8, -3.213e-8, 6.502e-7, -1.601e-7, -8.102e-7, 9.549e-9, 1.035e-8, 8.751e-9, 8.182e-7, -7.090e-8, -8.891e-7, 1.052e-8, 1.437e-8, 6.672e-9, 0.000e+0, -1.006e-4, -1.006e-4, 1.007e-4, 1.007e-4, 1.007e-4
0.344, 6.812e-7, -2.091e-7, -8.903e-7, -3.150e-8, -3.269e-8, -3.031e-8, 6.411e-7, -1.440e-7, -7.851e-7, 1.136e-8, 1.395e-8, 8.771e-9, 8.121e-7, -4.799e-8, -8.601e-7, 1.233e-8, 1.604e-8, 8.611e-9, 0.000e+0, -1.006e-4, -1.006e-4, 1.007e-4, 1.007e-4, 1.007e-4
0.340, 6.731e-7, -1.929e-7, -8.660e-7, -3.296e-8, -3.164e-8, -3.428e-8, 6.365e-7, -1.237e-7, -7.602e-7, 1.460e-8, 1.737e-8, 1.183e-8, 7.919e-7, -3.459e-8, -8.265e-7, 1.119e-8, 1.361e-8, 8.768e-9, 0.000e+0, -1.006e-4, -1.006e-4, 1.007e-4, 1.007e-4, 1.007e-4
0.336, 6.577e-7, -1.786e-7, -8.363e-7, -3.586e-8, -3.685e-8, -3.487e-8, 6.194e-7, -1.130e-7, -7.324e-7, 1.493e-8, 1.998e-8, 9.883e-9, 7.873e-7, -1.453e-8, -8.019e-7, 1.194e-8, 1.735e-8, 6.525e-9, 0.000e+0, -1.006e-4, -1.006e-4, 1.007e-4, 1.007e-4, 1.007e-4
0.332, 6.503e-7, -1.570e-7, -8.073e-7, -3.507e-8, -3.530e-8, -3.484e-8, 6.074e-7, -1.015e-7, -7.089e-7, 1.178e-8, 1.486e-8, 8.692e-9, 7.741e-7, -1.156e-10, -7.742e-7, 1.125e-8, 1.541e-8, 7.086e-9, 0.000e+0, -1.006e-4, -1.006e-4, 1.007e-4, 1.007e-4, 1.007e-4
0.328, 6.394e-7, -1.437e-7, -7.831e-7, -3.314e-8, -2.972e-8, -3.657e-8, 6.038e-7, -8.037e-8, -6.841e-7, 1.141e-8, 1.388e-8, 8.938e-9, 7.569e-7, 1.311e-8, -7.438e-7, 1.096e-8, 1.221e-8, 9.713e-9, 0.000e+0, -1.006e-4, -1.006e-4, 1.007e-4, 1.007e-4, 1.007e-4
0.324, 6.298e-7, -1.272e-7, -7.569e-7, -3.461e-8, -3.502e-8, -3.421e-8, 5.904e-7, -6.949e-8, -6.599e-7, 1.293e-8, 1.768e-8, 8.190e-9, 7.479e-7, 3.057e-8, -7.173e-7, 1.316e-8, 1.764e-8, 8.680e-9, 0.000e+0, -1.006e-4, -1.006e-4, 1.007e-4, 1.007e-4, 1.007e-4
0.320, 6.159e-7, -1.146e-7, -7.305e-7, -3.474e-8, -3.304e-8, -3.643e-8, 5.860e-7, -5.430e-8, -6.403e-7, 1.267e-8, 1.884e-8, 6.498e-9, 7.442e-7, 4.812e-8, -6.961e-7, 1.113e-8, 1.347e-8, 8.778e-9, 0.000e+0, -1.006e-4, -1.006e-4, 1.007e-4, 1.007e-4, 1.007e-4
0.316, 6.119e-7, -9.572e-8, -7.076e-7, -3.400e-8, -3.439e-8, -3.362e-8, 5.774e-7, -3.876e-8, -6.161e-7, 9.421e-9, 1.266e-8, 6.183e-9, 7.297e-7, 6.027e-8, -6.694e-7, 8.660e-9, 1.070e-8, 6.623e-9, 0.000e+0, -1.006e-4, -1.006e-4, 1.007e-4, 1.007e-4, 1.007e-4
0.312, 6.003e-7, -8.450e-8, -6.848e-7, -3.483e-8, -3.493e-8, -3.473e-8, 5.704e-7, -2.610e-8, -5.965e-7, 1.322e-8, 1.845e-8, 7.984e-9, 7.199e-7, 7.695e-8, -6.430e-7, 9.546e-9, 1.075e-8, 8.345e-9, 0.000e+0, -1.006e-4, -1.006e-4, 1.007e-4, 1.007e-4, 1.007e-4
0.308, 5.924e-7, -6.934e-8, -6.617e-7, -3.677e-8, -3.461e-8, -3.894e-8, 5.610e-7, -1.243e-8, -5.734e-7, 1.306e-8, 1.623e-8, 9.893e-9, 7.108e-7, 9.207e-8, -6.187e-7, 1.067e-8, 1.374e-8, 7.597e-9, 0.000e+0, -1.006e-4, -1.006e-4, 1.007e-4, 1.007e-4, 1.007e-4
0.304, 5.832e-7, -5.699e-8, -6.402e-7, -3.680e-8, -3.765e-8, -3.595e-8, 5.515e-7, 3.971e-10, -5.511e-7, 1.256e-8, 1.492e-8, 1.020e-8, 7.006e-7, 1.068e-7, -5.937e-7, 1.143e-8, 1.604e-8, 6.820e-9, 0.000e+0, -1.006e-4, -1.006e-4, 1.007e-4, 1.007e-4, 1.007e-4
0.300, 5.797e-7, -3.796e-8, -6.176e-7, -3.469e-8, -3.407e-8, -3.532e-8, 5.470e-7, 1.332e-8, -5.337e-7, 1.023e-8, 1.370e-8, 6.754e-9, 6.879e-7, 1.163e-7, -5.717e-7, 9.831e-9, 1.096e-8, 8.700e-9, 0.000e+0, -1.006e-4, -1.006e-4, 1.007e-4, 1.007e-4, 1.007e-4
0.296, 5.712e-7, -2.799e-8, -5.992e-7, -3.589e-8, -3.627e-8, -3.551e-8, 5.390e-7, 2.551e-8, -5.135e-7, 1.483e-8, 1.757e-8, 1.210e-8, 6.807e-7, 1.304e-7, -5.503e-7, 1.012e-8, 1.339e-8, 6.849e-9, 0.000e+0, -1.006e-4, -1.006e-4, 1.007e-4, 1.007e-4, 1.007e-4
0.292, 5.643e-7, -1.056e-8, -5.748e-7, -3.468e-8, -3.366e-8, -3.569e-8, 5.356e-7, 4.121e-8, -4.944e-7, 1.185e-8, 1.745e-8, 6.252e-9, 6.743e-7, 1.439e-7, -5.304e-7, 7.942e-9, 1.160e-8, 4.281e-9, 0.000e+0, -1.006e-4, -1.006e-4, 1.007e-4, 1.007e-4, 1.007e-4
0.288, 5.579e-7, 3.581e-10, -5.575e-7, -3.455e-8, -3.167e-8, -3.742e-8, 5.306e-7, 5.262e-8, -4.780e-7, 1.123e-8, 1.394e-8, 8.525e-9, 6.572e-7, 1.508e-7, -5.064e-7, 7.410e-9, 6.564e-9, 8.257e-9, 0.000e+0, -1.006e-4, -1.006e-4, 1.007e-4, 1.007e-4, 1.007e-4
0.284, 5.480e-7, 1.326e-8, -5.348e-7, -3.584e-8, -3.539e-8, -3.629e-8, 5.195e-7, 6.383e-8, -4.557e-7, 1.088e-8, 1.415e-8, 7.610e-9, 6.502e-7, 1.642e-7, -4.859e-7, 1.005e-8, 1.137e-8, 8.729e-9, 0.000e+0, -1.006e-4, -1.006e-4, 1.007e-4, 1.007e-4, 1.007e-4
0.280, 5.396e-7, 2.140e-8, -5.182e-7, -3.784e-8, -3.858e-8, -3.710e-8, 5.113e-7, 7.352e-8, -4.378e-7, 1.070e-8, 1.277e-8, 8.623e-9, 6.395e-7, 1.753e-7, -4.642e-7, 8.680e-9, 1.016e-8, 7.204e-9, 0.000e+0, -1.006e-4, -1.006e-4, 1.007e-4, 1.007e-4, 1.007e-4
0.276, 5.328e-7, 3.373e-8, -4.991e-7, -3.350e-8, -3.339e-8, -3.362e-8, 5.024e-7, 8.313e-8, -4.193e-7, 1.120e-8, 1.336e-8, 9.037e-9, 6.264e-7, 1.834e-7, -4.430e-7, 8.527e-9, 1.100e-8, 6.052e-9, 0.000e+0, -1.006e-4, -1.006e-4, 1.007e-4, 1.007e-4, 1.007e-4
0.272, 5.220e-7, 4.161e-8, -4.804e-7, -3.667e-8, -3.523e-8, -3.810e-8, 4.907e-7, 8.946e-8, -4.012e-7, 9.923e-9, 1.089e-8, 8.958e-9, 6.151e-7, 1.895e-7, -4.255e-7, 8.168e-9, 8.119e-9, 8.217e-9, 0.000e+0, -1.006e-4, -1.006e-4, 1.007e-4, 1.007e-4, 1.007e-4
0.268, 5.109e-7, 5.178e-8, -4.591e-7, -3.473e-8, -3.460e-8, -3.486e-8, 4.775e-7, 9.488e-8, -3.827e-7, 9.745e-9, 1.312e-8, 6.370e-9, 6.097e-7, 2.013e-7, -4.083e-7, 7.607e-9, 9.871e-9, 5.344e-9, 0.000e+0, -1.006e-4, -1.006e-4, 1.007e-4, 1.007e-4, 1.007e-4
0.264, 4.994e-7, 5.596e-8, -4.434e-7, -3.789e-8, -3.847e-8, -3.731e-8, 4.717e-7, 1.036e-7, -3.681e-7, 1.163e-8, 1.417e-8, 9.086e-9, 5.974e-7, 2.095e-7, -3.878e-7, 1.232e-8, 1.400e-8, 1.064e-8, 0.000e+0, -1.006e-4, -1.006e-4, 1.007e-4, 1.007e-4, 1.007e-4
0.260, 4.915e-7, 6.673e-8, -4.248e-7, -3.873e-8, -3.565e-8, -4.181e-8, 4.675e-7, 1.139e-7, -3.536e-7, 1.157e-8, 1.602e-8, 7.118e-9, 5.873e-7, 2.155e-7, -3.718e-7, 1.081e-8, 1.187e-8, 9.743e-9, 0.000e+0, -1.006e-4, -1.006e-4, 1.007e-4, 1.007e-4, 1.007e-4
0.256, 4.767e-7, 7.219e-8, -4.045e-7, -3.693e-8, -3.831e-8, -3.554e-8, 4.512e-7, 1.185e-7, -3.327e-7, 1.239e-8, 1.580e-8, 8.988e-9, 5.772e-7, 2.198e-7, -3.574e-7, 8.227e-9, 1.072e-8, 5.737e-9, 0.000e+0, -1.006e-4, -1.006e-4, 1.007e-4, 1.007e-4, 1.007e-4
0.252, 4.670e-7, 7.743e-8, -3.895e-7, -3.776e-8, -3.622e-8, -3.929e-8, 4.476e-7, 1.260e-7, -3.216e-7, 1.275e-8, 1.704e-8, 8.456e-9, 5.623e-7, 2.228e-7, -3.395e-7, 8.493e-9, 8.906e-9, 8.080e-9, 0.000e+0, -1.006e-4, -1.006e-4, 1.007e-4, 1.007e-4, 1.007e-4
0.248, 4.586e-7, 8.346e-8, -3.751e-7, -3.724e-8, -3.547e-8, -3.901e-8, 4.305e-7, 1.286e-7, -3.020e-7, 1.174e-8, 1.681e-8, 6.665e-9, 5.512e-7, 2.269e-7, -3.243e-7, 7.873e-9, 8.788e-9, 6.958e-9, 0.000e+0, -1.006e-4, -1.006e-4, 1.007e-4, 1.007e-4, 1.007e-4
0.244, 4.454e-7, 8.966e-8, -3.558e-7, -3.554e-8, -3.580e-8, -3.528e-8, 4.263e-7, 1.320e-7, -2.942e-7, 9.037e-9, 1.284e-8, 5.238e-9, 5.453e-7, 2.328e-7, -3.125e-7, 8.783e-9, 1.217e-8, 5.393e-9, 0.000e+0, -1.006e-4, -1.006e-4, 1.007e-4, 1.007e-4, 1.007e-4
0.240, 4.358e-7, 9.290e-8, -3.429e-7, -3.950e-8, -3.954e-8, -3.946e-8, 4.140e-7, 1.346e-7, -2.793e-7, 8.082e-9, 1.218e-8, 3.988e-9, 5.339e-7, 2.341e-7, -2.998e-7, 1.066e-8, 1.327e-8, 8.050e-9, 0.000e+0, -1.006e-4, -1.006e-4, 1.007e-4, 1.007e-4, 1.007e-4
0.236, 4.259e-7, 9.689e-8, -3.291e-7, -3.520e-8, -3.543e-8, -3.498e-8, 4.021e-7, 1.408e-7, -2.614e-7, 9.627e-9, 1.088e-8, 8.377e-9, 5.179e-7, 2.358e-7, -2.822e-7, 7.297e-9, 7.686e-9, 6.908e-9, 0.000e+0, -1.006e-4, -1.006e-4, 1.007e-4, 1.007e-4, 1.007e-4
0.232, 4.151e-7, 9.731e-8, -3.178e-7, -3.970e-8, -3.763e-8, -4.176e-8, 3.935e-7, 1.410e-7, -2.525e-7, 9.288e-9, 1.217e-8, 6.409e-9, 5.087e-7, 2.400e-7, -2.687e-7, 1.052e-8, 9.467e-9, 1.156e-8, 0.000e+0, -1.006e-4, -1.006e-4, 1.007e-4, 1.007e-4, 1.007e-4
0.228, 4.074e-7, 1.024e-7, -3.050e-7, -3.703e-8, -3.540e-8, -3.866e-8, 3.845e-7, 1.460e-7, -2.386e-7, 1.218e-8, 1.752e-8, 6.842e-9, 4.994e-7, 2.444e-7, -2.549e-7, 8.685e-9, 1.024e-8, 7.125e-9, 0.000e+0, -1.006e-4, -1.006e-4, 1.007e-4, 1.007e-4, 1.007e-4
0.224, 3.954e-7, 1.045e-7, -2.909e-7, -3.792e-8, -3.969e-8, -3.615e-8, 3.716e-7, 1.438e-7, -2.277e-7, 8.363e-9, 9.883e-9, 6.842e-9, 4.899e-7, 2.432e-7, -2.467e-7, 9.147e-9, 1.256e-8, 5.737e-9, 0.000e+0, -1.006e-4, -1.006e-4, 1.007e-4, 1.007e-4, 1.007e-4
0.220, 3.880e-7, 1.050e-7, -2.829e-7, -4.081e-8, -4.216e-8, -3.947e-8, 3.640e-7, 1.447e-7, -2.193e-7, 8.884e-9, 9.804e-9, 7.964e-9, 4.739e-7, 2.399e-7, -2.340e-7, 9.748e-9, 9.851e-9, 9.644e-9, 0.000e+0, -1.006e-4, -1.006e-4, 1.007e-4, 1.007e-4, 1.007e-4
0.216, 3.780e-7, 1.046e-7, -2.734e-7, -3.900e-8, -3.814e-8, -3.985e-8, 3.557e-7, 1.470e-7, -2.087e-7, 9.799e-9, 1.292e-8, 6.675e-9, 4.639e-7, 2.426e-7, -2.213e-7, 7.937e-9, 8.719e-9, 7.154e-9, 0.000e+0, -1.006e-4, -1.006e-4, 1.007e-4, 1.007e-4, 1.007e-4
0.212, 3.691e-7, 1.088e-7, -2.602e-7, -3.675e-8, -3.658e-8, -3.692e-8, 3.465e-7, 1.474e-7, -1.991e-7, 1.250e-8, 1.510e-8, 9.903e-9, 4.579e-7, 2.471e-7, -2.108e-7, 9.438e-9, 9.536e-9, 9.339e-9, 0.000e+0, -1.006e-4, -1.006e-4, 1.007e-4, 1.007e-4, 1.007e-4
0.208, 3.639e-7, 1.081e-7, -2.558e-7, -4.013e-8, -3.997e-8, -4.029e-8, 3.412e-7, 1.507e-7, -1.906e-7, 1.112e-8, 1.387e-8, 8.377e-9, 4.466e-7, 2.452e-7, -2.014e-7, 9.807e-9, 9.241e-9, 1.037e-8, 0.000e+0, -1.006e-4, -1.006e-4, 1.007e-4, 1.007e-4, 1.007e-4
0.204, 3.489e-7, 1.066e-7, -2.424e-7, -3.846e-8, -3.878e-8, -3.814e-8, 3.261e-7, 1.460e-7, -1.801e-7, 8.860e-9, 1.184e-8, 5.878e-9, 4.414e-7, 2.431e-7, -1.983e-7, 8.247e-9, 1.173e-8, 4.763e-9, 0.000e+0, -1.006e-4, -1.006e-4, 1.007e-4, 1.007e-4, 1.007e-4
0.200, 3.439e-7, 1.118e-7, -2.321e-7, -3.619e-8, -3.771e-8, -3.468e-8, 3.220e-7, 1.463e-7, -1.758e-7, 8.550e-9, 1.049e-8, 6.606e-9, 4.341e-7, 2.439e-7, -1.902e-7, 8.468e-9, 1.057e-8, 6.367e-9, 0.000e+0, -1.006e-4, -1.006e-4, 1.007e-4, 1.007e-4, 1.007e-4
0.196, 3.356e-7, 1.077e-7, -2.279e-7, -4.035e-8, -4.125e-8, -3.945e-8, 3.141e-7, 1.472e-7, -1.668e-7, 7.900e-9, 7.856e-9, 7.944e-9, 4.220e-7, 2.411e-7, -1.809e-7, 1.048e-8, 9.516e-9, 1.145e-8, 0.000e+0, -1.006e-4, -1.006e-4, 1.007e-4, 1.007e-4, 1.007e-4
0.192, 3.220e-7, 1.054e-7, -2.166e-7, -3.941e-8, -4.002e-8, -3.880e-8, 3.060e-7, 1.437e-7, -1.623e-7, 6.709e-9, 1.094e-8, 2.482e-9, 4.182e-7, 2.403e-7, -1.778e-7, 8.065e-9, 9.674e-9, 6.456e-9, 0.000e+0, -1.006e-4, -1.006e-4, 1.007e-4, 1.007e-4, 1.007e-4
0.188, 3.211e-7, 1.047e-7, -2.163e-7, -3.877e-8, -3.950e-8, -3.804e-8, 2.994e-7, 1.438e-7, -1.556e-7, 1.073e-8, 1.432e-8, 7.147e-9, 4.095e-7, 2.403e-7, -1.692e-7, 8.783e-9, 1.131e-8, 6.259e-9, 0.000e+0, -1.006e-4, -1.006e-4, 1.007e-4, 1.007e-4, 1.007e-4
0.184, 3.152e-7, 1.088e-7, -2.063e-7, -3.909e-8, -3.902e-8, -3.916e-8, 2.900e-7, 1.420e-7, -1.480e-7, 7.059e-9, 8.525e-9, 5.592e-9, 3.982e-7, 2.349e-7, -1.633e-7, 7.789e-9, 9.172e-9, 6.406e-9, 0.000e+0, -1.006e-4, -1.006e-4, 1.007e-4, 1.007e-4, 1.007e-4
0.180, 3.041e-7, 1.044e-7, -1.996e-7, -3.991e-8, -3.806e-8, -4.175e-8, 2.856e-7, 1.414e-7, -1.443e-7, 1.097e-8, 1.352e-8, 8.407e-9, 3.874e-7, 2.328e-7, -1.546e-7, 8.444e-9, 7.519e-9, 9.369e-9, 0.000e+0, -1.006e-4, -1.006e-4, 1.007e-4, 1.007e-4, 1.007e-4
0.176, 2.949e-7, 9.954e-8, -1.954e-7, -3.984e-8, -4.181e-8, -3.787e-8, 2.807e-7, 1.436e-7, -1.371e-7, 9.366e-9, 1.038e-8, 8.358e-9, 3.864e-7, 2.347e-7, -1.517e-7, 6.820e-9, 8.827e-9, 4.812e-9, 0.000e+0, -1.006e-4, -1.006e-4, 1.007e-4, 1.007e-4, 1.007e-4
0.172, 2.887e-7, 9.944e-8, -1.893e-7, -3.969e-8, -4.168e-8, -3.771e-8, 2.777e-7, 1.404e-7, -1.373e-7, 6.202e-9, 9.224e-9, 3.181e-9, 3.803e-7, 2.320e-7, -1.483e-7, 6.726e-9, 9.723e-9, 3.730e-9, 0.000e+0, -1.006e-4, -1.006e-4, 1.007e-4, 1.007e-4, 1.007e-4
0.168, 2.878e-7, 9.965e-8, -1.882e-7, -3.835e-8, -4.027e-8, -3.643e-8, 2.676e-7, 1.384e-7, -1.292e-7, 8.136e-9, 1.088e-8, 5.395e-9, 3.689e-7, 2.290e-7, -1.399e-7, 7.961e-9, 1.035e-8, 5.570e-9, 0.000e+0, -1.006e-4, -1.006e-4, 1.007e-4, 1.007e-4, 1.007e-4
0.164, 2.836e-7, 9.875e-8, -1.848e-7, -3.998e-8, -4.024e-8, -3.973e-8, 2.663e-7, 1.381e-7, -1.282e-7, 9.859e-9, 1.029e-8, 9.430e-9, 3.610e-7, 2.281e-7, -1.329e-7, 8.375e-9, 8.276e-9, 8.473e-9, 0.000e+0, -1.006e-4, -1.006e-4, 1.007e-4, 1.007e-4, 1.007e-4
0.160, 2.752e-7, 9.788e-8, -1.774e-7, -3.864e-8, -3.957e-8, -3.772e-8, 2.614e-7, 1.399e-7, -1.216e-7, 9.111e-9, 1.010e-8, 8.122e-9, 3.551e-7, 2.229e-7, -1.322e-7, 5.875e-9, 6.800e-9, 4.950e-9, 0.000e+0, -1.006e-4, -1.006e-4, 1.007e-4, 1.007e-4, 1.007e-4
0.156, 2.771e-7, 9.906e-8, -1.781e-7, -4.005e-8, -3.788e-8, -4.223e-8, 2.544e-7, 1.352e-7, -1.191e-7, 8.909e-9, 1.079e-8, 7.029e-9, 3.496e-7, 2.215e-7, -1.280e-7, 5.806e-9, 5.462e-9, 6.151e-9, 0.000e+0, -1.006e-4, -1.006e-4, 1.007e-4, 1.007e-4, 1.007e-4
0.152, 2.734e-7, 9.772e-8, -1.757e-7, -3.775e-8, -3.830e-8, -3.720e-8, 2.469e-7, 1.328e-7, -1.142e-7, 9.312e-9, 8.269e-9, 1.036e-8, 3.424e-7, 2.191e-7, -1.233e-7, 6.416e-9, 6.377e-9, 6.456e-9, 0.000e+0, -1.006e-4, -1.006e-4, 1.007e-4, 1.007e-4, 1.007e-4
0.148, 2.682e-7, 9.521e-8, -1.730e-7, -4.227e-8, -4.032e-8, -4.422e-8, 2.473e-7, 1.342e-7, -1.131e-7, 8.801e-9, 1.127e-8, 6.330e-9, 3.391e-7, 2.163e-7, -1.229e-7, 6.608e-9, 6.466e-9, 6.751e-9, 0.000e+0, -1.006e-4, -1.006e-4, 1.007e-4, 1.007e-4, 1.007e-4
0.144, 2.643e-7, 9.377e-8, -1.706e-7, -4.141e-8, -4.269e-8, -4.013e-8, 2.440e-7, 1.317e-7, -1.122e-7, 7.979e-9, 9.716e-9, 6.242e-9, 3.337e-7, 2.162e-7, -1.175e-7, 7.710e-9, 8.001e-9, 7.420e-9, 0.000e+0, -1.006e-4, -1.006e-4, 1.007e-4, 1.007e-4, 1.007e-4
0.140, 2.566e-7, 9.245e-8, -1.641e-7, -3.848e-8, -4.108e-8, -3.588e-8, 2.372e-7, 1.298e-7, -1.073e-7, 7.954e-9, 8.791e-9, 7.118e-9, 3.311e-7, 2.132e-7, -1.179e-7, 4.950e-9, 7.528e-9, 2.372e-9, 0.000e+0, -1.006e-4, -1.006e-4, 1.007e-4, 1.007e-4, 1.007e-4
0.136, 2.480e-7, 8.683e-8, -1.612e-7, -3.999e-8, -4.178e-8, -3.820e-8, 2.420e-7, 1.344e-7, -1.076e-7, 9.893e-9, 1.503e-8, 4.756e-9, 3.297e-7, 2.141e-7, -1.156e-7, 5.088e-9, 6.239e-9, 3.936e-9, 0.000e+0, -1.006e-4, -1.006e-4, 1.007e-4, 1.007e-4, 1.007e-4
0.132, 2.500e-7, 9.174e-8, -1.583e-7, -3.912e-8, -3.901e-8, -3.923e-8, 2.334e-7, 1.283e-7, -1.051e-7, 9.145e-9, 8.761e-9, 9.529e-9, 3.178e-7, 2.092e-7, -1.086e-7, 7.066e-9, 7.647e-9, 6.485e-9, 0.000e+0, -1.006e-4, -1.006e-4, 1.007e-4, 1.007e-4, 1.007e-4
0.128, 2.456e-7, 8.518e-8, -1.604e-7, -4.452e-8, -4.369e-8, -4.535e-8, 2.354e-7, 1.298e-7, -1.057e-7, 9.947e-9, 1.370e-8, 6.193e-9, 3.148e-7, 2.080e-7, -1.068e-7, 7.130e-9, 6.446e-9, 7.814e-9, 0.000e+0, -1.006e-4, -1.006e-4, 1.007e-4, 1.007e-4, 1.007e-4
0.124, 2.415e-7, 8.741e-8, -1.541e-7, -3.980e-8, -3.997e-8, -3.963e-8, 2.303e-7, 1.270e-7, -1.033e-7, 7.201e-9, 1.179e-8, 2.610e-9, 3.141e-7, 2.072e-7, -1.069e-7, 6.913e-9, 6.229e-9, 7.597e-9, 0.000e+0, -1.006e-4, -1.006e-4, 1.007e-4, 1.007e-4, 1.007e-4
0.120, 2.453e-7, 8.935e-8, -1.559e-7, -4.272e-8, -4.310e-8, -4.234e-8, 2.281e-7, 1.256e-7, -1.025e-7, 4.943e-9, 7.236e-9, 2.650e-9, 3.054e-7, 2.015e-7, -1.039e-7, 7.563e-9, 5.373e-9, 9.753e-9, 0.000e+0, -1.006e-4, -1.006e-4, 1.007e-4, 1.007e-4, 1.007e-4
0.116, 2.389e-7, 8.448e-8, -1.545e-7, -4.107e-8, -4.142e-8, -4.072e-8, 2.253e-7, 1.256e-7, -9.968e-8, 6.650e-9, 8.043e-9, 5.258e-9, 3.084e-7, 2.032e-7, -1.053e-7, 7.248e-9, 7.922e-9, 6.574e-9, 0.000e+0, -1.006e-4, -1.006e-4, 1.007e-4, 1.007e-4, 1.007e-4
0.112, 2.370e-7, 8.562e-8, -1.513e-7, -4.127e-8, -4.256e-8, -3.998e-8, 2.207e-7, 1.238e-7, -9.697e-8, 1.020e-8, 1.223e-8, 8.171e-9, 3.015e-7, 2.008e-7, -1.007e-7, 5.698e-9, 4.271e-9, 7.125e-9, 0.000e+0, -1.006e-4, -1.006e-4, 1.007e-4, 1.007e-4, 1.007e-4
0.108, 2.323e-7, 8.192e-8, -1.504e-7, -4.053e-8, -4.480e-8, -3.626e-8, 2.144e-7, 1.190e-7, -9.543e-8, 6.695e-9, 8.062e-9, 5.327e-9, 3.034e-7, 2.005e-7, -1.028e-7, 5.575e-9, 8.562e-9, 2.588e-9, 0.000e+0, -1.006e-4, -1.006e-4, 1.007e-4, 1.007e-4, 1.007e-4
0.104, 2.312e-7, 8.289e-8, -1.483e-7, -4.035e-8, -4.197e-8, -3.873e-8, 2.166e-7, 1.219e-7, -9.462e-8, 4.613e-9, 7.482e-9, 1.744e-9, 2.983e-7, 1.958e-7, -1.024e-7, 5.555e-9, 7.145e-9, 3.966e-9, 0.000e+0, -1.006e-4, -1.006e-4, 1.007e-4, 1.007e-4, 1.007e-4
0.100, 2.363e-7, 8.506e-8, -1.512e-7, -4.124e-8, -3.971e-8, -4.278e-8, 2.200e-7, 1.223e-7, -9.772e-8, 6.724e-9, 8.869e-9, 4.579e-9, 2.897e-7, 1.938e-7, -9.587e-8, 6.352e-9, 3.503e-9, 9.201e-9, 0.000e+0, -1.006e-4, -1.006e-4, 1.007e-4, 1.007e-4, 1.007e-4
0.096, 2.337e-7, 8.463e-8, -1.491e-7, -4.044e-8, -4.083e-8, -4.004e-8, 2.163e-7, 1.232e-7, -9.312e-8, 8.786e-9, 9.991e-9, 7.580e-9, 2.911e-7, 1.973e-7, -9.383e-8, 6.500e-9, 7.774e-9, 5.226e-9, 0.000e+0, -1.006e-4, -1.006e-4, 1.007e-4, 1.007e-4, 1.007e-4
0.092, 2.317e-7, 8.533e-8, -1.464e-7, -4.228e-8, -4.178e-8, -4.278e-8, 2.145e-7, 1.210e-7, -9.349e-8, 7.256e-9, 8.653e-9, 5.858e-9, 2.907e-7, 1.957e-7, -9.503e-8, 6.844e-9, 8.955e-9, 4.733e-9, 0.000e+0, -1.006e-4, -1.006e-4, 1.007e-4, 1.007e-4, 1.007e-4
0.088, 2.402e-7, 9.165e-8, -1.485e-7, -3.919e-8, -3.686e-8, -4.151e-8, 2.155e-7, 1.212e-7, -9.423e-8, 8.363e-9, 9.745e-9, 6.980e-9, 2.900e-7, 1.954e-7, -9.463e-8, 6.948e-9, 6.505e-9, 7.391e-9, 0.000e+0, -1.006e-4, -1.006e-4, 1.007e-4, 1.007e-4, 1.007e-4
0.084, 2.431e-7, 9.725e-8, -1.459e-7, -3.692e-8, -3.315e-8, -4.069e-8, 2.141e-7, 1.249e-7, -8.923e-8, 8.988e-9, 1.204e-8, 5.937e-9, 2.835e-7, 1.930e-7, -9.052e-8, 6.849e-9, 8.759e-9, 4.940e-9, 0.000e+0, -1.006e-4, -1.006e-4, 1.007e-4, 1.007e-4, 1.007e-4
0.080, 2.462e-7, 9.969e-8, -1.465e-7, -3.346e-8, -2.913e-8, -3.780e-8, 2.183e-7, 1.305e-7, -8.781e-8, 1.208e-8, 1.675e-8, 7.413e-9, 2.889e-7, 1.974e-7, -9.149e-8, 7.164e-9, 1.164e-8, 2.686e-9, 0.000e+0, -1.006e-4, -1.006e-4, 1.007e-4, 1.007e-4, 1.007e-4
0.076, 2.513e-7, 1.094e-7, -1.420e-7, -3.228e-8, -2.334e-8, -4.121e-8, 2.229e-7, 1.310e-7, -9.191e-8, 8.948e-9, 1.475e-8, 3.142e-9, 2.877e-7, 1.961e-7, -9.159e-8, 8.360e-9, 8.011e-9, 8.709e-9, 0.000e+0, -1.006e-4, -1.006e-4, 1.007e-4, 1.007e-4, 1.007e-4
0.072, 2.559e-7, 1.112e-7, -1.447e-7, -3.157e-8, -2.171e-8, -4.143e-8, 2.223e-7, 1.372e-7, -8.509e-8, 1.543e-8, 1.950e-8, 1.136e-8, 2.861e-7, 1.996e-7, -8.645e-8, 8.832e-9, 1.269e-8, 4.980e-9, 6.546e-6, -9.401e-5, -1.006e-4, 9.736e-5, 9.405e-5, 1.007e-4
0.068, 2.618e-7, 1.186e-7, -1.432e-7, -2.829e-8, -1.610e-8, -4.048e-8, 2.267e-7, 1.378e-7, -8.893e-8, 1.246e-8, 1.897e-8, 5.947e-9, 2.883e-7, 1.977e-7, -9.058e-8, 8.763e-9, 1.135e-8, 6.180e-9, 1.452e-5, -8.604e-5, -1.006e-4, 9.338e-5, 8.610e-5, 1.007e-4
0.064, 2.624e-7, 1.237e-7, -1.387e-7, -2.550e-8, -1.118e-8, -3.983e-8, 2.279e-7, 1.412e-7, -8.664e-8, 1.195e-8, 1.907e-8, 4.835e-9, 2.906e-7, 2.003e-7, -9.032e-8, 6.510e-9, 8.827e-9, 4.192e-9, 2.249e-5, -7.807e-5, -1.006e-4, 8.940e-5, 7.813e-5, 1.007e-4
0.060, 2.725e-7, 1.308e-7, -1.417e-7, -2.599e-8, -1.034e-8, -4.164e-8, 2.342e-7, 1.430e-7, -9.119e-8, 1.047e-8, 1.646e-8, 4.490e-9, 2.836e-7, 1.958e-7, -8.785e-8, 8.375e-9, 9.664e-9, 7.086e-9, 3.049e-5, -7.007e-5, -1.006e-4, 8.541e-5, 7.016e-5, 1.007e-4
0.056, 2.744e-7, 1.333e-7, -1.411e-7, -2.450e-8, -8.392e-9, -4.061e-8, 2.357e-7, 1.471e-7, -8.860e-8, 1.390e-8, 2.061e-8, 7.196e-9, 2.872e-7, 2.014e-7, -8.583e-8, 8.921e-9, 1.065e-8, 7.194e-9, 3.847e-5, -6.209e-5, -1.006e-4, 8.142e-5, 6.218e-5, 1.007e-4
0.052, 2.794e-7, 1.419e-7, -1.375e-7, -2.196e-8, -4.593e-9, -3.933e-8, 2.348e-7, 1.478e-7, -8.700e-8, 1.064e-8, 1.574e-8, 5.543e-9, 2.878e-7, 1.999e-7, -8.791e-8, 8.281e-9, 9.890e-9, 6.672e-9, 4.644e-5, -5.412e-5, -1.006e-4, 7.744e-5, 5.422e-5, 1.007e-4
0.048, 2.819e-7, 1.474e-7, -1.344e-7, -1.910e-8, -1.523e-9, -3.669e-8, 2.368e-7, 1.534e-7, -8.333e-8, 1.246e-8, 1.756e-8, 7.354e-9, 2.912e-7, 2.040e-7, -8.718e-8, 8.306e-9, 1.033e-8, 6.279e-9, 5.444e-5, -4.612e-5, -1.006e-4, 7.345e-5, 4.623e-5, 1.007e-4
0.044, 2.905e-7, 1.541e-7, -1.364e-7, -2.063e-8, -1.769e-9, -3.949e-8, 2.446e-7, 1.586e-7, -8.604e-8, 1.259e-8, 2.033e-8, 4.854e-9, 2.911e-7, 2.046e-7, -8.655e-8, 1.173e-8, 1.396e-8, 9.497e-9, 6.242e-5, -3.814e-5, -1.006e-4, 6.946e-5, 3.825e-5, 1.007e-4
0.040, 2.916e-7, 1.628e-7, -1.288e-7, -1.726e-8, 3.228e-11, -3.455e-8, 2.451e-7, 1.615e-7, -8.362e-8, 1.514e-8, 1.977e-8, 1.050e-8, 2.910e-7, 2.073e-7, -8.372e-8, 9.536e-9, 1.036e-8, 8.709e-9, 7.041e-5, -3.015e-5, -1.006e-4, 6.547e-5, 3.027e-5, 1.007e-4
0.036, 2.919e-7, 1.715e-7, -1.204e-7, -1.445e-8, 3.964e-10, -2.930e-8, 2.480e-7, 1.653e-7, -8.263e-8, 1.311e-8, 1.822e-8, 7.994e-9, 2.909e-7, 2.085e-7, -8.235e-8, 9.472e-9, 1.165e-8, 7.292e-9, 7.839e-5, -2.217e-5, -1.006e-4, 6.148e-5, 2.230e-5, 1.007e-4
0.032, 2.920e-7, 1.761e-7, -1.160e-7, -1.108e-8, 6.016e-9, -2.817e-8, 2.511e-7, 1.723e-7, -7.884e-8, 1.434e-8, 1.986e-8, 8.820e-9, 2.915e-7, 2.110e-7, -8.052e-8, 8.065e-9, 5.600e-9, 1.053e-8, 8.637e-5, -1.419e-5, -1.006e-4, 5.749e-5, 1.431e-5, 1.007e-4
0.028, 3.019e-7, 1.898e-7, -1.120e-7, -7.634e-9, 7.709e-9, -2.298e-8, 2.501e-7, 1.762e-7, -7.392e-8, 1.497e-8, 1.865e-8, 1.129e-8, 2.964e-7, 2.145e-7, -8.190e-8, 6.466e-9, 5.905e-9, 7.027e-9, 9.204e-5, -6.190e-6, -9.823e-5, 5.221e-5, 6.318e-6, 9.810e-5
0.024, 3.056e-7, 1.993e-7, -1.063e-7, -2.463e-9, 7.905e-9, -1.283e-8, 2.510e-7, 1.802e-7, -7.087e-8, 1.423e-8, 1.402e-8, 1.445e-8, 2.981e-7, 2.191e-7, -7.898e-8, 7.189e-9, 8.867e-9, 5.511e-9, 9.210e-5, 1.841e-6, -9.026e-5, 4.421e-5, -1.704e-6, 9.013e-5
0.020, 3.137e-7, 2.139e-7, -9.975e-8, -1.587e-9, 9.224e-9, -1.240e-8, 2.602e-7, 1.890e-7, -7.123e-8, 1.338e-8, 1.528e-8, 1.149e-8, 2.991e-7, 2.222e-7, -7.687e-8, 9.930e-9, 8.503e-9, 1.136e-8, 9.208e-5, 9.798e-6, -8.228e-5, 3.625e-5, -9.660e-6, 8.216e-5
0.016, 3.145e-7, 2.266e-7, -8.791e-8, 3.034e-9, 1.151e-8, -5.440e-9, 2.601e-7, 1.973e-7, -6.280e-8, 1.385e-8, 1.206e-8, 1.565e-8, 3.062e-7, 2.254e-7, -8.081e-8, 6.461e-9, 7.420e-9, 5.501e-9, 9.209e-5, 1.780e-5, -7.429e-5, 2.826e-5, -1.766e-5, 7.417e-5
0.012, 3.319e-7, 2.379e-7, -9.397e-8, 2.217e-9, 1.326e-8, -8.825e-9, 2.766e-7, 2.087e-7, -6.792e-8, 1.546e-8, 1.644e-8, 1.449e-8, 3.063e-7, 2.341e-7, -7.218e-8, 7.268e-9, 5.078e-9, 9.457e-9, 9.214e-5, 2.580e-5, -6.633e-5, 2.028e-5, -2.565e-5, 6.621e-5
0.008, 3.421e-7, 2.566e-7, -8.545e-8, 4.795e-9, 1.619e-8, -6.601e-9, 2.784e-7, 2.169e-7, -6.146e-8, 1.378e-8, 1.329e-8, 1.427e-8, 3.129e-7, 2.400e-7, -7.291e-8, 6.874e-9, 6.869e-9, 6.879e-9, 9.213e-5, 3.379e-5, -5.834e-5, 1.229e-5, -3.364e-5, 5.822e-5
0.004, 3.530e-7, 2.745e-7, -7.853e-8, 8.294e-9, 1.799e-8, -1.405e-9, 2.924e-7, 2.313e-7, -6.106e-8, 1.333e-8, 1.340e-8, 1.326e-8, 3.247e-7, 2.481e-7, -7.658e-8, 7.907e-9, 6.721e-9, 9.093e-9, 9.212e-5, 4.178e-5, -5.034e-5, 4.303e-6, -4.162e-5, 5.022e-5
-0.000, 3.648e-7, 2.952e-7, -6.959e-8, 1.101e-8, 2.367e-8, -1.651e-9, 3.033e-7, 2.464e-7, -5.696e-8, 1.227e-8, 9.972e-9, 1.457e-8, 3.297e-7, 2.558e-7, -7.388e-8, 4.832e-9, 2.263e-9, 7.400e-9, 9.215e-5, 4.978e-5, -4.236e-5, -3.682e-6, -4.962e-5, 4.225e-5
