-0.100, -9.841e-8, -2.182e-7, -8.305e-8, -8.919e-8
-0.099, -7.077e-8, -1.660e-7, -6.463e-8, -7.077e-8
-0.098, -6.156e-8, -1.414e-7, -5.542e-8, -6.463e-8
-0.097, -5.235e-8, -1.291e-7, -4.928e-8, -5.849e-8
-0.096, -4.928e-8, -1.168e-7, -4.621e-8, -5.542e-8
-0.095, -4.621e-8, -1.076e-7, -4.314e-8, -4.928e-8
-0.094, -4.314e-8, -1.015e-7, -4.007e-8, -4.621e-8
-0.093, -4.007e-8, -9.534e-8, -3.700e-8, -4.314e-8
-0.092, -3.700e-8, -8.920e-8, -3.393e-8, -4.314e-8
-0.091, -3.393e-8, -8.305e-8, -3.085e-8, -4.007e-8
-0.090, -3.393e-8, -7.691e-8, -2.778e-8, -3.700e-8
-0.089, -3.086e-8, -7.077e-8, -2.778e-8, -3.393e-8
-0.088, -2.779e-8, -6.463e-8, -2.471e-8, -3.086e-8
-0.087, -2.472e-8, -6.156e-8, -2.471e-8, -3.086e-8
-0.086, -2.472e-8, -5.542e-8, -2.164e-8, -2.778e-8
-0.085, -2.164e-8, -5.235e-8, -1.857e-8, -2.471e-8
-0.084, -2.164e-8, -4.928e-8, -1.857e-8, -2.471e-8
-0.083, -1.857e-8, -4.314e-8, -1.550e-8, -2.164e-8
-0.082, -1.857e-8, -4.007e-8, -1.550e-8, -1.857e-8
-0.081, -1.550e-8, -3.700e-8, -1.243e-8, -1.857e-8
-0.080, -1.550e-8, -3.393e-8, -1.243e-8, -1.550e-8
-0.079, -1.243e-8, -3.086e-8, -9.361e-9, -1.550e-8
-0.078, -1.243e-8, -2.779e-8, -9.361e-9, -1.243e-8
-0.077, -9.363e-9, -2.164e-8, -9.361e-9, -1.243e-8
-0.076, -9.363e-9, -1.857e-8, -6.291e-9, -1.243e-8
-0.075, -6.292e-9, -1.857e-8, -6.291e-9, -9.362e-9
-0.074, -6.292e-9, -1.550e-8, -3.220e-9, -9.362e-9
-0.073, -6.292e-9, -1.243e-8, -3.220e-9, -9.362e-9
-0.072, -6.292e-9, -9.362e-9, -3.220e-9, -6.291e-9
-0.071, -3.222e-9, -6.292e-9, -1.497e-10, -6.291e-9
-0.070, -3.222e-9, -3.221e-9, -1.497e-10, -3.221e-9
-0.069, -1.510e-10, -3.221e-9, -1.497e-10, -3.221e-9
-0.068, -1.510e-10, -1.507e-10, -1.497e-10, -3.221e-9
-0.067, -1.510e-10, 2.920e-9, 2.921e-9, -1.502e-10
-0.066, -1.510e-10, 5.990e-9, 2.921e-9, -1.502e-10
-0.065, 2.919e-9, 5.990e-9, 2.921e-9, -1.502e-10
-0.064, 2.919e-9, 9.061e-9, 5.991e-9, -1.502e-10
-0.063, 2.919e-9, 1.213e-8, 5.991e-9, 2.920e-9
-0.062, 5.990e-9, 1.213e-8, 5.991e-9, 2.920e-9
-0.061, 5.990e-9, 1.520e-8, 5.991e-9, 2.920e-9
-0.060, 5.990e-9, 1.520e-8, 5.991e-9, 2.920e-9
-0.059, 5.990e-9, 1.827e-8, 9.062e-9, 5.991e-9
-0.058, 5.990e-9, 1.827e-8, 9.062e-9, 5.991e-9
-0.057, 9.060e-9, 2.134e-8, 9.062e-9, 5.991e-9
-0.056, 9.060e-9, 2.134e-8, 9.062e-9, 9.061e-9
-0.055, 9.060e-9, 2.441e-8, 1.213e-8, 9.061e-9
-0.054, 9.060e-9, 2.441e-8, 1.213e-8, 9.061e-9
-0.053, 9.060e-9, 2.748e-8, 1.213e-8, 9.061e-9
-0.052, 9.060e-9, 2.748e-8, 1.213e-8, 9.061e-9
-0.051, 1.213e-8, 3.055e-8, 1.213e-8, 1.213e-8
-0.050, 1.213e-8, 3.055e-8, 1.213e-8, 1.213e-8
-0.049, 1.213e-8, 3.055e-8, 1.520e-8, 1.213e-8
-0.048, 1.213e-8, 3.362e-8, 1.520e-8, 1.213e-8
-0.047, 1.520e-8, 3.362e-8, 1.520e-8, 1.213e-8
-0.046, 1.213e-8, 3.670e-8, 1.520e-8, 1.520e-8
-0.045, 1.520e-8, 3.670e-8, 1.520e-8, 1.520e-8
-0.044, 1.520e-8, 3.670e-8, 1.827e-8, 1.520e-8
-0.043, 1.520e-8, 3.977e-8, 1.827e-8, 1.520e-8
-0.042, 1.520e-8, 3.977e-8, 1.827e-8, 1.520e-8
-0.041, 1.520e-8, 3.977e-8, 1.827e-8, 1.520e-8
-0.040, 1.520e-8, 3.977e-8, 1.827e-8, 1.520e-8
-0.039, 1.520e-8, 4.284e-8, 1.827e-8, 1.827e-8
-0.038, 1.827e-8, 4.284e-8, 1.827e-8, 1.827e-8
-0.037, 1.827e-8, 4.284e-8, 1.827e-8, 1.827e-8
-0.036, 1.827e-8, 4.591e-8, 1.827e-8, 1.827e-8
-0.035, 1.827e-8, 4.591e-8, 2.134e-8, 1.827e-8
-0.034, 1.827e-8, 4.591e-8, 1.827e-8, 1.827e-8
-0.033, 2.134e-8, 4.898e-8, 2.134e-8, 2.134e-8
-0.032, 1.827e-8, 4.898e-8, 2.134e-8, 2.134e-8
-0.031, 2.134e-8, 4.898e-8, 2.134e-8, 2.134e-8
-0.030, 2.134e-8, 4.898e-8, 2.134e-8, 2.134e-8
-0.029, 2.134e-8, 4.898e-8, 2.134e-8, 2.134e-8
-0.028, 2.134e-8, 5.205e-8, 2.134e-8, 2.134e-8
-0.027, 2.134e-8, 5.205e-8, 2.441e-8, 2.134e-8
-0.026, 2.134e-8, 5.205e-8, 2.441e-8, 2.134e-8
-0.025, 2.134e-8, 5.205e-8, 2.441e-8, 2.134e-8
-0.024, 2.134e-8, 5.512e-8, 2.134e-8, 2.134e-8
-0.023, 2.134e-8, 5.512e-8, 2.441e-8, 2.441e-8
-0.022, 2.134e-8, 5.512e-8, 2.441e-8, 2.441e-8
-0.021, 2.134e-8, 5.512e-8, 2.441e-8, 2.441e-8
-0.020, 2.441e-8, 5.819e-8, 2.441e-8, 2.441e-8
-0.019, 2.441e-8, 5.512e-8, 2.441e-8, 2.441e-8
-0.018, 2.441e-8, 5.819e-8, 2.441e-8, 2.441e-8
-0.017, 2.441e-8, 5.819e-8, 2.441e-8, 2.441e-8
-0.016, 2.441e-8, 5.819e-8, 2.441e-8, 2.441e-8
-0.015, 2.441e-8, 5.819e-8, 2.441e-8, 2.441e-8
-0.014, 2.441e-8, 5.819e-8, 2.441e-8, 2.748e-8
-0.013, 2.441e-8, 6.126e-8, 2.748e-8, 2.748e-8
-0.012, 2.441e-8, 6.126e-8, 2.748e-8, 2.748e-8
-0.011, 2.441e-8, 6.126e-8, 2.748e-8, 2.748e-8
-0.010, 2.441e-8, 6.126e-8, 2.748e-8, 2.748e-8
-0.009, 2.748e-8, 6.433e-8, 2.748e-8, 2.748e-8
-0.008, 2.748e-8, 6.126e-8, 2.748e-8, 2.748e-8
-0.007, 2.748e-8, 6.433e-8, 2.748e-8, 2.748e-8
-0.006, 2.748e-8, 6.433e-8, 2.748e-8, 2.748e-8
-0.005, 2.748e-8, 6.433e-8, 2.748e-8, 2.748e-8
-0.004, 2.748e-8, 6.433e-8, 2.748e-8, 2.748e-8
-0.003, 2.748e-8, 6.433e-8, 2.748e-8, 2.748e-8
-0.002, 2.748e-8, 6.740e-8, 2.748e-8, 3.055e-8
-0.001, 2.748e-8, 6.740e-8, 2.748e-8, 3.055e-8
-0.000, 2.748e-8, 6.740e-8, 3.056e-8, 3.055e-8
0.001, 2.748e-8, 7.047e-8, 3.056e-8, 3.055e-8
0.002, 2.748e-8, 6.740e-8, 3.056e-8, 3.055e-8
0.003, 2.748e-8, 7.047e-8, 3.056e-8, 3.055e-8
0.004, 3.055e-8, 7.047e-8, 3.056e-8, 3.055e-8
0.005, 2.748e-8, 7.047e-8, 3.056e-8, 3.055e-8
0.006, 3.055e-8, 7.047e-8, 3.056e-8, 3.055e-8
0.007, 3.055e-8, 7.047e-8, 3.056e-8, 3.055e-8
0.008, 3.055e-8, 7.047e-8, 3.056e-8, 3.055e-8
0.009, 3.055e-8, 7.354e-8, 3.056e-8, 3.363e-8
0.010, 3.055e-8, 7.354e-8, 3.056e-8, 3.363e-8
0.011, 3.055e-8, 7.354e-8, 3.056e-8, 3.363e-8
0.012, 3.055e-8, 7.354e-8, 3.056e-8, 3.363e-8
0.013, 3.055e-8, 7.354e-8, 3.056e-8, 3.363e-8
0.014, 3.055e-8, 7.354e-8, 3.056e-8, 3.363e-8
0.015, 3.055e-8, 7.354e-8, 3.056e-8, 3.363e-8
0.016, 3.055e-8, 7.354e-8, 3.363e-8, 3.363e-8
0.017, 3.055e-8, 7.661e-8, 3.056e-8, 3.363e-8
0.018, 3.055e-8, 7.354e-8, 3.363e-8, 3.363e-8
0.019, 3.055e-8, 7.661e-8, 3.363e-8, 3.363e-8
0.020, 3.055e-8, 7.661e-8, 3.363e-8, 3.363e-8
0.021, 3.362e-8, 7.661e-8, 3.056e-8, 3.363e-8
0.022, 3.362e-8, 7.968e-8, 3.363e-8, 3.363e-8
0.023, 3.362e-8, 7.661e-8, 3.363e-8, 3.670e-8
0.024, 3.362e-8, 7.661e-8, 3.363e-8, 3.363e-8
0.025, 3.362e-8, 7.968e-8, 3.363e-8, 3.670e-8
0.026, 3.362e-8, 7.968e-8, 3.363e-8, 3.670e-8
0.027, 3.362e-8, 7.968e-8, 3.363e-8, 3.670e-8
0.028, 3.362e-8, 7.968e-8, 3.363e-8, 3.670e-8
0.029, 3.362e-8, 7.968e-8, 3.363e-8, 3.670e-8
0.030, 3.362e-8, 7.968e-8, 3.363e-8, 3.670e-8
0.031, 3.362e-8, 8.275e-8, 3.363e-8, 3.670e-8
0.032, 3.362e-8, 8.275e-8, 3.670e-8, 3.670e-8
0.033, 3.362e-8, 8.275e-8, 3.670e-8, 3.670e-8
0.034, 3.362e-8, 8.275e-8, 3.670e-8, 3.977e-8
0.035, 3.362e-8, 8.275e-8, 3.363e-8, 3.670e-8
0.036, 3.362e-8, 8.275e-8, 3.670e-8, 3.977e-8
0.037, 3.669e-8, 8.275e-8, 3.670e-8, 3.977e-8
0.038, 3.669e-8, 8.582e-8, 3.670e-8, 3.977e-8
0.039, 3.669e-8, 8.582e-8, 3.670e-8, 3.977e-8
0.040, 3.669e-8, 8.582e-8, 3.670e-8, 3.977e-8
0.041, 3.669e-8, 8.582e-8, 3.670e-8, 3.977e-8
0.042, 3.669e-8, 8.582e-8, 3.670e-8, 3.977e-8
0.043, 3.669e-8, 8.582e-8, 3.670e-8, 3.977e-8
0.044, 3.669e-8, 8.889e-8, 3.670e-8, 3.977e-8
0.045, 3.669e-8, 8.889e-8, 3.670e-8, 3.977e-8
0.046, 3.669e-8, 8.889e-8, 3.670e-8, 3.977e-8
0.047, 3.669e-8, 8.889e-8, 3.977e-8, 3.977e-8
0.048, 3.669e-8, 8.889e-8, 3.977e-8, 4.284e-8
0.049, 3.977e-8, 9.196e-8, 3.977e-8, 4.284e-8
0.050, 3.977e-8, 8.889e-8, 3.977e-8, 4.284e-8
0.051, 3.977e-8, 9.196e-8, 3.977e-8, 4.284e-8
0.052, 3.977e-8, 9.196e-8, 3.977e-8, 4.284e-8
0.053, 3.977e-8, 9.196e-8, 3.977e-8, 4.284e-8
0.054, 3.977e-8, 9.196e-8, 3.977e-8, 4.284e-8
0.055, 3.977e-8, 9.196e-8, 3.977e-8, 4.284e-8
0.056, 3.977e-8, 9.503e-8, 3.977e-8, 4.284e-8
0.057, 3.977e-8, 9.503e-8, 3.977e-8, 4.284e-8
0.058, 3.977e-8, 9.503e-8, 3.977e-8, 4.284e-8
0.059, 3.977e-8, 9.503e-8, 3.977e-8, 4.284e-8
0.060, 3.977e-8, 9.503e-8, 3.977e-8, 4.591e-8
0.061, 4.284e-8, 9.811e-8, 4.284e-8, 4.591e-8
0.062, 4.284e-8, 9.811e-8, 4.284e-8, 4.591e-8
0.063, 4.284e-8, 9.811e-8, 4.284e-8, 4.591e-8
0.064, 4.284e-8, 9.811e-8, 4.284e-8, 4.591e-8
0.065, 4.284e-8, 9.811e-8, 4.284e-8, 4.591e-8
0.066, 4.284e-8, 9.811e-8, 4.284e-8, 4.591e-8
0.067, 4.284e-8, 1.012e-7, 4.284e-8, 4.591e-8
0.068, 4.284e-8, 1.012e-7, 4.284e-8, 4.591e-8
0.069, 4.284e-8, 1.012e-7, 4.284e-8, 4.591e-8
0.070, 4.284e-8, 1.012e-7, 4.284e-8, 4.898e-8
0.071, 4.591e-8, 1.042e-7, 4.284e-8, 4.898e-8
0.072, 4.591e-8, 1.042e-7, 4.591e-8, 4.898e-8
0.073, 4.591e-8, 1.042e-7, 4.284e-8, 4.898e-8
0.074, 4.591e-8, 1.042e-7, 4.591e-8, 4.898e-8
0.075, 4.591e-8, 1.042e-7, 4.591e-8, 4.898e-8
0.076, 4.591e-8, 1.073e-7, 4.591e-8, 4.898e-8
0.077, 4.591e-8, 1.073e-7, 4.591e-8, 4.898e-8
0.078, 4.591e-8, 1.073e-7, 4.591e-8, 4.898e-8
0.079, 4.591e-8, 1.073e-7, 4.591e-8, 4.898e-8
0.080, 4.591e-8, 1.073e-7, 4.591e-8, 4.898e-8
0.081, 4.898e-8, 1.104e-7, 4.591e-8, 5.205e-8
0.082, 4.898e-8, 1.104e-7, 4.591e-8, 5.205e-8
0.083, 4.898e-8, 1.104e-7, 4.898e-8, 5.205e-8
0.084, 4.898e-8, 1.104e-7, 4.591e-8, 5.205e-8
0.085, 4.898e-8, 1.135e-7, 4.898e-8, 5.205e-8
0.086, 4.898e-8, 1.135e-7, 4.898e-8, 5.205e-8
0.087, 4.898e-8, 1.135e-7, 4.898e-8, 5.512e-8
0.088, 5.205e-8, 1.135e-7, 4.898e-8, 5.512e-8
0.089, 5.205e-8, 1.165e-7, 4.898e-8, 5.512e-8
0.090, 5.205e-8, 1.165e-7, 4.898e-8, 5.512e-8
0.091, 5.205e-8, 1.196e-7, 4.898e-8, 5.512e-8
0.092, 5.205e-8, 1.196e-7, 4.898e-8, 5.512e-8
0.093, 5.205e-8, 1.196e-7, 5.205e-8, 5.512e-8
0.094, 5.205e-8, 1.227e-7, 4.898e-8, 5.512e-8
0.095, 5.512e-8, 1.227e-7, 5.205e-8, 5.512e-8
0.096, 5.512e-8, 1.227e-7, 5.205e-8, 5.819e-8
0.097, 5.512e-8, 1.257e-7, 5.205e-8, 5.819e-8
0.098, 5.512e-8, 1.257e-7, 5.205e-8, 5.819e-8
0.099, 5.512e-8, 1.257e-7, 5.205e-8, 5.819e-8
0.100, 5.512e-8, 1.288e-7, 5.205e-8, 5.819e-8
0.101, 5.819e-8, 1.288e-7, 5.512e-8, 5.819e-8
0.102, 5.819e-8, 1.288e-7, 5.512e-8, 5.819e-8
0.103, 5.819e-8, 1.319e-7, 5.512e-8, 6.126e-8
0.104, 5.819e-8, 1.319e-7, 5.512e-8, 6.126e-8
0.105, 5.819e-8, 1.319e-7, 5.512e-8, 6.126e-8
0.106, 5.819e-8, 1.350e-7, 5.512e-8, 6.126e-8
0.107, 6.126e-8, 1.350e-7, 5.512e-8, 6.433e-8
0.108, 6.126e-8, 1.380e-7, 5.819e-8, 6.433e-8
0.109, 6.126e-8, 1.380e-7, 5.819e-8, 6.433e-8
0.110, 6.126e-8, 1.411e-7, 5.819e-8, 6.433e-8
0.111, 6.433e-8, 1.411e-7, 5.819e-8, 6.433e-8
0.112, 6.433e-8, 1.442e-7, 5.819e-8, 6.433e-8
0.113, 6.433e-8, 1.442e-7, 5.819e-8, 6.740e-8
0.114, 6.433e-8, 1.472e-7, 6.126e-8, 6.740e-8
0.115, 6.433e-8, 1.472e-7, 6.126e-8, 6.740e-8
0.116, 6.740e-8, 1.503e-7, 6.126e-8, 7.047e-8
0.117, 6.740e-8, 1.503e-7, 6.126e-8, 7.047e-8
0.118, 6.740e-8, 1.534e-7, 6.126e-8, 7.047e-8
0.119, 7.047e-8, 1.564e-7, 6.433e-8, 7.047e-8
0.120, 7.047e-8, 1.564e-7, 6.433e-8, 7.047e-8
0.121, 7.047e-8, 1.595e-7, 6.433e-8, 7.354e-8
0.122, 7.354e-8, 1.626e-7, 6.433e-8, 7.354e-8
0.123, 7.354e-8, 1.626e-7, 6.740e-8, 7.354e-8
0.124, 7.354e-8, 1.657e-7, 6.740e-8, 7.661e-8
0.125, 7.661e-8, 1.657e-7, 6.740e-8, 7.661e-8
0.126, 7.661e-8, 1.687e-7, 6.740e-8, 7.661e-8
0.127, 7.661e-8, 1.718e-7, 7.047e-8, 7.661e-8
0.128, 7.968e-8, 1.749e-7, 7.047e-8, 7.968e-8
0.129, 7.968e-8, 1.749e-7, 7.047e-8, 7.968e-8
0.130, 7.968e-8, 1.779e-7, 7.047e-8, 7.968e-8
0.131, 8.275e-8, 1.810e-7, 7.354e-8, 7.968e-8
0.132, 8.275e-8, 1.841e-7, 7.354e-8, 8.275e-8
0.133, 8.275e-8, 1.841e-7, 7.354e-8, 8.275e-8
0.134, 8.582e-8, 1.871e-7, 7.354e-8, 8.582e-8
0.135, 8.582e-8, 1.902e-7, 7.661e-8, 8.582e-8
0.136, 8.889e-8, 1.933e-7, 7.661e-8, 8.582e-8
0.137, 8.889e-8, 1.964e-7, 7.661e-8, 8.582e-8
0.138, 8.889e-8, 1.964e-7, 7.968e-8, 8.889e-8
0.139, 9.196e-8, 1.994e-7, 7.968e-8, 8.889e-8
0.140, 9.196e-8, 2.025e-7, 7.968e-8, 9.196e-8
0.141, 9.503e-8, 2.056e-7, 8.275e-8, 9.196e-8
0.142, 9.503e-8, 2.086e-7, 8.275e-8, 9.196e-8
0.143, 9.810e-8, 2.117e-7, 8.275e-8, 9.504e-8
0.144, 9.810e-8, 2.148e-7, 8.582e-8, 9.504e-8
0.145, 9.810e-8, 2.179e-7, 8.582e-8, 9.504e-8
0.146, 1.012e-7, 2.179e-7, 8.582e-8, 9.811e-8
0.147, 1.012e-7, 2.240e-7, 8.889e-8, 9.811e-8
0.148, 1.042e-7, 2.240e-7, 8.889e-8, 1.012e-7
0.149, 1.042e-7, 2.271e-7, 8.889e-8, 1.012e-7
0.150, 1.073e-7, 2.301e-7, 9.196e-8, 1.012e-7
0.151, 1.073e-7, 2.332e-7, 9.196e-8, 1.042e-7
0.152, 1.104e-7, 2.363e-7, 9.504e-8, 1.042e-7
0.153, 1.104e-7, 2.393e-7, 9.504e-8, 1.073e-7
0.154, 1.135e-7, 2.424e-7, 9.811e-8, 1.073e-7
0.155, 1.135e-7, 2.455e-7, 9.811e-8, 1.104e-7
0.156, 1.165e-7, 2.486e-7, 9.811e-8, 1.104e-7
0.157, 1.165e-7, 2.516e-7, 9.811e-8, 1.104e-7
0.158, 1.196e-7, 2.547e-7, 1.012e-7, 1.135e-7
0.159, 1.196e-7, 2.578e-7, 1.012e-7, 1.135e-7
0.160, 1.227e-7, 2.608e-7, 1.042e-7, 1.165e-7
0.161, 1.257e-7, 2.670e-7, 1.042e-7, 1.165e-7
0.162, 1.257e-7, 2.701e-7, 1.042e-7, 1.196e-7
0.163, 1.257e-7, 2.731e-7, 1.073e-7, 1.196e-7
0.164, 1.288e-7, 2.762e-7, 1.073e-7, 1.227e-7
0.165, 1.319e-7, 2.793e-7, 1.104e-7, 1.227e-7
0.166, 1.319e-7, 2.823e-7, 1.104e-7, 1.227e-7
0.167, 1.350e-7, 2.854e-7, 1.104e-7, 1.257e-7
0.168, 1.350e-7, 2.885e-7, 1.135e-7, 1.288e-7
0.169, 1.380e-7, 2.915e-7, 1.135e-7, 1.288e-7
0.170, 1.380e-7, 2.946e-7, 1.165e-7, 1.288e-7
0.171, 1.411e-7, 3.008e-7, 1.165e-7, 1.319e-7
0.172, 1.411e-7, 3.038e-7, 1.196e-7, 1.319e-7
0.173, 1.442e-7, 3.069e-7, 1.196e-7, 1.350e-7
0.174, 1.472e-7, 3.100e-7, 1.196e-7, 1.350e-7
0.175, 1.503e-7, 3.130e-7, 1.227e-7, 1.380e-7
0.176, 1.503e-7, 3.192e-7, 1.227e-7, 1.380e-7
0.177, 1.534e-7, 3.223e-7, 1.257e-7, 1.411e-7
0.178, 1.534e-7, 3.253e-7, 1.257e-7, 1.411e-7
0.179, 1.564e-7, 3.284e-7, 1.288e-7, 1.442e-7
0.180, 1.595e-7, 3.315e-7, 1.288e-7, 1.472e-7
0.181, 1.595e-7, 3.345e-7, 1.319e-7, 1.472e-7
0.182, 1.626e-7, 3.407e-7, 1.319e-7, 1.472e-7
0.183, 1.657e-7, 3.437e-7, 1.319e-7, 1.503e-7
0.184, 1.657e-7, 3.468e-7, 1.350e-7, 1.503e-7
0.185, 1.687e-7, 3.499e-7, 1.350e-7, 1.534e-7
0.186, 1.718e-7, 3.530e-7, 1.380e-7, 1.564e-7
0.187, 1.718e-7, 3.591e-7, 1.380e-7, 1.564e-7
0.188, 1.749e-7, 3.622e-7, 1.411e-7, 1.595e-7
0.189, 1.779e-7, 3.652e-7, 1.442e-7, 1.595e-7
0.190, 1.779e-7, 3.683e-7, 1.442e-7, 1.626e-7
0.191, 1.810e-7, 3.714e-7, 1.442e-7, 1.626e-7
0.192, 1.841e-7, 3.775e-7, 1.472e-7, 1.657e-7
0.193, 1.841e-7, 3.806e-7, 1.472e-7, 1.657e-7
0.194, 1.871e-7, 3.837e-7, 1.503e-7, 1.687e-7
0.195, 1.902e-7, 3.867e-7, 1.503e-7, 1.718e-7
0.196, 1.902e-7, 3.929e-7, 1.534e-7, 1.718e-7
0.197, 1.933e-7, 3.959e-7, 1.534e-7, 1.749e-7
0.198, 1.964e-7, 3.990e-7, 1.564e-7, 1.749e-7
0.199, 1.964e-7, 4.021e-7, 1.564e-7, 1.779e-7
0.200, 1.994e-7, 4.082e-7, 1.595e-7, 1.810e-7
0.201, 2.025e-7, 4.113e-7, 1.595e-7, 1.810e-7
0.202, 2.056e-7, 4.144e-7, 1.626e-7, 1.841e-7
0.203, 2.056e-7, 4.205e-7, 1.626e-7, 1.841e-7
0.204, 2.086e-7, 4.236e-7, 1.657e-7, 1.871e-7
0.205, 2.117e-7, 4.297e-7, 1.687e-7, 1.871e-7
0.206, 2.148e-7, 4.328e-7, 1.687e-7, 1.902e-7
0.207, 2.179e-7, 4.359e-7, 1.718e-7, 1.933e-7
0.208, 2.179e-7, 4.389e-7, 1.718e-7, 1.933e-7
0.209, 2.209e-7, 4.451e-7, 1.749e-7, 1.964e-7
0.210, 2.240e-7, 4.481e-7, 1.749e-7, 1.994e-7
0.211, 2.271e-7, 4.543e-7, 1.779e-7, 1.994e-7
0.212, 2.301e-7, 4.574e-7, 1.810e-7, 2.025e-7
0.213, 2.301e-7, 4.604e-7, 1.810e-7, 2.056e-7
0.214, 2.332e-7, 4.666e-7, 1.841e-7, 2.086e-7
0.215, 2.363e-7, 4.696e-7, 1.841e-7, 2.086e-7
0.216, 2.393e-7, 4.727e-7, 1.841e-7, 2.117e-7
0.217, 2.393e-7, 4.758e-7, 1.872e-7, 2.117e-7
0.218, 2.424e-7, 4.819e-7, 1.902e-7, 2.148e-7
0.219, 2.455e-7, 4.850e-7, 1.902e-7, 2.179e-7
0.220, 2.486e-7, 4.911e-7, 1.933e-7, 2.179e-7
0.221, 2.516e-7, 4.942e-7, 1.964e-7, 2.209e-7
0.222, 2.516e-7, 5.003e-7, 1.964e-7, 2.209e-7
0.223, 2.547e-7, 5.034e-7, 1.994e-7, 2.240e-7
0.224, 2.578e-7, 5.065e-7, 1.994e-7, 2.271e-7
0.225, 2.608e-7, 5.126e-7, 2.025e-7, 2.301e-7
0.226, 2.639e-7, 5.157e-7, 2.056e-7, 2.301e-7
0.227, 2.670e-7, 5.218e-7, 2.056e-7, 2.332e-7
0.228, 2.670e-7, 5.249e-7, 2.086e-7, 2.363e-7
0.229, 2.701e-7, 5.280e-7, 2.086e-7, 2.363e-7
0.230, 2.731e-7, 5.341e-7, 2.117e-7, 2.393e-7
0.231, 2.762e-7, 5.372e-7, 2.148e-7, 2.424e-7
0.232, 2.793e-7, 5.403e-7, 2.179e-7, 2.455e-7
0.233, 2.823e-7, 5.464e-7, 2.179e-7, 2.455e-7
0.234, 2.854e-7, 5.495e-7, 2.209e-7, 2.486e-7
0.235, 2.885e-7, 5.525e-7, 2.209e-7, 2.516e-7
0.236, 2.915e-7, 5.587e-7, 2.240e-7, 2.516e-7
0.237, 2.946e-7, 5.618e-7, 2.271e-7, 2.547e-7
0.238, 2.946e-7, 5.679e-7, 2.271e-7, 2.578e-7
0.239, 2.977e-7, 5.710e-7, 2.301e-7, 2.608e-7
0.240, 3.008e-7, 5.740e-7, 2.301e-7, 2.608e-7
0.241, 3.038e-7, 5.771e-7, 2.332e-7, 2.639e-7
0.242, 3.069e-7, 5.832e-7, 2.363e-7, 2.670e-7
0.243, 3.100e-7, 5.863e-7, 2.393e-7, 2.670e-7
0.244, 3.130e-7, 5.894e-7, 2.393e-7, 2.701e-7
0.245, 3.161e-7, 5.955e-7, 2.424e-7, 2.731e-7
0.246, 3.192e-7, 5.986e-7, 2.424e-7, 2.762e-7
0.247, 3.192e-7, 6.017e-7, 2.455e-7, 2.793e-7
0.248, 3.253e-7, 6.047e-7, 2.486e-7, 2.793e-7
0.249, 3.253e-7, 6.078e-7, 2.486e-7, 2.823e-7
0.250, 3.284e-7, 6.139e-7, 2.516e-7, 2.854e-7
0.251, 3.315e-7, 6.170e-7, 2.547e-7, 2.854e-7
0.252, 3.345e-7, 6.201e-7, 2.547e-7, 2.885e-7
0.253, 3.376e-7, 6.232e-7, 2.578e-7, 2.885e-7
0.254, 3.407e-7, 6.262e-7, 2.578e-7, 2.915e-7
0.255, 3.437e-7, 6.293e-7, 2.608e-7, 2.946e-7
0.256, 3.468e-7, 6.324e-7, 2.639e-7, 2.977e-7
0.257, 3.468e-7, 6.354e-7, 2.670e-7, 2.977e-7
0.258, 3.499e-7, 6.385e-7, 2.670e-7, 3.008e-7
0.259, 3.530e-7, 6.447e-7, 2.701e-7, 3.038e-7
0.260, 3.560e-7, 6.477e-7, 2.731e-7, 3.038e-7
0.261, 3.591e-7, 6.477e-7, 2.731e-7, 3.069e-7
0.262, 3.622e-7, 6.539e-7, 2.762e-7, 3.100e-7
0.263, 3.652e-7, 6.569e-7, 2.762e-7, 3.100e-7
0.264, 3.652e-7, 6.600e-7, 2.793e-7, 3.130e-7
0.265, 3.683e-7, 6.600e-7, 2.793e-7, 3.161e-7
0.266, 3.714e-7, 6.631e-7, 2.823e-7, 3.161e-7
0.267, 3.744e-7, 6.661e-7, 2.823e-7, 3.192e-7
0.268, 3.775e-7, 6.692e-7, 2.854e-7, 3.192e-7
0.269, 3.775e-7, 6.723e-7, 2.885e-7, 3.223e-7
0.270, 3.806e-7, 6.754e-7, 2.885e-7, 3.253e-7
0.271, 3.837e-7, 6.784e-7, 2.915e-7, 3.284e-7
0.272, 3.867e-7, 6.784e-7, 2.946e-7, 3.284e-7
0.273, 3.898e-7, 6.815e-7, 2.946e-7, 3.315e-7
0.274, 3.898e-7, 6.846e-7, 2.977e-7, 3.315e-7
0.275, 3.929e-7, 6.876e-7, 2.977e-7, 3.345e-7
0.276, 3.959e-7, 6.907e-7, 3.008e-7, 3.376e-7
0.277, 3.990e-7, 6.907e-7, 3.038e-7, 3.376e-7
0.278, 3.990e-7, 6.938e-7, 3.038e-7, 3.407e-7
0.279, 4.021e-7, 6.969e-7, 3.069e-7, 3.407e-7
0.280, 4.052e-7, 6.969e-7, 3.069e-7, 3.437e-7
0.281, 4.082e-7, 6.999e-7, 3.100e-7, 3.468e-7
0.282, 4.082e-7, 7.030e-7, 3.130e-7, 3.468e-7
0.283, 4.113e-7, 7.061e-7, 3.130e-7, 3.499e-7
0.284, 4.144e-7, 7.091e-7, 3.161e-7, 3.499e-7
0.285, 4.174e-7, 7.091e-7, 3.161e-7, 3.530e-7
0.286, 4.205e-7, 7.122e-7, 3.192e-7, 3.530e-7
0.287, 4.236e-7, 7.122e-7, 3.192e-7, 3.560e-7
0.288, 4.236e-7, 7.153e-7, 3.223e-7, 3.560e-7
0.289, 4.266e-7, 7.153e-7, 3.253e-7, 3.591e-7
0.290, 4.297e-7, 7.183e-7, 3.253e-7, 3.622e-7
0.291, 4.328e-7, 7.183e-7, 3.284e-7, 3.622e-7
0.292, 4.359e-7, 7.214e-7, 3.315e-7, 3.652e-7
0.293, 4.359e-7, 7.245e-7, 3.315e-7, 3.652e-7
0.294, 4.389e-7, 7.245e-7, 3.345e-7, 3.683e-7
0.295, 4.389e-7, 7.276e-7, 3.345e-7, 3.714e-7
0.296, 4.420e-7, 7.276e-7, 3.376e-7, 3.714e-7
0.297, 4.451e-7, 7.306e-7, 3.376e-7, 3.745e-7
0.298, 4.481e-7, 7.337e-7, 3.407e-7, 3.745e-7
0.299, 4.512e-7, 7.337e-7, 3.407e-7, 3.775e-7
0.300, 4.512e-7, 7.368e-7, 3.437e-7, 3.775e-7
0.301, 4.543e-7, 7.368e-7, 3.468e-7, 3.775e-7
0.302, 4.574e-7, 7.398e-7, 3.468e-7, 3.806e-7
0.303, 4.574e-7, 7.398e-7, 3.468e-7, 3.806e-7
0.304, 4.604e-7, 7.398e-7, 3.499e-7, 3.837e-7
0.305, 4.635e-7, 7.429e-7, 3.530e-7, 3.837e-7
0.306, 4.666e-7, 7.429e-7, 3.530e-7, 3.867e-7
0.307, 4.666e-7, 7.460e-7, 3.560e-7, 3.898e-7
0.308, 4.696e-7, 7.460e-7, 3.560e-7, 3.898e-7
0.309, 4.727e-7, 7.491e-7, 3.591e-7, 3.929e-7
0.310, 4.758e-7, 7.491e-7, 3.622e-7, 3.929e-7
0.311, 4.758e-7, 7.521e-7, 3.622e-7, 3.959e-7
0.312, 4.788e-7, 7.521e-7, 3.652e-7, 3.959e-7
0.313, 4.819e-7, 7.521e-7, 3.652e-7, 3.990e-7
0.314, 4.850e-7, 7.552e-7, 3.683e-7, 3.990e-7
0.315, 4.850e-7, 7.552e-7, 3.683e-7, 4.021e-7
0.316, 4.881e-7, 7.583e-7, 3.714e-7, 4.021e-7
0.317, 4.911e-7, 7.583e-7, 3.745e-7, 4.052e-7
0.318, 4.942e-7, 7.613e-7, 3.745e-7, 4.052e-7
0.319, 4.942e-7, 7.613e-7, 3.775e-7, 4.082e-7
0.320, 4.973e-7, 7.644e-7, 3.775e-7, 4.082e-7
0.321, 5.003e-7, 7.644e-7, 3.806e-7, 4.113e-7
0.322, 5.003e-7, 7.644e-7, 3.806e-7, 4.113e-7
0.323, 5.034e-7, 7.675e-7, 3.837e-7, 4.144e-7
0.324, 5.065e-7, 7.675e-7, 3.837e-7, 4.144e-7
0.325, 5.096e-7, 7.705e-7, 3.867e-7, 4.174e-7
0.326, 5.096e-7, 7.705e-7, 3.867e-7, 4.174e-7
0.327, 5.126e-7, 7.705e-7, 3.898e-7, 4.205e-7
0.328, 5.157e-7, 7.705e-7, 3.898e-7, 4.205e-7
0.329, 5.188e-7, 7.736e-7, 3.929e-7, 4.236e-7
0.330, 5.188e-7, 7.736e-7, 3.959e-7, 4.236e-7
0.331, 5.218e-7, 7.767e-7, 3.959e-7, 4.266e-7
0.332, 5.249e-7, 7.767e-7, 3.990e-7, 4.266e-7
0.333, 5.280e-7, 7.767e-7, 3.990e-7, 4.297e-7
0.334, 5.280e-7, 7.798e-7, 4.021e-7, 4.297e-7
0.335, 5.310e-7, 7.798e-7, 4.021e-7, 4.297e-7
0.336, 5.341e-7, 7.798e-7, 4.052e-7, 4.328e-7
0.337, 5.341e-7, 7.828e-7, 4.082e-7, 4.328e-7
0.338, 5.372e-7, 7.828e-7, 4.082e-7, 4.359e-7
0.339, 5.403e-7, 7.828e-7, 4.113e-7, 4.359e-7
0.340, 5.403e-7, 7.828e-7, 4.113e-7, 4.389e-7
0.341, 5.433e-7, 7.859e-7, 4.144e-7, 4.389e-7
0.342, 5.464e-7, 7.859e-7, 4.144e-7, 4.420e-7
0.343, 5.495e-7, 7.890e-7, 4.174e-7, 4.420e-7
0.344, 5.495e-7, 7.890e-7, 4.174e-7, 4.451e-7
0.345, 5.525e-7, 7.890e-7, 4.205e-7, 4.451e-7
0.346, 5.556e-7, 7.890e-7, 4.236e-7, 4.481e-7
0.347, 5.587e-7, 7.920e-7, 4.236e-7, 4.481e-7
0.348, 5.587e-7, 7.920e-7, 4.266e-7, 4.512e-7
0.349, 5.617e-7, 7.920e-7, 4.266e-7, 4.512e-7
0.350, 5.648e-7, 7.951e-7, 4.297e-7, 4.512e-7
0.351, 5.648e-7, 7.951e-7, 4.328e-7, 4.543e-7
0.352, 5.679e-7, 7.951e-7, 4.328e-7, 4.543e-7
0.353, 5.710e-7, 7.982e-7, 4.359e-7, 4.574e-7
0.354, 5.740e-7, 7.982e-7, 4.359e-7, 4.574e-7
0.355, 5.740e-7, 7.982e-7, 4.389e-7, 4.604e-7
0.356, 5.771e-7, 8.012e-7, 4.389e-7, 4.604e-7
0.357, 5.802e-7, 8.012e-7, 4.420e-7, 4.635e-7
0.358, 5.802e-7, 8.012e-7, 4.420e-7, 4.635e-7
0.359, 5.832e-7, 8.043e-7, 4.451e-7, 4.666e-7
0.360, 5.863e-7, 8.043e-7, 4.481e-7, 4.666e-7
0.361, 5.863e-7, 8.043e-7, 4.481e-7, 4.696e-7
0.362, 5.894e-7, 8.043e-7, 4.512e-7, 4.696e-7
0.363, 5.925e-7, 8.074e-7, 4.512e-7, 4.727e-7
0.364, 5.925e-7, 8.074e-7, 4.543e-7, 4.727e-7
0.365, 5.955e-7, 8.074e-7, 4.543e-7, 4.727e-7
0.366, 5.986e-7, 8.105e-7, 4.574e-7, 4.758e-7
0.367, 5.986e-7, 8.105e-7, 4.604e-7, 4.758e-7
0.368, 6.017e-7, 8.105e-7, 4.604e-7, 4.788e-7
0.369, 6.047e-7, 8.135e-7, 4.635e-7, 4.788e-7
0.370, 6.078e-7, 8.135e-7, 4.635e-7, 4.819e-7
0.371, 6.078e-7, 8.166e-7, 4.666e-7, 4.819e-7
0.372, 6.109e-7, 8.166e-7, 4.696e-7, 4.850e-7
0.373, 6.139e-7, 8.166e-7, 4.696e-7, 4.850e-7
0.374, 6.139e-7, 8.166e-7, 4.727e-7, 4.881e-7
0.375, 6.170e-7, 8.197e-7, 4.727e-7, 4.881e-7
0.376, 6.201e-7, 8.197e-7, 4.758e-7, 4.911e-7
0.377, 6.201e-7, 8.227e-7, 4.758e-7, 4.911e-7
0.378, 6.232e-7, 8.227e-7, 4.788e-7, 4.942e-7
0.379, 6.262e-7, 8.227e-7, 4.819e-7, 4.942e-7
0.380, 6.293e-7, 8.258e-7, 4.819e-7, 4.973e-7
0.381, 6.293e-7, 8.258e-7, 4.850e-7, 4.973e-7
0.382, 6.324e-7, 8.258e-7, 4.850e-7, 4.973e-7
0.383, 6.354e-7, 8.289e-7, 4.881e-7, 5.003e-7
0.384, 6.385e-7, 8.289e-7, 4.911e-7, 5.034e-7
0.385, 6.385e-7, 8.320e-7, 4.911e-7, 5.034e-7
0.386, 6.416e-7, 8.320e-7, 4.942e-7, 5.065e-7
0.387, 6.447e-7, 8.350e-7, 4.942e-7, 5.065e-7
0.388, 6.447e-7, 8.350e-7, 4.973e-7, 5.096e-7
0.389, 6.477e-7, 8.381e-7, 4.973e-7, 5.096e-7
0.390, 6.508e-7, 8.381e-7, 5.003e-7, 5.126e-7
0.391, 6.508e-7, 8.412e-7, 5.034e-7, 5.126e-7
0.392, 6.539e-7, 8.412e-7, 5.065e-7, 5.157e-7
0.393, 6.569e-7, 8.442e-7, 5.065e-7, 5.157e-7
0.394, 6.600e-7, 8.473e-7, 5.096e-7, 5.188e-7
0.395, 6.600e-7, 8.473e-7, 5.096e-7, 5.188e-7
0.396, 6.661e-7, 8.504e-7, 5.126e-7, 5.218e-7
0.397, 6.661e-7, 8.534e-7, 5.157e-7, 5.249e-7
0.398, 6.692e-7, 8.565e-7, 5.157e-7, 5.249e-7
0.399, 6.692e-7, 8.565e-7, 5.188e-7, 5.280e-7
0.400, 6.723e-7, 8.596e-7, 5.218e-7, 5.280e-7
0.401, 6.754e-7, 8.627e-7, 5.218e-7, 5.310e-7
0.402, 6.784e-7, 8.627e-7, 5.249e-7, 5.310e-7
0.403, 6.815e-7, 8.657e-7, 5.280e-7, 5.341e-7
0.404, 6.815e-7, 8.688e-7, 5.310e-7, 5.372e-7
0.405, 6.846e-7, 8.719e-7, 5.310e-7, 5.372e-7
0.406, 6.876e-7, 8.719e-7, 5.341e-7, 5.403e-7
0.407, 6.907e-7, 8.749e-7, 5.372e-7, 5.433e-7
0.408, 6.938e-7, 8.780e-7, 5.372e-7, 5.433e-7
0.409, 6.969e-7, 8.811e-7, 5.403e-7, 5.464e-7
0.410, 6.999e-7, 8.872e-7, 5.433e-7, 5.495e-7
0.411, 7.030e-7, 8.903e-7, 5.464e-7, 5.495e-7
0.412, 7.030e-7, 8.934e-7, 5.495e-7, 5.525e-7
0.413, 7.061e-7, 8.964e-7, 5.525e-7, 5.556e-7
0.414, 7.091e-7, 8.995e-7, 5.525e-7, 5.587e-7
0.415, 7.122e-7, 9.026e-7, 5.556e-7, 5.587e-7
0.416, 7.153e-7, 9.087e-7, 5.587e-7, 5.618e-7
0.417, 7.183e-7, 9.087e-7, 5.618e-7, 5.648e-7
0.418, 7.214e-7, 9.149e-7, 5.618e-7, 5.648e-7
0.419, 7.245e-7, 9.179e-7, 5.648e-7, 5.679e-7
0.420, 7.276e-7, 9.241e-7, 5.679e-7, 5.710e-7
0.421, 7.306e-7, 9.271e-7, 5.710e-7, 5.740e-7
0.422, 7.337e-7, 9.333e-7, 5.740e-7, 5.771e-7
0.423, 7.337e-7, 9.364e-7, 5.771e-7, 5.802e-7
0.424, 7.398e-7, 9.425e-7, 5.802e-7, 5.802e-7
0.425, 7.429e-7, 9.456e-7, 5.802e-7, 5.832e-7
0.426, 7.460e-7, 9.517e-7, 5.832e-7, 5.863e-7
0.427, 7.490e-7, 9.578e-7, 5.863e-7, 5.894e-7
0.428, 7.521e-7, 9.640e-7, 5.894e-7, 5.925e-7
0.429, 7.552e-7, 9.701e-7, 5.925e-7, 5.955e-7
0.430, 7.583e-7, 9.732e-7, 5.955e-7, 5.986e-7
0.431, 7.644e-7, 9.824e-7, 5.986e-7, 6.017e-7
0.432, 7.675e-7, 9.855e-7, 6.017e-7, 6.047e-7
0.433, 7.705e-7, 9.947e-7, 6.078e-7, 6.078e-7
0.434, 7.736e-7, 1.001e-6, 6.109e-7, 6.109e-7
0.435, 7.767e-7, 1.007e-6, 6.139e-7, 6.139e-7
0.436, 7.798e-7, 1.016e-6, 6.170e-7, 6.170e-7
0.437, 7.859e-7, 1.022e-6, 6.201e-7, 6.232e-7
0.438, 7.890e-7, 1.032e-6, 6.232e-7, 6.262e-7
0.439, 7.951e-7, 1.038e-6, 6.293e-7, 6.293e-7
0.440, 7.982e-7, 1.047e-6, 6.324e-7, 6.324e-7
0.441, 8.012e-7, 1.056e-6, 6.354e-7, 6.385e-7
0.442, 8.074e-7, 1.065e-6, 6.416e-7, 6.416e-7
0.443, 8.105e-7, 1.071e-6, 6.416e-7, 6.447e-7
0.444, 8.166e-7, 1.084e-6, 6.477e-7, 6.508e-7
0.445, 8.197e-7, 1.093e-6, 6.508e-7, 6.539e-7
0.446, 8.258e-7, 1.102e-6, 6.569e-7, 6.569e-7
0.447, 8.289e-7, 1.111e-6, 6.600e-7, 6.631e-7
0.448, 8.350e-7, 1.124e-6, 6.661e-7, 6.692e-7
0.449, 8.412e-7, 1.133e-6, 6.692e-7, 6.723e-7
0.450, 8.442e-7, 1.145e-6, 6.754e-7, 6.784e-7
0.451, 8.504e-7, 1.154e-6, 6.784e-7, 6.815e-7
0.452, 8.565e-7, 1.167e-6, 6.846e-7, 6.876e-7
0.453, 8.627e-7, 1.179e-6, 6.907e-7, 6.938e-7
0.454, 8.688e-7, 1.191e-6, 6.938e-7, 6.999e-7
0.455, 8.719e-7, 1.203e-6, 6.999e-7, 7.061e-7
0.456, 8.780e-7, 1.219e-6, 7.061e-7, 7.091e-7
0.457, 8.842e-7, 1.231e-6, 7.122e-7, 7.153e-7
0.458, 8.903e-7, 1.243e-6, 7.183e-7, 7.214e-7
0.459, 8.995e-7, 1.259e-6, 7.214e-7, 7.276e-7
0.460, 9.056e-7, 1.274e-6, 7.276e-7, 7.337e-7
0.461, 9.118e-7, 1.289e-6, 7.337e-7, 7.398e-7
0.462, 9.210e-7, 1.305e-6, 7.398e-7, 7.460e-7
0.463, 9.271e-7, 1.320e-6, 7.491e-7, 7.552e-7
0.464, 9.333e-7, 1.336e-6, 7.552e-7, 7.613e-7
0.465, 9.394e-7, 1.351e-6, 7.613e-7, 7.675e-7
0.466, 9.486e-7, 1.366e-6, 7.675e-7, 7.767e-7
0.467, 9.548e-7, 1.385e-6, 7.736e-7, 7.859e-7
0.468, 9.640e-7, 1.403e-6, 7.828e-7, 7.920e-7
0.469, 9.701e-7, 1.421e-6, 7.890e-7, 8.012e-7
0.470, 9.793e-7, 1.437e-6, 7.982e-7, 8.074e-7
0.471, 9.885e-7, 1.458e-6, 8.043e-7, 8.166e-7
0.472, 9.978e-7, 1.477e-6, 8.135e-7, 8.258e-7
0.473, 1.007e-6, 1.495e-6, 8.227e-7, 8.350e-7
0.474, 1.016e-6, 1.514e-6, 8.289e-7, 8.442e-7
0.475, 1.025e-6, 1.535e-6, 8.381e-7, 8.534e-7
0.476, 1.035e-6, 1.557e-6, 8.473e-7, 8.627e-7
0.477, 1.047e-6, 1.575e-6, 8.565e-7, 8.719e-7
0.478, 1.056e-6, 1.597e-6, 8.657e-7, 8.811e-7
0.479, 1.065e-6, 1.618e-6, 8.749e-7, 8.903e-7
0.480, 1.078e-6, 1.639e-6, 8.842e-7, 9.026e-7
0.481, 1.090e-6, 1.664e-6, 8.934e-7, 9.118e-7
0.482, 1.099e-6, 1.682e-6, 9.026e-7, 9.241e-7
0.483, 1.111e-6, 1.707e-6, 9.149e-7, 9.333e-7
0.484, 1.121e-6, 1.729e-6, 9.241e-7, 9.456e-7
0.485, 1.133e-6, 1.750e-6, 9.333e-7, 9.548e-7
0.486, 1.145e-6, 1.775e-6, 9.456e-7, 9.671e-7
0.487, 1.160e-6, 1.799e-6, 9.548e-7, 9.793e-7
0.488, 1.173e-6, 1.821e-6, 9.671e-7, 9.916e-7
0.489, 1.185e-6, 1.845e-6, 9.793e-7, 1.004e-6
0.490, 1.197e-6, 1.870e-6, 9.916e-7, 1.019e-6
0.491, 1.213e-6, 1.894e-6, 1.004e-6, 1.032e-6
0.492, 1.225e-6, 1.916e-6, 1.016e-6, 1.044e-6
0.493, 1.240e-6, 1.943e-6, 1.028e-6, 1.056e-6
0.494, 1.256e-6, 1.968e-6, 1.041e-6, 1.071e-6
0.495, 1.271e-6, 1.990e-6, 1.053e-6, 1.087e-6
0.496, 1.286e-6, 2.014e-6, 1.068e-6, 1.099e-6
0.497, 1.302e-6, 2.039e-6, 1.081e-6, 1.114e-6
0.498, 1.317e-6, 2.063e-6, 1.096e-6, 1.130e-6
0.499, 1.332e-6, 2.088e-6, 1.108e-6, 1.145e-6
0.500, 1.348e-6, 2.112e-6, 1.124e-6, 1.160e-6
0.501, 1.366e-6, 2.137e-6, 1.139e-6, 1.176e-6
0.502, 1.382e-6, 2.161e-6, 1.154e-6, 1.191e-6
0.503, 1.400e-6, 2.186e-6, 1.170e-6, 1.207e-6
0.504, 1.418e-6, 2.211e-6, 1.185e-6, 1.225e-6
0.505, 1.434e-6, 2.235e-6, 1.200e-6, 1.240e-6
0.506, 1.452e-6, 2.257e-6, 1.216e-6, 1.256e-6
0.507, 1.474e-6, 2.284e-6, 1.231e-6, 1.274e-6
0.508, 1.492e-6, 2.306e-6, 1.246e-6, 1.289e-6
0.509, 1.511e-6, 2.330e-6, 1.265e-6, 1.308e-6
0.510, 1.529e-6, 2.352e-6, 1.280e-6, 1.326e-6
0.511, 1.547e-6, 2.376e-6, 1.299e-6, 1.345e-6
0.512, 1.569e-6, 2.398e-6, 1.314e-6, 1.360e-6
0.513, 1.590e-6, 2.422e-6, 1.332e-6, 1.379e-6
0.514, 1.609e-6, 2.444e-6, 1.351e-6, 1.397e-6
0.515, 1.630e-6, 2.465e-6, 1.366e-6, 1.415e-6
0.516, 1.652e-6, 2.487e-6, 1.385e-6, 1.434e-6
0.517, 1.670e-6, 2.505e-6, 1.403e-6, 1.452e-6
0.518, 1.692e-6, 2.527e-6, 1.421e-6, 1.471e-6
0.519, 1.713e-6, 2.548e-6, 1.440e-6, 1.489e-6
0.520, 1.735e-6, 2.567e-6, 1.458e-6, 1.507e-6
0.521, 1.756e-6, 2.585e-6, 1.477e-6, 1.526e-6
0.522, 1.778e-6, 2.604e-6, 1.495e-6, 1.544e-6
0.523, 1.799e-6, 2.622e-6, 1.514e-6, 1.563e-6
0.524, 1.821e-6, 2.640e-6, 1.532e-6, 1.581e-6
0.525, 1.842e-6, 2.659e-6, 1.554e-6, 1.603e-6
0.526, 1.867e-6, 2.674e-6, 1.572e-6, 1.621e-6
0.527, 1.888e-6, 2.693e-6, 1.590e-6, 1.639e-6
0.528, 1.910e-6, 2.708e-6, 1.609e-6, 1.658e-6
0.529, 1.931e-6, 2.723e-6, 1.627e-6, 1.676e-6
0.530, 1.953e-6, 2.739e-6, 1.649e-6, 1.695e-6
0.531, 1.977e-6, 2.751e-6, 1.667e-6, 1.713e-6
0.532, 1.999e-6, 2.766e-6, 1.686e-6, 1.732e-6
0.533, 2.020e-6, 2.779e-6, 1.704e-6, 1.747e-6
0.534, 2.042e-6, 2.791e-6, 1.722e-6, 1.765e-6
0.535, 2.063e-6, 2.803e-6, 1.741e-6, 1.784e-6
0.536, 2.085e-6, 2.812e-6, 1.759e-6, 1.802e-6
0.537, 2.106e-6, 2.825e-6, 1.781e-6, 1.818e-6
0.538, 2.128e-6, 2.834e-6, 1.799e-6, 1.836e-6
0.539, 2.149e-6, 2.843e-6, 1.818e-6, 1.854e-6
0.540, 2.171e-6, 2.852e-6, 1.836e-6, 1.870e-6
0.541, 2.192e-6, 2.862e-6, 1.851e-6, 1.888e-6
0.542, 2.214e-6, 2.868e-6, 1.870e-6, 1.904e-6
0.543, 2.232e-6, 2.877e-6, 1.888e-6, 1.919e-6
0.544, 2.254e-6, 2.883e-6, 1.904e-6, 1.934e-6
0.545, 2.272e-6, 2.889e-6, 1.922e-6, 1.950e-6
0.546, 2.294e-6, 2.895e-6, 1.940e-6, 1.965e-6
0.547, 2.312e-6, 2.898e-6, 1.956e-6, 1.980e-6
0.548, 2.330e-6, 2.905e-6, 1.971e-6, 1.996e-6
0.549, 2.349e-6, 2.908e-6, 1.986e-6, 2.008e-6
0.550, 2.367e-6, 2.911e-6, 2.005e-6, 2.023e-6
0.551, 2.386e-6, 2.914e-6, 2.020e-6, 2.036e-6
0.552, 2.404e-6, 2.917e-6, 2.036e-6, 2.048e-6
0.553, 2.419e-6, 2.920e-6, 2.051e-6, 2.063e-6
0.554, 2.438e-6, 2.920e-6, 2.066e-6, 2.076e-6
0.555, 2.453e-6, 2.920e-6, 2.079e-6, 2.085e-6
0.556, 2.472e-6, 2.923e-6, 2.094e-6, 2.097e-6
0.557, 2.487e-6, 2.920e-6, 2.109e-6, 2.109e-6
0.558, 2.502e-6, 2.920e-6, 2.122e-6, 2.122e-6
0.559, 2.515e-6, 2.920e-6, 2.134e-6, 2.131e-6
0.560, 2.530e-6, 2.917e-6, 2.146e-6, 2.143e-6
0.561, 2.545e-6, 2.917e-6, 2.158e-6, 2.152e-6
0.562, 2.558e-6, 2.914e-6, 2.171e-6, 2.161e-6
0.563, 2.570e-6, 2.911e-6, 2.183e-6, 2.171e-6
0.564, 2.582e-6, 2.911e-6, 2.195e-6, 2.180e-6
0.565, 2.594e-6, 2.905e-6, 2.208e-6, 2.186e-6
0.566, 2.607e-6, 2.901e-6, 2.217e-6, 2.195e-6
0.567, 2.619e-6, 2.898e-6, 2.229e-6, 2.201e-6
0.568, 2.628e-6, 2.892e-6, 2.238e-6, 2.211e-6
0.569, 2.640e-6, 2.889e-6, 2.247e-6, 2.217e-6
0.570, 2.650e-6, 2.886e-6, 2.257e-6, 2.223e-6
0.571, 2.659e-6, 2.880e-6, 2.266e-6, 2.229e-6
0.572, 2.668e-6, 2.874e-6, 2.275e-6, 2.235e-6
0.573, 2.677e-6, 2.868e-6, 2.281e-6, 2.241e-6
0.574, 2.683e-6, 2.862e-6, 2.290e-6, 2.244e-6
0.575, 2.693e-6, 2.855e-6, 2.297e-6, 2.251e-6
0.576, 2.699e-6, 2.849e-6, 2.306e-6, 2.254e-6
0.577, 2.705e-6, 2.843e-6, 2.312e-6, 2.260e-6
0.578, 2.711e-6, 2.837e-6, 2.318e-6, 2.263e-6
0.579, 2.717e-6, 2.831e-6, 2.324e-6, 2.266e-6
0.580, 2.723e-6, 2.822e-6, 2.330e-6, 2.269e-6
0.581, 2.730e-6, 2.815e-6, 2.333e-6, 2.269e-6
0.582, 2.733e-6, 2.806e-6, 2.340e-6, 2.272e-6
0.583, 2.739e-6, 2.800e-6, 2.346e-6, 2.275e-6
0.584, 2.742e-6, 2.791e-6, 2.349e-6, 2.275e-6
0.585, 2.745e-6, 2.785e-6, 2.352e-6, 2.278e-6
0.586, 2.748e-6, 2.776e-6, 2.355e-6, 2.278e-6
0.587, 2.751e-6, 2.769e-6, 2.361e-6, 2.281e-6
0.588, 2.754e-6, 2.760e-6, 2.361e-6, 2.281e-6
0.589, 2.757e-6, 2.754e-6, 2.367e-6, 2.281e-6
0.590, 2.757e-6, 2.745e-6, 2.367e-6, 2.281e-6
0.591, 2.760e-6, 2.736e-6, 2.370e-6, 2.281e-6
0.592, 2.760e-6, 2.726e-6, 2.370e-6, 2.278e-6
0.593, 2.760e-6, 2.717e-6, 2.373e-6, 2.278e-6
0.594, 2.763e-6, 2.711e-6, 2.373e-6, 2.278e-6
0.595, 2.763e-6, 2.702e-6, 2.376e-6, 2.278e-6
0.596, 2.763e-6, 2.693e-6, 2.376e-6, 2.275e-6
0.597, 2.760e-6, 2.683e-6, 2.376e-6, 2.275e-6
0.598, 2.760e-6, 2.677e-6, 2.376e-6, 2.272e-6
0.599, 2.760e-6, 2.668e-6, 2.379e-6, 2.269e-6
0.600, 2.760e-6, 2.659e-6, 2.376e-6, 2.266e-6
0.601, 2.757e-6, 2.650e-6, 2.376e-6, 2.266e-6
0.602, 2.754e-6, 2.640e-6, 2.376e-6, 2.263e-6
0.603, 2.754e-6, 2.631e-6, 2.373e-6, 2.260e-6
0.604, 2.751e-6, 2.625e-6, 2.373e-6, 2.257e-6
0.605, 2.748e-6, 2.616e-6, 2.373e-6, 2.254e-6
0.606, 2.745e-6, 2.607e-6, 2.370e-6, 2.251e-6
0.607, 2.742e-6, 2.597e-6, 2.370e-6, 2.247e-6
0.608, 2.739e-6, 2.591e-6, 2.367e-6, 2.244e-6
0.609, 2.736e-6, 2.582e-6, 2.367e-6, 2.241e-6
0.610, 2.733e-6, 2.573e-6, 2.364e-6, 2.238e-6
0.611, 2.730e-6, 2.564e-6, 2.361e-6, 2.232e-6
0.612, 2.726e-6, 2.555e-6, 2.358e-6, 2.229e-6
0.613, 2.720e-6, 2.548e-6, 2.355e-6, 2.223e-6
0.614, 2.717e-6, 2.539e-6, 2.352e-6, 2.220e-6
0.615, 2.714e-6, 2.530e-6, 2.352e-6, 2.217e-6
0.616, 2.708e-6, 2.524e-6, 2.349e-6, 2.211e-6
0.617, 2.705e-6, 2.515e-6, 2.343e-6, 2.208e-6
0.618, 2.699e-6, 2.505e-6, 2.343e-6, 2.204e-6
0.619, 2.696e-6, 2.499e-6, 2.336e-6, 2.198e-6
0.620, 2.690e-6, 2.490e-6, 2.333e-6, 2.192e-6
0.621, 2.687e-6, 2.484e-6, 2.330e-6, 2.189e-6
0.622, 2.680e-6, 2.475e-6, 2.327e-6, 2.183e-6
0.623, 2.674e-6, 2.469e-6, 2.321e-6, 2.180e-6
0.624, 2.671e-6, 2.459e-6, 2.318e-6, 2.174e-6
0.625, 2.665e-6, 2.450e-6, 2.315e-6, 2.171e-6
0.626, 2.659e-6, 2.444e-6, 2.312e-6, 2.165e-6
0.627, 2.653e-6, 2.438e-6, 2.306e-6, 2.158e-6
0.628, 2.650e-6, 2.429e-6, 2.303e-6, 2.155e-6
0.629, 2.640e-6, 2.422e-6, 2.297e-6, 2.149e-6
0.630, 2.637e-6, 2.413e-6, 2.294e-6, 2.143e-6
0.631, 2.631e-6, 2.407e-6, 2.290e-6, 2.140e-6
0.632, 2.625e-6, 2.398e-6, 2.284e-6, 2.134e-6
0.633, 2.619e-6, 2.392e-6, 2.281e-6, 2.128e-6
0.634, 2.613e-6, 2.386e-6, 2.275e-6, 2.125e-6
0.635, 2.607e-6, 2.379e-6, 2.269e-6, 2.118e-6
0.636, 2.601e-6, 2.370e-6, 2.266e-6, 2.112e-6
0.637, 2.594e-6, 2.364e-6, 2.260e-6, 2.109e-6
0.638, 2.588e-6, 2.358e-6, 2.257e-6, 2.103e-6
0.639, 2.582e-6, 2.349e-6, 2.251e-6, 2.097e-6
0.640, 2.576e-6, 2.346e-6, 2.247e-6, 2.094e-6
0.641, 2.573e-6, 2.336e-6, 2.241e-6, 2.088e-6
0.642, 2.564e-6, 2.330e-6, 2.235e-6, 2.082e-6
0.643, 2.558e-6, 2.324e-6, 2.232e-6, 2.079e-6
0.644, 2.555e-6, 2.318e-6, 2.226e-6, 2.072e-6
0.645, 2.545e-6, 2.312e-6, 2.223e-6, 2.066e-6
0.646, 2.542e-6, 2.303e-6, 2.217e-6, 2.060e-6
0.647, 2.536e-6, 2.300e-6, 2.211e-6, 2.057e-6
0.648, 2.530e-6, 2.290e-6, 2.208e-6, 2.051e-6
0.649, 2.524e-6, 2.287e-6, 2.201e-6, 2.045e-6
0.650, 2.518e-6, 2.281e-6, 2.198e-6, 2.039e-6
0.651, 2.512e-6, 2.275e-6, 2.192e-6, 2.036e-6
0.652, 2.505e-6, 2.269e-6, 2.186e-6, 2.029e-6
0.653, 2.499e-6, 2.263e-6, 2.183e-6, 2.026e-6
0.654, 2.493e-6, 2.257e-6, 2.177e-6, 2.020e-6
0.655, 2.487e-6, 2.251e-6, 2.171e-6, 2.014e-6
0.656, 2.481e-6, 2.244e-6, 2.168e-6, 2.011e-6
0.657, 2.475e-6, 2.241e-6, 2.161e-6, 2.005e-6
0.658, 2.469e-6, 2.235e-6, 2.158e-6, 1.999e-6
0.659, 2.462e-6, 2.229e-6, 2.152e-6, 1.996e-6
0.660, 2.456e-6, 2.223e-6, 2.146e-6, 1.990e-6
0.661, 2.450e-6, 2.217e-6, 2.143e-6, 1.983e-6
0.662, 2.444e-6, 2.214e-6, 2.137e-6, 1.980e-6
0.663, 2.438e-6, 2.208e-6, 2.134e-6, 1.974e-6
0.664, 2.432e-6, 2.201e-6, 2.128e-6, 1.971e-6
0.665, 2.426e-6, 2.198e-6, 2.122e-6, 1.965e-6
0.666, 2.422e-6, 2.195e-6, 2.118e-6, 1.962e-6
0.667, 2.416e-6, 2.189e-6, 2.112e-6, 1.956e-6
0.668, 2.410e-6, 2.183e-6, 2.109e-6, 1.953e-6
0.669, 2.404e-6, 2.180e-6, 2.103e-6, 1.947e-6
0.670, 2.398e-6, 2.174e-6, 2.097e-6, 1.943e-6
0.671, 2.392e-6, 2.168e-6, 2.094e-6, 1.937e-6
0.672, 2.386e-6, 2.165e-6, 2.088e-6, 1.934e-6
0.673, 2.383e-6, 2.161e-6, 2.085e-6, 1.928e-6
0.674, 2.376e-6, 2.155e-6, 2.079e-6, 1.925e-6
0.675, 2.370e-6, 2.152e-6, 2.076e-6, 1.922e-6
0.676, 2.364e-6, 2.146e-6, 2.069e-6, 1.916e-6
0.677, 2.358e-6, 2.143e-6, 2.066e-6, 1.910e-6
0.678, 2.355e-6, 2.137e-6, 2.060e-6, 1.907e-6
0.679, 2.349e-6, 2.134e-6, 2.057e-6, 1.900e-6
0.680, 2.343e-6, 2.131e-6, 2.051e-6, 1.897e-6
0.681, 2.336e-6, 2.125e-6, 2.048e-6, 1.894e-6
0.682, 2.333e-6, 2.122e-6, 2.042e-6, 1.888e-6
0.683, 2.327e-6, 2.115e-6, 2.039e-6, 1.885e-6
0.684, 2.321e-6, 2.112e-6, 2.033e-6, 1.879e-6
0.685, 2.315e-6, 2.109e-6, 2.029e-6, 1.876e-6
0.686, 2.312e-6, 2.106e-6, 2.023e-6, 1.873e-6
0.687, 2.306e-6, 2.100e-6, 2.020e-6, 1.870e-6
0.688, 2.300e-6, 2.097e-6, 2.014e-6, 1.864e-6
0.689, 2.297e-6, 2.094e-6, 2.011e-6, 1.861e-6
0.690, 2.290e-6, 2.091e-6, 2.008e-6, 1.858e-6
0.691, 2.284e-6, 2.088e-6, 2.002e-6, 1.851e-6
0.692, 2.281e-6, 2.082e-6, 1.999e-6, 1.848e-6
0.693, 2.275e-6, 2.079e-6, 1.996e-6, 1.845e-6
0.694, 2.272e-6, 2.076e-6, 1.990e-6, 1.842e-6
0.695, 2.266e-6, 2.072e-6, 1.986e-6, 1.836e-6
0.696, 2.263e-6, 2.069e-6, 1.980e-6, 1.833e-6
0.697, 2.257e-6, 2.066e-6, 1.977e-6, 1.830e-6
0.698, 2.254e-6, 2.063e-6, 1.974e-6, 1.827e-6
0.699, 2.247e-6, 2.057e-6, 1.971e-6, 1.821e-6
0.700, 2.244e-6, 2.054e-6, 1.965e-6, 1.818e-6
0.701, 2.238e-6, 2.051e-6, 1.962e-6, 1.815e-6
0.702, 2.232e-6, 2.048e-6, 1.959e-6, 1.811e-6
0.703, 2.229e-6, 2.045e-6, 1.953e-6, 1.805e-6
0.704, 2.226e-6, 2.045e-6, 1.950e-6, 1.802e-6
0.705, 2.220e-6, 2.039e-6, 1.947e-6, 1.799e-6
0.706, 2.217e-6, 2.039e-6, 1.943e-6, 1.796e-6
0.707, 2.211e-6, 2.033e-6, 1.940e-6, 1.793e-6
0.708, 2.208e-6, 2.029e-6, 1.934e-6, 1.790e-6
0.709, 2.201e-6, 2.026e-6, 1.931e-6, 1.787e-6
0.710, 2.198e-6, 2.026e-6, 1.928e-6, 1.784e-6
0.711, 2.192e-6, 2.023e-6, 1.922e-6, 1.781e-6
0.712, 2.189e-6, 2.020e-6, 1.919e-6, 1.775e-6
0.713, 2.186e-6, 2.017e-6, 1.916e-6, 1.772e-6
0.714, 2.183e-6, 2.014e-6, 1.913e-6, 1.772e-6
0.715, 2.177e-6, 2.011e-6, 1.910e-6, 1.768e-6
0.716, 2.174e-6, 2.008e-6, 1.907e-6, 1.765e-6
0.717, 2.171e-6, 2.005e-6, 1.904e-6, 1.759e-6
0.718, 2.165e-6, 2.005e-6, 1.900e-6, 1.756e-6
0.719, 2.161e-6, 2.002e-6, 1.894e-6, 1.756e-6
0.720, 2.158e-6, 1.999e-6, 1.891e-6, 1.750e-6
0.721, 2.152e-6, 1.996e-6, 1.888e-6, 1.747e-6
0.722, 2.149e-6, 1.993e-6, 1.885e-6, 1.747e-6
0.723, 2.146e-6, 1.993e-6, 1.882e-6, 1.744e-6
0.724, 2.143e-6, 1.990e-6, 1.879e-6, 1.741e-6
0.725, 2.140e-6, 1.986e-6, 1.876e-6, 1.738e-6
0.726, 2.134e-6, 1.983e-6, 1.873e-6, 1.732e-6
0.727, 2.131e-6, 1.980e-6, 1.870e-6, 1.732e-6
0.728, 2.128e-6, 1.980e-6, 1.867e-6, 1.729e-6
0.729, 2.125e-6, 1.977e-6, 1.864e-6, 1.725e-6
0.730, 2.122e-6, 1.974e-6, 1.861e-6, 1.722e-6
0.731, 2.118e-6, 1.974e-6, 1.858e-6, 1.719e-6
0.732, 2.112e-6, 1.971e-6, 1.854e-6, 1.716e-6
0.733, 2.109e-6, 1.968e-6, 1.851e-6, 1.713e-6
0.734, 2.106e-6, 1.968e-6, 1.848e-6, 1.710e-6
0.735, 2.103e-6, 1.965e-6, 1.845e-6, 1.710e-6
0.736, 2.100e-6, 1.962e-6, 1.842e-6, 1.707e-6
0.737, 2.097e-6, 1.962e-6, 1.839e-6, 1.704e-6
0.738, 2.094e-6, 1.959e-6, 1.836e-6, 1.701e-6
0.739, 2.091e-6, 1.956e-6, 1.833e-6, 1.698e-6
0.740, 2.085e-6, 1.956e-6, 1.830e-6, 1.695e-6
0.741, 2.082e-6, 1.953e-6, 1.827e-6, 1.695e-6
0.742, 2.079e-6, 1.950e-6, 1.824e-6, 1.692e-6
0.743, 2.079e-6, 1.950e-6, 1.821e-6, 1.689e-6
0.744, 2.072e-6, 1.947e-6, 1.818e-6, 1.686e-6
0.745, 2.069e-6, 1.947e-6, 1.815e-6, 1.682e-6
0.746, 2.066e-6, 1.943e-6, 1.815e-6, 1.682e-6
0.747, 2.063e-6, 1.943e-6, 1.811e-6, 1.679e-6
0.748, 2.060e-6, 1.940e-6, 1.808e-6, 1.676e-6
0.749, 2.057e-6, 1.940e-6, 1.805e-6, 1.673e-6
0.750, 2.054e-6, 1.937e-6, 1.802e-6, 1.673e-6
0.751, 2.054e-6, 1.937e-6, 1.799e-6, 1.670e-6
0.752, 2.048e-6, 1.934e-6, 1.796e-6, 1.667e-6
0.753, 2.045e-6, 1.931e-6, 1.796e-6, 1.667e-6
0.754, 2.045e-6, 1.931e-6, 1.793e-6, 1.664e-6
0.755, 2.039e-6, 1.931e-6, 1.790e-6, 1.661e-6
0.756, 2.039e-6, 1.931e-6, 1.787e-6, 1.661e-6
0.757, 2.036e-6, 1.928e-6, 1.784e-6, 1.658e-6
0.758, 2.033e-6, 1.925e-6, 1.784e-6, 1.655e-6
0.759, 2.029e-6, 1.925e-6, 1.781e-6, 1.652e-6
0.760, 2.026e-6, 1.925e-6, 1.778e-6, 1.652e-6
0.761, 2.023e-6, 1.922e-6, 1.775e-6, 1.649e-6
0.762, 2.020e-6, 1.922e-6, 1.775e-6, 1.649e-6
0.763, 2.020e-6, 1.922e-6, 1.772e-6, 1.646e-6
0.764, 2.017e-6, 1.919e-6, 1.768e-6, 1.643e-6
0.765, 2.014e-6, 1.919e-6, 1.765e-6, 1.643e-6
0.766, 2.011e-6, 1.916e-6, 1.765e-6, 1.639e-6
0.767, 2.008e-6, 1.916e-6, 1.762e-6, 1.636e-6
0.768, 2.005e-6, 1.916e-6, 1.759e-6, 1.636e-6
0.769, 2.005e-6, 1.916e-6, 1.759e-6, 1.633e-6
0.770, 2.002e-6, 1.913e-6, 1.756e-6, 1.633e-6
0.771, 1.999e-6, 1.913e-6, 1.753e-6, 1.630e-6
0.772, 1.996e-6, 1.913e-6, 1.753e-6, 1.627e-6
0.773, 1.996e-6, 1.910e-6, 1.750e-6, 1.627e-6
0.774, 1.993e-6, 1.910e-6, 1.747e-6, 1.624e-6
0.775, 1.990e-6, 1.910e-6, 1.744e-6, 1.624e-6
0.776, 1.986e-6, 1.907e-6, 1.744e-6, 1.621e-6
0.777, 1.986e-6, 1.907e-6, 1.741e-6, 1.621e-6
0.778, 1.983e-6, 1.907e-6, 1.741e-6, 1.618e-6
0.779, 1.980e-6, 1.907e-6, 1.738e-6, 1.618e-6
0.780, 1.977e-6, 1.907e-6, 1.735e-6, 1.615e-6
0.781, 1.977e-6, 1.907e-6, 1.735e-6, 1.612e-6
0.782, 1.974e-6, 1.907e-6, 1.732e-6, 1.612e-6
0.783, 1.971e-6, 1.904e-6, 1.732e-6, 1.612e-6
0.784, 1.971e-6, 1.904e-6, 1.729e-6, 1.609e-6
0.785, 1.968e-6, 1.904e-6, 1.729e-6, 1.609e-6
0.786, 1.968e-6, 1.904e-6, 1.725e-6, 1.606e-6
0.787, 1.965e-6, 1.904e-6, 1.722e-6, 1.606e-6
0.788, 1.962e-6, 1.904e-6, 1.722e-6, 1.603e-6
0.789, 1.959e-6, 1.904e-6, 1.719e-6, 1.603e-6
0.790, 1.959e-6, 1.904e-6, 1.719e-6, 1.600e-6
0.791, 1.956e-6, 1.904e-6, 1.716e-6, 1.600e-6
0.792, 1.956e-6, 1.904e-6, 1.716e-6, 1.597e-6
0.793, 1.953e-6, 1.904e-6, 1.713e-6, 1.597e-6
0.794, 1.953e-6, 1.904e-6, 1.713e-6, 1.597e-6
0.795, 1.950e-6, 1.900e-6, 1.710e-6, 1.593e-6
0.796, 1.950e-6, 1.904e-6, 1.710e-6, 1.593e-6
0.797, 1.947e-6, 1.904e-6, 1.707e-6, 1.590e-6
0.798, 1.943e-6, 1.904e-6, 1.707e-6, 1.590e-6
0.799, 1.943e-6, 1.904e-6, 1.704e-6, 1.590e-6
0.800, 1.940e-6, 1.904e-6, 1.704e-6, 1.587e-6
0.801, 1.940e-6, 1.904e-6, 1.704e-6, 1.587e-6
0.802, 1.937e-6, 1.904e-6, 1.701e-6, 1.587e-6
0.803, 1.937e-6, 1.904e-6, 1.701e-6, 1.584e-6
0.804, 1.934e-6, 1.904e-6, 1.698e-6, 1.584e-6
0.805, 1.934e-6, 1.904e-6, 1.698e-6, 1.584e-6
0.806, 1.931e-6, 1.907e-6, 1.695e-6, 1.581e-6
0.807, 1.931e-6, 1.907e-6, 1.695e-6, 1.581e-6
0.808, 1.928e-6, 1.907e-6, 1.695e-6, 1.581e-6
0.809, 1.928e-6, 1.907e-6, 1.695e-6, 1.578e-6
0.810, 1.925e-6, 1.907e-6, 1.692e-6, 1.578e-6
0.811, 1.925e-6, 1.910e-6, 1.692e-6, 1.578e-6
0.812, 1.925e-6, 1.910e-6, 1.689e-6, 1.578e-6
0.813, 1.922e-6, 1.910e-6, 1.689e-6, 1.575e-6
0.814, 1.922e-6, 1.913e-6, 1.689e-6, 1.575e-6
0.815, 1.919e-6, 1.913e-6, 1.686e-6, 1.575e-6
0.816, 1.919e-6, 1.913e-6, 1.686e-6, 1.575e-6
0.817, 1.919e-6, 1.913e-6, 1.686e-6, 1.572e-6
0.818, 1.916e-6, 1.916e-6, 1.682e-6, 1.572e-6
0.819, 1.916e-6, 1.916e-6, 1.682e-6, 1.572e-6
0.820, 1.916e-6, 1.919e-6, 1.682e-6, 1.572e-6
0.821, 1.913e-6, 1.919e-6, 1.682e-6, 1.572e-6
0.822, 1.913e-6, 1.922e-6, 1.679e-6, 1.569e-6
0.823, 1.913e-6, 1.922e-6, 1.679e-6, 1.569e-6
0.824, 1.910e-6, 1.922e-6, 1.679e-6, 1.569e-6
0.825, 1.910e-6, 1.925e-6, 1.679e-6, 1.569e-6
0.826, 1.910e-6, 1.928e-6, 1.676e-6, 1.569e-6
0.827, 1.907e-6, 1.928e-6, 1.676e-6, 1.569e-6
0.828, 1.907e-6, 1.931e-6, 1.676e-6, 1.566e-6
0.829, 1.907e-6, 1.931e-6, 1.676e-6, 1.566e-6
0.830, 1.904e-6, 1.934e-6, 1.673e-6, 1.566e-6
0.831, 1.904e-6, 1.934e-6, 1.673e-6, 1.566e-6
0.832, 1.904e-6, 1.937e-6, 1.673e-6, 1.566e-6
0.833, 1.904e-6, 1.940e-6, 1.673e-6, 1.566e-6
0.834, 1.904e-6, 1.940e-6, 1.673e-6, 1.566e-6
0.835, 1.900e-6, 1.943e-6, 1.673e-6, 1.566e-6
0.836, 1.900e-6, 1.947e-6, 1.673e-6, 1.566e-6
0.837, 1.900e-6, 1.947e-6, 1.673e-6, 1.566e-6
0.838, 1.900e-6, 1.950e-6, 1.670e-6, 1.566e-6
0.839, 1.900e-6, 1.953e-6, 1.673e-6, 1.566e-6
0.840, 1.900e-6, 1.956e-6, 1.670e-6, 1.566e-6
0.841, 1.900e-6, 1.956e-6, 1.670e-6, 1.566e-6
0.842, 1.897e-6, 1.959e-6, 1.670e-6, 1.566e-6
0.843, 1.897e-6, 1.962e-6, 1.670e-6, 1.566e-6
0.844, 1.897e-6, 1.965e-6, 1.670e-6, 1.566e-6
0.845, 1.897e-6, 1.968e-6, 1.670e-6, 1.566e-6
0.846, 1.897e-6, 1.971e-6, 1.670e-6, 1.566e-6
0.847, 1.897e-6, 1.974e-6, 1.670e-6, 1.566e-6
0.848, 1.897e-6, 1.977e-6, 1.670e-6, 1.566e-6
0.849, 1.897e-6, 1.977e-6, 1.670e-6, 1.566e-6
0.850, 1.897e-6, 1.983e-6, 1.670e-6, 1.569e-6
0.851, 1.894e-6, 1.986e-6, 1.670e-6, 1.569e-6
0.852, 1.897e-6, 1.990e-6, 1.670e-6, 1.569e-6
0.853, 1.894e-6, 1.993e-6, 1.670e-6, 1.569e-6
0.854, 1.897e-6, 1.996e-6, 1.670e-6, 1.569e-6
0.855, 1.897e-6, 1.999e-6, 1.673e-6, 1.569e-6
0.856, 1.897e-6, 2.002e-6, 1.673e-6, 1.569e-6
0.857, 1.897e-6, 2.008e-6, 1.673e-6, 1.572e-6
0.858, 1.897e-6, 2.011e-6, 1.673e-6, 1.572e-6
0.859, 1.897e-6, 2.014e-6, 1.673e-6, 1.572e-6
0.860, 1.897e-6, 2.017e-6, 1.673e-6, 1.572e-6
0.861, 1.897e-6, 2.020e-6, 1.673e-6, 1.575e-6
0.862, 1.897e-6, 2.026e-6, 1.673e-6, 1.575e-6
0.863, 1.897e-6, 2.029e-6, 1.676e-6, 1.575e-6
0.864, 1.897e-6, 2.036e-6, 1.676e-6, 1.575e-6
0.865, 1.897e-6, 2.039e-6, 1.676e-6, 1.578e-6
0.866, 1.900e-6, 2.042e-6, 1.676e-6, 1.578e-6
0.867, 1.900e-6, 2.048e-6, 1.679e-6, 1.578e-6
0.868, 1.900e-6, 2.054e-6, 1.679e-6, 1.581e-6
0.869, 1.900e-6, 2.057e-6, 1.679e-6, 1.581e-6
0.870, 1.900e-6, 2.060e-6, 1.679e-6, 1.584e-6
0.871, 1.904e-6, 2.066e-6, 1.682e-6, 1.584e-6
0.872, 1.904e-6, 2.072e-6, 1.682e-6, 1.584e-6
0.873, 1.904e-6, 2.076e-6, 1.682e-6, 1.587e-6
0.874, 1.904e-6, 2.082e-6, 1.686e-6, 1.587e-6
0.875, 1.904e-6, 2.088e-6, 1.686e-6, 1.587e-6
0.876, 1.907e-6, 2.094e-6, 1.686e-6, 1.590e-6
0.877, 1.907e-6, 2.100e-6, 1.689e-6, 1.590e-6
0.878, 1.907e-6, 2.103e-6, 1.689e-6, 1.593e-6
0.879, 1.910e-6, 2.109e-6, 1.692e-6, 1.593e-6
0.880, 1.910e-6, 2.115e-6, 1.692e-6, 1.597e-6
0.881, 1.910e-6, 2.122e-6, 1.695e-6, 1.600e-6
0.882, 1.913e-6, 2.128e-6, 1.695e-6, 1.600e-6
0.883, 1.913e-6, 2.134e-6, 1.698e-6, 1.603e-6
0.884, 1.916e-6, 2.140e-6, 1.698e-6, 1.603e-6
0.885, 1.916e-6, 2.146e-6, 1.698e-6, 1.606e-6
0.886, 1.919e-6, 2.152e-6, 1.701e-6, 1.606e-6
0.887, 1.919e-6, 2.161e-6, 1.701e-6, 1.609e-6
0.888, 1.919e-6, 2.168e-6, 1.704e-6, 1.612e-6
0.889, 1.922e-6, 2.174e-6, 1.707e-6, 1.612e-6
0.890, 1.925e-6, 2.180e-6, 1.707e-6, 1.615e-6
0.891, 1.925e-6, 2.186e-6, 1.710e-6, 1.618e-6
0.892, 1.928e-6, 2.195e-6, 1.713e-6, 1.621e-6
0.893, 1.928e-6, 2.204e-6, 1.713e-6, 1.621e-6
0.894, 1.931e-6, 2.211e-6, 1.716e-6, 1.624e-6
0.895, 1.931e-6, 2.217e-6, 1.719e-6, 1.627e-6
0.896, 1.934e-6, 2.226e-6, 1.719e-6, 1.630e-6
0.897, 1.937e-6, 2.235e-6, 1.722e-6, 1.633e-6
0.898, 1.940e-6, 2.244e-6, 1.725e-6, 1.636e-6
0.899, 1.940e-6, 2.251e-6, 1.729e-6, 1.639e-6
0.900, 1.940e-6, 2.238e-6, 1.713e-6, 1.618e-6
0.899, 1.913e-6, 2.180e-6, 1.689e-6, 1.593e-6
0.898, 1.894e-6, 2.137e-6, 1.670e-6, 1.578e-6
0.897, 1.876e-6, 2.100e-6, 1.655e-6, 1.560e-6
0.896, 1.861e-6, 2.069e-6, 1.643e-6, 1.547e-6
0.895, 1.848e-6, 2.042e-6, 1.627e-6, 1.535e-6
0.894, 1.836e-6, 2.014e-6, 1.615e-6, 1.523e-6
0.893, 1.824e-6, 1.990e-6, 1.606e-6, 1.511e-6
0.892, 1.811e-6, 1.968e-6, 1.593e-6, 1.501e-6
0.891, 1.802e-6, 1.947e-6, 1.584e-6, 1.489e-6
0.890, 1.793e-6, 1.925e-6, 1.572e-6, 1.480e-6
0.889, 1.784e-6, 1.907e-6, 1.563e-6, 1.471e-6
0.888, 1.775e-6, 1.888e-6, 1.557e-6, 1.461e-6
0.887, 1.765e-6, 1.867e-6, 1.547e-6, 1.452e-6
0.886, 1.756e-6, 1.851e-6, 1.538e-6, 1.443e-6
0.885, 1.747e-6, 1.833e-6, 1.529e-6, 1.437e-6
0.884, 1.741e-6, 1.818e-6, 1.523e-6, 1.428e-6
0.883, 1.732e-6, 1.802e-6, 1.514e-6, 1.421e-6
0.882, 1.725e-6, 1.787e-6, 1.507e-6, 1.415e-6
0.881, 1.716e-6, 1.772e-6, 1.501e-6, 1.406e-6
0.880, 1.710e-6, 1.759e-6, 1.495e-6, 1.400e-6
0.879, 1.704e-6, 1.747e-6, 1.486e-6, 1.394e-6
0.878, 1.698e-6, 1.732e-6, 1.480e-6, 1.388e-6
0.877, 1.692e-6, 1.719e-6, 1.474e-6, 1.382e-6
0.876, 1.686e-6, 1.707e-6, 1.468e-6, 1.375e-6
0.875, 1.679e-6, 1.695e-6, 1.461e-6, 1.369e-6
0.874, 1.673e-6, 1.686e-6, 1.458e-6, 1.363e-6
0.873, 1.667e-6, 1.673e-6, 1.452e-6, 1.357e-6
0.872, 1.661e-6, 1.664e-6, 1.446e-6, 1.354e-6
0.871, 1.658e-6, 1.655e-6, 1.440e-6, 1.348e-6
0.870, 1.652e-6, 1.643e-6, 1.434e-6, 1.345e-6
0.869, 1.646e-6, 1.633e-6, 1.431e-6, 1.339e-6
0.868, 1.639e-6, 1.624e-6, 1.428e-6, 1.336e-6
0.867, 1.636e-6, 1.615e-6, 1.421e-6, 1.329e-6
0.866, 1.630e-6, 1.606e-6, 1.415e-6, 1.326e-6
0.865, 1.627e-6, 1.600e-6, 1.412e-6, 1.320e-6
0.864, 1.621e-6, 1.590e-6, 1.406e-6, 1.317e-6
0.863, 1.618e-6, 1.581e-6, 1.403e-6, 1.311e-6
0.862, 1.615e-6, 1.575e-6, 1.400e-6, 1.308e-6
0.861, 1.609e-6, 1.566e-6, 1.394e-6, 1.305e-6
0.860, 1.606e-6, 1.560e-6, 1.391e-6, 1.299e-6
0.859, 1.600e-6, 1.550e-6, 1.388e-6, 1.296e-6
0.858, 1.597e-6, 1.544e-6, 1.382e-6, 1.293e-6
0.857, 1.593e-6, 1.535e-6, 1.379e-6, 1.289e-6
0.856, 1.590e-6, 1.529e-6, 1.375e-6, 1.286e-6
0.855, 1.584e-6, 1.523e-6, 1.372e-6, 1.280e-6
0.854, 1.581e-6, 1.517e-6, 1.366e-6, 1.277e-6
0.853, 1.578e-6, 1.511e-6, 1.363e-6, 1.274e-6
0.852, 1.575e-6, 1.504e-6, 1.360e-6, 1.271e-6
0.851, 1.569e-6, 1.498e-6, 1.357e-6, 1.268e-6
0.850, 1.566e-6, 1.492e-6, 1.354e-6, 1.265e-6
0.849, 1.563e-6, 1.486e-6, 1.351e-6, 1.262e-6
0.848, 1.560e-6, 1.483e-6, 1.348e-6, 1.259e-6
0.847, 1.557e-6, 1.477e-6, 1.345e-6, 1.256e-6
0.846, 1.554e-6, 1.471e-6, 1.342e-6, 1.253e-6
0.845, 1.550e-6, 1.464e-6, 1.339e-6, 1.250e-6
0.844, 1.547e-6, 1.461e-6, 1.336e-6, 1.246e-6
0.843, 1.544e-6, 1.455e-6, 1.332e-6, 1.243e-6
0.842, 1.541e-6, 1.452e-6, 1.329e-6, 1.240e-6
0.841, 1.538e-6, 1.446e-6, 1.326e-6, 1.237e-6
0.840, 1.535e-6, 1.440e-6, 1.323e-6, 1.234e-6
0.839, 1.532e-6, 1.437e-6, 1.320e-6, 1.231e-6
0.838, 1.529e-6, 1.431e-6, 1.317e-6, 1.231e-6
0.837, 1.526e-6, 1.428e-6, 1.317e-6, 1.228e-6
0.836, 1.523e-6, 1.425e-6, 1.314e-6, 1.225e-6
0.835, 1.520e-6, 1.418e-6, 1.311e-6, 1.222e-6
0.834, 1.517e-6, 1.415e-6, 1.308e-6, 1.222e-6
0.833, 1.514e-6, 1.409e-6, 1.305e-6, 1.219e-6
0.832, 1.514e-6, 1.406e-6, 1.302e-6, 1.216e-6
0.831, 1.511e-6, 1.403e-6, 1.299e-6, 1.213e-6
0.830, 1.507e-6, 1.400e-6, 1.299e-6, 1.213e-6
0.829, 1.504e-6, 1.394e-6, 1.296e-6, 1.210e-6
0.828, 1.501e-6, 1.391e-6, 1.293e-6, 1.207e-6
0.827, 1.501e-6, 1.388e-6, 1.289e-6, 1.203e-6
0.826, 1.498e-6, 1.385e-6, 1.286e-6, 1.203e-6
0.825, 1.495e-6, 1.379e-6, 1.286e-6, 1.200e-6
0.824, 1.492e-6, 1.379e-6, 1.283e-6, 1.197e-6
0.823, 1.489e-6, 1.372e-6, 1.280e-6, 1.194e-6
0.822, 1.486e-6, 1.369e-6, 1.277e-6, 1.194e-6
0.821, 1.486e-6, 1.366e-6, 1.277e-6, 1.191e-6
0.820, 1.483e-6, 1.363e-6, 1.274e-6, 1.188e-6
0.819, 1.480e-6, 1.357e-6, 1.271e-6, 1.188e-6
0.818, 1.477e-6, 1.357e-6, 1.268e-6, 1.185e-6
0.817, 1.477e-6, 1.354e-6, 1.268e-6, 1.182e-6
0.816, 1.474e-6, 1.351e-6, 1.265e-6, 1.182e-6
0.815, 1.471e-6, 1.348e-6, 1.262e-6, 1.179e-6
0.814, 1.468e-6, 1.345e-6, 1.262e-6, 1.179e-6
0.813, 1.468e-6, 1.342e-6, 1.259e-6, 1.176e-6
0.812, 1.464e-6, 1.339e-6, 1.256e-6, 1.173e-6
0.811, 1.461e-6, 1.336e-6, 1.256e-6, 1.170e-6
0.810, 1.461e-6, 1.332e-6, 1.253e-6, 1.170e-6
0.809, 1.458e-6, 1.329e-6, 1.250e-6, 1.167e-6
0.808, 1.455e-6, 1.326e-6, 1.250e-6, 1.167e-6
0.807, 1.455e-6, 1.323e-6, 1.246e-6, 1.164e-6
0.806, 1.452e-6, 1.320e-6, 1.243e-6, 1.164e-6
0.805, 1.449e-6, 1.320e-6, 1.243e-6, 1.160e-6
0.804, 1.446e-6, 1.317e-6, 1.240e-6, 1.157e-6
0.803, 1.446e-6, 1.314e-6, 1.237e-6, 1.157e-6
0.802, 1.443e-6, 1.311e-6, 1.237e-6, 1.154e-6
0.801, 1.443e-6, 1.308e-6, 1.234e-6, 1.154e-6
0.800, 1.440e-6, 1.305e-6, 1.234e-6, 1.151e-6
0.799, 1.437e-6, 1.302e-6, 1.231e-6, 1.148e-6
0.798, 1.437e-6, 1.302e-6, 1.231e-6, 1.148e-6
0.797, 1.434e-6, 1.299e-6, 1.228e-6, 1.145e-6
0.796, 1.431e-6, 1.296e-6, 1.225e-6, 1.145e-6
0.795, 1.431e-6, 1.293e-6, 1.225e-6, 1.142e-6
0.794, 1.428e-6, 1.289e-6, 1.222e-6, 1.142e-6
0.793, 1.428e-6, 1.289e-6, 1.219e-6, 1.139e-6
0.792, 1.425e-6, 1.286e-6, 1.219e-6, 1.139e-6
0.791, 1.421e-6, 1.283e-6, 1.216e-6, 1.136e-6
0.790, 1.421e-6, 1.280e-6, 1.216e-6, 1.136e-6
0.789, 1.418e-6, 1.280e-6, 1.213e-6, 1.133e-6
0.788, 1.418e-6, 1.277e-6, 1.210e-6, 1.133e-6
0.787, 1.415e-6, 1.274e-6, 1.210e-6, 1.130e-6
0.786, 1.412e-6, 1.271e-6, 1.207e-6, 1.127e-6
0.785, 1.412e-6, 1.271e-6, 1.207e-6, 1.127e-6
0.784, 1.409e-6, 1.268e-6, 1.203e-6, 1.124e-6
0.783, 1.409e-6, 1.265e-6, 1.203e-6, 1.124e-6
0.782, 1.406e-6, 1.265e-6, 1.200e-6, 1.121e-6
0.781, 1.403e-6, 1.262e-6, 1.200e-6, 1.121e-6
0.780, 1.403e-6, 1.259e-6, 1.197e-6, 1.118e-6
0.779, 1.400e-6, 1.256e-6, 1.194e-6, 1.118e-6
0.778, 1.400e-6, 1.256e-6, 1.194e-6, 1.114e-6
0.777, 1.397e-6, 1.253e-6, 1.191e-6, 1.114e-6
0.776, 1.397e-6, 1.250e-6, 1.191e-6, 1.114e-6
0.775, 1.394e-6, 1.250e-6, 1.188e-6, 1.111e-6
0.774, 1.391e-6, 1.246e-6, 1.188e-6, 1.108e-6
0.773, 1.391e-6, 1.243e-6, 1.185e-6, 1.108e-6
0.772, 1.388e-6, 1.243e-6, 1.185e-6, 1.105e-6
0.771, 1.388e-6, 1.240e-6, 1.182e-6, 1.105e-6
0.770, 1.385e-6, 1.237e-6, 1.182e-6, 1.105e-6
0.769, 1.382e-6, 1.237e-6, 1.179e-6, 1.102e-6
0.768, 1.382e-6, 1.234e-6, 1.176e-6, 1.102e-6
0.767, 1.379e-6, 1.231e-6, 1.176e-6, 1.099e-6
0.766, 1.379e-6, 1.231e-6, 1.173e-6, 1.099e-6
0.765, 1.375e-6, 1.228e-6, 1.173e-6, 1.096e-6
0.764, 1.375e-6, 1.225e-6, 1.170e-6, 1.096e-6
0.763, 1.372e-6, 1.225e-6, 1.170e-6, 1.093e-6
0.762, 1.372e-6, 1.222e-6, 1.167e-6, 1.093e-6
0.761, 1.369e-6, 1.222e-6, 1.167e-6, 1.090e-6
0.760, 1.366e-6, 1.219e-6, 1.164e-6, 1.090e-6
0.759, 1.366e-6, 1.216e-6, 1.164e-6, 1.087e-6
0.758, 1.366e-6, 1.216e-6, 1.160e-6, 1.087e-6
0.757, 1.363e-6, 1.213e-6, 1.160e-6, 1.084e-6
0.756, 1.363e-6, 1.210e-6, 1.157e-6, 1.084e-6
0.755, 1.360e-6, 1.210e-6, 1.154e-6, 1.081e-6
0.754, 1.357e-6, 1.207e-6, 1.154e-6, 1.081e-6
0.753, 1.357e-6, 1.207e-6, 1.151e-6, 1.081e-6
0.752, 1.354e-6, 1.203e-6, 1.151e-6, 1.078e-6
0.751, 1.354e-6, 1.200e-6, 1.148e-6, 1.078e-6
0.750, 1.351e-6, 1.200e-6, 1.148e-6, 1.075e-6
0.749, 1.348e-6, 1.197e-6, 1.145e-6, 1.075e-6
0.748, 1.348e-6, 1.194e-6, 1.145e-6, 1.071e-6
0.747, 1.348e-6, 1.194e-6, 1.142e-6, 1.071e-6
0.746, 1.345e-6, 1.191e-6, 1.142e-6, 1.068e-6
0.745, 1.345e-6, 1.191e-6, 1.139e-6, 1.068e-6
0.744, 1.342e-6, 1.188e-6, 1.139e-6, 1.065e-6
0.743, 1.339e-6, 1.188e-6, 1.136e-6, 1.065e-6
0.742, 1.339e-6, 1.185e-6, 1.136e-6, 1.065e-6
0.741, 1.336e-6, 1.185e-6, 1.133e-6, 1.062e-6
0.740, 1.336e-6, 1.182e-6, 1.133e-6, 1.062e-6
0.739, 1.332e-6, 1.179e-6, 1.130e-6, 1.059e-6
0.738, 1.332e-6, 1.176e-6, 1.130e-6, 1.059e-6
0.737, 1.329e-6, 1.176e-6, 1.127e-6, 1.056e-6
0.736, 1.329e-6, 1.173e-6, 1.124e-6, 1.056e-6
0.735, 1.326e-6, 1.170e-6, 1.124e-6, 1.053e-6
0.734, 1.326e-6, 1.170e-6, 1.121e-6, 1.053e-6
0.733, 1.323e-6, 1.170e-6, 1.121e-6, 1.053e-6
0.732, 1.320e-6, 1.167e-6, 1.118e-6, 1.050e-6
0.731, 1.320e-6, 1.164e-6, 1.118e-6, 1.050e-6
0.730, 1.317e-6, 1.164e-6, 1.114e-6, 1.047e-6
0.729, 1.317e-6, 1.160e-6, 1.114e-6, 1.047e-6
0.728, 1.314e-6, 1.160e-6, 1.111e-6, 1.044e-6
0.727, 1.314e-6, 1.157e-6, 1.111e-6, 1.044e-6
0.726, 1.311e-6, 1.157e-6, 1.108e-6, 1.041e-6
0.725, 1.308e-6, 1.154e-6, 1.108e-6, 1.041e-6
0.724, 1.308e-6, 1.151e-6, 1.105e-6, 1.038e-6
0.723, 1.308e-6, 1.148e-6, 1.105e-6, 1.038e-6
0.722, 1.305e-6, 1.148e-6, 1.102e-6, 1.035e-6
0.721, 1.302e-6, 1.148e-6, 1.102e-6, 1.035e-6
0.720, 1.302e-6, 1.145e-6, 1.099e-6, 1.032e-6
0.719, 1.299e-6, 1.142e-6, 1.099e-6, 1.032e-6
0.718, 1.299e-6, 1.142e-6, 1.096e-6, 1.032e-6
0.717, 1.296e-6, 1.139e-6, 1.093e-6, 1.028e-6
0.716, 1.296e-6, 1.136e-6, 1.093e-6, 1.025e-6
0.715, 1.293e-6, 1.136e-6, 1.090e-6, 1.025e-6
0.714, 1.289e-6, 1.133e-6, 1.090e-6, 1.022e-6
0.713, 1.289e-6, 1.133e-6, 1.087e-6, 1.022e-6
0.712, 1.286e-6, 1.133e-6, 1.087e-6, 1.022e-6
0.711, 1.286e-6, 1.130e-6, 1.084e-6, 1.019e-6
0.710, 1.283e-6, 1.127e-6, 1.084e-6, 1.019e-6
0.709, 1.283e-6, 1.127e-6, 1.081e-6, 1.019e-6
0.708, 1.280e-6, 1.124e-6, 1.081e-6, 1.016e-6
0.707, 1.277e-6, 1.121e-6, 1.078e-6, 1.016e-6
0.706, 1.277e-6, 1.121e-6, 1.078e-6, 1.013e-6
0.705, 1.274e-6, 1.118e-6, 1.075e-6, 1.010e-6
0.704, 1.274e-6, 1.118e-6, 1.071e-6, 1.010e-6
0.703, 1.271e-6, 1.114e-6, 1.071e-6, 1.010e-6
0.702, 1.271e-6, 1.114e-6, 1.068e-6, 1.007e-6
0.701, 1.268e-6, 1.111e-6, 1.065e-6, 1.007e-6
0.700, 1.265e-6, 1.108e-6, 1.065e-6, 1.004e-6
0.699, 1.265e-6, 1.108e-6, 1.065e-6, 1.004e-6
0.698, 1.262e-6, 1.105e-6, 1.062e-6, 1.001e-6
0.697, 1.259e-6, 1.105e-6, 1.059e-6, 1.001e-6
0.696, 1.259e-6, 1.102e-6, 1.059e-6, 9.978e-7
0.695, 1.256e-6, 1.102e-6, 1.056e-6, 9.978e-7
0.694, 1.256e-6, 1.099e-6, 1.056e-6, 9.947e-7
0.693, 1.253e-6, 1.099e-6, 1.053e-6, 9.947e-7
0.692, 1.250e-6, 1.096e-6, 1.050e-6, 9.916e-7
0.691, 1.250e-6, 1.093e-6, 1.050e-6, 9.885e-7
0.690, 1.246e-6, 1.093e-6, 1.047e-6, 9.885e-7
0.689, 1.246e-6, 1.090e-6, 1.047e-6, 9.885e-7
0.688, 1.243e-6, 1.090e-6, 1.044e-6, 9.855e-7
0.687, 1.240e-6, 1.087e-6, 1.041e-6, 9.855e-7
0.686, 1.240e-6, 1.087e-6, 1.041e-6, 9.824e-7
0.685, 1.237e-6, 1.084e-6, 1.038e-6, 9.824e-7
0.684, 1.234e-6, 1.081e-6, 1.038e-6, 9.793e-7
0.683, 1.234e-6, 1.081e-6, 1.035e-6, 9.793e-7
0.682, 1.231e-6, 1.078e-6, 1.032e-6, 9.763e-7
0.681, 1.228e-6, 1.078e-6, 1.032e-6, 9.732e-7
0.680, 1.228e-6, 1.075e-6, 1.028e-6, 9.732e-7
0.679, 1.225e-6, 1.075e-6, 1.025e-6, 9.701e-7
0.678, 1.222e-6, 1.071e-6, 1.025e-6, 9.701e-7
0.677, 1.219e-6, 1.068e-6, 1.022e-6, 9.671e-7
0.676, 1.219e-6, 1.068e-6, 1.019e-6, 9.671e-7
0.675, 1.216e-6, 1.065e-6, 1.019e-6, 9.640e-7
0.674, 1.213e-6, 1.065e-6, 1.016e-6, 9.640e-7
0.673, 1.213e-6, 1.062e-6, 1.016e-6, 9.609e-7
0.672, 1.210e-6, 1.059e-6, 1.013e-6, 9.609e-7
0.671, 1.207e-6, 1.059e-6, 1.010e-6, 9.578e-7
0.670, 1.207e-6, 1.056e-6, 1.007e-6, 9.548e-7
0.669, 1.203e-6, 1.056e-6, 1.007e-6, 9.548e-7
0.668, 1.200e-6, 1.053e-6, 1.004e-6, 9.517e-7
0.667, 1.200e-6, 1.053e-6, 1.004e-6, 9.517e-7
0.666, 1.197e-6, 1.050e-6, 1.001e-6, 9.486e-7
0.665, 1.194e-6, 1.047e-6, 9.978e-7, 9.456e-7
0.664, 1.191e-6, 1.047e-6, 9.947e-7, 9.456e-7
0.663, 1.191e-6, 1.044e-6, 9.947e-7, 9.425e-7
0.662, 1.188e-6, 1.041e-6, 9.916e-7, 9.394e-7
0.661, 1.185e-6, 1.041e-6, 9.885e-7, 9.394e-7
0.660, 1.182e-6, 1.038e-6, 9.855e-7, 9.364e-7
0.659, 1.179e-6, 1.035e-6, 9.855e-7, 9.364e-7
0.658, 1.176e-6, 1.035e-6, 9.824e-7, 9.333e-7
0.657, 1.176e-6, 1.032e-6, 9.793e-7, 9.333e-7
0.656, 1.173e-6, 1.032e-6, 9.763e-7, 9.302e-7
0.655, 1.170e-6, 1.028e-6, 9.732e-7, 9.271e-7
0.654, 1.167e-6, 1.025e-6, 9.732e-7, 9.241e-7
0.653, 1.164e-6, 1.025e-6, 9.701e-7, 9.241e-7
0.652, 1.160e-6, 1.022e-6, 9.671e-7, 9.210e-7
0.651, 1.160e-6, 1.019e-6, 9.671e-7, 9.210e-7
0.650, 1.154e-6, 1.019e-6, 9.640e-7, 9.179e-7
0.649, 1.154e-6, 1.016e-6, 9.609e-7, 9.149e-7
0.648, 1.151e-6, 1.016e-6, 9.578e-7, 9.118e-7
0.647, 1.148e-6, 1.013e-6, 9.548e-7, 9.118e-7
0.646, 1.145e-6, 1.010e-6, 9.517e-7, 9.087e-7
0.645, 1.142e-6, 1.010e-6, 9.517e-7, 9.056e-7
0.644, 1.139e-6, 1.007e-6, 9.486e-7, 9.026e-7
0.643, 1.136e-6, 1.004e-6, 9.456e-7, 9.026e-7
0.642, 1.133e-6, 1.001e-6, 9.425e-7, 8.995e-7
0.641, 1.130e-6, 1.001e-6, 9.394e-7, 8.964e-7
0.640, 1.127e-6, 9.978e-7, 9.364e-7, 8.934e-7
0.639, 1.124e-6, 9.947e-7, 9.333e-7, 8.934e-7
0.638, 1.121e-6, 9.947e-7, 9.333e-7, 8.903e-7
0.637, 1.118e-6, 9.916e-7, 9.302e-7, 8.872e-7
0.636, 1.114e-6, 9.885e-7, 9.271e-7, 8.842e-7
0.635, 1.111e-6, 9.885e-7, 9.241e-7, 8.811e-7
0.634, 1.108e-6, 9.855e-7, 9.210e-7, 8.811e-7
0.633, 1.105e-6, 9.824e-7, 9.179e-7, 8.780e-7
0.632, 1.102e-6, 9.793e-7, 9.149e-7, 8.749e-7
0.631, 1.099e-6, 9.763e-7, 9.118e-7, 8.719e-7
0.630, 1.096e-6, 9.763e-7, 9.087e-7, 8.688e-7
0.629, 1.090e-6, 9.732e-7, 9.056e-7, 8.657e-7
0.628, 1.087e-6, 9.701e-7, 9.026e-7, 8.627e-7
0.627, 1.084e-6, 9.671e-7, 8.964e-7, 8.627e-7
0.626, 1.081e-6, 9.640e-7, 8.934e-7, 8.565e-7
0.625, 1.078e-6, 9.640e-7, 8.903e-7, 8.565e-7
0.624, 1.075e-6, 9.609e-7, 8.903e-7, 8.534e-7
0.623, 1.068e-6, 9.578e-7, 8.842e-7, 8.504e-7
0.622, 1.065e-6, 9.548e-7, 8.811e-7, 8.473e-7
0.621, 1.062e-6, 9.548e-7, 8.780e-7, 8.442e-7
0.620, 1.059e-6, 9.517e-7, 8.749e-7, 8.412e-7
0.619, 1.053e-6, 9.486e-7, 8.719e-7, 8.381e-7
0.618, 1.050e-6, 9.456e-7, 8.657e-7, 8.350e-7
0.617, 1.047e-6, 9.425e-7, 8.627e-7, 8.320e-7
0.616, 1.044e-6, 9.394e-7, 8.596e-7, 8.289e-7
0.615, 1.038e-6, 9.364e-7, 8.565e-7, 8.258e-7
0.614, 1.035e-6, 9.333e-7, 8.534e-7, 8.227e-7
0.613, 1.028e-6, 9.302e-7, 8.504e-7, 8.197e-7
0.612, 1.025e-6, 9.271e-7, 8.442e-7, 8.166e-7
0.611, 1.019e-6, 9.241e-7, 8.412e-7, 8.105e-7
0.610, 1.016e-6, 9.210e-7, 8.381e-7, 8.074e-7
0.609, 1.013e-6, 9.179e-7, 8.320e-7, 8.043e-7
0.608, 1.007e-6, 9.179e-7, 8.289e-7, 8.012e-7
0.607, 1.004e-6, 9.118e-7, 8.258e-7, 7.982e-7
0.606, 9.978e-7, 9.087e-7, 8.197e-7, 7.951e-7
0.605, 9.947e-7, 9.056e-7, 8.166e-7, 7.890e-7
0.604, 9.885e-7, 9.056e-7, 8.135e-7, 7.859e-7
0.603, 9.855e-7, 8.995e-7, 8.074e-7, 7.828e-7
0.602, 9.793e-7, 8.964e-7, 8.043e-7, 7.798e-7
0.601, 9.732e-7, 8.934e-7, 7.982e-7, 7.736e-7
0.600, 9.701e-7, 8.903e-7, 7.951e-7, 7.705e-7
0.599, 9.640e-7, 8.872e-7, 7.890e-7, 7.675e-7
0.598, 9.578e-7, 8.842e-7, 7.859e-7, 7.644e-7
0.597, 9.548e-7, 8.811e-7, 7.828e-7, 7.583e-7
0.596, 9.486e-7, 8.780e-7, 7.767e-7, 7.552e-7
0.595, 9.456e-7, 8.719e-7, 7.705e-7, 7.491e-7
0.594, 9.394e-7, 8.688e-7, 7.675e-7, 7.460e-7
0.593, 9.333e-7, 8.657e-7, 7.613e-7, 7.429e-7
0.592, 9.271e-7, 8.627e-7, 7.583e-7, 7.368e-7
0.591, 9.210e-7, 8.565e-7, 7.521e-7, 7.337e-7
0.590, 9.149e-7, 8.534e-7, 7.460e-7, 7.276e-7
0.589, 9.087e-7, 8.504e-7, 7.429e-7, 7.245e-7
0.588, 9.056e-7, 8.442e-7, 7.368e-7, 7.214e-7
0.587, 8.995e-7, 8.412e-7, 7.337e-7, 7.153e-7
0.586, 8.934e-7, 8.381e-7, 7.276e-7, 7.122e-7
0.585, 8.872e-7, 8.350e-7, 7.214e-7, 7.061e-7
0.584, 8.811e-7, 8.289e-7, 7.153e-7, 7.030e-7
0.583, 8.749e-7, 8.258e-7, 7.122e-7, 6.969e-7
0.582, 8.688e-7, 8.227e-7, 7.061e-7, 6.938e-7
0.581, 8.627e-7, 8.166e-7, 6.999e-7, 6.876e-7
0.580, 8.565e-7, 8.135e-7, 6.938e-7, 6.815e-7
0.579, 8.504e-7, 8.074e-7, 6.907e-7, 6.784e-7
0.578, 8.442e-7, 8.043e-7, 6.846e-7, 6.723e-7
0.577, 8.381e-7, 7.982e-7, 6.784e-7, 6.661e-7
0.576, 8.320e-7, 7.951e-7, 6.723e-7, 6.631e-7
0.575, 8.258e-7, 7.890e-7, 6.661e-7, 6.569e-7
0.574, 8.197e-7, 7.859e-7, 6.631e-7, 6.508e-7
0.573, 8.105e-7, 7.798e-7, 6.569e-7, 6.477e-7
0.572, 8.043e-7, 7.736e-7, 6.508e-7, 6.416e-7
0.571, 7.982e-7, 7.705e-7, 6.447e-7, 6.354e-7
0.570, 7.920e-7, 7.644e-7, 6.385e-7, 6.293e-7
0.569, 7.828e-7, 7.613e-7, 6.324e-7, 6.262e-7
0.568, 7.767e-7, 7.552e-7, 6.262e-7, 6.201e-7
0.567, 7.705e-7, 7.491e-7, 6.201e-7, 6.139e-7
0.566, 7.644e-7, 7.429e-7, 6.139e-7, 6.078e-7
0.565, 7.583e-7, 7.398e-7, 6.078e-7, 6.017e-7
0.564, 7.490e-7, 7.337e-7, 6.017e-7, 5.955e-7
0.563, 7.429e-7, 7.276e-7, 5.955e-7, 5.925e-7
0.562, 7.368e-7, 7.245e-7, 5.894e-7, 5.863e-7
0.561, 7.276e-7, 7.183e-7, 5.863e-7, 5.802e-7
0.560, 7.214e-7, 7.122e-7, 5.802e-7, 5.740e-7
0.559, 7.153e-7, 7.061e-7, 5.740e-7, 5.679e-7
0.558, 7.061e-7, 6.999e-7, 5.679e-7, 5.648e-7
0.557, 6.999e-7, 6.938e-7, 5.587e-7, 5.587e-7
0.556, 6.907e-7, 6.907e-7, 5.525e-7, 5.525e-7
0.555, 6.846e-7, 6.846e-7, 5.464e-7, 5.464e-7
0.554, 6.784e-7, 6.784e-7, 5.403e-7, 5.403e-7
0.553, 6.692e-7, 6.723e-7, 5.341e-7, 5.341e-7
0.552, 6.631e-7, 6.661e-7, 5.280e-7, 5.280e-7
0.551, 6.569e-7, 6.600e-7, 5.218e-7, 5.218e-7
0.550, 6.477e-7, 6.539e-7, 5.157e-7, 5.157e-7
0.549, 6.416e-7, 6.477e-7, 5.096e-7, 5.096e-7
0.548, 6.324e-7, 6.416e-7, 5.034e-7, 5.034e-7
0.547, 6.262e-7, 6.354e-7, 4.973e-7, 4.973e-7
0.546, 6.170e-7, 6.293e-7, 4.911e-7, 4.911e-7
0.545, 6.109e-7, 6.232e-7, 4.850e-7, 4.850e-7
0.544, 6.017e-7, 6.170e-7, 4.758e-7, 4.788e-7
0.543, 5.955e-7, 6.109e-7, 4.727e-7, 4.727e-7
0.542, 5.863e-7, 6.047e-7, 4.666e-7, 4.666e-7
0.541, 5.802e-7, 5.986e-7, 4.604e-7, 4.604e-7
0.540, 5.710e-7, 5.894e-7, 4.512e-7, 4.543e-7
0.539, 5.648e-7, 5.863e-7, 4.451e-7, 4.481e-7
0.538, 5.556e-7, 5.771e-7, 4.389e-7, 4.420e-7
0.537, 5.495e-7, 5.710e-7, 4.328e-7, 4.359e-7
0.536, 5.403e-7, 5.648e-7, 4.266e-7, 4.297e-7
0.535, 5.341e-7, 5.587e-7, 4.205e-7, 4.236e-7
0.534, 5.280e-7, 5.525e-7, 4.144e-7, 4.174e-7
0.533, 5.188e-7, 5.464e-7, 4.082e-7, 4.113e-7
0.532, 5.126e-7, 5.372e-7, 4.021e-7, 4.052e-7
0.531, 5.065e-7, 5.310e-7, 3.959e-7, 3.990e-7
0.530, 4.973e-7, 5.249e-7, 3.898e-7, 3.929e-7
0.529, 4.881e-7, 5.188e-7, 3.837e-7, 3.867e-7
0.528, 4.819e-7, 5.096e-7, 3.775e-7, 3.806e-7
0.527, 4.758e-7, 5.034e-7, 3.714e-7, 3.775e-7
0.526, 4.666e-7, 4.973e-7, 3.652e-7, 3.714e-7
0.525, 4.604e-7, 4.881e-7, 3.591e-7, 3.652e-7
0.524, 4.512e-7, 4.819e-7, 3.530e-7, 3.591e-7
0.523, 4.451e-7, 4.788e-7, 3.468e-7, 3.530e-7
0.522, 4.389e-7, 4.696e-7, 3.407e-7, 3.468e-7
0.521, 4.297e-7, 4.635e-7, 3.345e-7, 3.407e-7
0.520, 4.236e-7, 4.574e-7, 3.284e-7, 3.345e-7
0.519, 4.174e-7, 4.481e-7, 3.223e-7, 3.284e-7
0.518, 4.082e-7, 4.420e-7, 3.161e-7, 3.223e-7
0.517, 4.021e-7, 4.359e-7, 3.130e-7, 3.192e-7
0.516, 3.959e-7, 4.297e-7, 3.069e-7, 3.130e-7
0.515, 3.898e-7, 4.205e-7, 3.008e-7, 3.069e-7
0.514, 3.806e-7, 4.144e-7, 2.946e-7, 3.008e-7
0.513, 3.744e-7, 4.082e-7, 2.885e-7, 2.946e-7
0.512, 3.683e-7, 4.021e-7, 2.823e-7, 2.885e-7
0.511, 3.622e-7, 3.929e-7, 2.762e-7, 2.854e-7
0.510, 3.560e-7, 3.867e-7, 2.731e-7, 2.793e-7
0.509, 3.499e-7, 3.806e-7, 2.670e-7, 2.731e-7
0.508, 3.437e-7, 3.744e-7, 2.608e-7, 2.670e-7
0.507, 3.376e-7, 3.683e-7, 2.547e-7, 2.639e-7
0.506, 3.315e-7, 3.591e-7, 2.516e-7, 2.578e-7
0.505, 3.253e-7, 3.530e-7, 2.455e-7, 2.516e-7
0.504, 3.192e-7, 3.468e-7, 2.393e-7, 2.486e-7
0.503, 3.100e-7, 3.407e-7, 2.363e-7, 2.424e-7
0.502, 3.069e-7, 3.345e-7, 2.301e-7, 2.363e-7
0.501, 3.008e-7, 3.284e-7, 2.271e-7, 2.332e-7
0.500, 2.946e-7, 3.192e-7, 2.209e-7, 2.271e-7
0.499, 2.885e-7, 3.161e-7, 2.148e-7, 2.209e-7
0.498, 2.823e-7, 3.069e-7, 2.117e-7, 2.179e-7
0.497, 2.762e-7, 3.008e-7, 2.056e-7, 2.117e-7
0.496, 2.701e-7, 2.946e-7, 2.025e-7, 2.086e-7
0.495, 2.670e-7, 2.885e-7, 1.964e-7, 2.056e-7
0.494, 2.608e-7, 2.823e-7, 1.933e-7, 1.994e-7
0.493, 2.547e-7, 2.762e-7, 1.872e-7, 1.933e-7
0.492, 2.486e-7, 2.701e-7, 1.841e-7, 1.902e-7
0.491, 2.455e-7, 2.639e-7, 1.810e-7, 1.841e-7
0.490, 2.393e-7, 2.578e-7, 1.749e-7, 1.810e-7
0.489, 2.332e-7, 2.516e-7, 1.718e-7, 1.779e-7
0.488, 2.301e-7, 2.455e-7, 1.657e-7, 1.718e-7
0.487, 2.240e-7, 2.393e-7, 1.626e-7, 1.687e-7
0.486, 2.209e-7, 2.332e-7, 1.595e-7, 1.626e-7
0.485, 2.148e-7, 2.301e-7, 1.534e-7, 1.595e-7
0.484, 2.117e-7, 2.209e-7, 1.503e-7, 1.564e-7
0.483, 2.056e-7, 2.179e-7, 1.472e-7, 1.534e-7
0.482, 1.994e-7, 2.117e-7, 1.442e-7, 1.503e-7
0.481, 1.964e-7, 2.056e-7, 1.411e-7, 1.442e-7
0.480, 1.933e-7, 1.994e-7, 1.350e-7, 1.411e-7
0.479, 1.871e-7, 1.933e-7, 1.319e-7, 1.380e-7
0.478, 1.841e-7, 1.902e-7, 1.288e-7, 1.350e-7
0.477, 1.810e-7, 1.841e-7, 1.257e-7, 1.319e-7
0.476, 1.749e-7, 1.779e-7, 1.227e-7, 1.257e-7
0.475, 1.718e-7, 1.749e-7, 1.196e-7, 1.227e-7
0.474, 1.687e-7, 1.687e-7, 1.165e-7, 1.196e-7
0.473, 1.626e-7, 1.626e-7, 1.135e-7, 1.165e-7
0.472, 1.595e-7, 1.595e-7, 1.104e-7, 1.135e-7
0.471, 1.564e-7, 1.534e-7, 1.073e-7, 1.104e-7
0.470, 1.534e-7, 1.472e-7, 1.042e-7, 1.073e-7
0.469, 1.503e-7, 1.442e-7, 1.012e-7, 1.042e-7
0.468, 1.472e-7, 1.411e-7, 9.811e-8, 1.012e-7
0.467, 1.442e-7, 1.350e-7, 9.504e-8, 9.811e-8
0.466, 1.411e-7, 1.288e-7, 9.196e-8, 9.503e-8
0.465, 1.380e-7, 1.257e-7, 8.889e-8, 9.196e-8
0.464, 1.350e-7, 1.196e-7, 8.582e-8, 9.196e-8
0.463, 1.319e-7, 1.165e-7, 8.582e-8, 8.889e-8
0.462, 1.288e-7, 1.135e-7, 8.275e-8, 8.582e-8
0.461, 1.227e-7, 1.073e-7, 7.968e-8, 8.275e-8
0.460, 1.227e-7, 1.042e-7, 7.968e-8, 7.968e-8
0.459, 1.196e-7, 1.012e-7, 7.661e-8, 7.968e-8
0.458, 1.165e-7, 9.810e-8, 7.354e-8, 7.661e-8
0.457, 1.165e-7, 9.196e-8, 7.047e-8, 7.354e-8
0.456, 1.135e-7, 8.889e-8, 7.047e-8, 7.047e-8
0.455, 1.104e-7, 8.582e-8, 6.740e-8, 7.047e-8
0.454, 1.073e-7, 8.275e-8, 6.433e-8, 6.740e-8
0.453, 1.042e-7, 7.968e-8, 6.433e-8, 6.433e-8
0.452, 1.042e-7, 7.354e-8, 6.126e-8, 6.126e-8
0.451, 1.012e-7, 7.047e-8, 5.819e-8, 6.126e-8
0.450, 9.810e-8, 6.740e-8, 5.819e-8, 5.819e-8
0.449, 9.810e-8, 6.433e-8, 5.512e-8, 5.512e-8
0.448, 9.503e-8, 6.126e-8, 5.512e-8, 5.512e-8
0.447, 9.196e-8, 5.819e-8, 5.205e-8, 5.512e-8
0.446, 9.196e-8, 5.512e-8, 5.205e-8, 5.205e-8
0.445, 8.889e-8, 5.205e-8, 4.898e-8, 4.898e-8
0.444, 8.889e-8, 4.898e-8, 4.591e-8, 4.898e-8
0.443, 8.582e-8, 4.591e-8, 4.591e-8, 4.591e-8
0.442, 8.582e-8, 4.284e-8, 4.591e-8, 4.591e-8
0.441, 8.275e-8, 3.977e-8, 4.284e-8, 4.284e-8
0.440, 8.275e-8, 3.977e-8, 4.284e-8, 4.284e-8
0.439, 7.968e-8, 3.669e-8, 3.977e-8, 4.284e-8
0.438, 7.968e-8, 3.362e-8, 3.977e-8, 3.977e-8
0.437, 7.661e-8, 3.055e-8, 3.977e-8, 3.977e-8
0.436, 7.661e-8, 3.055e-8, 3.670e-8, 3.670e-8
0.435, 7.354e-8, 2.748e-8, 3.670e-8, 3.670e-8
0.434, 7.354e-8, 2.441e-8, 3.670e-8, 3.362e-8
0.433, 7.354e-8, 2.134e-8, 3.363e-8, 3.362e-8
0.432, 7.047e-8, 2.134e-8, 3.363e-8, 3.362e-8
0.431, 7.047e-8, 1.827e-8, 3.363e-8, 3.055e-8
0.430, 7.047e-8, 1.520e-8, 3.055e-8, 3.055e-8
0.429, 6.740e-8, 1.520e-8, 3.055e-8, 3.055e-8
0.428, 6.740e-8, 1.213e-8, 3.055e-8, 2.748e-8
0.427, 6.740e-8, 1.213e-8, 2.748e-8, 2.748e-8
0.426, 6.740e-8, 9.060e-9, 2.748e-8, 2.748e-8
0.425, 6.433e-8, 5.990e-9, 2.748e-8, 2.748e-8
0.424, 6.433e-8, 5.990e-9, 2.441e-8, 2.441e-8
0.423, 6.433e-8, 5.990e-9, 2.441e-8, 2.441e-8
0.422, 6.126e-8, 2.919e-9, 2.441e-8, 2.441e-8
0.421, 6.126e-8, 2.919e-9, 2.441e-8, 2.441e-8
0.420, 6.126e-8, -1.512e-10, 2.441e-8, 2.134e-8
0.419, 6.126e-8, -1.512e-10, 2.134e-8, 2.441e-8
0.418, 6.126e-8, -3.222e-9, 2.134e-8, 2.134e-8
0.417, 5.819e-8, -3.222e-9, 2.134e-8, 2.134e-8
0.416, 5.819e-8, -3.222e-9, 2.134e-8, 2.134e-8
0.415, 5.819e-8, -6.292e-9, 2.134e-8, 2.134e-8
0.414, 5.819e-8, -6.292e-9, 2.134e-8, 1.827e-8
0.413, 5.819e-8, -6.292e-9, 1.827e-8, 1.827e-8
0.412, 5.819e-8, -9.363e-9, 1.827e-8, 1.827e-8
0.411, 5.819e-8, -9.363e-9, 1.827e-8, 1.827e-8
0.410, 5.512e-8, -9.363e-9, 1.520e-8, 1.827e-8
0.409, 5.512e-8, -1.243e-8, 1.827e-8, 1.520e-8
0.408, 5.512e-8, -1.243e-8, 1.827e-8, 1.520e-8
0.407, 5.512e-8, -1.243e-8, 1.520e-8, 1.520e-8
0.406, 5.512e-8, -1.243e-8, 1.520e-8, 1.520e-8
0.405, 5.512e-8, -1.243e-8, 1.520e-8, 1.520e-8
0.404, 5.512e-8, -1.550e-8, 1.520e-8, 1.520e-8
0.403, 5.205e-8, -1.550e-8, 1.520e-8, 1.520e-8
0.402, 5.512e-8, -1.550e-8, 1.520e-8, 1.520e-8
0.401, 5.205e-8, -1.550e-8, 1.520e-8, 1.520e-8
0.400, 5.205e-8, -1.550e-8, 1.520e-8, 1.520e-8
0.399, 5.205e-8, -1.550e-8, 1.520e-8, 1.520e-8
0.398, 5.205e-8, -1.550e-8, 1.520e-8, 1.213e-8
0.397, 5.205e-8, -1.857e-8, 1.213e-8, 1.213e-8
0.396, 5.205e-8, -1.857e-8, 1.213e-8, 1.213e-8
0.395, 5.205e-8, -1.550e-8, 1.213e-8, 1.213e-8
0.394, 5.205e-8, -1.857e-8, 1.213e-8, 1.213e-8
0.393, 5.205e-8, -1.857e-8, 1.213e-8, 1.213e-8
0.392, 5.205e-8, -1.857e-8, 1.213e-8, 1.213e-8
0.391, 5.205e-8, -1.857e-8, 1.213e-8, 1.213e-8
0.390, 5.205e-8, -1.857e-8, 1.213e-8, 1.213e-8
0.389, 5.205e-8, -1.857e-8, 1.213e-8, 1.213e-8
0.388, 5.205e-8, -1.857e-8, 1.213e-8, 1.213e-8
0.387, 5.205e-8, -1.857e-8, 1.213e-8, 1.213e-8
0.386, 5.205e-8, -1.857e-8, 1.213e-8, 1.213e-8
0.385, 5.205e-8, -1.857e-8, 1.213e-8, 1.213e-8
0.384, 5.205e-8, -1.857e-8, 1.213e-8, 1.213e-8
0.383, 5.205e-8, -1.857e-8, 1.213e-8, 1.213e-8
0.382, 5.205e-8, -1.857e-8, 1.213e-8, 1.213e-8
0.381, 5.205e-8, -1.857e-8, 1.213e-8, 9.061e-9
0.380, 5.205e-8, -1.857e-8, 1.213e-8, 1.213e-8
0.379, 5.205e-8, -1.857e-8, 1.213e-8, 9.061e-9
0.378, 4.898e-8, -1.857e-8, 9.061e-9, 1.213e-8
0.377, 5.205e-8, -1.857e-8, 9.061e-9, 9.061e-9
0.376, 5.205e-8, -1.857e-8, 9.061e-9, 9.061e-9
0.375, 5.205e-8, -1.857e-8, 9.061e-9, 9.061e-9
0.374, 4.898e-8, -1.857e-8, 9.061e-9, 9.061e-9
0.373, 4.898e-8, -1.857e-8, 9.061e-9, 9.061e-9
0.372, 4.898e-8, -1.857e-8, 9.061e-9, 1.213e-8
0.371, 4.898e-8, -1.857e-8, 9.061e-9, 9.061e-9
0.370, 4.898e-8, -1.857e-8, 9.061e-9, 1.213e-8
0.369, 5.205e-8, -1.857e-8, 9.061e-9, 9.061e-9
0.368, 4.898e-8, -1.857e-8, 9.061e-9, 1.213e-8
0.367, 4.898e-8, -1.857e-8, 9.061e-9, 9.061e-9
0.366, 4.898e-8, -1.857e-8, 9.061e-9, 9.061e-9
0.365, 4.898e-8, -1.857e-8, 9.061e-9, 9.061e-9
0.364, 4.898e-8, -1.857e-8, 9.061e-9, 9.061e-9
0.363, 4.898e-8, -1.550e-8, 9.061e-9, 9.061e-9
0.362, 5.205e-8, -1.550e-8, 9.061e-9, 9.061e-9
0.361, 4.898e-8, -1.550e-8, 9.061e-9, 9.061e-9
0.360, 4.898e-8, -1.550e-8, 9.061e-9, 9.061e-9
0.359, 4.898e-8, -1.550e-8, 9.061e-9, 9.061e-9
0.358, 4.898e-8, -1.550e-8, 9.061e-9, 9.061e-9
0.357, 4.898e-8, -1.550e-8, 9.061e-9, 9.061e-9
0.356, 4.898e-8, -1.550e-8, 9.061e-9, 9.061e-9
0.355, 4.898e-8, -1.550e-8, 9.061e-9, 9.061e-9
0.354, 4.898e-8, -1.550e-8, 9.061e-9, 9.061e-9
0.353, 4.898e-8, -1.550e-8, 5.991e-9, 9.061e-9
0.352, 4.898e-8, -1.550e-8, 5.991e-9, 9.061e-9
0.351, 4.898e-8, -1.550e-8, 5.991e-9, 9.061e-9
0.350, 4.898e-8, -1.550e-8, 5.991e-9, 9.061e-9
0.349, 4.898e-8, -1.550e-8, 5.991e-9, 9.061e-9
0.348, 4.898e-8, -1.550e-8, 5.991e-9, 9.061e-9
0.347, 4.898e-8, -1.550e-8, 5.991e-9, 9.061e-9
0.346, 4.898e-8, -1.550e-8, 5.991e-9, 9.061e-9
0.345, 4.898e-8, -1.550e-8, 5.991e-9, 9.061e-9
0.344, 4.898e-8, -1.243e-8, 5.991e-9, 9.061e-9
0.343, 4.898e-8, -1.243e-8, 5.991e-9, 9.061e-9
0.342, 4.898e-8, -1.243e-8, 5.991e-9, 9.061e-9
0.341, 4.898e-8, -1.243e-8, 5.991e-9, 9.061e-9
0.340, 4.898e-8, -1.243e-8, 5.991e-9, 9.061e-9
0.339, 4.898e-8, -1.550e-8, 5.991e-9, 9.061e-9
0.338, 4.591e-8, -1.550e-8, 5.991e-9, 9.061e-9
0.337, 4.591e-8, -1.243e-8, 5.991e-9, 9.061e-9
0.336, 4.591e-8, -1.243e-8, 5.991e-9, 9.061e-9
0.335, 4.591e-8, -1.550e-8, 5.991e-9, 9.061e-9
0.334, 4.591e-8, -1.243e-8, 5.991e-9, 9.061e-9
0.333, 4.591e-8, -1.243e-8, 5.991e-9, 9.061e-9
0.332, 4.591e-8, -1.243e-8, 2.920e-9, 9.061e-9
0.331, 4.591e-8, -1.243e-8, 5.991e-9, 9.061e-9
0.330, 4.591e-8, -1.243e-8, 2.920e-9, 9.061e-9
0.329, 4.591e-8, -1.243e-8, 2.920e-9, 5.991e-9
0.328, 4.591e-8, -1.243e-8, 5.991e-9, 9.061e-9
0.327, 4.591e-8, -1.243e-8, 2.920e-9, 9.061e-9
0.326, 4.591e-8, -1.243e-8, 2.920e-9, 9.061e-9
0.325, 4.591e-8, -1.243e-8, 2.920e-9, 5.991e-9
0.324, 4.591e-8, -1.243e-8, 2.920e-9, 9.061e-9
0.323, 4.591e-8, -1.243e-8, 2.920e-9, 5.991e-9
0.322, 4.591e-8, -1.243e-8, 2.920e-9, 5.991e-9
0.321, 4.591e-8, -1.243e-8, 2.920e-9, 9.061e-9
0.320, 4.284e-8, -1.243e-8, 2.920e-9, 5.991e-9
0.319, 4.284e-8, -1.243e-8, 2.920e-9, 5.991e-9
0.318, 4.284e-8, -1.243e-8, 2.920e-9, 5.991e-9
0.317, 4.284e-8, -1.243e-8, 2.920e-9, 5.991e-9
0.316, 4.284e-8, -1.243e-8, 2.920e-9, 5.991e-9
0.315, 4.284e-8, -1.243e-8, 2.920e-9, 5.991e-9
0.314, 4.284e-8, -1.243e-8, -1.501e-10, 5.991e-9
0.313, 4.284e-8, -1.550e-8, 2.920e-9, 5.991e-9
0.312, 4.284e-8, -1.243e-8, -1.501e-10, 5.991e-9
0.311, 4.284e-8, -1.243e-8, -1.501e-10, 5.991e-9
0.310, 3.976e-8, -1.550e-8, -1.501e-10, 5.991e-9
0.309, 3.976e-8, -1.550e-8, -1.501e-10, 5.991e-9
0.308, 3.976e-8, -1.243e-8, -1.501e-10, 5.991e-9
0.307, 3.976e-8, -1.550e-8, -1.501e-10, 2.920e-9
0.306, 3.976e-8, -1.550e-8, -1.501e-10, 5.991e-9
0.305, 3.976e-8, -1.550e-8, -1.501e-10, 2.920e-9
0.304, 3.976e-8, -1.550e-8, -1.501e-10, 2.920e-9
0.303, 3.976e-8, -1.550e-8, -3.221e-9, 2.920e-9
0.302, 3.976e-8, -1.550e-8, -1.501e-10, 2.920e-9
0.301, 3.669e-8, -1.550e-8, -3.221e-9, 2.920e-9
0.300, 3.669e-8, -1.550e-8, -1.501e-10, 2.920e-9
0.299, 3.669e-8, -1.550e-8, -3.221e-9, 2.920e-9
0.298, 3.669e-8, -1.550e-8, -3.221e-9, 2.920e-9
0.297, 3.669e-8, -1.550e-8, -3.221e-9, 2.920e-9
0.296, 3.669e-8, -1.550e-8, -3.221e-9, 2.920e-9
0.295, 3.669e-8, -1.857e-8, -3.221e-9, 2.920e-9
0.294, 3.669e-8, -1.857e-8, -3.221e-9, 2.920e-9
0.293, 3.362e-8, -1.857e-8, -3.221e-9, 2.920e-9
0.292, 3.362e-8, -1.857e-8, -3.221e-9, 2.920e-9
0.291, 3.362e-8, -1.857e-8, -3.221e-9, 2.920e-9
0.290, 3.362e-8, -1.857e-8, -3.221e-9, -1.505e-10
0.289, 3.362e-8, -1.857e-8, -6.291e-9, -1.505e-10
0.288, 3.362e-8, -1.857e-8, -6.291e-9, -1.505e-10
0.287, 3.362e-8, -2.164e-8, -6.291e-9, -1.505e-10
0.286, 3.362e-8, -2.164e-8, -6.291e-9, -1.505e-10
0.285, 3.055e-8, -2.164e-8, -6.291e-9, -1.504e-10
0.284, 3.055e-8, -2.164e-8, -6.291e-9, -1.504e-10
0.283, 3.055e-8, -2.164e-8, -6.291e-9, -1.504e-10
0.282, 3.055e-8, -2.164e-8, -6.291e-9, -1.504e-10
0.281, 2.748e-8, -2.164e-8, -9.362e-9, -1.504e-10
0.280, 3.055e-8, -2.164e-8, -9.362e-9, -3.221e-9
0.279, 2.748e-8, -2.472e-8, -9.362e-9, -3.221e-9
0.278, 2.748e-8, -2.472e-8, -9.362e-9, -3.221e-9
0.277, 2.748e-8, -2.472e-8, -9.362e-9, -3.221e-9
0.276, 2.748e-8, -2.472e-8, -9.362e-9, -3.221e-9
0.275, 2.748e-8, -2.472e-8, -9.362e-9, -3.221e-9
0.274, 2.748e-8, -2.779e-8, -9.362e-9, -3.221e-9
0.273, 2.748e-8, -2.779e-8, -9.362e-9, -3.221e-9
0.272, 2.441e-8, -2.779e-8, -1.243e-8, -6.291e-9
0.271, 2.441e-8, -2.779e-8, -1.243e-8, -6.291e-9
0.270, 2.441e-8, -2.779e-8, -1.243e-8, -6.291e-9
0.269, 2.441e-8, -3.086e-8, -1.243e-8, -6.291e-9
0.268, 2.134e-8, -3.086e-8, -1.243e-8, -6.291e-9
0.267, 2.134e-8, -3.086e-8, -1.243e-8, -6.291e-9
0.266, 2.134e-8, -3.086e-8, -1.243e-8, -6.291e-9
0.265, 2.134e-8, -3.086e-8, -1.243e-8, -6.291e-9
0.264, 2.134e-8, -3.086e-8, -1.243e-8, -9.362e-9
0.263, 2.134e-8, -3.393e-8, -1.550e-8, -9.362e-9
0.262, 1.827e-8, -3.393e-8, -1.550e-8, -9.362e-9
0.261, 1.827e-8, -3.393e-8, -1.550e-8, -9.362e-9
0.260, 1.827e-8, -3.700e-8, -1.550e-8, -9.362e-9
0.259, 1.827e-8, -3.700e-8, -1.550e-8, -9.362e-9
0.258, 1.520e-8, -3.700e-8, -1.550e-8, -9.362e-9
0.257, 1.520e-8, -3.700e-8, -1.550e-8, -9.362e-9
0.256, 1.520e-8, -4.007e-8, -1.857e-8, -1.243e-8
0.255, 1.520e-8, -4.007e-8, -1.857e-8, -1.243e-8
0.254, 1.520e-8, -4.007e-8, -1.857e-8, -1.243e-8
0.253, 1.213e-8, -4.007e-8, -1.857e-8, -1.243e-8
0.252, 1.213e-8, -4.314e-8, -1.857e-8, -1.243e-8
0.251, 1.213e-8, -4.314e-8, -1.857e-8, -1.243e-8
0.250, 1.213e-8, -4.314e-8, -1.857e-8, -1.550e-8
0.249, 9.060e-9, -4.314e-8, -2.164e-8, -1.550e-8
0.248, 9.060e-9, -4.621e-8, -2.164e-8, -1.550e-8
0.247, 9.060e-9, -4.621e-8, -2.164e-8, -1.550e-8
0.246, 9.060e-9, -4.621e-8, -2.164e-8, -1.550e-8
0.245, 9.060e-9, -4.621e-8, -2.164e-8, -1.550e-8
0.244, 5.990e-9, -4.928e-8, -2.164e-8, -1.857e-8
0.243, 5.990e-9, -4.928e-8, -2.164e-8, -1.857e-8
0.242, 5.990e-9, -4.928e-8, -2.471e-8, -1.857e-8
0.241, 2.919e-9, -4.928e-8, -2.471e-8, -1.857e-8
0.240, 2.919e-9, -5.235e-8, -2.471e-8, -1.857e-8
0.239, 2.919e-9, -5.235e-8, -2.471e-8, -1.857e-8
0.238, 2.919e-9, -5.235e-8, -2.471e-8, -1.857e-8
0.237, 2.919e-9, -5.542e-8, -2.471e-8, -2.164e-8
0.236, 2.919e-9, -5.542e-8, -2.778e-8, -2.164e-8
0.235, -1.514e-10, -5.542e-8, -2.778e-8, -2.164e-8
0.234, -1.514e-10, -5.542e-8, -2.778e-8, -2.164e-8
0.233, -1.514e-10, -5.849e-8, -2.778e-8, -2.164e-8
0.232, -3.222e-9, -5.849e-8, -2.778e-8, -2.164e-8
0.231, -3.222e-9, -5.849e-8, -2.778e-8, -2.471e-8
0.230, -3.222e-9, -6.156e-8, -3.086e-8, -2.471e-8
0.229, -3.222e-9, -6.156e-8, -2.778e-8, -2.471e-8
0.228, -3.222e-9, -6.156e-8, -3.086e-8, -2.471e-8
0.227, -6.292e-9, -6.156e-8, -3.086e-8, -2.471e-8
0.226, -6.292e-9, -6.463e-8, -3.086e-8, -2.471e-8
0.225, -6.292e-9, -6.463e-8, -3.086e-8, -2.778e-8
0.224, -9.363e-9, -6.463e-8, -3.086e-8, -2.778e-8
0.223, -9.363e-9, -6.770e-8, -3.086e-8, -2.778e-8
0.222, -9.363e-9, -6.770e-8, -3.393e-8, -2.778e-8
0.221, -9.363e-9, -6.770e-8, -3.393e-8, -2.778e-8
0.220, -9.363e-9, -7.077e-8, -3.393e-8, -2.778e-8
0.219, -1.243e-8, -7.077e-8, -3.393e-8, -3.086e-8
0.218, -1.243e-8, -7.077e-8, -3.393e-8, -3.086e-8
0.217, -1.243e-8, -7.384e-8, -3.393e-8, -3.086e-8
0.216, -1.243e-8, -7.384e-8, -3.700e-8, -3.086e-8
0.215, -1.243e-8, -7.384e-8, -3.700e-8, -3.086e-8
0.214, -1.550e-8, -7.691e-8, -3.700e-8, -3.086e-8
0.213, -1.550e-8, -7.691e-8, -3.700e-8, -3.086e-8
0.212, -1.550e-8, -7.691e-8, -3.700e-8, -3.393e-8
0.211, -1.857e-8, -7.691e-8, -3.700e-8, -3.393e-8
0.210, -1.550e-8, -7.998e-8, -3.700e-8, -3.393e-8
0.209, -1.857e-8, -7.998e-8, -3.700e-8, -3.393e-8
0.208, -1.857e-8, -7.998e-8, -3.700e-8, -3.393e-8
0.207, -1.857e-8, -7.998e-8, -4.007e-8, -3.700e-8
0.206, -1.857e-8, -8.305e-8, -4.007e-8, -3.700e-8
0.205, -2.164e-8, -8.305e-8, -4.007e-8, -3.700e-8
0.204, -2.164e-8, -8.305e-8, -4.007e-8, -3.700e-8
0.203, -2.164e-8, -8.305e-8, -4.007e-8, -3.700e-8
0.202, -2.164e-8, -8.612e-8, -4.007e-8, -3.700e-8
0.201, -2.472e-8, -8.612e-8, -4.007e-8, -3.700e-8
0.200, -2.472e-8, -8.612e-8, -4.007e-8, -3.700e-8
0.199, -2.472e-8, -8.612e-8, -4.314e-8, -4.007e-8
0.198, -2.472e-8, -8.920e-8, -4.314e-8, -4.007e-8
0.197, -2.472e-8, -8.920e-8, -4.314e-8, -4.007e-8
0.196, -2.779e-8, -8.920e-8, -4.314e-8, -4.007e-8
0.195, -2.779e-8, -9.227e-8, -4.314e-8, -4.007e-8
0.194, -2.779e-8, -9.227e-8, -4.314e-8, -4.007e-8
0.193, -2.779e-8, -9.227e-8, -4.314e-8, -4.314e-8
0.192, -2.779e-8, -9.227e-8, -4.314e-8, -4.314e-8
0.191, -3.086e-8, -9.534e-8, -4.621e-8, -4.314e-8
0.190, -2.779e-8, -9.534e-8, -4.621e-8, -4.314e-8
0.189, -3.086e-8, -9.534e-8, -4.621e-8, -4.314e-8
0.188, -3.086e-8, -9.534e-8, -4.621e-8, -4.314e-8
0.187, -3.086e-8, -9.534e-8, -4.621e-8, -4.314e-8
0.186, -3.086e-8, -9.841e-8, -4.621e-8, -4.314e-8
0.185, -3.393e-8, -9.841e-8, -4.928e-8, -4.621e-8
0.184, -3.393e-8, -9.841e-8, -4.621e-8, -4.621e-8
0.183, -3.393e-8, -1.015e-7, -4.928e-8, -4.621e-8
0.182, -3.393e-8, -1.015e-7, -4.621e-8, -4.621e-8
0.181, -3.393e-8, -1.015e-7, -4.928e-8, -4.621e-8
0.180, -3.700e-8, -1.015e-7, -4.928e-8, -4.621e-8
0.179, -3.700e-8, -1.045e-7, -4.928e-8, -4.621e-8
0.178, -3.700e-8, -1.045e-7, -4.928e-8, -4.621e-8
0.177, -3.700e-8, -1.045e-7, -4.928e-8, -4.928e-8
0.176, -3.700e-8, -1.045e-7, -4.928e-8, -4.928e-8
0.175, -3.700e-8, -1.076e-7, -4.928e-8, -4.928e-8
0.174, -4.007e-8, -1.076e-7, -4.928e-8, -4.928e-8
0.173, -4.007e-8, -1.076e-7, -5.235e-8, -4.928e-8
0.172, -4.007e-8, -1.076e-7, -5.235e-8, -4.928e-8
0.171, -4.007e-8, -1.107e-7, -4.928e-8, -4.928e-8
0.170, -4.007e-8, -1.107e-7, -5.235e-8, -5.235e-8
0.169, -4.314e-8, -1.107e-7, -5.235e-8, -4.928e-8
0.168, -4.314e-8, -1.107e-7, -5.235e-8, -5.235e-8
0.167, -4.314e-8, -1.138e-7, -5.235e-8, -5.235e-8
0.166, -4.314e-8, -1.138e-7, -5.235e-8, -5.235e-8
0.165, -4.314e-8, -1.138e-7, -5.235e-8, -5.235e-8
0.164, -4.314e-8, -1.138e-7, -5.235e-8, -5.235e-8
0.163, -4.314e-8, -1.168e-7, -5.235e-8, -5.235e-8
0.162, -4.621e-8, -1.168e-7, -5.542e-8, -5.235e-8
0.161, -4.621e-8, -1.168e-7, -5.542e-8, -5.235e-8
0.160, -4.621e-8, -1.199e-7, -5.542e-8, -5.542e-8
0.159, -4.621e-8, -1.199e-7, -5.542e-8, -5.542e-8
0.158, -4.621e-8, -1.199e-7, -5.542e-8, -5.542e-8
0.157, -4.621e-8, -1.199e-7, -5.542e-8, -5.542e-8
0.156, -4.621e-8, -1.230e-7, -5.542e-8, -5.542e-8
0.155, -4.928e-8, -1.230e-7, -5.542e-8, -5.542e-8
0.154, -4.928e-8, -1.230e-7, -5.849e-8, -5.542e-8
0.153, -4.928e-8, -1.260e-7, -5.849e-8, -5.849e-8
0.152, -4.928e-8, -1.230e-7, -5.849e-8, -5.542e-8
0.151, -4.928e-8, -1.260e-7, -5.849e-8, -5.849e-8
0.150, -4.928e-8, -1.260e-7, -5.849e-8, -5.849e-8
0.149, -4.928e-8, -1.260e-7, -5.849e-8, -5.849e-8
0.148, -5.235e-8, -1.260e-7, -5.849e-8, -5.849e-8
0.147, -5.235e-8, -1.260e-7, -5.849e-8, -5.849e-8
0.146, -5.235e-8, -1.291e-7, -5.849e-8, -5.849e-8
0.145, -5.235e-8, -1.291e-7, -5.849e-8, -5.849e-8
0.144, -5.235e-8, -1.291e-7, -5.849e-8, -5.849e-8
0.143, -5.235e-8, -1.291e-7, -5.849e-8, -5.849e-8
0.142, -5.235e-8, -1.322e-7, -5.849e-8, -6.156e-8
0.141, -5.542e-8, -1.322e-7, -6.156e-8, -6.156e-8
0.140, -5.542e-8, -1.322e-7, -6.156e-8, -6.156e-8
0.139, -5.542e-8, -1.322e-7, -6.156e-8, -6.156e-8
0.138, -5.542e-8, -1.322e-7, -6.156e-8, -6.156e-8
0.137, -5.542e-8, -1.353e-7, -6.156e-8, -6.156e-8
0.136, -5.542e-8, -1.353e-7, -6.156e-8, -6.156e-8
0.135, -5.542e-8, -1.353e-7, -6.156e-8, -6.156e-8
0.134, -5.542e-8, -1.353e-7, -6.156e-8, -6.156e-8
0.133, -5.542e-8, -1.353e-7, -6.156e-8, -6.156e-8
0.132, -5.849e-8, -1.353e-7, -6.156e-8, -6.156e-8
0.131, -5.849e-8, -1.353e-7, -6.156e-8, -6.156e-8
0.130, -5.849e-8, -1.383e-7, -6.156e-8, -6.156e-8
0.129, -5.849e-8, -1.383e-7, -6.156e-8, -6.463e-8
0.128, -5.849e-8, -1.383e-7, -6.156e-8, -6.463e-8
0.127, -5.849e-8, -1.383e-7, -6.463e-8, -6.463e-8
0.126, -5.849e-8, -1.383e-7, -6.156e-8, -6.463e-8
0.125, -5.849e-8, -1.383e-7, -6.156e-8, -6.463e-8
0.124, -5.849e-8, -1.383e-7, -6.463e-8, -6.463e-8
0.123, -5.849e-8, -1.383e-7, -6.156e-8, -6.463e-8
0.122, -5.849e-8, -1.383e-7, -6.463e-8, -6.463e-8
0.121, -6.156e-8, -1.414e-7, -6.463e-8, -6.463e-8
0.120, -6.156e-8, -1.414e-7, -6.463e-8, -6.463e-8
0.119, -5.849e-8, -1.414e-7, -6.463e-8, -6.463e-8
0.118, -6.156e-8, -1.414e-7, -6.463e-8, -6.463e-8
0.117, -6.156e-8, -1.414e-7, -6.463e-8, -6.463e-8
0.116, -6.156e-8, -1.414e-7, -6.463e-8, -6.463e-8
0.115, -6.156e-8, -1.414e-7, -6.463e-8, -6.463e-8
0.114, -6.156e-8, -1.414e-7, -6.463e-8, -6.463e-8
0.113, -6.156e-8, -1.414e-7, -6.463e-8, -6.463e-8
0.112, -6.156e-8, -1.414e-7, -6.463e-8, -6.463e-8
0.111, -6.156e-8, -1.414e-7, -6.463e-8, -6.463e-8
0.110, -6.156e-8, -1.414e-7, -6.463e-8, -6.463e-8
0.109, -6.156e-8, -1.414e-7, -6.463e-8, -6.463e-8
0.108, -6.156e-8, -1.414e-7, -6.463e-8, -6.463e-8
0.107, -6.156e-8, -1.414e-7, -6.463e-8, -6.463e-8
0.106, -6.156e-8, -1.414e-7, -6.463e-8, -6.463e-8
0.105, -6.156e-8, -1.414e-7, -6.463e-8, -6.463e-8
0.104, -6.156e-8, -1.414e-7, -6.156e-8, -6.463e-8
0.103, -6.156e-8, -1.414e-7, -6.463e-8, -6.463e-8
0.102, -6.156e-8, -1.414e-7, -6.463e-8, -6.463e-8
0.101, -6.156e-8, -1.414e-7, -6.463e-8, -6.463e-8
0.100, -6.156e-8, -1.414e-7, -6.463e-8, -6.463e-8
0.099, -6.156e-8, -1.414e-7, -6.156e-8, -6.463e-8
0.098, -6.156e-8, -1.414e-7, -6.463e-8, -6.463e-8
0.097, -6.156e-8, -1.414e-7, -6.463e-8, -6.463e-8
0.096, -6.156e-8, -1.414e-7, -6.463e-8, -6.463e-8
0.095, -6.156e-8, -1.414e-7, -6.463e-8, -6.463e-8
0.094, -6.156e-8, -1.414e-7, -6.463e-8, -6.463e-8
0.093, -6.156e-8, -1.414e-7, -6.156e-8, -6.770e-8
0.092, -6.156e-8, -1.414e-7, -6.463e-8, -6.463e-8
0.091, -6.156e-8, -1.414e-7, -6.463e-8, -6.463e-8
0.090, -6.156e-8, -1.383e-7, -6.156e-8, -6.463e-8
0.089, -6.156e-8, -1.414e-7, -6.463e-8, -6.463e-8
0.088, -6.156e-8, -1.383e-7, -6.156e-8, -6.463e-8
0.087, -6.156e-8, -1.414e-7, -6.156e-8, -6.463e-8
0.086, -6.156e-8, -1.383e-7, -6.156e-8, -6.463e-8
0.085, -6.156e-8, -1.383e-7, -6.156e-8, -6.463e-8
0.084, -6.156e-8, -1.383e-7, -6.156e-8, -6.463e-8
0.083, -6.156e-8, -1.414e-7, -6.156e-8, -6.463e-8
0.082, -6.156e-8, -1.383e-7, -6.156e-8, -6.463e-8
0.081, -6.156e-8, -1.383e-7, -6.156e-8, -6.463e-8
0.080, -6.156e-8, -1.383e-7, -6.156e-8, -6.463e-8
0.079, -6.156e-8, -1.383e-7, -6.156e-8, -6.463e-8
0.078, -5.849e-8, -1.383e-7, -6.156e-8, -6.463e-8
0.077, -6.156e-8, -1.383e-7, -6.156e-8, -6.463e-8
0.076, -6.156e-8, -1.383e-7, -6.156e-8, -6.463e-8
0.075, -6.156e-8, -1.383e-7, -6.156e-8, -6.463e-8
0.074, -6.156e-8, -1.383e-7, -6.156e-8, -6.463e-8
0.073, -6.156e-8, -1.383e-7, -6.156e-8, -6.463e-8
0.072, -6.156e-8, -1.383e-7, -6.156e-8, -6.463e-8
0.071, -6.156e-8, -1.383e-7, -6.156e-8, -6.463e-8
0.070, -6.156e-8, -1.383e-7, -6.156e-8, -6.463e-8
0.069, -6.156e-8, -1.383e-7, -6.156e-8, -6.463e-8
0.068, -5.849e-8, -1.383e-7, -6.156e-8, -6.463e-8
0.067, -6.156e-8, -1.383e-7, -6.156e-8, -6.463e-8
0.066, -6.156e-8, -1.383e-7, -6.156e-8, -6.463e-8
0.065, -5.849e-8, -1.383e-7, -6.156e-8, -6.463e-8
0.064, -6.156e-8, -1.383e-7, -6.156e-8, -6.463e-8
0.063, -5.849e-8, -1.383e-7, -6.156e-8, -6.463e-8
0.062, -5.849e-8, -1.353e-7, -6.156e-8, -6.463e-8
0.061, -5.849e-8, -1.353e-7, -6.156e-8, -6.463e-8
0.060, -5.849e-8, -1.383e-7, -6.156e-8, -6.463e-8
0.059, -5.849e-8, -1.383e-7, -6.156e-8, -6.463e-8
0.058, -5.849e-8, -1.383e-7, -6.156e-8, -6.463e-8
0.057, -5.849e-8, -1.383e-7, -6.156e-8, -6.463e-8
0.056, -5.849e-8, -1.353e-7, -6.156e-8, -6.463e-8
0.055, -5.849e-8, -1.383e-7, -6.156e-8, -6.463e-8
0.054, -5.849e-8, -1.383e-7, -6.156e-8, -6.463e-8
0.053, -5.849e-8, -1.383e-7, -6.156e-8, -6.463e-8
0.052, -5.849e-8, -1.353e-7, -6.156e-8, -6.463e-8
0.051, -5.849e-8, -1.383e-7, -6.156e-8, -6.463e-8
0.050, -5.849e-8, -1.383e-7, -6.156e-8, -6.463e-8
0.049, -5.849e-8, -1.353e-7, -6.156e-8, -6.463e-8
0.048, -5.849e-8, -1.383e-7, -6.156e-8, -6.463e-8
0.047, -5.849e-8, -1.353e-7, -6.156e-8, -6.463e-8
0.046, -5.849e-8, -1.353e-7, -6.156e-8, -6.463e-8
0.045, -5.849e-8, -1.383e-7, -6.156e-8, -6.463e-8
0.044, -5.849e-8, -1.353e-7, -6.156e-8, -6.463e-8
0.043, -5.849e-8, -1.353e-7, -6.156e-8, -6.463e-8
0.042, -5.849e-8, -1.353e-7, -6.156e-8, -6.463e-8
0.041, -5.849e-8, -1.353e-7, -6.156e-8, -6.463e-8
0.040, -5.849e-8, -1.353e-7, -6.156e-8, -6.463e-8
0.039, -5.849e-8, -1.383e-7, -6.156e-8, -6.463e-8
0.038, -5.849e-8, -1.353e-7, -6.156e-8, -6.463e-8
0.037, -5.849e-8, -1.353e-7, -6.156e-8, -6.463e-8
0.036, -5.849e-8, -1.353e-7, -6.156e-8, -6.463e-8
0.035, -5.849e-8, -1.353e-7, -6.156e-8, -6.463e-8
0.034, -5.849e-8, -1.353e-7, -6.156e-8, -6.463e-8
0.033, -5.849e-8, -1.353e-7, -6.156e-8, -6.463e-8
0.032, -5.849e-8, -1.353e-7, -6.156e-8, -6.463e-8
0.031, -5.849e-8, -1.353e-7, -6.156e-8, -6.463e-8
0.030, -5.849e-8, -1.353e-7, -6.156e-8, -6.463e-8
0.029, -5.849e-8, -1.353e-7, -6.156e-8, -6.463e-8
0.028, -5.849e-8, -1.353e-7, -6.156e-8, -6.463e-8
0.027, -5.849e-8, -1.353e-7, -6.156e-8, -6.463e-8
0.026, -5.849e-8, -1.353e-7, -6.156e-8, -6.463e-8
0.025, -5.849e-8, -1.353e-7, -6.156e-8, -6.463e-8
0.024, -5.849e-8, -1.353e-7, -6.156e-8, -6.463e-8
0.023, -5.849e-8, -1.353e-7, -6.156e-8, -6.463e-8
0.022, -5.849e-8, -1.353e-7, -6.156e-8, -6.463e-8
0.021, -5.849e-8, -1.353e-7, -6.156e-8, -6.770e-8
0.020, -5.849e-8, -1.353e-7, -6.156e-8, -6.463e-8
0.019, -5.849e-8, -1.353e-7, -6.156e-8, -6.463e-8
0.018, -5.849e-8, -1.353e-7, -6.156e-8, -6.463e-8
0.017, -5.849e-8, -1.353e-7, -6.156e-8, -6.463e-8
0.016, -5.849e-8, -1.353e-7, -6.156e-8, -6.463e-8
0.015, -5.849e-8, -1.353e-7, -6.156e-8, -6.463e-8
0.014, -5.849e-8, -1.353e-7, -6.156e-8, -6.463e-8
0.013, -5.849e-8, -1.383e-7, -6.156e-8, -6.463e-8
0.012, -5.849e-8, -1.383e-7, -6.156e-8, -6.463e-8
0.011, -5.849e-8, -1.383e-7, -6.156e-8, -6.770e-8
0.010, -5.849e-8, -1.353e-7, -6.156e-8, -6.770e-8
0.009, -5.849e-8, -1.353e-7, -6.156e-8, -6.770e-8
0.008, -5.849e-8, -1.353e-7, -6.156e-8, -6.770e-8
0.007, -5.849e-8, -1.383e-7, -6.156e-8, -6.770e-8
0.006, -5.849e-8, -1.353e-7, -6.156e-8, -6.463e-8
0.005, -5.849e-8, -1.353e-7, -6.156e-8, -6.463e-8
0.004, -5.849e-8, -1.383e-7, -6.156e-8, -6.463e-8
0.003, -5.849e-8, -1.353e-7, -6.156e-8, -6.770e-8
0.002, -5.849e-8, -1.383e-7, -6.156e-8, -6.463e-8
0.001, -5.849e-8, -1.353e-7, -5.849e-8, -6.770e-8
0.000, -6.156e-8, -1.383e-7, -6.156e-8, -6.770e-8
-0.001, -5.849e-8, -1.383e-7, -6.156e-8, -6.770e-8
-0.002, -5.849e-8, -1.383e-7, -6.156e-8, -6.770e-8
-0.003, -5.849e-8, -1.383e-7, -6.156e-8, -6.770e-8
-0.004, -5.849e-8, -1.383e-7, -6.156e-8, -6.770e-8
-0.005, -5.849e-8, -1.383e-7, -6.156e-8, -6.770e-8
-0.006, -6.156e-8, -1.383e-7, -6.156e-8, -6.770e-8
-0.007, -5.849e-8, -1.383e-7, -6.156e-8, -6.770e-8
-0.008, -5.849e-8, -1.383e-7, -6.156e-8, -6.770e-8
-0.009, -6.156e-8, -1.383e-7, -6.156e-8, -6.770e-8
-0.010, -5.849e-8, -1.383e-7, -6.156e-8, -6.770e-8
-0.011, -6.156e-8, -1.383e-7, -6.156e-8, -6.770e-8
-0.012, -6.156e-8, -1.383e-7, -6.156e-8, -6.770e-8
-0.013, -6.156e-8, -1.383e-7, -6.156e-8, -6.770e-8
-0.014, -6.156e-8, -1.383e-7, -6.156e-8, -6.770e-8
-0.015, -6.156e-8, -1.383e-7, -6.156e-8, -6.770e-8
-0.016, -5.849e-8, -1.383e-7, -6.156e-8, -6.770e-8
-0.017, -6.156e-8, -1.383e-7, -6.156e-8, -6.770e-8
-0.018, -6.156e-8, -1.414e-7, -6.156e-8, -6.770e-8
-0.019, -6.156e-8, -1.414e-7, -6.156e-8, -7.077e-8
-0.020, -6.156e-8, -1.414e-7, -6.156e-8, -6.770e-8
-0.021, -5.849e-8, -1.414e-7, -6.156e-8, -7.077e-8
-0.022, -6.156e-8, -1.414e-7, -6.156e-8, -6.770e-8
-0.023, -6.156e-8, -1.414e-7, -6.156e-8, -7.077e-8
-0.024, -6.156e-8, -1.414e-7, -6.156e-8, -7.077e-8
-0.025, -6.156e-8, -1.414e-7, -6.463e-8, -7.077e-8
-0.026, -6.156e-8, -1.414e-7, -6.156e-8, -7.077e-8
-0.027, -6.156e-8, -1.414e-7, -6.156e-8, -7.077e-8
-0.028, -6.156e-8, -1.414e-7, -6.463e-8, -7.077e-8
-0.029, -6.156e-8, -1.445e-7, -6.156e-8, -7.077e-8
-0.030, -6.156e-8, -1.414e-7, -6.463e-8, -7.077e-8
-0.031, -6.156e-8, -1.445e-7, -6.156e-8, -7.077e-8
-0.032, -6.156e-8, -1.445e-7, -6.463e-8, -7.077e-8
-0.033, -6.156e-8, -1.445e-7, -6.156e-8, -7.077e-8
-0.034, -6.156e-8, -1.445e-7, -6.463e-8, -7.077e-8
-0.035, -6.156e-8, -1.445e-7, -6.463e-8, -7.077e-8
-0.036, -6.156e-8, -1.445e-7, -6.463e-8, -7.077e-8
-0.037, -6.156e-8, -1.475e-7, -6.463e-8, -7.077e-8
-0.038, -6.156e-8, -1.445e-7, -6.463e-8, -7.384e-8
-0.039, -6.463e-8, -1.475e-7, -6.463e-8, -7.384e-8
-0.040, -6.463e-8, -1.475e-7, -6.463e-8, -7.384e-8
-0.041, -6.463e-8, -1.475e-7, -6.463e-8, -7.077e-8
-0.042, -6.463e-8, -1.475e-7, -6.463e-8, -7.384e-8
-0.043, -6.463e-8, -1.506e-7, -6.463e-8, -7.384e-8
-0.044, -6.463e-8, -1.506e-7, -6.463e-8, -7.384e-8
-0.045, -6.463e-8, -1.506e-7, -6.463e-8, -7.384e-8
-0.046, -6.463e-8, -1.506e-7, -6.463e-8, -7.384e-8
-0.047, -6.463e-8, -1.537e-7, -6.770e-8, -7.384e-8
-0.048, -6.463e-8, -1.537e-7, -6.770e-8, -7.384e-8
-0.049, -6.463e-8, -1.537e-7, -6.770e-8, -7.384e-8
-0.050, -6.463e-8, -1.537e-7, -6.770e-8, -7.384e-8
-0.051, -6.463e-8, -1.537e-7, -6.770e-8, -7.691e-8
-0.052, -6.770e-8, -1.567e-7, -6.770e-8, -7.691e-8
-0.053, -6.770e-8, -1.567e-7, -6.770e-8, -7.691e-8
-0.054, -6.770e-8, -1.567e-7, -6.770e-8, -7.691e-8
-0.055, -6.770e-8, -1.567e-7, -6.770e-8, -7.691e-8
-0.056, -6.770e-8, -1.567e-7, -6.770e-8, -7.691e-8
-0.057, -6.770e-8, -1.598e-7, -6.770e-8, -7.691e-8
-0.058, -6.770e-8, -1.598e-7, -7.077e-8, -7.691e-8
-0.059, -6.770e-8, -1.629e-7, -7.077e-8, -7.998e-8
-0.060, -6.770e-8, -1.629e-7, -7.077e-8, -7.691e-8
-0.061, -7.077e-8, -1.629e-7, -7.077e-8, -7.998e-8
-0.062, -7.077e-8, -1.629e-7, -7.077e-8, -7.998e-8
-0.063, -7.077e-8, -1.660e-7, -7.077e-8, -7.998e-8
-0.064, -7.077e-8, -1.660e-7, -7.384e-8, -7.998e-8
-0.065, -7.077e-8, -1.690e-7, -7.384e-8, -8.305e-8
-0.066, -7.077e-8, -1.690e-7, -7.384e-8, -8.305e-8
-0.067, -7.384e-8, -1.690e-7, -7.384e-8, -8.305e-8
-0.068, -7.384e-8, -1.721e-7, -7.384e-8, -8.305e-8
-0.069, -7.384e-8, -1.721e-7, -7.384e-8, -8.305e-8
-0.070, -7.384e-8, -1.752e-7, -7.384e-8, -8.305e-8
-0.071, -7.384e-8, -1.752e-7, -7.384e-8, -8.305e-8
-0.072, -7.384e-8, -1.782e-7, -7.691e-8, -8.612e-8
-0.073, -7.384e-8, -1.782e-7, -7.691e-8, -8.612e-8
-0.074, -7.691e-8, -1.813e-7, -7.691e-8, -8.612e-8
-0.075, -7.691e-8, -1.813e-7, -7.691e-8, -8.612e-8
-0.076, -7.691e-8, -1.844e-7, -7.691e-8, -8.612e-8
-0.077, -7.691e-8, -1.844e-7, -7.998e-8, -8.919e-8
-0.078, -7.691e-8, -1.875e-7, -7.998e-8, -8.919e-8
-0.079, -7.691e-8, -1.875e-7, -7.998e-8, -8.919e-8
-0.080, -7.998e-8, -1.905e-7, -7.998e-8, -8.919e-8
-0.081, -7.998e-8, -1.936e-7, -7.998e-8, -9.227e-8
-0.082, -7.998e-8, -1.936e-7, -8.305e-8, -9.227e-8
-0.083, -8.305e-8, -1.967e-7, -8.305e-8, -9.227e-8
-0.084, -8.305e-8, -1.997e-7, -8.305e-8, -9.534e-8
-0.085, -8.305e-8, -1.997e-7, -8.612e-8, -9.534e-8
-0.086, -8.305e-8, -2.028e-7, -8.612e-8, -9.534e-8
-0.087, -8.612e-8, -2.059e-7, -8.612e-8, -9.841e-8
-0.088, -8.612e-8, -2.089e-7, -8.919e-8, -9.841e-8
-0.089, -8.612e-8, -2.089e-7, -8.919e-8, -9.841e-8
-0.090, -8.920e-8, -2.120e-7, -8.919e-8, -1.015e-7
-0.091, -8.920e-8, -2.151e-7, -8.919e-8, -1.015e-7
-0.092, -8.920e-8, -2.182e-7, -9.226e-8, -1.015e-7
-0.093, -9.227e-8, -2.212e-7, -9.226e-8, -1.015e-7
-0.094, -9.227e-8, -2.243e-7, -9.534e-8, -1.045e-7
-0.095, -9.227e-8, -2.274e-7, -9.534e-8, -1.045e-7
-0.096, -9.534e-8, -2.304e-7, -9.534e-8, -1.045e-7
-0.097, -9.534e-8, -2.335e-7, -9.841e-8, -1.076e-7
-0.098, -9.534e-8, -2.366e-7, -9.841e-8, -1.107e-7
-0.099, -9.841e-8, -2.396e-7, -9.841e-8, -1.107e-7
