0.004, -1.696e-7, -7.393e-8, 9.563e-8, -2.579e-7, -9.794e-8, 1.600e-7, -1.651e-7, -7.495e-8, 9.019e-8, -2.401e-7, -9.148e-8, 1.486e-7, -1.895e-7, -8.319e-8, 1.063e-7, -2.664e-7, -9.687e-8, 1.696e-7, -1.811e-7, -7.903e-8, 1.020e-7, -2.469e-7, -8.953e-8, 1.574e-7
0.008, -2.032e-7, -1.203e-7, 8.289e-8, -3.113e-7, -1.727e-7, 1.386e-7, -1.981e-7, -1.198e-7, 7.828e-8, -2.908e-7, -1.613e-7, 1.295e-7, -2.283e-7, -1.356e-7, 9.272e-8, -3.239e-7, -1.754e-7, 1.485e-7, -2.182e-7, -1.292e-7, 8.894e-8, -2.995e-7, -1.621e-7, 1.374e-7
0.012, -2.050e-7, -1.274e-7, 7.766e-8, -3.135e-7, -1.828e-7, 1.307e-7, -1.994e-7, -1.259e-7, 7.354e-8, -2.930e-7, -1.710e-7, 1.220e-7, -2.314e-7, -1.429e-7, 8.850e-8, -3.275e-7, -1.868e-7, 1.407e-7, -2.211e-7, -1.365e-7, 8.459e-8, -3.034e-7, -1.730e-7, 1.304e-7
0.016, -2.066e-7, -1.318e-7, 7.473e-8, -3.142e-7, -1.891e-7, 1.251e-7, -2.009e-7, -1.300e-7, 7.090e-8, -2.934e-7, -1.763e-7, 1.171e-7, -2.331e-7, -1.479e-7, 8.522e-8, -3.292e-7, -1.932e-7, 1.359e-7, -2.227e-7, -1.410e-7, 8.174e-8, -3.044e-7, -1.787e-7, 1.257e-7
0.020, -2.073e-7, -1.354e-7, 7.189e-8, -3.151e-7, -1.942e-7, 1.209e-7, -2.014e-7, -1.331e-7, 6.829e-8, -2.946e-7, -1.811e-7, 1.135e-7, -2.350e-7, -1.516e-7, 8.337e-8, -3.313e-7, -1.986e-7, 1.328e-7, -2.244e-7, -1.447e-7, 7.970e-8, -3.064e-7, -1.836e-7, 1.228e-7
0.024, -2.085e-7, -1.393e-7, 6.929e-8, -3.167e-7, -1.994e-7, 1.173e-7, -2.025e-7, -1.366e-7, 6.582e-8, -2.959e-7, -1.857e-7, 1.102e-7, -2.364e-7, -1.549e-7, 8.152e-8, -3.328e-7, -2.036e-7, 1.292e-7, -2.261e-7, -1.483e-7, 7.771e-8, -3.078e-7, -1.880e-7, 1.198e-7
0.028, -2.103e-7, -1.430e-7, 6.731e-8, -3.190e-7, -2.046e-7, 1.143e-7, -2.045e-7, -1.401e-7, 6.434e-8, -2.981e-7, -1.903e-7, 1.078e-7, -2.393e-7, -1.594e-7, 7.994e-8, -3.356e-7, -2.084e-7, 1.272e-7, -2.288e-7, -1.520e-7, 7.676e-8, -3.107e-7, -1.929e-7, 1.177e-7
0.032, -2.114e-7, -1.458e-7, 6.554e-8, -3.203e-7, -2.089e-7, 1.114e-7, -2.058e-7, -1.432e-7, 6.257e-8, -2.990e-7, -1.944e-7, 1.047e-7, -2.409e-7, -1.628e-7, 7.803e-8, -3.380e-7, -2.137e-7, 1.243e-7, -2.303e-7, -1.552e-7, 7.509e-8, -3.140e-7, -1.982e-7, 1.159e-7
0.036, -2.140e-7, -1.497e-7, 6.432e-8, -3.236e-7, -2.137e-7, 1.098e-7, -2.076e-7, -1.462e-7, 6.142e-8, -3.022e-7, -1.987e-7, 1.035e-7, -2.439e-7, -1.664e-7, 7.747e-8, -3.419e-7, -2.180e-7, 1.239e-7, -2.335e-7, -1.589e-7, 7.459e-8, -3.170e-7, -2.019e-7, 1.151e-7
0.040, -2.156e-7, -1.530e-7, 6.261e-8, -3.275e-7, -2.194e-7, 1.081e-7, -2.103e-7, -1.499e-7, 6.039e-8, -3.054e-7, -2.038e-7, 1.016e-7, -2.469e-7, -1.703e-7, 7.664e-8, -3.454e-7, -2.234e-7, 1.220e-7, -2.364e-7, -1.626e-7, 7.377e-8, -3.206e-7, -2.065e-7, 1.141e-7
0.044, -2.187e-7, -1.567e-7, 6.204e-8, -3.310e-7, -2.246e-7, 1.064e-7, -2.131e-7, -1.536e-7, 5.944e-8, -3.085e-7, -2.080e-7, 1.005e-7, -2.497e-7, -1.740e-7, 7.570e-8, -3.504e-7, -2.290e-7, 1.214e-7, -2.400e-7, -1.668e-7, 7.324e-8, -3.249e-7, -2.118e-7, 1.131e-7
0.048, -2.215e-7, -1.607e-7, 6.086e-8, -3.350e-7, -2.302e-7, 1.047e-7, -2.153e-7, -1.570e-7, 5.839e-8, -3.127e-7, -2.136e-7, 9.909e-8, -2.541e-7, -1.787e-7, 7.538e-8, -3.553e-7, -2.344e-7, 1.209e-7, -2.434e-7, -1.705e-7, 7.292e-8, -3.291e-7, -2.164e-7, 1.127e-7
0.052, -2.243e-7, -1.646e-7, 5.975e-8, -3.397e-7, -2.357e-7, 1.040e-7, -2.183e-7, -1.608e-7, 5.758e-8, -3.164e-7, -2.187e-7, 9.776e-8, -2.578e-7, -1.826e-7, 7.519e-8, -3.602e-7, -2.400e-7, 1.202e-7, -2.472e-7, -1.748e-7, 7.243e-8, -3.341e-7, -2.218e-7, 1.123e-7
0.056, -2.283e-7, -1.688e-7, 5.947e-8, -3.447e-7, -2.419e-7, 1.028e-7, -2.218e-7, -1.647e-7, 5.706e-8, -3.219e-7, -2.243e-7, 9.759e-8, -2.614e-7, -1.868e-7, 7.468e-8, -3.666e-7, -2.463e-7, 1.203e-7, -2.511e-7, -1.788e-7, 7.230e-8, -3.399e-7, -2.276e-7, 1.123e-7
0.060, -2.319e-7, -1.733e-7, 5.855e-8, -3.505e-7, -2.482e-7, 1.023e-7, -2.253e-7, -1.687e-7, 5.658e-8, -3.265e-7, -2.300e-7, 9.652e-8, -2.663e-7, -1.918e-7, 7.447e-8, -3.732e-7, -2.526e-7, 1.206e-7, -2.560e-7, -1.832e-7, 7.288e-8, -3.455e-7, -2.334e-7, 1.122e-7
0.064, -2.354e-7, -1.778e-7, 5.760e-8, -3.567e-7, -2.550e-7, 1.017e-7, -2.286e-7, -1.729e-7, 5.570e-8, -3.324e-7, -2.365e-7, 9.591e-8, -2.712e-7, -1.966e-7, 7.459e-8, -3.795e-7, -2.589e-7, 1.205e-7, -2.608e-7, -1.883e-7, 7.249e-8, -3.516e-7, -2.395e-7, 1.121e-7
0.068, -2.405e-7, -1.824e-7, 5.816e-8, -3.638e-7, -2.624e-7, 1.014e-7, -2.333e-7, -1.775e-7, 5.581e-8, -3.390e-7, -2.431e-7, 9.589e-8, -2.762e-7, -2.018e-7, 7.436e-8, -3.880e-7, -2.669e-7, 1.211e-7, -2.660e-7, -1.932e-7, 7.276e-8, -3.588e-7, -2.459e-7, 1.128e-7
0.072, -2.450e-7, -1.878e-7, 5.726e-8, -3.706e-7, -2.694e-7, 1.012e-7, -2.372e-7, -1.819e-7, 5.532e-8, -3.460e-7, -2.501e-7, 9.596e-8, -2.818e-7, -2.070e-7, 7.489e-8, -3.960e-7, -2.745e-7, 1.215e-7, -2.711e-7, -1.982e-7, 7.286e-8, -3.668e-7, -2.531e-7, 1.137e-7
0.076, -2.496e-7, -1.931e-7, 5.658e-8, -3.779e-7, -2.774e-7, 1.005e-7, -2.418e-7, -1.866e-7, 5.512e-8, -3.530e-7, -2.577e-7, 9.532e-8, -2.862e-7, -2.121e-7, 7.408e-8, -4.045e-7, -2.825e-7, 1.220e-7, -2.773e-7, -2.039e-7, 7.337e-8, -3.741e-7, -2.600e-7, 1.141e-7
0.080, -2.548e-7, -1.984e-7, 5.639e-8, -3.874e-7, -2.863e-7, 1.011e-7, -2.475e-7, -1.927e-7, 5.477e-8, -3.610e-7, -2.652e-7, 9.575e-8, -2.922e-7, -2.177e-7, 7.451e-8, -4.147e-7, -2.913e-7, 1.234e-7, -2.829e-7, -2.095e-7, 7.343e-8, -3.829e-7, -2.680e-7, 1.149e-7
0.084, -2.606e-7, -2.046e-7, 5.602e-8, -3.975e-7, -2.961e-7, 1.013e-7, -2.528e-7, -1.980e-7, 5.480e-8, -3.694e-7, -2.738e-7, 9.561e-8, -3.000e-7, -2.245e-7, 7.554e-8, -4.244e-7, -3.003e-7, 1.241e-7, -2.892e-7, -2.151e-7, 7.404e-8, -3.920e-7, -2.764e-7, 1.157e-7
0.088, -2.669e-7, -2.108e-7, 5.609e-8, -4.063e-7, -3.056e-7, 1.008e-7, -2.584e-7, -2.040e-7, 5.445e-8, -3.788e-7, -2.833e-7, 9.548e-8, -3.058e-7, -2.304e-7, 7.539e-8, -4.360e-7, -3.107e-7, 1.253e-7, -2.955e-7, -2.213e-7, 7.423e-8, -4.022e-7, -2.856e-7, 1.166e-7
0.092, -2.730e-7, -2.173e-7, 5.567e-8, -4.184e-7, -3.171e-7, 1.013e-7, -2.645e-7, -2.099e-7, 5.459e-8, -3.893e-7, -2.936e-7, 9.568e-8, -3.131e-7, -2.374e-7, 7.569e-8, -4.478e-7, -3.217e-7, 1.261e-7, -3.030e-7, -2.284e-7, 7.467e-8, -4.128e-7, -2.950e-7, 1.178e-7
0.096, -2.798e-7, -2.243e-7, 5.553e-8, -4.285e-7, -3.280e-7, 1.005e-7, -2.710e-7, -2.169e-7, 5.415e-8, -4.002e-7, -3.042e-7, 9.598e-8, -3.205e-7, -2.448e-7, 7.579e-8, -4.608e-7, -3.330e-7, 1.278e-7, -3.104e-7, -2.354e-7, 7.496e-8, -4.243e-7, -3.055e-7, 1.188e-7
0.100, -2.872e-7, -2.315e-7, 5.567e-8, -4.417e-7, -3.405e-7, 1.011e-7, -2.777e-7, -2.236e-7, 5.404e-8, -4.120e-7, -3.161e-7, 9.590e-8, -3.288e-7, -2.523e-7, 7.651e-8, -4.747e-7, -3.454e-7, 1.293e-7, -3.179e-7, -2.424e-7, 7.547e-8, -4.365e-7, -3.163e-7, 1.201e-7
0.104, -2.956e-7, -2.405e-7, 5.512e-8, -4.562e-7, -3.546e-7, 1.017e-7, -2.860e-7, -2.319e-7, 5.409e-8, -4.259e-7, -3.294e-7, 9.654e-8, -3.380e-7, -2.610e-7, 7.698e-8, -4.903e-7, -3.598e-7, 1.305e-7, -3.275e-7, -2.513e-7, 7.620e-8, -4.508e-7, -3.293e-7, 1.215e-7
0.108, -3.037e-7, -2.486e-7, 5.511e-8, -4.708e-7, -3.693e-7, 1.015e-7, -2.937e-7, -2.397e-7, 5.403e-8, -4.398e-7, -3.430e-7, 9.681e-8, -3.464e-7, -2.693e-7, 7.703e-8, -5.068e-7, -3.742e-7, 1.326e-7, -3.359e-7, -2.591e-7, 7.678e-8, -4.651e-7, -3.423e-7, 1.228e-7
0.112, -3.130e-7, -2.582e-7, 5.474e-8, -4.876e-7, -3.856e-7, 1.020e-7, -3.025e-7, -2.487e-7, 5.386e-8, -4.558e-7, -3.584e-7, 9.737e-8, -3.566e-7, -2.791e-7, 7.754e-8, -5.244e-7, -3.906e-7, 1.338e-7, -3.457e-7, -2.685e-7, 7.723e-8, -4.807e-7, -3.568e-7, 1.240e-7
0.116, -3.216e-7, -2.675e-7, 5.413e-8, -5.054e-7, -4.030e-7, 1.023e-7, -3.112e-7, -2.575e-7, 5.375e-8, -4.722e-7, -3.744e-7, 9.781e-8, -3.670e-7, -2.893e-7, 7.764e-8, -5.429e-7, -4.075e-7, 1.354e-7, -3.551e-7, -2.775e-7, 7.763e-8, -4.971e-7, -3.717e-7, 1.254e-7
0.120, -3.329e-7, -2.788e-7, 5.407e-8, -5.259e-7, -4.225e-7, 1.033e-7, -3.220e-7, -2.679e-7, 5.412e-8, -4.911e-7, -3.929e-7, 9.826e-8, -3.792e-7, -3.004e-7, 7.877e-8, -5.650e-7, -4.273e-7, 1.376e-7, -3.665e-7, -2.882e-7, 7.833e-8, -5.163e-7, -3.888e-7, 1.275e-7
0.124, -3.436e-7, -2.899e-7, 5.372e-8, -5.464e-7, -4.425e-7, 1.040e-7, -3.317e-7, -2.783e-7, 5.337e-8, -5.105e-7, -4.117e-7, 9.872e-8, -3.903e-7, -3.117e-7, 7.864e-8, -5.869e-7, -4.469e-7, 1.400e-7, -3.779e-7, -2.989e-7, 7.897e-8, -5.357e-7, -4.063e-7, 1.294e-7
0.128, -3.554e-7, -3.021e-7, 5.333e-8, -5.691e-7, -4.654e-7, 1.037e-7, -3.430e-7, -2.901e-7, 5.287e-8, -5.320e-7, -4.333e-7, 9.868e-8, -4.026e-7, -3.238e-7, 7.880e-8, -6.118e-7, -4.699e-7, 1.419e-7, -3.903e-7, -3.108e-7, 7.956e-8, -5.570e-7, -4.260e-7, 1.310e-7
0.132, -3.681e-7, -3.155e-7, 5.260e-8, -5.960e-7, -4.912e-7, 1.048e-7, -3.555e-7, -3.028e-7, 5.271e-8, -5.570e-7, -4.577e-7, 9.936e-8, -4.165e-7, -3.375e-7, 7.893e-8, -6.384e-7, -4.951e-7, 1.433e-7, -4.032e-7, -3.237e-7, 7.952e-8, -5.807e-7, -4.482e-7, 1.325e-7
0.136, -3.818e-7, -3.296e-7, 5.223e-8, -6.228e-7, -5.180e-7, 1.047e-7, -3.681e-7, -3.162e-7, 5.187e-8, -5.829e-7, -4.830e-7, 9.993e-8, -4.308e-7, -3.513e-7, 7.954e-8, -6.677e-7, -5.222e-7, 1.456e-7, -4.175e-7, -3.373e-7, 8.018e-8, -6.068e-7, -4.723e-7, 1.345e-7
0.140, -3.971e-7, -3.455e-7, 5.152e-8, -6.538e-7, -5.486e-7, 1.052e-7, -3.818e-7, -3.305e-7, 5.134e-8, -6.120e-7, -5.122e-7, 9.986e-8, -4.456e-7, -3.664e-7, 7.913e-8, -6.988e-7, -5.516e-7, 1.472e-7, -4.321e-7, -3.518e-7, 8.026e-8, -6.338e-7, -4.977e-7, 1.361e-7
0.144, -4.125e-7, -3.618e-7, 5.067e-8, -6.871e-7, -5.818e-7, 1.053e-7, -3.975e-7, -3.465e-7, 5.101e-8, -6.438e-7, -5.429e-7, 1.008e-7, -4.628e-7, -3.831e-7, 7.969e-8, -7.347e-7, -5.850e-7, 1.497e-7, -4.481e-7, -3.672e-7, 8.096e-8, -6.649e-7, -5.272e-7, 1.377e-7
0.148, -4.296e-7, -3.797e-7, 4.986e-8, -7.238e-7, -6.182e-7, 1.056e-7, -4.134e-7, -3.634e-7, 5.006e-8, -6.783e-7, -5.777e-7, 1.006e-7, -4.800e-7, -4.006e-7, 7.934e-8, -7.728e-7, -6.209e-7, 1.519e-7, -4.648e-7, -3.839e-7, 8.081e-8, -6.977e-7, -5.581e-7, 1.396e-7
0.152, -4.481e-7, -3.993e-7, 4.881e-8, -7.646e-7, -6.585e-7, 1.061e-7, -4.305e-7, -3.816e-7, 4.884e-8, -7.163e-7, -6.153e-7, 1.009e-7, -4.980e-7, -4.191e-7, 7.890e-8, -8.142e-7, -6.604e-7, 1.539e-7, -4.821e-7, -4.015e-7, 8.059e-8, -7.348e-7, -5.930e-7, 1.418e-7
0.156, -4.673e-7, -4.206e-7, 4.669e-8, -8.075e-7, -7.020e-7, 1.055e-7, -4.491e-7, -4.014e-7, 4.770e-8, -7.571e-7, -6.570e-7, 1.001e-7, -5.167e-7, -4.390e-7, 7.779e-8, -8.596e-7, -7.042e-7, 1.553e-7, -5.010e-7, -4.210e-7, 7.998e-8, -7.738e-7, -6.311e-7, 1.427e-7
0.160, -4.885e-7, -4.435e-7, 4.505e-8, -8.546e-7, -7.506e-7, 1.041e-7, -4.685e-7, -4.232e-7, 4.537e-8, -8.014e-7, -7.025e-7, 9.885e-8, -5.389e-7, -4.616e-7, 7.733e-8, -9.086e-7, -7.523e-7, 1.563e-7, -5.208e-7, -4.414e-7, 7.936e-8, -8.169e-7, -6.732e-7, 1.437e-7
0.164, -5.117e-7, -4.688e-7, 4.291e-8, -9.071e-7, -8.032e-7, 1.039e-7, -4.901e-7, -4.461e-7, 4.400e-8, -8.513e-7, -7.530e-7, 9.834e-8, -5.613e-7, -4.849e-7, 7.646e-8, -9.638e-7, -8.056e-7, 1.582e-7, -5.434e-7, -4.646e-7, 7.885e-8, -8.650e-7, -7.199e-7, 1.452e-7
0.168, -5.354e-7, -4.951e-7, 4.026e-8, -9.632e-7, -8.614e-7, 1.018e-7, -5.132e-7, -4.712e-7, 4.195e-8, -9.046e-7, -8.083e-7, 9.628e-8, -5.853e-7, -5.107e-7, 7.459e-8, -1.023e-6, -8.642e-7, 1.585e-7, -5.660e-7, -4.884e-7, 7.755e-8, -9.172e-7, -7.714e-7, 1.458e-7
0.172, -5.615e-7, -5.238e-7, 3.771e-8, -1.024e-6, -9.246e-7, 9.987e-8, -5.379e-7, -4.986e-7, 3.935e-8, -9.622e-7, -8.682e-7, 9.400e-8, -6.117e-7, -5.385e-7, 7.322e-8, -1.086e-6, -9.282e-7, 1.581e-7, -5.910e-7, -5.146e-7, 7.644e-8, -9.738e-7, -8.279e-7, 1.459e-7
0.176, -5.892e-7, -5.551e-7, 3.410e-8, -1.091e-6, -9.943e-7, 9.659e-8, -5.637e-7, -5.281e-7, 3.564e-8, -1.025e-6, -9.347e-7, 9.075e-8, -6.385e-7, -5.680e-7, 7.049e-8, -1.157e-6, -9.993e-7, 1.577e-7, -6.171e-7, -5.425e-7, 7.458e-8, -1.036e-6, -8.911e-7, 1.450e-7
0.180, -6.202e-7, -5.895e-7, 3.076e-8, -1.164e-6, -1.071e-6, 9.309e-8, -5.923e-7, -5.597e-7, 3.261e-8, -1.094e-6, -1.007e-6, 8.666e-8, -6.691e-7, -6.005e-7, 6.862e-8, -1.235e-6, -1.079e-6, 1.563e-7, -6.457e-7, -5.729e-7, 7.278e-8, -1.106e-6, -9.614e-7, 1.442e-7
0.184, -6.513e-7, -6.253e-7, 2.598e-8, -1.242e-6, -1.154e-6, 8.800e-8, -6.215e-7, -5.935e-7, 2.798e-8, -1.169e-6, -1.088e-6, 8.100e-8, -6.994e-7, -6.343e-7, 6.512e-8, -1.320e-6, -1.167e-6, 1.531e-7, -6.758e-7, -6.052e-7, 7.058e-8, -1.181e-6, -1.039e-6, 1.416e-7
0.188, -6.843e-7, -6.635e-7, 2.077e-8, -1.327e-6, -1.245e-6, 8.146e-8, -6.531e-7, -6.294e-7, 2.365e-8, -1.250e-6, -1.175e-6, 7.462e-8, -7.324e-7, -6.709e-7, 6.158e-8, -1.413e-6, -1.264e-6, 1.495e-7, -7.064e-7, -6.395e-7, 6.691e-8, -1.263e-6, -1.125e-6, 1.386e-7
0.192, -7.202e-7, -7.050e-7, 1.513e-8, -1.418e-6, -1.345e-6, 7.283e-8, -6.858e-7, -6.680e-7, 1.772e-8, -1.339e-6, -1.273e-6, 6.559e-8, -7.673e-7, -7.105e-7, 5.681e-8, -1.516e-6, -1.373e-6, 1.436e-7, -7.400e-7, -6.769e-7, 6.313e-8, -1.355e-6, -1.221e-6, 1.341e-7
0.196, -7.584e-7, -7.495e-7, 8.822e-9, -1.520e-6, -1.457e-6, 6.312e-8, -7.212e-7, -7.100e-7, 1.113e-8, -1.436e-6, -1.380e-6, 5.518e-8, -8.052e-7, -7.534e-7, 5.189e-8, -1.631e-6, -1.494e-6, 1.368e-7, -7.760e-7, -7.174e-7, 5.854e-8, -1.458e-6, -1.329e-6, 1.292e-7
0.200, -7.987e-7, -7.971e-7, 1.539e-9, -1.630e-6, -1.578e-6, 5.206e-8, -7.585e-7, -7.544e-7, 4.058e-9, -1.543e-6, -1.499e-6, 4.428e-8, -8.447e-7, -7.984e-7, 4.630e-8, -1.757e-6, -1.628e-6, 1.291e-7, -8.136e-7, -7.599e-7, 5.373e-8, -1.570e-6, -1.447e-6, 1.226e-7
0.204, -8.404e-7, -8.471e-7, -6.718e-9, -1.749e-6, -1.710e-6, 3.867e-8, -7.978e-7, -8.012e-7, -3.392e-9, -1.657e-6, -1.628e-6, 2.990e-8, -8.851e-7, -8.459e-7, 3.922e-8, -1.893e-6, -1.775e-6, 1.182e-7, -8.529e-7, -8.053e-7, 4.759e-8, -1.691e-6, -1.577e-6, 1.135e-7
0.208, -8.848e-7, -9.004e-7, -1.555e-8, -1.881e-6, -1.857e-6, 2.398e-8, -8.393e-7, -8.517e-7, -1.244e-8, -1.785e-6, -1.770e-6, 1.473e-8, -9.285e-7, -8.966e-7, 3.199e-8, -2.044e-6, -1.938e-6, 1.069e-7, -8.949e-7, -8.538e-7, 4.107e-8, -1.826e-6, -1.723e-6, 1.033e-7
0.212, -9.301e-7, -9.560e-7, -2.594e-8, -2.022e-6, -2.015e-6, 7.364e-9, -8.820e-7, -9.039e-7, -2.190e-8, -1.921e-6, -1.924e-6, -3.147e-9, -9.738e-7, -9.503e-7, 2.349e-8, -2.207e-6, -2.114e-6, 9.272e-8, -9.379e-7, -9.046e-7, 3.330e-8, -1.971e-6, -1.880e-6, 9.148e-8
0.216, -9.773e-7, -1.015e-6, -3.730e-8, -2.175e-6, -2.186e-6, -1.110e-8, -9.259e-7, -9.584e-7, -3.254e-8, -2.069e-6, -2.091e-6, -2.196e-8, -1.020e-6, -1.006e-6, 1.446e-8, -2.384e-6, -2.306e-6, 7.737e-8, -9.828e-7, -9.578e-7, 2.503e-8, -2.128e-6, -2.050e-6, 7.744e-8
0.220, -1.026e-6, -1.075e-6, -4.921e-8, -2.339e-6, -2.371e-6, -3.167e-8, -9.714e-7, -1.015e-6, -4.388e-8, -2.227e-6, -2.270e-6, -4.284e-8, -1.069e-6, -1.065e-6, 4.205e-9, -2.572e-6, -2.513e-6, 5.944e-8, -1.030e-6, -1.014e-6, 1.561e-8, -2.295e-6, -2.235e-6, 6.068e-8
0.224, -1.076e-6, -1.138e-6, -6.237e-8, -2.514e-6, -2.567e-6, -5.316e-8, -1.018e-6, -1.075e-6, -5.663e-8, -2.395e-6, -2.461e-6, -6.543e-8, -1.119e-6, -1.126e-6, -6.778e-9, -2.772e-6, -2.732e-6, 3.920e-8, -1.078e-6, -1.072e-6, 5.337e-9, -2.474e-6, -2.432e-6, 4.178e-8
0.228, -1.127e-6, -1.204e-6, -7.671e-8, -2.696e-6, -2.773e-6, -7.659e-8, -1.065e-6, -1.135e-6, -7.034e-8, -2.570e-6, -2.660e-6, -8.949e-8, -1.169e-6, -1.189e-6, -1.924e-8, -2.981e-6, -2.964e-6, 1.709e-8, -1.127e-6, -1.133e-6, -6.109e-9, -2.659e-6, -2.639e-6, 2.004e-8
0.232, -1.179e-6, -1.270e-6, -9.176e-8, -2.886e-6, -2.987e-6, -1.009e-7, -1.114e-6, -1.199e-6, -8.459e-8, -2.752e-6, -2.867e-6, -1.143e-7, -1.223e-6, -1.255e-6, -3.194e-8, -3.197e-6, -3.203e-6, -6.355e-9, -1.178e-6, -1.196e-6, -1.827e-8, -2.854e-6, -2.857e-6, -2.674e-9
0.236, -1.229e-6, -1.338e-6, -1.086e-7, -3.072e-6, -3.199e-6, -1.270e-7, -1.161e-6, -1.261e-6, -1.006e-7, -2.932e-6, -3.072e-6, -1.403e-7, -1.273e-6, -1.320e-6, -4.630e-8, -3.411e-6, -3.442e-6, -3.154e-8, -1.228e-6, -1.260e-6, -3.198e-8, -3.047e-6, -3.076e-6, -2.936e-8
0.240, -1.280e-6, -1.406e-6, -1.258e-7, -3.259e-6, -3.411e-6, -1.515e-7, -1.209e-6, -1.326e-6, -1.168e-7, -3.110e-6, -3.276e-6, -1.654e-7, -1.327e-6, -1.387e-6, -6.069e-8, -3.624e-6, -3.681e-6, -5.620e-8, -1.280e-6, -1.325e-6, -4.551e-8, -3.240e-6, -3.296e-6, -5.548e-8
0.244, -1.330e-6, -1.473e-6, -1.440e-7, -3.437e-6, -3.613e-6, -1.765e-7, -1.256e-6, -1.389e-6, -1.333e-7, -3.279e-6, -3.468e-6, -1.891e-7, -1.378e-6, -1.455e-6, -7.614e-8, -3.826e-6, -3.906e-6, -8.057e-8, -1.330e-6, -1.391e-6, -6.041e-8, -3.423e-6, -3.507e-6, -8.327e-8
0.248, -1.380e-6, -1.542e-6, -1.623e-7, -3.604e-6, -3.804e-6, -2.002e-7, -1.301e-6, -1.452e-6, -1.514e-7, -3.436e-6, -3.647e-6, -2.116e-7, -1.429e-6, -1.522e-6, -9.269e-8, -4.014e-6, -4.118e-6, -1.041e-7, -1.381e-6, -1.457e-6, -7.577e-8, -3.596e-6, -3.707e-6, -1.107e-7
0.252, -1.426e-6, -1.608e-6, -1.822e-7, -3.751e-6, -3.973e-6, -2.220e-7, -1.345e-6, -1.514e-6, -1.689e-7, -3.573e-6, -3.804e-6, -2.311e-7, -1.478e-6, -1.588e-6, -1.091e-7, -4.180e-6, -4.303e-6, -1.239e-7, -1.429e-6, -1.522e-6, -9.215e-8, -3.751e-6, -3.886e-6, -1.355e-7
0.256, -1.470e-6, -1.672e-6, -2.018e-7, -3.879e-6, -4.119e-6, -2.400e-7, -1.387e-6, -1.574e-6, -1.871e-7, -3.691e-6, -3.937e-6, -2.459e-7, -1.526e-6, -1.652e-6, -1.259e-7, -4.321e-6, -4.462e-6, -1.406e-7, -1.477e-6, -1.585e-6, -1.088e-7, -3.883e-6, -4.042e-6, -1.590e-7
0.260, -1.513e-6, -1.735e-6, -2.215e-7, -3.985e-6, -4.240e-6, -2.544e-7, -1.426e-6, -1.632e-6, -2.054e-7, -3.787e-6, -4.043e-6, -2.566e-7, -1.572e-6, -1.715e-6, -1.426e-7, -4.438e-6, -4.590e-6, -1.523e-7, -1.522e-6, -1.648e-6, -1.253e-7, -3.993e-6, -4.172e-6, -1.787e-7
0.264, -1.552e-6, -1.794e-6, -2.414e-7, -4.064e-6, -4.328e-6, -2.645e-7, -1.462e-6, -1.686e-6, -2.238e-7, -3.855e-6, -4.118e-6, -2.628e-7, -1.615e-6, -1.775e-6, -1.598e-7, -4.523e-6, -4.682e-6, -1.598e-7, -1.565e-6, -1.707e-6, -1.427e-7, -4.076e-6, -4.270e-6, -1.937e-7
0.268, -1.586e-6, -1.848e-6, -2.618e-7, -4.112e-6, -4.383e-6, -2.714e-7, -1.495e-6, -1.736e-6, -2.418e-7, -3.894e-6, -4.159e-6, -2.648e-7, -1.653e-6, -1.830e-6, -1.771e-7, -4.575e-6, -4.739e-6, -1.642e-7, -1.602e-6, -1.763e-6, -1.605e-7, -4.129e-6, -4.335e-6, -2.056e-7
0.272, -1.616e-6, -1.898e-6, -2.813e-7, -4.133e-6, -4.408e-6, -2.749e-7, -1.523e-6, -1.782e-6, -2.594e-7, -3.908e-6, -4.172e-6, -2.635e-7, -1.687e-6, -1.881e-6, -1.938e-7, -4.599e-6, -4.763e-6, -1.641e-7, -1.637e-6, -1.814e-6, -1.773e-7, -4.157e-6, -4.370e-6, -2.134e-7
0.276, -1.640e-6, -1.941e-6, -3.009e-7, -4.126e-6, -4.401e-6, -2.753e-7, -1.546e-6, -1.823e-6, -2.767e-7, -3.894e-6, -4.154e-6, -2.598e-7, -1.715e-6, -1.926e-6, -2.101e-7, -4.589e-6, -4.751e-6, -1.626e-7, -1.665e-6, -1.860e-6, -1.944e-7, -4.156e-6, -4.374e-6, -2.177e-7
0.280, -1.658e-6, -1.978e-6, -3.201e-7, -4.090e-6, -4.366e-6, -2.757e-7, -1.562e-6, -1.856e-6, -2.938e-7, -3.855e-6, -4.111e-6, -2.560e-7, -1.738e-6, -1.965e-6, -2.270e-7, -4.550e-6, -4.711e-6, -1.612e-7, -1.688e-6, -1.900e-6, -2.121e-7, -4.130e-6, -4.352e-6, -2.218e-7
0.284, -1.669e-6, -2.008e-6, -3.391e-7, -4.029e-6, -4.304e-6, -2.752e-7, -1.572e-6, -1.883e-6, -3.107e-7, -3.790e-6, -4.042e-6, -2.513e-7, -1.752e-6, -1.996e-6, -2.436e-7, -4.482e-6, -4.642e-6, -1.601e-7, -1.704e-6, -1.933e-6, -2.292e-7, -4.080e-6, -4.303e-6, -2.234e-7
0.288, -1.672e-6, -2.030e-6, -3.573e-7, -3.945e-6, -4.220e-6, -2.750e-7, -1.576e-6, -1.902e-6, -3.258e-7, -3.705e-6, -3.953e-6, -2.482e-7, -1.760e-6, -2.019e-6, -2.595e-7, -4.388e-6, -4.549e-6, -1.608e-7, -1.713e-6, -1.959e-6, -2.461e-7, -4.007e-6, -4.232e-6, -2.252e-7
0.292, -1.669e-6, -2.044e-6, -3.754e-7, -3.841e-6, -4.118e-6, -2.771e-7, -1.572e-6, -1.913e-6, -3.410e-7, -3.599e-6, -3.845e-6, -2.465e-7, -1.760e-6, -2.035e-6, -2.756e-7, -4.271e-6, -4.434e-6, -1.631e-7, -1.713e-6, -1.977e-6, -2.632e-7, -3.913e-6, -4.140e-6, -2.276e-7
0.296, -1.659e-6, -2.051e-6, -3.920e-7, -3.718e-6, -3.998e-6, -2.800e-7, -1.560e-6, -1.916e-6, -3.555e-7, -3.475e-6, -3.722e-6, -2.472e-7, -1.752e-6, -2.043e-6, -2.905e-7, -4.137e-6, -4.304e-6, -1.673e-7, -1.708e-6, -1.987e-6, -2.791e-7, -3.801e-6, -4.031e-6, -2.301e-7
0.300, -1.639e-6, -2.048e-6, -4.089e-7, -3.575e-6, -3.862e-6, -2.872e-7, -1.541e-6, -1.911e-6, -3.700e-7, -3.335e-6, -3.586e-6, -2.513e-7, -1.734e-6, -2.041e-6, -3.064e-7, -3.982e-6, -4.158e-6, -1.759e-7, -1.693e-6, -1.988e-6, -2.949e-7, -3.670e-6, -3.906e-6, -2.362e-7
0.304, -1.613e-6, -2.038e-6, -4.256e-7, -3.418e-6, -3.716e-6, -2.976e-7, -1.514e-6, -1.898e-6, -3.837e-7, -3.181e-6, -3.440e-6, -2.591e-7, -1.710e-6, -2.032e-6, -3.218e-7, -3.814e-6, -4.001e-6, -1.875e-7, -1.671e-6, -1.982e-6, -3.108e-7, -3.526e-6, -3.770e-6, -2.442e-7
0.308, -1.580e-6, -2.021e-6, -4.415e-7, -3.249e-6, -3.559e-6, -3.101e-7, -1.481e-6, -1.878e-6, -3.968e-7, -3.014e-6, -3.285e-6, -2.702e-7, -1.679e-6, -2.016e-6, -3.365e-7, -3.632e-6, -3.835e-6, -2.022e-7, -1.642e-6, -1.968e-6, -3.260e-7, -3.368e-6, -3.622e-6, -2.539e-7
0.312, -1.542e-6, -1.999e-6, -4.570e-7, -3.070e-6, -3.397e-6, -3.273e-7, -1.443e-6, -1.852e-6, -4.096e-7, -2.840e-6, -3.125e-6, -2.848e-7, -1.642e-6, -1.994e-6, -3.519e-7, -3.441e-6, -3.662e-6, -2.202e-7, -1.607e-6, -1.949e-6, -3.417e-7, -3.200e-6, -3.468e-6, -2.676e-7
0.316, -1.497e-6, -1.969e-6, -4.726e-7, -2.879e-6, -3.227e-6, -3.487e-7, -1.398e-6, -1.821e-6, -4.231e-7, -2.655e-6, -2.959e-6, -3.038e-7, -1.598e-6, -1.966e-6, -3.674e-7, -3.239e-6, -3.482e-6, -2.427e-7, -1.566e-6, -1.923e-6, -3.569e-7, -3.023e-6, -3.306e-6, -2.837e-7
0.320, -1.448e-6, -1.936e-6, -4.878e-7, -2.684e-6, -3.058e-6, -3.739e-7, -1.350e-6, -1.786e-6, -4.360e-7, -2.466e-6, -2.794e-6, -3.273e-7, -1.550e-6, -1.934e-6, -3.832e-7, -3.033e-6, -3.302e-6, -2.689e-7, -1.519e-6, -1.892e-6, -3.723e-7, -2.839e-6, -3.143e-6, -3.042e-7
0.324, -1.396e-6, -1.899e-6, -5.028e-7, -2.488e-6, -2.890e-6, -4.018e-7, -1.300e-6, -1.749e-6, -4.487e-7, -2.278e-6, -2.631e-6, -3.534e-7, -1.500e-6, -1.898e-6, -3.983e-7, -2.825e-6, -3.122e-6, -2.973e-7, -1.472e-6, -1.859e-6, -3.869e-7, -2.654e-6, -2.980e-6, -3.264e-7
0.328, -1.343e-6, -1.861e-6, -5.173e-7, -2.295e-6, -2.728e-6, -4.331e-7, -1.248e-6, -1.709e-6, -4.614e-7, -2.092e-6, -2.475e-6, -3.828e-7, -1.446e-6, -1.860e-6, -4.144e-7, -2.617e-6, -2.946e-6, -3.285e-7, -1.420e-6, -1.822e-6, -4.022e-7, -2.468e-6, -2.820e-6, -3.515e-7
0.332, -1.288e-6, -1.820e-6, -5.323e-7, -2.108e-6, -2.575e-6, -4.671e-7, -1.195e-6, -1.669e-6, -4.744e-7, -1.913e-6, -2.328e-6, -4.148e-7, -1.391e-6, -1.822e-6, -4.309e-7, -2.414e-6, -2.778e-6, -3.632e-7, -1.367e-6, -1.784e-6, -4.177e-7, -2.286e-6, -2.665e-6, -3.797e-7
0.336, -1.234e-6, -1.781e-6, -5.462e-7, -1.932e-6, -2.433e-6, -5.015e-7, -1.142e-6, -1.629e-6, -4.867e-7, -1.745e-6, -2.193e-6, -4.474e-7, -1.337e-6, -1.784e-6, -4.466e-7, -2.222e-6, -2.619e-6, -3.979e-7, -1.314e-6, -1.747e-6, -4.322e-7, -2.112e-6, -2.520e-6, -4.081e-7
0.340, -1.181e-6, -1.741e-6, -5.595e-7, -1.770e-6, -2.305e-6, -5.348e-7, -1.092e-6, -1.590e-6, -4.985e-7, -1.592e-6, -2.071e-6, -4.792e-7, -1.283e-6, -1.745e-6, -4.620e-7, -2.041e-6, -2.474e-6, -4.330e-7, -1.263e-6, -1.709e-6, -4.458e-7, -1.948e-6, -2.385e-6, -4.367e-7
0.344, -1.130e-6, -1.703e-6, -5.733e-7, -1.622e-6, -2.190e-6, -5.684e-7, -1.043e-6, -1.554e-6, -5.102e-7, -1.454e-6, -1.965e-6, -5.105e-7, -1.231e-6, -1.709e-6, -4.777e-7, -1.875e-6, -2.344e-6, -4.681e-7, -1.213e-6, -1.673e-6, -4.605e-7, -1.798e-6, -2.263e-6, -4.650e-7
0.348, -1.081e-6, -1.666e-6, -5.855e-7, -1.490e-6, -2.089e-6, -5.989e-7, -9.958e-7, -1.517e-6, -5.217e-7, -1.331e-6, -1.871e-6, -5.395e-7, -1.182e-6, -1.673e-6, -4.917e-7, -1.726e-6, -2.226e-6, -5.007e-7, -1.164e-6, -1.637e-6, -4.739e-7, -1.660e-6, -2.153e-6, -4.924e-7
0.352, -1.034e-6, -1.631e-6, -5.975e-7, -1.374e-6, -2.001e-6, -6.265e-7, -9.527e-7, -1.484e-6, -5.317e-7, -1.225e-6, -1.791e-6, -5.659e-7, -1.134e-6, -1.641e-6, -5.063e-7, -1.593e-6, -2.124e-6, -5.312e-7, -1.118e-6, -1.604e-6, -4.862e-7, -1.538e-6, -2.055e-6, -5.170e-7
0.356, -9.894e-7, -1.598e-6, -6.087e-7, -1.273e-6, -1.924e-6, -6.510e-7, -9.115e-7, -1.453e-6, -5.415e-7, -1.133e-6, -1.721e-6, -5.887e-7, -1.091e-6, -1.610e-6, -5.190e-7, -1.477e-6, -2.034e-6, -5.576e-7, -1.075e-6, -1.573e-6, -4.979e-7, -1.430e-6, -1.969e-6, -5.388e-7
0.360, -9.480e-7, -1.566e-6, -6.185e-7, -1.185e-6, -1.857e-6, -6.722e-7, -8.739e-7, -1.423e-6, -5.495e-7, -1.053e-6, -1.662e-6, -6.083e-7, -1.049e-6, -1.580e-6, -5.316e-7, -1.375e-6, -1.956e-6, -5.806e-7, -1.035e-6, -1.543e-6, -5.085e-7, -1.335e-6, -1.892e-6, -5.575e-7
0.364, -9.094e-7, -1.537e-6, -6.273e-7, -1.109e-6, -1.798e-6, -6.894e-7, -8.382e-7, -1.396e-6, -5.576e-7, -9.854e-7, -1.609e-6, -6.240e-7, -1.011e-6, -1.553e-6, -5.427e-7, -1.287e-6, -1.888e-6, -6.007e-7, -9.964e-7, -1.515e-6, -5.187e-7, -1.251e-6, -1.825e-6, -5.743e-7
0.368, -8.739e-7, -1.509e-6, -6.349e-7, -1.044e-6, -1.747e-6, -7.029e-7, -8.060e-7, -1.370e-6, -5.640e-7, -9.280e-7, -1.564e-6, -6.364e-7, -9.754e-7, -1.528e-6, -5.528e-7, -1.214e-6, -1.830e-6, -6.162e-7, -9.616e-7, -1.489e-6, -5.277e-7, -1.180e-6, -1.767e-6, -5.873e-7
0.372, -8.407e-7, -1.482e-6, -6.415e-7, -9.886e-7, -1.702e-6, -7.137e-7, -7.768e-7, -1.346e-6, -5.695e-7, -8.793e-7, -1.525e-6, -6.458e-7, -9.428e-7, -1.504e-6, -5.616e-7, -1.149e-6, -1.778e-6, -6.286e-7, -9.293e-7, -1.464e-6, -5.351e-7, -1.118e-6, -1.716e-6, -5.981e-7
0.376, -8.094e-7, -1.457e-6, -6.475e-7, -9.409e-7, -1.662e-6, -7.216e-7, -7.488e-7, -1.323e-6, -5.743e-7, -8.377e-7, -1.490e-6, -6.526e-7, -9.126e-7, -1.482e-6, -5.697e-7, -1.094e-6, -1.733e-6, -6.387e-7, -8.995e-7, -1.442e-6, -5.425e-7, -1.065e-6, -1.671e-6, -6.056e-7
0.380, -7.813e-7, -1.433e-6, -6.516e-7, -8.992e-7, -1.626e-6, -7.267e-7, -7.233e-7, -1.301e-6, -5.778e-7, -8.018e-7, -1.459e-6, -6.571e-7, -8.842e-7, -1.461e-6, -5.769e-7, -1.048e-6, -1.693e-6, -6.448e-7, -8.718e-7, -1.420e-6, -5.483e-7, -1.018e-6, -1.630e-6, -6.114e-7
0.384, -7.545e-7, -1.410e-6, -6.557e-7, -8.641e-7, -1.594e-6, -7.296e-7, -6.996e-7, -1.281e-6, -5.812e-7, -7.716e-7, -1.431e-6, -6.594e-7, -8.583e-7, -1.441e-6, -5.831e-7, -1.009e-6, -1.659e-6, -6.498e-7, -8.457e-7, -1.399e-6, -5.533e-7, -9.793e-7, -1.594e-6, -6.149e-7
0.388, -7.315e-7, -1.389e-6, -6.572e-7, -8.344e-7, -1.564e-6, -7.300e-7, -6.790e-7, -1.261e-6, -5.821e-7, -7.470e-7, -1.406e-6, -6.592e-7, -8.353e-7, -1.423e-6, -5.876e-7, -9.755e-7, -1.627e-6, -6.518e-7, -8.223e-7, -1.379e-6, -5.571e-7, -9.468e-7, -1.563e-6, -6.163e-7
0.392, -7.092e-7, -1.368e-6, -6.591e-7, -8.071e-7, -1.538e-6, -7.306e-7, -6.582e-7, -1.242e-6, -5.837e-7, -7.240e-7, -1.383e-6, -6.592e-7, -8.129e-7, -1.405e-6, -5.917e-7, -9.463e-7, -1.600e-6, -6.536e-7, -8.000e-7, -1.361e-6, -5.605e-7, -9.166e-7, -1.534e-6, -6.175e-7
0.396, -6.882e-7, -1.349e-6, -6.604e-7, -7.852e-7, -1.514e-6, -7.290e-7, -6.410e-7, -1.225e-6, -5.837e-7, -7.045e-7, -1.362e-6, -6.577e-7, -7.929e-7, -1.388e-6, -5.951e-7, -9.212e-7, -1.575e-6, -6.540e-7, -7.798e-7, -1.343e-6, -5.629e-7, -8.919e-7, -1.509e-6, -6.171e-7
0.400, -6.695e-7, -1.329e-6, -6.597e-7, -7.655e-7, -1.491e-6, -7.259e-7, -6.238e-7, -1.207e-6, -5.836e-7, -6.877e-7, -1.342e-6, -6.547e-7, -7.744e-7, -1.371e-6, -5.971e-7, -8.997e-7, -1.553e-6, -6.529e-7, -7.606e-7, -1.325e-6, -5.644e-7, -8.693e-7, -1.485e-6, -6.155e-7
0.404, -6.518e-7, -1.311e-6, -6.590e-7, -7.483e-7, -1.471e-6, -7.224e-7, -6.073e-7, -1.190e-6, -5.828e-7, -6.728e-7, -1.324e-6, -6.516e-7, -7.574e-7, -1.356e-6, -5.984e-7, -8.805e-7, -1.532e-6, -6.516e-7, -7.438e-7, -1.309e-6, -5.649e-7, -8.497e-7, -1.463e-6, -6.137e-7
0.408, -6.355e-7, -1.293e-6, -6.578e-7, -7.320e-7, -1.451e-6, -7.188e-7, -5.928e-7, -1.174e-6, -5.815e-7, -6.595e-7, -1.307e-6, -6.479e-7, -7.397e-7, -1.340e-6, -6.001e-7, -8.634e-7, -1.513e-6, -6.492e-7, -7.262e-7, -1.292e-6, -5.657e-7, -8.322e-7, -1.443e-6, -6.111e-7
0.412, -6.208e-7, -1.276e-6, -6.555e-7, -7.196e-7, -1.433e-6, -7.137e-7, -5.796e-7, -1.159e-6, -5.795e-7, -6.486e-7, -1.292e-6, -6.435e-7, -7.255e-7, -1.326e-6, -6.007e-7, -8.495e-7, -1.496e-6, -6.464e-7, -7.119e-7, -1.277e-6, -5.651e-7, -8.174e-7, -1.425e-6, -6.079e-7
0.416, -6.075e-7, -1.260e-6, -6.524e-7, -7.088e-7, -1.417e-6, -7.077e-7, -5.683e-7, -1.145e-6, -5.764e-7, -6.394e-7, -1.277e-6, -6.377e-7, -7.116e-7, -1.311e-6, -5.996e-7, -8.363e-7, -1.479e-6, -6.430e-7, -6.979e-7, -1.262e-6, -5.640e-7, -8.043e-7, -1.408e-6, -6.040e-7
0.420, -5.942e-7, -1.245e-6, -6.504e-7, -6.976e-7, -1.400e-6, -7.029e-7, -5.558e-7, -1.130e-6, -5.745e-7, -6.298e-7, -1.263e-6, -6.334e-7, -6.984e-7, -1.298e-6, -5.998e-7, -8.242e-7, -1.464e-6, -6.403e-7, -6.847e-7, -1.248e-6, -5.633e-7, -7.922e-7, -1.393e-6, -6.004e-7
0.424, -5.824e-7, -1.230e-6, -6.472e-7, -6.892e-7, -1.386e-6, -6.973e-7, -5.457e-7, -1.117e-6, -5.716e-7, -6.221e-7, -1.250e-6, -6.283e-7, -6.874e-7, -1.286e-6, -5.985e-7, -8.143e-7, -1.451e-6, -6.368e-7, -6.729e-7, -1.235e-6, -5.616e-7, -7.822e-7, -1.378e-6, -5.961e-7
0.428, -5.710e-7, -1.215e-6, -6.437e-7, -6.802e-7, -1.372e-6, -6.915e-7, -5.361e-7, -1.104e-6, -5.683e-7, -6.147e-7, -1.237e-6, -6.226e-7, -6.757e-7, -1.273e-6, -5.970e-7, -8.049e-7, -1.438e-6, -6.330e-7, -6.615e-7, -1.221e-6, -5.597e-7, -7.721e-7, -1.364e-6, -5.918e-7
0.432, -5.608e-7, -1.201e-6, -6.403e-7, -6.725e-7, -1.358e-6, -6.859e-7, -5.264e-7, -1.092e-6, -5.652e-7, -6.084e-7, -1.226e-6, -6.175e-7, -6.647e-7, -1.261e-6, -5.963e-7, -7.960e-7, -1.426e-6, -6.298e-7, -6.510e-7, -1.209e-6, -5.577e-7, -7.633e-7, -1.351e-6, -5.879e-7
0.436, -5.517e-7, -1.187e-6, -6.356e-7, -6.674e-7, -1.346e-6, -6.791e-7, -5.184e-7, -1.080e-6, -5.614e-7, -6.023e-7, -1.214e-6, -6.119e-7, -6.548e-7, -1.249e-6, -5.943e-7, -7.883e-7, -1.413e-6, -6.250e-7, -6.416e-7, -1.196e-6, -5.548e-7, -7.558e-7, -1.339e-6, -5.832e-7
0.440, -5.424e-7, -1.174e-6, -6.321e-7, -6.615e-7, -1.334e-6, -6.724e-7, -5.112e-7, -1.068e-6, -5.571e-7, -5.981e-7, -1.203e-6, -6.053e-7, -6.466e-7, -1.238e-6, -5.918e-7, -7.820e-7, -1.403e-6, -6.210e-7, -6.326e-7, -1.184e-6, -5.519e-7, -7.489e-7, -1.327e-6, -5.781e-7
0.444, -5.347e-7, -1.162e-6, -6.271e-7, -6.559e-7, -1.322e-6, -6.660e-7, -5.039e-7, -1.057e-6, -5.530e-7, -5.943e-7, -1.194e-6, -5.993e-7, -6.383e-7, -1.227e-6, -5.891e-7, -7.757e-7, -1.392e-6, -6.162e-7, -6.242e-7, -1.173e-6, -5.489e-7, -7.420e-7, -1.315e-6, -5.735e-7
0.448, -5.275e-7, -1.150e-6, -6.226e-7, -6.521e-7, -1.311e-6, -6.592e-7, -4.974e-7, -1.047e-6, -5.494e-7, -5.910e-7, -1.184e-6, -5.931e-7, -6.305e-7, -1.217e-6, -5.868e-7, -7.710e-7, -1.382e-6, -6.114e-7, -6.166e-7, -1.162e-6, -5.456e-7, -7.377e-7, -1.306e-6, -5.678e-7
0.452, -5.203e-7, -1.138e-6, -6.181e-7, -6.489e-7, -1.301e-6, -6.522e-7, -4.921e-7, -1.037e-6, -5.445e-7, -5.881e-7, -1.175e-6, -5.864e-7, -6.241e-7, -1.207e-6, -5.831e-7, -7.662e-7, -1.373e-6, -6.064e-7, -6.098e-7, -1.152e-6, -5.418e-7, -7.329e-7, -1.295e-6, -5.626e-7
0.456, -5.146e-7, -1.128e-6, -6.129e-7, -6.462e-7, -1.292e-6, -6.454e-7, -4.866e-7, -1.027e-6, -5.405e-7, -5.857e-7, -1.166e-6, -5.807e-7, -6.182e-7, -1.198e-6, -5.801e-7, -7.617e-7, -1.364e-6, -6.027e-7, -6.040e-7, -1.142e-6, -5.380e-7, -7.287e-7, -1.286e-6, -5.575e-7
0.460, -5.087e-7, -1.116e-6, -6.078e-7, -6.429e-7, -1.282e-6, -6.387e-7, -4.820e-7, -1.018e-6, -5.357e-7, -5.837e-7, -1.158e-6, -5.740e-7, -6.120e-7, -1.189e-6, -5.768e-7, -7.578e-7, -1.355e-6, -5.971e-7, -5.979e-7, -1.132e-6, -5.342e-7, -7.245e-7, -1.277e-6, -5.520e-7
0.464, -5.039e-7, -1.107e-6, -6.029e-7, -6.413e-7, -1.273e-6, -6.316e-7, -4.772e-7, -1.009e-6, -5.316e-7, -5.822e-7, -1.150e-6, -5.679e-7, -6.066e-7, -1.180e-6, -5.736e-7, -7.549e-7, -1.348e-6, -5.927e-7, -5.925e-7, -1.123e-6, -5.306e-7, -7.220e-7, -1.269e-6, -5.468e-7
0.468, -4.987e-7, -1.097e-6, -5.981e-7, -6.396e-7, -1.264e-6, -6.242e-7, -4.735e-7, -1.000e-6, -5.266e-7, -5.805e-7, -1.142e-6, -5.614e-7, -6.023e-7, -1.172e-6, -5.698e-7, -7.517e-7, -1.339e-6, -5.877e-7, -5.877e-7, -1.114e-6, -5.263e-7, -7.182e-7, -1.260e-6, -5.414e-7
0.472, -4.940e-7, -1.087e-6, -5.927e-7, -6.377e-7, -1.255e-6, -6.174e-7, -4.702e-7, -9.919e-7, -5.217e-7, -5.794e-7, -1.135e-6, -5.555e-7, -5.976e-7, -1.164e-6, -5.661e-7, -7.490e-7, -1.332e-6, -5.828e-7, -5.840e-7, -1.106e-6, -5.216e-7, -7.152e-7, -1.251e-6, -5.361e-7
0.476, -4.892e-7, -1.077e-6, -5.883e-7, -6.354e-7, -1.247e-6, -6.114e-7, -4.661e-7, -9.840e-7, -5.179e-7, -5.770e-7, -1.127e-6, -5.500e-7, -5.930e-7, -1.156e-6, -5.626e-7, -7.451e-7, -1.324e-6, -5.786e-7, -5.785e-7, -1.097e-6, -5.183e-7, -7.109e-7, -1.242e-6, -5.315e-7
0.480, -4.847e-7, -1.068e-6, -5.829e-7, -6.335e-7, -1.238e-6, -6.046e-7, -4.630e-7, -9.760e-7, -5.130e-7, -5.757e-7, -1.120e-6, -5.440e-7, -5.887e-7, -1.148e-6, -5.591e-7, -7.422e-7, -1.316e-6, -5.738e-7, -5.758e-7, -1.089e-6, -5.136e-7, -7.083e-7, -1.234e-6, -5.261e-7
0.484, -4.817e-7, -1.059e-6, -5.778e-7, -6.320e-7, -1.230e-6, -5.979e-7, -4.608e-7, -9.687e-7, -5.079e-7, -5.748e-7, -1.113e-6, -5.377e-7, -5.849e-7, -1.140e-6, -5.552e-7, -7.400e-7, -1.309e-6, -5.688e-7, -5.711e-7, -1.081e-6, -5.096e-7, -7.055e-7, -1.226e-6, -5.203e-7
0.488, -4.774e-7, -1.050e-6, -5.729e-7, -6.296e-7, -1.221e-6, -5.917e-7, -4.573e-7, -9.610e-7, -5.037e-7, -5.726e-7, -1.105e-6, -5.324e-7, -5.814e-7, -1.133e-6, -5.516e-7, -7.366e-7, -1.301e-6, -5.643e-7, -5.683e-7, -1.073e-6, -5.051e-7, -7.014e-7, -1.217e-6, -5.160e-7
0.492, -4.738e-7, -1.042e-6, -5.682e-7, -6.271e-7, -1.213e-6, -5.861e-7, -4.544e-7, -9.538e-7, -4.994e-7, -5.703e-7, -1.097e-6, -5.270e-7, -5.773e-7, -1.125e-6, -5.481e-7, -7.324e-7, -1.293e-6, -5.604e-7, -5.640e-7, -1.065e-6, -5.015e-7, -6.975e-7, -1.209e-6, -5.113e-7
0.496, -4.699e-7, -1.033e-6, -5.635e-7, -6.233e-7, -1.204e-6, -5.805e-7, -4.514e-7, -9.467e-7, -4.953e-7, -5.667e-7, -1.089e-6, -5.221e-7, -5.729e-7, -1.118e-6, -5.447e-7, -7.283e-7, -1.284e-6, -5.559e-7, -5.597e-7, -1.057e-6, -4.977e-7, -6.931e-7, -1.199e-6, -5.063e-7
0.500, -4.666e-7, -1.025e-6, -5.582e-7, -6.209e-7, -1.195e-6, -5.740e-7, -4.492e-7, -9.396e-7, -4.904e-7, -5.642e-7, -1.080e-6, -5.160e-7, -5.693e-7, -1.110e-6, -5.411e-7, -7.243e-7, -1.275e-6, -5.511e-7, -5.562e-7, -1.050e-6, -4.933e-7, -6.899e-7, -1.191e-6, -5.012e-7
0.504, -4.623e-7, -1.016e-6, -5.540e-7, -6.173e-7, -1.185e-6, -5.680e-7, -4.460e-7, -9.323e-7, -4.864e-7, -5.608e-7, -1.072e-6, -5.115e-7, -5.655e-7, -1.103e-6, -5.379e-7, -7.193e-7, -1.266e-6, -5.471e-7, -5.527e-7, -1.042e-6, -4.896e-7, -6.839e-7, -1.181e-6, -4.971e-7
0.508, -4.590e-7, -1.008e-6, -5.494e-7, -6.126e-7, -1.176e-6, -5.630e-7, -4.428e-7, -9.253e-7, -4.825e-7, -5.568e-7, -1.063e-6, -5.066e-7, -5.621e-7, -1.096e-6, -5.339e-7, -7.140e-7, -1.257e-6, -5.434e-7, -5.486e-7, -1.035e-6, -4.861e-7, -6.792e-7, -1.172e-6, -4.926e-7
0.512, -4.555e-7, -1.000e-6, -5.448e-7, -6.076e-7, -1.165e-6, -5.576e-7, -4.394e-7, -9.181e-7, -4.786e-7, -5.515e-7, -1.053e-6, -5.020e-7, -5.571e-7, -1.088e-6, -5.311e-7, -7.078e-7, -1.247e-6, -5.392e-7, -5.444e-7, -1.027e-6, -4.823e-7, -6.732e-7, -1.161e-6, -4.878e-7
0.516, -4.514e-7, -9.920e-7, -5.406e-7, -6.024e-7, -1.155e-6, -5.530e-7, -4.366e-7, -9.112e-7, -4.746e-7, -5.482e-7, -1.046e-6, -4.974e-7, -5.531e-7, -1.081e-6, -5.281e-7, -7.028e-7, -1.238e-6, -5.355e-7, -5.405e-7, -1.020e-6, -4.792e-7, -6.679e-7, -1.152e-6, -4.841e-7
0.520, -4.471e-7, -9.838e-7, -5.367e-7, -5.968e-7, -1.145e-6, -5.482e-7, -4.326e-7, -9.039e-7, -4.713e-7, -5.421e-7, -1.035e-6, -4.934e-7, -5.492e-7, -1.074e-6, -5.250e-7, -6.952e-7, -1.228e-6, -5.328e-7, -5.363e-7, -1.012e-6, -4.757e-7, -6.612e-7, -1.142e-6, -4.806e-7
0.524, -4.424e-7, -9.755e-7, -5.331e-7, -5.889e-7, -1.133e-6, -5.443e-7, -4.286e-7, -8.968e-7, -4.681e-7, -5.353e-7, -1.025e-6, -4.897e-7, -5.436e-7, -1.066e-6, -5.226e-7, -6.869e-7, -1.217e-6, -5.297e-7, -5.313e-7, -1.004e-6, -4.730e-7, -6.540e-7, -1.131e-6, -4.770e-7
0.528, -4.385e-7, -9.678e-7, -5.293e-7, -5.835e-7, -1.123e-6, -5.394e-7, -4.255e-7, -8.900e-7, -4.645e-7, -5.301e-7, -1.015e-6, -4.853e-7, -5.394e-7, -1.059e-6, -5.197e-7, -6.808e-7, -1.207e-6, -5.260e-7, -5.271e-7, -9.969e-7, -4.698e-7, -6.476e-7, -1.121e-6, -4.732e-7
0.532, -4.342e-7, -9.601e-7, -5.259e-7, -5.760e-7, -1.112e-6, -5.359e-7, -4.223e-7, -8.833e-7, -4.610e-7, -5.228e-7, -1.005e-6, -4.824e-7, -5.354e-7, -1.052e-6, -5.167e-7, -6.728e-7, -1.196e-6, -5.235e-7, -5.230e-7, -9.899e-7, -4.669e-7, -6.396e-7, -1.110e-6, -4.705e-7
0.536, -4.304e-7, -9.524e-7, -5.220e-7, -5.691e-7, -1.101e-6, -5.319e-7, -4.185e-7, -8.766e-7, -4.581e-7, -5.165e-7, -9.955e-7, -4.790e-7, -5.299e-7, -1.045e-6, -5.148e-7, -6.654e-7, -1.186e-6, -5.206e-7, -5.187e-7, -9.828e-7, -4.641e-7, -6.336e-7, -1.100e-6, -4.668e-7
0.540, -4.260e-7, -9.451e-7, -5.191e-7, -5.625e-7, -1.090e-6, -5.279e-7, -4.143e-7, -8.700e-7, -4.557e-7, -5.106e-7, -9.860e-7, -4.754e-7, -5.254e-7, -1.038e-6, -5.123e-7, -6.578e-7, -1.176e-6, -5.179e-7, -5.138e-7, -9.753e-7, -4.616e-7, -6.264e-7, -1.091e-6, -4.644e-7
0.544, -4.220e-7, -9.379e-7, -5.160e-7, -5.557e-7, -1.080e-6, -5.243e-7, -4.114e-7, -8.638e-7, -4.524e-7, -5.037e-7, -9.764e-7, -4.727e-7, -5.211e-7, -1.031e-6, -5.104e-7, -6.503e-7, -1.166e-6, -5.154e-7, -5.095e-7, -9.686e-7, -4.591e-7, -6.197e-7, -1.081e-6, -4.611e-7
0.548, -4.186e-7, -9.311e-7, -5.124e-7, -5.500e-7, -1.070e-6, -5.205e-7, -4.078e-7, -8.576e-7, -4.498e-7, -4.996e-7, -9.685e-7, -4.689e-7, -5.175e-7, -1.025e-6, -5.079e-7, -6.450e-7, -1.157e-6, -5.124e-7, -5.053e-7, -9.618e-7, -4.565e-7, -6.143e-7, -1.072e-6, -4.581e-7
0.552, -4.145e-7, -9.240e-7, -5.095e-7, -5.439e-7, -1.061e-6, -5.169e-7, -4.042e-7, -8.513e-7, -4.471e-7, -4.933e-7, -9.593e-7, -4.660e-7, -5.124e-7, -1.018e-6, -5.059e-7, -6.375e-7, -1.148e-6, -5.104e-7, -5.007e-7, -9.553e-7, -4.546e-7, -6.075e-7, -1.063e-6, -4.556e-7
0.556, -4.118e-7, -9.181e-7, -5.063e-7, -5.389e-7, -1.053e-6, -5.138e-7, -4.015e-7, -8.461e-7, -4.446e-7, -4.889e-7, -9.519e-7, -4.630e-7, -5.093e-7, -1.013e-6, -5.033e-7, -6.320e-7, -1.140e-6, -5.075e-7, -4.972e-7, -9.493e-7, -4.521e-7, -6.024e-7, -1.055e-6, -4.528e-7
0.560, -4.075e-7, -9.112e-7, -5.037e-7, -5.331e-7, -1.044e-6, -5.111e-7, -3.985e-7, -8.406e-7, -4.422e-7, -4.841e-7, -9.445e-7, -4.604e-7, -5.052e-7, -1.007e-6, -5.021e-7, -6.269e-7, -1.132e-6, -5.052e-7, -4.930e-7, -9.434e-7, -4.503e-7, -5.974e-7, -1.048e-6, -4.505e-7
0.564, -4.050e-7, -9.056e-7, -5.006e-7, -5.293e-7, -1.037e-6, -5.075e-7, -3.950e-7, -8.351e-7, -4.400e-7, -4.807e-7, -9.378e-7, -4.571e-7, -5.010e-7, -1.001e-6, -5.003e-7, -6.217e-7, -1.125e-6, -5.031e-7, -4.899e-7, -9.379e-7, -4.480e-7, -5.923e-7, -1.040e-6, -4.480e-7
0.568, -4.018e-7, -8.996e-7, -4.979e-7, -5.252e-7, -1.029e-6, -5.043e-7, -3.927e-7, -8.303e-7, -4.375e-7, -4.771e-7, -9.315e-7, -4.544e-7, -4.978e-7, -9.965e-7, -4.987e-7, -6.172e-7, -1.118e-6, -5.011e-7, -4.862e-7, -9.325e-7, -4.464e-7, -5.881e-7, -1.034e-6, -4.457e-7
0.572, -3.986e-7, -8.937e-7, -4.951e-7, -5.221e-7, -1.023e-6, -5.006e-7, -3.905e-7, -8.256e-7, -4.351e-7, -4.734e-7, -9.252e-7, -4.518e-7, -4.940e-7, -9.905e-7, -4.965e-7, -6.130e-7, -1.111e-6, -4.984e-7, -4.826e-7, -9.268e-7, -4.442e-7, -5.840e-7, -1.027e-6, -4.431e-7
0.576, -3.963e-7, -8.888e-7, -4.924e-7, -5.196e-7, -1.017e-6, -4.978e-7, -3.881e-7, -8.212e-7, -4.331e-7, -4.718e-7, -9.206e-7, -4.488e-7, -4.912e-7, -9.861e-7, -4.949e-7, -6.091e-7, -1.105e-6, -4.960e-7, -4.798e-7, -9.219e-7, -4.421e-7, -5.806e-7, -1.021e-6, -4.407e-7
0.580, -3.939e-7, -8.837e-7, -4.899e-7, -5.170e-7, -1.011e-6, -4.943e-7, -3.860e-7, -8.171e-7, -4.311e-7, -4.698e-7, -9.153e-7, -4.455e-7, -4.888e-7, -9.816e-7, -4.928e-7, -6.067e-7, -1.100e-6, -4.934e-7, -4.773e-7, -9.174e-7, -4.401e-7, -5.781e-7, -1.016e-6, -4.379e-7
0.584, -3.925e-7, -8.793e-7, -4.869e-7, -5.152e-7, -1.006e-6, -4.909e-7, -3.847e-7, -8.133e-7, -4.286e-7, -4.688e-7, -9.116e-7, -4.428e-7, -4.864e-7, -9.772e-7, -4.909e-7, -6.041e-7, -1.095e-6, -4.910e-7, -4.745e-7, -9.127e-7, -4.382e-7, -5.760e-7, -1.011e-6, -4.352e-7
0.588, -3.898e-7, -8.745e-7, -4.848e-7, -5.129e-7, -1.001e-6, -4.883e-7, -3.823e-7, -8.091e-7, -4.268e-7, -4.675e-7, -9.076e-7, -4.401e-7, -4.837e-7, -9.731e-7, -4.894e-7, -6.020e-7, -1.091e-6, -4.892e-7, -4.723e-7, -9.089e-7, -4.367e-7, -5.728e-7, -1.006e-6, -4.336e-7
0.592, -3.889e-7, -8.709e-7, -4.821e-7, -5.127e-7, -9.977e-7, -4.850e-7, -3.809e-7, -8.053e-7, -4.243e-7, -4.666e-7, -9.038e-7, -4.372e-7, -4.816e-7, -9.693e-7, -4.877e-7, -5.993e-7, -1.086e-6, -4.871e-7, -4.705e-7, -9.051e-7, -4.347e-7, -5.715e-7, -1.002e-6, -4.307e-7
0.596, -3.872e-7, -8.667e-7, -4.795e-7, -5.120e-7, -9.941e-7, -4.821e-7, -3.806e-7, -8.028e-7, -4.222e-7, -4.663e-7, -9.011e-7, -4.348e-7, -4.805e-7, -9.666e-7, -4.861e-7, -5.995e-7, -1.084e-6, -4.843e-7, -4.687e-7, -9.015e-7, -4.329e-7, -5.707e-7, -9.992e-7, -4.286e-7
0.600, -3.854e-7, -8.629e-7, -4.774e-7, -5.113e-7, -9.904e-7, -4.791e-7, -3.790e-7, -7.996e-7, -4.206e-7, -4.661e-7, -8.984e-7, -4.322e-7, -4.788e-7, -9.631e-7, -4.844e-7, -5.977e-7, -1.080e-6, -4.823e-7, -4.668e-7, -8.981e-7, -4.313e-7, -5.690e-7, -9.955e-7, -4.265e-7
0.604, -3.845e-7, -8.597e-7, -4.752e-7, -5.106e-7, -9.868e-7, -4.762e-7, -3.779e-7, -7.964e-7, -4.185e-7, -4.655e-7, -8.952e-7, -4.297e-7, -4.767e-7, -9.597e-7, -4.830e-7, -5.966e-7, -1.077e-6, -4.803e-7, -4.647e-7, -8.944e-7, -4.297e-7, -5.680e-7, -9.922e-7, -4.243e-7
0.608, -3.836e-7, -8.563e-7, -4.727e-7, -5.108e-7, -9.846e-7, -4.738e-7, -3.779e-7, -7.942e-7, -4.163e-7, -4.659e-7, -8.931e-7, -4.272e-7, -4.760e-7, -9.571e-7, -4.811e-7, -5.955e-7, -1.074e-6, -4.781e-7, -4.637e-7, -8.920e-7, -4.283e-7, -5.670e-7, -9.892e-7, -4.222e-7
0.612, -3.835e-7, -8.542e-7, -4.707e-7, -5.114e-7, -9.825e-7, -4.711e-7, -3.769e-7, -7.917e-7, -4.148e-7, -4.677e-7, -8.923e-7, -4.246e-7, -4.744e-7, -9.546e-7, -4.801e-7, -5.962e-7, -1.072e-6, -4.760e-7, -4.627e-7, -8.891e-7, -4.263e-7, -5.672e-7, -9.869e-7, -4.197e-7
0.616, -3.834e-7, -8.513e-7, -4.679e-7, -5.123e-7, -9.802e-7, -4.680e-7, -3.769e-7, -7.899e-7, -4.130e-7, -4.684e-7, -8.905e-7, -4.221e-7, -4.742e-7, -9.521e-7, -4.780e-7, -5.949e-7, -1.069e-6, -4.744e-7, -4.618e-7, -8.863e-7, -4.245e-7, -5.664e-7, -9.842e-7, -4.178e-7
0.620, -3.832e-7, -8.489e-7, -4.657e-7, -5.127e-7, -9.783e-7, -4.656e-7, -3.777e-7, -7.884e-7, -4.108e-7, -4.691e-7, -8.889e-7, -4.198e-7, -4.732e-7, -9.500e-7, -4.768e-7, -5.958e-7, -1.068e-6, -4.723e-7, -4.606e-7, -8.839e-7, -4.233e-7, -5.668e-7, -9.824e-7, -4.156e-7
0.624, -3.832e-7, -8.470e-7, -4.638e-7, -5.142e-7, -9.771e-7, -4.630e-7, -3.773e-7, -7.869e-7, -4.097e-7, -4.708e-7, -8.884e-7, -4.176e-7, -4.724e-7, -9.482e-7, -4.758e-7, -5.960e-7, -1.066e-6, -4.703e-7, -4.603e-7, -8.825e-7, -4.221e-7, -5.672e-7, -9.808e-7, -4.136e-7
0.628, -3.837e-7, -8.457e-7, -4.619e-7, -5.155e-7, -9.765e-7, -4.610e-7, -3.785e-7, -7.860e-7, -4.075e-7, -4.722e-7, -8.884e-7, -4.161e-7, -4.732e-7, -9.473e-7, -4.742e-7, -5.962e-7, -1.065e-6, -4.689e-7, -4.602e-7, -8.813e-7, -4.211e-7, -5.670e-7, -9.799e-7, -4.128e-7
0.632, -3.842e-7, -8.441e-7, -4.599e-7, -5.179e-7, -9.768e-7, -4.589e-7, -3.793e-7, -7.855e-7, -4.062e-7, -4.756e-7, -8.889e-7, -4.133e-7, -4.723e-7, -9.457e-7, -4.734e-7, -5.977e-7, -1.065e-6, -4.677e-7, -4.603e-7, -8.799e-7, -4.196e-7, -5.691e-7, -9.798e-7, -4.108e-7
0.636, -3.856e-7, -8.440e-7, -4.585e-7, -5.201e-7, -9.766e-7, -4.565e-7, -3.791e-7, -7.845e-7, -4.054e-7, -4.776e-7, -8.893e-7, -4.117e-7, -4.728e-7, -9.450e-7, -4.722e-7, -5.995e-7, -1.066e-6, -4.660e-7, -4.607e-7, -8.791e-7, -4.184e-7, -5.694e-7, -9.786e-7, -4.092e-7
0.640, -3.869e-7, -8.436e-7, -4.566e-7, -5.233e-7, -9.778e-7, -4.545e-7, -3.813e-7, -7.848e-7, -4.035e-7, -4.807e-7, -8.905e-7, -4.098e-7, -4.741e-7, -9.451e-7, -4.710e-7, -6.010e-7, -1.066e-6, -4.649e-7, -4.604e-7, -8.782e-7, -4.178e-7, -5.710e-7, -9.790e-7, -4.080e-7
0.644, -3.885e-7, -8.435e-7, -4.550e-7, -5.268e-7, -9.798e-7, -4.531e-7, -3.825e-7, -7.854e-7, -4.029e-7, -4.846e-7, -8.928e-7, -4.081e-7, -4.752e-7, -9.451e-7, -4.699e-7, -6.042e-7, -1.067e-6, -4.632e-7, -4.621e-7, -8.785e-7, -4.163e-7, -5.734e-7, -9.801e-7, -4.067e-7
0.648, -3.918e-7, -8.446e-7, -4.529e-7, -5.310e-7, -9.820e-7, -4.510e-7, -3.852e-7, -7.864e-7, -4.013e-7, -4.888e-7, -8.956e-7, -4.067e-7, -4.764e-7, -9.459e-7, -4.696e-7, -6.077e-7, -1.070e-6, -4.621e-7, -4.643e-7, -8.794e-7, -4.152e-7, -5.760e-7, -9.814e-7, -4.055e-7
0.652, -3.942e-7, -8.459e-7, -4.517e-7, -5.359e-7, -9.853e-7, -4.494e-7, -3.882e-7, -7.883e-7, -4.001e-7, -4.935e-7, -8.988e-7, -4.053e-7, -4.787e-7, -9.472e-7, -4.685e-7, -6.111e-7, -1.072e-6, -4.613e-7, -4.650e-7, -8.801e-7, -4.151e-7, -5.788e-7, -9.833e-7, -4.045e-7
0.656, -3.975e-7, -8.478e-7, -4.503e-7, -5.414e-7, -9.893e-7, -4.479e-7, -3.913e-7, -7.909e-7, -3.995e-7, -4.994e-7, -9.034e-7, -4.040e-7, -4.827e-7, -9.498e-7, -4.671e-7, -6.162e-7, -1.076e-6, -4.601e-7, -4.673e-7, -8.814e-7, -4.141e-7, -5.831e-7, -9.866e-7, -4.034e-7
0.660, -4.014e-7, -8.505e-7, -4.492e-7, -5.475e-7, -9.945e-7, -4.470e-7, -3.950e-7, -7.933e-7, -3.983e-7, -5.052e-7, -9.080e-7, -4.028e-7, -4.849e-7, -9.515e-7, -4.666e-7, -6.212e-7, -1.080e-6, -4.593e-7, -4.705e-7, -8.836e-7, -4.132e-7, -5.882e-7, -9.904e-7, -4.021e-7
0.664, -4.066e-7, -8.542e-7, -4.476e-7, -5.552e-7, -1.001e-6, -4.456e-7, -4.000e-7, -7.972e-7, -3.972e-7, -5.133e-7, -9.147e-7, -4.014e-7, -4.898e-7, -9.555e-7, -4.657e-7, -6.277e-7, -1.086e-6, -4.583e-7, -4.743e-7, -8.867e-7, -4.124e-7, -5.936e-7, -9.946e-7, -4.010e-7
0.668, -4.121e-7, -8.588e-7, -4.467e-7, -5.640e-7, -1.009e-6, -4.446e-7, -4.052e-7, -8.020e-7, -3.968e-7, -5.217e-7, -9.224e-7, -4.007e-7, -4.936e-7, -9.595e-7, -4.659e-7, -6.352e-7, -1.093e-6, -4.577e-7, -4.786e-7, -8.905e-7, -4.119e-7, -5.999e-7, -1.000e-6, -4.003e-7
0.672, -4.186e-7, -8.646e-7, -4.460e-7, -5.743e-7, -1.018e-6, -4.434e-7, -4.117e-7, -8.079e-7, -3.962e-7, -5.313e-7, -9.313e-7, -4.000e-7, -4.994e-7, -9.651e-7, -4.656e-7, -6.437e-7, -1.101e-6, -4.575e-7, -4.840e-7, -8.954e-7, -4.113e-7, -6.075e-7, -1.007e-6, -3.998e-7
0.676, -4.267e-7, -8.714e-7, -4.446e-7, -5.857e-7, -1.029e-6, -4.428e-7, -4.191e-7, -8.143e-7, -3.952e-7, -5.428e-7, -9.419e-7, -3.991e-7, -5.066e-7, -9.714e-7, -4.648e-7, -6.536e-7, -1.111e-6, -4.572e-7, -4.904e-7, -9.015e-7, -4.110e-7, -6.160e-7, -1.015e-6, -3.994e-7
0.680, -4.355e-7, -8.792e-7, -4.437e-7, -5.988e-7, -1.041e-6, -4.419e-7, -4.276e-7, -8.227e-7, -3.951e-7, -5.552e-7, -9.537e-7, -3.985e-7, -5.141e-7, -9.786e-7, -4.645e-7, -6.654e-7, -1.122e-6, -4.565e-7, -4.975e-7, -9.082e-7, -4.107e-7, -6.266e-7, -1.025e-6, -3.986e-7
0.684, -4.453e-7, -8.885e-7, -4.432e-7, -6.143e-7, -1.056e-6, -4.415e-7, -4.370e-7, -8.319e-7, -3.949e-7, -5.695e-7, -9.679e-7, -3.983e-7, -5.239e-7, -9.877e-7, -4.639e-7, -6.781e-7, -1.134e-6, -4.563e-7, -5.061e-7, -9.165e-7, -4.104e-7, -6.387e-7, -1.037e-6, -3.983e-7
0.688, -4.573e-7, -8.998e-7, -4.425e-7, -6.319e-7, -1.073e-6, -4.412e-7, -4.481e-7, -8.428e-7, -3.947e-7, -5.863e-7, -9.838e-7, -3.976e-7, -5.344e-7, -9.983e-7, -4.639e-7, -6.932e-7, -1.150e-6, -4.564e-7, -5.150e-7, -9.260e-7, -4.110e-7, -6.518e-7, -1.050e-6, -3.981e-7
0.692, -4.709e-7, -9.128e-7, -4.419e-7, -6.516e-7, -1.093e-6, -4.410e-7, -4.618e-7, -8.555e-7, -3.938e-7, -6.044e-7, -1.002e-6, -3.977e-7, -5.465e-7, -1.010e-6, -4.639e-7, -7.115e-7, -1.167e-6, -4.559e-7, -5.265e-7, -9.371e-7, -4.106e-7, -6.671e-7, -1.065e-6, -3.982e-7
0.696, -4.857e-7, -9.276e-7, -4.419e-7, -6.743e-7, -1.115e-6, -4.407e-7, -4.760e-7, -8.704e-7, -3.944e-7, -6.265e-7, -1.024e-6, -3.974e-7, -5.607e-7, -1.025e-6, -4.641e-7, -7.314e-7, -1.188e-6, -4.563e-7, -5.397e-7, -9.503e-7, -4.106e-7, -6.855e-7, -1.083e-6, -3.974e-7
0.700, -5.038e-7, -9.446e-7, -4.408e-7, -7.007e-7, -1.141e-6, -4.403e-7, -4.933e-7, -8.869e-7, -3.936e-7, -6.507e-7, -1.048e-6, -3.974e-7, -5.761e-7, -1.040e-6, -4.642e-7, -7.541e-7, -1.210e-6, -4.559e-7, -5.547e-7, -9.651e-7, -4.104e-7, -7.059e-7, -1.103e-6, -3.975e-7
0.704, -5.232e-7, -9.640e-7, -4.408e-7, -7.295e-7, -1.170e-6, -4.408e-7, -5.123e-7, -9.060e-7, -3.938e-7, -6.785e-7, -1.076e-6, -3.971e-7, -5.941e-7, -1.058e-6, -4.642e-7, -7.800e-7, -1.236e-6, -4.564e-7, -5.715e-7, -9.823e-7, -4.109e-7, -7.289e-7, -1.127e-6, -3.976e-7
0.708, -5.460e-7, -9.866e-7, -4.406e-7, -7.632e-7, -1.205e-6, -4.413e-7, -5.345e-7, -9.283e-7, -3.937e-7, -7.101e-7, -1.108e-6, -3.974e-7, -6.153e-7, -1.080e-6, -4.644e-7, -8.099e-7, -1.267e-6, -4.568e-7, -5.912e-7, -1.002e-6, -4.108e-7, -7.553e-7, -1.154e-6, -3.982e-7
0.712, -5.720e-7, -1.012e-6, -4.405e-7, -8.016e-7, -1.243e-6, -4.410e-7, -5.596e-7, -9.529e-7, -3.934e-7, -7.461e-7, -1.144e-6, -3.976e-7, -6.391e-7, -1.104e-6, -4.645e-7, -8.432e-7, -1.300e-6, -4.572e-7, -6.135e-7, -1.024e-6, -4.109e-7, -7.856e-7, -1.184e-6, -3.982e-7
0.716, -6.007e-7, -1.041e-6, -4.406e-7, -8.439e-7, -1.286e-6, -4.420e-7, -5.867e-7, -9.806e-7, -3.939e-7, -7.859e-7, -1.184e-6, -3.984e-7, -6.651e-7, -1.130e-6, -4.652e-7, -8.812e-7, -1.339e-6, -4.582e-7, -6.383e-7, -1.049e-6, -4.112e-7, -8.199e-7, -1.219e-6, -3.987e-7
0.720, -6.342e-7, -1.075e-6, -4.405e-7, -8.929e-7, -1.336e-6, -4.429e-7, -6.188e-7, -1.013e-6, -3.943e-7, -8.314e-7, -1.231e-6, -3.993e-7, -6.957e-7, -1.161e-6, -4.655e-7, -9.245e-7, -1.383e-6, -4.588e-7, -6.666e-7, -1.078e-6, -4.116e-7, -8.587e-7, -1.258e-6, -3.993e-7
0.724, -6.712e-7, -1.112e-6, -4.409e-7, -9.480e-7, -1.392e-6, -4.439e-7, -6.544e-7, -1.049e-6, -3.947e-7, -8.844e-7, -1.284e-6, -3.997e-7, -7.297e-7, -1.196e-6, -4.664e-7, -9.733e-7, -1.433e-6, -4.597e-7, -6.990e-7, -1.111e-6, -4.121e-7, -9.022e-7, -1.302e-6, -4.001e-7
0.728, -7.135e-7, -1.155e-6, -4.414e-7, -1.011e-6, -1.456e-6, -4.443e-7, -6.956e-7, -1.090e-6, -3.947e-7, -9.433e-7, -1.344e-6, -4.004e-7, -7.690e-7, -1.236e-6, -4.667e-7, -1.028e-6, -1.489e-6, -4.609e-7, -7.350e-7, -1.148e-6, -4.126e-7, -9.526e-7, -1.353e-6, -4.005e-7
0.732, -7.598e-7, -1.202e-6, -4.421e-7, -1.082e-6, -1.528e-6, -4.465e-7, -7.409e-7, -1.137e-6, -3.958e-7, -1.009e-6, -1.411e-6, -4.016e-7, -8.115e-7, -1.279e-6, -4.678e-7, -1.091e-6, -1.553e-6, -4.619e-7, -7.756e-7, -1.189e-6, -4.133e-7, -1.007e-6, -1.409e-6, -4.021e-7
0.736, -8.137e-7, -1.257e-6, -4.432e-7, -1.162e-6, -1.610e-6, -4.478e-7, -7.931e-7, -1.189e-6, -3.960e-7, -1.084e-6, -1.488e-6, -4.034e-7, -8.602e-7, -1.329e-6, -4.688e-7, -1.161e-6, -1.625e-6, -4.638e-7, -8.218e-7, -1.236e-6, -4.141e-7, -1.070e-6, -1.474e-6, -4.036e-7
0.740, -8.732e-7, -1.318e-6, -4.444e-7, -1.252e-6, -1.703e-6, -4.503e-7, -8.500e-7, -1.248e-6, -3.976e-7, -1.169e-6, -1.574e-6, -4.053e-7, -9.152e-7, -1.385e-6, -4.698e-7, -1.241e-6, -1.706e-6, -4.660e-7, -8.727e-7, -1.288e-6, -4.151e-7, -1.141e-6, -1.546e-6, -4.052e-7
0.744, -9.401e-7, -1.385e-6, -4.454e-7, -1.355e-6, -1.807e-6, -4.528e-7, -9.155e-7, -1.314e-6, -3.981e-7, -1.265e-6, -1.672e-6, -4.066e-7, -9.761e-7, -1.447e-6, -4.711e-7, -1.331e-6, -1.798e-6, -4.674e-7, -9.301e-7, -1.346e-6, -4.161e-7, -1.221e-6, -1.628e-6, -4.074e-7
0.748, -1.015e-6, -1.462e-6, -4.469e-7, -1.470e-6, -1.926e-6, -4.558e-7, -9.883e-7, -1.387e-6, -3.992e-7, -1.373e-6, -1.782e-6, -4.090e-7, -1.045e-6, -1.518e-6, -4.724e-7, -1.431e-6, -1.901e-6, -4.703e-7, -9.939e-7, -1.411e-6, -4.176e-7, -1.309e-6, -1.720e-6, -4.104e-7
0.752, -1.101e-6, -1.549e-6, -4.476e-7, -1.601e-6, -2.061e-6, -4.598e-7, -1.071e-6, -1.471e-6, -4.001e-7, -1.494e-6, -1.907e-6, -4.126e-7, -1.122e-6, -1.596e-6, -4.745e-7, -1.544e-6, -2.018e-6, -4.737e-7, -1.066e-6, -1.485e-6, -4.189e-7, -1.411e-6, -1.824e-6, -4.133e-7
0.756, -1.195e-6, -1.644e-6, -4.481e-7, -1.749e-6, -2.212e-6, -4.634e-7, -1.163e-6, -1.563e-6, -4.001e-7, -1.631e-6, -2.047e-6, -4.158e-7, -1.208e-6, -1.684e-6, -4.759e-7, -1.670e-6, -2.148e-6, -4.774e-7, -1.146e-6, -1.567e-6, -4.205e-7, -1.523e-6, -1.939e-6, -4.166e-7
0.760, -1.301e-6, -1.750e-6, -4.486e-7, -1.915e-6, -2.384e-6, -4.689e-7, -1.265e-6, -1.666e-6, -4.006e-7, -1.786e-6, -2.206e-6, -4.203e-7, -1.304e-6, -1.782e-6, -4.779e-7, -1.814e-6, -2.296e-6, -4.818e-7, -1.236e-6, -1.658e-6, -4.225e-7, -1.649e-6, -2.070e-6, -4.212e-7
0.764, -1.419e-6, -1.869e-6, -4.494e-7, -2.102e-6, -2.578e-6, -4.755e-7, -1.379e-6, -1.781e-6, -4.017e-7, -1.960e-6, -2.385e-6, -4.257e-7, -1.412e-6, -1.891e-6, -4.794e-7, -1.973e-6, -2.461e-6, -4.876e-7, -1.335e-6, -1.760e-6, -4.245e-7, -1.789e-6, -2.216e-6, -4.276e-7
0.768, -1.551e-6, -2.003e-6, -4.518e-7, -2.313e-6, -2.796e-6, -4.827e-7, -1.507e-6, -1.911e-6, -4.040e-7, -2.154e-6, -2.587e-6, -4.332e-7, -1.529e-6, -2.012e-6, -4.828e-7, -2.153e-6, -2.647e-6, -4.944e-7, -1.445e-6, -1.874e-6, -4.282e-7, -1.947e-6, -2.381e-6, -4.341e-7
0.772, -1.699e-6, -2.155e-6, -4.559e-7, -2.552e-6, -3.043e-6, -4.912e-7, -1.649e-6, -2.057e-6, -4.077e-7, -2.374e-6, -2.815e-6, -4.406e-7, -1.663e-6, -2.149e-6, -4.857e-7, -2.354e-6, -2.856e-6, -5.022e-7, -1.568e-6, -2.001e-6, -4.324e-7, -2.123e-6, -2.566e-6, -4.428e-7
0.776, -1.864e-6, -2.326e-6, -4.617e-7, -2.819e-6, -3.319e-6, -5.007e-7, -1.808e-6, -2.221e-6, -4.130e-7, -2.619e-6, -3.069e-6, -4.500e-7, -1.810e-6, -2.301e-6, -4.914e-7, -2.578e-6, -3.089e-6, -5.116e-7, -1.704e-6, -2.142e-6, -4.384e-7, -2.318e-6, -2.772e-6, -4.533e-7
0.780, -2.045e-6, -2.514e-6, -4.688e-7, -3.112e-6, -3.624e-6, -5.116e-7, -1.983e-6, -2.402e-6, -4.193e-7, -2.890e-6, -3.351e-6, -4.610e-7, -1.972e-6, -2.470e-6, -4.987e-7, -2.822e-6, -3.346e-6, -5.231e-7, -1.852e-6, -2.298e-6, -4.457e-7, -2.533e-6, -2.998e-6, -4.654e-7
0.784, -2.247e-6, -2.723e-6, -4.758e-7, -3.438e-6, -3.961e-6, -5.226e-7, -2.176e-6, -2.603e-6, -4.267e-7, -3.189e-6, -3.663e-6, -4.734e-7, -2.150e-6, -2.657e-6, -5.075e-7, -3.094e-6, -3.630e-6, -5.358e-7, -2.017e-6, -2.472e-6, -4.546e-7, -2.771e-6, -3.251e-6, -4.797e-7
0.788, -2.466e-6, -2.949e-6, -4.834e-7, -3.790e-6, -4.324e-6, -5.335e-7, -2.386e-6, -2.821e-6, -4.345e-7, -3.516e-6, -4.001e-6, -4.858e-7, -2.345e-6, -2.863e-6, -5.179e-7, -3.389e-6, -3.938e-6, -5.493e-7, -2.196e-6, -2.662e-6, -4.662e-7, -3.029e-6, -3.525e-6, -4.957e-7
0.792, -2.696e-6, -3.189e-6, -4.930e-7, -4.159e-6, -4.704e-6, -5.445e-7, -2.608e-6, -3.053e-6, -4.450e-7, -3.860e-6, -4.360e-6, -4.998e-7, -2.551e-6, -3.083e-6, -5.319e-7, -3.700e-6, -4.266e-6, -5.664e-7, -2.388e-6, -2.868e-6, -4.800e-7, -3.305e-6, -3.820e-6, -5.156e-7
0.796, -2.935e-6, -3.440e-6, -5.045e-7, -4.536e-6, -5.090e-6, -5.534e-7, -2.842e-6, -3.299e-6, -4.570e-7, -4.221e-6, -4.733e-6, -5.127e-7, -2.770e-6, -3.317e-6, -5.475e-7, -4.026e-6, -4.609e-6, -5.832e-7, -2.591e-6, -3.089e-6, -4.974e-7, -3.597e-6, -4.134e-6, -5.368e-7
0.800, -3.172e-6, -3.690e-6, -5.185e-7, -4.903e-6, -5.465e-6, -5.622e-7, -3.075e-6, -3.547e-6, -4.720e-7, -4.576e-6, -5.103e-6, -5.268e-7, -2.994e-6, -3.560e-6, -5.662e-7, -4.353e-6, -4.955e-6, -6.022e-7, -2.803e-6, -3.320e-6, -5.173e-7, -3.898e-6, -4.458e-6, -5.597e-7
0.804, -3.400e-6, -3.936e-6, -5.359e-7, -5.249e-6, -5.820e-6, -5.715e-7, -3.303e-6, -3.793e-6, -4.900e-7, -4.918e-6, -5.458e-6, -5.404e-7, -3.218e-6, -3.806e-6, -5.887e-7, -4.673e-6, -5.295e-6, -6.224e-7, -3.017e-6, -3.557e-6, -5.404e-7, -4.198e-6, -4.783e-6, -5.858e-7
0.808, -3.613e-6, -4.169e-6, -5.569e-7, -5.568e-6, -6.153e-6, -5.847e-7, -3.518e-6, -4.030e-6, -5.120e-7, -5.240e-6, -5.797e-6, -5.578e-7, -3.437e-6, -4.052e-6, -6.151e-7, -4.976e-6, -5.624e-6, -6.485e-7, -3.228e-6, -3.796e-6, -5.676e-7, -4.489e-6, -5.104e-6, -6.154e-7
0.812, -3.807e-6, -4.390e-6, -5.837e-7, -5.860e-6, -6.466e-6, -6.061e-7, -3.718e-6, -4.257e-6, -5.383e-7, -5.534e-6, -6.116e-6, -5.819e-7, -3.643e-6, -4.290e-6, -6.468e-7, -5.260e-6, -5.940e-6, -6.803e-7, -3.432e-6, -4.032e-6, -6.000e-7, -4.765e-6, -5.415e-6, -6.508e-7
0.816, -3.991e-6, -4.607e-6, -6.162e-7, -6.139e-6, -6.774e-6, -6.352e-7, -3.906e-6, -4.477e-6, -5.708e-7, -5.814e-6, -6.427e-6, -6.129e-7, -3.841e-6, -4.525e-6, -6.844e-7, -5.530e-6, -6.251e-6, -7.212e-7, -3.631e-6, -4.268e-6, -6.371e-7, -5.029e-6, -5.722e-6, -6.931e-7
0.820, -4.171e-6, -4.822e-6, -6.510e-7, -6.417e-6, -7.086e-6, -6.689e-7, -4.088e-6, -4.695e-6, -6.069e-7, -6.084e-6, -6.735e-6, -6.506e-7, -4.031e-6, -4.758e-6, -7.276e-7, -5.791e-6, -6.561e-6, -7.693e-7, -3.822e-6, -4.502e-6, -6.797e-7, -5.284e-6, -6.025e-6, -7.408e-7
0.824, -4.352e-6, -5.040e-6, -6.880e-7, -6.700e-6, -7.408e-6, -7.078e-7, -4.267e-6, -4.915e-6, -6.480e-7, -6.356e-6, -7.049e-6, -6.939e-7, -4.214e-6, -4.993e-6, -7.782e-7, -6.047e-6, -6.875e-6, -8.273e-7, -4.009e-6, -4.738e-6, -7.291e-7, -5.531e-6, -6.329e-6, -7.981e-7
0.828, -4.537e-6, -5.263e-6, -7.263e-7, -6.994e-6, -7.743e-6, -7.488e-7, -4.451e-6, -5.139e-6, -6.887e-7, -6.637e-6, -7.374e-6, -7.368e-7, -4.400e-6, -5.232e-6, -8.320e-7, -6.307e-6, -7.197e-6, -8.903e-7, -4.195e-6, -4.978e-6, -7.832e-7, -5.778e-6, -6.639e-6, -8.606e-7
0.832, -4.730e-6, -5.498e-6, -7.679e-7, -7.298e-6, -8.095e-6, -7.967e-7, -4.644e-6, -5.373e-6, -7.286e-7, -6.930e-6, -7.711e-6, -7.807e-7, -4.591e-6, -5.479e-6, -8.881e-7, -6.576e-6, -7.531e-6, -9.557e-7, -4.384e-6, -5.226e-6, -8.411e-7, -6.028e-6, -6.955e-6, -9.268e-7
0.836, -4.930e-6, -5.747e-6, -8.174e-7, -7.611e-6, -8.470e-6, -8.584e-7, -4.844e-6, -5.618e-6, -7.738e-7, -7.232e-6, -8.066e-6, -8.340e-7, -4.791e-6, -5.738e-6, -9.469e-7, -6.857e-6, -7.881e-6, -1.024e-6, -4.583e-6, -5.482e-6, -8.997e-7, -6.291e-6, -7.285e-6, -9.934e-7
0.840, -5.133e-6, -6.013e-6, -8.796e-7, -7.930e-6, -8.870e-6, -9.401e-7, -5.046e-6, -5.877e-6, -8.310e-7, -7.535e-6, -8.443e-6, -9.075e-7, -4.999e-6, -6.008e-6, -1.009e-6, -7.144e-6, -8.243e-6, -1.100e-6, -4.788e-6, -5.748e-6, -9.594e-7, -6.562e-6, -7.624e-6, -1.062e-6
0.844, -5.335e-6, -6.293e-6, -9.579e-7, -8.247e-6, -9.293e-6, -1.047e-6, -5.245e-6, -6.150e-6, -9.043e-7, -7.836e-6, -8.841e-6, -1.006e-6, -5.206e-6, -6.288e-6, -1.082e-6, -7.430e-6, -8.620e-6, -1.190e-6, -4.994e-6, -6.021e-6, -1.027e-6, -6.829e-6, -7.972e-6, -1.144e-6
0.848, -5.548e-6, -6.597e-6, -1.049e-6, -8.579e-6, -9.752e-6, -1.173e-6, -5.456e-6, -6.447e-6, -9.914e-7, -8.150e-6, -9.274e-6, -1.123e-6, -5.421e-6, -6.587e-6, -1.165e-6, -7.727e-6, -9.023e-6, -1.296e-6, -5.207e-6, -6.312e-6, -1.105e-6, -7.104e-6, -8.344e-6, -1.240e-6
0.852, -5.767e-6, -6.920e-6, -1.154e-6, -8.919e-6, -1.024e-5, -1.319e-6, -5.670e-6, -6.761e-6, -1.091e-6, -8.472e-6, -9.732e-6, -1.261e-6, -5.640e-6, -6.901e-6, -1.261e-6, -8.028e-6, -9.447e-6, -1.419e-6, -5.422e-6, -6.616e-6, -1.194e-6, -7.380e-6, -8.732e-6, -1.353e-6
0.856, -5.993e-6, -7.266e-6, -1.273e-6, -9.266e-6, -1.075e-5, -1.488e-6, -5.890e-6, -7.097e-6, -1.207e-6, -8.799e-6, -1.022e-5, -1.420e-6, -5.865e-6, -7.235e-6, -1.370e-6, -8.331e-6, -9.893e-6, -1.562e-6, -5.639e-6, -6.936e-6, -1.298e-6, -7.656e-6, -9.142e-6, -1.486e-6
0.860, -6.229e-6, -7.634e-6, -1.405e-6, -9.625e-6, -1.130e-5, -1.675e-6, -6.119e-6, -7.455e-6, -1.336e-6, -9.138e-6, -1.074e-5, -1.598e-6, -6.096e-6, -7.588e-6, -1.492e-6, -8.641e-6, -1.036e-5, -1.723e-6, -5.861e-6, -7.276e-6, -1.415e-6, -7.937e-6, -9.573e-6, -1.637e-6
0.864, -6.474e-6, -8.025e-6, -1.551e-6, -9.996e-6, -1.188e-5, -1.883e-6, -6.358e-6, -7.836e-6, -1.478e-6, -9.487e-6, -1.128e-5, -1.795e-6, -6.334e-6, -7.962e-6, -1.627e-6, -8.960e-6, -1.086e-5, -1.902e-6, -6.090e-6, -7.636e-6, -1.546e-6, -8.223e-6, -1.003e-5, -1.804e-6
0.868, -6.729e-6, -8.438e-6, -1.709e-6, -1.038e-5, -1.249e-5, -2.111e-6, -6.607e-6, -8.240e-6, -1.633e-6, -9.849e-6, -1.186e-5, -2.011e-6, -6.581e-6, -8.357e-6, -1.776e-6, -9.289e-6, -1.139e-5, -2.098e-6, -6.327e-6, -8.016e-6, -1.690e-6, -8.520e-6, -1.051e-5, -1.987e-6
0.872, -6.995e-6, -8.876e-6, -1.881e-6, -1.078e-5, -1.314e-5, -2.358e-6, -6.865e-6, -8.666e-6, -1.801e-6, -1.023e-5, -1.247e-5, -2.245e-6, -6.838e-6, -8.775e-6, -1.937e-6, -9.628e-6, -1.194e-5, -2.314e-6, -6.571e-6, -8.417e-6, -1.846e-6, -8.825e-6, -1.101e-5, -2.186e-6
0.876, -7.267e-6, -9.332e-6, -2.065e-6, -1.119e-5, -1.381e-5, -2.627e-6, -7.131e-6, -9.111e-6, -1.981e-6, -1.061e-5, -1.311e-5, -2.500e-6, -7.099e-6, -9.212e-6, -2.112e-6, -9.975e-6, -1.252e-5, -2.549e-6, -6.821e-6, -8.836e-6, -2.015e-6, -9.136e-6, -1.154e-5, -2.403e-6
0.880, -7.549e-6, -9.811e-6, -2.261e-6, -1.161e-5, -1.453e-5, -2.916e-6, -7.406e-6, -9.578e-6, -2.172e-6, -1.101e-5, -1.379e-5, -2.775e-6, -7.371e-6, -9.671e-6, -2.301e-6, -1.034e-5, -1.314e-5, -2.799e-6, -7.084e-6, -9.280e-6, -2.196e-6, -9.464e-6, -1.210e-5, -2.634e-6
0.884, -7.837e-6, -1.030e-5, -2.467e-6, -1.206e-5, -1.528e-5, -3.223e-6, -7.686e-6, -1.006e-5, -2.374e-6, -1.143e-5, -1.450e-5, -3.065e-6, -7.650e-6, -1.015e-5, -2.498e-6, -1.072e-5, -1.379e-5, -3.066e-6, -7.353e-6, -9.741e-6, -2.388e-6, -9.806e-6, -1.269e-5, -2.880e-6
0.888, -8.131e-6, -1.081e-5, -2.683e-6, -1.252e-5, -1.607e-5, -3.550e-6, -7.974e-6, -1.056e-5, -2.587e-6, -1.187e-5, -1.524e-5, -3.377e-6, -7.937e-6, -1.064e-5, -2.707e-6, -1.113e-5, -1.448e-5, -3.352e-6, -7.632e-6, -1.022e-5, -2.591e-6, -1.017e-5, -1.331e-5, -3.142e-6
0.892, -8.432e-6, -1.134e-5, -2.908e-6, -1.301e-5, -1.691e-5, -3.899e-6, -8.268e-6, -1.108e-5, -2.808e-6, -1.233e-5, -1.603e-5, -3.706e-6, -8.232e-6, -1.116e-5, -2.926e-6, -1.155e-5, -1.521e-5, -3.656e-6, -7.920e-6, -1.072e-5, -2.804e-6, -1.055e-5, -1.397e-5, -3.420e-6
0.896, -8.745e-6, -1.188e-5, -3.139e-6, -1.354e-5, -1.780e-5, -4.268e-6, -8.576e-6, -1.161e-5, -3.035e-6, -1.282e-5, -1.688e-5, -4.056e-6, -8.543e-6, -1.170e-5, -3.154e-6, -1.201e-5, -1.599e-5, -3.980e-6, -8.227e-6, -1.125e-5, -3.026e-6, -1.096e-5, -1.468e-5, -3.712e-6
0.900, -9.090e-6, -1.247e-5, -3.378e-6, -1.412e-5, -1.878e-5, -4.660e-6, -8.911e-6, -1.218e-5, -3.272e-6, -1.337e-5, -1.779e-5, -4.427e-6, -8.885e-6, -1.228e-5, -3.391e-6, -1.252e-5, -1.684e-5, -4.323e-6, -8.561e-6, -1.182e-5, -3.258e-6, -1.142e-5, -1.545e-5, -4.024e-6
